Datetime,100035541 (Neutor),101035541 (Neutor stadteinwÃ¤rts),102035541 (Neutor stadtauswÃ¤rts),100035541-status,101035541-status,102035541-status
2022-09-01 00:00,35,12,23,0,0,0
2022-09-01 00:15,33,10,23,0,0,0
2022-09-01 00:30,34,11,23,0,0,0
2022-09-01 00:45,44,19,25,0,0,0
2022-09-01 01:00,31,6,25,0,0,0
2022-09-01 01:15,19,8,11,0,0,0
2022-09-01 01:30,21,3,18,0,0,0
2022-09-01 01:45,24,5,19,0,0,0
2022-09-01 02:00,17,3,14,0,0,0
2022-09-01 02:15,26,2,24,0,0,0
2022-09-01 02:30,14,0,14,0,0,0
2022-09-01 02:45,11,1,10,0,0,0
2022-09-01 03:00,8,0,8,0,0,0
2022-09-01 03:15,8,3,5,0,0,0
2022-09-01 03:30,17,3,14,0,0,0
2022-09-01 03:45,10,6,4,0,0,0
2022-09-01 04:00,6,0,6,0,0,0
2022-09-01 04:15,9,3,6,0,0,0
2022-09-01 04:30,9,1,8,0,0,0
2022-09-01 04:45,10,5,5,0,0,0
2022-09-01 05:00,12,5,7,0,0,0
2022-09-01 05:15,14,8,6,0,0,0
2022-09-01 05:30,28,15,13,0,0,0
2022-09-01 05:45,34,25,9,0,0,0
2022-09-01 06:00,37,23,14,0,0,0
2022-09-01 06:15,45,29,16,0,0,0
2022-09-01 06:30,69,44,25,0,0,0
2022-09-01 06:45,104,68,36,0,0,0
2022-09-01 07:00,111,74,37,0,0,0
2022-09-01 07:15,197,138,59,0,0,0
2022-09-01 07:30,381,286,95,0,0,0
2022-09-01 07:45,341,192,149,0,0,0
2022-09-01 08:00,289,155,134,0,0,0
2022-09-01 08:15,206,130,76,0,0,0
2022-09-01 08:30,223,120,103,0,0,0
2022-09-01 08:45,212,121,91,0,0,0
2022-09-01 09:00,154,106,48,0,0,0
2022-09-01 09:15,153,98,55,0,0,0
2022-09-01 09:30,157,98,59,0,0,0
2022-09-01 09:45,169,101,68,0,0,0
2022-09-01 10:00,118,72,46,0,0,0
2022-09-01 10:15,136,76,60,0,0,0
2022-09-01 10:30,143,82,61,0,0,0
2022-09-01 10:45,161,97,64,0,0,0
2022-09-01 11:00,116,64,52,0,0,0
2022-09-01 11:15,128,72,56,0,0,0
2022-09-01 11:30,154,68,86,0,0,0
2022-09-01 11:45,161,86,75,0,0,0
2022-09-01 12:00,200,98,102,0,0,0
2022-09-01 12:15,168,74,94,0,0,0
2022-09-01 12:30,171,93,78,0,0,0
2022-09-01 12:45,183,74,109,0,0,0
2022-09-01 13:00,238,118,120,0,0,0
2022-09-01 13:15,205,113,92,0,0,0
2022-09-01 13:30,185,90,95,0,0,0
2022-09-01 13:45,179,99,80,0,0,0
2022-09-01 14:00,210,78,132,0,0,0
2022-09-01 14:15,195,77,118,0,0,0
2022-09-01 14:30,145,79,66,0,0,0
2022-09-01 14:45,202,93,109,0,0,0
2022-09-01 15:00,196,83,113,0,0,0
2022-09-01 15:15,193,90,103,0,0,0
2022-09-01 15:30,263,87,176,0,0,0
2022-09-01 15:45,270,125,145,0,0,0
2022-09-01 16:00,236,126,110,0,0,0
2022-09-01 16:15,238,122,116,0,0,0
2022-09-01 16:30,235,94,141,0,0,0
2022-09-01 16:45,282,146,136,0,0,0
2022-09-01 17:00,259,138,121,0,0,0
2022-09-01 17:15,261,120,141,0,0,0
2022-09-01 17:30,242,109,133,0,0,0
2022-09-01 17:45,315,166,149,0,0,0
2022-09-01 18:00,276,127,149,0,0,0
2022-09-01 18:15,281,142,139,0,0,0
2022-09-01 18:30,220,106,114,0,0,0
2022-09-01 18:45,243,117,126,0,0,0
2022-09-01 19:00,204,100,104,0,0,0
2022-09-01 19:15,184,91,93,0,0,0
2022-09-01 19:30,155,76,79,0,0,0
2022-09-01 19:45,223,118,105,0,0,0
2022-09-01 20:00,168,83,85,0,0,0
2022-09-01 20:15,128,57,71,0,0,0
2022-09-01 20:30,110,41,69,0,0,0
2022-09-01 20:45,116,55,61,0,0,0
2022-09-01 21:00,115,46,69,0,0,0
2022-09-01 21:15,82,31,51,0,0,0
2022-09-01 21:30,109,39,70,0,0,0
2022-09-01 21:45,111,34,77,0,0,0
2022-09-01 22:00,96,41,55,0,0,0
2022-09-01 22:15,93,29,64,0,0,0
2022-09-01 22:30,66,22,44,0,0,0
2022-09-01 22:45,74,20,54,0,0,0
2022-09-01 23:00,76,13,63,0,0,0
2022-09-01 23:15,63,18,45,0,0,0
2022-09-01 23:30,46,20,26,0,0,0
2022-09-01 23:45,37,12,25,0,0,0
2022-09-02 00:00,37,9,28,0,0,0
2022-09-02 00:15,17,5,12,0,0,0
2022-09-02 00:30,28,3,25,0,0,0
2022-09-02 00:45,21,5,16,0,0,0
2022-09-02 01:00,25,7,18,0,0,0
2022-09-02 01:15,8,2,6,0,0,0
2022-09-02 01:30,10,2,8,0,0,0
2022-09-02 01:45,20,7,13,0,0,0
2022-09-02 02:00,12,3,9,0,0,0
2022-09-02 02:15,8,2,6,0,0,0
2022-09-02 02:30,6,1,5,0,0,0
2022-09-02 02:45,8,2,6,0,0,0
2022-09-02 03:00,2,0,2,0,0,0
2022-09-02 03:15,3,1,2,0,0,0
2022-09-02 03:30,2,0,2,0,0,0
2022-09-02 03:45,4,3,1,0,0,0
2022-09-02 04:00,2,2,0,0,0,0
2022-09-02 04:15,5,2,3,0,0,0
2022-09-02 04:30,11,3,8,0,0,0
2022-09-02 04:45,10,3,7,0,0,0
2022-09-02 05:00,7,5,2,0,0,0
2022-09-02 05:15,15,9,6,0,0,0
2022-09-02 05:30,21,9,12,0,0,0
2022-09-02 05:45,24,11,13,0,0,0
2022-09-02 06:00,33,22,11,0,0,0
2022-09-02 06:15,40,28,12,0,0,0
2022-09-02 06:30,69,43,26,0,0,0
2022-09-02 06:45,76,54,22,0,0,0
2022-09-02 07:00,100,71,29,0,0,0
2022-09-02 07:15,161,105,56,0,0,0
2022-09-02 07:30,331,240,91,0,0,0
2022-09-02 07:45,286,166,120,0,0,0
2022-09-02 08:00,228,116,112,0,0,0
2022-09-02 08:15,169,99,70,0,0,0
2022-09-02 08:30,188,105,83,0,0,0
2022-09-02 08:45,191,120,71,0,0,0
2022-09-02 09:00,119,69,50,0,0,0
2022-09-02 09:15,130,82,48,0,0,0
2022-09-02 09:30,127,84,43,0,0,0
2022-09-02 09:45,165,113,52,0,0,0
2022-09-02 10:00,110,59,51,0,0,0
2022-09-02 10:15,102,45,57,0,0,0
2022-09-02 10:30,113,59,54,0,0,0
2022-09-02 10:45,147,74,73,0,0,0
2022-09-02 11:00,126,55,71,0,0,0
2022-09-02 11:15,149,84,65,0,0,0
2022-09-02 11:30,157,82,75,0,0,0
2022-09-02 11:45,138,66,72,0,0,0
2022-09-02 12:00,147,78,69,0,0,0
2022-09-02 12:15,172,98,74,0,0,0
2022-09-02 12:30,176,90,86,0,0,0
2022-09-02 12:45,189,98,91,0,0,0
2022-09-02 13:00,256,94,162,0,0,0
2022-09-02 13:15,271,94,177,0,0,0
2022-09-02 13:30,192,93,99,0,0,0
2022-09-02 13:45,209,100,109,0,0,0
2022-09-02 14:00,206,96,110,0,0,0
2022-09-02 14:15,210,79,131,0,0,0
2022-09-02 14:30,187,103,84,0,0,0
2022-09-02 14:45,219,105,114,0,0,0
2022-09-02 15:00,209,94,115,0,0,0
2022-09-02 15:15,181,103,78,0,0,0
2022-09-02 15:30,208,78,130,0,0,0
2022-09-02 15:45,197,98,99,0,0,0
2022-09-02 16:00,214,113,101,0,0,0
2022-09-02 16:15,202,92,110,0,0,0
2022-09-02 16:30,188,91,97,0,0,0
2022-09-02 16:45,194,109,85,0,0,0
2022-09-02 17:00,185,99,86,0,0,0
2022-09-02 17:15,200,120,80,0,0,0
2022-09-02 17:30,218,113,105,0,0,0
2022-09-02 17:45,271,171,100,0,0,0
2022-09-02 18:00,220,119,101,0,0,0
2022-09-02 18:15,212,114,98,0,0,0
2022-09-02 18:30,178,89,89,0,0,0
2022-09-02 18:45,213,106,107,0,0,0
2022-09-02 19:00,206,94,112,0,0,0
2022-09-02 19:15,212,104,108,0,0,0
2022-09-02 19:30,201,99,102,0,0,0
2022-09-02 19:45,149,69,80,0,0,0
2022-09-02 20:00,149,64,85,0,0,0
2022-09-02 20:15,156,53,103,0,0,0
2022-09-02 20:30,114,46,68,0,0,0
2022-09-02 20:45,108,44,64,0,0,0
2022-09-02 21:00,128,41,87,0,0,0
2022-09-02 21:15,117,36,81,0,0,0
2022-09-02 21:30,105,27,78,0,0,0
2022-09-02 21:45,108,36,72,0,0,0
2022-09-02 22:00,99,40,59,0,0,0
2022-09-02 22:15,107,26,81,0,0,0
2022-09-02 22:30,79,17,62,0,0,0
2022-09-02 22:45,92,24,68,0,0,0
2022-09-02 23:00,79,31,48,0,0,0
2022-09-02 23:15,58,10,48,0,0,0
2022-09-02 23:30,63,33,30,0,0,0
2022-09-02 23:45,94,28,66,0,0,0
2022-09-03 00:00,65,22,43,0,0,0
2022-09-03 00:15,65,19,46,0,0,0
2022-09-03 00:30,75,23,52,0,0,0
2022-09-03 00:45,42,16,26,0,0,0
2022-09-03 01:00,49,16,33,0,0,0
2022-09-03 01:15,60,22,38,0,0,0
2022-09-03 01:30,25,6,19,0,0,0
2022-09-03 01:45,56,18,38,0,0,0
2022-09-03 02:00,30,14,16,0,0,0
2022-09-03 02:15,26,14,12,0,0,0
2022-09-03 02:30,22,7,15,0,0,0
2022-09-03 02:45,43,14,29,0,0,0
2022-09-03 03:00,30,5,25,0,0,0
2022-09-03 03:15,25,7,18,0,0,0
2022-09-03 03:30,18,3,15,0,0,0
2022-09-03 03:45,29,6,23,0,0,0
2022-09-03 04:00,20,10,10,0,0,0
2022-09-03 04:15,29,10,19,0,0,0
2022-09-03 04:30,20,6,14,0,0,0
2022-09-03 04:45,9,6,3,0,0,0
2022-09-03 05:00,12,6,6,0,0,0
2022-09-03 05:15,23,10,13,0,0,0
2022-09-03 05:30,13,9,4,0,0,0
2022-09-03 05:45,17,9,8,0,0,0
2022-09-03 06:00,16,9,7,0,0,0
2022-09-03 06:15,10,6,4,0,0,0
2022-09-03 06:30,14,9,5,0,0,0
2022-09-03 06:45,14,11,3,0,0,0
2022-09-03 07:00,28,16,12,0,0,0
2022-09-03 07:15,21,10,11,0,0,0
2022-09-03 07:30,28,19,9,0,0,0
2022-09-03 07:45,36,27,9,0,0,0
2022-09-03 08:00,37,24,13,0,0,0
2022-09-03 08:15,35,22,13,0,0,0
2022-09-03 08:30,54,34,20,0,0,0
2022-09-03 08:45,58,36,22,0,0,0
2022-09-03 09:00,62,38,24,0,0,0
2022-09-03 09:15,75,47,28,0,0,0
2022-09-03 09:30,78,48,30,0,0,0
2022-09-03 09:45,151,105,46,0,0,0
2022-09-03 10:00,113,76,37,0,0,0
2022-09-03 10:15,100,63,37,0,0,0
2022-09-03 10:30,128,73,55,0,0,0
2022-09-03 10:45,150,107,43,0,0,0
2022-09-03 11:00,135,80,55,0,0,0
2022-09-03 11:15,145,92,53,0,0,0
2022-09-03 11:30,144,82,62,0,0,0
2022-09-03 11:45,124,64,60,0,0,0
2022-09-03 12:00,136,85,51,0,0,0
2022-09-03 12:15,183,101,82,0,0,0
2022-09-03 12:30,143,85,58,0,0,0
2022-09-03 12:45,169,121,48,0,0,0
2022-09-03 13:00,183,109,74,0,0,0
2022-09-03 13:15,202,110,92,0,0,0
2022-09-03 13:30,130,70,60,0,0,0
2022-09-03 13:45,166,103,63,0,0,0
2022-09-03 14:00,151,71,80,0,0,0
2022-09-03 14:15,148,56,92,0,0,0
2022-09-03 14:30,155,70,85,0,0,0
2022-09-03 14:45,171,85,86,0,0,0
2022-09-03 15:00,196,93,103,0,0,0
2022-09-03 15:15,163,88,75,0,0,0
2022-09-03 15:30,144,80,64,0,0,0
2022-09-03 15:45,177,79,98,0,0,0
2022-09-03 16:00,137,61,76,0,0,0
2022-09-03 16:15,158,86,72,0,0,0
2022-09-03 16:30,170,83,87,0,0,0
2022-09-03 16:45,166,83,83,0,0,0
2022-09-03 17:00,138,41,97,0,0,0
2022-09-03 17:15,147,79,68,0,0,0
2022-09-03 17:30,177,80,97,0,0,0
2022-09-03 17:45,172,92,80,0,0,0
2022-09-03 18:00,168,71,97,0,0,0
2022-09-03 18:15,150,72,78,0,0,0
2022-09-03 18:30,139,70,69,0,0,0
2022-09-03 18:45,207,120,87,0,0,0
2022-09-03 19:00,141,68,73,0,0,0
2022-09-03 19:15,152,76,76,0,0,0
2022-09-03 19:30,107,47,60,0,0,0
2022-09-03 19:45,149,71,78,0,0,0
2022-09-03 20:00,121,54,67,0,0,0
2022-09-03 20:15,106,67,39,0,0,0
2022-09-03 20:30,106,65,41,0,0,0
2022-09-03 20:45,86,52,34,0,0,0
2022-09-03 21:00,91,44,47,0,0,0
2022-09-03 21:15,82,31,51,0,0,0
2022-09-03 21:30,69,22,47,0,0,0
2022-09-03 21:45,84,29,55,0,0,0
2022-09-03 22:00,77,32,45,0,0,0
2022-09-03 22:15,97,24,73,0,0,0
2022-09-03 22:30,54,17,37,0,0,0
2022-09-03 22:45,79,24,55,0,0,0
2022-09-03 23:00,84,23,61,0,0,0
2022-09-03 23:15,72,18,54,0,0,0
2022-09-03 23:30,50,17,33,0,0,0
2022-09-03 23:45,72,23,49,0,0,0
2022-09-04 00:00,79,25,54,0,0,0
2022-09-04 00:15,64,19,45,0,0,0
2022-09-04 00:30,85,30,55,0,0,0
2022-09-04 00:45,59,23,36,0,0,0
2022-09-04 01:00,49,20,29,0,0,0
2022-09-04 01:15,37,9,28,0,0,0
2022-09-04 01:30,38,8,30,0,0,0
2022-09-04 01:45,38,2,36,0,0,0
2022-09-04 02:00,30,2,28,0,0,0
2022-09-04 02:15,45,9,36,0,0,0
2022-09-04 02:30,19,2,17,0,0,0
2022-09-04 02:45,33,13,20,0,0,0
2022-09-04 03:00,30,6,24,0,0,0
2022-09-04 03:15,27,2,25,0,0,0
2022-09-04 03:30,24,6,18,0,0,0
2022-09-04 03:45,16,0,16,0,0,0
2022-09-04 04:00,9,3,6,0,0,0
2022-09-04 04:15,11,1,10,0,0,0
2022-09-04 04:30,17,1,16,0,0,0
2022-09-04 04:45,10,2,8,0,0,0
2022-09-04 05:00,18,3,15,0,0,0
2022-09-04 05:15,4,1,3,0,0,0
2022-09-04 05:30,15,6,9,0,0,0
2022-09-04 05:45,6,4,2,0,0,0
2022-09-04 06:00,7,3,4,0,0,0
2022-09-04 06:15,12,5,7,0,0,0
2022-09-04 06:30,19,8,11,0,0,0
2022-09-04 06:45,7,4,3,0,0,0
2022-09-04 07:00,9,3,6,0,0,0
2022-09-04 07:15,7,5,2,0,0,0
2022-09-04 07:30,16,11,5,0,0,0
2022-09-04 07:45,10,3,7,0,0,0
2022-09-04 08:00,11,5,6,0,0,0
2022-09-04 08:15,17,7,10,0,0,0
2022-09-04 08:30,28,17,11,0,0,0
2022-09-04 08:45,23,15,8,0,0,0
2022-09-04 09:00,30,20,10,0,0,0
2022-09-04 09:15,49,27,22,0,0,0
2022-09-04 09:30,35,21,14,0,0,0
2022-09-04 09:45,91,66,25,0,0,0
2022-09-04 10:00,66,57,9,0,0,0
2022-09-04 10:15,65,38,27,0,0,0
2022-09-04 10:30,80,39,41,0,0,0
2022-09-04 10:45,79,60,19,0,0,0
2022-09-04 11:00,84,59,25,0,0,0
2022-09-04 11:15,86,36,50,0,0,0
2022-09-04 11:30,70,33,37,0,0,0
2022-09-04 11:45,83,45,38,0,0,0
2022-09-04 12:00,86,52,34,0,0,0
2022-09-04 12:15,85,43,42,0,0,0
2022-09-04 12:30,90,64,26,0,0,0
2022-09-04 12:45,113,52,61,0,0,0
2022-09-04 13:00,101,61,40,0,0,0
2022-09-04 13:15,91,41,50,0,0,0
2022-09-04 13:30,104,55,49,0,0,0
2022-09-04 13:45,157,85,72,0,0,0
2022-09-04 14:00,129,63,66,0,0,0
2022-09-04 14:15,112,65,47,0,0,0
2022-09-04 14:30,146,66,80,0,0,0
2022-09-04 14:45,173,93,80,0,0,0
2022-09-04 15:00,126,73,53,0,0,0
2022-09-04 15:15,119,62,57,0,0,0
2022-09-04 15:30,120,59,61,0,0,0
2022-09-04 15:45,144,52,92,0,0,0
2022-09-04 16:00,125,56,69,0,0,0
2022-09-04 16:15,114,52,62,0,0,0
2022-09-04 16:30,129,59,70,0,0,0
2022-09-04 16:45,130,58,72,0,0,0
2022-09-04 17:00,125,76,49,0,0,0
2022-09-04 17:15,125,67,58,0,0,0
2022-09-04 17:30,125,61,64,0,0,0
2022-09-04 17:45,166,91,75,0,0,0
2022-09-04 18:00,123,57,66,0,0,0
2022-09-04 18:15,121,58,63,0,0,0
2022-09-04 18:30,126,76,50,0,0,0
2022-09-04 18:45,106,48,58,0,0,0
2022-09-04 19:00,130,63,67,0,0,0
2022-09-04 19:15,110,43,67,0,0,0
2022-09-04 19:30,91,48,43,0,0,0
2022-09-04 19:45,94,47,47,0,0,0
2022-09-04 20:00,100,53,47,0,0,0
2022-09-04 20:15,128,55,73,0,0,0
2022-09-04 20:30,67,25,42,0,0,0
2022-09-04 20:45,88,33,55,0,0,0
2022-09-04 21:00,64,31,33,0,0,0
2022-09-04 21:15,55,26,29,0,0,0
2022-09-04 21:30,66,18,48,0,0,0
2022-09-04 21:45,64,26,38,0,0,0
2022-09-04 22:00,54,16,38,0,0,0
2022-09-04 22:15,45,15,30,0,0,0
2022-09-04 22:30,47,4,43,0,0,0
2022-09-04 22:45,33,7,26,0,0,0
2022-09-04 23:00,39,9,30,0,0,0
2022-09-04 23:15,44,11,33,0,0,0
2022-09-04 23:30,15,7,8,0,0,0
2022-09-04 23:45,15,4,11,0,0,0
2022-09-05 00:00,9,5,4,0,0,0
2022-09-05 00:15,15,3,12,0,0,0
2022-09-05 00:30,13,6,7,0,0,0
2022-09-05 00:45,13,4,9,0,0,0
2022-09-05 01:00,11,2,9,0,0,0
2022-09-05 01:15,5,3,2,0,0,0
2022-09-05 01:30,7,1,6,0,0,0
2022-09-05 01:45,6,2,4,0,0,0
2022-09-05 02:00,5,2,3,0,0,0
2022-09-05 02:15,6,2,4,0,0,0
2022-09-05 02:30,2,0,2,0,0,0
2022-09-05 02:45,4,2,2,0,0,0
2022-09-05 03:00,1,0,1,0,0,0
2022-09-05 03:15,0,0,0,0,0,0
2022-09-05 03:30,2,1,1,0,0,0
2022-09-05 03:45,2,0,2,0,0,0
2022-09-05 04:00,4,2,2,0,0,0
2022-09-05 04:15,3,1,2,0,0,0
2022-09-05 04:30,6,1,5,0,0,0
2022-09-05 04:45,7,5,2,0,0,0
2022-09-05 05:00,11,8,3,0,0,0
2022-09-05 05:15,14,10,4,0,0,0
2022-09-05 05:30,20,15,5,0,0,0
2022-09-05 05:45,29,17,12,0,0,0
2022-09-05 06:00,37,28,9,0,0,0
2022-09-05 06:15,44,29,15,0,0,0
2022-09-05 06:30,80,51,29,0,0,0
2022-09-05 06:45,104,71,33,0,0,0
2022-09-05 07:00,105,70,35,0,0,0
2022-09-05 07:15,196,130,66,0,0,0
2022-09-05 07:30,372,266,106,0,0,0
2022-09-05 07:45,369,226,143,0,0,0
2022-09-05 08:00,274,150,124,0,0,0
2022-09-05 08:15,193,112,81,0,0,0
2022-09-05 08:30,210,129,81,0,0,0
2022-09-05 08:45,177,109,68,0,0,0
2022-09-05 09:00,179,95,84,0,0,0
2022-09-05 09:15,168,85,83,0,0,0
2022-09-05 09:30,142,60,82,0,0,0
2022-09-05 09:45,184,99,85,0,0,0
2022-09-05 10:00,110,71,39,0,0,0
2022-09-05 10:15,113,72,41,0,0,0
2022-09-05 10:30,131,73,58,0,0,0
2022-09-05 10:45,150,73,77,0,0,0
2022-09-05 11:00,135,62,73,0,0,0
2022-09-05 11:15,127,68,59,0,0,0
2022-09-05 11:30,138,68,70,0,0,0
2022-09-05 11:45,162,64,98,0,0,0
2022-09-05 12:00,148,79,69,0,0,0
2022-09-05 12:15,158,86,72,0,0,0
2022-09-05 12:30,204,93,111,0,0,0
2022-09-05 12:45,194,85,109,0,0,0
2022-09-05 13:00,186,89,97,0,0,0
2022-09-05 13:15,205,101,104,0,0,0
2022-09-05 13:30,194,105,89,0,0,0
2022-09-05 13:45,245,137,108,0,0,0
2022-09-05 14:00,209,95,114,0,0,0
2022-09-05 14:15,198,98,100,0,0,0
2022-09-05 14:30,171,96,75,0,0,0
2022-09-05 14:45,222,104,118,0,0,0
2022-09-05 15:00,198,94,104,0,0,0
2022-09-05 15:15,236,108,128,0,0,0
2022-09-05 15:30,237,96,141,0,0,0
2022-09-05 15:45,267,137,130,0,0,0
2022-09-05 16:00,249,121,128,0,0,0
2022-09-05 16:15,230,117,113,0,0,0
2022-09-05 16:30,238,102,136,0,0,0
2022-09-05 16:45,264,125,139,0,0,0
2022-09-05 17:00,279,117,162,0,0,0
2022-09-05 17:15,329,160,169,0,0,0
2022-09-05 17:30,296,148,148,0,0,0
2022-09-05 17:45,299,158,141,0,0,0
2022-09-05 18:00,243,109,134,0,0,0
2022-09-05 18:15,256,108,148,0,0,0
2022-09-05 18:30,227,108,119,0,0,0
2022-09-05 18:45,223,123,100,0,0,0
2022-09-05 19:00,179,98,81,0,0,0
2022-09-05 19:15,221,98,123,0,0,0
2022-09-05 19:30,167,83,84,0,0,0
2022-09-05 19:45,203,106,97,0,0,0
2022-09-05 20:00,155,69,86,0,0,0
2022-09-05 20:15,153,64,89,0,0,0
2022-09-05 20:30,120,46,74,0,0,0
2022-09-05 20:45,120,52,68,0,0,0
2022-09-05 21:00,101,40,61,0,0,0
2022-09-05 21:15,99,46,53,0,0,0
2022-09-05 21:30,79,29,50,0,0,0
2022-09-05 21:45,99,21,78,0,0,0
2022-09-05 22:00,71,18,53,0,0,0
2022-09-05 22:15,88,36,52,0,0,0
2022-09-05 22:30,78,18,60,0,0,0
2022-09-05 22:45,53,18,35,0,0,0
2022-09-05 23:00,80,22,58,0,0,0
2022-09-05 23:15,29,7,22,0,0,0
2022-09-05 23:30,41,8,33,0,0,0
2022-09-05 23:45,38,7,31,0,0,0
2022-09-06 00:00,29,3,26,0,0,0
2022-09-06 00:15,29,3,26,0,0,0
2022-09-06 00:30,20,3,17,0,0,0
2022-09-06 00:45,18,5,13,0,0,0
2022-09-06 01:00,14,3,11,0,0,0
2022-09-06 01:15,8,1,7,0,0,0
2022-09-06 01:30,9,4,5,0,0,0
2022-09-06 01:45,2,0,2,0,0,0
2022-09-06 02:00,8,1,7,0,0,0
2022-09-06 02:15,10,3,7,0,0,0
2022-09-06 02:30,1,1,0,0,0,0
2022-09-06 02:45,5,3,2,0,0,0
2022-09-06 03:00,3,1,2,0,0,0
2022-09-06 03:15,7,0,7,0,0,0
2022-09-06 03:30,3,2,1,0,0,0
2022-09-06 03:45,1,1,0,0,0,0
2022-09-06 04:00,5,2,3,0,0,0
2022-09-06 04:15,6,3,3,0,0,0
2022-09-06 04:30,3,0,3,0,0,0
2022-09-06 04:45,6,3,3,0,0,0
2022-09-06 05:00,16,10,6,0,0,0
2022-09-06 05:15,12,8,4,0,0,0
2022-09-06 05:30,32,20,12,0,0,0
2022-09-06 05:45,21,14,7,0,0,0
2022-09-06 06:00,35,23,12,0,0,0
2022-09-06 06:15,53,39,14,0,0,0
2022-09-06 06:30,72,46,26,0,0,0
2022-09-06 06:45,118,78,40,0,0,0
2022-09-06 07:00,118,85,33,0,0,0
2022-09-06 07:15,192,118,74,0,0,0
2022-09-06 07:30,341,246,95,0,0,0
2022-09-06 07:45,332,193,139,0,0,0
2022-09-06 08:00,230,132,98,0,0,0
2022-09-06 08:15,226,140,86,0,0,0
2022-09-06 08:30,194,109,85,0,0,0
2022-09-06 08:45,179,119,60,0,0,0
2022-09-06 09:00,147,88,59,0,0,0
2022-09-06 09:15,149,102,47,0,0,0
2022-09-06 09:30,141,72,69,0,0,0
2022-09-06 09:45,200,103,97,0,0,0
2022-09-06 10:00,127,63,64,0,0,0
2022-09-06 10:15,108,66,42,0,0,0
2022-09-06 10:30,113,68,45,0,0,0
2022-09-06 10:45,140,85,55,0,0,0
2022-09-06 11:00,154,79,75,0,0,0
2022-09-06 11:15,158,70,88,0,0,0
2022-09-06 11:30,175,97,78,0,0,0
2022-09-06 11:45,247,135,112,0,0,0
2022-09-06 12:00,210,77,133,0,0,0
2022-09-06 12:15,188,83,105,0,0,0
2022-09-06 12:30,167,77,90,0,0,0
2022-09-06 12:45,169,82,87,0,0,0
2022-09-06 13:00,225,78,147,0,0,0
2022-09-06 13:15,208,93,115,0,0,0
2022-09-06 13:30,228,94,134,0,0,0
2022-09-06 13:45,224,128,96,0,0,0
2022-09-06 14:00,205,100,105,0,0,0
2022-09-06 14:15,202,104,98,0,0,0
2022-09-06 14:30,182,94,88,0,0,0
2022-09-06 14:45,241,120,121,0,0,0
2022-09-06 15:00,190,91,99,0,0,0
2022-09-06 15:15,209,90,119,0,0,0
2022-09-06 15:30,260,135,125,0,0,0
2022-09-06 15:45,262,133,129,0,0,0
2022-09-06 16:00,264,148,116,0,0,0
2022-09-06 16:15,274,131,143,0,0,0
2022-09-06 16:30,266,131,135,0,0,0
2022-09-06 16:45,257,121,136,0,0,0
2022-09-06 17:00,256,121,135,0,0,0
2022-09-06 17:15,275,139,136,0,0,0
2022-09-06 17:30,261,119,142,0,0,0
2022-09-06 17:45,249,116,133,0,0,0
2022-09-06 18:00,274,128,146,0,0,0
2022-09-06 18:15,292,125,167,0,0,0
2022-09-06 18:30,227,115,112,0,0,0
2022-09-06 18:45,269,142,127,0,0,0
2022-09-06 19:00,207,96,111,0,0,0
2022-09-06 19:15,178,85,93,0,0,0
2022-09-06 19:30,196,90,106,0,0,0
2022-09-06 19:45,203,98,105,0,0,0
2022-09-06 20:00,172,87,85,0,0,0
2022-09-06 20:15,143,63,80,0,0,0
2022-09-06 20:30,108,38,70,0,0,0
2022-09-06 20:45,113,36,77,0,0,0
2022-09-06 21:00,122,50,72,0,0,0
2022-09-06 21:15,132,51,81,0,0,0
2022-09-06 21:30,98,40,58,0,0,0
2022-09-06 21:45,113,38,75,0,0,0
2022-09-06 22:00,72,22,50,0,0,0
2022-09-06 22:15,82,29,53,0,0,0
2022-09-06 22:30,89,22,67,0,0,0
2022-09-06 22:45,67,24,43,0,0,0
2022-09-06 23:00,91,25,66,0,0,0
2022-09-06 23:15,58,11,47,0,0,0
2022-09-06 23:30,45,15,30,0,0,0
2022-09-06 23:45,39,11,28,0,0,0
2022-09-07 00:00,18,5,13,0,0,0
2022-09-07 00:15,20,7,13,0,0,0
2022-09-07 00:30,23,5,18,0,0,0
2022-09-07 00:45,25,12,13,0,0,0
2022-09-07 01:00,10,1,9,0,0,0
2022-09-07 01:15,11,5,6,0,0,0
2022-09-07 01:30,7,3,4,0,0,0
2022-09-07 01:45,16,4,12,0,0,0
2022-09-07 02:00,5,1,4,0,0,0
2022-09-07 02:15,5,3,2,0,0,0
2022-09-07 02:30,4,2,2,0,0,0
2022-09-07 02:45,3,3,0,0,0,0
2022-09-07 03:00,3,1,2,0,0,0
2022-09-07 03:15,6,4,2,0,0,0
2022-09-07 03:30,2,2,0,0,0,0
2022-09-07 03:45,2,1,1,0,0,0
2022-09-07 04:00,1,1,0,0,0,0
2022-09-07 04:15,3,0,3,0,0,0
2022-09-07 04:30,4,1,3,0,0,0
2022-09-07 04:45,6,3,3,0,0,0
2022-09-07 05:00,7,6,1,0,0,0
2022-09-07 05:15,13,9,4,0,0,0
2022-09-07 05:30,17,9,8,0,0,0
2022-09-07 05:45,22,15,7,0,0,0
2022-09-07 06:00,32,24,8,0,0,0
2022-09-07 06:15,36,21,15,0,0,0
2022-09-07 06:30,60,38,22,0,0,0
2022-09-07 06:45,100,65,35,0,0,0
2022-09-07 07:00,108,73,35,0,0,0
2022-09-07 07:15,173,121,52,0,0,0
2022-09-07 07:30,344,253,91,0,0,0
2022-09-07 07:45,343,215,128,0,0,0
2022-09-07 08:00,269,177,92,0,0,0
2022-09-07 08:15,219,125,94,0,0,0
2022-09-07 08:30,240,135,105,0,0,0
2022-09-07 08:45,249,132,117,0,0,0
2022-09-07 09:00,150,94,56,0,0,0
2022-09-07 09:15,169,104,65,0,0,0
2022-09-07 09:30,148,88,60,0,0,0
2022-09-07 09:45,204,122,82,0,0,0
2022-09-07 10:00,125,77,48,0,0,0
2022-09-07 10:15,145,84,61,0,0,0
2022-09-07 10:30,118,72,46,0,0,0
2022-09-07 10:45,175,96,79,0,0,0
2022-09-07 11:00,134,73,61,0,0,0
2022-09-07 11:15,136,76,60,0,0,0
2022-09-07 11:30,146,70,76,0,0,0
2022-09-07 11:45,166,97,69,0,0,0
2022-09-07 12:00,230,97,133,0,0,0
2022-09-07 12:15,173,91,82,0,0,0
2022-09-07 12:30,140,74,66,0,0,0
2022-09-07 12:45,181,87,94,0,0,0
2022-09-07 13:00,180,78,102,0,0,0
2022-09-07 13:15,177,78,99,0,0,0
2022-09-07 13:30,173,81,92,0,0,0
2022-09-07 13:45,202,97,105,0,0,0
2022-09-07 14:00,190,73,117,0,0,0
2022-09-07 14:15,179,85,94,0,0,0
2022-09-07 14:30,195,85,110,0,0,0
2022-09-07 14:45,240,109,131,0,0,0
2022-09-07 15:00,195,93,102,0,0,0
2022-09-07 15:15,206,88,118,0,0,0
2022-09-07 15:30,282,93,189,0,0,0
2022-09-07 15:45,259,96,163,0,0,0
2022-09-07 16:00,251,116,135,0,0,0
2022-09-07 16:15,243,117,126,0,0,0
2022-09-07 16:30,269,116,153,0,0,0
2022-09-07 16:45,249,120,129,0,0,0
2022-09-07 17:00,278,142,136,0,0,0
2022-09-07 17:15,248,136,112,0,0,0
2022-09-07 17:30,277,130,147,0,0,0
2022-09-07 17:45,269,126,143,0,0,0
2022-09-07 18:00,275,135,140,0,0,0
2022-09-07 18:15,288,126,162,0,0,0
2022-09-07 18:30,206,106,100,0,0,0
2022-09-07 18:45,258,137,121,0,0,0
2022-09-07 19:00,196,85,111,0,0,0
2022-09-07 19:15,172,88,84,0,0,0
2022-09-07 19:30,155,87,68,0,0,0
2022-09-07 19:45,174,97,77,0,0,0
2022-09-07 20:00,142,69,73,0,0,0
2022-09-07 20:15,151,66,85,0,0,0
2022-09-07 20:30,135,63,72,0,0,0
2022-09-07 20:45,106,55,51,0,0,0
2022-09-07 21:00,118,52,66,0,0,0
2022-09-07 21:15,127,42,85,0,0,0
2022-09-07 21:30,99,38,61,0,0,0
2022-09-07 21:45,106,40,66,0,0,0
2022-09-07 22:00,104,42,62,0,0,0
2022-09-07 22:15,105,37,68,0,0,0
2022-09-07 22:30,100,46,54,0,0,0
2022-09-07 22:45,75,21,54,0,0,0
2022-09-07 23:00,69,20,49,0,0,0
2022-09-07 23:15,74,32,42,0,0,0
2022-09-07 23:30,49,19,30,0,0,0
2022-09-07 23:45,48,23,25,0,0,0
2022-09-08 00:00,35,11,24,0,0,0
2022-09-08 00:15,46,7,39,0,0,0
2022-09-08 00:30,21,4,17,0,0,0
2022-09-08 00:45,27,5,22,0,0,0
2022-09-08 01:00,39,8,31,0,0,0
2022-09-08 01:15,19,3,16,0,0,0
2022-09-08 01:30,19,1,18,0,0,0
2022-09-08 01:45,20,0,20,0,0,0
2022-09-08 02:00,28,4,24,0,0,0
2022-09-08 02:15,16,6,10,0,0,0
2022-09-08 02:30,10,0,10,0,0,0
2022-09-08 02:45,13,3,10,0,0,0
2022-09-08 03:00,7,0,7,0,0,0
2022-09-08 03:15,13,0,13,0,0,0
2022-09-08 03:30,10,1,9,0,0,0
2022-09-08 03:45,4,1,3,0,0,0
2022-09-08 04:00,0,0,0,0,0,0
2022-09-08 04:15,9,3,6,0,0,0
2022-09-08 04:30,11,4,7,0,0,0
2022-09-08 04:45,7,4,3,0,0,0
2022-09-08 05:00,14,7,7,0,0,0
2022-09-08 05:15,16,10,6,0,0,0
2022-09-08 05:30,21,14,7,0,0,0
2022-09-08 05:45,18,11,7,0,0,0
2022-09-08 06:00,40,31,9,0,0,0
2022-09-08 06:15,34,21,13,0,0,0
2022-09-08 06:30,59,38,21,0,0,0
2022-09-08 06:45,95,59,36,0,0,0
2022-09-08 07:00,90,55,35,0,0,0
2022-09-08 07:15,103,67,36,0,0,0
2022-09-08 07:30,222,164,58,0,0,0
2022-09-08 07:45,200,118,82,0,0,0
2022-09-08 08:00,135,59,76,0,0,0
2022-09-08 08:15,146,76,70,0,0,0
2022-09-08 08:30,114,72,42,0,0,0
2022-09-08 08:45,147,87,60,0,0,0
2022-09-08 09:00,91,54,37,0,0,0
2022-09-08 09:15,77,41,36,0,0,0
2022-09-08 09:30,99,42,57,0,0,0
2022-09-08 09:45,91,43,48,0,0,0
2022-09-08 10:00,87,43,44,0,0,0
2022-09-08 10:15,66,29,37,0,0,0
2022-09-08 10:30,72,41,31,0,0,0
2022-09-08 10:45,46,27,19,0,0,0
2022-09-08 11:00,59,31,28,0,0,0
2022-09-08 11:15,65,37,28,0,0,0
2022-09-08 11:30,68,29,39,0,0,0
2022-09-08 11:45,92,45,47,0,0,0
2022-09-08 12:00,110,43,67,0,0,0
2022-09-08 12:15,106,60,46,0,0,0
2022-09-08 12:30,117,56,61,0,0,0
2022-09-08 12:45,114,56,58,0,0,0
2022-09-08 13:00,120,56,64,0,0,0
2022-09-08 13:15,120,47,73,0,0,0
2022-09-08 13:30,128,64,64,0,0,0
2022-09-08 13:45,170,85,85,0,0,0
2022-09-08 14:00,144,76,68,0,0,0
2022-09-08 14:15,133,63,70,0,0,0
2022-09-08 14:30,157,79,78,0,0,0
2022-09-08 14:45,136,77,59,0,0,0
2022-09-08 15:00,139,57,82,0,0,0
2022-09-08 15:15,151,96,55,0,0,0
2022-09-08 15:30,227,90,137,0,0,0
2022-09-08 15:45,207,88,119,0,0,0
2022-09-08 16:00,186,93,93,0,0,0
2022-09-08 16:15,207,95,112,0,0,0
2022-09-08 16:30,231,107,124,0,0,0
2022-09-08 16:45,231,119,112,0,0,0
2022-09-08 17:00,232,101,131,0,0,0
2022-09-08 17:15,232,114,118,0,0,0
2022-09-08 17:30,209,98,111,0,0,0
2022-09-08 17:45,282,142,140,0,0,0
2022-09-08 18:00,234,97,137,0,0,0
2022-09-08 18:15,192,102,90,0,0,0
2022-09-08 18:30,230,122,108,0,0,0
2022-09-08 18:45,228,123,105,0,0,0
2022-09-08 19:00,187,102,85,0,0,0
2022-09-08 19:15,187,100,87,0,0,0
2022-09-08 19:30,155,80,75,0,0,0
2022-09-08 19:45,139,95,44,0,0,0
2022-09-08 20:00,140,86,54,0,0,0
2022-09-08 20:15,122,68,54,0,0,0
2022-09-08 20:30,103,47,56,0,0,0
2022-09-08 20:45,85,41,44,0,0,0
2022-09-08 21:00,87,37,50,0,0,0
2022-09-08 21:15,85,29,56,0,0,0
2022-09-08 21:30,75,19,56,0,0,0
2022-09-08 21:45,83,20,63,0,0,0
2022-09-08 22:00,111,32,79,0,0,0
2022-09-08 22:15,71,26,45,0,0,0
2022-09-08 22:30,72,18,54,0,0,0
2022-09-08 22:45,59,13,46,0,0,0
2022-09-08 23:00,49,12,37,0,0,0
2022-09-08 23:15,76,29,47,0,0,0
2022-09-08 23:30,44,17,27,0,0,0
2022-09-08 23:45,47,12,35,0,0,0
2022-09-09 00:00,23,6,17,0,0,0
2022-09-09 00:15,16,9,7,0,0,0
2022-09-09 00:30,30,5,25,0,0,0
2022-09-09 00:45,25,12,13,0,0,0
2022-09-09 01:00,20,3,17,0,0,0
2022-09-09 01:15,19,2,17,0,0,0
2022-09-09 01:30,19,1,18,0,0,0
2022-09-09 01:45,28,3,25,0,0,0
2022-09-09 02:00,11,4,7,0,0,0
2022-09-09 02:15,13,2,11,0,0,0
2022-09-09 02:30,2,0,2,0,0,0
2022-09-09 02:45,1,0,1,0,0,0
2022-09-09 03:00,1,1,0,0,0,0
2022-09-09 03:15,0,0,0,0,0,0
2022-09-09 03:30,5,1,4,0,0,0
2022-09-09 03:45,2,2,0,0,0,0
2022-09-09 04:00,2,0,2,0,0,0
2022-09-09 04:15,6,2,4,0,0,0
2022-09-09 04:30,4,0,4,0,0,0
2022-09-09 04:45,7,3,4,0,0,0
2022-09-09 05:00,13,11,2,0,0,0
2022-09-09 05:15,13,9,4,0,0,0
2022-09-09 05:30,20,13,7,0,0,0
2022-09-09 05:45,19,10,9,0,0,0
2022-09-09 06:00,35,24,11,0,0,0
2022-09-09 06:15,29,20,9,0,0,0
2022-09-09 06:30,54,28,26,0,0,0
2022-09-09 06:45,87,53,34,0,0,0
2022-09-09 07:00,87,56,31,0,0,0
2022-09-09 07:15,143,102,41,0,0,0
2022-09-09 07:30,286,212,74,0,0,0
2022-09-09 07:45,288,155,133,0,0,0
2022-09-09 08:00,196,109,87,0,0,0
2022-09-09 08:15,162,93,69,0,0,0
2022-09-09 08:30,157,94,63,0,0,0
2022-09-09 08:45,186,114,72,0,0,0
2022-09-09 09:00,121,79,42,0,0,0
2022-09-09 09:15,125,77,48,0,0,0
2022-09-09 09:30,167,88,79,0,0,0
2022-09-09 09:45,148,75,73,0,0,0
2022-09-09 10:00,99,50,49,0,0,0
2022-09-09 10:15,90,43,47,0,0,0
2022-09-09 10:30,107,53,54,0,0,0
2022-09-09 10:45,116,63,53,0,0,0
2022-09-09 11:00,114,57,57,0,0,0
2022-09-09 11:15,133,62,71,0,0,0
2022-09-09 11:30,119,54,65,0,0,0
2022-09-09 11:45,137,75,62,0,0,0
2022-09-09 12:00,177,87,90,0,0,0
2022-09-09 12:15,153,82,71,0,0,0
2022-09-09 12:30,136,65,71,0,0,0
2022-09-09 12:45,172,95,77,0,0,0
2022-09-09 13:00,204,69,135,0,0,0
2022-09-09 13:15,201,71,130,0,0,0
2022-09-09 13:30,160,84,76,0,0,0
2022-09-09 13:45,230,110,120,0,0,0
2022-09-09 14:00,208,99,109,0,0,0
2022-09-09 14:15,197,88,109,0,0,0
2022-09-09 14:30,188,91,97,0,0,0
2022-09-09 14:45,184,76,108,0,0,0
2022-09-09 15:00,186,103,83,0,0,0
2022-09-09 15:15,168,75,93,0,0,0
2022-09-09 15:30,131,57,74,0,0,0
2022-09-09 15:45,203,92,111,0,0,0
2022-09-09 16:00,217,112,105,0,0,0
2022-09-09 16:15,152,86,66,0,0,0
2022-09-09 16:30,129,71,58,0,0,0
2022-09-09 16:45,130,64,66,0,0,0
2022-09-09 17:00,148,65,83,0,0,0
2022-09-09 17:15,132,63,69,0,0,0
2022-09-09 17:30,164,80,84,0,0,0
2022-09-09 17:45,160,92,68,0,0,0
2022-09-09 18:00,157,67,90,0,0,0
2022-09-09 18:15,138,59,79,0,0,0
2022-09-09 18:30,122,55,67,0,0,0
2022-09-09 18:45,133,68,65,0,0,0
2022-09-09 19:00,124,47,77,0,0,0
2022-09-09 19:15,128,75,53,0,0,0
2022-09-09 19:30,94,40,54,0,0,0
2022-09-09 19:45,119,57,62,0,0,0
2022-09-09 20:00,105,56,49,0,0,0
2022-09-09 20:15,113,60,53,0,0,0
2022-09-09 20:30,117,51,66,0,0,0
2022-09-09 20:45,83,35,48,0,0,0
2022-09-09 21:00,70,39,31,0,0,0
2022-09-09 21:15,69,27,42,0,0,0
2022-09-09 21:30,59,29,30,0,0,0
2022-09-09 21:45,53,20,33,0,0,0
2022-09-09 22:00,39,13,26,0,0,0
2022-09-09 22:15,43,18,25,0,0,0
2022-09-09 22:30,47,9,38,0,0,0
2022-09-09 22:45,51,18,33,0,0,0
2022-09-09 23:00,43,11,32,0,0,0
2022-09-09 23:15,41,11,30,0,0,0
2022-09-09 23:30,36,13,23,0,0,0
2022-09-09 23:45,49,11,38,0,0,0
2022-09-10 00:00,36,14,22,0,0,0
2022-09-10 00:15,35,19,16,0,0,0
2022-09-10 00:30,55,31,24,0,0,0
2022-09-10 00:45,39,15,24,0,0,0
2022-09-10 01:00,30,12,18,0,0,0
2022-09-10 01:15,39,16,23,0,0,0
2022-09-10 01:30,37,17,20,0,0,0
2022-09-10 01:45,32,14,18,0,0,0
2022-09-10 02:00,32,7,25,0,0,0
2022-09-10 02:15,44,21,23,0,0,0
2022-09-10 02:30,17,4,13,0,0,0
2022-09-10 02:45,28,4,24,0,0,0
2022-09-10 03:00,19,2,17,0,0,0
2022-09-10 03:15,32,5,27,0,0,0
2022-09-10 03:30,8,2,6,0,0,0
2022-09-10 03:45,14,1,13,0,0,0
2022-09-10 04:00,9,0,9,0,0,0
2022-09-10 04:15,9,2,7,0,0,0
2022-09-10 04:30,6,1,5,0,0,0
2022-09-10 04:45,5,0,5,0,0,0
2022-09-10 05:00,13,8,5,0,0,0
2022-09-10 05:15,14,5,9,0,0,0
2022-09-10 05:30,13,8,5,0,0,0
2022-09-10 05:45,23,12,11,0,0,0
2022-09-10 06:00,10,2,8,0,0,0
2022-09-10 06:15,4,3,1,0,0,0
2022-09-10 06:30,20,10,10,0,0,0
2022-09-10 06:45,9,8,1,0,0,0
2022-09-10 07:00,22,17,5,0,0,0
2022-09-10 07:15,18,13,5,0,0,0
2022-09-10 07:30,29,19,10,0,0,0
2022-09-10 07:45,45,32,13,0,0,0
2022-09-10 08:00,29,19,10,0,0,0
2022-09-10 08:15,35,24,11,0,0,0
2022-09-10 08:30,41,36,5,0,0,0
2022-09-10 08:45,45,24,21,0,0,0
2022-09-10 09:00,23,12,11,0,0,0
2022-09-10 09:15,45,30,15,0,0,0
2022-09-10 09:30,36,18,18,0,0,0
2022-09-10 09:45,53,39,14,0,0,0
2022-09-10 10:00,54,38,16,0,0,0
2022-09-10 10:15,60,41,19,0,0,0
2022-09-10 10:30,69,41,28,0,0,0
2022-09-10 10:45,98,70,28,0,0,0
2022-09-10 11:00,82,62,20,0,0,0
2022-09-10 11:15,80,49,31,0,0,0
2022-09-10 11:30,101,64,37,0,0,0
2022-09-10 11:45,96,61,35,0,0,0
2022-09-10 12:00,86,50,36,0,0,0
2022-09-10 12:15,121,77,44,0,0,0
2022-09-10 12:30,130,86,44,0,0,0
2022-09-10 12:45,145,90,55,0,0,0
2022-09-10 13:00,104,59,45,0,0,0
2022-09-10 13:15,96,52,44,0,0,0
2022-09-10 13:30,117,60,57,0,0,0
2022-09-10 13:45,121,63,58,0,0,0
2022-09-10 14:00,103,49,54,0,0,0
2022-09-10 14:15,119,40,79,0,0,0
2022-09-10 14:30,129,62,67,0,0,0
2022-09-10 14:45,81,42,39,0,0,0
2022-09-10 15:00,68,24,44,0,0,0
2022-09-10 15:15,79,33,46,0,0,0
2022-09-10 15:30,58,26,32,0,0,0
2022-09-10 15:45,80,41,39,0,0,0
2022-09-10 16:00,71,32,39,0,0,0
2022-09-10 16:15,105,66,39,0,0,0
2022-09-10 16:30,87,38,49,0,0,0
2022-09-10 16:45,88,44,44,0,0,0
2022-09-10 17:00,78,37,41,0,0,0
2022-09-10 17:15,84,41,43,0,0,0
2022-09-10 17:30,113,57,56,0,0,0
2022-09-10 17:45,118,60,58,0,0,0
2022-09-10 18:00,104,47,57,0,0,0
2022-09-10 18:15,126,63,63,0,0,0
2022-09-10 18:30,127,63,64,0,0,0
2022-09-10 18:45,96,45,51,0,0,0
2022-09-10 19:00,117,56,61,0,0,0
2022-09-10 19:15,97,47,50,0,0,0
2022-09-10 19:30,106,49,57,0,0,0
2022-09-10 19:45,96,37,59,0,0,0
2022-09-10 20:00,86,46,40,0,0,0
2022-09-10 20:15,98,46,52,0,0,0
2022-09-10 20:30,80,42,38,0,0,0
2022-09-10 20:45,85,31,54,0,0,0
2022-09-10 21:00,64,23,41,0,0,0
2022-09-10 21:15,67,39,28,0,0,0
2022-09-10 21:30,61,32,29,0,0,0
2022-09-10 21:45,65,30,35,0,0,0
2022-09-10 22:00,67,20,47,0,0,0
2022-09-10 22:15,74,35,39,0,0,0
2022-09-10 22:30,57,16,41,0,0,0
2022-09-10 22:45,44,18,26,0,0,0
2022-09-10 23:00,48,19,29,0,0,0
2022-09-10 23:15,46,12,34,0,0,0
2022-09-10 23:30,51,24,27,0,0,0
2022-09-10 23:45,51,23,28,0,0,0
2022-09-11 00:00,54,29,25,0,0,0
2022-09-11 00:15,46,21,25,0,0,0
2022-09-11 00:30,40,8,32,0,0,0
2022-09-11 00:45,50,17,33,0,0,0
2022-09-11 01:00,39,10,29,0,0,0
2022-09-11 01:15,40,9,31,0,0,0
2022-09-11 01:30,46,17,29,0,0,0
2022-09-11 01:45,40,13,27,0,0,0
2022-09-11 02:00,20,6,14,0,0,0
2022-09-11 02:15,40,6,34,0,0,0
2022-09-11 02:30,28,5,23,0,0,0
2022-09-11 02:45,44,16,28,0,0,0
2022-09-11 03:00,22,6,16,0,0,0
2022-09-11 03:15,24,0,24,0,0,0
2022-09-11 03:30,14,4,10,0,0,0
2022-09-11 03:45,16,3,13,0,0,0
2022-09-11 04:00,10,2,8,0,0,0
2022-09-11 04:15,20,6,14,0,0,0
2022-09-11 04:30,7,1,6,0,0,0
2022-09-11 04:45,12,1,11,0,0,0
2022-09-11 05:00,15,3,12,0,0,0
2022-09-11 05:15,5,1,4,0,0,0
2022-09-11 05:30,11,3,8,0,0,0
2022-09-11 05:45,10,5,5,0,0,0
2022-09-11 06:00,9,4,5,0,0,0
2022-09-11 06:15,11,6,5,0,0,0
2022-09-11 06:30,11,4,7,0,0,0
2022-09-11 06:45,6,4,2,0,0,0
2022-09-11 07:00,7,5,2,0,0,0
2022-09-11 07:15,9,6,3,0,0,0
2022-09-11 07:30,18,13,5,0,0,0
2022-09-11 07:45,33,27,6,0,0,0
2022-09-11 08:00,46,38,8,0,0,0
2022-09-11 08:15,159,145,14,0,0,0
2022-09-11 08:30,161,141,20,0,0,0
2022-09-11 08:45,97,76,21,0,0,0
2022-09-11 09:00,111,42,69,0,0,0
2022-09-11 09:15,133,38,95,0,0,0
2022-09-11 09:30,154,60,94,0,0,0
2022-09-11 09:45,130,69,61,0,0,0
2022-09-11 10:00,95,38,57,0,0,0
2022-09-11 10:15,155,48,107,0,0,0
2022-09-11 10:30,200,60,140,0,0,0
2022-09-11 10:45,130,51,79,0,0,0
2022-09-11 11:00,100,67,33,0,0,0
2022-09-11 11:15,118,74,44,0,0,0
2022-09-11 11:30,130,94,36,0,0,0
2022-09-11 11:45,190,135,55,0,0,0
2022-09-11 12:00,160,111,49,0,0,0
2022-09-11 12:15,211,154,57,0,0,0
2022-09-11 12:30,223,177,46,0,0,0
2022-09-11 12:45,195,145,50,0,0,0
2022-09-11 13:00,179,112,67,0,0,0
2022-09-11 13:15,171,96,75,0,0,0
2022-09-11 13:30,158,76,82,0,0,0
2022-09-11 13:45,199,86,113,0,0,0
2022-09-11 14:00,179,52,127,0,0,0
2022-09-11 14:15,183,59,124,0,0,0
2022-09-11 14:30,187,71,116,0,0,0
2022-09-11 14:45,191,75,116,0,0,0
2022-09-11 15:00,188,85,103,0,0,0
2022-09-11 15:15,151,59,92,0,0,0
2022-09-11 15:30,168,83,85,0,0,0
2022-09-11 15:45,147,69,78,0,0,0
2022-09-11 16:00,146,65,81,0,0,0
2022-09-11 16:15,120,53,67,0,0,0
2022-09-11 16:30,134,70,64,0,0,0
2022-09-11 16:45,108,56,52,0,0,0
2022-09-11 17:00,136,65,71,0,0,0
2022-09-11 17:15,144,74,70,0,0,0
2022-09-11 17:30,147,59,88,0,0,0
2022-09-11 17:45,134,79,55,0,0,0
2022-09-11 18:00,128,52,76,0,0,0
2022-09-11 18:15,133,71,62,0,0,0
2022-09-11 18:30,136,63,73,0,0,0
2022-09-11 18:45,133,75,58,0,0,0
2022-09-11 19:00,135,65,70,0,0,0
2022-09-11 19:15,101,50,51,0,0,0
2022-09-11 19:30,111,35,76,0,0,0
2022-09-11 19:45,99,40,59,0,0,0
2022-09-11 20:00,92,50,42,0,0,0
2022-09-11 20:15,79,47,32,0,0,0
2022-09-11 20:30,75,30,45,0,0,0
2022-09-11 20:45,59,22,37,0,0,0
2022-09-11 21:00,41,17,24,0,0,0
2022-09-11 21:15,55,23,32,0,0,0
2022-09-11 21:30,64,32,32,0,0,0
2022-09-11 21:45,41,11,30,0,0,0
2022-09-11 22:00,42,8,34,0,0,0
2022-09-11 22:15,51,20,31,0,0,0
2022-09-11 22:30,47,8,39,0,0,0
2022-09-11 22:45,79,18,61,0,0,0
2022-09-11 23:00,32,10,22,0,0,0
2022-09-11 23:15,40,12,28,0,0,0
2022-09-11 23:30,12,3,9,0,0,0
2022-09-11 23:45,22,5,17,0,0,0
2022-09-12 00:00,15,5,10,0,0,0
2022-09-12 00:15,10,4,6,0,0,0
2022-09-12 00:30,8,2,6,0,0,0
2022-09-12 00:45,10,0,10,0,0,0
2022-09-12 01:00,8,2,6,0,0,0
2022-09-12 01:15,4,3,1,0,0,0
2022-09-12 01:30,7,4,3,0,0,0
2022-09-12 01:45,3,1,2,0,0,0
2022-09-12 02:00,4,3,1,0,0,0
2022-09-12 02:15,3,1,2,0,0,0
2022-09-12 02:30,2,0,2,0,0,0
2022-09-12 02:45,1,1,0,0,0,0
2022-09-12 03:00,0,0,0,0,0,0
2022-09-12 03:15,0,0,0,0,0,0
2022-09-12 03:30,4,1,3,0,0,0
2022-09-12 03:45,3,1,2,0,0,0
2022-09-12 04:00,2,1,1,0,0,0
2022-09-12 04:15,1,1,0,0,0,0
2022-09-12 04:30,8,4,4,0,0,0
2022-09-12 04:45,10,7,3,0,0,0
2022-09-12 05:00,8,5,3,0,0,0
2022-09-12 05:15,12,12,0,0,0,0
2022-09-12 05:30,22,15,7,0,0,0
2022-09-12 05:45,26,17,9,0,0,0
2022-09-12 06:00,32,27,5,0,0,0
2022-09-12 06:15,33,23,10,0,0,0
2022-09-12 06:30,79,53,26,0,0,0
2022-09-12 06:45,95,57,38,0,0,0
2022-09-12 07:00,111,76,35,0,0,0
2022-09-12 07:15,182,127,55,0,0,0
2022-09-12 07:30,380,298,82,0,0,0
2022-09-12 07:45,329,190,139,0,0,0
2022-09-12 08:00,259,140,119,0,0,0
2022-09-12 08:15,208,127,81,0,0,0
2022-09-12 08:30,191,117,74,0,0,0
2022-09-12 08:45,191,115,76,0,0,0
2022-09-12 09:00,132,68,64,0,0,0
2022-09-12 09:15,147,66,81,0,0,0
2022-09-12 09:30,168,97,71,0,0,0
2022-09-12 09:45,165,81,84,0,0,0
2022-09-12 10:00,129,68,61,0,0,0
2022-09-12 10:15,134,76,58,0,0,0
2022-09-12 10:30,113,59,54,0,0,0
2022-09-12 10:45,125,78,47,0,0,0
2022-09-12 11:00,123,61,62,0,0,0
2022-09-12 11:15,140,65,75,0,0,0
2022-09-12 11:30,112,52,60,0,0,0
2022-09-12 11:45,161,89,72,0,0,0
2022-09-12 12:00,175,59,116,0,0,0
2022-09-12 12:15,157,78,79,0,0,0
2022-09-12 12:30,176,82,94,0,0,0
2022-09-12 12:45,161,91,70,0,0,0
2022-09-12 13:00,183,84,99,0,0,0
2022-09-12 13:15,188,83,105,0,0,0
2022-09-12 13:30,214,104,110,0,0,0
2022-09-12 13:45,240,136,104,0,0,0
2022-09-12 14:00,195,97,98,0,0,0
2022-09-12 14:15,159,92,67,0,0,0
2022-09-12 14:30,191,93,98,0,0,0
2022-09-12 14:45,216,110,106,0,0,0
2022-09-12 15:00,221,99,122,0,0,0
2022-09-12 15:15,199,89,110,0,0,0
2022-09-12 15:30,264,101,163,0,0,0
2022-09-12 15:45,233,108,125,0,0,0
2022-09-12 16:00,235,110,125,0,0,0
2022-09-12 16:15,250,132,118,0,0,0
2022-09-12 16:30,265,127,138,0,0,0
2022-09-12 16:45,264,110,154,0,0,0
2022-09-12 17:00,287,121,166,0,0,0
2022-09-12 17:15,264,122,142,0,0,0
2022-09-12 17:30,298,152,146,0,0,0
2022-09-12 17:45,302,142,160,0,0,0
2022-09-12 18:00,246,113,133,0,0,0
2022-09-12 18:15,262,113,149,0,0,0
2022-09-12 18:30,236,111,125,0,0,0
2022-09-12 18:45,273,133,140,0,0,0
2022-09-12 19:00,209,100,109,0,0,0
2022-09-12 19:15,194,88,106,0,0,0
2022-09-12 19:30,191,75,116,0,0,0
2022-09-12 19:45,211,108,103,0,0,0
2022-09-12 20:00,158,83,75,0,0,0
2022-09-12 20:15,132,55,77,0,0,0
2022-09-12 20:30,119,53,66,0,0,0
2022-09-12 20:45,108,49,59,0,0,0
2022-09-12 21:00,94,38,56,0,0,0
2022-09-12 21:15,94,39,55,0,0,0
2022-09-12 21:30,84,28,56,0,0,0
2022-09-12 21:45,107,48,59,0,0,0
2022-09-12 22:00,88,35,53,0,0,0
2022-09-12 22:15,67,24,43,0,0,0
2022-09-12 22:30,63,16,47,0,0,0
2022-09-12 22:45,63,22,41,0,0,0
2022-09-12 23:00,50,24,26,0,0,0
2022-09-12 23:15,43,14,29,0,0,0
2022-09-12 23:30,31,10,21,0,0,0
2022-09-12 23:45,37,6,31,0,0,0
2022-09-13 00:00,17,5,12,0,0,0
2022-09-13 00:15,20,5,15,0,0,0
2022-09-13 00:30,15,8,7,0,0,0
2022-09-13 00:45,13,6,7,0,0,0
2022-09-13 01:00,14,0,14,0,0,0
2022-09-13 01:15,18,4,14,0,0,0
2022-09-13 01:30,6,0,6,0,0,0
2022-09-13 01:45,8,3,5,0,0,0
2022-09-13 02:00,7,2,5,0,0,0
2022-09-13 02:15,23,5,18,0,0,0
2022-09-13 02:30,5,1,4,0,0,0
2022-09-13 02:45,4,3,1,0,0,0
2022-09-13 03:00,3,3,0,0,0,0
2022-09-13 03:15,7,1,6,0,0,0
2022-09-13 03:30,2,1,1,0,0,0
2022-09-13 03:45,2,1,1,0,0,0
2022-09-13 04:00,5,3,2,0,0,0
2022-09-13 04:15,2,1,1,0,0,0
2022-09-13 04:30,3,2,1,0,0,0
2022-09-13 04:45,7,5,2,0,0,0
2022-09-13 05:00,11,7,4,0,0,0
2022-09-13 05:15,14,13,1,0,0,0
2022-09-13 05:30,23,16,7,0,0,0
2022-09-13 05:45,28,21,7,0,0,0
2022-09-13 06:00,34,27,7,0,0,0
2022-09-13 06:15,43,33,10,0,0,0
2022-09-13 06:30,85,56,29,0,0,0
2022-09-13 06:45,114,79,35,0,0,0
2022-09-13 07:00,118,82,36,0,0,0
2022-09-13 07:15,197,145,52,0,0,0
2022-09-13 07:30,353,256,97,0,0,0
2022-09-13 07:45,325,199,126,0,0,0
2022-09-13 08:00,288,174,114,0,0,0
2022-09-13 08:15,273,166,107,0,0,0
2022-09-13 08:30,228,133,95,0,0,0
2022-09-13 08:45,229,153,76,0,0,0
2022-09-13 09:00,166,101,65,0,0,0
2022-09-13 09:15,158,104,54,0,0,0
2022-09-13 09:30,160,95,65,0,0,0
2022-09-13 09:45,185,114,71,0,0,0
2022-09-13 10:00,113,65,48,0,0,0
2022-09-13 10:15,110,65,45,0,0,0
2022-09-13 10:30,120,68,52,0,0,0
2022-09-13 10:45,141,82,59,0,0,0
2022-09-13 11:00,154,80,74,0,0,0
2022-09-13 11:15,130,73,57,0,0,0
2022-09-13 11:30,167,96,71,0,0,0
2022-09-13 11:45,198,115,83,0,0,0
2022-09-13 12:00,248,84,164,0,0,0
2022-09-13 12:15,176,86,90,0,0,0
2022-09-13 12:30,177,88,89,0,0,0
2022-09-13 12:45,161,75,86,0,0,0
2022-09-13 13:00,249,88,161,0,0,0
2022-09-13 13:15,198,91,107,0,0,0
2022-09-13 13:30,207,104,103,0,0,0
2022-09-13 13:45,210,118,92,0,0,0
2022-09-13 14:00,217,99,118,0,0,0
2022-09-13 14:15,190,102,88,0,0,0
2022-09-13 14:30,174,83,91,0,0,0
2022-09-13 14:45,167,79,88,0,0,0
2022-09-13 15:00,211,104,107,0,0,0
2022-09-13 15:15,170,74,96,0,0,0
2022-09-13 15:30,204,102,102,0,0,0
2022-09-13 15:45,262,139,123,0,0,0
2022-09-13 16:00,243,115,128,0,0,0
2022-09-13 16:15,205,98,107,0,0,0
2022-09-13 16:30,264,126,138,0,0,0
2022-09-13 16:45,257,114,143,0,0,0
2022-09-13 17:00,250,103,147,0,0,0
2022-09-13 17:15,267,137,130,0,0,0
2022-09-13 17:30,267,124,143,0,0,0
2022-09-13 17:45,234,112,122,0,0,0
2022-09-13 18:00,249,108,141,0,0,0
2022-09-13 18:15,254,109,145,0,0,0
2022-09-13 18:30,218,111,107,0,0,0
2022-09-13 18:45,232,121,111,0,0,0
2022-09-13 19:00,215,101,114,0,0,0
2022-09-13 19:15,216,95,121,0,0,0
2022-09-13 19:30,169,75,94,0,0,0
2022-09-13 19:45,156,77,79,0,0,0
2022-09-13 20:00,160,69,91,0,0,0
2022-09-13 20:15,162,62,100,0,0,0
2022-09-13 20:30,117,52,65,0,0,0
2022-09-13 20:45,121,54,67,0,0,0
2022-09-13 21:00,104,42,62,0,0,0
2022-09-13 21:15,85,39,46,0,0,0
2022-09-13 21:30,85,37,48,0,0,0
2022-09-13 21:45,74,31,43,0,0,0
2022-09-13 22:00,85,21,64,0,0,0
2022-09-13 22:15,78,31,47,0,0,0
2022-09-13 22:30,71,24,47,0,0,0
2022-09-13 22:45,49,12,37,0,0,0
2022-09-13 23:00,88,33,55,0,0,0
2022-09-13 23:15,60,15,45,0,0,0
2022-09-13 23:30,40,13,27,0,0,0
2022-09-13 23:45,20,10,10,0,0,0
2022-09-14 00:00,22,11,11,0,0,0
2022-09-14 00:15,14,5,9,0,0,0
2022-09-14 00:30,25,8,17,0,0,0
2022-09-14 00:45,21,4,17,0,0,0
2022-09-14 01:00,13,3,10,0,0,0
2022-09-14 01:15,13,2,11,0,0,0
2022-09-14 01:30,24,3,21,0,0,0
2022-09-14 01:45,17,1,16,0,0,0
2022-09-14 02:00,5,0,5,0,0,0
2022-09-14 02:15,8,2,6,0,0,0
2022-09-14 02:30,3,0,3,0,0,0
2022-09-14 02:45,4,1,3,0,0,0
2022-09-14 03:00,2,1,1,0,0,0
2022-09-14 03:15,1,1,0,0,0,0
2022-09-14 03:30,1,0,1,0,0,0
2022-09-14 03:45,2,1,1,0,0,0
2022-09-14 04:00,2,0,2,0,0,0
2022-09-14 04:15,1,0,1,0,0,0
2022-09-14 04:30,8,6,2,0,0,0
2022-09-14 04:45,5,2,3,0,0,0
2022-09-14 05:00,8,5,3,0,0,0
2022-09-14 05:15,13,10,3,0,0,0
2022-09-14 05:30,27,19,8,0,0,0
2022-09-14 05:45,26,18,8,0,0,0
2022-09-14 06:00,27,22,5,0,0,0
2022-09-14 06:15,52,32,20,0,0,0
2022-09-14 06:30,72,42,30,0,0,0
2022-09-14 06:45,99,69,30,0,0,0
2022-09-14 07:00,113,79,34,0,0,0
2022-09-14 07:15,191,153,38,0,0,0
2022-09-14 07:30,312,228,84,0,0,0
2022-09-14 07:45,356,217,139,0,0,0
2022-09-14 08:00,237,131,106,0,0,0
2022-09-14 08:15,220,128,92,0,0,0
2022-09-14 08:30,157,92,65,0,0,0
2022-09-14 08:45,220,131,89,0,0,0
2022-09-14 09:00,126,81,45,0,0,0
2022-09-14 09:15,101,64,37,0,0,0
2022-09-14 09:30,107,64,43,0,0,0
2022-09-14 09:45,148,90,58,0,0,0
2022-09-14 10:00,82,45,37,0,0,0
2022-09-14 10:15,96,50,46,0,0,0
2022-09-14 10:30,105,65,40,0,0,0
2022-09-14 10:45,91,60,31,0,0,0
2022-09-14 11:00,101,53,48,0,0,0
2022-09-14 11:15,106,60,46,0,0,0
2022-09-14 11:30,109,55,54,0,0,0
2022-09-14 11:45,170,86,84,0,0,0
2022-09-14 12:00,147,93,54,0,0,0
2022-09-14 12:15,150,90,60,0,0,0
2022-09-14 12:30,137,69,68,0,0,0
2022-09-14 12:45,153,73,80,0,0,0
2022-09-14 13:00,178,80,98,0,0,0
2022-09-14 13:15,162,68,94,0,0,0
2022-09-14 13:30,141,64,77,0,0,0
2022-09-14 13:45,164,97,67,0,0,0
2022-09-14 14:00,166,65,101,0,0,0
2022-09-14 14:15,169,80,89,0,0,0
2022-09-14 14:30,148,71,77,0,0,0
2022-09-14 14:45,181,79,102,0,0,0
2022-09-14 15:00,158,71,87,0,0,0
2022-09-14 15:15,158,88,70,0,0,0
2022-09-14 15:30,225,63,162,0,0,0
2022-09-14 15:45,172,75,97,0,0,0
2022-09-14 16:00,207,83,124,0,0,0
2022-09-14 16:15,183,92,91,0,0,0
2022-09-14 16:30,228,90,138,0,0,0
2022-09-14 16:45,231,119,112,0,0,0
2022-09-14 17:00,247,125,122,0,0,0
2022-09-14 17:15,233,110,123,0,0,0
2022-09-14 17:30,198,92,106,0,0,0
2022-09-14 17:45,257,128,129,0,0,0
2022-09-14 18:00,203,79,124,0,0,0
2022-09-14 18:15,222,111,111,0,0,0
2022-09-14 18:30,242,128,114,0,0,0
2022-09-14 18:45,219,104,115,0,0,0
2022-09-14 19:00,173,75,98,0,0,0
2022-09-14 19:15,151,77,74,0,0,0
2022-09-14 19:30,155,61,94,0,0,0
2022-09-14 19:45,152,83,69,0,0,0
2022-09-14 20:00,134,62,72,0,0,0
2022-09-14 20:15,139,60,79,0,0,0
2022-09-14 20:30,123,49,74,0,0,0
2022-09-14 20:45,95,42,53,0,0,0
2022-09-14 21:00,112,51,61,0,0,0
2022-09-14 21:15,93,40,53,0,0,0
2022-09-14 21:30,71,21,50,0,0,0
2022-09-14 21:45,72,31,41,0,0,0
2022-09-14 22:00,79,22,57,0,0,0
2022-09-14 22:15,71,30,41,0,0,0
2022-09-14 22:30,80,30,50,0,0,0
2022-09-14 22:45,76,30,46,0,0,0
2022-09-14 23:00,58,20,38,0,0,0
2022-09-14 23:15,60,26,34,0,0,0
2022-09-14 23:30,48,17,31,0,0,0
2022-09-14 23:45,25,6,19,0,0,0
2022-09-15 00:00,61,25,36,0,0,0
2022-09-15 00:15,38,7,31,0,0,0
2022-09-15 00:30,26,5,21,0,0,0
2022-09-15 00:45,36,12,24,0,0,0
2022-09-15 01:00,17,7,10,0,0,0
2022-09-15 01:15,29,3,26,0,0,0
2022-09-15 01:30,34,8,26,0,0,0
2022-09-15 01:45,18,2,16,0,0,0
2022-09-15 02:00,28,2,26,0,0,0
2022-09-15 02:15,19,2,17,0,0,0
2022-09-15 02:30,9,0,9,0,0,0
2022-09-15 02:45,11,2,9,0,0,0
2022-09-15 03:00,8,2,6,0,0,0
2022-09-15 03:15,11,3,8,0,0,0
2022-09-15 03:30,15,1,14,0,0,0
2022-09-15 03:45,7,4,3,0,0,0
2022-09-15 04:00,7,1,6,0,0,0
2022-09-15 04:15,14,2,12,0,0,0
2022-09-15 04:30,5,0,5,0,0,0
2022-09-15 04:45,13,7,6,0,0,0
2022-09-15 05:00,15,6,9,0,0,0
2022-09-15 05:15,13,8,5,0,0,0
2022-09-15 05:30,16,13,3,0,0,0
2022-09-15 05:45,23,15,8,0,0,0
2022-09-15 06:00,29,17,12,0,0,0
2022-09-15 06:15,44,35,9,0,0,0
2022-09-15 06:30,60,33,27,0,0,0
2022-09-15 06:45,86,58,28,0,0,0
2022-09-15 07:00,104,73,31,0,0,0
2022-09-15 07:15,157,116,41,0,0,0
2022-09-15 07:30,351,264,87,0,0,0
2022-09-15 07:45,348,203,145,0,0,0
2022-09-15 08:00,269,157,112,0,0,0
2022-09-15 08:15,222,125,97,0,0,0
2022-09-15 08:30,175,100,75,0,0,0
2022-09-15 08:45,215,116,99,0,0,0
2022-09-15 09:00,144,91,53,0,0,0
2022-09-15 09:15,135,65,70,0,0,0
2022-09-15 09:30,151,79,72,0,0,0
2022-09-15 09:45,172,88,84,0,0,0
2022-09-15 10:00,134,95,39,0,0,0
2022-09-15 10:15,108,62,46,0,0,0
2022-09-15 10:30,101,57,44,0,0,0
2022-09-15 10:45,129,77,52,0,0,0
2022-09-15 11:00,136,73,63,0,0,0
2022-09-15 11:15,112,56,56,0,0,0
2022-09-15 11:30,146,64,82,0,0,0
2022-09-15 11:45,164,89,75,0,0,0
2022-09-15 12:00,209,94,115,0,0,0
2022-09-15 12:15,162,91,71,0,0,0
2022-09-15 12:30,140,62,78,0,0,0
2022-09-15 12:45,158,92,66,0,0,0
2022-09-15 13:00,172,94,78,0,0,0
2022-09-15 13:15,156,64,92,0,0,0
2022-09-15 13:30,208,116,92,0,0,0
2022-09-15 13:45,193,94,99,0,0,0
2022-09-15 14:00,181,74,107,0,0,0
2022-09-15 14:15,197,103,94,0,0,0
2022-09-15 14:30,169,97,72,0,0,0
2022-09-15 14:45,172,76,96,0,0,0
2022-09-15 15:00,177,89,88,0,0,0
2022-09-15 15:15,212,93,119,0,0,0
2022-09-15 15:30,275,116,159,0,0,0
2022-09-15 15:45,291,135,156,0,0,0
2022-09-15 16:00,252,117,135,0,0,0
2022-09-15 16:15,254,118,136,0,0,0
2022-09-15 16:30,240,110,130,0,0,0
2022-09-15 16:45,238,121,117,0,0,0
2022-09-15 17:00,239,111,128,0,0,0
2022-09-15 17:15,257,132,125,0,0,0
2022-09-15 17:30,245,111,134,0,0,0
2022-09-15 17:45,257,124,133,0,0,0
2022-09-15 18:00,253,126,127,0,0,0
2022-09-15 18:15,221,96,125,0,0,0
2022-09-15 18:30,176,83,93,0,0,0
2022-09-15 18:45,232,113,119,0,0,0
2022-09-15 19:00,203,99,104,0,0,0
2022-09-15 19:15,168,77,91,0,0,0
2022-09-15 19:30,131,57,74,0,0,0
2022-09-15 19:45,172,73,99,0,0,0
2022-09-15 20:00,131,66,65,0,0,0
2022-09-15 20:15,115,51,64,0,0,0
2022-09-15 20:30,80,38,42,0,0,0
2022-09-15 20:45,87,42,45,0,0,0
2022-09-15 21:00,104,44,60,0,0,0
2022-09-15 21:15,95,28,67,0,0,0
2022-09-15 21:30,78,23,55,0,0,0
2022-09-15 21:45,94,29,65,0,0,0
2022-09-15 22:00,74,24,50,0,0,0
2022-09-15 22:15,70,25,45,0,0,0
2022-09-15 22:30,76,29,47,0,0,0
2022-09-15 22:45,61,14,47,0,0,0
2022-09-15 23:00,55,23,32,0,0,0
2022-09-15 23:15,52,14,38,0,0,0
2022-09-15 23:30,38,8,30,0,0,0
2022-09-15 23:45,37,13,24,0,0,0
2022-09-16 00:00,40,5,35,0,0,0
2022-09-16 00:15,34,8,26,0,0,0
2022-09-16 00:30,17,4,13,0,0,0
2022-09-16 00:45,23,4,19,0,0,0
2022-09-16 01:00,12,1,11,0,0,0
2022-09-16 01:15,20,6,14,0,0,0
2022-09-16 01:30,16,3,13,0,0,0
2022-09-16 01:45,13,2,11,0,0,0
2022-09-16 02:00,4,1,3,0,0,0
2022-09-16 02:15,3,0,3,0,0,0
2022-09-16 02:30,4,2,2,0,0,0
2022-09-16 02:45,2,2,0,0,0,0
2022-09-16 03:00,7,1,6,0,0,0
2022-09-16 03:15,5,2,3,0,0,0
2022-09-16 03:30,6,3,3,0,0,0
2022-09-16 03:45,5,2,3,0,0,0
2022-09-16 04:00,2,2,0,0,0,0
2022-09-16 04:15,2,0,2,0,0,0
2022-09-16 04:30,7,2,5,0,0,0
2022-09-16 04:45,12,7,5,0,0,0
2022-09-16 05:00,10,6,4,0,0,0
2022-09-16 05:15,7,5,2,0,0,0
2022-09-16 05:30,18,15,3,0,0,0
2022-09-16 05:45,17,12,5,0,0,0
2022-09-16 06:00,26,16,10,0,0,0
2022-09-16 06:15,20,14,6,0,0,0
2022-09-16 06:30,60,37,23,0,0,0
2022-09-16 06:45,89,59,30,0,0,0
2022-09-16 07:00,81,55,26,0,0,0
2022-09-16 07:15,118,87,31,0,0,0
2022-09-16 07:30,276,198,78,0,0,0
2022-09-16 07:45,265,136,129,0,0,0
2022-09-16 08:00,207,91,116,0,0,0
2022-09-16 08:15,185,102,83,0,0,0
2022-09-16 08:30,161,93,68,0,0,0
2022-09-16 08:45,154,94,60,0,0,0
2022-09-16 09:00,115,74,41,0,0,0
2022-09-16 09:15,117,65,52,0,0,0
2022-09-16 09:30,135,75,60,0,0,0
2022-09-16 09:45,185,97,88,0,0,0
2022-09-16 10:00,109,57,52,0,0,0
2022-09-16 10:15,89,49,40,0,0,0
2022-09-16 10:30,104,50,54,0,0,0
2022-09-16 10:45,138,71,67,0,0,0
2022-09-16 11:00,124,68,56,0,0,0
2022-09-16 11:15,122,69,53,0,0,0
2022-09-16 11:30,161,83,78,0,0,0
2022-09-16 11:45,165,91,74,0,0,0
2022-09-16 12:00,181,85,96,0,0,0
2022-09-16 12:15,182,97,85,0,0,0
2022-09-16 12:30,164,92,72,0,0,0
2022-09-16 12:45,165,98,67,0,0,0
2022-09-16 13:00,201,76,125,0,0,0
2022-09-16 13:15,224,88,136,0,0,0
2022-09-16 13:30,178,97,81,0,0,0
2022-09-16 13:45,204,121,83,0,0,0
2022-09-16 14:00,207,95,112,0,0,0
2022-09-16 14:15,200,111,89,0,0,0
2022-09-16 14:30,181,86,95,0,0,0
2022-09-16 14:45,195,105,90,0,0,0
2022-09-16 15:00,187,73,114,0,0,0
2022-09-16 15:15,202,89,113,0,0,0
2022-09-16 15:30,224,124,100,0,0,0
2022-09-16 15:45,186,109,77,0,0,0
2022-09-16 16:00,212,107,105,0,0,0
2022-09-16 16:15,188,115,73,0,0,0
2022-09-16 16:30,212,114,98,0,0,0
2022-09-16 16:45,188,100,88,0,0,0
2022-09-16 17:00,216,110,106,0,0,0
2022-09-16 17:15,196,87,109,0,0,0
2022-09-16 17:30,187,95,92,0,0,0
2022-09-16 17:45,202,106,96,0,0,0
2022-09-16 18:00,215,82,133,0,0,0
2022-09-16 18:15,190,83,107,0,0,0
2022-09-16 18:30,155,70,85,0,0,0
2022-09-16 18:45,177,99,78,0,0,0
2022-09-16 19:00,181,89,92,0,0,0
2022-09-16 19:15,157,81,76,0,0,0
2022-09-16 19:30,153,77,76,0,0,0
2022-09-16 19:45,182,90,92,0,0,0
2022-09-16 20:00,133,72,61,0,0,0
2022-09-16 20:15,103,47,56,0,0,0
2022-09-16 20:30,96,42,54,0,0,0
2022-09-16 20:45,92,33,59,0,0,0
2022-09-16 21:00,70,30,40,0,0,0
2022-09-16 21:15,81,35,46,0,0,0
2022-09-16 21:30,89,41,48,0,0,0
2022-09-16 21:45,82,29,53,0,0,0
2022-09-16 22:00,71,23,48,0,0,0
2022-09-16 22:15,73,29,44,0,0,0
2022-09-16 22:30,70,24,46,0,0,0
2022-09-16 22:45,69,23,46,0,0,0
2022-09-16 23:00,63,15,48,0,0,0
2022-09-16 23:15,53,17,36,0,0,0
2022-09-16 23:30,58,18,40,0,0,0
2022-09-16 23:45,62,15,47,0,0,0
2022-09-17 00:00,51,18,33,0,0,0
2022-09-17 00:15,48,12,36,0,0,0
2022-09-17 00:30,46,18,28,0,0,0
2022-09-17 00:45,45,7,38,0,0,0
2022-09-17 01:00,42,11,31,0,0,0
2022-09-17 01:15,14,6,8,0,0,0
2022-09-17 01:30,37,8,29,0,0,0
2022-09-17 01:45,31,11,20,0,0,0
2022-09-17 02:00,37,8,29,0,0,0
2022-09-17 02:15,33,3,30,0,0,0
2022-09-17 02:30,19,5,14,0,0,0
2022-09-17 02:45,17,6,11,0,0,0
2022-09-17 03:00,33,5,28,0,0,0
2022-09-17 03:15,31,2,29,0,0,0
2022-09-17 03:30,17,4,13,0,0,0
2022-09-17 03:45,12,0,12,0,0,0
2022-09-17 04:00,11,1,10,0,0,0
2022-09-17 04:15,17,4,13,0,0,0
2022-09-17 04:30,11,0,11,0,0,0
2022-09-17 04:45,15,5,10,0,0,0
2022-09-17 05:00,12,0,12,0,0,0
2022-09-17 05:15,12,6,6,0,0,0
2022-09-17 05:30,18,10,8,0,0,0
2022-09-17 05:45,9,6,3,0,0,0
2022-09-17 06:00,15,8,7,0,0,0
2022-09-17 06:15,21,8,13,0,0,0
2022-09-17 06:30,14,12,2,0,0,0
2022-09-17 06:45,19,12,7,0,0,0
2022-09-17 07:00,22,16,6,0,0,0
2022-09-17 07:15,23,17,6,0,0,0
2022-09-17 07:30,33,23,10,0,0,0
2022-09-17 07:45,29,22,7,0,0,0
2022-09-17 08:00,46,35,11,0,0,0
2022-09-17 08:15,60,51,9,0,0,0
2022-09-17 08:30,56,36,20,0,0,0
2022-09-17 08:45,92,64,28,0,0,0
2022-09-17 09:00,58,35,23,0,0,0
2022-09-17 09:15,98,67,31,0,0,0
2022-09-17 09:30,96,64,32,0,0,0
2022-09-17 09:45,147,112,35,0,0,0
2022-09-17 10:00,127,92,35,0,0,0
2022-09-17 10:15,114,83,31,0,0,0
2022-09-17 10:30,162,113,49,0,0,0
2022-09-17 10:45,138,97,41,0,0,0
2022-09-17 11:00,141,88,53,0,0,0
2022-09-17 11:15,148,99,49,0,0,0
2022-09-17 11:30,167,106,61,0,0,0
2022-09-17 11:45,145,77,68,0,0,0
2022-09-17 12:00,157,84,73,0,0,0
2022-09-17 12:15,138,75,63,0,0,0
2022-09-17 12:30,180,106,74,0,0,0
2022-09-17 12:45,187,97,90,0,0,0
2022-09-17 13:00,181,88,93,0,0,0
2022-09-17 13:15,129,74,55,0,0,0
2022-09-17 13:30,154,81,73,0,0,0
2022-09-17 13:45,131,71,60,0,0,0
2022-09-17 14:00,178,90,88,0,0,0
2022-09-17 14:15,114,53,61,0,0,0
2022-09-17 14:30,89,38,51,0,0,0
2022-09-17 14:45,123,43,80,0,0,0
2022-09-17 15:00,158,55,103,0,0,0
2022-09-17 15:15,123,53,70,0,0,0
2022-09-17 15:30,87,36,51,0,0,0
2022-09-17 15:45,82,36,46,0,0,0
2022-09-17 16:00,92,41,51,0,0,0
2022-09-17 16:15,130,44,86,0,0,0
2022-09-17 16:30,120,30,90,0,0,0
2022-09-17 16:45,135,54,81,0,0,0
2022-09-17 17:00,63,26,37,0,0,0
2022-09-17 17:15,99,49,50,0,0,0
2022-09-17 17:30,101,42,59,0,0,0
2022-09-17 17:45,118,41,77,0,0,0
2022-09-17 18:00,130,43,87,0,0,0
2022-09-17 18:15,129,54,75,0,0,0
2022-09-17 18:30,127,41,86,0,0,0
2022-09-17 18:45,121,56,65,0,0,0
2022-09-17 19:00,113,56,57,0,0,0
2022-09-17 19:15,105,47,58,0,0,0
2022-09-17 19:30,96,46,50,0,0,0
2022-09-17 19:45,95,55,40,0,0,0
2022-09-17 20:00,120,59,61,0,0,0
2022-09-17 20:15,98,49,49,0,0,0
2022-09-17 20:30,83,32,51,0,0,0
2022-09-17 20:45,75,27,48,0,0,0
2022-09-17 21:00,51,23,28,0,0,0
2022-09-17 21:15,70,22,48,0,0,0
2022-09-17 21:30,62,24,38,0,0,0
2022-09-17 21:45,59,21,38,0,0,0
2022-09-17 22:00,54,21,33,0,0,0
2022-09-17 22:15,62,21,41,0,0,0
2022-09-17 22:30,40,22,18,0,0,0
2022-09-17 22:45,43,16,27,0,0,0
2022-09-17 23:00,45,16,29,0,0,0
2022-09-17 23:15,52,30,22,0,0,0
2022-09-17 23:30,36,15,21,0,0,0
2022-09-17 23:45,31,8,23,0,0,0
2022-09-18 00:00,42,11,31,0,0,0
2022-09-18 00:15,48,16,32,0,0,0
2022-09-18 00:30,40,15,25,0,0,0
2022-09-18 00:45,24,5,19,0,0,0
2022-09-18 01:00,44,22,22,0,0,0
2022-09-18 01:15,65,26,39,0,0,0
2022-09-18 01:30,31,1,30,0,0,0
2022-09-18 01:45,43,16,27,0,0,0
2022-09-18 02:00,29,5,24,0,0,0
2022-09-18 02:15,22,2,20,0,0,0
2022-09-18 02:30,19,3,16,0,0,0
2022-09-18 02:45,30,1,29,0,0,0
2022-09-18 03:00,14,2,12,0,0,0
2022-09-18 03:15,24,3,21,0,0,0
2022-09-18 03:30,18,5,13,0,0,0
2022-09-18 03:45,21,0,21,0,0,0
2022-09-18 04:00,9,2,7,0,0,0
2022-09-18 04:15,14,2,12,0,0,0
2022-09-18 04:30,14,3,11,0,0,0
2022-09-18 04:45,11,0,11,0,0,0
2022-09-18 05:00,8,1,7,0,0,0
2022-09-18 05:15,5,2,3,0,0,0
2022-09-18 05:30,11,3,8,0,0,0
2022-09-18 05:45,8,5,3,0,0,0
2022-09-18 06:00,9,1,8,0,0,0
2022-09-18 06:15,13,6,7,0,0,0
2022-09-18 06:30,14,8,6,0,0,0
2022-09-18 06:45,4,2,2,0,0,0
2022-09-18 07:00,5,2,3,0,0,0
2022-09-18 07:15,10,6,4,0,0,0
2022-09-18 07:30,15,9,6,0,0,0
2022-09-18 07:45,7,6,1,0,0,0
2022-09-18 08:00,5,5,0,0,0,0
2022-09-18 08:15,10,9,1,0,0,0
2022-09-18 08:30,10,6,4,0,0,0
2022-09-18 08:45,35,27,8,0,0,0
2022-09-18 09:00,17,7,10,0,0,0
2022-09-18 09:15,17,8,9,0,0,0
2022-09-18 09:30,33,19,14,0,0,0
2022-09-18 09:45,44,27,17,0,0,0
2022-09-18 10:00,42,31,11,0,0,0
2022-09-18 10:15,50,34,16,0,0,0
2022-09-18 10:30,39,25,14,0,0,0
2022-09-18 10:45,41,22,19,0,0,0
2022-09-18 11:00,24,17,7,0,0,0
2022-09-18 11:15,27,9,18,0,0,0
2022-09-18 11:30,39,23,16,0,0,0
2022-09-18 11:45,41,27,14,0,0,0
2022-09-18 12:00,23,10,13,0,0,0
2022-09-18 12:15,28,12,16,0,0,0
2022-09-18 12:30,40,20,20,0,0,0
2022-09-18 12:45,40,19,21,0,0,0
2022-09-18 13:00,35,15,20,0,0,0
2022-09-18 13:15,31,20,11,0,0,0
2022-09-18 13:30,42,26,16,0,0,0
2022-09-18 13:45,46,21,25,0,0,0
2022-09-18 14:00,39,15,24,0,0,0
2022-09-18 14:15,34,19,15,0,0,0
2022-09-18 14:30,47,16,31,0,0,0
2022-09-18 14:45,44,19,25,0,0,0
2022-09-18 15:00,53,17,36,0,0,0
2022-09-18 15:15,50,14,36,0,0,0
2022-09-18 15:30,58,23,35,0,0,0
2022-09-18 15:45,66,35,31,0,0,0
2022-09-18 16:00,49,23,26,0,0,0
2022-09-18 16:15,46,22,24,0,0,0
2022-09-18 16:30,54,22,32,0,0,0
2022-09-18 16:45,65,36,29,0,0,0
2022-09-18 17:00,56,29,27,0,0,0
2022-09-18 17:15,54,25,29,0,0,0
2022-09-18 17:30,62,37,25,0,0,0
2022-09-18 17:45,53,32,21,0,0,0
2022-09-18 18:00,53,21,32,0,0,0
2022-09-18 18:15,48,30,18,0,0,0
2022-09-18 18:30,47,24,23,0,0,0
2022-09-18 18:45,72,37,35,0,0,0
2022-09-18 19:00,56,30,26,0,0,0
2022-09-18 19:15,61,17,44,0,0,0
2022-09-18 19:30,66,30,36,0,0,0
2022-09-18 19:45,72,25,47,0,0,0
2022-09-18 20:00,75,35,40,0,0,0
2022-09-18 20:15,49,20,29,0,0,0
2022-09-18 20:30,29,9,20,0,0,0
2022-09-18 20:45,46,20,26,0,0,0
2022-09-18 21:00,32,11,21,0,0,0
2022-09-18 21:15,40,4,36,0,0,0
2022-09-18 21:30,21,7,14,0,0,0
2022-09-18 21:45,32,13,19,0,0,0
2022-09-18 22:00,24,12,12,0,0,0
2022-09-18 22:15,35,12,23,0,0,0
2022-09-18 22:30,25,12,13,0,0,0
2022-09-18 22:45,21,6,15,0,0,0
2022-09-18 23:00,20,7,13,0,0,0
2022-09-18 23:15,17,3,14,0,0,0
2022-09-18 23:30,14,1,13,0,0,0
2022-09-18 23:45,10,3,7,0,0,0
2022-09-19 00:00,8,1,7,0,0,0
2022-09-19 00:15,2,1,1,0,0,0
2022-09-19 00:30,7,1,6,0,0,0
2022-09-19 00:45,9,3,6,0,0,0
2022-09-19 01:00,5,3,2,0,0,0
2022-09-19 01:15,3,2,1,0,0,0
2022-09-19 01:30,3,2,1,0,0,0
2022-09-19 01:45,1,0,1,0,0,0
2022-09-19 02:00,1,0,1,0,0,0
2022-09-19 02:15,1,1,0,0,0,0
2022-09-19 02:30,1,0,1,0,0,0
2022-09-19 02:45,1,1,0,0,0,0
2022-09-19 03:00,1,1,0,0,0,0
2022-09-19 03:15,0,0,0,0,0,0
2022-09-19 03:30,4,2,2,0,0,0
2022-09-19 03:45,2,2,0,0,0,0
2022-09-19 04:00,2,1,1,0,0,0
2022-09-19 04:15,2,1,1,0,0,0
2022-09-19 04:30,6,2,4,0,0,0
2022-09-19 04:45,9,6,3,0,0,0
2022-09-19 05:00,6,4,2,0,0,0
2022-09-19 05:15,12,9,3,0,0,0
2022-09-19 05:30,16,10,6,0,0,0
2022-09-19 05:45,24,18,6,0,0,0
2022-09-19 06:00,29,18,11,0,0,0
2022-09-19 06:15,29,20,9,0,0,0
2022-09-19 06:30,57,29,28,0,0,0
2022-09-19 06:45,83,52,31,0,0,0
2022-09-19 07:00,84,52,32,0,0,0
2022-09-19 07:15,156,101,55,0,0,0
2022-09-19 07:30,253,188,65,0,0,0
2022-09-19 07:45,309,190,119,0,0,0
2022-09-19 08:00,188,92,96,0,0,0
2022-09-19 08:15,179,109,70,0,0,0
2022-09-19 08:30,157,87,70,0,0,0
2022-09-19 08:45,195,99,96,0,0,0
2022-09-19 09:00,114,59,55,0,0,0
2022-09-19 09:15,109,61,48,0,0,0
2022-09-19 09:30,125,70,55,0,0,0
2022-09-19 09:45,134,88,46,0,0,0
2022-09-19 10:00,99,56,43,0,0,0
2022-09-19 10:15,95,61,34,0,0,0
2022-09-19 10:30,96,54,42,0,0,0
2022-09-19 10:45,112,59,53,0,0,0
2022-09-19 11:00,108,48,60,0,0,0
2022-09-19 11:15,105,63,42,0,0,0
2022-09-19 11:30,131,65,66,0,0,0
2022-09-19 11:45,119,55,64,0,0,0
2022-09-19 12:00,117,58,59,0,0,0
2022-09-19 12:15,143,62,81,0,0,0
2022-09-19 12:30,162,82,80,0,0,0
2022-09-19 12:45,158,82,76,0,0,0
2022-09-19 13:00,136,50,86,0,0,0
2022-09-19 13:15,160,67,93,0,0,0
2022-09-19 13:30,168,70,98,0,0,0
2022-09-19 13:45,144,65,79,0,0,0
2022-09-19 14:00,143,51,92,0,0,0
2022-09-19 14:15,160,70,90,0,0,0
2022-09-19 14:30,105,38,67,0,0,0
2022-09-19 14:45,194,81,113,0,0,0
2022-09-19 15:00,126,49,77,0,0,0
2022-09-19 15:15,140,60,80,0,0,0
2022-09-19 15:30,222,108,114,0,0,0
2022-09-19 15:45,213,90,123,0,0,0
2022-09-19 16:00,227,105,122,0,0,0
2022-09-19 16:15,165,61,104,0,0,0
2022-09-19 16:30,206,94,112,0,0,0
2022-09-19 16:45,193,92,101,0,0,0
2022-09-19 17:00,236,96,140,0,0,0
2022-09-19 17:15,242,103,139,0,0,0
2022-09-19 17:30,202,96,106,0,0,0
2022-09-19 17:45,208,99,109,0,0,0
2022-09-19 18:00,203,88,115,0,0,0
2022-09-19 18:15,179,82,97,0,0,0
2022-09-19 18:30,191,85,106,0,0,0
2022-09-19 18:45,204,106,98,0,0,0
2022-09-19 19:00,137,68,69,0,0,0
2022-09-19 19:15,134,57,77,0,0,0
2022-09-19 19:30,139,61,78,0,0,0
2022-09-19 19:45,133,66,67,0,0,0
2022-09-19 20:00,111,59,52,0,0,0
2022-09-19 20:15,102,33,69,0,0,0
2022-09-19 20:30,73,35,38,0,0,0
2022-09-19 20:45,103,45,58,0,0,0
2022-09-19 21:00,54,22,32,0,0,0
2022-09-19 21:15,58,27,31,0,0,0
2022-09-19 21:30,58,16,42,0,0,0
2022-09-19 21:45,77,22,55,0,0,0
2022-09-19 22:00,67,23,44,0,0,0
2022-09-19 22:15,51,18,33,0,0,0
2022-09-19 22:30,32,7,25,0,0,0
2022-09-19 22:45,42,10,32,0,0,0
2022-09-19 23:00,30,15,15,0,0,0
2022-09-19 23:15,47,17,30,0,0,0
2022-09-19 23:30,26,7,19,0,0,0
2022-09-19 23:45,22,6,16,0,0,0
2022-09-20 00:00,16,7,9,0,0,0
2022-09-20 00:15,9,1,8,0,0,0
2022-09-20 00:30,20,4,16,0,0,0
2022-09-20 00:45,7,2,5,0,0,0
2022-09-20 01:00,13,3,10,0,0,0
2022-09-20 01:15,9,5,4,0,0,0
2022-09-20 01:30,9,2,7,0,0,0
2022-09-20 01:45,3,2,1,0,0,0
2022-09-20 02:00,3,2,1,0,0,0
2022-09-20 02:15,4,1,3,0,0,0
2022-09-20 02:30,3,0,3,0,0,0
2022-09-20 02:45,4,0,4,0,0,0
2022-09-20 03:00,2,1,1,0,0,0
2022-09-20 03:15,2,1,1,0,0,0
2022-09-20 03:30,2,2,0,0,0,0
2022-09-20 03:45,2,1,1,0,0,0
2022-09-20 04:00,0,0,0,0,0,0
2022-09-20 04:15,2,0,2,0,0,0
2022-09-20 04:30,5,3,2,0,0,0
2022-09-20 04:45,8,5,3,0,0,0
2022-09-20 05:00,8,8,0,0,0,0
2022-09-20 05:15,15,10,5,0,0,0
2022-09-20 05:30,23,14,9,0,0,0
2022-09-20 05:45,22,18,4,0,0,0
2022-09-20 06:00,34,24,10,0,0,0
2022-09-20 06:15,36,26,10,0,0,0
2022-09-20 06:30,66,43,23,0,0,0
2022-09-20 06:45,101,64,37,0,0,0
2022-09-20 07:00,86,55,31,0,0,0
2022-09-20 07:15,180,123,57,0,0,0
2022-09-20 07:30,317,237,80,0,0,0
2022-09-20 07:45,324,181,143,0,0,0
2022-09-20 08:00,267,120,147,0,0,0
2022-09-20 08:15,193,108,85,0,0,0
2022-09-20 08:30,208,106,102,0,0,0
2022-09-20 08:45,214,98,116,0,0,0
2022-09-20 09:00,157,87,70,0,0,0
2022-09-20 09:15,129,74,55,0,0,0
2022-09-20 09:30,156,89,67,0,0,0
2022-09-20 09:45,156,95,61,0,0,0
2022-09-20 10:00,99,59,40,0,0,0
2022-09-20 10:15,94,52,42,0,0,0
2022-09-20 10:30,119,69,50,0,0,0
2022-09-20 10:45,135,88,47,0,0,0
2022-09-20 11:00,128,73,55,0,0,0
2022-09-20 11:15,143,68,75,0,0,0
2022-09-20 11:30,130,60,70,0,0,0
2022-09-20 11:45,163,82,81,0,0,0
2022-09-20 12:00,169,77,92,0,0,0
2022-09-20 12:15,185,108,77,0,0,0
2022-09-20 12:30,162,77,85,0,0,0
2022-09-20 12:45,183,106,77,0,0,0
2022-09-20 13:00,205,75,130,0,0,0
2022-09-20 13:15,191,86,105,0,0,0
2022-09-20 13:30,188,77,111,0,0,0
2022-09-20 13:45,171,84,87,0,0,0
2022-09-20 14:00,182,71,111,0,0,0
2022-09-20 14:15,185,89,96,0,0,0
2022-09-20 14:30,194,100,94,0,0,0
2022-09-20 14:45,211,99,112,0,0,0
2022-09-20 15:00,173,78,95,0,0,0
2022-09-20 15:15,176,79,97,0,0,0
2022-09-20 15:30,201,98,103,0,0,0
2022-09-20 15:45,229,118,111,0,0,0
2022-09-20 16:00,200,93,107,0,0,0
2022-09-20 16:15,247,120,127,0,0,0
2022-09-20 16:30,248,101,147,0,0,0
2022-09-20 16:45,224,111,113,0,0,0
2022-09-20 17:00,238,90,148,0,0,0
2022-09-20 17:15,235,114,121,0,0,0
2022-09-20 17:30,217,98,119,0,0,0
2022-09-20 17:45,263,137,126,0,0,0
2022-09-20 18:00,235,84,151,0,0,0
2022-09-20 18:15,213,93,120,0,0,0
2022-09-20 18:30,177,89,88,0,0,0
2022-09-20 18:45,194,87,107,0,0,0
2022-09-20 19:00,181,76,105,0,0,0
2022-09-20 19:15,171,78,93,0,0,0
2022-09-20 19:30,175,76,99,0,0,0
2022-09-20 19:45,174,80,94,0,0,0
2022-09-20 20:00,123,62,61,0,0,0
2022-09-20 20:15,114,50,64,0,0,0
2022-09-20 20:30,93,41,52,0,0,0
2022-09-20 20:45,81,32,49,0,0,0
2022-09-20 21:00,115,55,60,0,0,0
2022-09-20 21:15,76,23,53,0,0,0
2022-09-20 21:30,88,30,58,0,0,0
2022-09-20 21:45,66,19,47,0,0,0
2022-09-20 22:00,68,20,48,0,0,0
2022-09-20 22:15,97,45,52,0,0,0
2022-09-20 22:30,87,24,63,0,0,0
2022-09-20 22:45,83,23,60,0,0,0
2022-09-20 23:00,50,12,38,0,0,0
2022-09-20 23:15,54,23,31,0,0,0
2022-09-20 23:30,26,8,18,0,0,0
2022-09-20 23:45,27,10,17,0,0,0
2022-09-21 00:00,36,10,26,0,0,0
2022-09-21 00:15,11,3,8,0,0,0
2022-09-21 00:30,25,10,15,0,0,0
2022-09-21 00:45,11,3,8,0,0,0
2022-09-21 01:00,28,8,20,0,0,0
2022-09-21 01:15,19,2,17,0,0,0
2022-09-21 01:30,14,3,11,0,0,0
2022-09-21 01:45,8,3,5,0,0,0
2022-09-21 02:00,2,1,1,0,0,0
2022-09-21 02:15,7,1,6,0,0,0
2022-09-21 02:30,3,0,3,0,0,0
2022-09-21 02:45,1,1,0,0,0,0
2022-09-21 03:00,2,1,1,0,0,0
2022-09-21 03:15,8,2,6,0,0,0
2022-09-21 03:30,3,0,3,0,0,0
2022-09-21 03:45,3,2,1,0,0,0
2022-09-21 04:00,1,0,1,0,0,0
2022-09-21 04:15,5,2,3,0,0,0
2022-09-21 04:30,4,3,1,0,0,0
2022-09-21 04:45,11,8,3,0,0,0
2022-09-21 05:00,12,10,2,0,0,0
2022-09-21 05:15,10,7,3,0,0,0
2022-09-21 05:30,15,8,7,0,0,0
2022-09-21 05:45,25,19,6,0,0,0
2022-09-21 06:00,35,25,10,0,0,0
2022-09-21 06:15,42,32,10,0,0,0
2022-09-21 06:30,83,56,27,0,0,0
2022-09-21 06:45,90,63,27,0,0,0
2022-09-21 07:00,112,80,32,0,0,0
2022-09-21 07:15,200,157,43,0,0,0
2022-09-21 07:30,342,271,71,0,0,0
2022-09-21 07:45,333,213,120,0,0,0
2022-09-21 08:00,244,139,105,0,0,0
2022-09-21 08:15,225,138,87,0,0,0
2022-09-21 08:30,225,119,106,0,0,0
2022-09-21 08:45,244,122,122,0,0,0
2022-09-21 09:00,172,90,82,0,0,0
2022-09-21 09:15,158,111,47,0,0,0
2022-09-21 09:30,141,76,65,0,0,0
2022-09-21 09:45,174,88,86,0,0,0
2022-09-21 10:00,127,69,58,0,0,0
2022-09-21 10:15,90,41,49,0,0,0
2022-09-21 10:30,125,77,48,0,0,0
2022-09-21 10:45,138,86,52,0,0,0
2022-09-21 11:00,124,64,60,0,0,0
2022-09-21 11:15,153,80,73,0,0,0
2022-09-21 11:30,135,78,57,0,0,0
2022-09-21 11:45,146,79,67,0,0,0
2022-09-21 12:00,148,82,66,0,0,0
2022-09-21 12:15,177,104,73,0,0,0
2022-09-21 12:30,175,86,89,0,0,0
2022-09-21 12:45,188,83,105,0,0,0
2022-09-21 13:00,191,84,107,0,0,0
2022-09-21 13:15,223,97,126,0,0,0
2022-09-21 13:30,195,96,99,0,0,0
2022-09-21 13:45,186,87,99,0,0,0
2022-09-21 14:00,197,85,112,0,0,0
2022-09-21 14:15,188,79,109,0,0,0
2022-09-21 14:30,192,83,109,0,0,0
2022-09-21 14:45,188,83,105,0,0,0
2022-09-21 15:00,156,67,89,0,0,0
2022-09-21 15:15,207,111,96,0,0,0
2022-09-21 15:30,270,114,156,0,0,0
2022-09-21 15:45,283,121,162,0,0,0
2022-09-21 16:00,228,106,122,0,0,0
2022-09-21 16:15,221,101,120,0,0,0
2022-09-21 16:30,246,107,139,0,0,0
2022-09-21 16:45,268,143,125,0,0,0
2022-09-21 17:00,277,139,138,0,0,0
2022-09-21 17:15,229,103,126,0,0,0
2022-09-21 17:30,233,109,124,0,0,0
2022-09-21 17:45,261,124,137,0,0,0
2022-09-21 18:00,249,115,134,0,0,0
2022-09-21 18:15,236,123,113,0,0,0
2022-09-21 18:30,227,100,127,0,0,0
2022-09-21 18:45,213,103,110,0,0,0
2022-09-21 19:00,201,99,102,0,0,0
2022-09-21 19:15,222,117,105,0,0,0
2022-09-21 19:30,132,71,61,0,0,0
2022-09-21 19:45,167,76,91,0,0,0
2022-09-21 20:00,142,65,77,0,0,0
2022-09-21 20:15,133,51,82,0,0,0
2022-09-21 20:30,95,34,61,0,0,0
2022-09-21 20:45,88,31,57,0,0,0
2022-09-21 21:00,84,30,54,0,0,0
2022-09-21 21:15,99,45,54,0,0,0
2022-09-21 21:30,83,33,50,0,0,0
2022-09-21 21:45,96,34,62,0,0,0
2022-09-21 22:00,94,29,65,0,0,0
2022-09-21 22:15,76,36,40,0,0,0
2022-09-21 22:30,64,16,48,0,0,0
2022-09-21 22:45,71,22,49,0,0,0
2022-09-21 23:00,62,23,39,0,0,0
2022-09-21 23:15,47,17,30,0,0,0
2022-09-21 23:30,30,12,18,0,0,0
2022-09-21 23:45,52,15,37,0,0,0
2022-09-22 00:00,46,7,39,0,0,0
2022-09-22 00:15,33,13,20,0,0,0
2022-09-22 00:30,10,4,6,0,0,0
2022-09-22 00:45,42,4,38,0,0,0
2022-09-22 01:00,27,4,23,0,0,0
2022-09-22 01:15,18,3,15,0,0,0
2022-09-22 01:30,18,4,14,0,0,0
2022-09-22 01:45,24,6,18,0,0,0
2022-09-22 02:00,19,4,15,0,0,0
2022-09-22 02:15,29,11,18,0,0,0
2022-09-22 02:30,25,0,25,0,0,0
2022-09-22 02:45,18,1,17,0,0,0
2022-09-22 03:00,14,1,13,0,0,0
2022-09-22 03:15,16,0,16,0,0,0
2022-09-22 03:30,15,0,15,0,0,0
2022-09-22 03:45,5,1,4,0,0,0
2022-09-22 04:00,2,1,1,0,0,0
2022-09-22 04:15,4,0,4,0,0,0
2022-09-22 04:30,7,2,5,0,0,0
2022-09-22 04:45,12,9,3,0,0,0
2022-09-22 05:00,12,9,3,0,0,0
2022-09-22 05:15,17,10,7,0,0,0
2022-09-22 05:30,23,16,7,0,0,0
2022-09-22 05:45,23,16,7,0,0,0
2022-09-22 06:00,35,23,12,0,0,0
2022-09-22 06:15,38,26,12,0,0,0
2022-09-22 06:30,69,47,22,0,0,0
2022-09-22 06:45,100,56,44,0,0,0
2022-09-22 07:00,121,81,40,0,0,0
2022-09-22 07:15,197,147,50,0,0,0
2022-09-22 07:30,314,256,58,0,0,0
2022-09-22 07:45,331,212,119,0,0,0
2022-09-22 08:00,248,143,105,0,0,0
2022-09-22 08:15,205,128,77,0,0,0
2022-09-22 08:30,203,107,96,0,0,0
2022-09-22 08:45,256,120,136,0,0,0
2022-09-22 09:00,167,95,72,0,0,0
2022-09-22 09:15,128,79,49,0,0,0
2022-09-22 09:30,148,85,63,0,0,0
2022-09-22 09:45,143,70,73,0,0,0
2022-09-22 10:00,115,65,50,0,0,0
2022-09-22 10:15,101,51,50,0,0,0
2022-09-22 10:30,105,61,44,0,0,0
2022-09-22 10:45,138,82,56,0,0,0
2022-09-22 11:00,105,52,53,0,0,0
2022-09-22 11:15,115,62,53,0,0,0
2022-09-22 11:30,134,66,68,0,0,0
2022-09-22 11:45,137,73,64,0,0,0
2022-09-22 12:00,155,75,80,0,0,0
2022-09-22 12:15,186,85,101,0,0,0
2022-09-22 12:30,121,67,54,0,0,0
2022-09-22 12:45,192,102,90,0,0,0
2022-09-22 13:00,169,73,96,0,0,0
2022-09-22 13:15,184,81,103,0,0,0
2022-09-22 13:30,184,76,108,0,0,0
2022-09-22 13:45,211,115,96,0,0,0
2022-09-22 14:00,197,73,124,0,0,0
2022-09-22 14:15,165,77,88,0,0,0
2022-09-22 14:30,176,87,89,0,0,0
2022-09-22 14:45,195,94,101,0,0,0
2022-09-22 15:00,220,103,117,0,0,0
2022-09-22 15:15,215,107,108,0,0,0
2022-09-22 15:30,284,126,158,0,0,0
2022-09-22 15:45,250,122,128,0,0,0
2022-09-22 16:00,267,129,138,0,0,0
2022-09-22 16:15,282,145,137,0,0,0
2022-09-22 16:30,253,111,142,0,0,0
2022-09-22 16:45,264,127,137,0,0,0
2022-09-22 17:00,262,107,155,0,0,0
2022-09-22 17:15,278,117,161,0,0,0
2022-09-22 17:30,251,113,138,0,0,0
2022-09-22 17:45,274,133,141,0,0,0
2022-09-22 18:00,238,104,134,0,0,0
2022-09-22 18:15,272,119,153,0,0,0
2022-09-22 18:30,221,110,111,0,0,0
2022-09-22 18:45,213,79,134,0,0,0
2022-09-22 19:00,199,96,103,0,0,0
2022-09-22 19:15,215,90,125,0,0,0
2022-09-22 19:30,153,77,76,0,0,0
2022-09-22 19:45,151,63,88,0,0,0
2022-09-22 20:00,146,67,79,0,0,0
2022-09-22 20:15,114,58,56,0,0,0
2022-09-22 20:30,114,51,63,0,0,0
2022-09-22 20:45,106,45,61,0,0,0
2022-09-22 21:00,107,54,53,0,0,0
2022-09-22 21:15,84,35,49,0,0,0
2022-09-22 21:30,73,32,41,0,0,0
2022-09-22 21:45,80,33,47,0,0,0
2022-09-22 22:00,88,28,60,0,0,0
2022-09-22 22:15,70,34,36,0,0,0
2022-09-22 22:30,113,60,53,0,0,0
2022-09-22 22:45,80,33,47,0,0,0
2022-09-22 23:00,62,16,46,0,0,0
2022-09-22 23:15,58,11,47,0,0,0
2022-09-22 23:30,44,17,27,0,0,0
2022-09-22 23:45,21,2,19,0,0,0
2022-09-23 00:00,27,7,20,0,0,0
2022-09-23 00:15,27,4,23,0,0,0
2022-09-23 00:30,22,7,15,0,0,0
2022-09-23 00:45,29,7,22,0,0,0
2022-09-23 01:00,30,6,24,0,0,0
2022-09-23 01:15,24,9,15,0,0,0
2022-09-23 01:30,11,1,10,0,0,0
2022-09-23 01:45,5,2,3,0,0,0
2022-09-23 02:00,12,4,8,0,0,0
2022-09-23 02:15,5,1,4,0,0,0
2022-09-23 02:30,2,0,2,0,0,0
2022-09-23 02:45,5,1,4,0,0,0
2022-09-23 03:00,6,3,3,0,0,0
2022-09-23 03:15,6,2,4,0,0,0
2022-09-23 03:30,4,0,4,0,0,0
2022-09-23 03:45,11,6,5,0,0,0
2022-09-23 04:00,1,1,0,0,0,0
2022-09-23 04:15,6,2,4,0,0,0
2022-09-23 04:30,4,2,2,0,0,0
2022-09-23 04:45,9,6,3,0,0,0
2022-09-23 05:00,12,10,2,0,0,0
2022-09-23 05:15,14,8,6,0,0,0
2022-09-23 05:30,18,12,6,0,0,0
2022-09-23 05:45,26,21,5,0,0,0
2022-09-23 06:00,24,14,10,0,0,0
2022-09-23 06:15,32,18,14,0,0,0
2022-09-23 06:30,54,33,21,0,0,0
2022-09-23 06:45,88,56,32,0,0,0
2022-09-23 07:00,97,59,38,0,0,0
2022-09-23 07:15,172,128,44,0,0,0
2022-09-23 07:30,288,210,78,0,0,0
2022-09-23 07:45,249,140,109,0,0,0
2022-09-23 08:00,191,92,99,0,0,0
2022-09-23 08:15,178,101,77,0,0,0
2022-09-23 08:30,177,89,88,0,0,0
2022-09-23 08:45,168,84,84,0,0,0
2022-09-23 09:00,146,82,64,0,0,0
2022-09-23 09:15,132,70,62,0,0,0
2022-09-23 09:30,126,77,49,0,0,0
2022-09-23 09:45,145,82,63,0,0,0
2022-09-23 10:00,103,56,47,0,0,0
2022-09-23 10:15,123,67,56,0,0,0
2022-09-23 10:30,125,64,61,0,0,0
2022-09-23 10:45,145,74,71,0,0,0
2022-09-23 11:00,122,58,64,0,0,0
2022-09-23 11:15,121,56,65,0,0,0
2022-09-23 11:30,132,67,65,0,0,0
2022-09-23 11:45,131,82,49,0,0,0
2022-09-23 12:00,146,74,72,0,0,0
2022-09-23 12:15,177,98,79,0,0,0
2022-09-23 12:30,187,99,88,0,0,0
2022-09-23 12:45,213,110,103,0,0,0
2022-09-23 13:00,227,92,135,0,0,0
2022-09-23 13:15,208,87,121,0,0,0
2022-09-23 13:30,220,115,105,0,0,0
2022-09-23 13:45,296,174,122,0,0,0
2022-09-23 14:00,288,174,114,0,0,0
2022-09-23 14:15,248,138,110,0,0,0
2022-09-23 14:30,211,92,119,0,0,0
2022-09-23 14:45,210,114,96,0,0,0
2022-09-23 15:00,217,110,107,0,0,0
2022-09-23 15:15,189,105,84,0,0,0
2022-09-23 15:30,210,110,100,0,0,0
2022-09-23 15:45,234,100,134,0,0,0
2022-09-23 16:00,249,99,150,0,0,0
2022-09-23 16:15,214,99,115,0,0,0
2022-09-23 16:30,218,79,139,0,0,0
2022-09-23 16:45,170,85,85,0,0,0
2022-09-23 17:00,211,102,109,0,0,0
2022-09-23 17:15,173,80,93,0,0,0
2022-09-23 17:30,210,97,113,0,0,0
2022-09-23 17:45,215,110,105,0,0,0
2022-09-23 18:00,178,80,98,0,0,0
2022-09-23 18:15,179,86,93,0,0,0
2022-09-23 18:30,174,77,97,0,0,0
2022-09-23 18:45,197,112,85,0,0,0
2022-09-23 19:00,174,65,109,0,0,0
2022-09-23 19:15,153,77,76,0,0,0
2022-09-23 19:30,156,72,84,0,0,0
2022-09-23 19:45,145,76,69,0,0,0
2022-09-23 20:00,152,60,92,0,0,0
2022-09-23 20:15,110,57,53,0,0,0
2022-09-23 20:30,91,47,44,0,0,0
2022-09-23 20:45,110,57,53,0,0,0
2022-09-23 21:00,97,53,44,0,0,0
2022-09-23 21:15,113,55,58,0,0,0
2022-09-23 21:30,69,28,41,0,0,0
2022-09-23 21:45,48,15,33,0,0,0
2022-09-23 22:00,61,29,32,0,0,0
2022-09-23 22:15,92,33,59,0,0,0
2022-09-23 22:30,69,21,48,0,0,0
2022-09-23 22:45,64,13,51,0,0,0
2022-09-23 23:00,70,29,41,0,0,0
2022-09-23 23:15,69,19,50,0,0,0
2022-09-23 23:30,61,23,38,0,0,0
2022-09-23 23:45,55,17,38,0,0,0
2022-09-24 00:00,49,12,37,0,0,0
2022-09-24 00:15,54,17,37,0,0,0
2022-09-24 00:30,75,27,48,0,0,0
2022-09-24 00:45,53,11,42,0,0,0
2022-09-24 01:00,51,17,34,0,0,0
2022-09-24 01:15,55,25,30,0,0,0
2022-09-24 01:30,38,9,29,0,0,0
2022-09-24 01:45,33,8,25,0,0,0
2022-09-24 02:00,44,7,37,0,0,0
2022-09-24 02:15,32,1,31,0,0,0
2022-09-24 02:30,27,2,25,0,0,0
2022-09-24 02:45,30,8,22,0,0,0
2022-09-24 03:00,27,5,22,0,0,0
2022-09-24 03:15,50,11,39,0,0,0
2022-09-24 03:30,25,5,20,0,0,0
2022-09-24 03:45,23,6,17,0,0,0
2022-09-24 04:00,22,2,20,0,0,0
2022-09-24 04:15,10,1,9,0,0,0
2022-09-24 04:30,10,1,9,0,0,0
2022-09-24 04:45,16,1,15,0,0,0
2022-09-24 05:00,15,4,11,0,0,0
2022-09-24 05:15,11,5,6,0,0,0
2022-09-24 05:30,10,6,4,0,0,0
2022-09-24 05:45,13,6,7,0,0,0
2022-09-24 06:00,10,5,5,0,0,0
2022-09-24 06:15,5,1,4,0,0,0
2022-09-24 06:30,7,4,3,0,0,0
2022-09-24 06:45,15,11,4,0,0,0
2022-09-24 07:00,9,4,5,0,0,0
2022-09-24 07:15,19,9,10,0,0,0
2022-09-24 07:30,28,23,5,0,0,0
2022-09-24 07:45,23,16,7,0,0,0
2022-09-24 08:00,19,16,3,0,0,0
2022-09-24 08:15,22,11,11,0,0,0
2022-09-24 08:30,36,20,16,0,0,0
2022-09-24 08:45,41,32,9,0,0,0
2022-09-24 09:00,55,35,20,0,0,0
2022-09-24 09:15,70,46,24,0,0,0
2022-09-24 09:30,64,42,22,0,0,0
2022-09-24 09:45,96,66,30,0,0,0
2022-09-24 10:00,76,54,22,0,0,0
2022-09-24 10:15,77,43,34,0,0,0
2022-09-24 10:30,85,53,32,0,0,0
2022-09-24 10:45,99,68,31,0,0,0
2022-09-24 11:00,92,68,24,0,0,0
2022-09-24 11:15,90,61,29,0,0,0
2022-09-24 11:30,115,81,34,0,0,0
2022-09-24 11:45,90,61,29,0,0,0
2022-09-24 12:00,143,80,63,0,0,0
2022-09-24 12:15,121,79,42,0,0,0
2022-09-24 12:30,111,60,51,0,0,0
2022-09-24 12:45,132,63,69,0,0,0
2022-09-24 13:00,154,93,61,0,0,0
2022-09-24 13:15,128,83,45,0,0,0
2022-09-24 13:30,120,64,56,0,0,0
2022-09-24 13:45,148,66,82,0,0,0
2022-09-24 14:00,143,72,71,0,0,0
2022-09-24 14:15,131,70,61,0,0,0
2022-09-24 14:30,141,56,85,0,0,0
2022-09-24 14:45,166,93,73,0,0,0
2022-09-24 15:00,126,59,67,0,0,0
2022-09-24 15:15,141,71,70,0,0,0
2022-09-24 15:30,103,45,58,0,0,0
2022-09-24 15:45,136,70,66,0,0,0
2022-09-24 16:00,111,50,61,0,0,0
2022-09-24 16:15,146,60,86,0,0,0
2022-09-24 16:30,140,49,91,0,0,0
2022-09-24 16:45,127,61,66,0,0,0
2022-09-24 17:00,126,40,86,0,0,0
2022-09-24 17:15,119,41,78,0,0,0
2022-09-24 17:30,105,47,58,0,0,0
2022-09-24 17:45,122,45,77,0,0,0
2022-09-24 18:00,115,57,58,0,0,0
2022-09-24 18:15,110,54,56,0,0,0
2022-09-24 18:30,140,71,69,0,0,0
2022-09-24 18:45,108,69,39,0,0,0
2022-09-24 19:00,99,58,41,0,0,0
2022-09-24 19:15,119,79,40,0,0,0
2022-09-24 19:30,96,45,51,0,0,0
2022-09-24 19:45,85,44,41,0,0,0
2022-09-24 20:00,114,46,68,0,0,0
2022-09-24 20:15,84,43,41,0,0,0
2022-09-24 20:30,77,33,44,0,0,0
2022-09-24 20:45,88,34,54,0,0,0
2022-09-24 21:00,70,37,33,0,0,0
2022-09-24 21:15,48,22,26,0,0,0
2022-09-24 21:30,66,26,40,0,0,0
2022-09-24 21:45,62,27,35,0,0,0
2022-09-24 22:00,67,26,41,0,0,0
2022-09-24 22:15,63,20,43,0,0,0
2022-09-24 22:30,59,23,36,0,0,0
2022-09-24 22:45,49,13,36,0,0,0
2022-09-24 23:00,79,36,43,0,0,0
2022-09-24 23:15,63,19,44,0,0,0
2022-09-24 23:30,56,19,37,0,0,0
2022-09-24 23:45,53,14,39,0,0,0
2022-09-25 00:00,43,14,29,0,0,0
2022-09-25 00:15,43,18,25,0,0,0
2022-09-25 00:30,49,15,34,0,0,0
2022-09-25 00:45,37,12,25,0,0,0
2022-09-25 01:00,47,15,32,0,0,0
2022-09-25 01:15,42,9,33,0,0,0
2022-09-25 01:30,33,9,24,0,0,0
2022-09-25 01:45,36,1,35,0,0,0
2022-09-25 02:00,43,16,27,0,0,0
2022-09-25 02:15,31,12,19,0,0,0
2022-09-25 02:30,17,4,13,0,0,0
2022-09-25 02:45,25,8,17,0,0,0
2022-09-25 03:00,26,0,26,0,0,0
2022-09-25 03:15,33,7,26,0,0,0
2022-09-25 03:30,16,6,10,0,0,0
2022-09-25 03:45,20,2,18,0,0,0
2022-09-25 04:00,21,1,20,0,0,0
2022-09-25 04:15,21,0,21,0,0,0
2022-09-25 04:30,16,3,13,0,0,0
2022-09-25 04:45,12,2,10,0,0,0
2022-09-25 05:00,6,2,4,0,0,0
2022-09-25 05:15,6,3,3,0,0,0
2022-09-25 05:30,7,0,7,0,0,0
2022-09-25 05:45,10,6,4,0,0,0
2022-09-25 06:00,5,1,4,0,0,0
2022-09-25 06:15,9,2,7,0,0,0
2022-09-25 06:30,8,5,3,0,0,0
2022-09-25 06:45,10,5,5,0,0,0
2022-09-25 07:00,10,4,6,0,0,0
2022-09-25 07:15,7,3,4,0,0,0
2022-09-25 07:30,10,9,1,0,0,0
2022-09-25 07:45,13,8,5,0,0,0
2022-09-25 08:00,10,7,3,0,0,0
2022-09-25 08:15,11,6,5,0,0,0
2022-09-25 08:30,13,7,6,0,0,0
2022-09-25 08:45,33,19,14,0,0,0
2022-09-25 09:00,24,13,11,0,0,0
2022-09-25 09:15,34,23,11,0,0,0
2022-09-25 09:30,58,46,12,0,0,0
2022-09-25 09:45,65,41,24,0,0,0
2022-09-25 10:00,49,25,24,0,0,0
2022-09-25 10:15,72,46,26,0,0,0
2022-09-25 10:30,57,39,18,0,0,0
2022-09-25 10:45,75,44,31,0,0,0
2022-09-25 11:00,66,40,26,0,0,0
2022-09-25 11:15,55,29,26,0,0,0
2022-09-25 11:30,63,29,34,0,0,0
2022-09-25 11:45,74,40,34,0,0,0
2022-09-25 12:00,74,40,34,0,0,0
2022-09-25 12:15,92,40,52,0,0,0
2022-09-25 12:30,79,41,38,0,0,0
2022-09-25 12:45,98,53,45,0,0,0
2022-09-25 13:00,93,43,50,0,0,0
2022-09-25 13:15,77,47,30,0,0,0
2022-09-25 13:30,94,50,44,0,0,0
2022-09-25 13:45,128,55,73,0,0,0
2022-09-25 14:00,108,52,56,0,0,0
2022-09-25 14:15,131,68,63,0,0,0
2022-09-25 14:30,127,63,64,0,0,0
2022-09-25 14:45,111,62,49,0,0,0
2022-09-25 15:00,108,56,52,0,0,0
2022-09-25 15:15,139,74,65,0,0,0
2022-09-25 15:30,101,61,40,0,0,0
2022-09-25 15:45,118,62,56,0,0,0
2022-09-25 16:00,121,51,70,0,0,0
2022-09-25 16:15,101,39,62,0,0,0
2022-09-25 16:30,121,57,64,0,0,0
2022-09-25 16:45,103,68,35,0,0,0
2022-09-25 17:00,122,64,58,0,0,0
2022-09-25 17:15,127,71,56,0,0,0
2022-09-25 17:30,143,62,81,0,0,0
2022-09-25 17:45,122,55,67,0,0,0
2022-09-25 18:00,112,53,59,0,0,0
2022-09-25 18:15,103,59,44,0,0,0
2022-09-25 18:30,85,32,53,0,0,0
2022-09-25 18:45,119,52,67,0,0,0
2022-09-25 19:00,123,45,78,0,0,0
2022-09-25 19:15,68,29,39,0,0,0
2022-09-25 19:30,117,40,77,0,0,0
2022-09-25 19:45,101,31,70,0,0,0
2022-09-25 20:00,99,37,62,0,0,0
2022-09-25 20:15,72,26,46,0,0,0
2022-09-25 20:30,54,20,34,0,0,0
2022-09-25 20:45,53,16,37,0,0,0
2022-09-25 21:00,55,15,40,0,0,0
2022-09-25 21:15,53,15,38,0,0,0
2022-09-25 21:30,62,27,35,0,0,0
2022-09-25 21:45,46,13,33,0,0,0
2022-09-25 22:00,35,10,25,0,0,0
2022-09-25 22:15,35,11,24,0,0,0
2022-09-25 22:30,29,10,19,0,0,0
2022-09-25 22:45,37,9,28,0,0,0
2022-09-25 23:00,20,3,17,0,0,0
2022-09-25 23:15,30,9,21,0,0,0
2022-09-25 23:30,12,3,9,0,0,0
2022-09-25 23:45,26,9,17,0,0,0
2022-09-26 00:00,14,3,11,0,0,0
2022-09-26 00:15,9,2,7,0,0,0
2022-09-26 00:30,17,5,12,0,0,0
2022-09-26 00:45,3,2,1,0,0,0
2022-09-26 01:00,6,3,3,0,0,0
2022-09-26 01:15,8,2,6,0,0,0
2022-09-26 01:30,5,3,2,0,0,0
2022-09-26 01:45,5,3,2,0,0,0
2022-09-26 02:00,1,0,1,0,0,0
2022-09-26 02:15,4,1,3,0,0,0
2022-09-26 02:30,2,1,1,0,0,0
2022-09-26 02:45,4,0,4,0,0,0
2022-09-26 03:00,0,0,0,0,0,0
2022-09-26 03:15,2,0,2,0,0,0
2022-09-26 03:30,0,0,0,0,0,0
2022-09-26 03:45,0,0,0,0,0,0
2022-09-26 04:00,1,1,0,0,0,0
2022-09-26 04:15,4,1,3,0,0,0
2022-09-26 04:30,5,1,4,0,0,0
2022-09-26 04:45,6,5,1,0,0,0
2022-09-26 05:00,4,4,0,0,0,0
2022-09-26 05:15,8,7,1,0,0,0
2022-09-26 05:30,22,15,7,0,0,0
2022-09-26 05:45,21,17,4,0,0,0
2022-09-26 06:00,26,18,8,0,0,0
2022-09-26 06:15,29,21,8,0,0,0
2022-09-26 06:30,59,37,22,0,0,0
2022-09-26 06:45,86,51,35,0,0,0
2022-09-26 07:00,77,53,24,0,0,0
2022-09-26 07:15,163,109,54,0,0,0
2022-09-26 07:30,278,194,84,0,0,0
2022-09-26 07:45,279,174,105,0,0,0
2022-09-26 08:00,228,140,88,0,0,0
2022-09-26 08:15,203,124,79,0,0,0
2022-09-26 08:30,232,113,119,0,0,0
2022-09-26 08:45,208,104,104,0,0,0
2022-09-26 09:00,157,89,68,0,0,0
2022-09-26 09:15,134,63,71,0,0,0
2022-09-26 09:30,131,77,54,0,0,0
2022-09-26 09:45,147,76,71,0,0,0
2022-09-26 10:00,85,43,42,0,0,0
2022-09-26 10:15,90,51,39,0,0,0
2022-09-26 10:30,67,33,34,0,0,0
2022-09-26 10:45,98,50,48,0,0,0
2022-09-26 11:00,79,41,38,0,0,0
2022-09-26 11:15,97,58,39,0,0,0
2022-09-26 11:30,88,39,49,0,0,0
2022-09-26 11:45,130,45,85,0,0,0
2022-09-26 12:00,104,52,52,0,0,0
2022-09-26 12:15,105,45,60,0,0,0
2022-09-26 12:30,114,44,70,0,0,0
2022-09-26 12:45,108,62,46,0,0,0
2022-09-26 13:00,121,43,78,0,0,0
2022-09-26 13:15,149,72,77,0,0,0
2022-09-26 13:30,126,53,73,0,0,0
2022-09-26 13:45,159,76,83,0,0,0
2022-09-26 14:00,139,39,100,0,0,0
2022-09-26 14:15,125,56,69,0,0,0
2022-09-26 14:30,149,86,63,0,0,0
2022-09-26 14:45,164,68,96,0,0,0
2022-09-26 15:00,162,70,92,0,0,0
2022-09-26 15:15,130,62,68,0,0,0
2022-09-26 15:30,152,48,104,0,0,0
2022-09-26 15:45,210,113,97,0,0,0
2022-09-26 16:00,182,88,94,0,0,0
2022-09-26 16:15,166,87,79,0,0,0
2022-09-26 16:30,187,83,104,0,0,0
2022-09-26 16:45,187,94,93,0,0,0
2022-09-26 17:00,222,104,118,0,0,0
2022-09-26 17:15,187,92,95,0,0,0
2022-09-26 17:30,186,73,113,0,0,0
2022-09-26 17:45,202,92,110,0,0,0
2022-09-26 18:00,191,84,107,0,0,0
2022-09-26 18:15,165,67,98,0,0,0
2022-09-26 18:30,153,67,86,0,0,0
2022-09-26 18:45,154,73,81,0,0,0
2022-09-26 19:00,137,61,76,0,0,0
2022-09-26 19:15,129,49,80,0,0,0
2022-09-26 19:30,122,57,65,0,0,0
2022-09-26 19:45,135,53,82,0,0,0
2022-09-26 20:00,86,36,50,0,0,0
2022-09-26 20:15,97,43,54,0,0,0
2022-09-26 20:30,56,27,29,0,0,0
2022-09-26 20:45,60,32,28,0,0,0
2022-09-26 21:00,59,24,35,0,0,0
2022-09-26 21:15,55,25,30,0,0,0
2022-09-26 21:30,58,23,35,0,0,0
2022-09-26 21:45,43,14,29,0,0,0
2022-09-26 22:00,55,25,30,0,0,0
2022-09-26 22:15,56,22,34,0,0,0
2022-09-26 22:30,36,12,24,0,0,0
2022-09-26 22:45,41,12,29,0,0,0
2022-09-26 23:00,38,7,31,0,0,0
2022-09-26 23:15,31,12,19,0,0,0
2022-09-26 23:30,43,11,32,0,0,0
2022-09-26 23:45,29,11,18,0,0,0
2022-09-27 00:00,16,4,12,0,0,0
2022-09-27 00:15,12,1,11,0,0,0
2022-09-27 00:30,15,5,10,0,0,0
2022-09-27 00:45,23,3,20,0,0,0
2022-09-27 01:00,16,2,14,0,0,0
2022-09-27 01:15,11,2,9,0,0,0
2022-09-27 01:30,9,4,5,0,0,0
2022-09-27 01:45,6,0,6,0,0,0
2022-09-27 02:00,7,1,6,0,0,0
2022-09-27 02:15,0,0,0,0,0,0
2022-09-27 02:30,5,2,3,0,0,0
2022-09-27 02:45,1,0,1,0,0,0
2022-09-27 03:00,0,0,0,0,0,0
2022-09-27 03:15,2,0,2,0,0,0
2022-09-27 03:30,3,1,2,0,0,0
2022-09-27 03:45,0,0,0,0,0,0
2022-09-27 04:00,1,1,0,0,0,0
2022-09-27 04:15,4,1,3,0,0,0
2022-09-27 04:30,5,1,4,0,0,0
2022-09-27 04:45,8,5,3,0,0,0
2022-09-27 05:00,6,5,1,0,0,0
2022-09-27 05:15,6,5,1,0,0,0
2022-09-27 05:30,18,13,5,0,0,0
2022-09-27 05:45,33,22,11,0,0,0
2022-09-27 06:00,29,21,8,0,0,0
2022-09-27 06:15,43,31,12,0,0,0
2022-09-27 06:30,58,34,24,0,0,0
2022-09-27 06:45,89,51,38,0,0,0
2022-09-27 07:00,82,60,22,0,0,0
2022-09-27 07:15,129,92,37,0,0,0
2022-09-27 07:30,282,202,80,0,0,0
2022-09-27 07:45,293,164,129,0,0,0
2022-09-27 08:00,279,144,135,0,0,0
2022-09-27 08:15,206,114,92,0,0,0
2022-09-27 08:30,175,95,80,0,0,0
2022-09-27 08:45,194,93,101,0,0,0
2022-09-27 09:00,137,71,66,0,0,0
2022-09-27 09:15,117,71,46,0,0,0
2022-09-27 09:30,159,86,73,0,0,0
2022-09-27 09:45,188,95,93,0,0,0
2022-09-27 10:00,102,55,47,0,0,0
2022-09-27 10:15,100,56,44,0,0,0
2022-09-27 10:30,91,58,33,0,0,0
2022-09-27 10:45,90,57,33,0,0,0
2022-09-27 11:00,99,54,45,0,0,0
2022-09-27 11:15,93,49,44,0,0,0
2022-09-27 11:30,116,55,61,0,0,0
2022-09-27 11:45,122,49,73,0,0,0
2022-09-27 12:00,174,81,93,0,0,0
2022-09-27 12:15,142,72,70,0,0,0
2022-09-27 12:30,113,65,48,0,0,0
2022-09-27 12:45,170,80,90,0,0,0
2022-09-27 13:00,183,77,106,0,0,0
2022-09-27 13:15,174,79,95,0,0,0
2022-09-27 13:30,178,67,111,0,0,0
2022-09-27 13:45,172,97,75,0,0,0
2022-09-27 14:00,149,73,76,0,0,0
2022-09-27 14:15,151,78,73,0,0,0
2022-09-27 14:30,145,51,94,0,0,0
2022-09-27 14:45,155,77,78,0,0,0
2022-09-27 15:00,134,67,67,0,0,0
2022-09-27 15:15,165,84,81,0,0,0
2022-09-27 15:30,166,74,92,0,0,0
2022-09-27 15:45,245,124,121,0,0,0
2022-09-27 16:00,186,91,95,0,0,0
2022-09-27 16:15,213,105,108,0,0,0
2022-09-27 16:30,206,101,105,0,0,0
2022-09-27 16:45,217,108,109,0,0,0
2022-09-27 17:00,244,123,121,0,0,0
2022-09-27 17:15,227,111,116,0,0,0
2022-09-27 17:30,217,107,110,0,0,0
2022-09-27 17:45,220,104,116,0,0,0
2022-09-27 18:00,209,100,109,0,0,0
2022-09-27 18:15,189,88,101,0,0,0
2022-09-27 18:30,190,71,119,0,0,0
2022-09-27 18:45,198,100,98,0,0,0
2022-09-27 19:00,163,86,77,0,0,0
2022-09-27 19:15,142,71,71,0,0,0
2022-09-27 19:30,160,86,74,0,0,0
2022-09-27 19:45,159,87,72,0,0,0
2022-09-27 20:00,140,66,74,0,0,0
2022-09-27 20:15,117,59,58,0,0,0
2022-09-27 20:30,87,43,44,0,0,0
2022-09-27 20:45,63,36,27,0,0,0
2022-09-27 21:00,99,36,63,0,0,0
2022-09-27 21:15,49,19,30,0,0,0
2022-09-27 21:30,82,20,62,0,0,0
2022-09-27 21:45,88,20,68,0,0,0
2022-09-27 22:00,76,32,44,0,0,0
2022-09-27 22:15,70,20,50,0,0,0
2022-09-27 22:30,86,24,62,0,0,0
2022-09-27 22:45,47,9,38,0,0,0
2022-09-27 23:00,72,23,49,0,0,0
2022-09-27 23:15,57,15,42,0,0,0
2022-09-27 23:30,68,14,54,0,0,0
2022-09-27 23:45,49,18,31,0,0,0
2022-09-28 00:00,40,8,32,0,0,0
2022-09-28 00:15,27,5,22,0,0,0
2022-09-28 00:30,37,6,31,0,0,0
2022-09-28 00:45,31,9,22,0,0,0
2022-09-28 01:00,14,4,10,0,0,0
2022-09-28 01:15,7,0,7,0,0,0
2022-09-28 01:30,20,3,17,0,0,0
2022-09-28 01:45,38,9,29,0,0,0
2022-09-28 02:00,25,3,22,0,0,0
2022-09-28 02:15,11,2,9,0,0,0
2022-09-28 02:30,0,0,0,0,0,0
2022-09-28 02:45,2,1,1,0,0,0
2022-09-28 03:00,3,2,1,0,0,0
2022-09-28 03:15,1,0,1,0,0,0
2022-09-28 03:30,0,0,0,0,0,0
2022-09-28 03:45,5,1,4,0,0,0
2022-09-28 04:00,2,0,2,0,0,0
2022-09-28 04:15,5,0,5,0,0,0
2022-09-28 04:30,5,2,3,0,0,0
2022-09-28 04:45,11,4,7,0,0,0
2022-09-28 05:00,4,4,0,0,0,0
2022-09-28 05:15,13,8,5,0,0,0
2022-09-28 05:30,15,13,2,0,0,0
2022-09-28 05:45,28,20,8,0,0,0
2022-09-28 06:00,23,18,5,0,0,0
2022-09-28 06:15,34,20,14,0,0,0
2022-09-28 06:30,56,30,26,0,0,0
2022-09-28 06:45,93,60,33,0,0,0
2022-09-28 07:00,97,70,27,0,0,0
2022-09-28 07:15,137,94,43,0,0,0
2022-09-28 07:30,283,202,81,0,0,0
2022-09-28 07:45,312,186,126,0,0,0
2022-09-28 08:00,227,128,99,0,0,0
2022-09-28 08:15,185,109,76,0,0,0
2022-09-28 08:30,180,101,79,0,0,0
2022-09-28 08:45,234,135,99,0,0,0
2022-09-28 09:00,141,78,63,0,0,0
2022-09-28 09:15,150,95,55,0,0,0
2022-09-28 09:30,157,82,75,0,0,0
2022-09-28 09:45,168,94,74,0,0,0
2022-09-28 10:00,116,62,54,0,0,0
2022-09-28 10:15,96,54,42,0,0,0
2022-09-28 10:30,108,62,46,0,0,0
2022-09-28 10:45,151,90,61,0,0,0
2022-09-28 11:00,109,53,56,0,0,0
2022-09-28 11:15,111,70,41,0,0,0
2022-09-28 11:30,148,66,82,0,0,0
2022-09-28 11:45,180,83,97,0,0,0
2022-09-28 12:00,141,76,65,0,0,0
2022-09-28 12:15,159,94,65,0,0,0
2022-09-28 12:30,151,82,69,0,0,0
2022-09-28 12:45,204,120,84,0,0,0
2022-09-28 13:00,163,78,85,0,0,0
2022-09-28 13:15,167,86,81,0,0,0
2022-09-28 13:30,180,80,100,0,0,0
2022-09-28 13:45,178,91,87,0,0,0
2022-09-28 14:00,183,71,112,0,0,0
2022-09-28 14:15,166,74,92,0,0,0
2022-09-28 14:30,161,63,98,0,0,0
2022-09-28 14:45,190,80,110,0,0,0
2022-09-28 15:00,194,89,105,0,0,0
2022-09-28 15:15,191,84,107,0,0,0
2022-09-28 15:30,235,96,139,0,0,0
2022-09-28 15:45,229,124,105,0,0,0
2022-09-28 16:00,244,114,130,0,0,0
2022-09-28 16:15,229,101,128,0,0,0
2022-09-28 16:30,238,102,136,0,0,0
2022-09-28 16:45,219,103,116,0,0,0
2022-09-28 17:00,233,104,129,0,0,0
2022-09-28 17:15,248,120,128,0,0,0
2022-09-28 17:30,286,131,155,0,0,0
2022-09-28 17:45,296,160,136,0,0,0
2022-09-28 18:00,245,117,128,0,0,0
2022-09-28 18:15,222,96,126,0,0,0
2022-09-28 18:30,178,92,86,0,0,0
2022-09-28 18:45,229,113,116,0,0,0
2022-09-28 19:00,201,83,118,0,0,0
2022-09-28 19:15,200,96,104,0,0,0
2022-09-28 19:30,199,69,130,0,0,0
2022-09-28 19:45,161,89,72,0,0,0
2022-09-28 20:00,168,77,91,0,0,0
2022-09-28 20:15,156,75,81,0,0,0
2022-09-28 20:30,97,44,53,0,0,0
2022-09-28 20:45,128,56,72,0,0,0
2022-09-28 21:00,70,28,42,0,0,0
2022-09-28 21:15,90,43,47,0,0,0
2022-09-28 21:30,85,26,59,0,0,0
2022-09-28 21:45,104,45,59,0,0,0
2022-09-28 22:00,105,47,58,0,0,0
2022-09-28 22:15,90,51,39,0,0,0
2022-09-28 22:30,70,25,45,0,0,0
2022-09-28 22:45,64,26,38,0,0,0
2022-09-28 23:00,79,32,47,0,0,0
2022-09-28 23:15,68,21,47,0,0,0
2022-09-28 23:30,67,32,35,0,0,0
2022-09-28 23:45,60,36,24,0,0,0
2022-09-29 00:00,42,12,30,0,0,0
2022-09-29 00:15,42,12,30,0,0,0
2022-09-29 00:30,35,10,25,0,0,0
2022-09-29 00:45,26,7,19,0,0,0
2022-09-29 01:00,40,12,28,0,0,0
2022-09-29 01:15,26,5,21,0,0,0
2022-09-29 01:30,29,4,25,0,0,0
2022-09-29 01:45,32,2,30,0,0,0
2022-09-29 02:00,22,3,19,0,0,0
2022-09-29 02:15,31,8,23,0,0,0
2022-09-29 02:30,16,1,15,0,0,0
2022-09-29 02:45,36,3,33,0,0,0
2022-09-29 03:00,30,2,28,0,0,0
2022-09-29 03:15,13,1,12,0,0,0
2022-09-29 03:30,24,2,22,0,0,0
2022-09-29 03:45,19,0,19,0,0,0
2022-09-29 04:00,12,1,11,0,0,0
2022-09-29 04:15,8,0,8,0,0,0
2022-09-29 04:30,11,3,8,0,0,0
2022-09-29 04:45,15,4,11,0,0,0
2022-09-29 05:00,17,4,13,0,0,0
2022-09-29 05:15,17,9,8,0,0,0
2022-09-29 05:30,19,13,6,0,0,0
2022-09-29 05:45,31,16,15,0,0,0
2022-09-29 06:00,24,16,8,0,0,0
2022-09-29 06:15,35,24,11,0,0,0
2022-09-29 06:30,54,30,24,0,0,0
2022-09-29 06:45,95,64,31,0,0,0
2022-09-29 07:00,100,68,32,0,0,0
2022-09-29 07:15,140,104,36,0,0,0
2022-09-29 07:30,339,274,65,0,0,0
2022-09-29 07:45,308,188,120,0,0,0
2022-09-29 08:00,224,125,99,0,0,0
2022-09-29 08:15,187,117,70,0,0,0
2022-09-29 08:30,212,109,103,0,0,0
2022-09-29 08:45,247,131,116,0,0,0
2022-09-29 09:00,141,87,54,0,0,0
2022-09-29 09:15,139,81,58,0,0,0
2022-09-29 09:30,136,88,48,0,0,0
2022-09-29 09:45,178,100,78,0,0,0
2022-09-29 10:00,114,57,57,0,0,0
2022-09-29 10:15,133,93,40,0,0,0
2022-09-29 10:30,114,74,40,0,0,0
2022-09-29 10:45,141,80,61,0,0,0
2022-09-29 11:00,112,63,49,0,0,0
2022-09-29 11:15,139,67,72,0,0,0
2022-09-29 11:30,136,65,71,0,0,0
2022-09-29 11:45,186,70,116,0,0,0
2022-09-29 12:00,159,82,77,0,0,0
2022-09-29 12:15,175,87,88,0,0,0
2022-09-29 12:30,155,75,80,0,0,0
2022-09-29 12:45,189,99,90,0,0,0
2022-09-29 13:00,187,84,103,0,0,0
2022-09-29 13:15,205,95,110,0,0,0
2022-09-29 13:30,175,80,95,0,0,0
2022-09-29 13:45,189,106,83,0,0,0
2022-09-29 14:00,225,101,124,0,0,0
2022-09-29 14:15,210,104,106,0,0,0
2022-09-29 14:30,189,81,108,0,0,0
2022-09-29 14:45,220,75,145,0,0,0
2022-09-29 15:00,229,117,112,0,0,0
2022-09-29 15:15,223,90,133,0,0,0
2022-09-29 15:30,253,106,147,0,0,0
2022-09-29 15:45,271,135,136,0,0,0
2022-09-29 16:00,231,93,138,0,0,0
2022-09-29 16:15,264,114,150,0,0,0
2022-09-29 16:30,238,113,125,0,0,0
2022-09-29 16:45,282,142,140,0,0,0
2022-09-29 17:00,264,116,148,0,0,0
2022-09-29 17:15,226,106,120,0,0,0
2022-09-29 17:30,255,116,139,0,0,0
2022-09-29 17:45,250,116,134,0,0,0
2022-09-29 18:00,221,88,133,0,0,0
2022-09-29 18:15,251,122,129,0,0,0
2022-09-29 18:30,219,96,123,0,0,0
2022-09-29 18:45,204,85,119,0,0,0
2022-09-29 19:00,196,92,104,0,0,0
2022-09-29 19:15,172,85,87,0,0,0
2022-09-29 19:30,163,64,99,0,0,0
2022-09-29 19:45,201,80,121,0,0,0
2022-09-29 20:00,142,70,72,0,0,0
2022-09-29 20:15,141,60,81,0,0,0
2022-09-29 20:30,99,34,65,0,0,0
2022-09-29 20:45,110,44,66,0,0,0
2022-09-29 21:00,83,39,44,0,0,0
2022-09-29 21:15,84,37,47,0,0,0
2022-09-29 21:30,72,18,54,0,0,0
2022-09-29 21:45,81,31,50,0,0,0
2022-09-29 22:00,77,27,50,0,0,0
2022-09-29 22:15,62,22,40,0,0,0
2022-09-29 22:30,75,18,57,0,0,0
2022-09-29 22:45,68,22,46,0,0,0
2022-09-29 23:00,38,11,27,0,0,0
2022-09-29 23:15,45,22,23,0,0,0
2022-09-29 23:30,45,14,31,0,0,0
2022-09-29 23:45,36,8,28,0,0,0
