Datetime,100035541 (Neutor),101035541 (Neutor stadteinwÃ¤rts),102035541 (Neutor stadtauswÃ¤rts),100035541-status,101035541-status,102035541-status
2022-12-01 00:00,58,22,36,0,0,0
2022-12-01 00:15,63,8,55,0,0,0
2022-12-01 00:30,44,15,29,0,0,0
2022-12-01 00:45,39,13,26,0,0,0
2022-12-01 01:00,31,8,23,0,0,0
2022-12-01 01:15,27,10,17,0,0,0
2022-12-01 01:30,19,5,14,0,0,0
2022-12-01 01:45,25,2,23,0,0,0
2022-12-01 02:00,37,4,33,0,0,0
2022-12-01 02:15,14,5,9,0,0,0
2022-12-01 02:30,11,2,9,0,0,0
2022-12-01 02:45,21,4,17,0,0,0
2022-12-01 03:00,29,2,27,0,0,0
2022-12-01 03:15,11,1,10,0,0,0
2022-12-01 03:30,22,7,15,0,0,0
2022-12-01 03:45,16,4,12,0,0,0
2022-12-01 04:00,20,2,18,0,0,0
2022-12-01 04:15,10,0,10,0,0,0
2022-12-01 04:30,10,1,9,0,0,0
2022-12-01 04:45,20,6,14,0,0,0
2022-12-01 05:00,16,11,5,0,0,0
2022-12-01 05:15,13,6,7,0,0,0
2022-12-01 05:30,26,12,14,0,0,0
2022-12-01 05:45,28,15,13,0,0,0
2022-12-01 06:00,28,22,6,0,0,0
2022-12-01 06:15,48,34,14,0,0,0
2022-12-01 06:30,61,42,19,0,0,0
2022-12-01 06:45,90,59,31,0,0,0
2022-12-01 07:00,89,55,34,0,0,0
2022-12-01 07:15,139,85,54,0,0,0
2022-12-01 07:30,288,221,67,0,0,0
2022-12-01 07:45,430,240,190,0,0,0
2022-12-01 08:00,449,227,222,0,0,0
2022-12-01 08:15,286,162,124,0,0,0
2022-12-01 08:30,194,116,78,0,0,0
2022-12-01 08:45,226,122,104,0,0,0
2022-12-01 09:00,190,120,70,0,0,0
2022-12-01 09:15,159,89,70,0,0,0
2022-12-01 09:30,182,107,75,0,0,0
2022-12-01 09:45,421,216,205,0,0,0
2022-12-01 10:00,450,281,169,0,0,0
2022-12-01 10:15,179,96,83,0,0,0
2022-12-01 10:30,107,64,43,0,0,0
2022-12-01 10:45,137,75,62,0,0,0
2022-12-01 11:00,154,69,85,0,0,0
2022-12-01 11:15,121,70,51,0,0,0
2022-12-01 11:30,181,92,89,0,0,0
2022-12-01 11:45,428,191,237,0,0,0
2022-12-01 12:00,376,228,148,0,0,0
2022-12-01 12:15,182,110,72,0,0,0
2022-12-01 12:30,183,94,89,0,0,0
2022-12-01 12:45,205,113,92,0,0,0
2022-12-01 13:00,198,74,124,0,0,0
2022-12-01 13:15,192,81,111,0,0,0
2022-12-01 13:30,191,91,100,0,0,0
2022-12-01 13:45,440,229,211,0,0,0
2022-12-01 14:00,369,183,186,0,0,0
2022-12-01 14:15,239,126,113,0,0,0
2022-12-01 14:30,219,96,123,0,0,0
2022-12-01 14:45,194,99,95,0,0,0
2022-12-01 15:00,252,103,149,0,0,0
2022-12-01 15:15,206,104,102,0,0,0
2022-12-01 15:30,274,122,152,0,0,0
2022-12-01 15:45,508,239,269,0,0,0
2022-12-01 16:00,442,235,207,0,0,0
2022-12-01 16:15,281,135,146,0,0,0
2022-12-01 16:30,289,144,145,0,0,0
2022-12-01 16:45,289,158,131,0,0,0
2022-12-01 17:00,273,139,134,0,0,0
2022-12-01 17:15,342,190,152,0,0,0
2022-12-01 17:30,310,175,135,0,0,0
2022-12-01 17:45,469,246,223,0,0,0
2022-12-01 18:00,367,211,156,0,0,0
2022-12-01 18:15,316,177,139,0,0,0
2022-12-01 18:30,255,116,139,0,0,0
2022-12-01 18:45,252,140,112,0,0,0
2022-12-01 19:00,241,101,140,0,0,0
2022-12-01 19:15,255,119,136,0,0,0
2022-12-01 19:30,295,128,167,0,0,0
2022-12-01 19:45,298,103,195,0,0,0
2022-12-01 20:00,228,75,153,0,0,0
2022-12-01 20:15,217,76,141,0,0,0
2022-12-01 20:30,142,44,98,0,0,0
2022-12-01 20:45,100,32,68,0,0,0
2022-12-01 21:00,108,30,78,0,0,0
2022-12-01 21:15,93,27,66,0,0,0
2022-12-01 21:30,102,38,64,0,0,0
2022-12-01 21:45,100,21,79,0,0,0
2022-12-01 22:00,148,55,93,0,0,0
2022-12-01 22:15,157,71,86,0,0,0
2022-12-01 22:30,154,48,106,0,0,0
2022-12-01 22:45,93,30,63,0,0,0
2022-12-01 23:00,88,27,61,0,0,0
2022-12-01 23:15,83,23,60,0,0,0
2022-12-01 23:30,54,19,35,0,0,0
2022-12-01 23:45,48,15,33,0,0,0
2022-12-02 00:00,72,34,38,0,0,0
2022-12-02 00:15,21,11,10,0,0,0
2022-12-02 00:30,45,13,32,0,0,0
2022-12-02 00:45,34,11,23,0,0,0
2022-12-02 01:00,21,5,16,0,0,0
2022-12-02 01:15,21,2,19,0,0,0
2022-12-02 01:30,16,4,12,0,0,0
2022-12-02 01:45,16,1,15,0,0,0
2022-12-02 02:00,10,5,5,0,0,0
2022-12-02 02:15,15,6,9,0,0,0
2022-12-02 02:30,5,1,4,0,0,0
2022-12-02 02:45,5,2,3,0,0,0
2022-12-02 03:00,4,0,4,0,0,0
2022-12-02 03:15,4,1,3,0,0,0
2022-12-02 03:30,3,1,2,0,0,0
2022-12-02 03:45,5,0,5,0,0,0
2022-12-02 04:00,2,0,2,0,0,0
2022-12-02 04:15,2,1,1,0,0,0
2022-12-02 04:30,7,3,4,0,0,0
2022-12-02 04:45,7,5,2,0,0,0
2022-12-02 05:00,8,8,0,0,0,0
2022-12-02 05:15,12,5,7,0,0,0
2022-12-02 05:30,30,17,13,0,0,0
2022-12-02 05:45,17,10,7,0,0,0
2022-12-02 06:00,30,22,8,0,0,0
2022-12-02 06:15,37,27,10,0,0,0
2022-12-02 06:30,56,40,16,0,0,0
2022-12-02 06:45,78,51,27,0,0,0
2022-12-02 07:00,83,54,29,0,0,0
2022-12-02 07:15,134,87,47,0,0,0
2022-12-02 07:30,266,197,69,0,0,0
2022-12-02 07:45,345,186,159,0,0,0
2022-12-02 08:00,374,169,205,0,0,0
2022-12-02 08:15,217,111,106,0,0,0
2022-12-02 08:30,182,108,74,0,0,0
2022-12-02 08:45,229,131,98,0,0,0
2022-12-02 09:00,191,113,78,0,0,0
2022-12-02 09:15,161,95,66,0,0,0
2022-12-02 09:30,168,99,69,0,0,0
2022-12-02 09:45,305,139,166,0,0,0
2022-12-02 10:00,323,195,128,0,0,0
2022-12-02 10:15,162,88,74,0,0,0
2022-12-02 10:30,147,75,72,0,0,0
2022-12-02 10:45,129,77,52,0,0,0
2022-12-02 11:00,140,74,66,0,0,0
2022-12-02 11:15,141,75,66,0,0,0
2022-12-02 11:30,159,77,82,0,0,0
2022-12-02 11:45,302,188,114,0,0,0
2022-12-02 12:00,294,156,138,0,0,0
2022-12-02 12:15,203,116,87,0,0,0
2022-12-02 12:30,193,105,88,0,0,0
2022-12-02 12:45,234,114,120,0,0,0
2022-12-02 13:00,243,103,140,0,0,0
2022-12-02 13:15,222,101,121,0,0,0
2022-12-02 13:30,212,95,117,0,0,0
2022-12-02 13:45,350,191,159,0,0,0
2022-12-02 14:00,248,119,129,0,0,0
2022-12-02 14:15,210,104,106,0,0,0
2022-12-02 14:30,219,119,100,0,0,0
2022-12-02 14:45,212,90,122,0,0,0
2022-12-02 15:00,221,107,114,0,0,0
2022-12-02 15:15,222,112,110,0,0,0
2022-12-02 15:30,218,105,113,0,0,0
2022-12-02 15:45,246,155,91,0,0,0
2022-12-02 16:00,196,87,109,0,0,0
2022-12-02 16:15,223,107,116,0,0,0
2022-12-02 16:30,172,91,81,0,0,0
2022-12-02 16:45,216,118,98,0,0,0
2022-12-02 17:00,183,93,90,0,0,0
2022-12-02 17:15,213,127,86,0,0,0
2022-12-02 17:30,204,108,96,0,0,0
2022-12-02 17:45,272,149,123,0,0,0
2022-12-02 18:00,243,123,120,0,0,0
2022-12-02 18:15,219,103,116,0,0,0
2022-12-02 18:30,226,120,106,0,0,0
2022-12-02 18:45,231,135,96,0,0,0
2022-12-02 19:00,221,112,109,0,0,0
2022-12-02 19:15,194,90,104,0,0,0
2022-12-02 19:30,139,62,77,0,0,0
2022-12-02 19:45,168,72,96,0,0,0
2022-12-02 20:00,144,58,86,0,0,0
2022-12-02 20:15,178,70,108,0,0,0
2022-12-02 20:30,142,60,82,0,0,0
2022-12-02 20:45,99,50,49,0,0,0
2022-12-02 21:00,114,29,85,0,0,0
2022-12-02 21:15,139,36,103,0,0,0
2022-12-02 21:30,120,33,87,0,0,0
2022-12-02 21:45,78,34,44,0,0,0
2022-12-02 22:00,84,36,48,0,0,0
2022-12-02 22:15,95,16,79,0,0,0
2022-12-02 22:30,76,32,44,0,0,0
2022-12-02 22:45,68,21,47,0,0,0
2022-12-02 23:00,69,10,59,0,0,0
2022-12-02 23:15,89,20,69,0,0,0
2022-12-02 23:30,76,14,62,0,0,0
2022-12-02 23:45,92,33,59,0,0,0
2022-12-03 00:00,90,28,62,0,0,0
2022-12-03 00:15,51,17,34,0,0,0
2022-12-03 00:30,69,25,44,0,0,0
2022-12-03 00:45,83,19,64,0,0,0
2022-12-03 01:00,51,10,41,0,0,0
2022-12-03 01:15,71,26,45,0,0,0
2022-12-03 01:30,51,25,26,0,0,0
2022-12-03 01:45,46,13,33,0,0,0
2022-12-03 02:00,52,30,22,0,0,0
2022-12-03 02:15,42,16,26,0,0,0
2022-12-03 02:30,29,14,15,0,0,0
2022-12-03 02:45,40,17,23,0,0,0
2022-12-03 03:00,34,19,15,0,0,0
2022-12-03 03:15,45,16,29,0,0,0
2022-12-03 03:30,19,10,9,0,0,0
2022-12-03 03:45,28,10,18,0,0,0
2022-12-03 04:00,26,13,13,0,0,0
2022-12-03 04:15,24,15,9,0,0,0
2022-12-03 04:30,27,20,7,0,0,0
2022-12-03 04:45,16,7,9,0,0,0
2022-12-03 05:00,19,6,13,0,0,0
2022-12-03 05:15,8,2,6,0,0,0
2022-12-03 05:30,14,6,8,0,0,0
2022-12-03 05:45,8,6,2,0,0,0
2022-12-03 06:00,15,6,9,0,0,0
2022-12-03 06:15,11,7,4,0,0,0
2022-12-03 06:30,15,9,6,0,0,0
2022-12-03 06:45,11,8,3,0,0,0
2022-12-03 07:00,14,13,1,0,0,0
2022-12-03 07:15,18,13,5,0,0,0
2022-12-03 07:30,34,21,13,0,0,0
2022-12-03 07:45,33,24,9,0,0,0
2022-12-03 08:00,30,22,8,0,0,0
2022-12-03 08:15,29,22,7,0,0,0
2022-12-03 08:30,49,28,21,0,0,0
2022-12-03 08:45,58,40,18,0,0,0
2022-12-03 09:00,46,38,8,0,0,0
2022-12-03 09:15,83,54,29,0,0,0
2022-12-03 09:30,74,46,28,0,0,0
2022-12-03 09:45,131,90,41,0,0,0
2022-12-03 10:00,107,78,29,0,0,0
2022-12-03 10:15,79,54,25,0,0,0
2022-12-03 10:30,103,76,27,0,0,0
2022-12-03 10:45,146,104,42,0,0,0
2022-12-03 11:00,90,63,27,0,0,0
2022-12-03 11:15,89,64,25,0,0,0
2022-12-03 11:30,128,78,50,0,0,0
2022-12-03 11:45,137,89,48,0,0,0
2022-12-03 12:00,152,100,52,0,0,0
2022-12-03 12:15,138,84,54,0,0,0
2022-12-03 12:30,140,84,56,0,0,0
2022-12-03 12:45,140,71,69,0,0,0
2022-12-03 13:00,147,79,68,0,0,0
2022-12-03 13:15,140,81,59,0,0,0
2022-12-03 13:30,131,77,54,0,0,0
2022-12-03 13:45,178,112,66,0,0,0
2022-12-03 14:00,140,57,83,0,0,0
2022-12-03 14:15,154,75,79,0,0,0
2022-12-03 14:30,132,76,56,0,0,0
2022-12-03 14:45,142,80,62,0,0,0
2022-12-03 15:00,144,65,79,0,0,0
2022-12-03 15:15,130,72,58,0,0,0
2022-12-03 15:30,122,60,62,0,0,0
2022-12-03 15:45,170,92,78,0,0,0
2022-12-03 16:00,144,51,93,0,0,0
2022-12-03 16:15,148,74,74,0,0,0
2022-12-03 16:30,156,71,85,0,0,0
2022-12-03 16:45,144,63,81,0,0,0
2022-12-03 17:00,152,75,77,0,0,0
2022-12-03 17:15,138,65,73,0,0,0
2022-12-03 17:30,135,61,74,0,0,0
2022-12-03 17:45,146,81,65,0,0,0
2022-12-03 18:00,134,65,69,0,0,0
2022-12-03 18:15,133,72,61,0,0,0
2022-12-03 18:30,115,56,59,0,0,0
2022-12-03 18:45,156,80,76,0,0,0
2022-12-03 19:00,131,70,61,0,0,0
2022-12-03 19:15,122,53,69,0,0,0
2022-12-03 19:30,92,34,58,0,0,0
2022-12-03 19:45,90,42,48,0,0,0
2022-12-03 20:00,116,48,68,0,0,0
2022-12-03 20:15,93,27,66,0,0,0
2022-12-03 20:30,86,37,49,0,0,0
2022-12-03 20:45,83,39,44,0,0,0
2022-12-03 21:00,89,25,64,0,0,0
2022-12-03 21:15,82,24,58,0,0,0
2022-12-03 21:30,69,26,43,0,0,0
2022-12-03 21:45,52,17,35,0,0,0
2022-12-03 22:00,58,19,39,0,0,0
2022-12-03 22:15,68,20,48,0,0,0
2022-12-03 22:30,73,11,62,0,0,0
2022-12-03 22:45,54,14,40,0,0,0
2022-12-03 23:00,48,13,35,0,0,0
2022-12-03 23:15,59,11,48,0,0,0
2022-12-03 23:30,53,23,30,0,0,0
2022-12-03 23:45,60,16,44,0,0,0
2022-12-04 00:00,44,16,28,0,0,0
2022-12-04 00:15,35,14,21,0,0,0
2022-12-04 00:30,75,30,45,0,0,0
2022-12-04 00:45,35,7,28,0,0,0
2022-12-04 01:00,55,18,37,0,0,0
2022-12-04 01:15,55,18,37,0,0,0
2022-12-04 01:30,62,26,36,0,0,0
2022-12-04 01:45,32,12,20,0,0,0
2022-12-04 02:00,47,17,30,0,0,0
2022-12-04 02:15,44,16,28,0,0,0
2022-12-04 02:30,24,5,19,0,0,0
2022-12-04 02:45,32,7,25,0,0,0
2022-12-04 03:00,21,4,17,0,0,0
2022-12-04 03:15,26,9,17,0,0,0
2022-12-04 03:30,28,11,17,0,0,0
2022-12-04 03:45,29,10,19,0,0,0
2022-12-04 04:00,23,5,18,0,0,0
2022-12-04 04:15,34,10,24,0,0,0
2022-12-04 04:30,8,2,6,0,0,0
2022-12-04 04:45,11,4,7,0,0,0
2022-12-04 05:00,11,1,10,0,0,0
2022-12-04 05:15,10,4,6,0,0,0
2022-12-04 05:30,10,3,7,0,0,0
2022-12-04 05:45,11,1,10,0,0,0
2022-12-04 06:00,13,6,7,0,0,0
2022-12-04 06:15,10,1,9,0,0,0
2022-12-04 06:30,9,4,5,0,0,0
2022-12-04 06:45,11,7,4,0,0,0
2022-12-04 07:00,5,4,1,0,0,0
2022-12-04 07:15,7,2,5,0,0,0
2022-12-04 07:30,9,7,2,0,0,0
2022-12-04 07:45,19,11,8,0,0,0
2022-12-04 08:00,15,11,4,0,0,0
2022-12-04 08:15,13,5,8,0,0,0
2022-12-04 08:30,16,13,3,0,0,0
2022-12-04 08:45,22,18,4,0,0,0
2022-12-04 09:00,20,10,10,0,0,0
2022-12-04 09:15,27,13,14,0,0,0
2022-12-04 09:30,36,23,13,0,0,0
2022-12-04 09:45,69,50,19,0,0,0
2022-12-04 10:00,54,34,20,0,0,0
2022-12-04 10:15,53,39,14,0,0,0
2022-12-04 10:30,57,38,19,0,0,0
2022-12-04 10:45,58,38,20,0,0,0
2022-12-04 11:00,57,37,20,0,0,0
2022-12-04 11:15,60,39,21,0,0,0
2022-12-04 11:30,58,35,23,0,0,0
2022-12-04 11:45,66,50,16,0,0,0
2022-12-04 12:00,51,27,24,0,0,0
2022-12-04 12:15,54,33,21,0,0,0
2022-12-04 12:30,75,36,39,0,0,0
2022-12-04 12:45,76,46,30,0,0,0
2022-12-04 13:00,68,41,27,0,0,0
2022-12-04 13:15,65,39,26,0,0,0
2022-12-04 13:30,82,38,44,0,0,0
2022-12-04 13:45,78,43,35,0,0,0
2022-12-04 14:00,85,40,45,0,0,0
2022-12-04 14:15,104,60,44,0,0,0
2022-12-04 14:30,100,57,43,0,0,0
2022-12-04 14:45,114,65,49,0,0,0
2022-12-04 15:00,85,37,48,0,0,0
2022-12-04 15:15,109,52,57,0,0,0
2022-12-04 15:30,94,62,32,0,0,0
2022-12-04 15:45,117,69,48,0,0,0
2022-12-04 16:00,150,109,41,0,0,0
2022-12-04 16:15,147,102,45,0,0,0
2022-12-04 16:30,100,66,34,0,0,0
2022-12-04 16:45,115,62,53,0,0,0
2022-12-04 17:00,92,44,48,0,0,0
2022-12-04 17:15,122,65,57,0,0,0
2022-12-04 17:30,123,45,78,0,0,0
2022-12-04 17:45,154,54,100,0,0,0
2022-12-04 18:00,130,49,81,0,0,0
2022-12-04 18:15,83,25,58,0,0,0
2022-12-04 18:30,105,33,72,0,0,0
2022-12-04 18:45,107,38,69,0,0,0
2022-12-04 19:00,83,30,53,0,0,0
2022-12-04 19:15,97,27,70,0,0,0
2022-12-04 19:30,86,26,60,0,0,0
2022-12-04 19:45,87,27,60,0,0,0
2022-12-04 20:00,88,19,69,0,0,0
2022-12-04 20:15,97,20,77,0,0,0
2022-12-04 20:30,64,16,48,0,0,0
2022-12-04 20:45,59,16,43,0,0,0
2022-12-04 21:00,64,19,45,0,0,0
2022-12-04 21:15,54,14,40,0,0,0
2022-12-04 21:30,44,12,32,0,0,0
2022-12-04 21:45,31,13,18,0,0,0
2022-12-04 22:00,42,8,34,0,0,0
2022-12-04 22:15,45,19,26,0,0,0
2022-12-04 22:30,43,19,24,0,0,0
2022-12-04 22:45,34,14,20,0,0,0
2022-12-04 23:00,34,14,20,0,0,0
2022-12-04 23:15,27,5,22,0,0,0
2022-12-04 23:30,12,1,11,0,0,0
2022-12-04 23:45,18,7,11,0,0,0
2022-12-05 00:00,10,0,10,0,0,0
2022-12-05 00:15,12,5,7,0,0,0
2022-12-05 00:30,9,6,3,0,0,0
2022-12-05 00:45,11,6,5,0,0,0
2022-12-05 01:00,7,1,6,0,0,0
2022-12-05 01:15,8,4,4,0,0,0
2022-12-05 01:30,4,0,4,0,0,0
2022-12-05 01:45,2,1,1,0,0,0
2022-12-05 02:00,3,2,1,0,0,0
2022-12-05 02:15,1,0,1,0,0,0
2022-12-05 02:30,1,0,1,0,0,0
2022-12-05 02:45,3,1,2,0,0,0
2022-12-05 03:00,0,0,0,0,0,0
2022-12-05 03:15,1,0,1,0,0,0
2022-12-05 03:30,0,0,0,0,0,0
2022-12-05 03:45,4,2,2,0,0,0
2022-12-05 04:00,1,0,1,0,0,0
2022-12-05 04:15,1,0,1,0,0,0
2022-12-05 04:30,6,1,5,0,0,0
2022-12-05 04:45,7,3,4,0,0,0
2022-12-05 05:00,10,10,0,0,0,0
2022-12-05 05:15,13,10,3,0,0,0
2022-12-05 05:30,16,11,5,0,0,0
2022-12-05 05:45,29,17,12,0,0,0
2022-12-05 06:00,25,20,5,0,0,0
2022-12-05 06:15,40,31,9,0,0,0
2022-12-05 06:30,58,44,14,0,0,0
2022-12-05 06:45,55,36,19,0,0,0
2022-12-05 07:00,75,48,27,0,0,0
2022-12-05 07:15,108,75,33,0,0,0
2022-12-05 07:30,273,206,67,0,0,0
2022-12-05 07:45,319,187,132,0,0,0
2022-12-05 08:00,349,182,167,0,0,0
2022-12-05 08:15,219,119,100,0,0,0
2022-12-05 08:30,163,85,78,0,0,0
2022-12-05 08:45,235,134,101,0,0,0
2022-12-05 09:00,134,73,61,0,0,0
2022-12-05 09:15,127,72,55,0,0,0
2022-12-05 09:30,141,67,74,0,0,0
2022-12-05 09:45,308,128,180,0,0,0
2022-12-05 10:00,360,203,157,0,0,0
2022-12-05 10:15,122,61,61,0,0,0
2022-12-05 10:30,57,28,29,0,0,0
2022-12-05 10:45,108,57,51,0,0,0
2022-12-05 11:00,110,49,61,0,0,0
2022-12-05 11:15,77,43,34,0,0,0
2022-12-05 11:30,119,51,68,0,0,0
2022-12-05 11:45,267,125,142,0,0,0
2022-12-05 12:00,268,132,136,0,0,0
2022-12-05 12:15,159,74,85,0,0,0
2022-12-05 12:30,113,46,67,0,0,0
2022-12-05 12:45,157,86,71,0,0,0
2022-12-05 13:00,168,73,95,0,0,0
2022-12-05 13:15,149,66,83,0,0,0
2022-12-05 13:30,162,83,79,0,0,0
2022-12-05 13:45,316,157,159,0,0,0
2022-12-05 14:00,279,168,111,0,0,0
2022-12-05 14:15,155,88,67,0,0,0
2022-12-05 14:30,121,60,61,0,0,0
2022-12-05 14:45,136,69,67,0,0,0
2022-12-05 15:00,185,72,113,0,0,0
2022-12-05 15:15,174,72,102,0,0,0
2022-12-05 15:30,214,107,107,0,0,0
2022-12-05 15:45,390,196,194,0,0,0
2022-12-05 16:00,322,162,160,0,0,0
2022-12-05 16:15,166,79,87,0,0,0
2022-12-05 16:30,188,90,98,0,0,0
2022-12-05 16:45,199,101,98,0,0,0
2022-12-05 17:00,185,89,96,0,0,0
2022-12-05 17:15,221,111,110,0,0,0
2022-12-05 17:30,232,124,108,0,0,0
2022-12-05 17:45,389,228,161,0,0,0
2022-12-05 18:00,288,172,116,0,0,0
2022-12-05 18:15,223,105,118,0,0,0
2022-12-05 18:30,171,81,90,0,0,0
2022-12-05 18:45,189,106,83,0,0,0
2022-12-05 19:00,180,78,102,0,0,0
2022-12-05 19:15,152,64,88,0,0,0
2022-12-05 19:30,154,55,99,0,0,0
2022-12-05 19:45,254,70,184,0,0,0
2022-12-05 20:00,143,56,87,0,0,0
2022-12-05 20:15,146,43,103,0,0,0
2022-12-05 20:30,101,36,65,0,0,0
2022-12-05 20:45,87,45,42,0,0,0
2022-12-05 21:00,73,24,49,0,0,0
2022-12-05 21:15,81,34,47,0,0,0
2022-12-05 21:30,59,20,39,0,0,0
2022-12-05 21:45,80,31,49,0,0,0
2022-12-05 22:00,67,24,43,0,0,0
2022-12-05 22:15,78,35,43,0,0,0
2022-12-05 22:30,57,27,30,0,0,0
2022-12-05 22:45,47,20,27,0,0,0
2022-12-05 23:00,42,10,32,0,0,0
2022-12-05 23:15,39,13,26,0,0,0
2022-12-05 23:30,31,7,24,0,0,0
2022-12-05 23:45,22,7,15,0,0,0
2022-12-06 00:00,17,6,11,0,0,0
2022-12-06 00:15,15,5,10,0,0,0
2022-12-06 00:30,12,6,6,0,0,0
2022-12-06 00:45,13,4,9,0,0,0
2022-12-06 01:00,10,3,7,0,0,0
2022-12-06 01:15,2,1,1,0,0,0
2022-12-06 01:30,5,1,4,0,0,0
2022-12-06 01:45,9,0,9,0,0,0
2022-12-06 02:00,4,2,2,0,0,0
2022-12-06 02:15,3,1,2,0,0,0
2022-12-06 02:30,2,0,2,0,0,0
2022-12-06 02:45,5,3,2,0,0,0
2022-12-06 03:00,3,2,1,0,0,0
2022-12-06 03:15,1,0,1,0,0,0
2022-12-06 03:30,1,1,0,0,0,0
2022-12-06 03:45,1,1,0,0,0,0
2022-12-06 04:00,1,0,1,0,0,0
2022-12-06 04:15,4,1,3,0,0,0
2022-12-06 04:30,5,1,4,0,0,0
2022-12-06 04:45,8,4,4,0,0,0
2022-12-06 05:00,8,6,2,0,0,0
2022-12-06 05:15,10,6,4,0,0,0
2022-12-06 05:30,19,15,4,0,0,0
2022-12-06 05:45,35,23,12,0,0,0
2022-12-06 06:00,31,25,6,0,0,0
2022-12-06 06:15,46,38,8,0,0,0
2022-12-06 06:30,57,40,17,0,0,0
2022-12-06 06:45,79,57,22,0,0,0
2022-12-06 07:00,98,58,40,0,0,0
2022-12-06 07:15,128,88,40,0,0,0
2022-12-06 07:30,248,179,69,0,0,0
2022-12-06 07:45,386,239,147,0,0,0
2022-12-06 08:00,473,240,233,0,0,0
2022-12-06 08:15,270,148,122,0,0,0
2022-12-06 08:30,176,99,77,0,0,0
2022-12-06 08:45,228,128,100,0,0,0
2022-12-06 09:00,178,113,65,0,0,0
2022-12-06 09:15,131,77,54,0,0,0
2022-12-06 09:30,186,98,88,0,0,0
2022-12-06 09:45,362,186,176,0,0,0
2022-12-06 10:00,448,288,160,0,0,0
2022-12-06 10:15,141,81,60,0,0,0
2022-12-06 10:30,116,68,48,0,0,0
2022-12-06 10:45,142,73,69,0,0,0
2022-12-06 11:00,139,63,76,0,0,0
2022-12-06 11:15,131,61,70,0,0,0
2022-12-06 11:30,172,103,69,0,0,0
2022-12-06 11:45,357,178,179,0,0,0
2022-12-06 12:00,352,207,145,0,0,0
2022-12-06 12:15,204,100,104,0,0,0
2022-12-06 12:30,175,92,83,0,0,0
2022-12-06 12:45,212,101,111,0,0,0
2022-12-06 13:00,226,99,127,0,0,0
2022-12-06 13:15,181,71,110,0,0,0
2022-12-06 13:30,184,90,94,0,0,0
2022-12-06 13:45,451,259,192,0,0,0
2022-12-06 14:00,353,204,149,0,0,0
2022-12-06 14:15,220,116,104,0,0,0
2022-12-06 14:30,177,98,79,0,0,0
2022-12-06 14:45,188,92,96,0,0,0
2022-12-06 15:00,212,113,99,0,0,0
2022-12-06 15:15,210,96,114,0,0,0
2022-12-06 15:30,227,121,106,0,0,0
2022-12-06 15:45,459,228,231,0,0,0
2022-12-06 16:00,428,251,177,0,0,0
2022-12-06 16:15,281,159,122,0,0,0
2022-12-06 16:30,243,130,113,0,0,0
2022-12-06 16:45,160,131,29,0,0,0
2022-12-06 17:00,251,130,121,0,0,0
2022-12-06 17:15,291,151,140,0,0,0
2022-12-06 17:30,326,179,147,0,0,0
2022-12-06 17:45,504,280,224,0,0,0
2022-12-06 18:00,361,188,173,0,0,0
2022-12-06 18:15,311,176,135,0,0,0
2022-12-06 18:30,212,96,116,0,0,0
2022-12-06 18:45,284,145,139,0,0,0
2022-12-06 19:00,265,141,124,0,0,0
2022-12-06 19:15,219,109,110,0,0,0
2022-12-06 19:30,276,93,183,0,0,0
2022-12-06 19:45,243,85,158,0,0,0
2022-12-06 20:00,213,75,138,0,0,0
2022-12-06 20:15,209,61,148,0,0,0
2022-12-06 20:30,167,62,105,0,0,0
2022-12-06 20:45,127,37,90,0,0,0
2022-12-06 21:00,118,46,72,0,0,0
2022-12-06 21:15,105,35,70,0,0,0
2022-12-06 21:30,103,26,77,0,0,0
2022-12-06 21:45,105,42,63,0,0,0
2022-12-06 22:00,97,28,69,0,0,0
2022-12-06 22:15,95,30,65,0,0,0
2022-12-06 22:30,92,40,52,0,0,0
2022-12-06 22:45,75,26,49,0,0,0
2022-12-06 23:00,81,13,68,0,0,0
2022-12-06 23:15,47,11,36,0,0,0
2022-12-06 23:30,42,17,25,0,0,0
2022-12-06 23:45,33,13,20,0,0,0
2022-12-07 00:00,37,10,27,0,0,0
2022-12-07 00:15,28,9,19,0,0,0
2022-12-07 00:30,34,14,20,0,0,0
2022-12-07 00:45,12,4,8,0,0,0
2022-12-07 01:00,20,7,13,0,0,0
2022-12-07 01:15,11,1,10,0,0,0
2022-12-07 01:30,6,3,3,0,0,0
2022-12-07 01:45,11,6,5,0,0,0
2022-12-07 02:00,8,1,7,0,0,0
2022-12-07 02:15,6,2,4,0,0,0
2022-12-07 02:30,3,1,2,0,0,0
2022-12-07 02:45,5,2,3,0,0,0
2022-12-07 03:00,4,0,4,0,0,0
2022-12-07 03:15,3,1,2,0,0,0
2022-12-07 03:30,3,3,0,0,0,0
2022-12-07 03:45,1,1,0,0,0,0
2022-12-07 04:00,1,1,0,0,0,0
2022-12-07 04:15,4,1,3,0,0,0
2022-12-07 04:30,2,0,2,0,0,0
2022-12-07 04:45,8,4,4,0,0,0
2022-12-07 05:00,7,7,0,0,0,0
2022-12-07 05:15,11,4,7,0,0,0
2022-12-07 05:30,26,18,8,0,0,0
2022-12-07 05:45,31,22,9,0,0,0
2022-12-07 06:00,31,26,5,0,0,0
2022-12-07 06:15,43,36,7,0,0,0
2022-12-07 06:30,62,38,24,0,0,0
2022-12-07 06:45,84,56,28,0,0,0
2022-12-07 07:00,84,52,32,0,0,0
2022-12-07 07:15,143,110,33,0,0,0
2022-12-07 07:30,252,191,61,0,0,0
2022-12-07 07:45,371,196,175,0,0,0
2022-12-07 08:00,476,239,237,0,0,0
2022-12-07 08:15,269,139,130,0,0,0
2022-12-07 08:30,164,102,62,0,0,0
2022-12-07 08:45,253,143,110,0,0,0
2022-12-07 09:00,198,123,75,0,0,0
2022-12-07 09:15,164,102,62,0,0,0
2022-12-07 09:30,181,118,63,0,0,0
2022-12-07 09:45,390,202,188,0,0,0
2022-12-07 10:00,370,216,154,0,0,0
2022-12-07 10:15,138,84,54,0,0,0
2022-12-07 10:30,132,77,55,0,0,0
2022-12-07 10:45,155,95,60,0,0,0
2022-12-07 11:00,141,80,61,0,0,0
2022-12-07 11:15,173,101,72,0,0,0
2022-12-07 11:30,176,92,84,0,0,0
2022-12-07 11:45,374,209,165,0,0,0
2022-12-07 12:00,345,213,132,0,0,0
2022-12-07 12:15,201,95,106,0,0,0
2022-12-07 12:30,199,101,98,0,0,0
2022-12-07 12:45,250,138,112,0,0,0
2022-12-07 13:00,212,107,105,0,0,0
2022-12-07 13:15,236,114,122,0,0,0
2022-12-07 13:30,209,117,92,0,0,0
2022-12-07 13:45,351,153,198,0,0,0
2022-12-07 14:00,358,193,165,0,0,0
2022-12-07 14:15,212,119,93,0,0,0
2022-12-07 14:30,168,93,75,0,0,0
2022-12-07 14:45,213,104,109,0,0,0
2022-12-07 15:00,191,89,102,0,0,0
2022-12-07 15:15,215,103,112,0,0,0
2022-12-07 15:30,315,139,176,0,0,0
2022-12-07 15:45,469,229,240,0,0,0
2022-12-07 16:00,387,203,184,0,0,0
2022-12-07 16:15,268,137,131,0,0,0
2022-12-07 16:30,285,143,142,0,0,0
2022-12-07 16:45,292,158,134,0,0,0
2022-12-07 17:00,329,169,160,0,0,0
2022-12-07 17:15,263,137,126,0,0,0
2022-12-07 17:30,331,156,175,0,0,0
2022-12-07 17:45,508,260,248,0,0,0
2022-12-07 18:00,344,202,142,0,0,0
2022-12-07 18:15,326,176,150,0,0,0
2022-12-07 18:30,236,129,107,0,0,0
2022-12-07 18:45,292,163,129,0,0,0
2022-12-07 19:00,260,132,128,0,0,0
2022-12-07 19:15,226,117,109,0,0,0
2022-12-07 19:30,209,93,116,0,0,0
2022-12-07 19:45,257,113,144,0,0,0
2022-12-07 20:00,212,84,128,0,0,0
2022-12-07 20:15,219,87,132,0,0,0
2022-12-07 20:30,168,62,106,0,0,0
2022-12-07 20:45,166,78,88,0,0,0
2022-12-07 21:00,125,60,65,0,0,0
2022-12-07 21:15,132,52,80,0,0,0
2022-12-07 21:30,113,41,72,0,0,0
2022-12-07 21:45,114,45,69,0,0,0
2022-12-07 22:00,108,44,64,0,0,0
2022-12-07 22:15,121,51,70,0,0,0
2022-12-07 22:30,108,47,61,0,0,0
2022-12-07 22:45,112,44,68,0,0,0
2022-12-07 23:00,56,19,37,0,0,0
2022-12-07 23:15,88,51,37,0,0,0
2022-12-07 23:30,91,48,43,0,0,0
2022-12-07 23:45,89,12,77,0,0,0
2022-12-08 00:00,113,49,64,0,0,0
2022-12-08 00:15,65,6,59,0,0,0
2022-12-08 00:30,55,22,33,0,0,0
2022-12-08 00:45,41,13,28,0,0,0
2022-12-08 01:00,41,12,29,0,0,0
2022-12-08 01:15,25,7,18,0,0,0
2022-12-08 01:30,26,4,22,0,0,0
2022-12-08 01:45,30,6,24,0,0,0
2022-12-08 02:00,34,2,32,0,0,0
2022-12-08 02:15,21,2,19,0,0,0
2022-12-08 02:30,23,2,21,0,0,0
2022-12-08 02:45,36,5,31,0,0,0
2022-12-08 03:00,25,3,22,0,0,0
2022-12-08 03:15,20,1,19,0,0,0
2022-12-08 03:30,38,2,36,0,0,0
2022-12-08 03:45,12,3,9,0,0,0
2022-12-08 04:00,23,1,22,0,0,0
2022-12-08 04:15,20,4,16,0,0,0
2022-12-08 04:30,16,1,15,0,0,0
2022-12-08 04:45,20,4,16,0,0,0
2022-12-08 05:00,16,8,8,0,0,0
2022-12-08 05:15,20,8,12,0,0,0
2022-12-08 05:30,12,5,7,0,0,0
2022-12-08 05:45,31,14,17,0,0,0
2022-12-08 06:00,30,23,7,0,0,0
2022-12-08 06:15,29,23,6,0,0,0
2022-12-08 06:30,60,41,19,0,0,0
2022-12-08 06:45,60,42,18,0,0,0
2022-12-08 07:00,58,34,24,0,0,0
2022-12-08 07:15,112,72,40,0,0,0
2022-12-08 07:30,243,180,63,0,0,0
2022-12-08 07:45,357,204,153,0,0,0
2022-12-08 08:00,338,180,158,0,0,0
2022-12-08 08:15,237,150,87,0,0,0
2022-12-08 08:30,157,85,72,0,0,0
2022-12-08 08:45,200,121,79,0,0,0
2022-12-08 09:00,158,101,57,0,0,0
2022-12-08 09:15,125,82,43,0,0,0
2022-12-08 09:30,152,88,64,0,0,0
2022-12-08 09:45,309,149,160,0,0,0
2022-12-08 10:00,429,257,172,0,0,0
2022-12-08 10:15,122,73,49,0,0,0
2022-12-08 10:30,93,51,42,0,0,0
2022-12-08 10:45,137,82,55,0,0,0
2022-12-08 11:00,129,61,68,0,0,0
2022-12-08 11:15,123,77,46,0,0,0
2022-12-08 11:30,138,76,62,0,0,0
2022-12-08 11:45,356,166,190,0,0,0
2022-12-08 12:00,322,179,143,0,0,0
2022-12-08 12:15,167,94,73,0,0,0
2022-12-08 12:30,162,70,92,0,0,0
2022-12-08 12:45,185,107,78,0,0,0
2022-12-08 13:00,178,87,91,0,0,0
2022-12-08 13:15,182,80,102,0,0,0
2022-12-08 13:30,192,85,107,0,0,0
2022-12-08 13:45,374,180,194,0,0,0
2022-12-08 14:00,312,158,154,0,0,0
2022-12-08 14:15,184,84,100,0,0,0
2022-12-08 14:30,181,104,77,0,0,0
2022-12-08 14:45,204,97,107,0,0,0
2022-12-08 15:00,174,83,91,0,0,0
2022-12-08 15:15,176,93,83,0,0,0
2022-12-08 15:30,245,128,117,0,0,0
2022-12-08 15:45,430,209,221,0,0,0
2022-12-08 16:00,391,227,164,0,0,0
2022-12-08 16:15,277,151,126,0,0,0
2022-12-08 16:30,251,115,136,0,0,0
2022-12-08 16:45,278,140,138,0,0,0
2022-12-08 17:00,214,120,94,0,0,0
2022-12-08 17:15,277,148,129,0,0,0
2022-12-08 17:30,257,147,110,0,0,0
2022-12-08 17:45,465,270,195,0,0,0
2022-12-08 18:00,369,223,146,0,0,0
2022-12-08 18:15,290,140,150,0,0,0
2022-12-08 18:30,200,108,92,0,0,0
2022-12-08 18:45,253,139,114,0,0,0
2022-12-08 19:00,231,123,108,0,0,0
2022-12-08 19:15,208,90,118,0,0,0
2022-12-08 19:30,171,73,98,0,0,0
2022-12-08 19:45,281,86,195,0,0,0
2022-12-08 20:00,200,63,137,0,0,0
2022-12-08 20:15,191,52,139,0,0,0
2022-12-08 20:30,156,48,108,0,0,0
2022-12-08 20:45,122,44,78,0,0,0
2022-12-08 21:00,105,52,53,0,0,0
2022-12-08 21:15,100,35,65,0,0,0
2022-12-08 21:30,102,39,63,0,0,0
2022-12-08 21:45,114,32,82,0,0,0
2022-12-08 22:00,117,42,75,0,0,0
2022-12-08 22:15,120,62,58,0,0,0
2022-12-08 22:30,92,27,65,0,0,0
2022-12-08 22:45,72,21,51,0,0,0
2022-12-08 23:00,66,19,47,0,0,0
2022-12-08 23:15,61,21,40,0,0,0
2022-12-08 23:30,40,12,28,0,0,0
2022-12-08 23:45,44,12,32,0,0,0
2022-12-09 00:00,27,7,20,0,0,0
2022-12-09 00:15,24,4,20,0,0,0
2022-12-09 00:30,21,6,15,0,0,0
2022-12-09 00:45,15,5,10,0,0,0
2022-12-09 01:00,34,10,24,0,0,0
2022-12-09 01:15,15,2,13,0,0,0
2022-12-09 01:30,15,2,13,0,0,0
2022-12-09 01:45,12,2,10,0,0,0
2022-12-09 02:00,12,1,11,0,0,0
2022-12-09 02:15,1,0,1,0,0,0
2022-12-09 02:30,5,2,3,0,0,0
2022-12-09 02:45,2,0,2,0,0,0
2022-12-09 03:00,10,1,9,0,0,0
2022-12-09 03:15,7,3,4,0,0,0
2022-12-09 03:30,9,6,3,0,0,0
2022-12-09 03:45,6,0,6,0,0,0
2022-12-09 04:00,2,1,1,0,0,0
2022-12-09 04:15,4,0,4,0,0,0
2022-12-09 04:30,5,4,1,0,0,0
2022-12-09 04:45,4,1,3,0,0,0
2022-12-09 05:00,6,6,0,0,0,0
2022-12-09 05:15,8,5,3,0,0,0
2022-12-09 05:30,12,9,3,0,0,0
2022-12-09 05:45,18,12,6,0,0,0
2022-12-09 06:00,22,13,9,0,0,0
2022-12-09 06:15,36,27,9,0,0,0
2022-12-09 06:30,41,27,14,0,0,0
2022-12-09 06:45,73,43,30,0,0,0
2022-12-09 07:00,91,59,32,0,0,0
2022-12-09 07:15,105,66,39,0,0,0
2022-12-09 07:30,259,184,75,0,0,0
2022-12-09 07:45,316,180,136,0,0,0
2022-12-09 08:00,315,143,172,0,0,0
2022-12-09 08:15,209,116,93,0,0,0
2022-12-09 08:30,151,85,66,0,0,0
2022-12-09 08:45,227,122,105,0,0,0
2022-12-09 09:00,157,99,58,0,0,0
2022-12-09 09:15,136,78,58,0,0,0
2022-12-09 09:30,153,86,67,0,0,0
2022-12-09 09:45,309,137,172,0,0,0
2022-12-09 10:00,315,179,136,0,0,0
2022-12-09 10:15,149,90,59,0,0,0
2022-12-09 10:30,120,81,39,0,0,0
2022-12-09 10:45,144,78,66,0,0,0
2022-12-09 11:00,135,71,64,0,0,0
2022-12-09 11:15,138,73,65,0,0,0
2022-12-09 11:30,156,75,81,0,0,0
2022-12-09 11:45,287,162,125,0,0,0
2022-12-09 12:00,236,161,75,0,0,0
2022-12-09 12:15,190,110,80,0,0,0
2022-12-09 12:30,160,87,73,0,0,0
2022-12-09 12:45,184,110,74,0,0,0
2022-12-09 13:00,219,84,135,0,0,0
2022-12-09 13:15,207,87,120,0,0,0
2022-12-09 13:30,226,104,122,0,0,0
2022-12-09 13:45,285,156,129,0,0,0
2022-12-09 14:00,252,133,119,0,0,0
2022-12-09 14:15,181,88,93,0,0,0
2022-12-09 14:30,187,107,80,0,0,0
2022-12-09 14:45,233,116,117,0,0,0
2022-12-09 15:00,199,112,87,0,0,0
2022-12-09 15:15,204,114,90,0,0,0
2022-12-09 15:30,225,120,105,0,0,0
2022-12-09 15:45,276,163,113,0,0,0
2022-12-09 16:00,211,104,107,0,0,0
2022-12-09 16:15,252,141,111,0,0,0
2022-12-09 16:30,203,102,101,0,0,0
2022-12-09 16:45,205,109,96,0,0,0
2022-12-09 17:00,216,114,102,0,0,0
2022-12-09 17:15,211,106,105,0,0,0
2022-12-09 17:30,187,90,97,0,0,0
2022-12-09 17:45,248,139,109,0,0,0
2022-12-09 18:00,249,140,109,0,0,0
2022-12-09 18:15,201,106,95,0,0,0
2022-12-09 18:30,198,113,85,0,0,0
2022-12-09 18:45,218,105,113,0,0,0
2022-12-09 19:00,212,123,89,0,0,0
2022-12-09 19:15,195,87,108,0,0,0
2022-12-09 19:30,148,73,75,0,0,0
2022-12-09 19:45,159,82,77,0,0,0
2022-12-09 20:00,124,60,64,0,0,0
2022-12-09 20:15,136,69,67,0,0,0
2022-12-09 20:30,97,42,55,0,0,0
2022-12-09 20:45,121,46,75,0,0,0
2022-12-09 21:00,97,35,62,0,0,0
2022-12-09 21:15,115,38,77,0,0,0
2022-12-09 21:30,85,24,61,0,0,0
2022-12-09 21:45,102,30,72,0,0,0
2022-12-09 22:00,95,28,67,0,0,0
2022-12-09 22:15,108,32,76,0,0,0
2022-12-09 22:30,70,24,46,0,0,0
2022-12-09 22:45,66,31,35,0,0,0
2022-12-09 23:00,73,19,54,0,0,0
2022-12-09 23:15,64,23,41,0,0,0
2022-12-09 23:30,59,30,29,0,0,0
2022-12-09 23:45,87,31,56,0,0,0
2022-12-10 00:00,75,22,53,0,0,0
2022-12-10 00:15,80,33,47,0,0,0
2022-12-10 00:30,81,30,51,0,0,0
2022-12-10 00:45,59,21,38,0,0,0
2022-12-10 01:00,52,14,38,0,0,0
2022-12-10 01:15,57,16,41,0,0,0
2022-12-10 01:30,62,28,34,0,0,0
2022-12-10 01:45,36,5,31,0,0,0
2022-12-10 02:00,39,20,19,0,0,0
2022-12-10 02:15,39,10,29,0,0,0
2022-12-10 02:30,28,9,19,0,0,0
2022-12-10 02:45,38,3,35,0,0,0
2022-12-10 03:00,33,8,25,0,0,0
2022-12-10 03:15,27,8,19,0,0,0
2022-12-10 03:30,34,5,29,0,0,0
2022-12-10 03:45,19,3,16,0,0,0
2022-12-10 04:00,22,5,17,0,0,0
2022-12-10 04:15,23,4,19,0,0,0
2022-12-10 04:30,13,2,11,0,0,0
2022-12-10 04:45,17,5,12,0,0,0
2022-12-10 05:00,10,3,7,0,0,0
2022-12-10 05:15,21,6,15,0,0,0
2022-12-10 05:30,16,4,12,0,0,0
2022-12-10 05:45,16,9,7,0,0,0
2022-12-10 06:00,20,8,12,0,0,0
2022-12-10 06:15,11,4,7,0,0,0
2022-12-10 06:30,14,4,10,0,0,0
2022-12-10 06:45,25,8,17,0,0,0
2022-12-10 07:00,12,8,4,0,0,0
2022-12-10 07:15,14,9,5,0,0,0
2022-12-10 07:30,22,15,7,0,0,0
2022-12-10 07:45,29,23,6,0,0,0
2022-12-10 08:00,42,33,9,0,0,0
2022-12-10 08:15,35,26,9,0,0,0
2022-12-10 08:30,28,18,10,0,0,0
2022-12-10 08:45,65,43,22,0,0,0
2022-12-10 09:00,51,39,12,0,0,0
2022-12-10 09:15,47,29,18,0,0,0
2022-12-10 09:30,75,56,19,0,0,0
2022-12-10 09:45,131,95,36,0,0,0
2022-12-10 10:00,102,80,22,0,0,0
2022-12-10 10:15,111,91,20,0,0,0
2022-12-10 10:30,100,70,30,0,0,0
2022-12-10 10:45,146,95,51,0,0,0
2022-12-10 11:00,127,87,40,0,0,0
2022-12-10 11:15,109,68,41,0,0,0
2022-12-10 11:30,105,61,44,0,0,0
2022-12-10 11:45,147,79,68,0,0,0
2022-12-10 12:00,106,61,45,0,0,0
2022-12-10 12:15,130,92,38,0,0,0
2022-12-10 12:30,142,86,56,0,0,0
2022-12-10 12:45,159,91,68,0,0,0
2022-12-10 13:00,125,75,50,0,0,0
2022-12-10 13:15,155,93,62,0,0,0
2022-12-10 13:30,135,82,53,0,0,0
2022-12-10 13:45,134,67,67,0,0,0
2022-12-10 14:00,149,78,71,0,0,0
2022-12-10 14:15,118,67,51,0,0,0
2022-12-10 14:30,155,75,80,0,0,0
2022-12-10 14:45,155,78,77,0,0,0
2022-12-10 15:00,149,75,74,0,0,0
2022-12-10 15:15,143,83,60,0,0,0
2022-12-10 15:30,131,60,71,0,0,0
2022-12-10 15:45,163,91,72,0,0,0
2022-12-10 16:00,121,59,62,0,0,0
2022-12-10 16:15,153,56,97,0,0,0
2022-12-10 16:30,134,64,70,0,0,0
2022-12-10 16:45,143,79,64,0,0,0
2022-12-10 17:00,139,68,71,0,0,0
2022-12-10 17:15,97,45,52,0,0,0
2022-12-10 17:30,135,61,74,0,0,0
2022-12-10 17:45,136,62,74,0,0,0
2022-12-10 18:00,150,91,59,0,0,0
2022-12-10 18:15,171,89,82,0,0,0
2022-12-10 18:30,144,65,79,0,0,0
2022-12-10 18:45,188,92,96,0,0,0
2022-12-10 19:00,122,59,63,0,0,0
2022-12-10 19:15,108,53,55,0,0,0
2022-12-10 19:30,99,36,63,0,0,0
2022-12-10 19:45,128,54,74,0,0,0
2022-12-10 20:00,116,47,69,0,0,0
2022-12-10 20:15,74,24,50,0,0,0
2022-12-10 20:30,95,39,56,0,0,0
2022-12-10 20:45,84,33,51,0,0,0
2022-12-10 21:00,75,33,42,0,0,0
2022-12-10 21:15,94,29,65,0,0,0
2022-12-10 21:30,75,24,51,0,0,0
2022-12-10 21:45,62,7,55,0,0,0
2022-12-10 22:00,48,19,29,0,0,0
2022-12-10 22:15,59,13,46,0,0,0
2022-12-10 22:30,77,17,60,0,0,0
2022-12-10 22:45,76,22,54,0,0,0
2022-12-10 23:00,62,25,37,0,0,0
2022-12-10 23:15,44,13,31,0,0,0
2022-12-10 23:30,61,18,43,0,0,0
2022-12-10 23:45,47,12,35,0,0,0
2022-12-11 00:00,58,20,38,0,0,0
2022-12-11 00:15,30,9,21,0,0,0
2022-12-11 00:30,54,23,31,0,0,0
2022-12-11 00:45,50,11,39,0,0,0
2022-12-11 01:00,65,33,32,0,0,0
2022-12-11 01:15,42,24,18,0,0,0
2022-12-11 01:30,40,13,27,0,0,0
2022-12-11 01:45,54,17,37,0,0,0
2022-12-11 02:00,30,12,18,0,0,0
2022-12-11 02:15,36,12,24,0,0,0
2022-12-11 02:30,23,4,19,0,0,0
2022-12-11 02:45,47,16,31,0,0,0
2022-12-11 03:00,43,14,29,0,0,0
2022-12-11 03:15,28,4,24,0,0,0
2022-12-11 03:30,19,6,13,0,0,0
2022-12-11 03:45,24,3,21,0,0,0
2022-12-11 04:00,20,2,18,0,0,0
2022-12-11 04:15,21,4,17,0,0,0
2022-12-11 04:30,9,3,6,0,0,0
2022-12-11 04:45,17,5,12,0,0,0
2022-12-11 05:00,9,1,8,0,0,0
2022-12-11 05:15,11,1,10,0,0,0
2022-12-11 05:30,10,5,5,0,0,0
2022-12-11 05:45,11,2,9,0,0,0
2022-12-11 06:00,7,5,2,0,0,0
2022-12-11 06:15,7,2,5,0,0,0
2022-12-11 06:30,6,1,5,0,0,0
2022-12-11 06:45,7,3,4,0,0,0
2022-12-11 07:00,4,2,2,0,0,0
2022-12-11 07:15,6,6,0,0,0,0
2022-12-11 07:30,15,9,6,0,0,0
2022-12-11 07:45,10,8,2,0,0,0
2022-12-11 08:00,14,9,5,0,0,0
2022-12-11 08:15,7,5,2,0,0,0
2022-12-11 08:30,10,9,1,0,0,0
2022-12-11 08:45,19,9,10,0,0,0
2022-12-11 09:00,16,10,6,0,0,0
2022-12-11 09:15,20,9,11,0,0,0
2022-12-11 09:30,34,25,9,0,0,0
2022-12-11 09:45,64,40,24,0,0,0
2022-12-11 10:00,58,45,13,0,0,0
2022-12-11 10:15,55,43,12,0,0,0
2022-12-11 10:30,33,24,9,0,0,0
2022-12-11 10:45,76,51,25,0,0,0
2022-12-11 11:00,46,29,17,0,0,0
2022-12-11 11:15,50,33,17,0,0,0
2022-12-11 11:30,55,33,22,0,0,0
2022-12-11 11:45,66,42,24,0,0,0
2022-12-11 12:00,47,20,27,0,0,0
2022-12-11 12:15,68,39,29,0,0,0
2022-12-11 12:30,52,31,21,0,0,0
2022-12-11 12:45,72,37,35,0,0,0
2022-12-11 13:00,81,41,40,0,0,0
2022-12-11 13:15,87,55,32,0,0,0
2022-12-11 13:30,59,29,30,0,0,0
2022-12-11 13:45,79,45,34,0,0,0
2022-12-11 14:00,81,41,40,0,0,0
2022-12-11 14:15,93,43,50,0,0,0
2022-12-11 14:30,98,46,52,0,0,0
2022-12-11 14:45,103,68,35,0,0,0
2022-12-11 15:00,94,45,49,0,0,0
2022-12-11 15:15,89,44,45,0,0,0
2022-12-11 15:30,101,51,50,0,0,0
2022-12-11 15:45,124,82,42,0,0,0
2022-12-11 16:00,123,61,62,0,0,0
2022-12-11 16:15,98,53,45,0,0,0
2022-12-11 16:30,108,58,50,0,0,0
2022-12-11 16:45,131,69,62,0,0,0
2022-12-11 17:00,101,57,44,0,0,0
2022-12-11 17:15,116,51,65,0,0,0
2022-12-11 17:30,115,64,51,0,0,0
2022-12-11 17:45,120,63,57,0,0,0
2022-12-11 18:00,112,46,66,0,0,0
2022-12-11 18:15,95,31,64,0,0,0
2022-12-11 18:30,108,40,68,0,0,0
2022-12-11 18:45,105,44,61,0,0,0
2022-12-11 19:00,95,22,73,0,0,0
2022-12-11 19:15,76,30,46,0,0,0
2022-12-11 19:30,93,21,72,0,0,0
2022-12-11 19:45,109,17,92,0,0,0
2022-12-11 20:00,89,36,53,0,0,0
2022-12-11 20:15,73,22,51,0,0,0
2022-12-11 20:30,69,15,54,0,0,0
2022-12-11 20:45,61,17,44,0,0,0
2022-12-11 21:00,54,13,41,0,0,0
2022-12-11 21:15,63,21,42,0,0,0
2022-12-11 21:30,50,20,30,0,0,0
2022-12-11 21:45,46,13,33,0,0,0
2022-12-11 22:00,52,13,39,0,0,0
2022-12-11 22:15,39,8,31,0,0,0
2022-12-11 22:30,32,10,22,0,0,0
2022-12-11 22:45,35,15,20,0,0,0
2022-12-11 23:00,34,4,30,0,0,0
2022-12-11 23:15,32,6,26,0,0,0
2022-12-11 23:30,7,2,5,0,0,0
2022-12-11 23:45,20,6,14,0,0,0
2022-12-12 00:00,22,4,18,0,0,0
2022-12-12 00:15,12,2,10,0,0,0
2022-12-12 00:30,13,3,10,0,0,0
2022-12-12 00:45,8,3,5,0,0,0
2022-12-12 01:00,5,4,1,0,0,0
2022-12-12 01:15,6,2,4,0,0,0
2022-12-12 01:30,6,5,1,0,0,0
2022-12-12 01:45,2,1,1,0,0,0
2022-12-12 02:00,3,1,2,0,0,0
2022-12-12 02:15,5,3,2,0,0,0
2022-12-12 02:30,0,0,0,0,0,0
2022-12-12 02:45,0,0,0,0,0,0
2022-12-12 03:00,1,1,0,0,0,0
2022-12-12 03:15,1,0,1,0,0,0
2022-12-12 03:30,5,1,4,0,0,0
2022-12-12 03:45,1,0,1,0,0,0
2022-12-12 04:00,2,1,1,0,0,0
2022-12-12 04:15,5,0,5,0,0,0
2022-12-12 04:30,7,4,3,0,0,0
2022-12-12 04:45,6,3,3,0,0,0
2022-12-12 05:00,10,8,2,0,0,0
2022-12-12 05:15,8,5,3,0,0,0
2022-12-12 05:30,17,12,5,0,0,0
2022-12-12 05:45,19,15,4,0,0,0
2022-12-12 06:00,28,22,6,0,0,0
2022-12-12 06:15,52,37,15,0,0,0
2022-12-12 06:30,42,26,16,0,0,0
2022-12-12 06:45,71,49,22,0,0,0
2022-12-12 07:00,85,50,35,0,0,0
2022-12-12 07:15,124,84,40,0,0,0
2022-12-12 07:30,222,160,62,0,0,0
2022-12-12 07:45,332,191,141,0,0,0
2022-12-12 08:00,331,156,175,0,0,0
2022-12-12 08:15,257,150,107,0,0,0
2022-12-12 08:30,161,96,65,0,0,0
2022-12-12 08:45,229,132,97,0,0,0
2022-12-12 09:00,139,85,54,0,0,0
2022-12-12 09:15,71,64,7,0,0,0
2022-12-12 09:30,150,77,73,0,0,0
2022-12-12 09:45,247,118,129,0,0,0
2022-12-12 10:00,370,198,172,0,0,0
2022-12-12 10:15,133,79,54,0,0,0
2022-12-12 10:30,119,70,49,0,0,0
2022-12-12 10:45,115,74,41,0,0,0
2022-12-12 11:00,121,56,65,0,0,0
2022-12-12 11:15,117,63,54,0,0,0
2022-12-12 11:30,129,57,72,0,0,0
2022-12-12 11:45,273,128,145,0,0,0
2022-12-12 12:00,297,172,125,0,0,0
2022-12-12 12:15,170,85,85,0,0,0
2022-12-12 12:30,155,79,76,0,0,0
2022-12-12 12:45,203,115,88,0,0,0
2022-12-12 13:00,185,91,94,0,0,0
2022-12-12 13:15,202,110,92,0,0,0
2022-12-12 13:30,226,92,134,0,0,0
2022-12-12 13:45,363,173,190,0,0,0
2022-12-12 14:00,334,180,154,0,0,0
2022-12-12 14:15,177,89,88,0,0,0
2022-12-12 14:30,153,68,85,0,0,0
2022-12-12 14:45,185,77,108,0,0,0
2022-12-12 15:00,185,88,97,0,0,0
2022-12-12 15:15,174,75,99,0,0,0
2022-12-12 15:30,237,111,126,0,0,0
2022-12-12 15:45,454,216,238,0,0,0
2022-12-12 16:00,359,189,170,0,0,0
2022-12-12 16:15,220,106,114,0,0,0
2022-12-12 16:30,230,106,124,0,0,0
2022-12-12 16:45,222,122,100,0,0,0
2022-12-12 17:00,248,137,111,0,0,0
2022-12-12 17:15,247,123,124,0,0,0
2022-12-12 17:30,324,173,151,0,0,0
2022-12-12 17:45,454,220,234,0,0,0
2022-12-12 18:00,320,181,139,0,0,0
2022-12-12 18:15,302,151,151,0,0,0
2022-12-12 18:30,236,100,136,0,0,0
2022-12-12 18:45,249,108,141,0,0,0
2022-12-12 19:00,208,82,126,0,0,0
2022-12-12 19:15,203,84,119,0,0,0
2022-12-12 19:30,188,72,116,0,0,0
2022-12-12 19:45,302,89,213,0,0,0
2022-12-12 20:00,179,63,116,0,0,0
2022-12-12 20:15,161,50,111,0,0,0
2022-12-12 20:30,156,46,110,0,0,0
2022-12-12 20:45,103,38,65,0,0,0
2022-12-12 21:00,98,39,59,0,0,0
2022-12-12 21:15,86,33,53,0,0,0
2022-12-12 21:30,99,24,75,0,0,0
2022-12-12 21:45,74,16,58,0,0,0
2022-12-12 22:00,91,39,52,0,0,0
2022-12-12 22:15,98,38,60,0,0,0
2022-12-12 22:30,65,17,48,0,0,0
2022-12-12 22:45,75,14,61,0,0,0
2022-12-12 23:00,66,19,47,0,0,0
2022-12-12 23:15,66,30,36,0,0,0
2022-12-12 23:30,40,10,30,0,0,0
2022-12-12 23:45,24,7,17,0,0,0
2022-12-13 00:00,40,10,30,0,0,0
2022-12-13 00:15,19,8,11,0,0,0
2022-12-13 00:30,23,4,19,0,0,0
2022-12-13 00:45,26,3,23,0,0,0
2022-12-13 01:00,10,2,8,0,0,0
2022-12-13 01:15,12,4,8,0,0,0
2022-12-13 01:30,10,2,8,0,0,0
2022-12-13 01:45,8,5,3,0,0,0
2022-12-13 02:00,6,2,4,0,0,0
2022-12-13 02:15,5,3,2,0,0,0
2022-12-13 02:30,1,0,1,0,0,0
2022-12-13 02:45,6,0,6,0,0,0
2022-12-13 03:00,2,1,1,0,0,0
2022-12-13 03:15,9,0,9,0,0,0
2022-12-13 03:30,2,1,1,0,0,0
2022-12-13 03:45,2,2,0,0,0,0
2022-12-13 04:00,6,2,4,0,0,0
2022-12-13 04:15,1,1,0,0,0,0
2022-12-13 04:30,2,1,1,0,0,0
2022-12-13 04:45,9,4,5,0,0,0
2022-12-13 05:00,5,4,1,0,0,0
2022-12-13 05:15,9,5,4,0,0,0
2022-12-13 05:30,11,7,4,0,0,0
2022-12-13 05:45,28,21,7,0,0,0
2022-12-13 06:00,30,23,7,0,0,0
2022-12-13 06:15,49,36,13,0,0,0
2022-12-13 06:30,58,37,21,0,0,0
2022-12-13 06:45,78,48,30,0,0,0
2022-12-13 07:00,76,49,27,0,0,0
2022-12-13 07:15,96,63,33,0,0,0
2022-12-13 07:30,240,176,64,0,0,0
2022-12-13 07:45,333,191,142,0,0,0
2022-12-13 08:00,417,202,215,0,0,0
2022-12-13 08:15,243,136,107,0,0,0
2022-12-13 08:30,169,98,71,0,0,0
2022-12-13 08:45,223,127,96,0,0,0
2022-12-13 09:00,161,96,65,0,0,0
2022-12-13 09:15,118,67,51,0,0,0
2022-12-13 09:30,134,72,62,0,0,0
2022-12-13 09:45,347,144,203,0,0,0
2022-12-13 10:00,308,172,136,0,0,0
2022-12-13 10:15,130,71,59,0,0,0
2022-12-13 10:30,98,56,42,0,0,0
2022-12-13 10:45,120,62,58,0,0,0
2022-12-13 11:00,142,57,85,0,0,0
2022-12-13 11:15,117,56,61,0,0,0
2022-12-13 11:30,145,75,70,0,0,0
2022-12-13 11:45,311,172,139,0,0,0
2022-12-13 12:00,343,192,151,0,0,0
2022-12-13 12:15,190,90,100,0,0,0
2022-12-13 12:30,145,68,77,0,0,0
2022-12-13 12:45,164,77,87,0,0,0
2022-12-13 13:00,232,100,132,0,0,0
2022-12-13 13:15,183,78,105,0,0,0
2022-12-13 13:30,210,92,118,0,0,0
2022-12-13 13:45,353,183,170,0,0,0
2022-12-13 14:00,338,183,155,0,0,0
2022-12-13 14:15,167,76,91,0,0,0
2022-12-13 14:30,192,97,95,0,0,0
2022-12-13 14:45,179,90,89,0,0,0
2022-12-13 15:00,148,70,78,0,0,0
2022-12-13 15:15,165,72,93,0,0,0
2022-12-13 15:30,223,117,106,0,0,0
2022-12-13 15:45,433,203,230,0,0,0
2022-12-13 16:00,325,178,147,0,0,0
2022-12-13 16:15,228,113,115,0,0,0
2022-12-13 16:30,206,112,94,0,0,0
2022-12-13 16:45,260,120,140,0,0,0
2022-12-13 17:00,229,108,121,0,0,0
2022-12-13 17:15,241,102,139,0,0,0
2022-12-13 17:30,287,141,146,0,0,0
2022-12-13 17:45,427,203,224,0,0,0
2022-12-13 18:00,342,168,174,0,0,0
2022-12-13 18:15,259,126,133,0,0,0
2022-12-13 18:30,232,105,127,0,0,0
2022-12-13 18:45,237,111,126,0,0,0
2022-12-13 19:00,182,78,104,0,0,0
2022-12-13 19:15,197,91,106,0,0,0
2022-12-13 19:30,211,67,144,0,0,0
2022-12-13 19:45,230,82,148,0,0,0
2022-12-13 20:00,183,53,130,0,0,0
2022-12-13 20:15,169,52,117,0,0,0
2022-12-13 20:30,101,35,66,0,0,0
2022-12-13 20:45,91,31,60,0,0,0
2022-12-13 21:00,101,40,61,0,0,0
2022-12-13 21:15,76,37,39,0,0,0
2022-12-13 21:30,90,26,64,0,0,0
2022-12-13 21:45,84,24,60,0,0,0
2022-12-13 22:00,106,44,62,0,0,0
2022-12-13 22:15,96,28,68,0,0,0
2022-12-13 22:30,76,30,46,0,0,0
2022-12-13 22:45,66,13,53,0,0,0
2022-12-13 23:00,43,12,31,0,0,0
2022-12-13 23:15,58,15,43,0,0,0
2022-12-13 23:30,44,15,29,0,0,0
2022-12-13 23:45,37,13,24,0,0,0
2022-12-14 00:00,36,9,27,0,0,0
2022-12-14 00:15,27,6,21,0,0,0
2022-12-14 00:30,23,5,18,0,0,0
2022-12-14 00:45,20,3,17,0,0,0
2022-12-14 01:00,23,4,19,0,0,0
2022-12-14 01:15,14,0,14,0,0,0
2022-12-14 01:30,9,2,7,0,0,0
2022-12-14 01:45,10,0,10,0,0,0
2022-12-14 02:00,7,2,5,0,0,0
2022-12-14 02:15,2,0,2,0,0,0
2022-12-14 02:30,5,0,5,0,0,0
2022-12-14 02:45,1,1,0,0,0,0
2022-12-14 03:00,2,0,2,0,0,0
2022-12-14 03:15,2,0,2,0,0,0
2022-12-14 03:30,5,1,4,0,0,0
2022-12-14 03:45,1,0,1,0,0,0
2022-12-14 04:00,10,2,8,0,0,0
2022-12-14 04:15,2,1,1,0,0,0
2022-12-14 04:30,3,0,3,0,0,0
2022-12-14 04:45,9,5,4,0,0,0
2022-12-14 05:00,6,5,1,0,0,0
2022-12-14 05:15,9,2,7,0,0,0
2022-12-14 05:30,15,10,5,0,0,0
2022-12-14 05:45,30,24,6,0,0,0
2022-12-14 06:00,28,20,8,0,0,0
2022-12-14 06:15,42,24,18,0,0,0
2022-12-14 06:30,54,31,23,0,0,0
2022-12-14 06:45,83,58,25,0,0,0
2022-12-14 07:00,93,67,26,0,0,0
2022-12-14 07:15,130,84,46,0,0,0
2022-12-14 07:30,261,195,66,0,0,0
2022-12-14 07:45,361,200,161,0,0,0
2022-12-14 08:00,361,175,186,0,0,0
2022-12-14 08:15,233,129,104,0,0,0
2022-12-14 08:30,166,95,71,0,0,0
2022-12-14 08:45,225,147,78,0,0,0
2022-12-14 09:00,163,106,57,0,0,0
2022-12-14 09:15,144,93,51,0,0,0
2022-12-14 09:30,157,101,56,0,0,0
2022-12-14 09:45,294,165,129,0,0,0
2022-12-14 10:00,309,194,115,0,0,0
2022-12-14 10:15,146,77,69,0,0,0
2022-12-14 10:30,107,58,49,0,0,0
2022-12-14 10:45,140,91,49,0,0,0
2022-12-14 11:00,143,86,57,0,0,0
2022-12-14 11:15,118,66,52,0,0,0
2022-12-14 11:30,171,95,76,0,0,0
2022-12-14 11:45,324,188,136,0,0,0
2022-12-14 12:00,303,178,125,0,0,0
2022-12-14 12:15,217,116,101,0,0,0
2022-12-14 12:30,175,93,82,0,0,0
2022-12-14 12:45,229,131,98,0,0,0
2022-12-14 13:00,198,98,100,0,0,0
2022-12-14 13:15,199,113,86,0,0,0
2022-12-14 13:30,204,101,103,0,0,0
2022-12-14 13:45,364,197,167,0,0,0
2022-12-14 14:00,369,171,198,0,0,0
2022-12-14 14:15,175,99,76,0,0,0
2022-12-14 14:30,183,93,90,0,0,0
2022-12-14 14:45,167,62,105,0,0,0
2022-12-14 15:00,208,85,123,0,0,0
2022-12-14 15:15,171,82,89,0,0,0
2022-12-14 15:30,282,112,170,0,0,0
2022-12-14 15:45,408,189,219,0,0,0
2022-12-14 16:00,388,205,183,0,0,0
2022-12-14 16:15,274,121,153,0,0,0
2022-12-14 16:30,238,116,122,0,0,0
2022-12-14 16:45,290,157,133,0,0,0
2022-12-14 17:00,236,127,109,0,0,0
2022-12-14 17:15,267,128,139,0,0,0
2022-12-14 17:30,305,133,172,0,0,0
2022-12-14 17:45,467,245,222,0,0,0
2022-12-14 18:00,320,147,173,0,0,0
2022-12-14 18:15,278,144,134,0,0,0
2022-12-14 18:30,233,113,120,0,0,0
2022-12-14 18:45,238,118,120,0,0,0
2022-12-14 19:00,205,96,109,0,0,0
2022-12-14 19:15,202,95,107,0,0,0
2022-12-14 19:30,208,94,114,0,0,0
2022-12-14 19:45,224,87,137,0,0,0
2022-12-14 20:00,219,83,136,0,0,0
2022-12-14 20:15,169,77,92,0,0,0
2022-12-14 20:30,136,45,91,0,0,0
2022-12-14 20:45,112,42,70,0,0,0
2022-12-14 21:00,115,39,76,0,0,0
2022-12-14 21:15,120,64,56,0,0,0
2022-12-14 21:30,96,36,60,0,0,0
2022-12-14 21:45,82,22,60,0,0,0
2022-12-14 22:00,113,53,60,0,0,0
2022-12-14 22:15,121,61,60,0,0,0
2022-12-14 22:30,113,38,75,0,0,0
2022-12-14 22:45,84,35,49,0,0,0
2022-12-14 23:00,106,56,50,0,0,0
2022-12-14 23:15,80,40,40,0,0,0
2022-12-14 23:30,95,63,32,0,0,0
2022-12-14 23:45,78,52,26,0,0,0
2022-12-15 00:00,72,43,29,0,0,0
2022-12-15 00:15,66,43,23,0,0,0
2022-12-15 00:30,92,45,47,0,0,0
2022-12-15 00:45,43,25,18,0,0,0
2022-12-15 01:00,47,25,22,0,0,0
2022-12-15 01:15,25,6,19,0,0,0
2022-12-15 01:30,17,13,4,0,0,0
2022-12-15 01:45,24,5,19,0,0,0
2022-12-15 02:00,26,13,13,0,0,0
2022-12-15 02:15,27,5,22,0,0,0
2022-12-15 02:30,22,2,20,0,0,0
2022-12-15 02:45,14,2,12,0,0,0
2022-12-15 03:00,36,4,32,0,0,0
2022-12-15 03:15,22,2,20,0,0,0
2022-12-15 03:30,18,3,15,0,0,0
2022-12-15 03:45,30,3,27,0,0,0
2022-12-15 04:00,22,3,19,0,0,0
2022-12-15 04:15,25,2,23,0,0,0
2022-12-15 04:30,30,3,27,0,0,0
2022-12-15 04:45,22,6,16,0,0,0
2022-12-15 05:00,28,5,23,0,0,0
2022-12-15 05:15,21,5,16,0,0,0
2022-12-15 05:30,28,12,16,0,0,0
2022-12-15 05:45,31,16,15,0,0,0
2022-12-15 06:00,26,19,7,0,0,0
2022-12-15 06:15,45,30,15,0,0,0
2022-12-15 06:30,36,20,16,0,0,0
2022-12-15 06:45,66,45,21,0,0,0
2022-12-15 07:00,81,45,36,0,0,0
2022-12-15 07:15,140,80,60,0,0,0
2022-12-15 07:30,245,165,80,0,0,0
2022-12-15 07:45,343,205,138,0,0,0
2022-12-15 08:00,317,192,125,0,0,0
2022-12-15 08:15,233,143,90,0,0,0
2022-12-15 08:30,173,107,66,0,0,0
2022-12-15 08:45,219,127,92,0,0,0
2022-12-15 09:00,161,99,62,0,0,0
2022-12-15 09:15,124,69,55,0,0,0
2022-12-15 09:30,155,87,68,0,0,0
2022-12-15 09:45,313,159,154,0,0,0
2022-12-15 10:00,376,233,143,0,0,0
2022-12-15 10:15,160,97,63,0,0,0
2022-12-15 10:30,102,59,43,0,0,0
2022-12-15 10:45,132,74,58,0,0,0
2022-12-15 11:00,144,66,78,0,0,0
2022-12-15 11:15,137,76,61,0,0,0
2022-12-15 11:30,139,71,68,0,0,0
2022-12-15 11:45,324,149,175,0,0,0
2022-12-15 12:00,333,193,140,0,0,0
2022-12-15 12:15,185,105,80,0,0,0
2022-12-15 12:30,146,72,74,0,0,0
2022-12-15 12:45,202,116,86,0,0,0
2022-12-15 13:00,192,105,87,0,0,0
2022-12-15 13:15,200,101,99,0,0,0
2022-12-15 13:30,199,89,110,0,0,0
2022-12-15 13:45,375,208,167,0,0,0
2022-12-15 14:00,333,180,153,0,0,0
2022-12-15 14:15,202,109,93,0,0,0
2022-12-15 14:30,165,91,74,0,0,0
2022-12-15 14:45,193,100,93,0,0,0
2022-12-15 15:00,197,85,112,0,0,0
2022-12-15 15:15,196,101,95,0,0,0
2022-12-15 15:30,270,133,137,0,0,0
2022-12-15 15:45,417,215,202,0,0,0
2022-12-15 16:00,378,216,162,0,0,0
2022-12-15 16:15,271,134,137,0,0,0
2022-12-15 16:30,253,130,123,0,0,0
2022-12-15 16:45,262,144,118,0,0,0
2022-12-15 17:00,238,127,111,0,0,0
2022-12-15 17:15,269,160,109,0,0,0
2022-12-15 17:30,332,184,148,0,0,0
2022-12-15 17:45,406,229,177,0,0,0
2022-12-15 18:00,321,177,144,0,0,0
2022-12-15 18:15,265,147,118,0,0,0
2022-12-15 18:30,239,114,125,0,0,0
2022-12-15 18:45,250,125,125,0,0,0
2022-12-15 19:00,189,74,115,0,0,0
2022-12-15 19:15,187,91,96,0,0,0
2022-12-15 19:30,175,68,107,0,0,0
2022-12-15 19:45,251,74,177,0,0,0
2022-12-15 20:00,167,53,114,0,0,0
2022-12-15 20:15,172,58,114,0,0,0
2022-12-15 20:30,121,33,88,0,0,0
2022-12-15 20:45,111,29,82,0,0,0
2022-12-15 21:00,117,34,83,0,0,0
2022-12-15 21:15,92,29,63,0,0,0
2022-12-15 21:30,73,27,46,0,0,0
2022-12-15 21:45,93,33,60,0,0,0
2022-12-15 22:00,119,52,67,0,0,0
2022-12-15 22:15,109,52,57,0,0,0
2022-12-15 22:30,83,21,62,0,0,0
2022-12-15 22:45,58,13,45,0,0,0
2022-12-15 23:00,87,25,62,0,0,0
2022-12-15 23:15,53,13,40,0,0,0
2022-12-15 23:30,56,23,33,0,0,0
2022-12-15 23:45,54,21,33,0,0,0
2022-12-16 00:00,45,27,18,0,0,0
2022-12-16 00:15,20,6,14,0,0,0
2022-12-16 00:30,42,10,32,0,0,0
2022-12-16 00:45,31,8,23,0,0,0
2022-12-16 01:00,32,8,24,0,0,0
2022-12-16 01:15,25,3,22,0,0,0
2022-12-16 01:30,20,6,14,0,0,0
2022-12-16 01:45,14,4,10,0,0,0
2022-12-16 02:00,13,5,8,0,0,0
2022-12-16 02:15,20,6,14,0,0,0
2022-12-16 02:30,11,4,7,0,0,0
2022-12-16 02:45,4,2,2,0,0,0
2022-12-16 03:00,5,0,5,0,0,0
2022-12-16 03:15,0,0,0,0,0,0
2022-12-16 03:30,3,3,0,0,0,0
2022-12-16 03:45,3,3,0,0,0,0
2022-12-16 04:00,8,1,7,0,0,0
2022-12-16 04:15,5,0,5,0,0,0
2022-12-16 04:30,3,0,3,0,0,0
2022-12-16 04:45,9,5,4,0,0,0
2022-12-16 05:00,11,7,4,0,0,0
2022-12-16 05:15,7,5,2,0,0,0
2022-12-16 05:30,22,14,8,0,0,0
2022-12-16 05:45,16,6,10,0,0,0
2022-12-16 06:00,25,15,10,0,0,0
2022-12-16 06:15,30,19,11,0,0,0
2022-12-16 06:30,42,26,16,0,0,0
2022-12-16 06:45,72,46,26,0,0,0
2022-12-16 07:00,65,39,26,0,0,0
2022-12-16 07:15,108,70,38,0,0,0
2022-12-16 07:30,226,155,71,0,0,0
2022-12-16 07:45,302,170,132,0,0,0
2022-12-16 08:00,224,108,116,0,0,0
2022-12-16 08:15,174,87,87,0,0,0
2022-12-16 08:30,138,85,53,0,0,0
2022-12-16 08:45,176,115,61,0,0,0
2022-12-16 09:00,114,77,37,0,0,0
2022-12-16 09:15,120,72,48,0,0,0
2022-12-16 09:30,123,77,46,0,0,0
2022-12-16 09:45,277,140,137,0,0,0
2022-12-16 10:00,240,138,102,0,0,0
2022-12-16 10:15,135,85,50,0,0,0
2022-12-16 10:30,99,63,36,0,0,0
2022-12-16 10:45,127,73,54,0,0,0
2022-12-16 11:00,138,79,59,0,0,0
2022-12-16 11:15,111,75,36,0,0,0
2022-12-16 11:30,127,75,52,0,0,0
2022-12-16 11:45,243,140,103,0,0,0
2022-12-16 12:00,201,127,74,0,0,0
2022-12-16 12:15,212,123,89,0,0,0
2022-12-16 12:30,188,102,86,0,0,0
2022-12-16 12:45,227,130,97,0,0,0
2022-12-16 13:00,233,107,126,0,0,0
2022-12-16 13:15,206,90,116,0,0,0
2022-12-16 13:30,153,76,77,0,0,0
2022-12-16 13:45,254,130,124,0,0,0
2022-12-16 14:00,228,122,106,0,0,0
2022-12-16 14:15,213,123,90,0,0,0
2022-12-16 14:30,204,117,87,0,0,0
2022-12-16 14:45,215,115,100,0,0,0
2022-12-16 15:00,208,96,112,0,0,0
2022-12-16 15:15,174,98,76,0,0,0
2022-12-16 15:30,205,117,88,0,0,0
2022-12-16 15:45,234,144,90,0,0,0
2022-12-16 16:00,216,118,98,0,0,0
2022-12-16 16:15,209,124,85,0,0,0
2022-12-16 16:30,166,78,88,0,0,0
2022-12-16 16:45,189,101,88,0,0,0
2022-12-16 17:00,199,94,105,0,0,0
2022-12-16 17:15,204,111,93,0,0,0
2022-12-16 17:30,194,97,97,0,0,0
2022-12-16 17:45,226,119,107,0,0,0
2022-12-16 18:00,153,74,79,0,0,0
2022-12-16 18:15,214,99,115,0,0,0
2022-12-16 18:30,143,72,71,0,0,0
2022-12-16 18:45,198,101,97,0,0,0
2022-12-16 19:00,174,92,82,0,0,0
2022-12-16 19:15,157,81,76,0,0,0
2022-12-16 19:30,124,54,70,0,0,0
2022-12-16 19:45,128,62,66,0,0,0
2022-12-16 20:00,162,74,88,0,0,0
2022-12-16 20:15,149,80,69,0,0,0
2022-12-16 20:30,106,47,59,0,0,0
2022-12-16 20:45,104,34,70,0,0,0
2022-12-16 21:00,95,34,61,0,0,0
2022-12-16 21:15,79,33,46,0,0,0
2022-12-16 21:30,69,23,46,0,0,0
2022-12-16 21:45,60,20,40,0,0,0
2022-12-16 22:00,75,34,41,0,0,0
2022-12-16 22:15,65,21,44,0,0,0
2022-12-16 22:30,69,17,52,0,0,0
2022-12-16 22:45,77,40,37,0,0,0
2022-12-16 23:00,57,21,36,0,0,0
2022-12-16 23:15,56,19,37,0,0,0
2022-12-16 23:30,81,29,52,0,0,0
2022-12-16 23:45,75,25,50,0,0,0
2022-12-17 00:00,64,21,43,0,0,0
2022-12-17 00:15,78,22,56,0,0,0
2022-12-17 00:30,70,26,44,0,0,0
2022-12-17 00:45,57,15,42,0,0,0
2022-12-17 01:00,59,14,45,0,0,0
2022-12-17 01:15,44,11,33,0,0,0
2022-12-17 01:30,24,10,14,0,0,0
2022-12-17 01:45,37,9,28,0,0,0
2022-12-17 02:00,53,15,38,0,0,0
2022-12-17 02:15,42,10,32,0,0,0
2022-12-17 02:30,20,6,14,0,0,0
2022-12-17 02:45,37,5,32,0,0,0
2022-12-17 03:00,38,5,33,0,0,0
2022-12-17 03:15,25,6,19,0,0,0
2022-12-17 03:30,25,7,18,0,0,0
2022-12-17 03:45,24,3,21,0,0,0
2022-12-17 04:00,23,0,23,0,0,0
2022-12-17 04:15,23,2,21,0,0,0
2022-12-17 04:30,11,0,11,0,0,0
2022-12-17 04:45,9,5,4,0,0,0
2022-12-17 05:00,14,8,6,0,0,0
2022-12-17 05:15,16,2,14,0,0,0
2022-12-17 05:30,16,8,8,0,0,0
2022-12-17 05:45,10,4,6,0,0,0
2022-12-17 06:00,15,6,9,0,0,0
2022-12-17 06:15,7,1,6,0,0,0
2022-12-17 06:30,7,5,2,0,0,0
2022-12-17 06:45,14,7,7,0,0,0
2022-12-17 07:00,9,4,5,0,0,0
2022-12-17 07:15,14,12,2,0,0,0
2022-12-17 07:30,33,27,6,0,0,0
2022-12-17 07:45,28,21,7,0,0,0
2022-12-17 08:00,21,15,6,0,0,0
2022-12-17 08:15,24,18,6,0,0,0
2022-12-17 08:30,28,16,12,0,0,0
2022-12-17 08:45,45,30,15,0,0,0
2022-12-17 09:00,35,19,16,0,0,0
2022-12-17 09:15,29,17,12,0,0,0
2022-12-17 09:30,56,40,16,0,0,0
2022-12-17 09:45,98,68,30,0,0,0
2022-12-17 10:00,74,51,23,0,0,0
2022-12-17 10:15,83,56,27,0,0,0
2022-12-17 10:30,84,61,23,0,0,0
2022-12-17 10:45,98,70,28,0,0,0
2022-12-17 11:00,110,81,29,0,0,0
2022-12-17 11:15,89,66,23,0,0,0
2022-12-17 11:30,76,57,19,0,0,0
2022-12-17 11:45,106,68,38,0,0,0
2022-12-17 12:00,85,54,31,0,0,0
2022-12-17 12:15,114,78,36,0,0,0
2022-12-17 12:30,133,80,53,0,0,0
2022-12-17 12:45,119,67,52,0,0,0
2022-12-17 13:00,118,69,49,0,0,0
2022-12-17 13:15,122,69,53,0,0,0
2022-12-17 13:30,130,70,60,0,0,0
2022-12-17 13:45,137,81,56,0,0,0
2022-12-17 14:00,117,68,49,0,0,0
2022-12-17 14:15,132,73,59,0,0,0
2022-12-17 14:30,137,79,58,0,0,0
2022-12-17 14:45,145,80,65,0,0,0
2022-12-17 15:00,110,57,53,0,0,0
2022-12-17 15:15,121,60,61,0,0,0
2022-12-17 15:30,115,64,51,0,0,0
2022-12-17 15:45,138,62,76,0,0,0
2022-12-17 16:00,115,73,42,0,0,0
2022-12-17 16:15,141,76,65,0,0,0
2022-12-17 16:30,144,68,76,0,0,0
2022-12-17 16:45,158,90,68,0,0,0
2022-12-17 17:00,102,44,58,0,0,0
2022-12-17 17:15,113,60,53,0,0,0
2022-12-17 17:30,115,50,65,0,0,0
2022-12-17 17:45,138,67,71,0,0,0
2022-12-17 18:00,123,48,75,0,0,0
2022-12-17 18:15,120,61,59,0,0,0
2022-12-17 18:30,103,47,56,0,0,0
2022-12-17 18:45,125,59,66,0,0,0
2022-12-17 19:00,103,41,62,0,0,0
2022-12-17 19:15,109,52,57,0,0,0
2022-12-17 19:30,92,43,49,0,0,0
2022-12-17 19:45,93,45,48,0,0,0
2022-12-17 20:00,99,38,61,0,0,0
2022-12-17 20:15,108,45,63,0,0,0
2022-12-17 20:30,85,36,49,0,0,0
2022-12-17 20:45,49,20,29,0,0,0
2022-12-17 21:00,79,29,50,0,0,0
2022-12-17 21:15,76,26,50,0,0,0
2022-12-17 21:30,67,19,48,0,0,0
2022-12-17 21:45,49,27,22,0,0,0
2022-12-17 22:00,61,27,34,0,0,0
2022-12-17 22:15,43,11,32,0,0,0
2022-12-17 22:30,57,18,39,0,0,0
2022-12-17 22:45,53,17,36,0,0,0
2022-12-17 23:00,43,19,24,0,0,0
2022-12-17 23:15,39,24,15,0,0,0
2022-12-17 23:30,48,9,39,0,0,0
2022-12-17 23:45,57,14,43,0,0,0
2022-12-18 00:00,46,16,30,0,0,0
2022-12-18 00:15,34,9,25,0,0,0
2022-12-18 00:30,50,21,29,0,0,0
2022-12-18 00:45,43,9,34,0,0,0
2022-12-18 01:00,41,8,33,0,0,0
2022-12-18 01:15,31,13,18,0,0,0
2022-12-18 01:30,46,9,37,0,0,0
2022-12-18 01:45,47,26,21,0,0,0
2022-12-18 02:00,42,14,28,0,0,0
2022-12-18 02:15,28,9,19,0,0,0
2022-12-18 02:30,16,5,11,0,0,0
2022-12-18 02:45,25,8,17,0,0,0
2022-12-18 03:00,27,6,21,0,0,0
2022-12-18 03:15,20,5,15,0,0,0
2022-12-18 03:30,31,5,26,0,0,0
2022-12-18 03:45,9,6,3,0,0,0
2022-12-18 04:00,17,7,10,0,0,0
2022-12-18 04:15,11,3,8,0,0,0
2022-12-18 04:30,11,2,9,0,0,0
2022-12-18 04:45,11,3,8,0,0,0
2022-12-18 05:00,8,3,5,0,0,0
2022-12-18 05:15,10,0,10,0,0,0
2022-12-18 05:30,16,4,12,0,0,0
2022-12-18 05:45,7,4,3,0,0,0
2022-12-18 06:00,4,2,2,0,0,0
2022-12-18 06:15,7,1,6,0,0,0
2022-12-18 06:30,13,5,8,0,0,0
2022-12-18 06:45,9,2,7,0,0,0
2022-12-18 07:00,7,3,4,0,0,0
2022-12-18 07:15,6,4,2,0,0,0
2022-12-18 07:30,8,5,3,0,0,0
2022-12-18 07:45,7,5,2,0,0,0
2022-12-18 08:00,8,5,3,0,0,0
2022-12-18 08:15,9,3,6,0,0,0
2022-12-18 08:30,9,6,3,0,0,0
2022-12-18 08:45,9,6,3,0,0,0
2022-12-18 09:00,26,17,9,0,0,0
2022-12-18 09:15,15,9,6,0,0,0
2022-12-18 09:30,35,23,12,0,0,0
2022-12-18 09:45,52,41,11,0,0,0
2022-12-18 10:00,53,35,18,0,0,0
2022-12-18 10:15,46,33,13,0,0,0
2022-12-18 10:30,53,39,14,0,0,0
2022-12-18 10:45,82,61,21,0,0,0
2022-12-18 11:00,54,39,15,0,0,0
2022-12-18 11:15,51,29,22,0,0,0
2022-12-18 11:30,48,31,17,0,0,0
2022-12-18 11:45,67,42,25,0,0,0
2022-12-18 12:00,70,31,39,0,0,0
2022-12-18 12:15,66,40,26,0,0,0
2022-12-18 12:30,56,28,28,0,0,0
2022-12-18 12:45,64,44,20,0,0,0
2022-12-18 13:00,88,54,34,0,0,0
2022-12-18 13:15,75,38,37,0,0,0
2022-12-18 13:30,63,36,27,0,0,0
2022-12-18 13:45,72,48,24,0,0,0
2022-12-18 14:00,64,38,26,0,0,0
2022-12-18 14:15,87,48,39,0,0,0
2022-12-18 14:30,88,51,37,0,0,0
2022-12-18 14:45,89,48,41,0,0,0
2022-12-18 15:00,78,46,32,0,0,0
2022-12-18 15:15,88,40,48,0,0,0
2022-12-18 15:30,93,46,47,0,0,0
2022-12-18 15:45,112,58,54,0,0,0
2022-12-18 16:00,108,51,57,0,0,0
2022-12-18 16:15,99,44,55,0,0,0
2022-12-18 16:30,62,29,33,0,0,0
2022-12-18 16:45,80,40,40,0,0,0
2022-12-18 17:00,80,41,39,0,0,0
2022-12-18 17:15,78,46,32,0,0,0
2022-12-18 17:30,67,31,36,0,0,0
2022-12-18 17:45,98,49,49,0,0,0
2022-12-18 18:00,79,40,39,0,0,0
2022-12-18 18:15,70,35,35,0,0,0
2022-12-18 18:30,54,22,32,0,0,0
2022-12-18 18:45,82,52,30,0,0,0
2022-12-18 19:00,99,47,52,0,0,0
2022-12-18 19:15,93,51,42,0,0,0
2022-12-18 19:30,85,32,53,0,0,0
2022-12-18 19:45,70,26,44,0,0,0
2022-12-18 20:00,88,38,50,0,0,0
2022-12-18 20:15,102,30,72,0,0,0
2022-12-18 20:30,69,19,50,0,0,0
2022-12-18 20:45,55,17,38,0,0,0
2022-12-18 21:00,52,23,29,0,0,0
2022-12-18 21:15,40,12,28,0,0,0
2022-12-18 21:30,46,14,32,0,0,0
2022-12-18 21:45,47,13,34,0,0,0
2022-12-18 22:00,43,13,30,0,0,0
2022-12-18 22:15,38,10,28,0,0,0
2022-12-18 22:30,37,5,32,0,0,0
2022-12-18 22:45,38,14,24,0,0,0
2022-12-18 23:00,25,6,19,0,0,0
2022-12-18 23:15,30,4,26,0,0,0
2022-12-18 23:30,21,3,18,0,0,0
2022-12-18 23:45,9,3,6,0,0,0
2022-12-19 00:00,16,3,13,0,0,0
2022-12-19 00:15,7,2,5,0,0,0
2022-12-19 00:30,3,0,3,0,0,0
2022-12-19 00:45,15,2,13,0,0,0
2022-12-19 01:00,4,1,3,0,0,0
2022-12-19 01:15,1,0,1,0,0,0
2022-12-19 01:30,5,0,5,0,0,0
2022-12-19 01:45,3,2,1,0,0,0
2022-12-19 02:00,4,0,4,0,0,0
2022-12-19 02:15,1,0,1,0,0,0
2022-12-19 02:30,1,0,1,0,0,0
2022-12-19 02:45,0,0,0,0,0,0
2022-12-19 03:00,1,0,1,0,0,0
2022-12-19 03:15,0,0,0,0,0,0
2022-12-19 03:30,1,1,0,0,0,0
2022-12-19 03:45,2,0,2,0,0,0
2022-12-19 04:00,2,0,2,0,0,0
2022-12-19 04:15,0,0,0,0,0,0
2022-12-19 04:30,4,1,3,0,0,0
2022-12-19 04:45,3,3,0,0,0,0
2022-12-19 05:00,5,3,2,0,0,0
2022-12-19 05:15,3,1,2,0,0,0
2022-12-19 05:30,6,5,1,0,0,0
2022-12-19 05:45,6,3,3,0,0,0
2022-12-19 06:00,15,11,4,0,0,0
2022-12-19 06:15,32,19,13,0,0,0
2022-12-19 06:30,33,22,11,0,0,0
2022-12-19 06:45,49,29,20,0,0,0
2022-12-19 07:00,70,37,33,0,0,0
2022-12-19 07:15,53,45,8,0,0,0
2022-12-19 07:30,171,119,52,0,0,0
2022-12-19 07:45,196,114,82,0,0,0
2022-12-19 08:00,221,110,111,0,0,0
2022-12-19 08:15,131,73,58,0,0,0
2022-12-19 08:30,113,65,48,0,0,0
2022-12-19 08:45,147,76,71,0,0,0
2022-12-19 09:00,113,64,49,0,0,0
2022-12-19 09:15,65,57,8,0,0,0
2022-12-19 09:30,55,47,8,0,0,0
2022-12-19 09:45,218,103,115,0,0,0
2022-12-19 10:00,238,136,102,0,0,0
2022-12-19 10:15,154,78,76,0,0,0
2022-12-19 10:30,101,54,47,0,0,0
2022-12-19 10:45,96,47,49,0,0,0
2022-12-19 11:00,102,48,54,0,0,0
2022-12-19 11:15,104,58,46,0,0,0
2022-12-19 11:30,105,64,41,0,0,0
2022-12-19 11:45,216,103,113,0,0,0
2022-12-19 12:00,243,135,108,0,0,0
2022-12-19 12:15,147,77,70,0,0,0
2022-12-19 12:30,151,72,79,0,0,0
2022-12-19 12:45,153,95,58,0,0,0
2022-12-19 13:00,207,111,96,0,0,0
2022-12-19 13:15,151,54,97,0,0,0
2022-12-19 13:30,172,88,84,0,0,0
2022-12-19 13:45,270,132,138,0,0,0
2022-12-19 14:00,269,152,117,0,0,0
2022-12-19 14:15,176,99,77,0,0,0
2022-12-19 14:30,160,76,84,0,0,0
2022-12-19 14:45,181,88,93,0,0,0
2022-12-19 15:00,178,95,83,0,0,0
2022-12-19 15:15,231,131,100,0,0,0
2022-12-19 15:30,205,112,93,0,0,0
2022-12-19 15:45,379,197,182,0,0,0
2022-12-19 16:00,358,202,156,0,0,0
2022-12-19 16:15,242,122,120,0,0,0
2022-12-19 16:30,216,105,111,0,0,0
2022-12-19 16:45,233,113,120,0,0,0
2022-12-19 17:00,207,116,91,0,0,0
2022-12-19 17:15,275,163,112,0,0,0
2022-12-19 17:30,228,126,102,0,0,0
2022-12-19 17:45,365,178,187,0,0,0
2022-12-19 18:00,304,160,144,0,0,0
2022-12-19 18:15,227,107,120,0,0,0
2022-12-19 18:30,215,97,118,0,0,0
2022-12-19 18:45,244,124,120,0,0,0
2022-12-19 19:00,215,93,122,0,0,0
2022-12-19 19:15,165,88,77,0,0,0
2022-12-19 19:30,186,51,135,0,0,0
2022-12-19 19:45,192,74,118,0,0,0
2022-12-19 20:00,195,58,137,0,0,0
2022-12-19 20:15,164,51,113,0,0,0
2022-12-19 20:30,145,33,112,0,0,0
2022-12-19 20:45,72,29,43,0,0,0
2022-12-19 21:00,83,32,51,0,0,0
2022-12-19 21:15,86,37,49,0,0,0
2022-12-19 21:30,75,25,50,0,0,0
2022-12-19 21:45,73,17,56,0,0,0
2022-12-19 22:00,74,28,46,0,0,0
2022-12-19 22:15,65,27,38,0,0,0
2022-12-19 22:30,47,8,39,0,0,0
2022-12-19 22:45,53,22,31,0,0,0
2022-12-19 23:00,67,22,45,0,0,0
2022-12-19 23:15,58,16,42,0,0,0
2022-12-19 23:30,50,24,26,0,0,0
2022-12-19 23:45,39,11,28,0,0,0
2022-12-20 00:00,29,12,17,0,0,0
2022-12-20 00:15,39,10,29,0,0,0
2022-12-20 00:30,22,6,16,0,0,0
2022-12-20 00:45,17,6,11,0,0,0
2022-12-20 01:00,24,7,17,0,0,0
2022-12-20 01:15,16,3,13,0,0,0
2022-12-20 01:30,24,8,16,0,0,0
2022-12-20 01:45,14,9,5,0,0,0
2022-12-20 02:00,18,4,14,0,0,0
2022-12-20 02:15,3,2,1,0,0,0
2022-12-20 02:30,4,2,2,0,0,0
2022-12-20 02:45,2,0,2,0,0,0
2022-12-20 03:00,6,1,5,0,0,0
2022-12-20 03:15,3,1,2,0,0,0
2022-12-20 03:30,4,3,1,0,0,0
2022-12-20 03:45,2,1,1,0,0,0
2022-12-20 04:00,3,0,3,0,0,0
2022-12-20 04:15,4,1,3,0,0,0
2022-12-20 04:30,4,1,3,0,0,0
2022-12-20 04:45,8,4,4,0,0,0
2022-12-20 05:00,11,8,3,0,0,0
2022-12-20 05:15,8,6,2,0,0,0
2022-12-20 05:30,19,8,11,0,0,0
2022-12-20 05:45,21,14,7,0,0,0
2022-12-20 06:00,23,17,6,0,0,0
2022-12-20 06:15,48,32,16,0,0,0
2022-12-20 06:30,48,32,16,0,0,0
2022-12-20 06:45,84,57,27,0,0,0
2022-12-20 07:00,70,42,28,0,0,0
2022-12-20 07:15,118,77,41,0,0,0
2022-12-20 07:30,240,166,74,0,0,0
2022-12-20 07:45,305,184,121,0,0,0
2022-12-20 08:00,306,155,151,0,0,0
2022-12-20 08:15,178,105,73,0,0,0
2022-12-20 08:30,175,86,89,0,0,0
2022-12-20 08:45,206,130,76,0,0,0
2022-12-20 09:00,147,86,61,0,0,0
2022-12-20 09:15,131,85,46,0,0,0
2022-12-20 09:30,153,102,51,0,0,0
2022-12-20 09:45,262,145,117,0,0,0
2022-12-20 10:00,356,209,147,0,0,0
2022-12-20 10:15,141,86,55,0,0,0
2022-12-20 10:30,135,81,54,0,0,0
2022-12-20 10:45,145,84,61,0,0,0
2022-12-20 11:00,164,76,88,0,0,0
2022-12-20 11:15,152,75,77,0,0,0
2022-12-20 11:30,199,109,90,0,0,0
2022-12-20 11:45,329,197,132,0,0,0
2022-12-20 12:00,291,152,139,0,0,0
2022-12-20 12:15,219,108,111,0,0,0
2022-12-20 12:30,188,99,89,0,0,0
2022-12-20 12:45,229,126,103,0,0,0
2022-12-20 13:00,238,115,123,0,0,0
2022-12-20 13:15,216,85,131,0,0,0
2022-12-20 13:30,237,98,139,0,0,0
2022-12-20 13:45,322,183,139,0,0,0
2022-12-20 14:00,278,151,127,0,0,0
2022-12-20 14:15,185,87,98,0,0,0
2022-12-20 14:30,170,96,74,0,0,0
2022-12-20 14:45,221,108,113,0,0,0
2022-12-20 15:00,189,109,80,0,0,0
2022-12-20 15:15,207,96,111,0,0,0
2022-12-20 15:30,232,104,128,0,0,0
2022-12-20 15:45,333,167,166,0,0,0
2022-12-20 16:00,278,139,139,0,0,0
2022-12-20 16:15,209,96,113,0,0,0
2022-12-20 16:30,205,102,103,0,0,0
2022-12-20 16:45,241,127,114,0,0,0
2022-12-20 17:00,219,108,111,0,0,0
2022-12-20 17:15,244,125,119,0,0,0
2022-12-20 17:30,278,128,150,0,0,0
2022-12-20 17:45,370,171,199,0,0,0
2022-12-20 18:00,282,140,142,0,0,0
2022-12-20 18:15,229,110,119,0,0,0
2022-12-20 18:30,220,103,117,0,0,0
2022-12-20 18:45,217,107,110,0,0,0
2022-12-20 19:00,208,116,92,0,0,0
2022-12-20 19:15,182,105,77,0,0,0
2022-12-20 19:30,171,84,87,0,0,0
2022-12-20 19:45,202,80,122,0,0,0
2022-12-20 20:00,171,64,107,0,0,0
2022-12-20 20:15,138,48,90,0,0,0
2022-12-20 20:30,113,49,64,0,0,0
2022-12-20 20:45,87,26,61,0,0,0
2022-12-20 21:00,105,46,59,0,0,0
2022-12-20 21:15,106,36,70,0,0,0
2022-12-20 21:30,79,20,59,0,0,0
2022-12-20 21:45,93,42,51,0,0,0
2022-12-20 22:00,105,34,71,0,0,0
2022-12-20 22:15,104,31,73,0,0,0
2022-12-20 22:30,57,21,36,0,0,0
2022-12-20 22:45,78,31,47,0,0,0
2022-12-20 23:00,62,17,45,0,0,0
2022-12-20 23:15,54,9,45,0,0,0
2022-12-20 23:30,27,7,20,0,0,0
2022-12-20 23:45,50,17,33,0,0,0
2022-12-21 00:00,34,8,26,0,0,0
2022-12-21 00:15,41,14,27,0,0,0
2022-12-21 00:30,44,8,36,0,0,0
2022-12-21 00:45,24,4,20,0,0,0
2022-12-21 01:00,26,7,19,0,0,0
2022-12-21 01:15,28,7,21,0,0,0
2022-12-21 01:30,25,8,17,0,0,0
2022-12-21 01:45,13,3,10,0,0,0
2022-12-21 02:00,20,7,13,0,0,0
2022-12-21 02:15,8,2,6,0,0,0
2022-12-21 02:30,1,1,0,0,0,0
2022-12-21 02:45,10,2,8,0,0,0
2022-12-21 03:00,6,5,1,0,0,0
2022-12-21 03:15,4,1,3,0,0,0
2022-12-21 03:30,7,2,5,0,0,0
2022-12-21 03:45,0,0,0,0,0,0
2022-12-21 04:00,2,0,2,0,0,0
2022-12-21 04:15,3,0,3,0,0,0
2022-12-21 04:30,9,4,5,0,0,0
2022-12-21 04:45,3,2,1,0,0,0
2022-12-21 05:00,10,7,3,0,0,0
2022-12-21 05:15,10,8,2,0,0,0
2022-12-21 05:30,15,10,5,0,0,0
2022-12-21 05:45,24,18,6,0,0,0
2022-12-21 06:00,26,23,3,0,0,0
2022-12-21 06:15,48,34,14,0,0,0
2022-12-21 06:30,61,39,22,0,0,0
2022-12-21 06:45,79,62,17,0,0,0
2022-12-21 07:00,87,65,22,0,0,0
2022-12-21 07:15,109,76,33,0,0,0
2022-12-21 07:30,238,179,59,0,0,0
2022-12-21 07:45,262,150,112,0,0,0
2022-12-21 08:00,276,145,131,0,0,0
2022-12-21 08:15,203,128,75,0,0,0
2022-12-21 08:30,173,104,69,0,0,0
2022-12-21 08:45,209,120,89,0,0,0
2022-12-21 09:00,156,100,56,0,0,0
2022-12-21 09:15,112,73,39,0,0,0
2022-12-21 09:30,130,77,53,0,0,0
2022-12-21 09:45,218,136,82,0,0,0
2022-12-21 10:00,242,160,82,0,0,0
2022-12-21 10:15,125,68,57,0,0,0
2022-12-21 10:30,139,94,45,0,0,0
2022-12-21 10:45,161,106,55,0,0,0
2022-12-21 11:00,122,70,52,0,0,0
2022-12-21 11:15,138,81,57,0,0,0
2022-12-21 11:30,154,85,69,0,0,0
2022-12-21 11:45,306,191,115,0,0,0
2022-12-21 12:00,243,142,101,0,0,0
2022-12-21 12:15,232,117,115,0,0,0
2022-12-21 12:30,193,98,95,0,0,0
2022-12-21 12:45,217,122,95,0,0,0
2022-12-21 13:00,211,123,88,0,0,0
2022-12-21 13:15,256,133,123,0,0,0
2022-12-21 13:30,195,104,91,0,0,0
2022-12-21 13:45,303,155,148,0,0,0
2022-12-21 14:00,241,134,107,0,0,0
2022-12-21 14:15,188,109,79,0,0,0
2022-12-21 14:30,183,89,94,0,0,0
2022-12-21 14:45,244,111,133,0,0,0
2022-12-21 15:00,204,98,106,0,0,0
2022-12-21 15:15,231,115,116,0,0,0
2022-12-21 15:30,244,104,140,0,0,0
2022-12-21 15:45,303,166,137,0,0,0
2022-12-21 16:00,278,141,137,0,0,0
2022-12-21 16:15,262,134,128,0,0,0
2022-12-21 16:30,243,123,120,0,0,0
2022-12-21 16:45,279,152,127,0,0,0
2022-12-21 17:00,214,94,120,0,0,0
2022-12-21 17:15,219,108,111,0,0,0
2022-12-21 17:30,257,137,120,0,0,0
2022-12-21 17:45,339,152,187,0,0,0
2022-12-21 18:00,268,143,125,0,0,0
2022-12-21 18:15,241,127,114,0,0,0
2022-12-21 18:30,216,101,115,0,0,0
2022-12-21 18:45,260,132,128,0,0,0
2022-12-21 19:00,197,101,96,0,0,0
2022-12-21 19:15,165,82,83,0,0,0
2022-12-21 19:30,181,77,104,0,0,0
2022-12-21 19:45,178,82,96,0,0,0
2022-12-21 20:00,172,68,104,0,0,0
2022-12-21 20:15,176,59,117,0,0,0
2022-12-21 20:30,104,43,61,0,0,0
2022-12-21 20:45,103,33,70,0,0,0
2022-12-21 21:00,92,36,56,0,0,0
2022-12-21 21:15,105,44,61,0,0,0
2022-12-21 21:30,91,38,53,0,0,0
2022-12-21 21:45,80,19,61,0,0,0
2022-12-21 22:00,93,24,69,0,0,0
2022-12-21 22:15,102,38,64,0,0,0
2022-12-21 22:30,68,24,44,0,0,0
2022-12-21 22:45,79,30,49,0,0,0
2022-12-21 23:00,73,16,57,0,0,0
2022-12-21 23:15,66,29,37,0,0,0
2022-12-21 23:30,59,19,40,0,0,0
2022-12-21 23:45,61,22,39,0,0,0
2022-12-22 00:00,67,21,46,0,0,0
2022-12-22 00:15,51,19,32,0,0,0
2022-12-22 00:30,34,9,25,0,0,0
2022-12-22 00:45,45,18,27,0,0,0
2022-12-22 01:00,31,15,16,0,0,0
2022-12-22 01:15,43,8,35,0,0,0
2022-12-22 01:30,20,5,15,0,0,0
2022-12-22 01:45,34,4,30,0,0,0
2022-12-22 02:00,23,5,18,0,0,0
2022-12-22 02:15,19,5,14,0,0,0
2022-12-22 02:30,17,2,15,0,0,0
2022-12-22 02:45,38,2,36,0,0,0
2022-12-22 03:00,15,3,12,0,0,0
2022-12-22 03:15,17,2,15,0,0,0
2022-12-22 03:30,9,1,8,0,0,0
2022-12-22 03:45,22,1,21,0,0,0
2022-12-22 04:00,16,1,15,0,0,0
2022-12-22 04:15,22,3,19,0,0,0
2022-12-22 04:30,13,1,12,0,0,0
2022-12-22 04:45,10,4,6,0,0,0
2022-12-22 05:00,10,7,3,0,0,0
2022-12-22 05:15,8,5,3,0,0,0
2022-12-22 05:30,14,8,6,0,0,0
2022-12-22 05:45,28,17,11,0,0,0
2022-12-22 06:00,22,15,7,0,0,0
2022-12-22 06:15,31,24,7,0,0,0
2022-12-22 06:30,50,33,17,0,0,0
2022-12-22 06:45,49,35,14,0,0,0
2022-12-22 07:00,55,40,15,0,0,0
2022-12-22 07:15,108,65,43,0,0,0
2022-12-22 07:30,171,122,49,0,0,0
2022-12-22 07:45,199,124,75,0,0,0
2022-12-22 08:00,174,101,73,0,0,0
2022-12-22 08:15,124,70,54,0,0,0
2022-12-22 08:30,124,80,44,0,0,0
2022-12-22 08:45,163,103,60,0,0,0
2022-12-22 09:00,115,75,40,0,0,0
2022-12-22 09:15,104,67,37,0,0,0
2022-12-22 09:30,136,88,48,0,0,0
2022-12-22 09:45,182,116,66,0,0,0
2022-12-22 10:00,207,143,64,0,0,0
2022-12-22 10:15,120,82,38,0,0,0
2022-12-22 10:30,111,65,46,0,0,0
2022-12-22 10:45,116,68,48,0,0,0
2022-12-22 11:00,132,63,69,0,0,0
2022-12-22 11:15,97,58,39,0,0,0
2022-12-22 11:30,131,68,63,0,0,0
2022-12-22 11:45,176,93,83,0,0,0
2022-12-22 12:00,182,94,88,0,0,0
2022-12-22 12:15,193,70,123,0,0,0
2022-12-22 12:30,196,100,96,0,0,0
2022-12-22 12:45,180,99,81,0,0,0
2022-12-22 13:00,161,83,78,0,0,0
2022-12-22 13:15,187,90,97,0,0,0
2022-12-22 13:30,150,76,74,0,0,0
2022-12-22 13:45,208,119,89,0,0,0
2022-12-22 14:00,241,125,116,0,0,0
2022-12-22 14:15,163,76,87,0,0,0
2022-12-22 14:30,201,108,93,0,0,0
2022-12-22 14:45,182,89,93,0,0,0
2022-12-22 15:00,184,91,93,0,0,0
2022-12-22 15:15,180,80,100,0,0,0
2022-12-22 15:30,194,95,99,0,0,0
2022-12-22 15:45,268,124,144,0,0,0
2022-12-22 16:00,209,100,109,0,0,0
2022-12-22 16:15,191,99,92,0,0,0
2022-12-22 16:30,194,105,89,0,0,0
2022-12-22 16:45,195,111,84,0,0,0
2022-12-22 17:00,182,87,95,0,0,0
2022-12-22 17:15,212,95,117,0,0,0
2022-12-22 17:30,165,83,82,0,0,0
2022-12-22 17:45,235,121,114,0,0,0
2022-12-22 18:00,175,87,88,0,0,0
2022-12-22 18:15,193,97,96,0,0,0
2022-12-22 18:30,142,78,64,0,0,0
2022-12-22 18:45,130,66,64,0,0,0
2022-12-22 19:00,134,57,77,0,0,0
2022-12-22 19:15,121,45,76,0,0,0
2022-12-22 19:30,137,63,74,0,0,0
2022-12-22 19:45,118,48,70,0,0,0
2022-12-22 20:00,117,31,86,0,0,0
2022-12-22 20:15,90,31,59,0,0,0
2022-12-22 20:30,60,28,32,0,0,0
2022-12-22 20:45,63,24,39,0,0,0
2022-12-22 21:00,42,14,28,0,0,0
2022-12-22 21:15,51,26,25,0,0,0
2022-12-22 21:30,48,16,32,0,0,0
2022-12-22 21:45,58,24,34,0,0,0
2022-12-22 22:00,52,23,29,0,0,0
2022-12-22 22:15,45,19,26,0,0,0
2022-12-22 22:30,64,17,47,0,0,0
2022-12-22 22:45,38,5,33,0,0,0
2022-12-22 23:00,37,10,27,0,0,0
2022-12-22 23:15,34,13,21,0,0,0
2022-12-22 23:30,36,4,32,0,0,0
2022-12-22 23:45,22,4,18,0,0,0
2022-12-23 00:00,23,3,20,0,0,0
2022-12-23 00:15,35,6,29,0,0,0
2022-12-23 00:30,22,5,17,0,0,0
2022-12-23 00:45,32,7,25,0,0,0
2022-12-23 01:00,22,6,16,0,0,0
2022-12-23 01:15,17,4,13,0,0,0
2022-12-23 01:30,24,7,17,0,0,0
2022-12-23 01:45,10,2,8,0,0,0
2022-12-23 02:00,16,1,15,0,0,0
2022-12-23 02:15,29,2,27,0,0,0
2022-12-23 02:30,6,3,3,0,0,0
2022-12-23 02:45,10,1,9,0,0,0
2022-12-23 03:00,8,1,7,0,0,0
2022-12-23 03:15,10,4,6,0,0,0
2022-12-23 03:30,13,2,11,0,0,0
2022-12-23 03:45,8,0,8,0,0,0
2022-12-23 04:00,3,0,3,0,0,0
2022-12-23 04:15,2,0,2,0,0,0
2022-12-23 04:30,5,2,3,0,0,0
2022-12-23 04:45,10,1,9,0,0,0
2022-12-23 05:00,9,6,3,0,0,0
2022-12-23 05:15,7,6,1,0,0,0
2022-12-23 05:30,12,6,6,0,0,0
2022-12-23 05:45,13,7,6,0,0,0
2022-12-23 06:00,21,10,11,0,0,0
2022-12-23 06:15,18,14,4,0,0,0
2022-12-23 06:30,30,19,11,0,0,0
2022-12-23 06:45,43,24,19,0,0,0
2022-12-23 07:00,40,17,23,0,0,0
2022-12-23 07:15,53,34,19,0,0,0
2022-12-23 07:30,49,33,16,0,0,0
2022-12-23 07:45,86,57,29,0,0,0
2022-12-23 08:00,85,50,35,0,0,0
2022-12-23 08:15,63,40,23,0,0,0
2022-12-23 08:30,67,44,23,0,0,0
2022-12-23 08:45,83,59,24,0,0,0
2022-12-23 09:00,56,37,19,0,0,0
2022-12-23 09:15,62,37,25,0,0,0
2022-12-23 09:30,74,44,30,0,0,0
2022-12-23 09:45,99,55,44,0,0,0
2022-12-23 10:00,78,49,29,0,0,0
2022-12-23 10:15,90,58,32,0,0,0
2022-12-23 10:30,79,56,23,0,0,0
2022-12-23 10:45,95,59,36,0,0,0
2022-12-23 11:00,95,49,46,0,0,0
2022-12-23 11:15,102,49,53,0,0,0
2022-12-23 11:30,99,49,50,0,0,0
2022-12-23 11:45,107,58,49,0,0,0
2022-12-23 12:00,97,49,48,0,0,0
2022-12-23 12:15,120,66,54,0,0,0
2022-12-23 12:30,125,58,67,0,0,0
2022-12-23 12:45,133,74,59,0,0,0
2022-12-23 13:00,130,70,60,0,0,0
2022-12-23 13:15,103,54,49,0,0,0
2022-12-23 13:30,105,60,45,0,0,0
2022-12-23 13:45,116,71,45,0,0,0
2022-12-23 14:00,121,66,55,0,0,0
2022-12-23 14:15,113,59,54,0,0,0
2022-12-23 14:30,88,27,61,0,0,0
2022-12-23 14:45,107,57,50,0,0,0
2022-12-23 15:00,106,45,61,0,0,0
2022-12-23 15:15,80,45,35,0,0,0
2022-12-23 15:30,98,44,54,0,0,0
2022-12-23 15:45,86,46,40,0,0,0
2022-12-23 16:00,61,24,37,0,0,0
2022-12-23 16:15,85,37,48,0,0,0
2022-12-23 16:30,47,16,31,0,0,0
2022-12-23 16:45,67,34,33,0,0,0
2022-12-23 17:00,63,19,44,0,0,0
2022-12-23 17:15,87,37,50,0,0,0
2022-12-23 17:30,62,35,27,0,0,0
2022-12-23 17:45,59,34,25,0,0,0
2022-12-23 18:00,59,28,31,0,0,0
2022-12-23 18:15,59,31,28,0,0,0
2022-12-23 18:30,63,32,31,0,0,0
2022-12-23 18:45,80,38,42,0,0,0
2022-12-23 19:00,52,26,26,0,0,0
2022-12-23 19:15,52,27,25,0,0,0
2022-12-23 19:30,59,23,36,0,0,0
2022-12-23 19:45,51,19,32,0,0,0
2022-12-23 20:00,46,20,26,0,0,0
2022-12-23 20:15,47,19,28,0,0,0
2022-12-23 20:30,34,17,17,0,0,0
2022-12-23 20:45,26,13,13,0,0,0
2022-12-23 21:00,33,21,12,0,0,0
2022-12-23 21:15,27,13,14,0,0,0
2022-12-23 21:30,16,6,10,0,0,0
2022-12-23 21:45,20,4,16,0,0,0
2022-12-23 22:00,19,10,9,0,0,0
2022-12-23 22:15,21,8,13,0,0,0
2022-12-23 22:30,18,4,14,0,0,0
2022-12-23 22:45,15,5,10,0,0,0
2022-12-23 23:00,31,12,19,0,0,0
2022-12-23 23:15,27,13,14,0,0,0
2022-12-23 23:30,26,5,21,0,0,0
2022-12-23 23:45,10,3,7,0,0,0
2022-12-24 00:00,35,5,30,0,0,0
2022-12-24 00:15,16,4,12,0,0,0
2022-12-24 00:30,9,0,9,0,0,0
2022-12-24 00:45,14,4,10,0,0,0
2022-12-24 01:00,14,4,10,0,0,0
2022-12-24 01:15,7,1,6,0,0,0
2022-12-24 01:30,9,0,9,0,0,0
2022-12-24 01:45,15,5,10,0,0,0
2022-12-24 02:00,17,8,9,0,0,0
2022-12-24 02:15,16,3,13,0,0,0
2022-12-24 02:30,5,3,2,0,0,0
2022-12-24 02:45,5,0,5,0,0,0
2022-12-24 03:00,2,0,2,0,0,0
2022-12-24 03:15,6,2,4,0,0,0
2022-12-24 03:30,2,0,2,0,0,0
2022-12-24 03:45,2,0,2,0,0,0
2022-12-24 04:00,1,0,1,0,0,0
2022-12-24 04:15,8,0,8,0,0,0
2022-12-24 04:30,2,1,1,0,0,0
2022-12-24 04:45,4,4,0,0,0,0
2022-12-24 05:00,11,7,4,0,0,0
2022-12-24 05:15,4,0,4,0,0,0
2022-12-24 05:30,10,5,5,0,0,0
2022-12-24 05:45,5,1,4,0,0,0
2022-12-24 06:00,9,7,2,0,0,0
2022-12-24 06:15,5,4,1,0,0,0
2022-12-24 06:30,8,4,4,0,0,0
2022-12-24 06:45,11,9,2,0,0,0
2022-12-24 07:00,17,13,4,0,0,0
2022-12-24 07:15,8,4,4,0,0,0
2022-12-24 07:30,17,11,6,0,0,0
2022-12-24 07:45,20,10,10,0,0,0
2022-12-24 08:00,17,13,4,0,0,0
2022-12-24 08:15,12,7,5,0,0,0
2022-12-24 08:30,21,14,7,0,0,0
2022-12-24 08:45,22,14,8,0,0,0
2022-12-24 09:00,27,18,9,0,0,0
2022-12-24 09:15,28,19,9,0,0,0
2022-12-24 09:30,33,23,10,0,0,0
2022-12-24 09:45,37,29,8,0,0,0
2022-12-24 10:00,50,31,19,0,0,0
2022-12-24 10:15,72,49,23,0,0,0
2022-12-24 10:30,61,39,22,0,0,0
2022-12-24 10:45,63,45,18,0,0,0
2022-12-24 11:00,51,28,23,0,0,0
2022-12-24 11:15,61,32,29,0,0,0
2022-12-24 11:30,60,32,28,0,0,0
2022-12-24 11:45,60,36,24,0,0,0
2022-12-24 12:00,64,29,35,0,0,0
2022-12-24 12:15,62,32,30,0,0,0
2022-12-24 12:30,69,33,36,0,0,0
2022-12-24 12:45,56,19,37,0,0,0
2022-12-24 13:00,59,20,39,0,0,0
2022-12-24 13:15,56,25,31,0,0,0
2022-12-24 13:30,42,19,23,0,0,0
2022-12-24 13:45,49,16,33,0,0,0
2022-12-24 14:00,43,17,26,0,0,0
2022-12-24 14:15,40,20,20,0,0,0
2022-12-24 14:30,34,16,18,0,0,0
2022-12-24 14:45,51,22,29,0,0,0
2022-12-24 15:00,44,22,22,0,0,0
2022-12-24 15:15,41,28,13,0,0,0
2022-12-24 15:30,34,12,22,0,0,0
2022-12-24 15:45,25,10,15,0,0,0
2022-12-24 16:00,46,23,23,0,0,0
2022-12-24 16:15,53,19,34,0,0,0
2022-12-24 16:30,25,16,9,0,0,0
2022-12-24 16:45,31,21,10,0,0,0
2022-12-24 17:00,18,13,5,0,0,0
2022-12-24 17:15,29,17,12,0,0,0
2022-12-24 17:30,28,13,15,0,0,0
2022-12-24 17:45,25,20,5,0,0,0
2022-12-24 18:00,23,14,9,0,0,0
2022-12-24 18:15,23,6,17,0,0,0
2022-12-24 18:30,35,6,29,0,0,0
2022-12-24 18:45,19,5,14,0,0,0
2022-12-24 19:00,14,4,10,0,0,0
2022-12-24 19:15,14,4,10,0,0,0
2022-12-24 19:30,20,10,10,0,0,0
2022-12-24 19:45,13,6,7,0,0,0
2022-12-24 20:00,8,4,4,0,0,0
2022-12-24 20:15,9,6,3,0,0,0
2022-12-24 20:30,8,4,4,0,0,0
2022-12-24 20:45,18,11,7,0,0,0
2022-12-24 21:00,15,7,8,0,0,0
2022-12-24 21:15,8,4,4,0,0,0
2022-12-24 21:30,5,3,2,0,0,0
2022-12-24 21:45,8,5,3,0,0,0
2022-12-24 22:00,11,7,4,0,0,0
2022-12-24 22:15,8,5,3,0,0,0
2022-12-24 22:30,11,8,3,0,0,0
2022-12-24 22:45,6,3,3,0,0,0
2022-12-24 23:00,8,6,2,0,0,0
2022-12-24 23:15,10,4,6,0,0,0
2022-12-24 23:30,10,3,7,0,0,0
2022-12-24 23:45,11,6,5,0,0,0
2022-12-25 00:00,10,6,4,0,0,0
2022-12-25 00:15,8,7,1,0,0,0
2022-12-25 00:30,8,6,2,0,0,0
2022-12-25 00:45,8,1,7,0,0,0
2022-12-25 01:00,4,2,2,0,0,0
2022-12-25 01:15,13,5,8,0,0,0
2022-12-25 01:30,17,4,13,0,0,0
2022-12-25 01:45,4,2,2,0,0,0
2022-12-25 02:00,4,0,4,0,0,0
2022-12-25 02:15,6,0,6,0,0,0
2022-12-25 02:30,0,0,0,0,0,0
2022-12-25 02:45,0,0,0,0,0,0
2022-12-25 03:00,3,1,2,0,0,0
2022-12-25 03:15,4,1,3,0,0,0
2022-12-25 03:30,5,4,1,0,0,0
2022-12-25 03:45,3,1,2,0,0,0
2022-12-25 04:00,5,3,2,0,0,0
2022-12-25 04:15,2,0,2,0,0,0
2022-12-25 04:30,1,0,1,0,0,0
2022-12-25 04:45,6,5,1,0,0,0
2022-12-25 05:00,3,2,1,0,0,0
2022-12-25 05:15,0,0,0,0,0,0
2022-12-25 05:30,6,2,4,0,0,0
2022-12-25 05:45,3,2,1,0,0,0
2022-12-25 06:00,1,0,1,0,0,0
2022-12-25 06:15,5,4,1,0,0,0
2022-12-25 06:30,2,2,0,0,0,0
2022-12-25 06:45,2,1,1,0,0,0
2022-12-25 07:00,2,2,0,0,0,0
2022-12-25 07:15,6,3,3,0,0,0
2022-12-25 07:30,2,1,1,0,0,0
2022-12-25 07:45,3,2,1,0,0,0
2022-12-25 08:00,3,0,3,0,0,0
2022-12-25 08:15,5,1,4,0,0,0
2022-12-25 08:30,5,3,2,0,0,0
2022-12-25 08:45,6,5,1,0,0,0
2022-12-25 09:00,9,4,5,0,0,0
2022-12-25 09:15,2,2,0,0,0,0
2022-12-25 09:30,13,7,6,0,0,0
2022-12-25 09:45,12,6,6,0,0,0
2022-12-25 10:00,7,5,2,0,0,0
2022-12-25 10:15,13,6,7,0,0,0
2022-12-25 10:30,12,4,8,0,0,0
2022-12-25 10:45,18,10,8,0,0,0
2022-12-25 11:00,12,10,2,0,0,0
2022-12-25 11:15,15,9,6,0,0,0
2022-12-25 11:30,9,6,3,0,0,0
2022-12-25 11:45,18,5,13,0,0,0
2022-12-25 12:00,11,6,5,0,0,0
2022-12-25 12:15,16,10,6,0,0,0
2022-12-25 12:30,7,3,4,0,0,0
2022-12-25 12:45,9,4,5,0,0,0
2022-12-25 13:00,7,3,4,0,0,0
2022-12-25 13:15,15,10,5,0,0,0
2022-12-25 13:30,6,1,5,0,0,0
2022-12-25 13:45,9,3,6,0,0,0
2022-12-25 14:00,18,9,9,0,0,0
2022-12-25 14:15,9,5,4,0,0,0
2022-12-25 14:30,11,4,7,0,0,0
2022-12-25 14:45,10,3,7,0,0,0
2022-12-25 15:00,10,4,6,0,0,0
2022-12-25 15:15,15,10,5,0,0,0
2022-12-25 15:30,7,0,7,0,0,0
2022-12-25 15:45,19,11,8,0,0,0
2022-12-25 16:00,9,4,5,0,0,0
2022-12-25 16:15,6,3,3,0,0,0
2022-12-25 16:30,12,6,6,0,0,0
2022-12-25 16:45,12,7,5,0,0,0
2022-12-25 17:00,12,4,8,0,0,0
2022-12-25 17:15,11,3,8,0,0,0
2022-12-25 17:30,5,2,3,0,0,0
2022-12-25 17:45,8,3,5,0,0,0
2022-12-25 18:00,6,5,1,0,0,0
2022-12-25 18:15,11,5,6,0,0,0
2022-12-25 18:30,8,5,3,0,0,0
2022-12-25 18:45,17,6,11,0,0,0
2022-12-25 19:00,3,3,0,0,0,0
2022-12-25 19:15,9,4,5,0,0,0
2022-12-25 19:30,9,7,2,0,0,0
2022-12-25 19:45,11,3,8,0,0,0
2022-12-25 20:00,7,3,4,0,0,0
2022-12-25 20:15,12,6,6,0,0,0
2022-12-25 20:30,9,7,2,0,0,0
2022-12-25 20:45,9,2,7,0,0,0
2022-12-25 21:00,12,5,7,0,0,0
2022-12-25 21:15,9,3,6,0,0,0
2022-12-25 21:30,9,3,6,0,0,0
2022-12-25 21:45,9,5,4,0,0,0
2022-12-25 22:00,7,6,1,0,0,0
2022-12-25 22:15,18,7,11,0,0,0
2022-12-25 22:30,4,2,2,0,0,0
2022-12-25 22:45,6,4,2,0,0,0
2022-12-25 23:00,5,1,4,0,0,0
2022-12-25 23:15,7,3,4,0,0,0
2022-12-25 23:30,7,4,3,0,0,0
2022-12-25 23:45,6,5,1,0,0,0
2022-12-26 00:00,6,2,4,0,0,0
2022-12-26 00:15,7,3,4,0,0,0
2022-12-26 00:30,6,3,3,0,0,0
2022-12-26 00:45,14,8,6,0,0,0
2022-12-26 01:00,2,0,2,0,0,0
2022-12-26 01:15,2,1,1,0,0,0
2022-12-26 01:30,5,2,3,0,0,0
2022-12-26 01:45,3,1,2,0,0,0
2022-12-26 02:00,2,0,2,0,0,0
2022-12-26 02:15,6,3,3,0,0,0
2022-12-26 02:30,1,1,0,0,0,0
2022-12-26 02:45,6,2,4,0,0,0
2022-12-26 03:00,3,0,3,0,0,0
2022-12-26 03:15,1,0,1,0,0,0
2022-12-26 03:30,3,1,2,0,0,0
2022-12-26 03:45,1,0,1,0,0,0
2022-12-26 04:00,0,0,0,0,0,0
2022-12-26 04:15,3,0,3,0,0,0
2022-12-26 04:30,1,1,0,0,0,0
2022-12-26 04:45,3,0,3,0,0,0
2022-12-26 05:00,6,2,4,0,0,0
2022-12-26 05:15,2,1,1,0,0,0
2022-12-26 05:30,2,1,1,0,0,0
2022-12-26 05:45,2,2,0,0,0,0
2022-12-26 06:00,3,1,2,0,0,0
2022-12-26 06:15,2,0,2,0,0,0
2022-12-26 06:30,6,2,4,0,0,0
2022-12-26 06:45,2,1,1,0,0,0
2022-12-26 07:00,4,2,2,0,0,0
2022-12-26 07:15,6,2,4,0,0,0
2022-12-26 07:30,4,2,2,0,0,0
2022-12-26 07:45,3,3,0,0,0,0
2022-12-26 08:00,4,2,2,0,0,0
2022-12-26 08:15,6,1,5,0,0,0
2022-12-26 08:30,6,5,1,0,0,0
2022-12-26 08:45,7,4,3,0,0,0
2022-12-26 09:00,6,6,0,0,0,0
2022-12-26 09:15,11,5,6,0,0,0
2022-12-26 09:30,9,3,6,0,0,0
2022-12-26 09:45,7,5,2,0,0,0
2022-12-26 10:00,16,13,3,0,0,0
2022-12-26 10:15,19,15,4,0,0,0
2022-12-26 10:30,14,7,7,0,0,0
2022-12-26 10:45,13,9,4,0,0,0
2022-12-26 11:00,25,16,9,0,0,0
2022-12-26 11:15,27,15,12,0,0,0
2022-12-26 11:30,19,11,8,0,0,0
2022-12-26 11:45,16,10,6,0,0,0
2022-12-26 12:00,17,6,11,0,0,0
2022-12-26 12:15,28,11,17,0,0,0
2022-12-26 12:30,26,10,16,0,0,0
2022-12-26 12:45,22,13,9,0,0,0
2022-12-26 13:00,13,5,8,0,0,0
2022-12-26 13:15,14,2,12,0,0,0
2022-12-26 13:30,19,8,11,0,0,0
2022-12-26 13:45,18,7,11,0,0,0
2022-12-26 14:00,11,3,8,0,0,0
2022-12-26 14:15,21,10,11,0,0,0
2022-12-26 14:30,16,12,4,0,0,0
2022-12-26 14:45,23,8,15,0,0,0
2022-12-26 15:00,24,10,14,0,0,0
2022-12-26 15:15,17,14,3,0,0,0
2022-12-26 15:30,28,16,12,0,0,0
2022-12-26 15:45,30,17,13,0,0,0
2022-12-26 16:00,23,11,12,0,0,0
2022-12-26 16:15,21,5,16,0,0,0
2022-12-26 16:30,25,12,13,0,0,0
2022-12-26 16:45,22,15,7,0,0,0
2022-12-26 17:00,20,11,9,0,0,0
2022-12-26 17:15,15,7,8,0,0,0
2022-12-26 17:30,20,3,17,0,0,0
2022-12-26 17:45,22,11,11,0,0,0
2022-12-26 18:00,9,7,2,0,0,0
2022-12-26 18:15,19,10,9,0,0,0
2022-12-26 18:30,25,7,18,0,0,0
2022-12-26 18:45,18,8,10,0,0,0
2022-12-26 19:00,20,16,4,0,0,0
2022-12-26 19:15,18,10,8,0,0,0
2022-12-26 19:30,19,16,3,0,0,0
2022-12-26 19:45,17,8,9,0,0,0
2022-12-26 20:00,13,7,6,0,0,0
2022-12-26 20:15,17,10,7,0,0,0
2022-12-26 20:30,17,8,9,0,0,0
2022-12-26 20:45,24,13,11,0,0,0
2022-12-26 21:00,10,6,4,0,0,0
2022-12-26 21:15,13,9,4,0,0,0
2022-12-26 21:30,19,8,11,0,0,0
2022-12-26 21:45,23,9,14,0,0,0
2022-12-26 22:00,16,10,6,0,0,0
2022-12-26 22:15,9,7,2,0,0,0
2022-12-26 22:30,12,4,8,0,0,0
2022-12-26 22:45,10,4,6,0,0,0
2022-12-26 23:00,9,5,4,0,0,0
2022-12-26 23:15,15,6,9,0,0,0
2022-12-26 23:30,8,2,6,0,0,0
2022-12-26 23:45,7,2,5,0,0,0
2022-12-27 00:00,6,1,5,0,0,0
2022-12-27 00:15,10,8,2,0,0,0
2022-12-27 00:30,3,1,2,0,0,0
2022-12-27 00:45,5,1,4,0,0,0
2022-12-27 01:00,8,3,5,0,0,0
2022-12-27 01:15,11,5,6,0,0,0
2022-12-27 01:30,3,0,3,0,0,0
2022-12-27 01:45,6,0,6,0,0,0
2022-12-27 02:00,7,2,5,0,0,0
2022-12-27 02:15,4,2,2,0,0,0
2022-12-27 02:30,1,0,1,0,0,0
2022-12-27 02:45,2,1,1,0,0,0
2022-12-27 03:00,2,0,2,0,0,0
2022-12-27 03:15,7,2,5,0,0,0
2022-12-27 03:30,0,0,0,0,0,0
2022-12-27 03:45,1,0,1,0,0,0
2022-12-27 04:00,0,0,0,0,0,0
2022-12-27 04:15,6,0,6,0,0,0
2022-12-27 04:30,6,3,3,0,0,0
2022-12-27 04:45,1,0,1,0,0,0
2022-12-27 05:00,5,4,1,0,0,0
2022-12-27 05:15,7,4,3,0,0,0
2022-12-27 05:30,5,3,2,0,0,0
2022-12-27 05:45,14,9,5,0,0,0
2022-12-27 06:00,10,6,4,0,0,0
2022-12-27 06:15,15,11,4,0,0,0
2022-12-27 06:30,30,17,13,0,0,0
2022-12-27 06:45,20,13,7,0,0,0
2022-12-27 07:00,20,12,8,0,0,0
2022-12-27 07:15,25,18,7,0,0,0
2022-12-27 07:30,37,22,15,0,0,0
2022-12-27 07:45,54,32,22,0,0,0
2022-12-27 08:00,25,23,2,0,0,0
2022-12-27 08:15,38,26,12,0,0,0
2022-12-27 08:30,36,24,12,0,0,0
2022-12-27 08:45,39,27,12,0,0,0
2022-12-27 09:00,27,19,8,0,0,0
2022-12-27 09:15,38,26,12,0,0,0
2022-12-27 09:30,40,27,13,0,0,0
2022-12-27 09:45,44,25,19,0,0,0
2022-12-27 10:00,50,31,19,0,0,0
2022-12-27 10:15,40,26,14,0,0,0
2022-12-27 10:30,51,37,14,0,0,0
2022-12-27 10:45,51,27,24,0,0,0
2022-12-27 11:00,50,26,24,0,0,0
2022-12-27 11:15,52,23,29,0,0,0
2022-12-27 11:30,43,24,19,0,0,0
2022-12-27 11:45,58,38,20,0,0,0
2022-12-27 12:00,56,27,29,0,0,0
2022-12-27 12:15,61,33,28,0,0,0
2022-12-27 12:30,68,36,32,0,0,0
2022-12-27 12:45,55,24,31,0,0,0
2022-12-27 13:00,79,41,38,0,0,0
2022-12-27 13:15,68,47,21,0,0,0
2022-12-27 13:30,68,30,38,0,0,0
2022-12-27 13:45,74,41,33,0,0,0
2022-12-27 14:00,72,31,41,0,0,0
2022-12-27 14:15,77,42,35,0,0,0
2022-12-27 14:30,99,50,49,0,0,0
2022-12-27 14:45,93,45,48,0,0,0
2022-12-27 15:00,85,37,48,0,0,0
2022-12-27 15:15,71,44,27,0,0,0
2022-12-27 15:30,96,41,55,0,0,0
2022-12-27 15:45,105,53,52,0,0,0
2022-12-27 16:00,77,37,40,0,0,0
2022-12-27 16:15,63,31,32,0,0,0
2022-12-27 16:30,78,37,41,0,0,0
2022-12-27 16:45,74,38,36,0,0,0
2022-12-27 17:00,78,31,47,0,0,0
2022-12-27 17:15,87,48,39,0,0,0
2022-12-27 17:30,68,34,34,0,0,0
2022-12-27 17:45,83,39,44,0,0,0
2022-12-27 18:00,74,31,43,0,0,0
2022-12-27 18:15,66,21,45,0,0,0
2022-12-27 18:30,65,30,35,0,0,0
2022-12-27 18:45,62,33,29,0,0,0
2022-12-27 19:00,68,33,35,0,0,0
2022-12-27 19:15,54,27,27,0,0,0
2022-12-27 19:30,53,28,25,0,0,0
2022-12-27 19:45,53,26,27,0,0,0
2022-12-27 20:00,47,13,34,0,0,0
2022-12-27 20:15,32,9,23,0,0,0
2022-12-27 20:30,30,12,18,0,0,0
2022-12-27 20:45,28,12,16,0,0,0
2022-12-27 21:00,39,20,19,0,0,0
2022-12-27 21:15,31,14,17,0,0,0
2022-12-27 21:30,24,9,15,0,0,0
2022-12-27 21:45,33,14,19,0,0,0
2022-12-27 22:00,23,2,21,0,0,0
2022-12-27 22:15,21,8,13,0,0,0
2022-12-27 22:30,20,6,14,0,0,0
2022-12-27 22:45,28,11,17,0,0,0
2022-12-27 23:00,31,8,23,0,0,0
2022-12-27 23:15,15,4,11,0,0,0
2022-12-27 23:30,12,4,8,0,0,0
2022-12-27 23:45,20,5,15,0,0,0
2022-12-28 00:00,18,4,14,0,0,0
2022-12-28 00:15,15,4,11,0,0,0
2022-12-28 00:30,17,9,8,0,0,0
2022-12-28 00:45,12,3,9,0,0,0
2022-12-28 01:00,19,12,7,0,0,0
2022-12-28 01:15,18,3,15,0,0,0
2022-12-28 01:30,9,2,7,0,0,0
2022-12-28 01:45,4,3,1,0,0,0
2022-12-28 02:00,6,0,6,0,0,0
2022-12-28 02:15,8,0,8,0,0,0
2022-12-28 02:30,3,3,0,0,0,0
2022-12-28 02:45,5,1,4,0,0,0
2022-12-28 03:00,4,1,3,0,0,0
2022-12-28 03:15,3,2,1,0,0,0
2022-12-28 03:30,2,1,1,0,0,0
2022-12-28 03:45,2,0,2,0,0,0
2022-12-28 04:00,3,1,2,0,0,0
2022-12-28 04:15,4,1,3,0,0,0
2022-12-28 04:30,3,0,3,0,0,0
2022-12-28 04:45,4,1,3,0,0,0
2022-12-28 05:00,9,6,3,0,0,0
2022-12-28 05:15,7,3,4,0,0,0
2022-12-28 05:30,7,2,5,0,0,0
2022-12-28 05:45,7,5,2,0,0,0
2022-12-28 06:00,9,5,4,0,0,0
2022-12-28 06:15,21,14,7,0,0,0
2022-12-28 06:30,17,7,10,0,0,0
2022-12-28 06:45,17,9,8,0,0,0
2022-12-28 07:00,27,20,7,0,0,0
2022-12-28 07:15,21,14,7,0,0,0
2022-12-28 07:30,35,20,15,0,0,0
2022-12-28 07:45,52,22,30,0,0,0
2022-12-28 08:00,44,26,18,0,0,0
2022-12-28 08:15,41,30,11,0,0,0
2022-12-28 08:30,30,20,10,0,0,0
2022-12-28 08:45,57,40,17,0,0,0
2022-12-28 09:00,34,24,10,0,0,0
2022-12-28 09:15,46,28,18,0,0,0
2022-12-28 09:30,47,35,12,0,0,0
2022-12-28 09:45,43,32,11,0,0,0
2022-12-28 10:00,38,25,13,0,0,0
2022-12-28 10:15,42,25,17,0,0,0
2022-12-28 10:30,34,22,12,0,0,0
2022-12-28 10:45,47,25,22,0,0,0
2022-12-28 11:00,44,29,15,0,0,0
2022-12-28 11:15,56,40,16,0,0,0
2022-12-28 11:30,44,23,21,0,0,0
2022-12-28 11:45,68,38,30,0,0,0
2022-12-28 12:00,47,27,20,0,0,0
2022-12-28 12:15,57,38,19,0,0,0
2022-12-28 12:30,60,37,23,0,0,0
2022-12-28 12:45,74,44,30,0,0,0
2022-12-28 13:00,71,30,41,0,0,0
2022-12-28 13:15,49,24,25,0,0,0
2022-12-28 13:30,66,36,30,0,0,0
2022-12-28 13:45,73,33,40,0,0,0
2022-12-28 14:00,60,32,28,0,0,0
2022-12-28 14:15,50,22,28,0,0,0
2022-12-28 14:30,53,30,23,0,0,0
2022-12-28 14:45,64,23,41,0,0,0
2022-12-28 15:00,55,32,23,0,0,0
2022-12-28 15:15,53,23,30,0,0,0
2022-12-28 15:30,85,40,45,0,0,0
2022-12-28 15:45,68,39,29,0,0,0
2022-12-28 16:00,64,35,29,0,0,0
2022-12-28 16:15,76,31,45,0,0,0
2022-12-28 16:30,66,36,30,0,0,0
2022-12-28 16:45,82,41,41,0,0,0
2022-12-28 17:00,73,36,37,0,0,0
2022-12-28 17:15,62,26,36,0,0,0
2022-12-28 17:30,74,28,46,0,0,0
2022-12-28 17:45,74,36,38,0,0,0
2022-12-28 18:00,58,27,31,0,0,0
2022-12-28 18:15,68,32,36,0,0,0
2022-12-28 18:30,75,26,49,0,0,0
2022-12-28 18:45,69,30,39,0,0,0
2022-12-28 19:00,57,24,33,0,0,0
2022-12-28 19:15,75,38,37,0,0,0
2022-12-28 19:30,40,18,22,0,0,0
2022-12-28 19:45,52,18,34,0,0,0
2022-12-28 20:00,41,13,28,0,0,0
2022-12-28 20:15,42,18,24,0,0,0
2022-12-28 20:30,42,17,25,0,0,0
2022-12-28 20:45,40,20,20,0,0,0
2022-12-28 21:00,32,16,16,0,0,0
2022-12-28 21:15,22,9,13,0,0,0
2022-12-28 21:30,31,12,19,0,0,0
2022-12-28 21:45,27,10,17,0,0,0
2022-12-28 22:00,22,9,13,0,0,0
2022-12-28 22:15,23,8,15,0,0,0
2022-12-28 22:30,32,14,18,0,0,0
2022-12-28 22:45,23,11,12,0,0,0
2022-12-28 23:00,29,10,19,0,0,0
2022-12-28 23:15,22,11,11,0,0,0
2022-12-28 23:30,22,7,15,0,0,0
2022-12-28 23:45,20,7,13,0,0,0
2022-12-29 00:00,15,4,11,0,0,0
2022-12-29 00:15,28,6,22,0,0,0
2022-12-29 00:30,11,2,9,0,0,0
2022-12-29 00:45,8,7,1,0,0,0
2022-12-29 01:00,22,7,15,0,0,0
2022-12-29 01:15,7,1,6,0,0,0
2022-12-29 01:30,17,6,11,0,0,0
2022-12-29 01:45,6,3,3,0,0,0
2022-12-29 02:00,9,4,5,0,0,0
2022-12-29 02:15,5,2,3,0,0,0
2022-12-29 02:30,3,3,0,0,0,0
2022-12-29 02:45,12,2,10,0,0,0
2022-12-29 03:00,7,2,5,0,0,0
2022-12-29 03:15,12,1,11,0,0,0
2022-12-29 03:30,6,1,5,0,0,0
2022-12-29 03:45,5,1,4,0,0,0
2022-12-29 04:00,4,0,4,0,0,0
2022-12-29 04:15,6,0,6,0,0,0
2022-12-29 04:30,4,0,4,0,0,0
2022-12-29 04:45,6,1,5,0,0,0
2022-12-29 05:00,8,4,4,0,0,0
2022-12-29 05:15,7,2,5,0,0,0
2022-12-29 05:30,7,1,6,0,0,0
2022-12-29 05:45,9,5,4,0,0,0
2022-12-29 06:00,10,6,4,0,0,0
2022-12-29 06:15,10,6,4,0,0,0
2022-12-29 06:30,15,6,9,0,0,0
2022-12-29 06:45,18,11,7,0,0,0
2022-12-29 07:00,14,8,6,0,0,0
2022-12-29 07:15,21,10,11,0,0,0
2022-12-29 07:30,26,16,10,0,0,0
2022-12-29 07:45,36,16,20,0,0,0
2022-12-29 08:00,42,27,15,0,0,0
2022-12-29 08:15,38,22,16,0,0,0
2022-12-29 08:30,31,24,7,0,0,0
2022-12-29 08:45,36,24,12,0,0,0
2022-12-29 09:00,35,22,13,0,0,0
2022-12-29 09:15,45,29,16,0,0,0
2022-12-29 09:30,48,38,10,0,0,0
2022-12-29 09:45,57,43,14,0,0,0
2022-12-29 10:00,46,30,16,0,0,0
2022-12-29 10:15,54,42,12,0,0,0
2022-12-29 10:30,44,28,16,0,0,0
2022-12-29 10:45,59,37,22,0,0,0
2022-12-29 11:00,62,37,25,0,0,0
2022-12-29 11:15,55,29,26,0,0,0
2022-12-29 11:30,65,37,28,0,0,0
2022-12-29 11:45,73,43,30,0,0,0
2022-12-29 12:00,64,44,20,0,0,0
2022-12-29 12:15,67,31,36,0,0,0
2022-12-29 12:30,63,35,28,0,0,0
2022-12-29 12:45,64,29,35,0,0,0
2022-12-29 13:00,66,34,32,0,0,0
2022-12-29 13:15,67,34,33,0,0,0
2022-12-29 13:30,54,31,23,0,0,0
2022-12-29 13:45,77,33,44,0,0,0
2022-12-29 14:00,66,40,26,0,0,0
2022-12-29 14:15,79,35,44,0,0,0
2022-12-29 14:30,76,47,29,0,0,0
2022-12-29 14:45,75,29,46,0,0,0
2022-12-29 15:00,80,45,35,0,0,0
2022-12-29 15:15,89,39,50,0,0,0
2022-12-29 15:30,90,48,42,0,0,0
2022-12-29 15:45,73,38,35,0,0,0
2022-12-29 16:00,94,40,54,0,0,0
2022-12-29 16:15,87,46,41,0,0,0
2022-12-29 16:30,73,26,47,0,0,0
2022-12-29 16:45,101,42,59,0,0,0
2022-12-29 17:00,81,30,51,0,0,0
2022-12-29 17:15,77,35,42,0,0,0
2022-12-29 17:30,65,26,39,0,0,0
2022-12-29 17:45,104,43,61,0,0,0
2022-12-29 18:00,86,37,49,0,0,0
2022-12-29 18:15,71,28,43,0,0,0
2022-12-29 18:30,71,30,41,0,0,0
2022-12-29 18:45,74,45,29,0,0,0
2022-12-29 19:00,57,21,36,0,0,0
2022-12-29 19:15,63,27,36,0,0,0
2022-12-29 19:30,87,41,46,0,0,0
2022-12-29 19:45,62,34,28,0,0,0
2022-12-29 20:00,51,22,29,0,0,0
2022-12-29 20:15,57,32,25,0,0,0
2022-12-29 20:30,32,13,19,0,0,0
2022-12-29 20:45,36,20,16,0,0,0
2022-12-29 21:00,33,9,24,0,0,0
2022-12-29 21:15,32,13,19,0,0,0
2022-12-29 21:30,27,13,14,0,0,0
2022-12-29 21:45,24,8,16,0,0,0
2022-12-29 22:00,39,12,27,0,0,0
2022-12-29 22:15,25,8,17,0,0,0
2022-12-29 22:30,30,8,22,0,0,0
2022-12-29 22:45,38,16,22,0,0,0
2022-12-29 23:00,38,16,22,0,0,0
2022-12-29 23:15,25,4,21,0,0,0
2022-12-29 23:30,23,13,10,0,0,0
2022-12-29 23:45,30,11,19,0,0,0
2022-12-30 00:00,24,8,16,0,0,0
2022-12-30 00:15,16,6,10,0,0,0
2022-12-30 00:30,15,3,12,0,0,0
2022-12-30 00:45,17,3,14,0,0,0
2022-12-30 01:00,18,5,13,0,0,0
2022-12-30 01:15,14,0,14,0,0,0
2022-12-30 01:30,7,4,3,0,0,0
2022-12-30 01:45,6,1,5,0,0,0
2022-12-30 02:00,11,2,9,0,0,0
2022-12-30 02:15,7,4,3,0,0,0
2022-12-30 02:30,5,0,5,0,0,0
2022-12-30 02:45,3,2,1,0,0,0
2022-12-30 03:00,7,1,6,0,0,0
2022-12-30 03:15,6,3,3,0,0,0
2022-12-30 03:30,3,1,2,0,0,0
2022-12-30 03:45,6,1,5,0,0,0
2022-12-30 04:00,2,0,2,0,0,0
2022-12-30 04:15,6,2,4,0,0,0
2022-12-30 04:30,6,0,6,0,0,0
2022-12-30 04:45,4,1,3,0,0,0
2022-12-30 05:00,4,2,2,0,0,0
2022-12-30 05:15,7,2,5,0,0,0
2022-12-30 05:30,10,5,5,0,0,0
2022-12-30 05:45,14,8,6,0,0,0
2022-12-30 06:00,11,5,6,0,0,0
2022-12-30 06:15,22,12,10,0,0,0
2022-12-30 06:30,22,13,9,0,0,0
2022-12-30 06:45,16,10,6,0,0,0
2022-12-30 07:00,19,10,9,0,0,0
2022-12-30 07:15,27,17,10,0,0,0
2022-12-30 07:30,30,20,10,0,0,0
2022-12-30 07:45,43,19,24,0,0,0
2022-12-30 08:00,29,17,12,0,0,0
2022-12-30 08:15,28,18,10,0,0,0
2022-12-30 08:30,43,29,14,0,0,0
2022-12-30 08:45,54,42,12,0,0,0
2022-12-30 09:00,32,21,11,0,0,0
2022-12-30 09:15,36,25,11,0,0,0
2022-12-30 09:30,46,33,13,0,0,0
2022-12-30 09:45,59,37,22,0,0,0
2022-12-30 10:00,55,43,12,0,0,0
2022-12-30 10:15,49,32,17,0,0,0
2022-12-30 10:30,54,25,29,0,0,0
2022-12-30 10:45,71,42,29,0,0,0
2022-12-30 11:00,61,36,25,0,0,0
2022-12-30 11:15,54,34,20,0,0,0
2022-12-30 11:30,68,43,25,0,0,0
2022-12-30 11:45,85,53,32,0,0,0
2022-12-30 12:00,64,37,27,0,0,0
2022-12-30 12:15,70,36,34,0,0,0
2022-12-30 12:30,86,43,43,0,0,0
2022-12-30 12:45,95,51,44,0,0,0
2022-12-30 13:00,92,54,38,0,0,0
2022-12-30 13:15,81,41,40,0,0,0
2022-12-30 13:30,85,45,40,0,0,0
2022-12-30 13:45,72,35,37,0,0,0
2022-12-30 14:00,100,49,51,0,0,0
2022-12-30 14:15,102,55,47,0,0,0
2022-12-30 14:30,98,45,53,0,0,0
2022-12-30 14:45,104,53,51,0,0,0
2022-12-30 15:00,96,47,49,0,0,0
2022-12-30 15:15,97,50,47,0,0,0
2022-12-30 15:30,102,48,54,0,0,0
2022-12-30 15:45,65,30,35,0,0,0
2022-12-30 16:00,74,39,35,0,0,0
2022-12-30 16:15,59,28,31,0,0,0
2022-12-30 16:30,69,36,33,0,0,0
2022-12-30 16:45,68,32,36,0,0,0
2022-12-30 17:00,71,42,29,0,0,0
2022-12-30 17:15,74,36,38,0,0,0
2022-12-30 17:30,80,34,46,0,0,0
2022-12-30 17:45,53,22,31,0,0,0
2022-12-30 18:00,65,28,37,0,0,0
2022-12-30 18:15,67,27,40,0,0,0
2022-12-30 18:30,55,24,31,0,0,0
2022-12-30 18:45,62,27,35,0,0,0
2022-12-30 19:00,64,32,32,0,0,0
2022-12-30 19:15,58,28,30,0,0,0
2022-12-30 19:30,55,24,31,0,0,0
2022-12-30 19:45,68,28,40,0,0,0
2022-12-30 20:00,51,25,26,0,0,0
2022-12-30 20:15,33,11,22,0,0,0
2022-12-30 20:30,34,17,17,0,0,0
2022-12-30 20:45,32,15,17,0,0,0
2022-12-30 21:00,34,16,18,0,0,0
2022-12-30 21:15,28,13,15,0,0,0
2022-12-30 21:30,18,5,13,0,0,0
2022-12-30 21:45,27,12,15,0,0,0
2022-12-30 22:00,19,8,11,0,0,0
2022-12-30 22:15,31,15,16,0,0,0
2022-12-30 22:30,36,23,13,0,0,0
2022-12-30 22:45,33,18,15,0,0,0
2022-12-30 23:00,30,10,20,0,0,0
2022-12-30 23:15,18,7,11,0,0,0
2022-12-30 23:30,23,10,13,0,0,0
2022-12-30 23:45,22,7,15,0,0,0
