Datetime,100035541 (Neutor),101035541 (Neutor stadteinwÃ¤rts),102035541 (Neutor stadtauswÃ¤rts),100035541-status,101035541-status,102035541-status
2022-08-01 00:00,14,5,9,0,0,0
2022-08-01 00:15,15,11,4,0,0,0
2022-08-01 00:30,8,3,5,0,0,0
2022-08-01 00:45,9,1,8,0,0,0
2022-08-01 01:00,7,0,7,0,0,0
2022-08-01 01:15,10,0,10,0,0,0
2022-08-01 01:30,4,0,4,0,0,0
2022-08-01 01:45,5,1,4,0,0,0
2022-08-01 02:00,7,5,2,0,0,0
2022-08-01 02:15,4,1,3,0,0,0
2022-08-01 02:30,4,4,0,0,0,0
2022-08-01 02:45,2,1,1,0,0,0
2022-08-01 03:00,1,1,0,0,0,0
2022-08-01 03:15,1,1,0,0,0,0
2022-08-01 03:30,1,1,0,0,0,0
2022-08-01 03:45,7,3,4,0,0,0
2022-08-01 04:00,1,0,1,0,0,0
2022-08-01 04:15,5,2,3,0,0,0
2022-08-01 04:30,4,0,4,0,0,0
2022-08-01 04:45,8,4,4,0,0,0
2022-08-01 05:00,9,5,4,0,0,0
2022-08-01 05:15,12,8,4,0,0,0
2022-08-01 05:30,18,14,4,0,0,0
2022-08-01 05:45,21,14,7,0,0,0
2022-08-01 06:00,33,19,14,0,0,0
2022-08-01 06:15,31,20,11,0,0,0
2022-08-01 06:30,69,44,25,0,0,0
2022-08-01 06:45,67,43,24,0,0,0
2022-08-01 07:00,60,37,23,0,0,0
2022-08-01 07:15,106,73,33,0,0,0
2022-08-01 07:30,127,71,56,0,0,0
2022-08-01 07:45,187,122,65,0,0,0
2022-08-01 08:00,126,86,40,0,0,0
2022-08-01 08:15,119,67,52,0,0,0
2022-08-01 08:30,94,53,41,0,0,0
2022-08-01 08:45,106,65,41,0,0,0
2022-08-01 09:00,85,54,31,0,0,0
2022-08-01 09:15,102,71,31,0,0,0
2022-08-01 09:30,126,84,42,0,0,0
2022-08-01 09:45,119,69,50,0,0,0
2022-08-01 10:00,90,67,23,0,0,0
2022-08-01 10:15,73,42,31,0,0,0
2022-08-01 10:30,90,56,34,0,0,0
2022-08-01 10:45,88,43,45,0,0,0
2022-08-01 11:00,79,42,37,0,0,0
2022-08-01 11:15,74,42,32,0,0,0
2022-08-01 11:30,76,41,35,0,0,0
2022-08-01 11:45,74,40,34,0,0,0
2022-08-01 12:00,85,35,50,0,0,0
2022-08-01 12:15,64,28,36,0,0,0
2022-08-01 12:30,69,42,27,0,0,0
2022-08-01 12:45,86,46,40,0,0,0
2022-08-01 13:00,93,46,47,0,0,0
2022-08-01 13:15,91,44,47,0,0,0
2022-08-01 13:30,115,62,53,0,0,0
2022-08-01 13:45,105,57,48,0,0,0
2022-08-01 14:00,100,58,42,0,0,0
2022-08-01 14:15,148,83,65,0,0,0
2022-08-01 14:30,126,61,65,0,0,0
2022-08-01 14:45,146,81,65,0,0,0
2022-08-01 15:00,123,61,62,0,0,0
2022-08-01 15:15,124,59,65,0,0,0
2022-08-01 15:30,144,65,79,0,0,0
2022-08-01 15:45,152,86,66,0,0,0
2022-08-01 16:00,145,68,77,0,0,0
2022-08-01 16:15,209,92,117,0,0,0
2022-08-01 16:30,151,70,81,0,0,0
2022-08-01 16:45,199,92,107,0,0,0
2022-08-01 17:00,185,80,105,0,0,0
2022-08-01 17:15,174,87,87,0,0,0
2022-08-01 17:30,203,100,103,0,0,0
2022-08-01 17:45,206,103,103,0,0,0
2022-08-01 18:00,195,88,107,0,0,0
2022-08-01 18:15,173,71,102,0,0,0
2022-08-01 18:30,165,73,92,0,0,0
2022-08-01 18:45,196,90,106,0,0,0
2022-08-01 19:00,142,64,78,0,0,0
2022-08-01 19:15,130,65,65,0,0,0
2022-08-01 19:30,122,64,58,0,0,0
2022-08-01 19:45,146,85,61,0,0,0
2022-08-01 20:00,150,78,72,0,0,0
2022-08-01 20:15,106,44,62,0,0,0
2022-08-01 20:30,98,49,49,0,0,0
2022-08-01 20:45,92,51,41,0,0,0
2022-08-01 21:00,79,37,42,0,0,0
2022-08-01 21:15,81,22,59,0,0,0
2022-08-01 21:30,66,35,31,0,0,0
2022-08-01 21:45,85,37,48,0,0,0
2022-08-01 22:00,67,26,41,0,0,0
2022-08-01 22:15,66,19,47,0,0,0
2022-08-01 22:30,62,26,36,0,0,0
2022-08-01 22:45,60,19,41,0,0,0
2022-08-01 23:00,54,11,43,0,0,0
2022-08-01 23:15,45,17,28,0,0,0
2022-08-01 23:30,23,7,16,0,0,0
2022-08-01 23:45,26,8,18,0,0,0
2022-08-02 00:00,63,3,60,0,0,0
2022-08-02 00:15,36,3,33,0,0,0
2022-08-02 00:30,21,10,11,0,0,0
2022-08-02 00:45,19,5,14,0,0,0
2022-08-02 01:00,17,7,10,0,0,0
2022-08-02 01:15,11,0,11,0,0,0
2022-08-02 01:30,9,2,7,0,0,0
2022-08-02 01:45,16,1,15,0,0,0
2022-08-02 02:00,22,3,19,0,0,0
2022-08-02 02:15,4,0,4,0,0,0
2022-08-02 02:30,8,3,5,0,0,0
2022-08-02 02:45,5,1,4,0,0,0
2022-08-02 03:00,6,1,5,0,0,0
2022-08-02 03:15,5,2,3,0,0,0
2022-08-02 03:30,6,2,4,0,0,0
2022-08-02 03:45,3,2,1,0,0,0
2022-08-02 04:00,2,1,1,0,0,0
2022-08-02 04:15,10,3,7,0,0,0
2022-08-02 04:30,2,2,0,0,0,0
2022-08-02 04:45,6,3,3,0,0,0
2022-08-02 05:00,10,8,2,0,0,0
2022-08-02 05:15,14,12,2,0,0,0
2022-08-02 05:30,17,14,3,0,0,0
2022-08-02 05:45,22,15,7,0,0,0
2022-08-02 06:00,35,24,11,0,0,0
2022-08-02 06:15,42,23,19,0,0,0
2022-08-02 06:30,79,43,36,0,0,0
2022-08-02 06:45,100,62,38,0,0,0
2022-08-02 07:00,91,53,38,0,0,0
2022-08-02 07:15,88,58,30,0,0,0
2022-08-02 07:30,172,102,70,0,0,0
2022-08-02 07:45,240,132,108,0,0,0
2022-08-02 08:00,151,93,58,0,0,0
2022-08-02 08:15,203,114,89,0,0,0
2022-08-02 08:30,225,138,87,0,0,0
2022-08-02 08:45,173,101,72,0,0,0
2022-08-02 09:00,143,95,48,0,0,0
2022-08-02 09:15,121,76,45,0,0,0
2022-08-02 09:30,143,91,52,0,0,0
2022-08-02 09:45,175,114,61,0,0,0
2022-08-02 10:00,151,90,61,0,0,0
2022-08-02 10:15,126,79,47,0,0,0
2022-08-02 10:30,139,87,52,0,0,0
2022-08-02 10:45,149,91,58,0,0,0
2022-08-02 11:00,135,76,59,0,0,0
2022-08-02 11:15,118,56,62,0,0,0
2022-08-02 11:30,121,69,52,0,0,0
2022-08-02 11:45,155,92,63,0,0,0
2022-08-02 12:00,163,73,90,0,0,0
2022-08-02 12:15,161,79,82,0,0,0
2022-08-02 12:30,157,74,83,0,0,0
2022-08-02 12:45,154,84,70,0,0,0
2022-08-02 13:00,152,78,74,0,0,0
2022-08-02 13:15,169,92,77,0,0,0
2022-08-02 13:30,160,81,79,0,0,0
2022-08-02 13:45,170,97,73,0,0,0
2022-08-02 14:00,203,107,96,0,0,0
2022-08-02 14:15,165,94,71,0,0,0
2022-08-02 14:30,185,101,84,0,0,0
2022-08-02 14:45,180,91,89,0,0,0
2022-08-02 15:00,162,67,95,0,0,0
2022-08-02 15:15,189,90,99,0,0,0
2022-08-02 15:30,187,92,95,0,0,0
2022-08-02 15:45,217,107,110,0,0,0
2022-08-02 16:00,221,114,107,0,0,0
2022-08-02 16:15,209,96,113,0,0,0
2022-08-02 16:30,227,111,116,0,0,0
2022-08-02 16:45,254,115,139,0,0,0
2022-08-02 17:00,216,114,102,0,0,0
2022-08-02 17:15,264,119,145,0,0,0
2022-08-02 17:30,225,114,111,0,0,0
2022-08-02 17:45,261,133,128,0,0,0
2022-08-02 18:00,252,113,139,0,0,0
2022-08-02 18:15,238,110,128,0,0,0
2022-08-02 18:30,237,119,118,0,0,0
2022-08-02 18:45,249,109,140,0,0,0
2022-08-02 19:00,207,101,106,0,0,0
2022-08-02 19:15,181,91,90,0,0,0
2022-08-02 19:30,171,99,72,0,0,0
2022-08-02 19:45,174,106,68,0,0,0
2022-08-02 20:00,159,75,84,0,0,0
2022-08-02 20:15,137,67,70,0,0,0
2022-08-02 20:30,100,44,56,0,0,0
2022-08-02 20:45,92,43,49,0,0,0
2022-08-02 21:00,127,57,70,0,0,0
2022-08-02 21:15,108,38,70,0,0,0
2022-08-02 21:30,109,45,64,0,0,0
2022-08-02 21:45,102,32,70,0,0,0
2022-08-02 22:00,90,41,49,0,0,0
2022-08-02 22:15,114,24,90,0,0,0
2022-08-02 22:30,72,21,51,0,0,0
2022-08-02 22:45,79,26,53,0,0,0
2022-08-02 23:00,69,21,48,0,0,0
2022-08-02 23:15,69,23,46,0,0,0
2022-08-02 23:30,50,19,31,0,0,0
2022-08-02 23:45,60,12,48,0,0,0
2022-08-03 00:00,78,12,66,0,0,0
2022-08-03 00:15,39,11,28,0,0,0
2022-08-03 00:30,29,6,23,0,0,0
2022-08-03 00:45,29,5,24,0,0,0
2022-08-03 01:00,17,8,9,0,0,0
2022-08-03 01:15,19,8,11,0,0,0
2022-08-03 01:30,17,3,14,0,0,0
2022-08-03 01:45,14,4,10,0,0,0
2022-08-03 02:00,11,4,7,0,0,0
2022-08-03 02:15,7,5,2,0,0,0
2022-08-03 02:30,0,0,0,0,0,0
2022-08-03 02:45,7,0,7,0,0,0
2022-08-03 03:00,2,1,1,0,0,0
2022-08-03 03:15,3,0,3,0,0,0
2022-08-03 03:30,3,1,2,0,0,0
2022-08-03 03:45,2,1,1,0,0,0
2022-08-03 04:00,3,3,0,0,0,0
2022-08-03 04:15,5,2,3,0,0,0
2022-08-03 04:30,6,1,5,0,0,0
2022-08-03 04:45,11,6,5,0,0,0
2022-08-03 05:00,13,9,4,0,0,0
2022-08-03 05:15,14,13,1,0,0,0
2022-08-03 05:30,21,15,6,0,0,0
2022-08-03 05:45,26,22,4,0,0,0
2022-08-03 06:00,33,24,9,0,0,0
2022-08-03 06:15,61,42,19,0,0,0
2022-08-03 06:30,76,54,22,0,0,0
2022-08-03 06:45,81,55,26,0,0,0
2022-08-03 07:00,87,61,26,0,0,0
2022-08-03 07:15,117,75,42,0,0,0
2022-08-03 07:30,170,110,60,0,0,0
2022-08-03 07:45,233,128,105,0,0,0
2022-08-03 08:00,193,133,60,0,0,0
2022-08-03 08:15,201,132,69,0,0,0
2022-08-03 08:30,200,128,72,0,0,0
2022-08-03 08:45,224,136,88,0,0,0
2022-08-03 09:00,148,97,51,0,0,0
2022-08-03 09:15,141,91,50,0,0,0
2022-08-03 09:30,160,110,50,0,0,0
2022-08-03 09:45,184,115,69,0,0,0
2022-08-03 10:00,138,92,46,0,0,0
2022-08-03 10:15,126,72,54,0,0,0
2022-08-03 10:30,131,75,56,0,0,0
2022-08-03 10:45,139,84,55,0,0,0
2022-08-03 11:00,155,78,77,0,0,0
2022-08-03 11:15,138,71,67,0,0,0
2022-08-03 11:30,171,93,78,0,0,0
2022-08-03 11:45,144,78,66,0,0,0
2022-08-03 12:00,156,86,70,0,0,0
2022-08-03 12:15,182,109,73,0,0,0
2022-08-03 12:30,142,75,67,0,0,0
2022-08-03 12:45,189,97,92,0,0,0
2022-08-03 13:00,175,89,86,0,0,0
2022-08-03 13:15,189,97,92,0,0,0
2022-08-03 13:30,185,111,74,0,0,0
2022-08-03 13:45,184,76,108,0,0,0
2022-08-03 14:00,173,93,80,0,0,0
2022-08-03 14:15,178,85,93,0,0,0
2022-08-03 14:30,186,72,114,0,0,0
2022-08-03 14:45,172,90,82,0,0,0
2022-08-03 15:00,189,94,95,0,0,0
2022-08-03 15:15,174,78,96,0,0,0
2022-08-03 15:30,187,99,88,0,0,0
2022-08-03 15:45,207,99,108,0,0,0
2022-08-03 16:00,203,101,102,0,0,0
2022-08-03 16:15,198,90,108,0,0,0
2022-08-03 16:30,204,99,105,0,0,0
2022-08-03 16:45,243,124,119,0,0,0
2022-08-03 17:00,221,109,112,0,0,0
2022-08-03 17:15,221,109,112,0,0,0
2022-08-03 17:30,269,127,142,0,0,0
2022-08-03 17:45,280,149,131,0,0,0
2022-08-03 18:00,225,116,109,0,0,0
2022-08-03 18:15,241,117,124,0,0,0
2022-08-03 18:30,229,116,113,0,0,0
2022-08-03 18:45,261,163,98,0,0,0
2022-08-03 19:00,186,88,98,0,0,0
2022-08-03 19:15,199,92,107,0,0,0
2022-08-03 19:30,175,90,85,0,0,0
2022-08-03 19:45,153,78,75,0,0,0
2022-08-03 20:00,195,100,95,0,0,0
2022-08-03 20:15,145,73,72,0,0,0
2022-08-03 20:30,125,70,55,0,0,0
2022-08-03 20:45,154,67,87,0,0,0
2022-08-03 21:00,117,55,62,0,0,0
2022-08-03 21:15,95,33,62,0,0,0
2022-08-03 21:30,125,43,82,0,0,0
2022-08-03 21:45,119,43,76,0,0,0
2022-08-03 22:00,111,36,75,0,0,0
2022-08-03 22:15,113,40,73,0,0,0
2022-08-03 22:30,99,33,66,0,0,0
2022-08-03 22:45,104,45,59,0,0,0
2022-08-03 23:00,106,38,68,0,0,0
2022-08-03 23:15,78,25,53,0,0,0
2022-08-03 23:30,69,29,40,0,0,0
2022-08-03 23:45,51,15,36,0,0,0
2022-08-04 00:00,56,17,39,0,0,0
2022-08-04 00:15,81,14,67,0,0,0
2022-08-04 00:30,57,11,46,0,0,0
2022-08-04 00:45,51,10,41,0,0,0
2022-08-04 01:00,29,5,24,0,0,0
2022-08-04 01:15,33,11,22,0,0,0
2022-08-04 01:30,16,2,14,0,0,0
2022-08-04 01:45,32,1,31,0,0,0
2022-08-04 02:00,17,7,10,0,0,0
2022-08-04 02:15,35,6,29,0,0,0
2022-08-04 02:30,16,3,13,0,0,0
2022-08-04 02:45,23,2,21,0,0,0
2022-08-04 03:00,19,2,17,0,0,0
2022-08-04 03:15,9,0,9,0,0,0
2022-08-04 03:30,13,4,9,0,0,0
2022-08-04 03:45,16,1,15,0,0,0
2022-08-04 04:00,14,9,5,0,0,0
2022-08-04 04:15,10,3,7,0,0,0
2022-08-04 04:30,8,4,4,0,0,0
2022-08-04 04:45,13,5,8,0,0,0
2022-08-04 05:00,12,8,4,0,0,0
2022-08-04 05:15,17,10,7,0,0,0
2022-08-04 05:30,27,20,7,0,0,0
2022-08-04 05:45,33,24,9,0,0,0
2022-08-04 06:00,44,33,11,0,0,0
2022-08-04 06:15,48,29,19,0,0,0
2022-08-04 06:30,67,45,22,0,0,0
2022-08-04 06:45,89,63,26,0,0,0
2022-08-04 07:00,76,48,28,0,0,0
2022-08-04 07:15,106,68,38,0,0,0
2022-08-04 07:30,171,99,72,0,0,0
2022-08-04 07:45,216,119,97,0,0,0
2022-08-04 08:00,180,120,60,0,0,0
2022-08-04 08:15,193,113,80,0,0,0
2022-08-04 08:30,190,125,65,0,0,0
2022-08-04 08:45,213,136,77,0,0,0
2022-08-04 09:00,171,109,62,0,0,0
2022-08-04 09:15,116,69,47,0,0,0
2022-08-04 09:30,125,80,45,0,0,0
2022-08-04 09:45,162,98,64,0,0,0
2022-08-04 10:00,122,75,47,0,0,0
2022-08-04 10:15,121,74,47,0,0,0
2022-08-04 10:30,134,82,52,0,0,0
2022-08-04 10:45,118,66,52,0,0,0
2022-08-04 11:00,118,61,57,0,0,0
2022-08-04 11:15,100,44,56,0,0,0
2022-08-04 11:30,113,64,49,0,0,0
2022-08-04 11:45,127,81,46,0,0,0
2022-08-04 12:00,137,81,56,0,0,0
2022-08-04 12:15,161,80,81,0,0,0
2022-08-04 12:30,152,96,56,0,0,0
2022-08-04 12:45,162,77,85,0,0,0
2022-08-04 13:00,135,71,64,0,0,0
2022-08-04 13:15,127,74,53,0,0,0
2022-08-04 13:30,168,90,78,0,0,0
2022-08-04 13:45,159,96,63,0,0,0
2022-08-04 14:00,134,64,70,0,0,0
2022-08-04 14:15,159,89,70,0,0,0
2022-08-04 14:30,159,83,76,0,0,0
2022-08-04 14:45,176,87,89,0,0,0
2022-08-04 15:00,144,56,88,0,0,0
2022-08-04 15:15,165,78,87,0,0,0
2022-08-04 15:30,167,88,79,0,0,0
2022-08-04 15:45,176,88,88,0,0,0
2022-08-04 16:00,169,87,82,0,0,0
2022-08-04 16:15,171,82,89,0,0,0
2022-08-04 16:30,223,125,98,0,0,0
2022-08-04 16:45,204,100,104,0,0,0
2022-08-04 17:00,209,102,107,0,0,0
2022-08-04 17:15,195,86,109,0,0,0
2022-08-04 17:30,202,102,100,0,0,0
2022-08-04 17:45,241,141,100,0,0,0
2022-08-04 18:00,212,101,111,0,0,0
2022-08-04 18:15,228,101,127,0,0,0
2022-08-04 18:30,186,84,102,0,0,0
2022-08-04 18:45,215,102,113,0,0,0
2022-08-04 19:00,184,89,95,0,0,0
2022-08-04 19:15,157,85,72,0,0,0
2022-08-04 19:30,118,59,59,0,0,0
2022-08-04 19:45,166,86,80,0,0,0
2022-08-04 20:00,122,68,54,0,0,0
2022-08-04 20:15,113,44,69,0,0,0
2022-08-04 20:30,121,51,70,0,0,0
2022-08-04 20:45,137,64,73,0,0,0
2022-08-04 21:00,115,48,67,0,0,0
2022-08-04 21:15,83,35,48,0,0,0
2022-08-04 21:30,100,40,60,0,0,0
2022-08-04 21:45,97,44,53,0,0,0
2022-08-04 22:00,96,39,57,0,0,0
2022-08-04 22:15,82,24,58,0,0,0
2022-08-04 22:30,79,34,45,0,0,0
2022-08-04 22:45,81,24,57,0,0,0
2022-08-04 23:00,64,14,50,0,0,0
2022-08-04 23:15,59,12,47,0,0,0
2022-08-04 23:30,38,16,22,0,0,0
2022-08-04 23:45,84,14,70,0,0,0
2022-08-05 00:00,46,12,34,0,0,0
2022-08-05 00:15,34,6,28,0,0,0
2022-08-05 00:30,22,9,13,0,0,0
2022-08-05 00:45,25,7,18,0,0,0
2022-08-05 01:00,32,6,26,0,0,0
2022-08-05 01:15,25,5,20,0,0,0
2022-08-05 01:30,21,5,16,0,0,0
2022-08-05 01:45,15,4,11,0,0,0
2022-08-05 02:00,10,4,6,0,0,0
2022-08-05 02:15,16,5,11,0,0,0
2022-08-05 02:30,5,3,2,0,0,0
2022-08-05 02:45,9,4,5,0,0,0
2022-08-05 03:00,1,1,0,0,0,0
2022-08-05 03:15,1,1,0,0,0,0
2022-08-05 03:30,15,2,13,0,0,0
2022-08-05 03:45,7,2,5,0,0,0
2022-08-05 04:00,5,2,3,0,0,0
2022-08-05 04:15,6,1,5,0,0,0
2022-08-05 04:30,5,3,2,0,0,0
2022-08-05 04:45,10,6,4,0,0,0
2022-08-05 05:00,7,6,1,0,0,0
2022-08-05 05:15,9,8,1,0,0,0
2022-08-05 05:30,26,21,5,0,0,0
2022-08-05 05:45,24,14,10,0,0,0
2022-08-05 06:00,15,9,6,0,0,0
2022-08-05 06:15,21,13,8,0,0,0
2022-08-05 06:30,36,21,15,0,0,0
2022-08-05 06:45,66,45,21,0,0,0
2022-08-05 07:00,52,32,20,0,0,0
2022-08-05 07:15,66,40,26,0,0,0
2022-08-05 07:30,98,63,35,0,0,0
2022-08-05 07:45,178,124,54,0,0,0
2022-08-05 08:00,146,91,55,0,0,0
2022-08-05 08:15,134,82,52,0,0,0
2022-08-05 08:30,142,84,58,0,0,0
2022-08-05 08:45,138,83,55,0,0,0
2022-08-05 09:00,108,67,41,0,0,0
2022-08-05 09:15,91,55,36,0,0,0
2022-08-05 09:30,90,56,34,0,0,0
2022-08-05 09:45,93,60,33,0,0,0
2022-08-05 10:00,84,47,37,0,0,0
2022-08-05 10:15,80,41,39,0,0,0
2022-08-05 10:30,88,43,45,0,0,0
2022-08-05 10:45,110,69,41,0,0,0
2022-08-05 11:00,84,48,36,0,0,0
2022-08-05 11:15,107,66,41,0,0,0
2022-08-05 11:30,104,45,59,0,0,0
2022-08-05 11:45,91,53,38,0,0,0
2022-08-05 12:00,123,55,68,0,0,0
2022-08-05 12:15,117,64,53,0,0,0
2022-08-05 12:30,114,52,62,0,0,0
2022-08-05 12:45,125,68,57,0,0,0
2022-08-05 13:00,161,80,81,0,0,0
2022-08-05 13:15,171,104,67,0,0,0
2022-08-05 13:30,142,63,79,0,0,0
2022-08-05 13:45,133,74,59,0,0,0
2022-08-05 14:00,170,87,83,0,0,0
2022-08-05 14:15,176,94,82,0,0,0
2022-08-05 14:30,148,84,64,0,0,0
2022-08-05 14:45,154,84,70,0,0,0
2022-08-05 15:00,173,93,80,0,0,0
2022-08-05 15:15,148,79,69,0,0,0
2022-08-05 15:30,141,69,72,0,0,0
2022-08-05 15:45,146,84,62,0,0,0
2022-08-05 16:00,162,73,89,0,0,0
2022-08-05 16:15,153,79,74,0,0,0
2022-08-05 16:30,190,98,92,0,0,0
2022-08-05 16:45,188,105,83,0,0,0
2022-08-05 17:00,176,96,80,0,0,0
2022-08-05 17:15,150,78,72,0,0,0
2022-08-05 17:30,190,99,91,0,0,0
2022-08-05 17:45,215,121,94,0,0,0
2022-08-05 18:00,186,97,89,0,0,0
2022-08-05 18:15,180,104,76,0,0,0
2022-08-05 18:30,159,87,72,0,0,0
2022-08-05 18:45,162,93,69,0,0,0
2022-08-05 19:00,151,82,69,0,0,0
2022-08-05 19:15,154,66,88,0,0,0
2022-08-05 19:30,158,90,68,0,0,0
2022-08-05 19:45,138,90,48,0,0,0
2022-08-05 20:00,137,75,62,0,0,0
2022-08-05 20:15,116,57,59,0,0,0
2022-08-05 20:30,107,46,61,0,0,0
2022-08-05 20:45,118,59,59,0,0,0
2022-08-05 21:00,116,63,53,0,0,0
2022-08-05 21:15,89,43,46,0,0,0
2022-08-05 21:30,111,48,63,0,0,0
2022-08-05 21:45,106,37,69,0,0,0
2022-08-05 22:00,92,29,63,0,0,0
2022-08-05 22:15,103,44,59,0,0,0
2022-08-05 22:30,135,69,66,0,0,0
2022-08-05 22:45,81,34,47,0,0,0
2022-08-05 23:00,83,38,45,0,0,0
2022-08-05 23:15,74,25,49,0,0,0
2022-08-05 23:30,78,33,45,0,0,0
2022-08-05 23:45,123,38,85,0,0,0
2022-08-06 00:00,63,15,48,0,0,0
2022-08-06 00:15,51,11,40,0,0,0
2022-08-06 00:30,54,16,38,0,0,0
2022-08-06 00:45,61,24,37,0,0,0
2022-08-06 01:00,43,12,31,0,0,0
2022-08-06 01:15,43,9,34,0,0,0
2022-08-06 01:30,55,16,39,0,0,0
2022-08-06 01:45,33,9,24,0,0,0
2022-08-06 02:00,30,3,27,0,0,0
2022-08-06 02:15,45,10,35,0,0,0
2022-08-06 02:30,31,8,23,0,0,0
2022-08-06 02:45,34,1,33,0,0,0
2022-08-06 03:00,40,5,35,0,0,0
2022-08-06 03:15,42,8,34,0,0,0
2022-08-06 03:30,39,9,30,0,0,0
2022-08-06 03:45,32,6,26,0,0,0
2022-08-06 04:00,15,0,15,0,0,0
2022-08-06 04:15,26,3,23,0,0,0
2022-08-06 04:30,17,1,16,0,0,0
2022-08-06 04:45,23,7,16,0,0,0
2022-08-06 05:00,15,6,9,0,0,0
2022-08-06 05:15,12,6,6,0,0,0
2022-08-06 05:30,13,11,2,0,0,0
2022-08-06 05:45,15,13,2,0,0,0
2022-08-06 06:00,7,1,6,0,0,0
2022-08-06 06:15,10,3,7,0,0,0
2022-08-06 06:30,20,8,12,0,0,0
2022-08-06 06:45,27,14,13,0,0,0
2022-08-06 07:00,25,18,7,0,0,0
2022-08-06 07:15,23,19,4,0,0,0
2022-08-06 07:30,33,21,12,0,0,0
2022-08-06 07:45,27,19,8,0,0,0
2022-08-06 08:00,29,21,8,0,0,0
2022-08-06 08:15,40,28,12,0,0,0
2022-08-06 08:30,40,28,12,0,0,0
2022-08-06 08:45,56,30,26,0,0,0
2022-08-06 09:00,49,24,25,0,0,0
2022-08-06 09:15,59,34,25,0,0,0
2022-08-06 09:30,75,54,21,0,0,0
2022-08-06 09:45,124,90,34,0,0,0
2022-08-06 10:00,109,66,43,0,0,0
2022-08-06 10:15,104,74,30,0,0,0
2022-08-06 10:30,158,96,62,0,0,0
2022-08-06 10:45,132,96,36,0,0,0
2022-08-06 11:00,118,88,30,0,0,0
2022-08-06 11:15,114,83,31,0,0,0
2022-08-06 11:30,149,87,62,0,0,0
2022-08-06 11:45,159,110,49,0,0,0
2022-08-06 12:00,171,109,62,0,0,0
2022-08-06 12:15,134,75,59,0,0,0
2022-08-06 12:30,146,79,67,0,0,0
2022-08-06 12:45,134,73,61,0,0,0
2022-08-06 13:00,147,73,74,0,0,0
2022-08-06 13:15,144,66,78,0,0,0
2022-08-06 13:30,159,80,79,0,0,0
2022-08-06 13:45,152,76,76,0,0,0
2022-08-06 14:00,163,79,84,0,0,0
2022-08-06 14:15,138,75,63,0,0,0
2022-08-06 14:30,165,90,75,0,0,0
2022-08-06 14:45,163,89,74,0,0,0
2022-08-06 15:00,136,71,65,0,0,0
2022-08-06 15:15,146,70,76,0,0,0
2022-08-06 15:30,158,82,76,0,0,0
2022-08-06 15:45,153,85,68,0,0,0
2022-08-06 16:00,126,66,60,0,0,0
2022-08-06 16:15,124,75,49,0,0,0
2022-08-06 16:30,116,61,55,0,0,0
2022-08-06 16:45,169,93,76,0,0,0
2022-08-06 17:00,161,74,87,0,0,0
2022-08-06 17:15,147,74,73,0,0,0
2022-08-06 17:30,159,74,85,0,0,0
2022-08-06 17:45,168,77,91,0,0,0
2022-08-06 18:00,171,84,87,0,0,0
2022-08-06 18:15,178,77,101,0,0,0
2022-08-06 18:30,160,84,76,0,0,0
2022-08-06 18:45,128,80,48,0,0,0
2022-08-06 19:00,149,66,83,0,0,0
2022-08-06 19:15,161,97,64,0,0,0
2022-08-06 19:30,146,87,59,0,0,0
2022-08-06 19:45,134,68,66,0,0,0
2022-08-06 20:00,159,85,74,0,0,0
2022-08-06 20:15,145,70,75,0,0,0
2022-08-06 20:30,99,49,50,0,0,0
2022-08-06 20:45,119,69,50,0,0,0
2022-08-06 21:00,110,49,61,0,0,0
2022-08-06 21:15,83,46,37,0,0,0
2022-08-06 21:30,89,30,59,0,0,0
2022-08-06 21:45,71,33,38,0,0,0
2022-08-06 22:00,75,34,41,0,0,0
2022-08-06 22:15,78,29,49,0,0,0
2022-08-06 22:30,79,21,58,0,0,0
2022-08-06 22:45,81,22,59,0,0,0
2022-08-06 23:00,49,7,42,0,0,0
2022-08-06 23:15,75,31,44,0,0,0
2022-08-06 23:30,56,14,42,0,0,0
2022-08-06 23:45,75,15,60,0,0,0
2022-08-07 00:00,64,10,54,0,0,0
2022-08-07 00:15,108,19,89,0,0,0
2022-08-07 00:30,76,13,63,0,0,0
2022-08-07 00:45,48,4,44,0,0,0
2022-08-07 01:00,49,11,38,0,0,0
2022-08-07 01:15,43,15,28,0,0,0
2022-08-07 01:30,39,11,28,0,0,0
2022-08-07 01:45,27,11,16,0,0,0
2022-08-07 02:00,21,7,14,0,0,0
2022-08-07 02:15,37,7,30,0,0,0
2022-08-07 02:30,21,1,20,0,0,0
2022-08-07 02:45,29,11,18,0,0,0
2022-08-07 03:00,24,3,21,0,0,0
2022-08-07 03:15,31,14,17,0,0,0
2022-08-07 03:30,31,4,27,0,0,0
2022-08-07 03:45,20,0,20,0,0,0
2022-08-07 04:00,17,2,15,0,0,0
2022-08-07 04:15,17,2,15,0,0,0
2022-08-07 04:30,17,4,13,0,0,0
2022-08-07 04:45,19,1,18,0,0,0
2022-08-07 05:00,12,2,10,0,0,0
2022-08-07 05:15,13,4,9,0,0,0
2022-08-07 05:30,12,5,7,0,0,0
2022-08-07 05:45,16,7,9,0,0,0
2022-08-07 06:00,3,0,3,0,0,0
2022-08-07 06:15,10,3,7,0,0,0
2022-08-07 06:30,11,3,8,0,0,0
2022-08-07 06:45,6,3,3,0,0,0
2022-08-07 07:00,6,3,3,0,0,0
2022-08-07 07:15,13,6,7,0,0,0
2022-08-07 07:30,4,1,3,0,0,0
2022-08-07 07:45,10,6,4,0,0,0
2022-08-07 08:00,13,10,3,0,0,0
2022-08-07 08:15,17,11,6,0,0,0
2022-08-07 08:30,23,12,11,0,0,0
2022-08-07 08:45,19,11,8,0,0,0
2022-08-07 09:00,24,12,12,0,0,0
2022-08-07 09:15,31,9,22,0,0,0
2022-08-07 09:30,45,30,15,0,0,0
2022-08-07 09:45,69,52,17,0,0,0
2022-08-07 10:00,59,38,21,0,0,0
2022-08-07 10:15,77,36,41,0,0,0
2022-08-07 10:30,90,60,30,0,0,0
2022-08-07 10:45,89,51,38,0,0,0
2022-08-07 11:00,75,59,16,0,0,0
2022-08-07 11:15,67,41,26,0,0,0
2022-08-07 11:30,93,63,30,0,0,0
2022-08-07 11:45,92,57,35,0,0,0
2022-08-07 12:00,88,53,35,0,0,0
2022-08-07 12:15,113,70,43,0,0,0
2022-08-07 12:30,94,49,45,0,0,0
2022-08-07 12:45,126,54,72,0,0,0
2022-08-07 13:00,108,62,46,0,0,0
2022-08-07 13:15,134,85,49,0,0,0
2022-08-07 13:30,116,62,54,0,0,0
2022-08-07 13:45,114,75,39,0,0,0
2022-08-07 14:00,112,55,57,0,0,0
2022-08-07 14:15,135,82,53,0,0,0
2022-08-07 14:30,153,89,64,0,0,0
2022-08-07 14:45,131,80,51,0,0,0
2022-08-07 15:00,154,93,61,0,0,0
2022-08-07 15:15,158,96,62,0,0,0
2022-08-07 15:30,97,58,39,0,0,0
2022-08-07 15:45,150,83,67,0,0,0
2022-08-07 16:00,134,77,57,0,0,0
2022-08-07 16:15,130,73,57,0,0,0
2022-08-07 16:30,134,56,78,0,0,0
2022-08-07 16:45,117,70,47,0,0,0
2022-08-07 17:00,141,66,75,0,0,0
2022-08-07 17:15,124,51,73,0,0,0
2022-08-07 17:30,121,63,58,0,0,0
2022-08-07 17:45,144,59,85,0,0,0
2022-08-07 18:00,128,57,71,0,0,0
2022-08-07 18:15,129,63,66,0,0,0
2022-08-07 18:30,115,56,59,0,0,0
2022-08-07 18:45,148,64,84,0,0,0
2022-08-07 19:00,120,47,73,0,0,0
2022-08-07 19:15,121,55,66,0,0,0
2022-08-07 19:30,128,55,73,0,0,0
2022-08-07 19:45,148,78,70,0,0,0
2022-08-07 20:00,133,79,54,0,0,0
2022-08-07 20:15,127,51,76,0,0,0
2022-08-07 20:30,73,33,40,0,0,0
2022-08-07 20:45,68,28,40,0,0,0
2022-08-07 21:00,94,34,60,0,0,0
2022-08-07 21:15,83,37,46,0,0,0
2022-08-07 21:30,90,28,62,0,0,0
2022-08-07 21:45,80,25,55,0,0,0
2022-08-07 22:00,73,29,44,0,0,0
2022-08-07 22:15,63,24,39,0,0,0
2022-08-07 22:30,56,15,41,0,0,0
2022-08-07 22:45,44,11,33,0,0,0
2022-08-07 23:00,34,8,26,0,0,0
2022-08-07 23:15,74,11,63,0,0,0
2022-08-07 23:30,39,8,31,0,0,0
2022-08-07 23:45,32,6,26,0,0,0
2022-08-08 00:00,17,4,13,0,0,0
2022-08-08 00:15,24,6,18,0,0,0
2022-08-08 00:30,13,8,5,0,0,0
2022-08-08 00:45,5,1,4,0,0,0
2022-08-08 01:00,10,2,8,0,0,0
2022-08-08 01:15,14,4,10,0,0,0
2022-08-08 01:30,9,3,6,0,0,0
2022-08-08 01:45,8,5,3,0,0,0
2022-08-08 02:00,5,4,1,0,0,0
2022-08-08 02:15,4,2,2,0,0,0
2022-08-08 02:30,3,1,2,0,0,0
2022-08-08 02:45,1,1,0,0,0,0
2022-08-08 03:00,6,2,4,0,0,0
2022-08-08 03:15,7,1,6,0,0,0
2022-08-08 03:30,0,0,0,0,0,0
2022-08-08 03:45,2,2,0,0,0,0
2022-08-08 04:00,3,2,1,0,0,0
2022-08-08 04:15,7,2,5,0,0,0
2022-08-08 04:30,4,1,3,0,0,0
2022-08-08 04:45,14,7,7,0,0,0
2022-08-08 05:00,4,4,0,0,0,0
2022-08-08 05:15,10,10,0,0,0,0
2022-08-08 05:30,23,13,10,0,0,0
2022-08-08 05:45,23,15,8,0,0,0
2022-08-08 06:00,37,26,11,0,0,0
2022-08-08 06:15,36,27,9,0,0,0
2022-08-08 06:30,66,39,27,0,0,0
2022-08-08 06:45,79,58,21,0,0,0
2022-08-08 07:00,72,67,5,0,0,0
2022-08-08 07:15,138,90,48,0,0,0
2022-08-08 07:30,180,101,79,0,0,0
2022-08-08 07:45,242,139,103,0,0,0
2022-08-08 08:00,208,117,91,0,0,0
2022-08-08 08:15,194,124,70,0,0,0
2022-08-08 08:30,211,143,68,0,0,0
2022-08-08 08:45,200,128,72,0,0,0
2022-08-08 09:00,173,106,67,0,0,0
2022-08-08 09:15,153,97,56,0,0,0
2022-08-08 09:30,132,75,57,0,0,0
2022-08-08 09:45,144,84,60,0,0,0
2022-08-08 10:00,150,86,64,0,0,0
2022-08-08 10:15,121,75,46,0,0,0
2022-08-08 10:30,131,69,62,0,0,0
2022-08-08 10:45,116,56,60,0,0,0
2022-08-08 11:00,114,74,40,0,0,0
2022-08-08 11:15,119,60,59,0,0,0
2022-08-08 11:30,144,83,61,0,0,0
2022-08-08 11:45,136,65,71,0,0,0
2022-08-08 12:00,156,89,67,0,0,0
2022-08-08 12:15,141,84,57,0,0,0
2022-08-08 12:30,138,72,66,0,0,0
2022-08-08 12:45,172,93,79,0,0,0
2022-08-08 13:00,155,79,76,0,0,0
2022-08-08 13:15,180,94,86,0,0,0
2022-08-08 13:30,168,87,81,0,0,0
2022-08-08 13:45,181,90,91,0,0,0
2022-08-08 14:00,160,89,71,0,0,0
2022-08-08 14:15,178,97,81,0,0,0
2022-08-08 14:30,175,80,95,0,0,0
2022-08-08 14:45,170,83,87,0,0,0
2022-08-08 15:00,172,92,80,0,0,0
2022-08-08 15:15,199,90,109,0,0,0
2022-08-08 15:30,214,106,108,0,0,0
2022-08-08 15:45,222,113,109,0,0,0
2022-08-08 16:00,216,87,129,0,0,0
2022-08-08 16:15,245,129,116,0,0,0
2022-08-08 16:30,241,95,146,0,0,0
2022-08-08 16:45,268,135,133,0,0,0
2022-08-08 17:00,244,115,129,0,0,0
2022-08-08 17:15,261,100,161,0,0,0
2022-08-08 17:30,242,117,125,0,0,0
2022-08-08 17:45,265,129,136,0,0,0
2022-08-08 18:00,226,103,123,0,0,0
2022-08-08 18:15,269,116,153,0,0,0
2022-08-08 18:30,211,99,112,0,0,0
2022-08-08 18:45,219,99,120,0,0,0
2022-08-08 19:00,195,92,103,0,0,0
2022-08-08 19:15,190,91,99,0,0,0
2022-08-08 19:30,159,74,85,0,0,0
2022-08-08 19:45,165,88,77,0,0,0
2022-08-08 20:00,151,64,87,0,0,0
2022-08-08 20:15,161,87,74,0,0,0
2022-08-08 20:30,118,61,57,0,0,0
2022-08-08 20:45,121,55,66,0,0,0
2022-08-08 21:00,112,61,51,0,0,0
2022-08-08 21:15,113,56,57,0,0,0
2022-08-08 21:30,104,37,67,0,0,0
2022-08-08 21:45,84,26,58,0,0,0
2022-08-08 22:00,76,28,48,0,0,0
2022-08-08 22:15,77,37,40,0,0,0
2022-08-08 22:30,78,29,49,0,0,0
2022-08-08 22:45,75,18,57,0,0,0
2022-08-08 23:00,57,20,37,0,0,0
2022-08-08 23:15,53,18,35,0,0,0
2022-08-08 23:30,38,9,29,0,0,0
2022-08-08 23:45,27,8,19,0,0,0
2022-08-09 00:00,45,18,27,0,0,0
2022-08-09 00:15,95,17,78,0,0,0
2022-08-09 00:30,29,7,22,0,0,0
2022-08-09 00:45,16,1,15,0,0,0
2022-08-09 01:00,14,2,12,0,0,0
2022-08-09 01:15,10,2,8,0,0,0
2022-08-09 01:30,11,1,10,0,0,0
2022-08-09 01:45,20,2,18,0,0,0
2022-08-09 02:00,12,5,7,0,0,0
2022-08-09 02:15,7,1,6,0,0,0
2022-08-09 02:30,7,2,5,0,0,0
2022-08-09 02:45,6,0,6,0,0,0
2022-08-09 03:00,14,8,6,0,0,0
2022-08-09 03:15,4,3,1,0,0,0
2022-08-09 03:30,5,1,4,0,0,0
2022-08-09 03:45,2,1,1,0,0,0
2022-08-09 04:00,1,0,1,0,0,0
2022-08-09 04:15,5,2,3,0,0,0
2022-08-09 04:30,5,3,2,0,0,0
2022-08-09 04:45,6,3,3,0,0,0
2022-08-09 05:00,13,5,8,0,0,0
2022-08-09 05:15,14,10,4,0,0,0
2022-08-09 05:30,25,19,6,0,0,0
2022-08-09 05:45,28,20,8,0,0,0
2022-08-09 06:00,41,32,9,0,0,0
2022-08-09 06:15,51,30,21,0,0,0
2022-08-09 06:30,73,44,29,0,0,0
2022-08-09 06:45,111,66,45,0,0,0
2022-08-09 07:00,102,71,31,0,0,0
2022-08-09 07:15,164,101,63,0,0,0
2022-08-09 07:30,174,113,61,0,0,0
2022-08-09 07:45,251,138,113,0,0,0
2022-08-09 08:00,222,122,100,0,0,0
2022-08-09 08:15,207,130,77,0,0,0
2022-08-09 08:30,200,123,77,0,0,0
2022-08-09 08:45,242,153,89,0,0,0
2022-08-09 09:00,172,110,62,0,0,0
2022-08-09 09:15,148,85,63,0,0,0
2022-08-09 09:30,149,87,62,0,0,0
2022-08-09 09:45,146,101,45,0,0,0
2022-08-09 10:00,131,90,41,0,0,0
2022-08-09 10:15,112,69,43,0,0,0
2022-08-09 10:30,117,65,52,0,0,0
2022-08-09 10:45,175,93,82,0,0,0
2022-08-09 11:00,117,58,59,0,0,0
2022-08-09 11:15,137,74,63,0,0,0
2022-08-09 11:30,149,72,77,0,0,0
2022-08-09 11:45,175,85,90,0,0,0
2022-08-09 12:00,172,87,85,0,0,0
2022-08-09 12:15,140,76,64,0,0,0
2022-08-09 12:30,160,84,76,0,0,0
2022-08-09 12:45,146,86,60,0,0,0
2022-08-09 13:00,160,86,74,0,0,0
2022-08-09 13:15,166,92,74,0,0,0
2022-08-09 13:30,187,94,93,0,0,0
2022-08-09 13:45,186,98,88,0,0,0
2022-08-09 14:00,176,87,89,0,0,0
2022-08-09 14:15,211,106,105,0,0,0
2022-08-09 14:30,160,71,89,0,0,0
2022-08-09 14:45,211,94,117,0,0,0
2022-08-09 15:00,188,101,87,0,0,0
2022-08-09 15:15,197,94,103,0,0,0
2022-08-09 15:30,205,105,100,0,0,0
2022-08-09 15:45,265,136,129,0,0,0
2022-08-09 16:00,236,105,131,0,0,0
2022-08-09 16:15,258,130,128,0,0,0
2022-08-09 16:30,242,132,110,0,0,0
2022-08-09 16:45,290,145,145,0,0,0
2022-08-09 17:00,248,114,134,0,0,0
2022-08-09 17:15,272,118,154,0,0,0
2022-08-09 17:30,273,126,147,0,0,0
2022-08-09 17:45,275,130,145,0,0,0
2022-08-09 18:00,257,126,131,0,0,0
2022-08-09 18:15,256,107,149,0,0,0
2022-08-09 18:30,223,95,128,0,0,0
2022-08-09 18:45,272,154,118,0,0,0
2022-08-09 19:00,216,113,103,0,0,0
2022-08-09 19:15,205,104,101,0,0,0
2022-08-09 19:30,226,118,108,0,0,0
2022-08-09 19:45,212,115,97,0,0,0
2022-08-09 20:00,221,126,95,0,0,0
2022-08-09 20:15,157,92,65,0,0,0
2022-08-09 20:30,148,74,74,0,0,0
2022-08-09 20:45,108,58,50,0,0,0
2022-08-09 21:00,150,74,76,0,0,0
2022-08-09 21:15,116,50,66,0,0,0
2022-08-09 21:30,126,43,83,0,0,0
2022-08-09 21:45,103,41,62,0,0,0
2022-08-09 22:00,85,35,50,0,0,0
2022-08-09 22:15,71,18,53,0,0,0
2022-08-09 22:30,67,22,45,0,0,0
2022-08-09 22:45,86,28,58,0,0,0
2022-08-09 23:00,59,18,41,0,0,0
2022-08-09 23:15,52,20,32,0,0,0
2022-08-09 23:30,122,25,97,0,0,0
2022-08-09 23:45,97,17,80,0,0,0
2022-08-10 00:00,23,5,18,0,0,0
2022-08-10 00:15,33,10,23,0,0,0
2022-08-10 00:30,19,4,15,0,0,0
2022-08-10 00:45,23,6,17,0,0,0
2022-08-10 01:00,12,6,6,0,0,0
2022-08-10 01:15,23,7,16,0,0,0
2022-08-10 01:30,22,2,20,0,0,0
2022-08-10 01:45,20,5,15,0,0,0
2022-08-10 02:00,7,1,6,0,0,0
2022-08-10 02:15,1,1,0,0,0,0
2022-08-10 02:30,4,1,3,0,0,0
2022-08-10 02:45,10,3,7,0,0,0
2022-08-10 03:00,1,1,0,0,0,0
2022-08-10 03:15,6,5,1,0,0,0
2022-08-10 03:30,3,2,1,0,0,0
2022-08-10 03:45,1,1,0,0,0,0
2022-08-10 04:00,0,0,0,0,0,0
2022-08-10 04:15,4,2,2,0,0,0
2022-08-10 04:30,6,2,4,0,0,0
2022-08-10 04:45,11,4,7,0,0,0
2022-08-10 05:00,5,4,1,0,0,0
2022-08-10 05:15,11,10,1,0,0,0
2022-08-10 05:30,21,17,4,0,0,0
2022-08-10 05:45,31,24,7,0,0,0
2022-08-10 06:00,40,25,15,0,0,0
2022-08-10 06:15,59,41,18,0,0,0
2022-08-10 06:30,78,39,39,0,0,0
2022-08-10 06:45,103,72,31,0,0,0
2022-08-10 07:00,130,90,40,0,0,0
2022-08-10 07:15,220,162,58,0,0,0
2022-08-10 07:30,326,232,94,0,0,0
2022-08-10 07:45,307,185,122,0,0,0
2022-08-10 08:00,211,110,101,0,0,0
2022-08-10 08:15,221,145,76,0,0,0
2022-08-10 08:30,183,101,82,0,0,0
2022-08-10 08:45,269,149,120,0,0,0
2022-08-10 09:00,194,123,71,0,0,0
2022-08-10 09:15,167,105,62,0,0,0
2022-08-10 09:30,221,160,61,0,0,0
2022-08-10 09:45,224,147,77,0,0,0
2022-08-10 10:00,133,92,41,0,0,0
2022-08-10 10:15,160,97,63,0,0,0
2022-08-10 10:30,151,79,72,0,0,0
2022-08-10 10:45,155,100,55,0,0,0
2022-08-10 11:00,124,80,44,0,0,0
2022-08-10 11:15,146,69,77,0,0,0
2022-08-10 11:30,176,92,84,0,0,0
2022-08-10 11:45,165,76,89,0,0,0
2022-08-10 12:00,177,87,90,0,0,0
2022-08-10 12:15,152,84,68,0,0,0
2022-08-10 12:30,206,100,106,0,0,0
2022-08-10 12:45,202,97,105,0,0,0
2022-08-10 13:00,266,100,166,0,0,0
2022-08-10 13:15,258,85,173,0,0,0
2022-08-10 13:30,224,101,123,0,0,0
2022-08-10 13:45,228,85,143,0,0,0
2022-08-10 14:00,193,88,105,0,0,0
2022-08-10 14:15,189,82,107,0,0,0
2022-08-10 14:30,202,102,100,0,0,0
2022-08-10 14:45,217,111,106,0,0,0
2022-08-10 15:00,181,77,104,0,0,0
2022-08-10 15:15,201,91,110,0,0,0
2022-08-10 15:30,195,99,96,0,0,0
2022-08-10 15:45,258,130,128,0,0,0
2022-08-10 16:00,219,100,119,0,0,0
2022-08-10 16:15,242,117,125,0,0,0
2022-08-10 16:30,239,105,134,0,0,0
2022-08-10 16:45,248,136,112,0,0,0
2022-08-10 17:00,259,128,131,0,0,0
2022-08-10 17:15,299,141,158,0,0,0
2022-08-10 17:30,294,156,138,0,0,0
2022-08-10 17:45,311,166,145,0,0,0
2022-08-10 18:00,275,136,139,0,0,0
2022-08-10 18:15,266,133,133,0,0,0
2022-08-10 18:30,300,139,161,0,0,0
2022-08-10 18:45,243,127,116,0,0,0
2022-08-10 19:00,261,120,141,0,0,0
2022-08-10 19:15,219,132,87,0,0,0
2022-08-10 19:30,200,94,106,0,0,0
2022-08-10 19:45,195,111,84,0,0,0
2022-08-10 20:00,193,91,102,0,0,0
2022-08-10 20:15,193,103,90,0,0,0
2022-08-10 20:30,124,68,56,0,0,0
2022-08-10 20:45,161,77,84,0,0,0
2022-08-10 21:00,147,69,78,0,0,0
2022-08-10 21:15,114,46,68,0,0,0
2022-08-10 21:30,101,44,57,0,0,0
2022-08-10 21:45,104,40,64,0,0,0
2022-08-10 22:00,145,46,99,0,0,0
2022-08-10 22:15,112,43,69,0,0,0
2022-08-10 22:30,84,28,56,0,0,0
2022-08-10 22:45,102,35,67,0,0,0
2022-08-10 23:00,70,18,52,0,0,0
2022-08-10 23:15,60,15,45,0,0,0
2022-08-10 23:30,64,21,43,0,0,0
2022-08-10 23:45,87,23,64,0,0,0
2022-08-11 00:00,109,32,77,0,0,0
2022-08-11 00:15,62,20,42,0,0,0
2022-08-11 00:30,37,5,32,0,0,0
2022-08-11 00:45,30,13,17,0,0,0
2022-08-11 01:00,27,2,25,0,0,0
2022-08-11 01:15,15,4,11,0,0,0
2022-08-11 01:30,15,6,9,0,0,0
2022-08-11 01:45,30,9,21,0,0,0
2022-08-11 02:00,32,7,25,0,0,0
2022-08-11 02:15,13,2,11,0,0,0
2022-08-11 02:30,16,3,13,0,0,0
2022-08-11 02:45,20,6,14,0,0,0
2022-08-11 03:00,25,8,17,0,0,0
2022-08-11 03:15,13,0,13,0,0,0
2022-08-11 03:30,13,4,9,0,0,0
2022-08-11 03:45,11,6,5,0,0,0
2022-08-11 04:00,13,1,12,0,0,0
2022-08-11 04:15,12,4,8,0,0,0
2022-08-11 04:30,8,2,6,0,0,0
2022-08-11 04:45,13,5,8,0,0,0
2022-08-11 05:00,10,8,2,0,0,0
2022-08-11 05:15,9,6,3,0,0,0
2022-08-11 05:30,20,15,5,0,0,0
2022-08-11 05:45,26,17,9,0,0,0
2022-08-11 06:00,37,25,12,0,0,0
2022-08-11 06:15,54,43,11,0,0,0
2022-08-11 06:30,64,38,26,0,0,0
2022-08-11 06:45,113,83,30,0,0,0
2022-08-11 07:00,98,71,27,0,0,0
2022-08-11 07:15,218,161,57,0,0,0
2022-08-11 07:30,374,277,97,0,0,0
2022-08-11 07:45,298,166,132,0,0,0
2022-08-11 08:00,222,142,80,0,0,0
2022-08-11 08:15,205,135,70,0,0,0
2022-08-11 08:30,214,132,82,0,0,0
2022-08-11 08:45,221,139,82,0,0,0
2022-08-11 09:00,159,93,66,0,0,0
2022-08-11 09:15,172,92,80,0,0,0
2022-08-11 09:30,146,99,47,0,0,0
2022-08-11 09:45,158,105,53,0,0,0
2022-08-11 10:00,123,73,50,0,0,0
2022-08-11 10:15,126,71,55,0,0,0
2022-08-11 10:30,150,88,62,0,0,0
2022-08-11 10:45,146,87,59,0,0,0
2022-08-11 11:00,138,68,70,0,0,0
2022-08-11 11:15,137,60,77,0,0,0
2022-08-11 11:30,139,61,78,0,0,0
2022-08-11 11:45,140,61,79,0,0,0
2022-08-11 12:00,158,79,79,0,0,0
2022-08-11 12:15,157,74,83,0,0,0
2022-08-11 12:30,158,67,91,0,0,0
2022-08-11 12:45,187,89,98,0,0,0
2022-08-11 13:00,239,87,152,0,0,0
2022-08-11 13:15,230,83,147,0,0,0
2022-08-11 13:30,183,78,105,0,0,0
2022-08-11 13:45,186,91,95,0,0,0
2022-08-11 14:00,183,68,115,0,0,0
2022-08-11 14:15,178,89,89,0,0,0
2022-08-11 14:30,156,80,76,0,0,0
2022-08-11 14:45,207,103,104,0,0,0
2022-08-11 15:00,164,77,87,0,0,0
2022-08-11 15:15,181,88,93,0,0,0
2022-08-11 15:30,191,88,103,0,0,0
2022-08-11 15:45,202,111,91,0,0,0
2022-08-11 16:00,218,101,117,0,0,0
2022-08-11 16:15,252,133,119,0,0,0
2022-08-11 16:30,212,105,107,0,0,0
2022-08-11 16:45,236,122,114,0,0,0
2022-08-11 17:00,226,110,116,0,0,0
2022-08-11 17:15,261,121,140,0,0,0
2022-08-11 17:30,246,125,121,0,0,0
2022-08-11 17:45,302,159,143,0,0,0
2022-08-11 18:00,264,132,132,0,0,0
2022-08-11 18:15,252,125,127,0,0,0
2022-08-11 18:30,255,124,131,0,0,0
2022-08-11 18:45,231,125,106,0,0,0
2022-08-11 19:00,212,104,108,0,0,0
2022-08-11 19:15,212,127,85,0,0,0
2022-08-11 19:30,202,94,108,0,0,0
2022-08-11 19:45,222,123,99,0,0,0
2022-08-11 20:00,175,101,74,0,0,0
2022-08-11 20:15,166,87,79,0,0,0
2022-08-11 20:30,120,63,57,0,0,0
2022-08-11 20:45,148,63,85,0,0,0
2022-08-11 21:00,139,62,77,0,0,0
2022-08-11 21:15,103,42,61,0,0,0
2022-08-11 21:30,95,30,65,0,0,0
2022-08-11 21:45,104,38,66,0,0,0
2022-08-11 22:00,86,34,52,0,0,0
2022-08-11 22:15,94,39,55,0,0,0
2022-08-11 22:30,99,25,74,0,0,0
2022-08-11 22:45,78,15,63,0,0,0
2022-08-11 23:00,102,25,77,0,0,0
2022-08-11 23:15,80,14,66,0,0,0
2022-08-11 23:30,43,17,26,0,0,0
2022-08-11 23:45,107,16,91,0,0,0
2022-08-12 00:00,53,5,48,0,0,0
2022-08-12 00:15,16,7,9,0,0,0
2022-08-12 00:30,24,4,20,0,0,0
2022-08-12 00:45,28,8,20,0,0,0
2022-08-12 01:00,13,6,7,0,0,0
2022-08-12 01:15,17,5,12,0,0,0
2022-08-12 01:30,18,2,16,0,0,0
2022-08-12 01:45,8,4,4,0,0,0
2022-08-12 02:00,12,5,7,0,0,0
2022-08-12 02:15,5,0,5,0,0,0
2022-08-12 02:30,9,1,8,0,0,0
2022-08-12 02:45,9,3,6,0,0,0
2022-08-12 03:00,5,1,4,0,0,0
2022-08-12 03:15,4,2,2,0,0,0
2022-08-12 03:30,0,0,0,0,0,0
2022-08-12 03:45,3,3,0,0,0,0
2022-08-12 04:00,8,3,5,0,0,0
2022-08-12 04:15,9,3,6,0,0,0
2022-08-12 04:30,4,1,3,0,0,0
2022-08-12 04:45,9,3,6,0,0,0
2022-08-12 05:00,6,5,1,0,0,0
2022-08-12 05:15,13,12,1,0,0,0
2022-08-12 05:30,19,15,4,0,0,0
2022-08-12 05:45,22,14,8,0,0,0
2022-08-12 06:00,35,25,10,0,0,0
2022-08-12 06:15,40,30,10,0,0,0
2022-08-12 06:30,79,50,29,0,0,0
2022-08-12 06:45,105,67,38,0,0,0
2022-08-12 07:00,104,71,33,0,0,0
2022-08-12 07:15,203,139,64,0,0,0
2022-08-12 07:30,352,267,85,0,0,0
2022-08-12 07:45,227,131,96,0,0,0
2022-08-12 08:00,194,113,81,0,0,0
2022-08-12 08:15,197,125,72,0,0,0
2022-08-12 08:30,158,91,67,0,0,0
2022-08-12 08:45,230,138,92,0,0,0
2022-08-12 09:00,149,93,56,0,0,0
2022-08-12 09:15,147,94,53,0,0,0
2022-08-12 09:30,139,84,55,0,0,0
2022-08-12 09:45,166,110,56,0,0,0
2022-08-12 10:00,125,66,59,0,0,0
2022-08-12 10:15,145,65,80,0,0,0
2022-08-12 10:30,126,77,49,0,0,0
2022-08-12 10:45,130,66,64,0,0,0
2022-08-12 11:00,143,73,70,0,0,0
2022-08-12 11:15,142,68,74,0,0,0
2022-08-12 11:30,144,56,88,0,0,0
2022-08-12 11:45,134,73,61,0,0,0
2022-08-12 12:00,153,82,71,0,0,0
2022-08-12 12:15,161,81,80,0,0,0
2022-08-12 12:30,181,86,95,0,0,0
2022-08-12 12:45,221,102,119,0,0,0
2022-08-12 13:00,245,85,160,0,0,0
2022-08-12 13:15,220,90,130,0,0,0
2022-08-12 13:30,175,78,97,0,0,0
2022-08-12 13:45,188,97,91,0,0,0
2022-08-12 14:00,230,109,121,0,0,0
2022-08-12 14:15,178,75,103,0,0,0
2022-08-12 14:30,183,86,97,0,0,0
2022-08-12 14:45,192,92,100,0,0,0
2022-08-12 15:00,216,111,105,0,0,0
2022-08-12 15:15,165,80,85,0,0,0
2022-08-12 15:30,159,68,91,0,0,0
2022-08-12 15:45,191,98,93,0,0,0
2022-08-12 16:00,173,87,86,0,0,0
2022-08-12 16:15,180,88,92,0,0,0
2022-08-12 16:30,173,93,80,0,0,0
2022-08-12 16:45,178,80,98,0,0,0
2022-08-12 17:00,187,91,96,0,0,0
2022-08-12 17:15,200,116,84,0,0,0
2022-08-12 17:30,194,116,78,0,0,0
2022-08-12 17:45,206,106,100,0,0,0
2022-08-12 18:00,179,95,84,0,0,0
2022-08-12 18:15,179,93,86,0,0,0
2022-08-12 18:30,156,68,88,0,0,0
2022-08-12 18:45,206,117,89,0,0,0
2022-08-12 19:00,170,88,82,0,0,0
2022-08-12 19:15,165,99,66,0,0,0
2022-08-12 19:30,165,91,74,0,0,0
2022-08-12 19:45,191,92,99,0,0,0
2022-08-12 20:00,189,114,75,0,0,0
2022-08-12 20:15,146,67,79,0,0,0
2022-08-12 20:30,143,80,63,0,0,0
2022-08-12 20:45,128,58,70,0,0,0
2022-08-12 21:00,95,48,47,0,0,0
2022-08-12 21:15,126,45,81,0,0,0
2022-08-12 21:30,80,41,39,0,0,0
2022-08-12 21:45,81,33,48,0,0,0
2022-08-12 22:00,95,40,55,0,0,0
2022-08-12 22:15,105,44,61,0,0,0
2022-08-12 22:30,80,28,52,0,0,0
2022-08-12 22:45,72,26,46,0,0,0
2022-08-12 23:00,75,35,40,0,0,0
2022-08-12 23:15,76,23,53,0,0,0
2022-08-12 23:30,71,21,50,0,0,0
2022-08-12 23:45,81,38,43,0,0,0
2022-08-13 00:00,137,28,109,0,0,0
2022-08-13 00:15,85,17,68,0,0,0
2022-08-13 00:30,78,35,43,0,0,0
2022-08-13 00:45,44,17,27,0,0,0
2022-08-13 01:00,52,20,32,0,0,0
2022-08-13 01:15,52,22,30,0,0,0
2022-08-13 01:30,51,14,37,0,0,0
2022-08-13 01:45,44,18,26,0,0,0
2022-08-13 02:00,43,7,36,0,0,0
2022-08-13 02:15,32,11,21,0,0,0
2022-08-13 02:30,25,5,20,0,0,0
2022-08-13 02:45,31,4,27,0,0,0
2022-08-13 03:00,32,12,20,0,0,0
2022-08-13 03:15,27,8,19,0,0,0
2022-08-13 03:30,25,6,19,0,0,0
2022-08-13 03:45,22,4,18,0,0,0
2022-08-13 04:00,13,3,10,0,0,0
2022-08-13 04:15,18,5,13,0,0,0
2022-08-13 04:30,9,5,4,0,0,0
2022-08-13 04:45,12,4,8,0,0,0
2022-08-13 05:00,11,5,6,0,0,0
2022-08-13 05:15,17,8,9,0,0,0
2022-08-13 05:30,14,8,6,0,0,0
2022-08-13 05:45,19,13,6,0,0,0
2022-08-13 06:00,16,4,12,0,0,0
2022-08-13 06:15,19,9,10,0,0,0
2022-08-13 06:30,18,11,7,0,0,0
2022-08-13 06:45,16,6,10,0,0,0
2022-08-13 07:00,37,27,10,0,0,0
2022-08-13 07:15,22,15,7,0,0,0
2022-08-13 07:30,25,15,10,0,0,0
2022-08-13 07:45,41,29,12,0,0,0
2022-08-13 08:00,41,23,18,0,0,0
2022-08-13 08:15,53,30,23,0,0,0
2022-08-13 08:30,57,48,9,0,0,0
2022-08-13 08:45,83,56,27,0,0,0
2022-08-13 09:00,58,34,24,0,0,0
2022-08-13 09:15,87,59,28,0,0,0
2022-08-13 09:30,100,69,31,0,0,0
2022-08-13 09:45,156,106,50,0,0,0
2022-08-13 10:00,118,72,46,0,0,0
2022-08-13 10:15,118,72,46,0,0,0
2022-08-13 10:30,135,95,40,0,0,0
2022-08-13 10:45,126,87,39,0,0,0
2022-08-13 11:00,126,84,42,0,0,0
2022-08-13 11:15,137,90,47,0,0,0
2022-08-13 11:30,145,85,60,0,0,0
2022-08-13 11:45,140,88,52,0,0,0
2022-08-13 12:00,164,84,80,0,0,0
2022-08-13 12:15,148,86,62,0,0,0
2022-08-13 12:30,151,91,60,0,0,0
2022-08-13 12:45,152,85,67,0,0,0
2022-08-13 13:00,159,83,76,0,0,0
2022-08-13 13:15,140,66,74,0,0,0
2022-08-13 13:30,136,75,61,0,0,0
2022-08-13 13:45,159,85,74,0,0,0
2022-08-13 14:00,152,69,83,0,0,0
2022-08-13 14:15,136,72,64,0,0,0
2022-08-13 14:30,148,71,77,0,0,0
2022-08-13 14:45,156,75,81,0,0,0
2022-08-13 15:00,157,74,83,0,0,0
2022-08-13 15:15,130,72,58,0,0,0
2022-08-13 15:30,132,72,60,0,0,0
2022-08-13 15:45,135,52,83,0,0,0
2022-08-13 16:00,140,65,75,0,0,0
2022-08-13 16:15,131,60,71,0,0,0
2022-08-13 16:30,135,77,58,0,0,0
2022-08-13 16:45,122,61,61,0,0,0
2022-08-13 17:00,109,39,70,0,0,0
2022-08-13 17:15,130,59,71,0,0,0
2022-08-13 17:30,114,65,49,0,0,0
2022-08-13 17:45,134,63,71,0,0,0
2022-08-13 18:00,147,67,80,0,0,0
2022-08-13 18:15,115,65,50,0,0,0
2022-08-13 18:30,124,65,59,0,0,0
2022-08-13 18:45,142,71,71,0,0,0
2022-08-13 19:00,117,68,49,0,0,0
2022-08-13 19:15,128,63,65,0,0,0
2022-08-13 19:30,123,53,70,0,0,0
2022-08-13 19:45,142,59,83,0,0,0
2022-08-13 20:00,101,59,42,0,0,0
2022-08-13 20:15,106,69,37,0,0,0
2022-08-13 20:30,96,46,50,0,0,0
2022-08-13 20:45,114,67,47,0,0,0
2022-08-13 21:00,92,42,50,0,0,0
2022-08-13 21:15,63,28,35,0,0,0
2022-08-13 21:30,88,47,41,0,0,0
2022-08-13 21:45,71,37,34,0,0,0
2022-08-13 22:00,83,40,43,0,0,0
2022-08-13 22:15,85,21,64,0,0,0
2022-08-13 22:30,62,35,27,0,0,0
2022-08-13 22:45,67,19,48,0,0,0
2022-08-13 23:00,75,20,55,0,0,0
2022-08-13 23:15,71,29,42,0,0,0
2022-08-13 23:30,57,20,37,0,0,0
2022-08-13 23:45,110,23,87,0,0,0
2022-08-14 00:00,50,13,37,0,0,0
2022-08-14 00:15,55,24,31,0,0,0
2022-08-14 00:30,62,33,29,0,0,0
2022-08-14 00:45,40,21,19,0,0,0
2022-08-14 01:00,46,19,27,0,0,0
2022-08-14 01:15,57,15,42,0,0,0
2022-08-14 01:30,40,15,25,0,0,0
2022-08-14 01:45,47,19,28,0,0,0
2022-08-14 02:00,45,6,39,0,0,0
2022-08-14 02:15,35,10,25,0,0,0
2022-08-14 02:30,12,4,8,0,0,0
2022-08-14 02:45,27,8,19,0,0,0
2022-08-14 03:00,52,10,42,0,0,0
2022-08-14 03:15,26,13,13,0,0,0
2022-08-14 03:30,21,2,19,0,0,0
2022-08-14 03:45,21,1,20,0,0,0
2022-08-14 04:00,18,6,12,0,0,0
2022-08-14 04:15,21,3,18,0,0,0
2022-08-14 04:30,27,4,23,0,0,0
2022-08-14 04:45,15,6,9,0,0,0
2022-08-14 05:00,16,0,16,0,0,0
2022-08-14 05:15,6,3,3,0,0,0
2022-08-14 05:30,14,8,6,0,0,0
2022-08-14 05:45,12,6,6,0,0,0
2022-08-14 06:00,11,5,6,0,0,0
2022-08-14 06:15,7,1,6,0,0,0
2022-08-14 06:30,12,7,5,0,0,0
2022-08-14 06:45,5,2,3,0,0,0
2022-08-14 07:00,14,7,7,0,0,0
2022-08-14 07:15,14,5,9,0,0,0
2022-08-14 07:30,14,6,8,0,0,0
2022-08-14 07:45,15,7,8,0,0,0
2022-08-14 08:00,17,12,5,0,0,0
2022-08-14 08:15,19,11,8,0,0,0
2022-08-14 08:30,21,15,6,0,0,0
2022-08-14 08:45,31,21,10,0,0,0
2022-08-14 09:00,45,15,30,0,0,0
2022-08-14 09:15,57,31,26,0,0,0
2022-08-14 09:30,75,36,39,0,0,0
2022-08-14 09:45,81,40,41,0,0,0
2022-08-14 10:00,75,49,26,0,0,0
2022-08-14 10:15,68,42,26,0,0,0
2022-08-14 10:30,84,39,45,0,0,0
2022-08-14 10:45,106,55,51,0,0,0
2022-08-14 11:00,74,35,39,0,0,0
2022-08-14 11:15,54,30,24,0,0,0
2022-08-14 11:30,56,31,25,0,0,0
2022-08-14 11:45,102,55,47,0,0,0
2022-08-14 12:00,96,52,44,0,0,0
2022-08-14 12:15,81,40,41,0,0,0
2022-08-14 12:30,106,52,54,0,0,0
2022-08-14 12:45,99,43,56,0,0,0
2022-08-14 13:00,78,38,40,0,0,0
2022-08-14 13:15,79,40,39,0,0,0
2022-08-14 13:30,117,66,51,0,0,0
2022-08-14 13:45,117,64,53,0,0,0
2022-08-14 14:00,84,54,30,0,0,0
2022-08-14 14:15,108,60,48,0,0,0
2022-08-14 14:30,111,50,61,0,0,0
2022-08-14 14:45,112,73,39,0,0,0
2022-08-14 15:00,115,62,53,0,0,0
2022-08-14 15:15,97,56,41,0,0,0
2022-08-14 15:30,91,61,30,0,0,0
2022-08-14 15:45,98,63,35,0,0,0
2022-08-14 16:00,102,56,46,0,0,0
2022-08-14 16:15,119,62,57,0,0,0
2022-08-14 16:30,114,72,42,0,0,0
2022-08-14 16:45,115,60,55,0,0,0
2022-08-14 17:00,83,47,36,0,0,0
2022-08-14 17:15,108,61,47,0,0,0
2022-08-14 17:30,110,53,57,0,0,0
2022-08-14 17:45,102,52,50,0,0,0
2022-08-14 18:00,116,56,60,0,0,0
2022-08-14 18:15,138,77,61,0,0,0
2022-08-14 18:30,110,46,64,0,0,0
2022-08-14 18:45,140,68,72,0,0,0
2022-08-14 19:00,111,55,56,0,0,0
2022-08-14 19:15,99,41,58,0,0,0
2022-08-14 19:30,110,59,51,0,0,0
2022-08-14 19:45,142,81,61,0,0,0
2022-08-14 20:00,120,65,55,0,0,0
2022-08-14 20:15,102,46,56,0,0,0
2022-08-14 20:30,95,48,47,0,0,0
2022-08-14 20:45,87,45,42,0,0,0
2022-08-14 21:00,80,38,42,0,0,0
2022-08-14 21:15,68,35,33,0,0,0
2022-08-14 21:30,74,28,46,0,0,0
2022-08-14 21:45,64,16,48,0,0,0
2022-08-14 22:00,38,8,30,0,0,0
2022-08-14 22:15,61,16,45,0,0,0
2022-08-14 22:30,60,17,43,0,0,0
2022-08-14 22:45,44,17,27,0,0,0
2022-08-14 23:00,55,14,41,0,0,0
2022-08-14 23:15,71,20,51,0,0,0
2022-08-14 23:30,36,8,28,0,0,0
2022-08-14 23:45,16,7,9,0,0,0
2022-08-15 00:00,8,1,7,0,0,0
2022-08-15 00:15,11,1,10,0,0,0
2022-08-15 00:30,12,2,10,0,0,0
2022-08-15 00:45,7,0,7,0,0,0
2022-08-15 01:00,3,1,2,0,0,0
2022-08-15 01:15,2,0,2,0,0,0
2022-08-15 01:30,5,3,2,0,0,0
2022-08-15 01:45,1,0,1,0,0,0
2022-08-15 02:00,3,1,2,0,0,0
2022-08-15 02:15,3,1,2,0,0,0
2022-08-15 02:30,3,1,2,0,0,0
2022-08-15 02:45,1,1,0,0,0,0
2022-08-15 03:00,1,1,0,0,0,0
2022-08-15 03:15,2,0,2,0,0,0
2022-08-15 03:30,0,0,0,0,0,0
2022-08-15 03:45,0,0,0,0,0,0
2022-08-15 04:00,2,2,0,0,0,0
2022-08-15 04:15,3,1,2,0,0,0
2022-08-15 04:30,10,5,5,0,0,0
2022-08-15 04:45,8,4,4,0,0,0
2022-08-15 05:00,6,4,2,0,0,0
2022-08-15 05:15,21,14,7,0,0,0
2022-08-15 05:30,30,19,11,0,0,0
2022-08-15 05:45,27,19,8,0,0,0
2022-08-15 06:00,37,30,7,0,0,0
2022-08-15 06:15,51,34,17,0,0,0
2022-08-15 06:30,73,45,28,0,0,0
2022-08-15 06:45,77,54,23,0,0,0
2022-08-15 07:00,120,88,32,0,0,0
2022-08-15 07:15,234,171,63,0,0,0
2022-08-15 07:30,413,314,99,0,0,0
2022-08-15 07:45,337,196,141,0,0,0
2022-08-15 08:00,237,122,115,0,0,0
2022-08-15 08:15,216,133,83,0,0,0
2022-08-15 08:30,211,124,87,0,0,0
2022-08-15 08:45,198,125,73,0,0,0
2022-08-15 09:00,150,92,58,0,0,0
2022-08-15 09:15,132,78,54,0,0,0
2022-08-15 09:30,142,74,68,0,0,0
2022-08-15 09:45,155,71,84,0,0,0
2022-08-15 10:00,111,66,45,0,0,0
2022-08-15 10:15,129,78,51,0,0,0
2022-08-15 10:30,111,65,46,0,0,0
2022-08-15 10:45,130,72,58,0,0,0
2022-08-15 11:00,124,68,56,0,0,0
2022-08-15 11:15,132,62,70,0,0,0
2022-08-15 11:30,131,70,61,0,0,0
2022-08-15 11:45,136,71,65,0,0,0
2022-08-15 12:00,161,73,88,0,0,0
2022-08-15 12:15,192,96,96,0,0,0
2022-08-15 12:30,186,84,102,0,0,0
2022-08-15 12:45,162,84,78,0,0,0
2022-08-15 13:00,202,93,109,0,0,0
2022-08-15 13:15,162,70,92,0,0,0
2022-08-15 13:30,142,63,79,0,0,0
2022-08-15 13:45,195,100,95,0,0,0
2022-08-15 14:00,203,85,118,0,0,0
2022-08-15 14:15,179,94,85,0,0,0
2022-08-15 14:30,183,87,96,0,0,0
2022-08-15 14:45,166,80,86,0,0,0
2022-08-15 15:00,201,82,119,0,0,0
2022-08-15 15:15,162,80,82,0,0,0
2022-08-15 15:30,258,87,171,0,0,0
2022-08-15 15:45,214,103,111,0,0,0
2022-08-15 16:00,223,116,107,0,0,0
2022-08-15 16:15,245,128,117,0,0,0
2022-08-15 16:30,249,131,118,0,0,0
2022-08-15 16:45,258,129,129,0,0,0
2022-08-15 17:00,249,103,146,0,0,0
2022-08-15 17:15,262,135,127,0,0,0
2022-08-15 17:30,234,113,121,0,0,0
2022-08-15 17:45,266,126,140,0,0,0
2022-08-15 18:00,266,106,160,0,0,0
2022-08-15 18:15,228,91,137,0,0,0
2022-08-15 18:30,207,90,117,0,0,0
2022-08-15 18:45,183,78,105,0,0,0
2022-08-15 19:00,173,68,105,0,0,0
2022-08-15 19:15,177,89,88,0,0,0
2022-08-15 19:30,124,57,67,0,0,0
2022-08-15 19:45,133,56,77,0,0,0
2022-08-15 20:00,149,65,84,0,0,0
2022-08-15 20:15,121,60,61,0,0,0
2022-08-15 20:30,117,43,74,0,0,0
2022-08-15 20:45,94,46,48,0,0,0
2022-08-15 21:00,107,53,54,0,0,0
2022-08-15 21:15,99,40,59,0,0,0
2022-08-15 21:30,87,31,56,0,0,0
2022-08-15 21:45,69,23,46,0,0,0
2022-08-15 22:00,71,30,41,0,0,0
2022-08-15 22:15,51,21,30,0,0,0
2022-08-15 22:30,57,19,38,0,0,0
2022-08-15 22:45,37,11,26,0,0,0
2022-08-15 23:00,41,13,28,0,0,0
2022-08-15 23:15,49,20,29,0,0,0
2022-08-15 23:30,26,6,20,0,0,0
2022-08-15 23:45,21,5,16,0,0,0
2022-08-16 00:00,13,3,10,0,0,0
2022-08-16 00:15,28,10,18,0,0,0
2022-08-16 00:30,11,2,9,0,0,0
2022-08-16 00:45,17,6,11,0,0,0
2022-08-16 01:00,20,3,17,0,0,0
2022-08-16 01:15,15,4,11,0,0,0
2022-08-16 01:30,8,1,7,0,0,0
2022-08-16 01:45,21,8,13,0,0,0
2022-08-16 02:00,3,2,1,0,0,0
2022-08-16 02:15,10,6,4,0,0,0
2022-08-16 02:30,0,0,0,0,0,0
2022-08-16 02:45,5,3,2,0,0,0
2022-08-16 03:00,6,1,5,0,0,0
2022-08-16 03:15,7,1,6,0,0,0
2022-08-16 03:30,3,0,3,0,0,0
2022-08-16 03:45,8,2,6,0,0,0
2022-08-16 04:00,3,2,1,0,0,0
2022-08-16 04:15,6,3,3,0,0,0
2022-08-16 04:30,9,6,3,0,0,0
2022-08-16 04:45,9,5,4,0,0,0
2022-08-16 05:00,8,8,0,0,0,0
2022-08-16 05:15,9,6,3,0,0,0
2022-08-16 05:30,29,18,11,0,0,0
2022-08-16 05:45,39,28,11,0,0,0
2022-08-16 06:00,47,39,8,0,0,0
2022-08-16 06:15,58,41,17,0,0,0
2022-08-16 06:30,95,57,38,0,0,0
2022-08-16 06:45,106,66,40,0,0,0
2022-08-16 07:00,125,84,41,0,0,0
2022-08-16 07:15,213,146,67,0,0,0
2022-08-16 07:30,397,304,93,0,0,0
2022-08-16 07:45,376,203,173,0,0,0
2022-08-16 08:00,245,119,126,0,0,0
2022-08-16 08:15,217,135,82,0,0,0
2022-08-16 08:30,220,129,91,0,0,0
2022-08-16 08:45,268,161,107,0,0,0
2022-08-16 09:00,181,115,66,0,0,0
2022-08-16 09:15,181,115,66,0,0,0
2022-08-16 09:30,135,75,60,0,0,0
2022-08-16 09:45,179,112,67,0,0,0
2022-08-16 10:00,131,68,63,0,0,0
2022-08-16 10:15,123,78,45,0,0,0
2022-08-16 10:30,120,73,47,0,0,0
2022-08-16 10:45,156,74,82,0,0,0
2022-08-16 11:00,165,69,96,0,0,0
2022-08-16 11:15,132,72,60,0,0,0
2022-08-16 11:30,128,59,69,0,0,0
2022-08-16 11:45,131,71,60,0,0,0
2022-08-16 12:00,165,91,74,0,0,0
2022-08-16 12:15,176,96,80,0,0,0
2022-08-16 12:30,150,71,79,0,0,0
2022-08-16 12:45,186,92,94,0,0,0
2022-08-16 13:00,256,86,170,0,0,0
2022-08-16 13:15,227,98,129,0,0,0
2022-08-16 13:30,183,89,94,0,0,0
2022-08-16 13:45,181,84,97,0,0,0
2022-08-16 14:00,172,71,101,0,0,0
2022-08-16 14:15,187,93,94,0,0,0
2022-08-16 14:30,206,105,101,0,0,0
2022-08-16 14:45,235,101,134,0,0,0
2022-08-16 15:00,187,77,110,0,0,0
2022-08-16 15:15,207,105,102,0,0,0
2022-08-16 15:30,193,81,112,0,0,0
2022-08-16 15:45,257,137,120,0,0,0
2022-08-16 16:00,251,128,123,0,0,0
2022-08-16 16:15,248,134,114,0,0,0
2022-08-16 16:30,231,120,111,0,0,0
2022-08-16 16:45,240,121,119,0,0,0
2022-08-16 17:00,247,123,124,0,0,0
2022-08-16 17:15,251,108,143,0,0,0
2022-08-16 17:30,257,121,136,0,0,0
2022-08-16 17:45,302,137,165,0,0,0
2022-08-16 18:00,291,134,157,0,0,0
2022-08-16 18:15,257,135,122,0,0,0
2022-08-16 18:30,178,84,94,0,0,0
2022-08-16 18:45,240,112,128,0,0,0
2022-08-16 19:00,193,79,114,0,0,0
2022-08-16 19:15,194,92,102,0,0,0
2022-08-16 19:30,180,87,93,0,0,0
2022-08-16 19:45,168,83,85,0,0,0
2022-08-16 20:00,159,80,79,0,0,0
2022-08-16 20:15,135,67,68,0,0,0
2022-08-16 20:30,104,39,65,0,0,0
2022-08-16 20:45,106,39,67,0,0,0
2022-08-16 21:00,138,64,74,0,0,0
2022-08-16 21:15,100,40,60,0,0,0
2022-08-16 21:30,120,36,84,0,0,0
2022-08-16 21:45,101,52,49,0,0,0
2022-08-16 22:00,100,28,72,0,0,0
2022-08-16 22:15,77,24,53,0,0,0
2022-08-16 22:30,85,39,46,0,0,0
2022-08-16 22:45,71,17,54,0,0,0
2022-08-16 23:00,79,18,61,0,0,0
2022-08-16 23:15,51,15,36,0,0,0
2022-08-16 23:30,47,21,26,0,0,0
2022-08-16 23:45,30,12,18,0,0,0
2022-08-17 00:00,19,6,13,0,0,0
2022-08-17 00:15,39,8,31,0,0,0
2022-08-17 00:30,23,8,15,0,0,0
2022-08-17 00:45,16,8,8,0,0,0
2022-08-17 01:00,17,4,13,0,0,0
2022-08-17 01:15,5,3,2,0,0,0
2022-08-17 01:30,7,1,6,0,0,0
2022-08-17 01:45,4,2,2,0,0,0
2022-08-17 02:00,7,5,2,0,0,0
2022-08-17 02:15,2,0,2,0,0,0
2022-08-17 02:30,4,3,1,0,0,0
2022-08-17 02:45,4,3,1,0,0,0
2022-08-17 03:00,4,1,3,0,0,0
2022-08-17 03:15,1,0,1,0,0,0
2022-08-17 03:30,2,0,2,0,0,0
2022-08-17 03:45,3,3,0,0,0,0
2022-08-17 04:00,4,3,1,0,0,0
2022-08-17 04:15,5,2,3,0,0,0
2022-08-17 04:30,4,1,3,0,0,0
2022-08-17 04:45,10,7,3,0,0,0
2022-08-17 05:00,7,4,3,0,0,0
2022-08-17 05:15,15,12,3,0,0,0
2022-08-17 05:30,25,19,6,0,0,0
2022-08-17 05:45,26,20,6,0,0,0
2022-08-17 06:00,42,28,14,0,0,0
2022-08-17 06:15,51,32,19,0,0,0
2022-08-17 06:30,72,37,35,0,0,0
2022-08-17 06:45,103,73,30,0,0,0
2022-08-17 07:00,118,85,33,0,0,0
2022-08-17 07:15,206,155,51,0,0,0
2022-08-17 07:30,419,328,91,0,0,0
2022-08-17 07:45,354,203,151,0,0,0
2022-08-17 08:00,256,146,110,0,0,0
2022-08-17 08:15,222,135,87,0,0,0
2022-08-17 08:30,230,139,91,0,0,0
2022-08-17 08:45,238,152,86,0,0,0
2022-08-17 09:00,183,98,85,0,0,0
2022-08-17 09:15,144,94,50,0,0,0
2022-08-17 09:30,150,107,43,0,0,0
2022-08-17 09:45,187,117,70,0,0,0
2022-08-17 10:00,132,80,52,0,0,0
2022-08-17 10:15,125,80,45,0,0,0
2022-08-17 10:30,145,73,72,0,0,0
2022-08-17 10:45,169,89,80,0,0,0
2022-08-17 11:00,177,99,78,0,0,0
2022-08-17 11:15,159,76,83,0,0,0
2022-08-17 11:30,180,80,100,0,0,0
2022-08-17 11:45,167,78,89,0,0,0
2022-08-17 12:00,180,94,86,0,0,0
2022-08-17 12:15,196,90,106,0,0,0
2022-08-17 12:30,181,95,86,0,0,0
2022-08-17 12:45,199,94,105,0,0,0
2022-08-17 13:00,234,108,126,0,0,0
2022-08-17 13:15,219,86,133,0,0,0
2022-08-17 13:30,187,76,111,0,0,0
2022-08-17 13:45,218,109,109,0,0,0
2022-08-17 14:00,209,78,131,0,0,0
2022-08-17 14:15,191,84,107,0,0,0
2022-08-17 14:30,210,105,105,0,0,0
2022-08-17 14:45,189,92,97,0,0,0
2022-08-17 15:00,196,77,119,0,0,0
2022-08-17 15:15,196,89,107,0,0,0
2022-08-17 15:30,297,96,201,0,0,0
2022-08-17 15:45,230,102,128,0,0,0
2022-08-17 16:00,228,121,107,0,0,0
2022-08-17 16:15,218,89,129,0,0,0
2022-08-17 16:30,210,89,121,0,0,0
2022-08-17 16:45,234,101,133,0,0,0
2022-08-17 17:00,214,93,121,0,0,0
2022-08-17 17:15,285,147,138,0,0,0
2022-08-17 17:30,255,138,117,0,0,0
2022-08-17 17:45,301,133,168,0,0,0
2022-08-17 18:00,245,94,151,0,0,0
2022-08-17 18:15,224,104,120,0,0,0
2022-08-17 18:30,215,108,107,0,0,0
2022-08-17 18:45,233,118,115,0,0,0
2022-08-17 19:00,188,101,87,0,0,0
2022-08-17 19:15,180,79,101,0,0,0
2022-08-17 19:30,163,65,98,0,0,0
2022-08-17 19:45,173,94,79,0,0,0
2022-08-17 20:00,129,56,73,0,0,0
2022-08-17 20:15,149,73,76,0,0,0
2022-08-17 20:30,131,61,70,0,0,0
2022-08-17 20:45,98,45,53,0,0,0
2022-08-17 21:00,107,43,64,0,0,0
2022-08-17 21:15,82,41,41,0,0,0
2022-08-17 21:30,92,33,59,0,0,0
2022-08-17 21:45,100,30,70,0,0,0
2022-08-17 22:00,98,38,60,0,0,0
2022-08-17 22:15,110,54,56,0,0,0
2022-08-17 22:30,102,41,61,0,0,0
2022-08-17 22:45,69,28,41,0,0,0
2022-08-17 23:00,101,41,60,0,0,0
2022-08-17 23:15,56,27,29,0,0,0
2022-08-17 23:30,50,15,35,0,0,0
2022-08-17 23:45,48,25,23,0,0,0
2022-08-18 00:00,38,9,29,0,0,0
2022-08-18 00:15,37,14,23,0,0,0
2022-08-18 00:30,26,7,19,0,0,0
2022-08-18 00:45,40,11,29,0,0,0
2022-08-18 01:00,27,3,24,0,0,0
2022-08-18 01:15,33,9,24,0,0,0
2022-08-18 01:30,33,9,24,0,0,0
2022-08-18 01:45,42,9,33,0,0,0
2022-08-18 02:00,27,6,21,0,0,0
2022-08-18 02:15,25,2,23,0,0,0
2022-08-18 02:30,12,2,10,0,0,0
2022-08-18 02:45,25,0,25,0,0,0
2022-08-18 03:00,18,5,13,0,0,0
2022-08-18 03:15,21,2,19,0,0,0
2022-08-18 03:30,11,3,8,0,0,0
2022-08-18 03:45,12,2,10,0,0,0
2022-08-18 04:00,9,4,5,0,0,0
2022-08-18 04:15,13,5,8,0,0,0
2022-08-18 04:30,8,3,5,0,0,0
2022-08-18 04:45,13,7,6,0,0,0
2022-08-18 05:00,9,4,5,0,0,0
2022-08-18 05:15,18,15,3,0,0,0
2022-08-18 05:30,27,21,6,0,0,0
2022-08-18 05:45,33,19,14,0,0,0
2022-08-18 06:00,34,23,11,0,0,0
2022-08-18 06:15,51,39,12,0,0,0
2022-08-18 06:30,80,45,35,0,0,0
2022-08-18 06:45,96,72,24,0,0,0
2022-08-18 07:00,113,80,33,0,0,0
2022-08-18 07:15,211,146,65,0,0,0
2022-08-18 07:30,356,266,90,0,0,0
2022-08-18 07:45,357,222,135,0,0,0
2022-08-18 08:00,232,124,108,0,0,0
2022-08-18 08:15,209,130,79,0,0,0
2022-08-18 08:30,203,109,94,0,0,0
2022-08-18 08:45,207,121,86,0,0,0
2022-08-18 09:00,132,86,46,0,0,0
2022-08-18 09:15,154,101,53,0,0,0
2022-08-18 09:30,120,75,45,0,0,0
2022-08-18 09:45,139,87,52,0,0,0
2022-08-18 10:00,111,67,44,0,0,0
2022-08-18 10:15,121,71,50,0,0,0
2022-08-18 10:30,119,69,50,0,0,0
2022-08-18 10:45,136,77,59,0,0,0
2022-08-18 11:00,134,66,68,0,0,0
2022-08-18 11:15,136,69,67,0,0,0
2022-08-18 11:30,169,80,89,0,0,0
2022-08-18 11:45,171,88,83,0,0,0
2022-08-18 12:00,153,84,69,0,0,0
2022-08-18 12:15,211,109,102,0,0,0
2022-08-18 12:30,173,90,83,0,0,0
2022-08-18 12:45,165,88,77,0,0,0
2022-08-18 13:00,192,86,106,0,0,0
2022-08-18 13:15,208,100,108,0,0,0
2022-08-18 13:30,211,94,117,0,0,0
2022-08-18 13:45,177,79,98,0,0,0
2022-08-18 14:00,212,88,124,0,0,0
2022-08-18 14:15,197,108,89,0,0,0
2022-08-18 14:30,188,89,99,0,0,0
2022-08-18 14:45,221,113,108,0,0,0
2022-08-18 15:00,214,112,102,0,0,0
2022-08-18 15:15,195,91,104,0,0,0
2022-08-18 15:30,267,85,182,0,0,0
2022-08-18 15:45,236,109,127,0,0,0
2022-08-18 16:00,227,119,108,0,0,0
2022-08-18 16:15,272,134,138,0,0,0
2022-08-18 16:30,229,98,131,0,0,0
2022-08-18 16:45,271,133,138,0,0,0
2022-08-18 17:00,262,123,139,0,0,0
2022-08-18 17:15,260,110,150,0,0,0
2022-08-18 17:30,255,112,143,0,0,0
2022-08-18 17:45,332,147,185,0,0,0
2022-08-18 18:00,278,131,147,0,0,0
2022-08-18 18:15,244,125,119,0,0,0
2022-08-18 18:30,224,92,132,0,0,0
2022-08-18 18:45,248,135,113,0,0,0
2022-08-18 19:00,167,88,79,0,0,0
2022-08-18 19:15,182,79,103,0,0,0
2022-08-18 19:30,163,86,77,0,0,0
2022-08-18 19:45,153,74,79,0,0,0
2022-08-18 20:00,154,72,82,0,0,0
2022-08-18 20:15,148,77,71,0,0,0
2022-08-18 20:30,130,78,52,0,0,0
2022-08-18 20:45,107,59,48,0,0,0
2022-08-18 21:00,97,52,45,0,0,0
2022-08-18 21:15,109,51,58,0,0,0
2022-08-18 21:30,92,45,47,0,0,0
2022-08-18 21:45,96,27,69,0,0,0
2022-08-18 22:00,102,33,69,0,0,0
2022-08-18 22:15,106,37,69,0,0,0
2022-08-18 22:30,101,29,72,0,0,0
2022-08-18 22:45,52,14,38,0,0,0
2022-08-18 23:00,59,23,36,0,0,0
2022-08-18 23:15,59,14,45,0,0,0
2022-08-18 23:30,41,12,29,0,0,0
2022-08-18 23:45,75,35,40,0,0,0
2022-08-19 00:00,29,10,19,0,0,0
2022-08-19 00:15,36,12,24,0,0,0
2022-08-19 00:30,32,11,21,0,0,0
2022-08-19 00:45,17,6,11,0,0,0
2022-08-19 01:00,18,4,14,0,0,0
2022-08-19 01:15,30,1,29,0,0,0
2022-08-19 01:30,12,4,8,0,0,0
2022-08-19 01:45,13,1,12,0,0,0
2022-08-19 02:00,7,1,6,0,0,0
2022-08-19 02:15,21,2,19,0,0,0
2022-08-19 02:30,2,0,2,0,0,0
2022-08-19 02:45,2,1,1,0,0,0
2022-08-19 03:00,2,1,1,0,0,0
2022-08-19 03:15,5,2,3,0,0,0
2022-08-19 03:30,5,1,4,0,0,0
2022-08-19 03:45,2,1,1,0,0,0
2022-08-19 04:00,4,3,1,0,0,0
2022-08-19 04:15,3,1,2,0,0,0
2022-08-19 04:30,6,3,3,0,0,0
2022-08-19 04:45,11,5,6,0,0,0
2022-08-19 05:00,5,4,1,0,0,0
2022-08-19 05:15,11,8,3,0,0,0
2022-08-19 05:30,20,13,7,0,0,0
2022-08-19 05:45,24,19,5,0,0,0
2022-08-19 06:00,36,20,16,0,0,0
2022-08-19 06:15,46,32,14,0,0,0
2022-08-19 06:30,66,38,28,0,0,0
2022-08-19 06:45,94,62,32,0,0,0
2022-08-19 07:00,104,72,32,0,0,0
2022-08-19 07:15,170,131,39,0,0,0
2022-08-19 07:30,361,276,85,0,0,0
2022-08-19 07:45,293,183,110,0,0,0
2022-08-19 08:00,211,120,91,0,0,0
2022-08-19 08:15,222,141,81,0,0,0
2022-08-19 08:30,164,107,57,0,0,0
2022-08-19 08:45,211,129,82,0,0,0
2022-08-19 09:00,134,88,46,0,0,0
2022-08-19 09:15,131,77,54,0,0,0
2022-08-19 09:30,116,65,51,0,0,0
2022-08-19 09:45,159,98,61,0,0,0
2022-08-19 10:00,138,83,55,0,0,0
2022-08-19 10:15,113,68,45,0,0,0
2022-08-19 10:30,135,76,59,0,0,0
2022-08-19 10:45,139,83,56,0,0,0
2022-08-19 11:00,131,75,56,0,0,0
2022-08-19 11:15,149,69,80,0,0,0
2022-08-19 11:30,152,71,81,0,0,0
2022-08-19 11:45,170,82,88,0,0,0
2022-08-19 12:00,189,97,92,0,0,0
2022-08-19 12:15,176,69,107,0,0,0
2022-08-19 12:30,190,74,116,0,0,0
2022-08-19 12:45,194,100,94,0,0,0
2022-08-19 13:00,251,104,147,0,0,0
2022-08-19 13:15,246,100,146,0,0,0
2022-08-19 13:30,171,89,82,0,0,0
2022-08-19 13:45,209,106,103,0,0,0
2022-08-19 14:00,196,106,90,0,0,0
2022-08-19 14:15,202,96,106,0,0,0
2022-08-19 14:30,217,104,113,0,0,0
2022-08-19 14:45,212,109,103,0,0,0
2022-08-19 15:00,233,116,117,0,0,0
2022-08-19 15:15,221,107,114,0,0,0
2022-08-19 15:30,240,134,106,0,0,0
2022-08-19 15:45,196,100,96,0,0,0
2022-08-19 16:00,224,91,133,0,0,0
2022-08-19 16:15,215,93,122,0,0,0
2022-08-19 16:30,215,100,115,0,0,0
2022-08-19 16:45,245,109,136,0,0,0
2022-08-19 17:00,242,121,121,0,0,0
2022-08-19 17:15,262,127,135,0,0,0
2022-08-19 17:30,282,139,143,0,0,0
2022-08-19 17:45,248,138,110,0,0,0
2022-08-19 18:00,230,134,96,0,0,0
2022-08-19 18:15,248,145,103,0,0,0
2022-08-19 18:30,182,90,92,0,0,0
2022-08-19 18:45,221,134,87,0,0,0
2022-08-19 19:00,197,104,93,0,0,0
2022-08-19 19:15,202,139,63,0,0,0
2022-08-19 19:30,180,121,59,0,0,0
2022-08-19 19:45,183,124,59,0,0,0
2022-08-19 20:00,183,111,72,0,0,0
2022-08-19 20:15,143,92,51,0,0,0
2022-08-19 20:30,117,67,50,0,0,0
2022-08-19 20:45,140,80,60,0,0,0
2022-08-19 21:00,92,49,43,0,0,0
2022-08-19 21:15,103,52,51,0,0,0
2022-08-19 21:30,84,32,52,0,0,0
2022-08-19 21:45,113,49,64,0,0,0
2022-08-19 22:00,113,45,68,0,0,0
2022-08-19 22:15,104,47,57,0,0,0
2022-08-19 22:30,87,39,48,0,0,0
2022-08-19 22:45,85,27,58,0,0,0
2022-08-19 23:00,96,33,63,0,0,0
2022-08-19 23:15,108,32,76,0,0,0
2022-08-19 23:30,108,50,58,0,0,0
2022-08-19 23:45,91,24,67,0,0,0
2022-08-20 00:00,107,29,78,0,0,0
2022-08-20 00:15,179,15,164,0,0,0
2022-08-20 00:30,105,19,86,0,0,0
2022-08-20 00:45,70,18,52,0,0,0
2022-08-20 01:00,71,7,64,0,0,0
2022-08-20 01:15,82,8,74,0,0,0
2022-08-20 01:30,64,13,51,0,0,0
2022-08-20 01:45,53,12,41,0,0,0
2022-08-20 02:00,58,12,46,0,0,0
2022-08-20 02:15,48,5,43,0,0,0
2022-08-20 02:30,12,2,10,0,0,0
2022-08-20 02:45,34,3,31,0,0,0
2022-08-20 03:00,33,3,30,0,0,0
2022-08-20 03:15,27,6,21,0,0,0
2022-08-20 03:30,39,3,36,0,0,0
2022-08-20 03:45,22,8,14,0,0,0
2022-08-20 04:00,13,2,11,0,0,0
2022-08-20 04:15,20,4,16,0,0,0
2022-08-20 04:30,18,5,13,0,0,0
2022-08-20 04:45,12,3,9,0,0,0
2022-08-20 05:00,12,2,10,0,0,0
2022-08-20 05:15,6,0,6,0,0,0
2022-08-20 05:30,17,14,3,0,0,0
2022-08-20 05:45,25,14,11,0,0,0
2022-08-20 06:00,13,7,6,0,0,0
2022-08-20 06:15,15,6,9,0,0,0
2022-08-20 06:30,22,16,6,0,0,0
2022-08-20 06:45,33,25,8,0,0,0
2022-08-20 07:00,24,19,5,0,0,0
2022-08-20 07:15,35,22,13,0,0,0
2022-08-20 07:30,28,17,11,0,0,0
2022-08-20 07:45,35,26,9,0,0,0
2022-08-20 08:00,37,32,5,0,0,0
2022-08-20 08:15,47,31,16,0,0,0
2022-08-20 08:30,66,50,16,0,0,0
2022-08-20 08:45,71,51,20,0,0,0
2022-08-20 09:00,80,61,19,0,0,0
2022-08-20 09:15,77,59,18,0,0,0
2022-08-20 09:30,99,73,26,0,0,0
2022-08-20 09:45,109,69,40,0,0,0
2022-08-20 10:00,116,88,28,0,0,0
2022-08-20 10:15,115,75,40,0,0,0
2022-08-20 10:30,123,72,51,0,0,0
2022-08-20 10:45,143,90,53,0,0,0
2022-08-20 11:00,159,115,44,0,0,0
2022-08-20 11:15,146,106,40,0,0,0
2022-08-20 11:30,158,94,64,0,0,0
2022-08-20 11:45,183,115,68,0,0,0
2022-08-20 12:00,184,97,87,0,0,0
2022-08-20 12:15,176,95,81,0,0,0
2022-08-20 12:30,184,122,62,0,0,0
2022-08-20 12:45,197,116,81,0,0,0
2022-08-20 13:00,212,142,70,0,0,0
2022-08-20 13:15,200,115,85,0,0,0
2022-08-20 13:30,180,85,95,0,0,0
2022-08-20 13:45,192,97,95,0,0,0
2022-08-20 14:00,160,81,79,0,0,0
2022-08-20 14:15,164,92,72,0,0,0
2022-08-20 14:30,162,75,87,0,0,0
2022-08-20 14:45,169,77,92,0,0,0
2022-08-20 15:00,146,52,94,0,0,0
2022-08-20 15:15,189,102,87,0,0,0
2022-08-20 15:30,170,94,76,0,0,0
2022-08-20 15:45,198,84,114,0,0,0
2022-08-20 16:00,166,71,95,0,0,0
2022-08-20 16:15,183,71,112,0,0,0
2022-08-20 16:30,177,63,114,0,0,0
2022-08-20 16:45,141,82,59,0,0,0
2022-08-20 17:00,183,86,97,0,0,0
2022-08-20 17:15,159,66,93,0,0,0
2022-08-20 17:30,137,66,71,0,0,0
2022-08-20 17:45,226,127,99,0,0,0
2022-08-20 18:00,180,82,98,0,0,0
2022-08-20 18:15,167,104,63,0,0,0
2022-08-20 18:30,143,67,76,0,0,0
2022-08-20 18:45,205,116,89,0,0,0
2022-08-20 19:00,167,92,75,0,0,0
2022-08-20 19:15,168,95,73,0,0,0
2022-08-20 19:30,139,82,57,0,0,0
2022-08-20 19:45,156,96,60,0,0,0
2022-08-20 20:00,133,65,68,0,0,0
2022-08-20 20:15,118,69,49,0,0,0
2022-08-20 20:30,114,71,43,0,0,0
2022-08-20 20:45,108,69,39,0,0,0
2022-08-20 21:00,92,55,37,0,0,0
2022-08-20 21:15,106,51,55,0,0,0
2022-08-20 21:30,92,40,52,0,0,0
2022-08-20 21:45,104,36,68,0,0,0
2022-08-20 22:00,125,55,70,0,0,0
2022-08-20 22:15,81,24,57,0,0,0
2022-08-20 22:30,79,31,48,0,0,0
2022-08-20 22:45,75,28,47,0,0,0
2022-08-20 23:00,90,19,71,0,0,0
2022-08-20 23:15,71,24,47,0,0,0
2022-08-20 23:30,89,40,49,0,0,0
2022-08-20 23:45,107,17,90,0,0,0
2022-08-21 00:00,134,31,103,0,0,0
2022-08-21 00:15,122,21,101,0,0,0
2022-08-21 00:30,74,13,61,0,0,0
2022-08-21 00:45,88,19,69,0,0,0
2022-08-21 01:00,73,16,57,0,0,0
2022-08-21 01:15,66,14,52,0,0,0
2022-08-21 01:30,63,17,46,0,0,0
2022-08-21 01:45,26,8,18,0,0,0
2022-08-21 02:00,49,10,39,0,0,0
2022-08-21 02:15,44,8,36,0,0,0
2022-08-21 02:30,30,1,29,0,0,0
2022-08-21 02:45,41,9,32,0,0,0
2022-08-21 03:00,44,7,37,0,0,0
2022-08-21 03:15,25,4,21,0,0,0
2022-08-21 03:30,32,7,25,0,0,0
2022-08-21 03:45,24,9,15,0,0,0
2022-08-21 04:00,13,4,9,0,0,0
2022-08-21 04:15,15,6,9,0,0,0
2022-08-21 04:30,16,3,13,0,0,0
2022-08-21 04:45,13,2,11,0,0,0
2022-08-21 05:00,11,4,7,0,0,0
2022-08-21 05:15,13,2,11,0,0,0
2022-08-21 05:30,18,9,9,0,0,0
2022-08-21 05:45,4,2,2,0,0,0
2022-08-21 06:00,13,5,8,0,0,0
2022-08-21 06:15,12,8,4,0,0,0
2022-08-21 06:30,9,3,6,0,0,0
2022-08-21 06:45,16,4,12,0,0,0
2022-08-21 07:00,7,5,2,0,0,0
2022-08-21 07:15,11,2,9,0,0,0
2022-08-21 07:30,16,10,6,0,0,0
2022-08-21 07:45,15,10,5,0,0,0
2022-08-21 08:00,10,8,2,0,0,0
2022-08-21 08:15,8,4,4,0,0,0
2022-08-21 08:30,12,7,5,0,0,0
2022-08-21 08:45,35,20,15,0,0,0
2022-08-21 09:00,33,20,13,0,0,0
2022-08-21 09:15,39,21,18,0,0,0
2022-08-21 09:30,40,26,14,0,0,0
2022-08-21 09:45,70,55,15,0,0,0
2022-08-21 10:00,64,41,23,0,0,0
2022-08-21 10:15,79,47,32,0,0,0
2022-08-21 10:30,74,45,29,0,0,0
2022-08-21 10:45,95,56,39,0,0,0
2022-08-21 11:00,84,51,33,0,0,0
2022-08-21 11:15,52,36,16,0,0,0
2022-08-21 11:30,95,62,33,0,0,0
2022-08-21 11:45,84,49,35,0,0,0
2022-08-21 12:00,86,59,27,0,0,0
2022-08-21 12:15,89,59,30,0,0,0
2022-08-21 12:30,110,56,54,0,0,0
2022-08-21 12:45,116,80,36,0,0,0
2022-08-21 13:00,81,52,29,0,0,0
2022-08-21 13:15,90,58,32,0,0,0
2022-08-21 13:30,130,90,40,0,0,0
2022-08-21 13:45,143,93,50,0,0,0
2022-08-21 14:00,109,63,46,0,0,0
2022-08-21 14:15,128,69,59,0,0,0
2022-08-21 14:30,165,102,63,0,0,0
2022-08-21 14:45,163,77,86,0,0,0
2022-08-21 15:00,134,68,66,0,0,0
2022-08-21 15:15,152,85,67,0,0,0
2022-08-21 15:30,155,77,78,0,0,0
2022-08-21 15:45,190,105,85,0,0,0
2022-08-21 16:00,171,90,81,0,0,0
2022-08-21 16:15,119,71,48,0,0,0
2022-08-21 16:30,146,76,70,0,0,0
2022-08-21 16:45,145,77,68,0,0,0
2022-08-21 17:00,148,77,71,0,0,0
2022-08-21 17:15,153,68,85,0,0,0
2022-08-21 17:30,176,84,92,0,0,0
2022-08-21 17:45,161,82,79,0,0,0
2022-08-21 18:00,157,78,79,0,0,0
2022-08-21 18:15,187,97,90,0,0,0
2022-08-21 18:30,165,81,84,0,0,0
2022-08-21 18:45,163,92,71,0,0,0
2022-08-21 19:00,125,75,50,0,0,0
2022-08-21 19:15,108,48,60,0,0,0
2022-08-21 19:30,124,62,62,0,0,0
2022-08-21 19:45,137,78,59,0,0,0
2022-08-21 20:00,99,53,46,0,0,0
2022-08-21 20:15,129,60,69,0,0,0
2022-08-21 20:30,90,46,44,0,0,0
2022-08-21 20:45,94,40,54,0,0,0
2022-08-21 21:00,80,28,52,0,0,0
2022-08-21 21:15,62,21,41,0,0,0
2022-08-21 21:30,68,8,60,0,0,0
2022-08-21 21:45,63,13,50,0,0,0
2022-08-21 22:00,65,13,52,0,0,0
2022-08-21 22:15,91,19,72,0,0,0
2022-08-21 22:30,142,9,133,0,0,0
2022-08-21 22:45,88,13,75,0,0,0
2022-08-21 23:00,54,4,50,0,0,0
2022-08-21 23:15,46,8,38,0,0,0
2022-08-21 23:30,41,12,29,0,0,0
2022-08-21 23:45,23,6,17,0,0,0
2022-08-22 00:00,18,4,14,0,0,0
2022-08-22 00:15,14,7,7,0,0,0
2022-08-22 00:30,13,2,11,0,0,0
2022-08-22 00:45,16,3,13,0,0,0
2022-08-22 01:00,20,5,15,0,0,0
2022-08-22 01:15,10,1,9,0,0,0
2022-08-22 01:30,8,5,3,0,0,0
2022-08-22 01:45,8,1,7,0,0,0
2022-08-22 02:00,8,1,7,0,0,0
2022-08-22 02:15,3,2,1,0,0,0
2022-08-22 02:30,1,0,1,0,0,0
2022-08-22 02:45,3,0,3,0,0,0
2022-08-22 03:00,3,0,3,0,0,0
2022-08-22 03:15,4,2,2,0,0,0
2022-08-22 03:30,1,1,0,0,0,0
2022-08-22 03:45,2,0,2,0,0,0
2022-08-22 04:00,2,1,1,0,0,0
2022-08-22 04:15,3,1,2,0,0,0
2022-08-22 04:30,7,4,3,0,0,0
2022-08-22 04:45,8,7,1,0,0,0
2022-08-22 05:00,5,3,2,0,0,0
2022-08-22 05:15,10,9,1,0,0,0
2022-08-22 05:30,20,12,8,0,0,0
2022-08-22 05:45,27,19,8,0,0,0
2022-08-22 06:00,42,26,16,0,0,0
2022-08-22 06:15,46,27,19,0,0,0
2022-08-22 06:30,70,46,24,0,0,0
2022-08-22 06:45,92,66,26,0,0,0
2022-08-22 07:00,100,70,30,0,0,0
2022-08-22 07:15,207,148,59,0,0,0
2022-08-22 07:30,364,280,84,0,0,0
2022-08-22 07:45,324,197,127,0,0,0
2022-08-22 08:00,232,118,114,0,0,0
2022-08-22 08:15,184,127,57,0,0,0
2022-08-22 08:30,194,120,74,0,0,0
2022-08-22 08:45,230,142,88,0,0,0
2022-08-22 09:00,143,83,60,0,0,0
2022-08-22 09:15,135,87,48,0,0,0
2022-08-22 09:30,118,70,48,0,0,0
2022-08-22 09:45,164,106,58,0,0,0
2022-08-22 10:00,119,65,54,0,0,0
2022-08-22 10:15,99,50,49,0,0,0
2022-08-22 10:30,118,66,52,0,0,0
2022-08-22 10:45,120,70,50,0,0,0
2022-08-22 11:00,146,82,64,0,0,0
2022-08-22 11:15,131,65,66,0,0,0
2022-08-22 11:30,162,90,72,0,0,0
2022-08-22 11:45,150,71,79,0,0,0
2022-08-22 12:00,150,68,82,0,0,0
2022-08-22 12:15,174,73,101,0,0,0
2022-08-22 12:30,150,85,65,0,0,0
2022-08-22 12:45,153,79,74,0,0,0
2022-08-22 13:00,194,71,123,0,0,0
2022-08-22 13:15,178,85,93,0,0,0
2022-08-22 13:30,170,76,94,0,0,0
2022-08-22 13:45,180,78,102,0,0,0
2022-08-22 14:00,186,73,113,0,0,0
2022-08-22 14:15,164,70,94,0,0,0
2022-08-22 14:30,197,107,90,0,0,0
2022-08-22 14:45,183,82,101,0,0,0
2022-08-22 15:00,191,81,110,0,0,0
2022-08-22 15:15,206,115,91,0,0,0
2022-08-22 15:30,295,130,165,0,0,0
2022-08-22 15:45,239,116,123,0,0,0
2022-08-22 16:00,230,128,102,0,0,0
2022-08-22 16:15,253,121,132,0,0,0
2022-08-22 16:30,256,114,142,0,0,0
2022-08-22 16:45,281,120,161,0,0,0
2022-08-22 17:00,257,118,139,0,0,0
2022-08-22 17:15,257,109,148,0,0,0
2022-08-22 17:30,270,128,142,0,0,0
2022-08-22 17:45,281,127,154,0,0,0
2022-08-22 18:00,218,84,134,0,0,0
2022-08-22 18:15,236,108,128,0,0,0
2022-08-22 18:30,219,93,126,0,0,0
2022-08-22 18:45,243,123,120,0,0,0
2022-08-22 19:00,200,91,109,0,0,0
2022-08-22 19:15,168,85,83,0,0,0
2022-08-22 19:30,200,93,107,0,0,0
2022-08-22 19:45,134,63,71,0,0,0
2022-08-22 20:00,152,66,86,0,0,0
2022-08-22 20:15,103,52,51,0,0,0
2022-08-22 20:30,108,43,65,0,0,0
2022-08-22 20:45,92,33,59,0,0,0
2022-08-22 21:00,109,50,59,0,0,0
2022-08-22 21:15,81,35,46,0,0,0
2022-08-22 21:30,92,25,67,0,0,0
2022-08-22 21:45,73,22,51,0,0,0
2022-08-22 22:00,83,31,52,0,0,0
2022-08-22 22:15,81,28,53,0,0,0
2022-08-22 22:30,62,15,47,0,0,0
2022-08-22 22:45,40,14,26,0,0,0
2022-08-22 23:00,62,22,40,0,0,0
2022-08-22 23:15,32,10,22,0,0,0
2022-08-22 23:30,38,11,27,0,0,0
2022-08-22 23:45,15,6,9,0,0,0
2022-08-23 00:00,28,4,24,0,0,0
2022-08-23 00:15,23,8,15,0,0,0
2022-08-23 00:30,17,5,12,0,0,0
2022-08-23 00:45,20,9,11,0,0,0
2022-08-23 01:00,12,2,10,0,0,0
2022-08-23 01:15,12,3,9,0,0,0
2022-08-23 01:30,9,2,7,0,0,0
2022-08-23 01:45,8,2,6,0,0,0
2022-08-23 02:00,2,1,1,0,0,0
2022-08-23 02:15,1,1,0,0,0,0
2022-08-23 02:30,2,0,2,0,0,0
2022-08-23 02:45,7,3,4,0,0,0
2022-08-23 03:00,2,1,1,0,0,0
2022-08-23 03:15,5,2,3,0,0,0
2022-08-23 03:30,3,1,2,0,0,0
2022-08-23 03:45,8,3,5,0,0,0
2022-08-23 04:00,1,1,0,0,0,0
2022-08-23 04:15,5,4,1,0,0,0
2022-08-23 04:30,3,1,2,0,0,0
2022-08-23 04:45,8,6,2,0,0,0
2022-08-23 05:00,6,5,1,0,0,0
2022-08-23 05:15,20,19,1,0,0,0
2022-08-23 05:30,14,10,4,0,0,0
2022-08-23 05:45,29,21,8,0,0,0
2022-08-23 06:00,41,28,13,0,0,0
2022-08-23 06:15,54,39,15,0,0,0
2022-08-23 06:30,100,58,42,0,0,0
2022-08-23 06:45,94,59,35,0,0,0
2022-08-23 07:00,101,64,37,0,0,0
2022-08-23 07:15,198,131,67,0,0,0
2022-08-23 07:30,380,292,88,0,0,0
2022-08-23 07:45,363,229,134,0,0,0
2022-08-23 08:00,263,142,121,0,0,0
2022-08-23 08:15,205,125,80,0,0,0
2022-08-23 08:30,202,127,75,0,0,0
2022-08-23 08:45,246,154,92,0,0,0
2022-08-23 09:00,129,83,46,0,0,0
2022-08-23 09:15,140,90,50,0,0,0
2022-08-23 09:30,148,90,58,0,0,0
2022-08-23 09:45,175,106,69,0,0,0
2022-08-23 10:00,145,81,64,0,0,0
2022-08-23 10:15,123,83,40,0,0,0
2022-08-23 10:30,114,65,49,0,0,0
2022-08-23 10:45,131,72,59,0,0,0
2022-08-23 11:00,136,74,62,0,0,0
2022-08-23 11:15,141,62,79,0,0,0
2022-08-23 11:30,137,70,67,0,0,0
2022-08-23 11:45,166,104,62,0,0,0
2022-08-23 12:00,192,93,99,0,0,0
2022-08-23 12:15,172,71,101,0,0,0
2022-08-23 12:30,161,81,80,0,0,0
2022-08-23 12:45,195,112,83,0,0,0
2022-08-23 13:00,233,95,138,0,0,0
2022-08-23 13:15,255,97,158,0,0,0
2022-08-23 13:30,174,79,95,0,0,0
2022-08-23 13:45,193,95,98,0,0,0
2022-08-23 14:00,230,79,151,0,0,0
2022-08-23 14:15,198,98,100,0,0,0
2022-08-23 14:30,165,70,95,0,0,0
2022-08-23 14:45,219,110,109,0,0,0
2022-08-23 15:00,214,98,116,0,0,0
2022-08-23 15:15,217,108,109,0,0,0
2022-08-23 15:30,245,112,133,0,0,0
2022-08-23 15:45,266,135,131,0,0,0
2022-08-23 16:00,250,128,122,0,0,0
2022-08-23 16:15,250,119,131,0,0,0
2022-08-23 16:30,245,116,129,0,0,0
2022-08-23 16:45,269,131,138,0,0,0
2022-08-23 17:00,264,133,131,0,0,0
2022-08-23 17:15,270,115,155,0,0,0
2022-08-23 17:30,277,124,153,0,0,0
2022-08-23 17:45,303,146,157,0,0,0
2022-08-23 18:00,252,116,136,0,0,0
2022-08-23 18:15,235,100,135,0,0,0
2022-08-23 18:30,234,130,104,0,0,0
2022-08-23 18:45,257,130,127,0,0,0
2022-08-23 19:00,229,108,121,0,0,0
2022-08-23 19:15,214,112,102,0,0,0
2022-08-23 19:30,169,76,93,0,0,0
2022-08-23 19:45,192,92,100,0,0,0
2022-08-23 20:00,171,82,89,0,0,0
2022-08-23 20:15,128,68,60,0,0,0
2022-08-23 20:30,127,64,63,0,0,0
2022-08-23 20:45,149,42,107,0,0,0
2022-08-23 21:00,117,53,64,0,0,0
2022-08-23 21:15,110,46,64,0,0,0
2022-08-23 21:30,112,42,70,0,0,0
2022-08-23 21:45,106,33,73,0,0,0
2022-08-23 22:00,114,33,81,0,0,0
2022-08-23 22:15,87,21,66,0,0,0
2022-08-23 22:30,87,24,63,0,0,0
2022-08-23 22:45,76,23,53,0,0,0
2022-08-23 23:00,58,24,34,0,0,0
2022-08-23 23:15,33,17,16,0,0,0
2022-08-23 23:30,30,7,23,0,0,0
2022-08-23 23:45,31,6,25,0,0,0
2022-08-24 00:00,24,5,19,0,0,0
2022-08-24 00:15,27,8,19,0,0,0
2022-08-24 00:30,18,3,15,0,0,0
2022-08-24 00:45,25,11,14,0,0,0
2022-08-24 01:00,14,3,11,0,0,0
2022-08-24 01:15,10,3,7,0,0,0
2022-08-24 01:30,18,0,18,0,0,0
2022-08-24 01:45,12,4,8,0,0,0
2022-08-24 02:00,1,0,1,0,0,0
2022-08-24 02:15,6,3,3,0,0,0
2022-08-24 02:30,3,2,1,0,0,0
2022-08-24 02:45,3,1,2,0,0,0
2022-08-24 03:00,3,1,2,0,0,0
2022-08-24 03:15,2,0,2,0,0,0
2022-08-24 03:30,0,0,0,0,0,0
2022-08-24 03:45,5,2,3,0,0,0
2022-08-24 04:00,4,1,3,0,0,0
2022-08-24 04:15,4,2,2,0,0,0
2022-08-24 04:30,8,5,3,0,0,0
2022-08-24 04:45,8,5,3,0,0,0
2022-08-24 05:00,10,10,0,0,0,0
2022-08-24 05:15,6,5,1,0,0,0
2022-08-24 05:30,23,19,4,0,0,0
2022-08-24 05:45,29,21,8,0,0,0
2022-08-24 06:00,39,26,13,0,0,0
2022-08-24 06:15,47,37,10,0,0,0
2022-08-24 06:30,82,44,38,0,0,0
2022-08-24 06:45,109,82,27,0,0,0
2022-08-24 07:00,116,82,34,0,0,0
2022-08-24 07:15,196,137,59,0,0,0
2022-08-24 07:30,380,296,84,0,0,0
2022-08-24 07:45,299,184,115,0,0,0
2022-08-24 08:00,284,172,112,0,0,0
2022-08-24 08:15,235,135,100,0,0,0
2022-08-24 08:30,189,111,78,0,0,0
2022-08-24 08:45,259,176,83,0,0,0
2022-08-24 09:00,177,103,74,0,0,0
2022-08-24 09:15,161,92,69,0,0,0
2022-08-24 09:30,161,96,65,0,0,0
2022-08-24 09:45,176,121,55,0,0,0
2022-08-24 10:00,132,83,49,0,0,0
2022-08-24 10:15,147,87,60,0,0,0
2022-08-24 10:30,127,75,52,0,0,0
2022-08-24 10:45,157,90,67,0,0,0
2022-08-24 11:00,133,70,63,0,0,0
2022-08-24 11:15,131,68,63,0,0,0
2022-08-24 11:30,180,93,87,0,0,0
2022-08-24 11:45,183,98,85,0,0,0
2022-08-24 12:00,243,83,160,0,0,0
2022-08-24 12:15,208,117,91,0,0,0
2022-08-24 12:30,203,91,112,0,0,0
2022-08-24 12:45,192,91,101,0,0,0
2022-08-24 13:00,218,105,113,0,0,0
2022-08-24 13:15,195,98,97,0,0,0
2022-08-24 13:30,199,98,101,0,0,0
2022-08-24 13:45,213,90,123,0,0,0
2022-08-24 14:00,191,71,120,0,0,0
2022-08-24 14:15,182,82,100,0,0,0
2022-08-24 14:30,194,94,100,0,0,0
2022-08-24 14:45,184,82,102,0,0,0
2022-08-24 15:00,187,98,89,0,0,0
2022-08-24 15:15,191,84,107,0,0,0
2022-08-24 15:30,175,83,92,0,0,0
2022-08-24 15:45,246,124,122,0,0,0
2022-08-24 16:00,244,103,141,0,0,0
2022-08-24 16:15,229,115,114,0,0,0
2022-08-24 16:30,237,122,115,0,0,0
2022-08-24 16:45,229,113,116,0,0,0
2022-08-24 17:00,217,101,116,0,0,0
2022-08-24 17:15,222,120,102,0,0,0
2022-08-24 17:30,278,145,133,0,0,0
2022-08-24 17:45,289,144,145,0,0,0
2022-08-24 18:00,236,110,126,0,0,0
2022-08-24 18:15,249,134,115,0,0,0
2022-08-24 18:30,250,118,132,0,0,0
2022-08-24 18:45,258,150,108,0,0,0
2022-08-24 19:00,215,120,95,0,0,0
2022-08-24 19:15,204,100,104,0,0,0
2022-08-24 19:30,157,69,88,0,0,0
2022-08-24 19:45,212,114,98,0,0,0
2022-08-24 20:00,194,81,113,0,0,0
2022-08-24 20:15,174,75,99,0,0,0
2022-08-24 20:30,131,59,72,0,0,0
2022-08-24 20:45,119,38,81,0,0,0
2022-08-24 21:00,138,57,81,0,0,0
2022-08-24 21:15,99,44,55,0,0,0
2022-08-24 21:30,123,61,62,0,0,0
2022-08-24 21:45,126,50,76,0,0,0
2022-08-24 22:00,94,33,61,0,0,0
2022-08-24 22:15,103,41,62,0,0,0
2022-08-24 22:30,89,39,50,0,0,0
2022-08-24 22:45,100,25,75,0,0,0
2022-08-24 23:00,75,20,55,0,0,0
2022-08-24 23:15,71,24,47,0,0,0
2022-08-24 23:30,73,32,41,0,0,0
2022-08-24 23:45,49,14,35,0,0,0
2022-08-25 00:00,48,20,28,0,0,0
2022-08-25 00:15,49,25,24,0,0,0
2022-08-25 00:30,42,13,29,0,0,0
2022-08-25 00:45,40,13,27,0,0,0
2022-08-25 01:00,29,9,20,0,0,0
2022-08-25 01:15,24,9,15,0,0,0
2022-08-25 01:30,32,3,29,0,0,0
2022-08-25 01:45,25,7,18,0,0,0
2022-08-25 02:00,36,5,31,0,0,0
2022-08-25 02:15,14,1,13,0,0,0
2022-08-25 02:30,20,2,18,0,0,0
2022-08-25 02:45,25,5,20,0,0,0
2022-08-25 03:00,16,6,10,0,0,0
2022-08-25 03:15,14,1,13,0,0,0
2022-08-25 03:30,6,1,5,0,0,0
2022-08-25 03:45,9,2,7,0,0,0
2022-08-25 04:00,8,0,8,0,0,0
2022-08-25 04:15,10,2,8,0,0,0
2022-08-25 04:30,9,3,6,0,0,0
2022-08-25 04:45,18,9,9,0,0,0
2022-08-25 05:00,8,8,0,0,0,0
2022-08-25 05:15,13,11,2,0,0,0
2022-08-25 05:30,26,18,8,0,0,0
2022-08-25 05:45,23,13,10,0,0,0
2022-08-25 06:00,41,29,12,0,0,0
2022-08-25 06:15,42,30,12,0,0,0
2022-08-25 06:30,83,44,39,0,0,0
2022-08-25 06:45,92,61,31,0,0,0
2022-08-25 07:00,107,82,25,0,0,0
2022-08-25 07:15,183,123,60,0,0,0
2022-08-25 07:30,393,306,87,0,0,0
2022-08-25 07:45,331,211,120,0,0,0
2022-08-25 08:00,300,157,143,0,0,0
2022-08-25 08:15,199,128,71,0,0,0
2022-08-25 08:30,191,113,78,0,0,0
2022-08-25 08:45,230,136,94,0,0,0
2022-08-25 09:00,162,96,66,0,0,0
2022-08-25 09:15,148,95,53,0,0,0
2022-08-25 09:30,166,115,51,0,0,0
2022-08-25 09:45,163,107,56,0,0,0
2022-08-25 10:00,124,77,47,0,0,0
2022-08-25 10:15,119,51,68,0,0,0
2022-08-25 10:30,119,69,50,0,0,0
2022-08-25 10:45,139,88,51,0,0,0
2022-08-25 11:00,121,68,53,0,0,0
2022-08-25 11:15,171,72,99,0,0,0
2022-08-25 11:30,126,57,69,0,0,0
2022-08-25 11:45,148,63,85,0,0,0
2022-08-25 12:00,214,90,124,0,0,0
2022-08-25 12:15,196,101,95,0,0,0
2022-08-25 12:30,162,63,99,0,0,0
2022-08-25 12:45,184,78,106,0,0,0
2022-08-25 13:00,201,76,125,0,0,0
2022-08-25 13:15,176,87,89,0,0,0
2022-08-25 13:30,206,90,116,0,0,0
2022-08-25 13:45,204,101,103,0,0,0
2022-08-25 14:00,155,85,70,0,0,0
2022-08-25 14:15,177,77,100,0,0,0
2022-08-25 14:30,198,89,109,0,0,0
2022-08-25 14:45,177,82,95,0,0,0
2022-08-25 15:00,203,107,96,0,0,0
2022-08-25 15:15,225,104,121,0,0,0
2022-08-25 15:30,204,92,112,0,0,0
2022-08-25 15:45,228,118,110,0,0,0
2022-08-25 16:00,226,110,116,0,0,0
2022-08-25 16:15,255,125,130,0,0,0
2022-08-25 16:30,250,108,142,0,0,0
2022-08-25 16:45,232,126,106,0,0,0
2022-08-25 17:00,250,127,123,0,0,0
2022-08-25 17:15,257,128,129,0,0,0
2022-08-25 17:30,274,135,139,0,0,0
2022-08-25 17:45,255,127,128,0,0,0
2022-08-25 18:00,255,130,125,0,0,0
2022-08-25 18:15,255,144,111,0,0,0
2022-08-25 18:30,217,108,109,0,0,0
2022-08-25 18:45,230,127,103,0,0,0
2022-08-25 19:00,218,124,94,0,0,0
2022-08-25 19:15,210,102,108,0,0,0
2022-08-25 19:30,195,99,96,0,0,0
2022-08-25 19:45,181,106,75,0,0,0
2022-08-25 20:00,165,92,73,0,0,0
2022-08-25 20:15,170,86,84,0,0,0
2022-08-25 20:30,145,59,86,0,0,0
2022-08-25 20:45,154,63,91,0,0,0
2022-08-25 21:00,144,59,85,0,0,0
2022-08-25 21:15,101,43,58,0,0,0
2022-08-25 21:30,139,29,110,0,0,0
2022-08-25 21:45,152,52,100,0,0,0
2022-08-25 22:00,120,43,77,0,0,0
2022-08-25 22:15,105,34,71,0,0,0
2022-08-25 22:30,101,52,49,0,0,0
2022-08-25 22:45,75,20,55,0,0,0
2022-08-25 23:00,63,19,44,0,0,0
2022-08-25 23:15,57,17,40,0,0,0
2022-08-25 23:30,67,23,44,0,0,0
2022-08-25 23:45,39,15,24,0,0,0
2022-08-26 00:00,42,19,23,0,0,0
2022-08-26 00:15,34,6,28,0,0,0
2022-08-26 00:30,23,3,20,0,0,0
2022-08-26 00:45,15,4,11,0,0,0
2022-08-26 01:00,21,2,19,0,0,0
2022-08-26 01:15,20,4,16,0,0,0
2022-08-26 01:30,16,2,14,0,0,0
2022-08-26 01:45,13,4,9,0,0,0
2022-08-26 02:00,6,2,4,0,0,0
2022-08-26 02:15,10,4,6,0,0,0
2022-08-26 02:30,12,0,12,0,0,0
2022-08-26 02:45,8,1,7,0,0,0
2022-08-26 03:00,6,0,6,0,0,0
2022-08-26 03:15,2,1,1,0,0,0
2022-08-26 03:30,2,0,2,0,0,0
2022-08-26 03:45,6,5,1,0,0,0
2022-08-26 04:00,4,0,4,0,0,0
2022-08-26 04:15,8,5,3,0,0,0
2022-08-26 04:30,7,2,5,0,0,0
2022-08-26 04:45,13,6,7,0,0,0
2022-08-26 05:00,12,9,3,0,0,0
2022-08-26 05:15,11,9,2,0,0,0
2022-08-26 05:30,15,8,7,0,0,0
2022-08-26 05:45,31,20,11,0,0,0
2022-08-26 06:00,28,19,9,0,0,0
2022-08-26 06:15,35,25,10,0,0,0
2022-08-26 06:30,71,47,24,0,0,0
2022-08-26 06:45,75,49,26,0,0,0
2022-08-26 07:00,91,62,29,0,0,0
2022-08-26 07:15,148,110,38,0,0,0
2022-08-26 07:30,328,259,69,0,0,0
2022-08-26 07:45,316,187,129,0,0,0
2022-08-26 08:00,195,115,80,0,0,0
2022-08-26 08:15,189,105,84,0,0,0
2022-08-26 08:30,166,97,69,0,0,0
2022-08-26 08:45,187,116,71,0,0,0
2022-08-26 09:00,160,98,62,0,0,0
2022-08-26 09:15,128,70,58,0,0,0
2022-08-26 09:30,139,88,51,0,0,0
2022-08-26 09:45,117,81,36,0,0,0
2022-08-26 10:00,109,73,36,0,0,0
2022-08-26 10:15,120,66,54,0,0,0
2022-08-26 10:30,125,73,52,0,0,0
2022-08-26 10:45,131,64,67,0,0,0
2022-08-26 11:00,148,74,74,0,0,0
2022-08-26 11:15,151,69,82,0,0,0
2022-08-26 11:30,150,79,71,0,0,0
2022-08-26 11:45,152,94,58,0,0,0
2022-08-26 12:00,209,88,121,0,0,0
2022-08-26 12:15,167,83,84,0,0,0
2022-08-26 12:30,177,79,98,0,0,0
2022-08-26 12:45,184,113,71,0,0,0
2022-08-26 13:00,248,94,154,0,0,0
2022-08-26 13:15,228,85,143,0,0,0
2022-08-26 13:30,199,95,104,0,0,0
2022-08-26 13:45,179,84,95,0,0,0
2022-08-26 14:00,230,115,115,0,0,0
2022-08-26 14:15,199,95,104,0,0,0
2022-08-26 14:30,197,84,113,0,0,0
2022-08-26 14:45,205,90,115,0,0,0
2022-08-26 15:00,195,94,101,0,0,0
2022-08-26 15:15,194,93,101,0,0,0
2022-08-26 15:30,202,103,99,0,0,0
2022-08-26 15:45,222,126,96,0,0,0
2022-08-26 16:00,178,100,78,0,0,0
2022-08-26 16:15,242,134,108,0,0,0
2022-08-26 16:30,221,124,97,0,0,0
2022-08-26 16:45,187,99,88,0,0,0
2022-08-26 17:00,183,97,86,0,0,0
2022-08-26 17:15,189,112,77,0,0,0
2022-08-26 17:30,170,86,84,0,0,0
2022-08-26 17:45,210,115,95,0,0,0
2022-08-26 18:00,225,98,127,0,0,0
2022-08-26 18:15,198,91,107,0,0,0
2022-08-26 18:30,219,99,120,0,0,0
2022-08-26 18:45,160,80,80,0,0,0
2022-08-26 19:00,185,82,103,0,0,0
2022-08-26 19:15,183,106,77,0,0,0
2022-08-26 19:30,156,92,64,0,0,0
2022-08-26 19:45,150,92,58,0,0,0
2022-08-26 20:00,163,87,76,0,0,0
2022-08-26 20:15,140,90,50,0,0,0
2022-08-26 20:30,121,71,50,0,0,0
2022-08-26 20:45,118,51,67,0,0,0
2022-08-26 21:00,122,52,70,0,0,0
2022-08-26 21:15,67,33,34,0,0,0
2022-08-26 21:30,70,28,42,0,0,0
2022-08-26 21:45,85,32,53,0,0,0
2022-08-26 22:00,69,27,42,0,0,0
2022-08-26 22:15,86,39,47,0,0,0
2022-08-26 22:30,62,20,42,0,0,0
2022-08-26 22:45,74,23,51,0,0,0
2022-08-26 23:00,90,18,72,0,0,0
2022-08-26 23:15,62,29,33,0,0,0
2022-08-26 23:30,50,14,36,0,0,0
2022-08-26 23:45,63,11,52,0,0,0
2022-08-27 00:00,64,29,35,0,0,0
2022-08-27 00:15,53,17,36,0,0,0
2022-08-27 00:30,38,11,27,0,0,0
2022-08-27 00:45,46,16,30,0,0,0
2022-08-27 01:00,58,18,40,0,0,0
2022-08-27 01:15,56,8,48,0,0,0
2022-08-27 01:30,37,11,26,0,0,0
2022-08-27 01:45,40,4,36,0,0,0
2022-08-27 02:00,39,8,31,0,0,0
2022-08-27 02:15,41,7,34,0,0,0
2022-08-27 02:30,14,5,9,0,0,0
2022-08-27 02:45,19,2,17,0,0,0
2022-08-27 03:00,21,5,16,0,0,0
2022-08-27 03:15,19,4,15,0,0,0
2022-08-27 03:30,18,4,14,0,0,0
2022-08-27 03:45,21,3,18,0,0,0
2022-08-27 04:00,11,0,11,0,0,0
2022-08-27 04:15,9,3,6,0,0,0
2022-08-27 04:30,12,5,7,0,0,0
2022-08-27 04:45,16,5,11,0,0,0
2022-08-27 05:00,13,7,6,0,0,0
2022-08-27 05:15,13,5,8,0,0,0
2022-08-27 05:30,23,14,9,0,0,0
2022-08-27 05:45,17,6,11,0,0,0
2022-08-27 06:00,11,4,7,0,0,0
2022-08-27 06:15,14,9,5,0,0,0
2022-08-27 06:30,19,11,8,0,0,0
2022-08-27 06:45,27,17,10,0,0,0
2022-08-27 07:00,21,19,2,0,0,0
2022-08-27 07:15,14,5,9,0,0,0
2022-08-27 07:30,21,17,4,0,0,0
2022-08-27 07:45,39,30,9,0,0,0
2022-08-27 08:00,30,21,9,0,0,0
2022-08-27 08:15,46,26,20,0,0,0
2022-08-27 08:30,50,30,20,0,0,0
2022-08-27 08:45,52,37,15,0,0,0
2022-08-27 09:00,63,38,25,0,0,0
2022-08-27 09:15,69,46,23,0,0,0
2022-08-27 09:30,90,64,26,0,0,0
2022-08-27 09:45,127,86,41,0,0,0
2022-08-27 10:00,136,103,33,0,0,0
2022-08-27 10:15,88,66,22,0,0,0
2022-08-27 10:30,120,69,51,0,0,0
2022-08-27 10:45,116,79,37,0,0,0
2022-08-27 11:00,124,82,42,0,0,0
2022-08-27 11:15,126,90,36,0,0,0
2022-08-27 11:30,135,78,57,0,0,0
2022-08-27 11:45,155,97,58,0,0,0
2022-08-27 12:00,133,75,58,0,0,0
2022-08-27 12:15,165,100,65,0,0,0
2022-08-27 12:30,151,84,67,0,0,0
2022-08-27 12:45,159,86,73,0,0,0
2022-08-27 13:00,150,82,68,0,0,0
2022-08-27 13:15,164,98,66,0,0,0
2022-08-27 13:30,190,111,79,0,0,0
2022-08-27 13:45,153,103,50,0,0,0
2022-08-27 14:00,179,96,83,0,0,0
2022-08-27 14:15,172,100,72,0,0,0
2022-08-27 14:30,158,64,94,0,0,0
2022-08-27 14:45,164,90,74,0,0,0
2022-08-27 15:00,167,64,103,0,0,0
2022-08-27 15:15,147,69,78,0,0,0
2022-08-27 15:30,159,79,80,0,0,0
2022-08-27 15:45,177,87,90,0,0,0
2022-08-27 16:00,157,80,77,0,0,0
2022-08-27 16:15,117,66,51,0,0,0
2022-08-27 16:30,172,76,96,0,0,0
2022-08-27 16:45,140,68,72,0,0,0
2022-08-27 17:00,146,57,89,0,0,0
2022-08-27 17:15,154,68,86,0,0,0
2022-08-27 17:30,147,86,61,0,0,0
2022-08-27 17:45,163,72,91,0,0,0
2022-08-27 18:00,185,88,97,0,0,0
2022-08-27 18:15,178,80,98,0,0,0
2022-08-27 18:30,167,76,91,0,0,0
2022-08-27 18:45,184,95,89,0,0,0
2022-08-27 19:00,146,52,94,0,0,0
2022-08-27 19:15,185,90,95,0,0,0
2022-08-27 19:30,130,65,65,0,0,0
2022-08-27 19:45,152,66,86,0,0,0
2022-08-27 20:00,127,53,74,0,0,0
2022-08-27 20:15,136,56,80,0,0,0
2022-08-27 20:30,108,49,59,0,0,0
2022-08-27 20:45,104,43,61,0,0,0
2022-08-27 21:00,89,47,42,0,0,0
2022-08-27 21:15,93,53,40,0,0,0
2022-08-27 21:30,70,28,42,0,0,0
2022-08-27 21:45,75,29,46,0,0,0
2022-08-27 22:00,89,47,42,0,0,0
2022-08-27 22:15,53,25,28,0,0,0
2022-08-27 22:30,94,43,51,0,0,0
2022-08-27 22:45,67,26,41,0,0,0
2022-08-27 23:00,52,25,27,0,0,0
2022-08-27 23:15,63,29,34,0,0,0
2022-08-27 23:30,95,30,65,0,0,0
2022-08-27 23:45,87,25,62,0,0,0
2022-08-28 00:00,67,17,50,0,0,0
2022-08-28 00:15,61,18,43,0,0,0
2022-08-28 00:30,53,19,34,0,0,0
2022-08-28 00:45,59,15,44,0,0,0
2022-08-28 01:00,49,9,40,0,0,0
2022-08-28 01:15,42,15,27,0,0,0
2022-08-28 01:30,59,16,43,0,0,0
2022-08-28 01:45,33,6,27,0,0,0
2022-08-28 02:00,28,8,20,0,0,0
2022-08-28 02:15,21,7,14,0,0,0
2022-08-28 02:30,25,8,17,0,0,0
2022-08-28 02:45,40,13,27,0,0,0
2022-08-28 03:00,24,6,18,0,0,0
2022-08-28 03:15,36,8,28,0,0,0
2022-08-28 03:30,45,8,37,0,0,0
2022-08-28 03:45,30,4,26,0,0,0
2022-08-28 04:00,20,1,19,0,0,0
2022-08-28 04:15,12,5,7,0,0,0
2022-08-28 04:30,15,0,15,0,0,0
2022-08-28 04:45,13,1,12,0,0,0
2022-08-28 05:00,15,2,13,0,0,0
2022-08-28 05:15,16,5,11,0,0,0
2022-08-28 05:30,12,5,7,0,0,0
2022-08-28 05:45,6,1,5,0,0,0
2022-08-28 06:00,10,2,8,0,0,0
2022-08-28 06:15,7,1,6,0,0,0
2022-08-28 06:30,19,7,12,0,0,0
2022-08-28 06:45,9,5,4,0,0,0
2022-08-28 07:00,10,5,5,0,0,0
2022-08-28 07:15,12,6,6,0,0,0
2022-08-28 07:30,15,9,6,0,0,0
2022-08-28 07:45,19,15,4,0,0,0
2022-08-28 08:00,21,16,5,0,0,0
2022-08-28 08:15,14,12,2,0,0,0
2022-08-28 08:30,23,13,10,0,0,0
2022-08-28 08:45,30,20,10,0,0,0
2022-08-28 09:00,39,30,9,0,0,0
2022-08-28 09:15,44,32,12,0,0,0
2022-08-28 09:30,57,38,19,0,0,0
2022-08-28 09:45,75,55,20,0,0,0
2022-08-28 10:00,70,55,15,0,0,0
2022-08-28 10:15,80,53,27,0,0,0
2022-08-28 10:30,78,50,28,0,0,0
2022-08-28 10:45,83,52,31,0,0,0
2022-08-28 11:00,85,54,31,0,0,0
2022-08-28 11:15,87,45,42,0,0,0
2022-08-28 11:30,123,82,41,0,0,0
2022-08-28 11:45,92,45,47,0,0,0
2022-08-28 12:00,98,59,39,0,0,0
2022-08-28 12:15,95,62,33,0,0,0
2022-08-28 12:30,127,53,74,0,0,0
2022-08-28 12:45,144,81,63,0,0,0
2022-08-28 13:00,171,70,101,0,0,0
2022-08-28 13:15,129,64,65,0,0,0
2022-08-28 13:30,114,48,66,0,0,0
2022-08-28 13:45,148,79,69,0,0,0
2022-08-28 14:00,142,61,81,0,0,0
2022-08-28 14:15,140,78,62,0,0,0
2022-08-28 14:30,145,76,69,0,0,0
2022-08-28 14:45,166,95,71,0,0,0
2022-08-28 15:00,139,71,68,0,0,0
2022-08-28 15:15,126,85,41,0,0,0
2022-08-28 15:30,132,64,68,0,0,0
2022-08-28 15:45,119,81,38,0,0,0
2022-08-28 16:00,141,70,71,0,0,0
2022-08-28 16:15,133,62,71,0,0,0
2022-08-28 16:30,104,52,52,0,0,0
2022-08-28 16:45,142,55,87,0,0,0
2022-08-28 17:00,140,66,74,0,0,0
2022-08-28 17:15,153,73,80,0,0,0
2022-08-28 17:30,154,71,83,0,0,0
2022-08-28 17:45,214,74,140,0,0,0
2022-08-28 18:00,153,74,79,0,0,0
2022-08-28 18:15,128,70,58,0,0,0
2022-08-28 18:30,144,65,79,0,0,0
2022-08-28 18:45,108,60,48,0,0,0
2022-08-28 19:00,131,48,83,0,0,0
2022-08-28 19:15,78,33,45,0,0,0
2022-08-28 19:30,93,32,61,0,0,0
2022-08-28 19:45,113,52,61,0,0,0
2022-08-28 20:00,74,31,43,0,0,0
2022-08-28 20:15,93,35,58,0,0,0
2022-08-28 20:30,83,36,47,0,0,0
2022-08-28 20:45,82,34,48,0,0,0
2022-08-28 21:00,84,24,60,0,0,0
2022-08-28 21:15,66,25,41,0,0,0
2022-08-28 21:30,48,18,30,0,0,0
2022-08-28 21:45,42,19,23,0,0,0
2022-08-28 22:00,43,21,22,0,0,0
2022-08-28 22:15,52,12,40,0,0,0
2022-08-28 22:30,47,15,32,0,0,0
2022-08-28 22:45,35,10,25,0,0,0
2022-08-28 23:00,40,21,19,0,0,0
2022-08-28 23:15,25,10,15,0,0,0
2022-08-28 23:30,10,2,8,0,0,0
2022-08-28 23:45,13,4,9,0,0,0
2022-08-29 00:00,10,6,4,0,0,0
2022-08-29 00:15,15,5,10,0,0,0
2022-08-29 00:30,14,6,8,0,0,0
2022-08-29 00:45,17,3,14,0,0,0
2022-08-29 01:00,7,2,5,0,0,0
2022-08-29 01:15,4,2,2,0,0,0
2022-08-29 01:30,8,1,7,0,0,0
2022-08-29 01:45,10,6,4,0,0,0
2022-08-29 02:00,4,1,3,0,0,0
2022-08-29 02:15,3,0,3,0,0,0
2022-08-29 02:30,2,2,0,0,0,0
2022-08-29 02:45,0,0,0,0,0,0
2022-08-29 03:00,5,4,1,0,0,0
2022-08-29 03:15,2,1,1,0,0,0
2022-08-29 03:30,1,1,0,0,0,0
2022-08-29 03:45,1,1,0,0,0,0
2022-08-29 04:00,0,0,0,0,0,0
2022-08-29 04:15,1,1,0,0,0,0
2022-08-29 04:30,8,3,5,0,0,0
2022-08-29 04:45,8,5,3,0,0,0
2022-08-29 05:00,7,5,2,0,0,0
2022-08-29 05:15,8,5,3,0,0,0
2022-08-29 05:30,18,13,5,0,0,0
2022-08-29 05:45,18,10,8,0,0,0
2022-08-29 06:00,40,29,11,0,0,0
2022-08-29 06:15,39,22,17,0,0,0
2022-08-29 06:30,79,57,22,0,0,0
2022-08-29 06:45,95,67,28,0,0,0
2022-08-29 07:00,84,59,25,0,0,0
2022-08-29 07:15,183,115,68,0,0,0
2022-08-29 07:30,372,287,85,0,0,0
2022-08-29 07:45,298,186,112,0,0,0
2022-08-29 08:00,231,135,96,0,0,0
2022-08-29 08:15,222,135,87,0,0,0
2022-08-29 08:30,177,103,74,0,0,0
2022-08-29 08:45,190,107,83,0,0,0
2022-08-29 09:00,141,72,69,0,0,0
2022-08-29 09:15,114,70,44,0,0,0
2022-08-29 09:30,119,71,48,0,0,0
2022-08-29 09:45,130,69,61,0,0,0
2022-08-29 10:00,101,68,33,0,0,0
2022-08-29 10:15,105,55,50,0,0,0
2022-08-29 10:30,112,65,47,0,0,0
2022-08-29 10:45,139,77,62,0,0,0
2022-08-29 11:00,114,58,56,0,0,0
2022-08-29 11:15,126,51,75,0,0,0
2022-08-29 11:30,112,52,60,0,0,0
2022-08-29 11:45,135,66,69,0,0,0
2022-08-29 12:00,204,96,108,0,0,0
2022-08-29 12:15,157,83,74,0,0,0
2022-08-29 12:30,160,85,75,0,0,0
2022-08-29 12:45,173,85,88,0,0,0
2022-08-29 13:00,177,75,102,0,0,0
2022-08-29 13:15,198,83,115,0,0,0
2022-08-29 13:30,156,80,76,0,0,0
2022-08-29 13:45,223,103,120,0,0,0
2022-08-29 14:00,198,80,118,0,0,0
2022-08-29 14:15,161,74,87,0,0,0
2022-08-29 14:30,195,97,98,0,0,0
2022-08-29 14:45,200,104,96,0,0,0
2022-08-29 15:00,202,83,119,0,0,0
2022-08-29 15:15,183,86,97,0,0,0
2022-08-29 15:30,259,105,154,0,0,0
2022-08-29 15:45,244,121,123,0,0,0
2022-08-29 16:00,223,113,110,0,0,0
2022-08-29 16:15,230,114,116,0,0,0
2022-08-29 16:30,286,126,160,0,0,0
2022-08-29 16:45,253,122,131,0,0,0
2022-08-29 17:00,242,131,111,0,0,0
2022-08-29 17:15,296,139,157,0,0,0
2022-08-29 17:30,267,119,148,0,0,0
2022-08-29 17:45,242,114,128,0,0,0
2022-08-29 18:00,233,114,119,0,0,0
2022-08-29 18:15,224,99,125,0,0,0
2022-08-29 18:30,235,113,122,0,0,0
2022-08-29 18:45,216,112,104,0,0,0
2022-08-29 19:00,202,103,99,0,0,0
2022-08-29 19:15,195,95,100,0,0,0
2022-08-29 19:30,181,82,99,0,0,0
2022-08-29 19:45,148,67,81,0,0,0
2022-08-29 20:00,158,73,85,0,0,0
2022-08-29 20:15,120,61,59,0,0,0
2022-08-29 20:30,119,60,59,0,0,0
2022-08-29 20:45,95,45,50,0,0,0
2022-08-29 21:00,119,43,76,0,0,0
2022-08-29 21:15,107,41,66,0,0,0
2022-08-29 21:30,91,28,63,0,0,0
2022-08-29 21:45,92,32,60,0,0,0
2022-08-29 22:00,70,24,46,0,0,0
2022-08-29 22:15,68,21,47,0,0,0
2022-08-29 22:30,47,17,30,0,0,0
2022-08-29 22:45,44,14,30,0,0,0
2022-08-29 23:00,29,12,17,0,0,0
2022-08-29 23:15,30,5,25,0,0,0
2022-08-29 23:30,48,13,35,0,0,0
2022-08-29 23:45,30,6,24,0,0,0
2022-08-30 00:00,20,3,17,0,0,0
2022-08-30 00:15,31,11,20,0,0,0
2022-08-30 00:30,20,3,17,0,0,0
2022-08-30 00:45,16,5,11,0,0,0
2022-08-30 01:00,18,6,12,0,0,0
2022-08-30 01:15,23,3,20,0,0,0
2022-08-30 01:30,16,4,12,0,0,0
2022-08-30 01:45,2,1,1,0,0,0
2022-08-30 02:00,7,0,7,0,0,0
2022-08-30 02:15,7,2,5,0,0,0
2022-08-30 02:30,0,0,0,0,0,0
2022-08-30 02:45,3,2,1,0,0,0
2022-08-30 03:00,3,0,3,0,0,0
2022-08-30 03:15,6,5,1,0,0,0
2022-08-30 03:30,0,0,0,0,0,0
2022-08-30 03:45,1,1,0,0,0,0
2022-08-30 04:00,1,0,1,0,0,0
2022-08-30 04:15,7,3,4,0,0,0
2022-08-30 04:30,3,2,1,0,0,0
2022-08-30 04:45,9,5,4,0,0,0
2022-08-30 05:00,6,5,1,0,0,0
2022-08-30 05:15,16,13,3,0,0,0
2022-08-30 05:30,19,12,7,0,0,0
2022-08-30 05:45,28,20,8,0,0,0
2022-08-30 06:00,44,29,15,0,0,0
2022-08-30 06:15,43,32,11,0,0,0
2022-08-30 06:30,66,33,33,0,0,0
2022-08-30 06:45,114,77,37,0,0,0
2022-08-30 07:00,101,74,27,0,0,0
2022-08-30 07:15,178,115,63,0,0,0
2022-08-30 07:30,352,263,89,0,0,0
2022-08-30 07:45,317,202,115,0,0,0
2022-08-30 08:00,236,137,99,0,0,0
2022-08-30 08:15,213,132,81,0,0,0
2022-08-30 08:30,189,113,76,0,0,0
2022-08-30 08:45,214,131,83,0,0,0
2022-08-30 09:00,173,101,72,0,0,0
2022-08-30 09:15,166,107,59,0,0,0
2022-08-30 09:30,129,86,43,0,0,0
2022-08-30 09:45,174,97,77,0,0,0
2022-08-30 10:00,116,78,38,0,0,0
2022-08-30 10:15,103,47,56,0,0,0
2022-08-30 10:30,145,78,67,0,0,0
2022-08-30 10:45,161,86,75,0,0,0
2022-08-30 11:00,125,69,56,0,0,0
2022-08-30 11:15,141,67,74,0,0,0
2022-08-30 11:30,151,75,76,0,0,0
2022-08-30 11:45,181,101,80,0,0,0
2022-08-30 12:00,203,92,111,0,0,0
2022-08-30 12:15,196,88,108,0,0,0
2022-08-30 12:30,146,70,76,0,0,0
2022-08-30 12:45,192,93,99,0,0,0
2022-08-30 13:00,230,72,158,0,0,0
2022-08-30 13:15,202,98,104,0,0,0
2022-08-30 13:30,220,95,125,0,0,0
2022-08-30 13:45,235,109,126,0,0,0
2022-08-30 14:00,214,89,125,0,0,0
2022-08-30 14:15,168,89,79,0,0,0
2022-08-30 14:30,187,89,98,0,0,0
2022-08-30 14:45,199,89,110,0,0,0
2022-08-30 15:00,229,110,119,0,0,0
2022-08-30 15:15,248,120,128,0,0,0
2022-08-30 15:30,246,114,132,0,0,0
2022-08-30 15:45,240,125,115,0,0,0
2022-08-30 16:00,246,129,117,0,0,0
2022-08-30 16:15,271,140,131,0,0,0
2022-08-30 16:30,248,112,136,0,0,0
2022-08-30 16:45,307,128,179,0,0,0
2022-08-30 17:00,280,127,153,0,0,0
2022-08-30 17:15,279,124,155,0,0,0
2022-08-30 17:30,294,143,151,0,0,0
2022-08-30 17:45,296,138,158,0,0,0
2022-08-30 18:00,274,127,147,0,0,0
2022-08-30 18:15,280,112,168,0,0,0
2022-08-30 18:30,218,108,110,0,0,0
2022-08-30 18:45,230,112,118,0,0,0
2022-08-30 19:00,205,97,108,0,0,0
2022-08-30 19:15,208,109,99,0,0,0
2022-08-30 19:30,176,107,69,0,0,0
2022-08-30 19:45,203,103,100,0,0,0
2022-08-30 20:00,165,84,81,0,0,0
2022-08-30 20:15,148,63,85,0,0,0
2022-08-30 20:30,120,65,55,0,0,0
2022-08-30 20:45,115,48,67,0,0,0
2022-08-30 21:00,110,38,72,0,0,0
2022-08-30 21:15,112,39,73,0,0,0
2022-08-30 21:30,92,21,71,0,0,0
2022-08-30 21:45,89,32,57,0,0,0
2022-08-30 22:00,82,24,58,0,0,0
2022-08-30 22:15,79,27,52,0,0,0
2022-08-30 22:30,62,17,45,0,0,0
2022-08-30 22:45,61,25,36,0,0,0
2022-08-30 23:00,57,14,43,0,0,0
2022-08-30 23:15,55,7,48,0,0,0
2022-08-30 23:30,39,11,28,0,0,0
2022-08-30 23:45,43,21,22,0,0,0
