Datetime,100035541 (Neutor),101035541 (Neutor stadteinwÃ¤rts),102035541 (Neutor stadtauswÃ¤rts),100035541-status,101035541-status,102035541-status
2023-12-01 00:00,21,9,12,0,0,0
2023-12-01 00:15,31,4,27,0,0,0
2023-12-01 00:30,24,13,11,0,0,0
2023-12-01 00:45,24,9,15,0,0,0
2023-12-01 01:00,9,3,6,0,0,0
2023-12-01 01:15,17,4,13,0,0,0
2023-12-01 01:30,11,4,7,0,0,0
2023-12-01 01:45,6,2,4,0,0,0
2023-12-01 02:00,8,2,6,0,0,0
2023-12-01 02:15,11,2,9,0,0,0
2023-12-01 02:30,1,1,0,0,0,0
2023-12-01 02:45,5,1,4,0,0,0
2023-12-01 03:00,7,1,6,0,0,0
2023-12-01 03:15,6,2,4,0,0,0
2023-12-01 03:30,4,2,2,0,0,0
2023-12-01 03:45,4,4,0,0,0,0
2023-12-01 04:00,2,1,1,0,0,0
2023-12-01 04:15,3,1,2,0,0,0
2023-12-01 04:30,6,2,4,0,0,0
2023-12-01 04:45,4,3,1,0,0,0
2023-12-01 05:00,10,9,1,0,0,0
2023-12-01 05:15,4,3,1,0,0,0
2023-12-01 05:30,17,14,3,0,0,0
2023-12-01 05:45,17,11,6,0,0,0
2023-12-01 06:00,29,19,10,0,0,0
2023-12-01 06:15,26,18,8,0,0,0
2023-12-01 06:30,40,22,18,0,0,0
2023-12-01 06:45,75,53,22,0,0,0
2023-12-01 07:00,86,44,42,0,0,0
2023-12-01 07:15,126,83,43,0,0,0
2023-12-01 07:30,215,155,60,0,0,0
2023-12-01 07:45,302,175,127,0,0,0
2023-12-01 08:00,304,151,153,0,0,0
2023-12-01 08:15,238,138,100,0,0,0
2023-12-01 08:30,146,85,61,0,0,0
2023-12-01 08:45,186,97,89,0,0,0
2023-12-01 09:00,141,85,56,0,0,0
2023-12-01 09:15,129,70,59,0,0,0
2023-12-01 09:30,147,79,68,0,0,0
2023-12-01 09:45,228,116,112,0,0,0
2023-12-01 10:00,294,182,112,0,0,0
2023-12-01 10:15,145,78,67,0,0,0
2023-12-01 10:30,92,53,39,0,0,0
2023-12-01 10:45,145,85,60,0,0,0
2023-12-01 11:00,123,62,61,0,0,0
2023-12-01 11:15,130,72,58,0,0,0
2023-12-01 11:30,146,94,52,0,0,0
2023-12-01 11:45,275,144,131,0,0,0
2023-12-01 12:00,203,128,75,0,0,0
2023-12-01 12:15,182,96,86,0,0,0
2023-12-01 12:30,154,64,90,0,0,0
2023-12-01 12:45,164,89,75,0,0,0
2023-12-01 13:00,224,105,119,0,0,0
2023-12-01 13:15,232,87,145,0,0,0
2023-12-01 13:30,207,105,102,0,0,0
2023-12-01 13:45,262,135,127,0,0,0
2023-12-01 14:00,246,114,132,0,0,0
2023-12-01 14:15,189,97,92,0,0,0
2023-12-01 14:30,168,88,80,0,0,0
2023-12-01 14:45,178,88,90,0,0,0
2023-12-01 15:00,199,103,96,0,0,0
2023-12-01 15:15,198,104,94,0,0,0
2023-12-01 15:30,223,103,120,0,0,0
2023-12-01 15:45,209,121,88,0,0,0
2023-12-01 16:00,196,116,80,0,0,0
2023-12-01 16:15,195,105,90,0,0,0
2023-12-01 16:30,185,106,79,0,0,0
2023-12-01 16:45,192,112,80,0,0,0
2023-12-01 17:00,196,113,83,0,0,0
2023-12-01 17:15,193,109,84,0,0,0
2023-12-01 17:30,157,80,77,0,0,0
2023-12-01 17:45,223,128,95,0,0,0
2023-12-01 18:00,210,101,109,0,0,0
2023-12-01 18:15,142,64,78,0,0,0
2023-12-01 18:30,170,80,90,0,0,0
2023-12-01 18:45,213,112,101,0,0,0
2023-12-01 19:00,162,85,77,0,0,0
2023-12-01 19:15,153,63,90,0,0,0
2023-12-01 19:30,141,71,70,0,0,0
2023-12-01 19:45,173,86,87,0,0,0
2023-12-01 20:00,134,63,71,0,0,0
2023-12-01 20:15,141,47,94,0,0,0
2023-12-01 20:30,104,54,50,0,0,0
2023-12-01 20:45,84,36,48,0,0,0
2023-12-01 21:00,107,28,79,0,0,0
2023-12-01 21:15,130,40,90,0,0,0
2023-12-01 21:30,97,30,67,0,0,0
2023-12-01 21:45,96,34,62,0,0,0
2023-12-01 22:00,86,27,59,0,0,0
2023-12-01 22:15,84,37,47,0,0,0
2023-12-01 22:30,113,25,88,0,0,0
2023-12-01 22:45,84,32,52,0,0,0
2023-12-01 23:00,65,19,46,0,0,0
2023-12-01 23:15,35,24,11,0,0,0
2023-12-01 23:30,85,19,66,0,0,0
2023-12-01 23:45,87,17,70,0,0,0
2023-12-02 00:00,76,33,43,0,0,0
2023-12-02 00:15,52,12,40,0,0,0
2023-12-02 00:30,59,16,43,0,0,0
2023-12-02 00:45,47,11,36,0,0,0
2023-12-02 01:00,47,9,38,0,0,0
2023-12-02 01:15,50,13,37,0,0,0
2023-12-02 01:30,45,14,31,0,0,0
2023-12-02 01:45,37,10,27,0,0,0
2023-12-02 02:00,52,25,27,0,0,0
2023-12-02 02:15,31,10,21,0,0,0
2023-12-02 02:30,15,12,3,0,0,0
2023-12-02 02:45,34,13,21,0,0,0
2023-12-02 03:00,42,12,30,0,0,0
2023-12-02 03:15,23,4,19,0,0,0
2023-12-02 03:30,17,5,12,0,0,0
2023-12-02 03:45,12,7,5,0,0,0
2023-12-02 04:00,27,7,20,0,0,0
2023-12-02 04:15,23,12,11,0,0,0
2023-12-02 04:30,20,6,14,0,0,0
2023-12-02 04:45,7,3,4,0,0,0
2023-12-02 05:00,9,5,4,0,0,0
2023-12-02 05:15,5,3,2,0,0,0
2023-12-02 05:30,17,3,14,0,0,0
2023-12-02 05:45,9,6,3,0,0,0
2023-12-02 06:00,14,4,10,0,0,0
2023-12-02 06:15,9,5,4,0,0,0
2023-12-02 06:30,10,5,5,0,0,0
2023-12-02 06:45,15,10,5,0,0,0
2023-12-02 07:00,7,5,2,0,0,0
2023-12-02 07:15,22,19,3,0,0,0
2023-12-02 07:30,21,16,5,0,0,0
2023-12-02 07:45,29,20,9,0,0,0
2023-12-02 08:00,33,28,5,0,0,0
2023-12-02 08:15,27,19,8,0,0,0
2023-12-02 08:30,45,35,10,0,0,0
2023-12-02 08:45,52,32,20,0,0,0
2023-12-02 09:00,39,21,18,0,0,0
2023-12-02 09:15,63,39,24,0,0,0
2023-12-02 09:30,75,48,27,0,0,0
2023-12-02 09:45,102,68,34,0,0,0
2023-12-02 10:00,102,79,23,0,0,0
2023-12-02 10:15,101,75,26,0,0,0
2023-12-02 10:30,100,67,33,0,0,0
2023-12-02 10:45,112,83,29,0,0,0
2023-12-02 11:00,80,57,23,0,0,0
2023-12-02 11:15,106,65,41,0,0,0
2023-12-02 11:30,131,91,40,0,0,0
2023-12-02 11:45,136,83,53,0,0,0
2023-12-02 12:00,92,61,31,0,0,0
2023-12-02 12:15,138,80,58,0,0,0
2023-12-02 12:30,118,54,64,0,0,0
2023-12-02 12:45,132,71,61,0,0,0
2023-12-02 13:00,128,65,63,0,0,0
2023-12-02 13:15,115,75,40,0,0,0
2023-12-02 13:30,152,79,73,0,0,0
2023-12-02 13:45,161,80,81,0,0,0
2023-12-02 14:00,151,77,74,0,0,0
2023-12-02 14:15,114,56,58,0,0,0
2023-12-02 14:30,157,72,85,0,0,0
2023-12-02 14:45,148,75,73,0,0,0
2023-12-02 15:00,121,54,67,0,0,0
2023-12-02 15:15,115,54,61,0,0,0
2023-12-02 15:30,155,82,73,0,0,0
2023-12-02 15:45,135,73,62,0,0,0
2023-12-02 16:00,154,74,80,0,0,0
2023-12-02 16:15,133,67,66,0,0,0
2023-12-02 16:30,125,75,50,0,0,0
2023-12-02 16:45,144,67,77,0,0,0
2023-12-02 17:00,116,53,63,0,0,0
2023-12-02 17:15,114,48,66,0,0,0
2023-12-02 17:30,123,51,72,0,0,0
2023-12-02 17:45,136,78,58,0,0,0
2023-12-02 18:00,129,69,60,0,0,0
2023-12-02 18:15,135,50,85,0,0,0
2023-12-02 18:30,138,65,73,0,0,0
2023-12-02 18:45,113,58,55,0,0,0
2023-12-02 19:00,108,53,55,0,0,0
2023-12-02 19:15,105,55,50,0,0,0
2023-12-02 19:30,114,58,56,0,0,0
2023-12-02 19:45,122,50,72,0,0,0
2023-12-02 20:00,86,29,57,0,0,0
2023-12-02 20:15,82,33,49,0,0,0
2023-12-02 20:30,86,38,48,0,0,0
2023-12-02 20:45,68,19,49,0,0,0
2023-12-02 21:00,73,22,51,0,0,0
2023-12-02 21:15,76,14,62,0,0,0
2023-12-02 21:30,71,27,44,0,0,0
2023-12-02 21:45,60,14,46,0,0,0
2023-12-02 22:00,46,12,34,0,0,0
2023-12-02 22:15,62,19,43,0,0,0
2023-12-02 22:30,55,16,39,0,0,0
2023-12-02 22:45,61,25,36,0,0,0
2023-12-02 23:00,48,19,29,0,0,0
2023-12-02 23:15,52,20,32,0,0,0
2023-12-02 23:30,61,11,50,0,0,0
2023-12-02 23:45,57,16,41,0,0,0
2023-12-03 00:00,56,14,42,0,0,0
2023-12-03 00:15,43,14,29,0,0,0
2023-12-03 00:30,42,15,27,0,0,0
2023-12-03 00:45,45,16,29,0,0,0
2023-12-03 01:00,43,11,32,0,0,0
2023-12-03 01:15,35,13,22,0,0,0
2023-12-03 01:30,35,12,23,0,0,0
2023-12-03 01:45,35,8,27,0,0,0
2023-12-03 02:00,25,10,15,0,0,0
2023-12-03 02:15,24,5,19,0,0,0
2023-12-03 02:30,7,1,6,0,0,0
2023-12-03 02:45,13,5,8,0,0,0
2023-12-03 03:00,26,7,19,0,0,0
2023-12-03 03:15,19,4,15,0,0,0
2023-12-03 03:30,23,6,17,0,0,0
2023-12-03 03:45,15,3,12,0,0,0
2023-12-03 04:00,24,11,13,0,0,0
2023-12-03 04:15,26,11,15,0,0,0
2023-12-03 04:30,10,3,7,0,0,0
2023-12-03 04:45,18,6,12,0,0,0
2023-12-03 05:00,9,4,5,0,0,0
2023-12-03 05:15,7,1,6,0,0,0
2023-12-03 05:30,4,1,3,0,0,0
2023-12-03 05:45,4,2,2,0,0,0
2023-12-03 06:00,5,2,3,0,0,0
2023-12-03 06:15,6,3,3,0,0,0
2023-12-03 06:30,11,9,2,0,0,0
2023-12-03 06:45,5,3,2,0,0,0
2023-12-03 07:00,9,8,1,0,0,0
2023-12-03 07:15,4,2,2,0,0,0
2023-12-03 07:30,14,10,4,0,0,0
2023-12-03 07:45,11,5,6,0,0,0
2023-12-03 08:00,9,6,3,0,0,0
2023-12-03 08:15,8,5,3,0,0,0
2023-12-03 08:30,22,14,8,0,0,0
2023-12-03 08:45,23,18,5,0,0,0
2023-12-03 09:00,17,10,7,0,0,0
2023-12-03 09:15,31,21,10,0,0,0
2023-12-03 09:30,35,25,10,0,0,0
2023-12-03 09:45,60,45,15,0,0,0
2023-12-03 10:00,52,35,17,0,0,0
2023-12-03 10:15,70,47,23,0,0,0
2023-12-03 10:30,58,44,14,0,0,0
2023-12-03 10:45,66,41,25,0,0,0
2023-12-03 11:00,49,29,20,0,0,0
2023-12-03 11:15,60,28,32,0,0,0
2023-12-03 11:30,67,37,30,0,0,0
2023-12-03 11:45,70,33,37,0,0,0
2023-12-03 12:00,67,32,35,0,0,0
2023-12-03 12:15,54,26,28,0,0,0
2023-12-03 12:30,77,37,40,0,0,0
2023-12-03 12:45,88,47,41,0,0,0
2023-12-03 13:00,96,55,41,0,0,0
2023-12-03 13:15,67,40,27,0,0,0
2023-12-03 13:30,90,58,32,0,0,0
2023-12-03 13:45,109,67,42,0,0,0
2023-12-03 14:00,103,61,42,0,0,0
2023-12-03 14:15,88,46,42,0,0,0
2023-12-03 14:30,130,60,70,0,0,0
2023-12-03 14:45,141,80,61,0,0,0
2023-12-03 15:00,122,65,57,0,0,0
2023-12-03 15:15,87,49,38,0,0,0
2023-12-03 15:30,115,65,50,0,0,0
2023-12-03 15:45,129,68,61,0,0,0
2023-12-03 16:00,139,71,68,0,0,0
2023-12-03 16:15,98,51,47,0,0,0
2023-12-03 16:30,104,63,41,0,0,0
2023-12-03 16:45,130,75,55,0,0,0
2023-12-03 17:00,107,46,61,0,0,0
2023-12-03 17:15,125,65,60,0,0,0
2023-12-03 17:30,116,58,58,0,0,0
2023-12-03 17:45,113,46,67,0,0,0
2023-12-03 18:00,99,41,58,0,0,0
2023-12-03 18:15,104,42,62,0,0,0
2023-12-03 18:30,73,32,41,0,0,0
2023-12-03 18:45,87,33,54,0,0,0
2023-12-03 19:00,94,28,66,0,0,0
2023-12-03 19:15,90,36,54,0,0,0
2023-12-03 19:30,108,34,74,0,0,0
2023-12-03 19:45,86,29,57,0,0,0
2023-12-03 20:00,101,21,80,0,0,0
2023-12-03 20:15,92,23,69,0,0,0
2023-12-03 20:30,57,17,40,0,0,0
2023-12-03 20:45,48,10,38,0,0,0
2023-12-03 21:00,60,21,39,0,0,0
2023-12-03 21:15,43,8,35,0,0,0
2023-12-03 21:30,51,16,35,0,0,0
2023-12-03 21:45,44,13,31,0,0,0
2023-12-03 22:00,35,15,20,0,0,0
2023-12-03 22:15,32,4,28,0,0,0
2023-12-03 22:30,41,9,32,0,0,0
2023-12-03 22:45,29,8,21,0,0,0
2023-12-03 23:00,33,15,18,0,0,0
2023-12-03 23:15,20,2,18,0,0,0
2023-12-03 23:30,22,10,12,0,0,0
2023-12-03 23:45,27,10,17,0,0,0
2023-12-04 00:00,17,7,10,0,0,0
2023-12-04 00:15,8,3,5,0,0,0
2023-12-04 00:30,11,2,9,0,0,0
2023-12-04 00:45,4,0,4,0,0,0
2023-12-04 01:00,4,3,1,0,0,0
2023-12-04 01:15,4,0,4,0,0,0
2023-12-04 01:30,1,1,0,0,0,0
2023-12-04 01:45,3,3,0,0,0,0
2023-12-04 02:00,5,0,5,0,0,0
2023-12-04 02:15,2,0,2,0,0,0
2023-12-04 02:30,2,1,1,0,0,0
2023-12-04 02:45,0,0,0,0,0,0
2023-12-04 03:00,1,0,1,0,0,0
2023-12-04 03:15,1,1,0,0,0,0
2023-12-04 03:30,0,0,0,0,0,0
2023-12-04 03:45,6,2,4,0,0,0
2023-12-04 04:00,2,0,2,0,0,0
2023-12-04 04:15,3,0,3,0,0,0
2023-12-04 04:30,4,1,3,0,0,0
2023-12-04 04:45,2,1,1,0,0,0
2023-12-04 05:00,7,4,3,0,0,0
2023-12-04 05:15,6,4,2,0,0,0
2023-12-04 05:30,15,11,4,0,0,0
2023-12-04 05:45,18,12,6,0,0,0
2023-12-04 06:00,27,22,5,0,0,0
2023-12-04 06:15,29,21,8,0,0,0
2023-12-04 06:30,46,28,18,0,0,0
2023-12-04 06:45,72,45,27,0,0,0
2023-12-04 07:00,97,68,29,0,0,0
2023-12-04 07:15,103,71,32,0,0,0
2023-12-04 07:30,218,158,60,0,0,0
2023-12-04 07:45,297,174,123,0,0,0
2023-12-04 08:00,367,202,165,0,0,0
2023-12-04 08:15,244,135,109,0,0,0
2023-12-04 08:30,164,86,78,0,0,0
2023-12-04 08:45,207,104,103,0,0,0
2023-12-04 09:00,152,97,55,0,0,0
2023-12-04 09:15,127,75,52,0,0,0
2023-12-04 09:30,146,76,70,0,0,0
2023-12-04 09:45,312,153,159,0,0,0
2023-12-04 10:00,330,189,141,0,0,0
2023-12-04 10:15,128,69,59,0,0,0
2023-12-04 10:30,95,51,44,0,0,0
2023-12-04 10:45,101,69,32,0,0,0
2023-12-04 11:00,105,54,51,0,0,0
2023-12-04 11:15,111,48,63,0,0,0
2023-12-04 11:30,112,57,55,0,0,0
2023-12-04 11:45,337,174,163,0,0,0
2023-12-04 12:00,331,201,130,0,0,0
2023-12-04 12:15,147,63,84,0,0,0
2023-12-04 12:30,109,49,60,0,0,0
2023-12-04 12:45,144,71,73,0,0,0
2023-12-04 13:00,173,82,91,0,0,0
2023-12-04 13:15,171,65,106,0,0,0
2023-12-04 13:30,155,69,86,0,0,0
2023-12-04 13:45,360,166,194,0,0,0
2023-12-04 14:00,376,177,199,0,0,0
2023-12-04 14:15,168,77,91,0,0,0
2023-12-04 14:30,137,61,76,0,0,0
2023-12-04 14:45,138,63,75,0,0,0
2023-12-04 15:00,148,77,71,0,0,0
2023-12-04 15:15,185,81,104,0,0,0
2023-12-04 15:30,238,99,139,0,0,0
2023-12-04 15:45,417,228,189,0,0,0
2023-12-04 16:00,379,214,165,0,0,0
2023-12-04 16:15,269,136,133,0,0,0
2023-12-04 16:30,193,103,90,0,0,0
2023-12-04 16:45,220,108,112,0,0,0
2023-12-04 17:00,202,90,112,0,0,0
2023-12-04 17:15,239,128,111,0,0,0
2023-12-04 17:30,244,125,119,0,0,0
2023-12-04 17:45,451,198,253,0,0,0
2023-12-04 18:00,320,171,149,0,0,0
2023-12-04 18:15,230,103,127,0,0,0
2023-12-04 18:30,212,86,126,0,0,0
2023-12-04 18:45,252,123,129,0,0,0
2023-12-04 19:00,209,106,103,0,0,0
2023-12-04 19:15,187,73,114,0,0,0
2023-12-04 19:30,191,74,117,0,0,0
2023-12-04 19:45,235,66,169,0,0,0
2023-12-04 20:00,190,56,134,0,0,0
2023-12-04 20:15,178,51,127,0,0,0
2023-12-04 20:30,120,35,85,0,0,0
2023-12-04 20:45,85,37,48,0,0,0
2023-12-04 21:00,77,30,47,0,0,0
2023-12-04 21:15,98,46,52,0,0,0
2023-12-04 21:30,85,29,56,0,0,0
2023-12-04 21:45,85,34,51,0,0,0
2023-12-04 22:00,75,38,37,0,0,0
2023-12-04 22:15,81,40,41,0,0,0
2023-12-04 22:30,61,19,42,0,0,0
2023-12-04 22:45,46,15,31,0,0,0
2023-12-04 23:00,72,18,54,0,0,0
2023-12-04 23:15,36,8,28,0,0,0
2023-12-04 23:30,27,13,14,0,0,0
2023-12-04 23:45,35,11,24,0,0,0
2023-12-05 00:00,28,4,24,0,0,0
2023-12-05 00:15,18,3,15,0,0,0
2023-12-05 00:30,11,2,9,0,0,0
2023-12-05 00:45,9,2,7,0,0,0
2023-12-05 01:00,10,2,8,0,0,0
2023-12-05 01:15,5,5,0,0,0,0
2023-12-05 01:30,6,1,5,0,0,0
2023-12-05 01:45,3,3,0,0,0,0
2023-12-05 02:00,5,1,4,0,0,0
2023-12-05 02:15,7,3,4,0,0,0
2023-12-05 02:30,1,0,1,0,0,0
2023-12-05 02:45,2,0,2,0,0,0
2023-12-05 03:00,3,2,1,0,0,0
2023-12-05 03:15,1,1,0,0,0,0
2023-12-05 03:30,2,2,0,0,0,0
2023-12-05 03:45,0,0,0,0,0,0
2023-12-05 04:00,2,2,0,0,0,0
2023-12-05 04:15,0,0,0,0,0,0
2023-12-05 04:30,9,4,5,0,0,0
2023-12-05 04:45,10,5,5,0,0,0
2023-12-05 05:00,2,2,0,0,0,0
2023-12-05 05:15,4,3,1,0,0,0
2023-12-05 05:30,17,15,2,0,0,0
2023-12-05 05:45,21,15,6,0,0,0
2023-12-05 06:00,19,13,6,0,0,0
2023-12-05 06:15,37,27,10,0,0,0
2023-12-05 06:30,51,37,14,0,0,0
2023-12-05 06:45,77,48,29,0,0,0
2023-12-05 07:00,102,71,31,0,0,0
2023-12-05 07:15,124,87,37,0,0,0
2023-12-05 07:30,227,168,59,0,0,0
2023-12-05 07:45,365,214,151,0,0,0
2023-12-05 08:00,382,198,184,0,0,0
2023-12-05 08:15,251,146,105,0,0,0
2023-12-05 08:30,161,96,65,0,0,0
2023-12-05 08:45,247,122,125,0,0,0
2023-12-05 09:00,163,85,78,0,0,0
2023-12-05 09:15,137,82,55,0,0,0
2023-12-05 09:30,148,85,63,0,0,0
2023-12-05 09:45,309,153,156,0,0,0
2023-12-05 10:00,383,234,149,0,0,0
2023-12-05 10:15,112,65,47,0,0,0
2023-12-05 10:30,91,43,48,0,0,0
2023-12-05 10:45,98,52,46,0,0,0
2023-12-05 11:00,115,59,56,0,0,0
2023-12-05 11:15,97,52,45,0,0,0
2023-12-05 11:30,157,72,85,0,0,0
2023-12-05 11:45,312,152,160,0,0,0
2023-12-05 12:00,303,156,147,0,0,0
2023-12-05 12:15,177,84,93,0,0,0
2023-12-05 12:30,136,69,67,0,0,0
2023-12-05 12:45,170,101,69,0,0,0
2023-12-05 13:00,226,103,123,0,0,0
2023-12-05 13:15,161,61,100,0,0,0
2023-12-05 13:30,201,99,102,0,0,0
2023-12-05 13:45,355,188,167,0,0,0
2023-12-05 14:00,387,232,155,0,0,0
2023-12-05 14:15,162,71,91,0,0,0
2023-12-05 14:30,160,61,99,0,0,0
2023-12-05 14:45,144,61,83,0,0,0
2023-12-05 15:00,170,75,95,0,0,0
2023-12-05 15:15,165,89,76,0,0,0
2023-12-05 15:30,185,78,107,0,0,0
2023-12-05 15:45,403,196,207,0,0,0
2023-12-05 16:00,338,168,170,0,0,0
2023-12-05 16:15,221,105,116,0,0,0
2023-12-05 16:30,217,100,117,0,0,0
2023-12-05 16:45,236,121,115,0,0,0
2023-12-05 17:00,221,98,123,0,0,0
2023-12-05 17:15,241,126,115,0,0,0
2023-12-05 17:30,302,157,145,0,0,0
2023-12-05 17:45,401,181,220,0,0,0
2023-12-05 18:00,337,174,163,0,0,0
2023-12-05 18:15,264,135,129,0,0,0
2023-12-05 18:30,209,110,99,0,0,0
2023-12-05 18:45,249,102,147,0,0,0
2023-12-05 19:00,223,100,123,0,0,0
2023-12-05 19:15,198,96,102,0,0,0
2023-12-05 19:30,176,79,97,0,0,0
2023-12-05 19:45,237,95,142,0,0,0
2023-12-05 20:00,153,56,97,0,0,0
2023-12-05 20:15,128,30,98,0,0,0
2023-12-05 20:30,105,33,72,0,0,0
2023-12-05 20:45,124,41,83,0,0,0
2023-12-05 21:00,86,32,54,0,0,0
2023-12-05 21:15,91,42,49,0,0,0
2023-12-05 21:30,79,33,46,0,0,0
2023-12-05 21:45,106,30,76,0,0,0
2023-12-05 22:00,106,44,62,0,0,0
2023-12-05 22:15,88,37,51,0,0,0
2023-12-05 22:30,94,21,73,0,0,0
2023-12-05 22:45,71,22,49,0,0,0
2023-12-05 23:00,64,22,42,0,0,0
2023-12-05 23:15,60,20,40,0,0,0
2023-12-05 23:30,54,11,43,0,0,0
2023-12-05 23:45,26,8,18,0,0,0
2023-12-06 00:00,24,10,14,0,0,0
2023-12-06 00:15,18,2,16,0,0,0
2023-12-06 00:30,18,5,13,0,0,0
2023-12-06 00:45,10,4,6,0,0,0
2023-12-06 01:00,14,2,12,0,0,0
2023-12-06 01:15,9,3,6,0,0,0
2023-12-06 01:30,10,2,8,0,0,0
2023-12-06 01:45,8,2,6,0,0,0
2023-12-06 02:00,5,1,4,0,0,0
2023-12-06 02:15,8,3,5,0,0,0
2023-12-06 02:30,2,2,0,0,0,0
2023-12-06 02:45,2,1,1,0,0,0
2023-12-06 03:00,1,0,1,0,0,0
2023-12-06 03:15,1,1,0,0,0,0
2023-12-06 03:30,3,3,0,0,0,0
2023-12-06 03:45,2,1,1,0,0,0
2023-12-06 04:00,3,3,0,0,0,0
2023-12-06 04:15,2,1,1,0,0,0
2023-12-06 04:30,3,1,2,0,0,0
2023-12-06 04:45,7,4,3,0,0,0
2023-12-06 05:00,6,5,1,0,0,0
2023-12-06 05:15,8,5,3,0,0,0
2023-12-06 05:30,20,15,5,0,0,0
2023-12-06 05:45,19,12,7,0,0,0
2023-12-06 06:00,28,22,6,0,0,0
2023-12-06 06:15,34,22,12,0,0,0
2023-12-06 06:30,46,31,15,0,0,0
2023-12-06 06:45,69,47,22,0,0,0
2023-12-06 07:00,84,53,31,0,0,0
2023-12-06 07:15,133,85,48,0,0,0
2023-12-06 07:30,247,178,69,0,0,0
2023-12-06 07:45,347,187,160,0,0,0
2023-12-06 08:00,367,187,180,0,0,0
2023-12-06 08:15,285,167,118,0,0,0
2023-12-06 08:30,181,107,74,0,0,0
2023-12-06 08:45,268,141,127,0,0,0
2023-12-06 09:00,173,83,90,0,0,0
2023-12-06 09:15,144,79,65,0,0,0
2023-12-06 09:30,158,93,65,0,0,0
2023-12-06 09:45,334,159,175,0,0,0
2023-12-06 10:00,360,223,137,0,0,0
2023-12-06 10:15,144,85,59,0,0,0
2023-12-06 10:30,105,50,55,0,0,0
2023-12-06 10:45,128,65,63,0,0,0
2023-12-06 11:00,110,61,49,0,0,0
2023-12-06 11:15,113,54,59,0,0,0
2023-12-06 11:30,141,73,68,0,0,0
2023-12-06 11:45,330,181,149,0,0,0
2023-12-06 12:00,335,200,135,0,0,0
2023-12-06 12:15,181,107,74,0,0,0
2023-12-06 12:30,164,86,78,0,0,0
2023-12-06 12:45,198,113,85,0,0,0
2023-12-06 13:00,212,109,103,0,0,0
2023-12-06 13:15,203,113,90,0,0,0
2023-12-06 13:30,179,76,103,0,0,0
2023-12-06 13:45,353,153,200,0,0,0
2023-12-06 14:00,332,176,156,0,0,0
2023-12-06 14:15,189,85,104,0,0,0
2023-12-06 14:30,184,83,101,0,0,0
2023-12-06 14:45,190,76,114,0,0,0
2023-12-06 15:00,213,85,128,0,0,0
2023-12-06 15:15,202,87,115,0,0,0
2023-12-06 15:30,289,117,172,0,0,0
2023-12-06 15:45,430,201,229,0,0,0
2023-12-06 16:00,341,191,150,0,0,0
2023-12-06 16:15,254,115,139,0,0,0
2023-12-06 16:30,245,126,119,0,0,0
2023-12-06 16:45,270,151,119,0,0,0
2023-12-06 17:00,241,131,110,0,0,0
2023-12-06 17:15,250,120,130,0,0,0
2023-12-06 17:30,274,148,126,0,0,0
2023-12-06 17:45,473,222,251,0,0,0
2023-12-06 18:00,380,192,188,0,0,0
2023-12-06 18:15,298,127,171,0,0,0
2023-12-06 18:30,236,106,130,0,0,0
2023-12-06 18:45,269,133,136,0,0,0
2023-12-06 19:00,262,131,131,0,0,0
2023-12-06 19:15,226,110,116,0,0,0
2023-12-06 19:30,179,77,102,0,0,0
2023-12-06 19:45,209,98,111,0,0,0
2023-12-06 20:00,221,69,152,0,0,0
2023-12-06 20:15,173,60,113,0,0,0
2023-12-06 20:30,192,72,120,0,0,0
2023-12-06 20:45,148,45,103,0,0,0
2023-12-06 21:00,115,50,65,0,0,0
2023-12-06 21:15,101,39,62,0,0,0
2023-12-06 21:30,115,32,83,0,0,0
2023-12-06 21:45,113,52,61,0,0,0
2023-12-06 22:00,142,50,92,0,0,0
2023-12-06 22:15,159,50,109,0,0,0
2023-12-06 22:30,103,44,59,0,0,0
2023-12-06 22:45,87,32,55,0,0,0
2023-12-06 23:00,100,39,61,0,0,0
2023-12-06 23:15,86,27,59,0,0,0
2023-12-06 23:30,64,34,30,0,0,0
2023-12-06 23:45,74,44,30,0,0,0
2023-12-07 00:00,62,31,31,0,0,0
2023-12-07 00:15,63,29,34,0,0,0
2023-12-07 00:30,50,13,37,0,0,0
2023-12-07 00:45,36,3,33,0,0,0
2023-12-07 01:00,32,15,17,0,0,0
2023-12-07 01:15,59,19,40,0,0,0
2023-12-07 01:30,40,12,28,0,0,0
2023-12-07 01:45,47,14,33,0,0,0
2023-12-07 02:00,16,5,11,0,0,0
2023-12-07 02:15,31,8,23,0,0,0
2023-12-07 02:30,18,4,14,0,0,0
2023-12-07 02:45,25,1,24,0,0,0
2023-12-07 03:00,18,4,14,0,0,0
2023-12-07 03:15,20,3,17,0,0,0
2023-12-07 03:30,9,1,8,0,0,0
2023-12-07 03:45,11,1,10,0,0,0
2023-12-07 04:00,10,1,9,0,0,0
2023-12-07 04:15,12,2,10,0,0,0
2023-12-07 04:30,10,3,7,0,0,0
2023-12-07 04:45,10,6,4,0,0,0
2023-12-07 05:00,6,5,1,0,0,0
2023-12-07 05:15,15,9,6,0,0,0
2023-12-07 05:30,16,9,7,0,0,0
2023-12-07 05:45,24,10,14,0,0,0
2023-12-07 06:00,28,19,9,0,0,0
2023-12-07 06:15,38,26,12,0,0,0
2023-12-07 06:30,43,30,13,0,0,0
2023-12-07 06:45,80,49,31,0,0,0
2023-12-07 07:00,90,47,43,0,0,0
2023-12-07 07:15,104,68,36,0,0,0
2023-12-07 07:30,231,166,65,0,0,0
2023-12-07 07:45,353,193,160,0,0,0
2023-12-07 08:00,362,181,181,0,0,0
2023-12-07 08:15,272,134,138,0,0,0
2023-12-07 08:30,194,121,73,0,0,0
2023-12-07 08:45,262,158,104,0,0,0
2023-12-07 09:00,180,111,69,0,0,0
2023-12-07 09:15,128,84,44,0,0,0
2023-12-07 09:30,154,71,83,0,0,0
2023-12-07 09:45,323,173,150,0,0,0
2023-12-07 10:00,359,223,136,0,0,0
2023-12-07 10:15,161,85,76,0,0,0
2023-12-07 10:30,104,62,42,0,0,0
2023-12-07 10:45,130,74,56,0,0,0
2023-12-07 11:00,124,66,58,0,0,0
2023-12-07 11:15,127,63,64,0,0,0
2023-12-07 11:30,162,83,79,0,0,0
2023-12-07 11:45,346,168,178,0,0,0
2023-12-07 12:00,281,140,141,0,0,0
2023-12-07 12:15,194,105,89,0,0,0
2023-12-07 12:30,150,63,87,0,0,0
2023-12-07 12:45,168,93,75,0,0,0
2023-12-07 13:00,193,96,97,0,0,0
2023-12-07 13:15,190,92,98,0,0,0
2023-12-07 13:30,214,111,103,0,0,0
2023-12-07 13:45,374,202,172,0,0,0
2023-12-07 14:00,378,188,190,0,0,0
2023-12-07 14:15,223,106,117,0,0,0
2023-12-07 14:30,208,88,120,0,0,0
2023-12-07 14:45,210,104,106,0,0,0
2023-12-07 15:00,199,107,92,0,0,0
2023-12-07 15:15,220,119,101,0,0,0
2023-12-07 15:30,263,98,165,0,0,0
2023-12-07 15:45,430,220,210,0,0,0
2023-12-07 16:00,375,217,158,0,0,0
2023-12-07 16:15,275,141,134,0,0,0
2023-12-07 16:30,238,124,114,0,0,0
2023-12-07 16:45,280,137,143,0,0,0
2023-12-07 17:00,252,118,134,0,0,0
2023-12-07 17:15,259,124,135,0,0,0
2023-12-07 17:30,314,175,139,0,0,0
2023-12-07 17:45,445,225,220,0,0,0
2023-12-07 18:00,318,161,157,0,0,0
2023-12-07 18:15,284,144,140,0,0,0
2023-12-07 18:30,239,110,129,0,0,0
2023-12-07 18:45,277,137,140,0,0,0
2023-12-07 19:00,214,107,107,0,0,0
2023-12-07 19:15,172,82,90,0,0,0
2023-12-07 19:30,159,59,100,0,0,0
2023-12-07 19:45,228,77,151,0,0,0
2023-12-07 20:00,209,66,143,0,0,0
2023-12-07 20:15,220,95,125,0,0,0
2023-12-07 20:30,115,28,87,0,0,0
2023-12-07 20:45,139,51,88,0,0,0
2023-12-07 21:00,106,43,63,0,0,0
2023-12-07 21:15,96,41,55,0,0,0
2023-12-07 21:30,91,26,65,0,0,0
2023-12-07 21:45,112,45,67,0,0,0
2023-12-07 22:00,113,37,76,0,0,0
2023-12-07 22:15,96,40,56,0,0,0
2023-12-07 22:30,89,27,62,0,0,0
2023-12-07 22:45,81,33,48,0,0,0
2023-12-07 23:00,79,10,69,0,0,0
2023-12-07 23:15,85,22,63,0,0,0
2023-12-07 23:30,65,23,42,0,0,0
2023-12-07 23:45,65,24,41,0,0,0
2023-12-08 00:00,38,11,27,0,0,0
2023-12-08 00:15,48,16,32,0,0,0
2023-12-08 00:30,28,13,15,0,0,0
2023-12-08 00:45,24,5,19,0,0,0
2023-12-08 01:00,17,4,13,0,0,0
2023-12-08 01:15,20,3,17,0,0,0
2023-12-08 01:30,11,4,7,0,0,0
2023-12-08 01:45,15,1,14,0,0,0
2023-12-08 02:00,9,2,7,0,0,0
2023-12-08 02:15,5,0,5,0,0,0
2023-12-08 02:30,10,1,9,0,0,0
2023-12-08 02:45,4,0,4,0,0,0
2023-12-08 03:00,4,0,4,0,0,0
2023-12-08 03:15,17,1,16,0,0,0
2023-12-08 03:30,4,1,3,0,0,0
2023-12-08 03:45,5,4,1,0,0,0
2023-12-08 04:00,4,1,3,0,0,0
2023-12-08 04:15,3,0,3,0,0,0
2023-12-08 04:30,4,3,1,0,0,0
2023-12-08 04:45,5,4,1,0,0,0
2023-12-08 05:00,9,4,5,0,0,0
2023-12-08 05:15,9,7,2,0,0,0
2023-12-08 05:30,11,8,3,0,0,0
2023-12-08 05:45,15,5,10,0,0,0
2023-12-08 06:00,26,16,10,0,0,0
2023-12-08 06:15,26,19,7,0,0,0
2023-12-08 06:30,39,27,12,0,0,0
2023-12-08 06:45,46,24,22,0,0,0
2023-12-08 07:00,80,46,34,0,0,0
2023-12-08 07:15,91,64,27,0,0,0
2023-12-08 07:30,201,146,55,0,0,0
2023-12-08 07:45,260,159,101,0,0,0
2023-12-08 08:00,278,141,137,0,0,0
2023-12-08 08:15,179,105,74,0,0,0
2023-12-08 08:30,170,102,68,0,0,0
2023-12-08 08:45,195,110,85,0,0,0
2023-12-08 09:00,134,78,56,0,0,0
2023-12-08 09:15,134,83,51,0,0,0
2023-12-08 09:30,146,75,71,0,0,0
2023-12-08 09:45,230,134,96,0,0,0
2023-12-08 10:00,278,141,137,0,0,0
2023-12-08 10:15,135,68,67,0,0,0
2023-12-08 10:30,106,67,39,0,0,0
2023-12-08 10:45,104,57,47,0,0,0
2023-12-08 11:00,112,65,47,0,0,0
2023-12-08 11:15,125,71,54,0,0,0
2023-12-08 11:30,149,91,58,0,0,0
2023-12-08 11:45,228,111,117,0,0,0
2023-12-08 12:00,241,129,112,0,0,0
2023-12-08 12:15,173,93,80,0,0,0
2023-12-08 12:30,145,66,79,0,0,0
2023-12-08 12:45,172,95,77,0,0,0
2023-12-08 13:00,221,85,136,0,0,0
2023-12-08 13:15,221,96,125,0,0,0
2023-12-08 13:30,197,89,108,0,0,0
2023-12-08 13:45,237,122,115,0,0,0
2023-12-08 14:00,252,101,151,0,0,0
2023-12-08 14:15,178,91,87,0,0,0
2023-12-08 14:30,182,92,90,0,0,0
2023-12-08 14:45,198,100,98,0,0,0
2023-12-08 15:00,164,71,93,0,0,0
2023-12-08 15:15,206,103,103,0,0,0
2023-12-08 15:30,182,99,83,0,0,0
2023-12-08 15:45,237,147,90,0,0,0
2023-12-08 16:00,216,100,116,0,0,0
2023-12-08 16:15,178,97,81,0,0,0
2023-12-08 16:30,183,96,87,0,0,0
2023-12-08 16:45,195,105,90,0,0,0
2023-12-08 17:00,164,100,64,0,0,0
2023-12-08 17:15,164,92,72,0,0,0
2023-12-08 17:30,213,106,107,0,0,0
2023-12-08 17:45,257,144,113,0,0,0
2023-12-08 18:00,228,120,108,0,0,0
2023-12-08 18:15,217,117,100,0,0,0
2023-12-08 18:30,188,102,86,0,0,0
2023-12-08 18:45,262,141,121,0,0,0
2023-12-08 19:00,197,98,99,0,0,0
2023-12-08 19:15,209,121,88,0,0,0
2023-12-08 19:30,179,94,85,0,0,0
2023-12-08 19:45,163,86,77,0,0,0
2023-12-08 20:00,144,66,78,0,0,0
2023-12-08 20:15,166,69,97,0,0,0
2023-12-08 20:30,96,25,71,0,0,0
2023-12-08 20:45,105,40,65,0,0,0
2023-12-08 21:00,127,45,82,0,0,0
2023-12-08 21:15,116,43,73,0,0,0
2023-12-08 21:30,120,37,83,0,0,0
2023-12-08 21:45,86,22,64,0,0,0
2023-12-08 22:00,84,30,54,0,0,0
2023-12-08 22:15,125,52,73,0,0,0
2023-12-08 22:30,79,19,60,0,0,0
2023-12-08 22:45,75,17,58,0,0,0
2023-12-08 23:00,88,28,60,0,0,0
2023-12-08 23:15,103,33,70,0,0,0
2023-12-08 23:30,94,27,67,0,0,0
2023-12-08 23:45,99,36,63,0,0,0
2023-12-09 00:00,84,20,64,0,0,0
2023-12-09 00:15,63,9,54,0,0,0
2023-12-09 00:30,68,19,49,0,0,0
2023-12-09 00:45,65,20,45,0,0,0
2023-12-09 01:00,49,20,29,0,0,0
2023-12-09 01:15,77,32,45,0,0,0
2023-12-09 01:30,43,18,25,0,0,0
2023-12-09 01:45,53,24,29,0,0,0
2023-12-09 02:00,50,12,38,0,0,0
2023-12-09 02:15,23,6,17,0,0,0
2023-12-09 02:30,30,4,26,0,0,0
2023-12-09 02:45,29,8,21,0,0,0
2023-12-09 03:00,33,3,30,0,0,0
2023-12-09 03:15,33,2,31,0,0,0
2023-12-09 03:30,22,1,21,0,0,0
2023-12-09 03:45,11,0,11,0,0,0
2023-12-09 04:00,13,1,12,0,0,0
2023-12-09 04:15,19,1,18,0,0,0
2023-12-09 04:30,13,1,12,0,0,0
2023-12-09 04:45,14,1,13,0,0,0
2023-12-09 05:00,13,2,11,0,0,0
2023-12-09 05:15,14,6,8,0,0,0
2023-12-09 05:30,14,6,8,0,0,0
2023-12-09 05:45,13,3,10,0,0,0
2023-12-09 06:00,6,2,4,0,0,0
2023-12-09 06:15,11,4,7,0,0,0
2023-12-09 06:30,14,4,10,0,0,0
2023-12-09 06:45,12,5,7,0,0,0
2023-12-09 07:00,13,11,2,0,0,0
2023-12-09 07:15,28,15,13,0,0,0
2023-12-09 07:30,18,15,3,0,0,0
2023-12-09 07:45,30,18,12,0,0,0
2023-12-09 08:00,64,50,14,0,0,0
2023-12-09 08:15,32,22,10,0,0,0
2023-12-09 08:30,50,34,16,0,0,0
2023-12-09 08:45,51,35,16,0,0,0
2023-12-09 09:00,38,26,12,0,0,0
2023-12-09 09:15,59,31,28,0,0,0
2023-12-09 09:30,71,49,22,0,0,0
2023-12-09 09:45,127,93,34,0,0,0
2023-12-09 10:00,113,75,38,0,0,0
2023-12-09 10:15,136,105,31,0,0,0
2023-12-09 10:30,103,76,27,0,0,0
2023-12-09 10:45,124,92,32,0,0,0
2023-12-09 11:00,122,85,37,0,0,0
2023-12-09 11:15,109,71,38,0,0,0
2023-12-09 11:30,122,85,37,0,0,0
2023-12-09 11:45,123,75,48,0,0,0
2023-12-09 12:00,120,82,38,0,0,0
2023-12-09 12:15,124,80,44,0,0,0
2023-12-09 12:30,116,65,51,0,0,0
2023-12-09 12:45,162,83,79,0,0,0
2023-12-09 13:00,145,84,61,0,0,0
2023-12-09 13:15,152,86,66,0,0,0
2023-12-09 13:30,152,83,69,0,0,0
2023-12-09 13:45,158,79,79,0,0,0
2023-12-09 14:00,162,81,81,0,0,0
2023-12-09 14:15,138,71,67,0,0,0
2023-12-09 14:30,150,68,82,0,0,0
2023-12-09 14:45,151,68,83,0,0,0
2023-12-09 15:00,133,52,81,0,0,0
2023-12-09 15:15,173,80,93,0,0,0
2023-12-09 15:30,131,70,61,0,0,0
2023-12-09 15:45,143,69,74,0,0,0
2023-12-09 16:00,103,48,55,0,0,0
2023-12-09 16:15,96,29,67,0,0,0
2023-12-09 16:30,103,39,64,0,0,0
2023-12-09 16:45,96,47,49,0,0,0
2023-12-09 17:00,96,45,51,0,0,0
2023-12-09 17:15,91,30,61,0,0,0
2023-12-09 17:30,112,43,69,0,0,0
2023-12-09 17:45,110,37,73,0,0,0
2023-12-09 18:00,113,41,72,0,0,0
2023-12-09 18:15,96,38,58,0,0,0
2023-12-09 18:30,96,40,56,0,0,0
2023-12-09 18:45,107,57,50,0,0,0
2023-12-09 19:00,83,41,42,0,0,0
2023-12-09 19:15,96,54,42,0,0,0
2023-12-09 19:30,61,24,37,0,0,0
2023-12-09 19:45,77,36,41,0,0,0
2023-12-09 20:00,72,29,43,0,0,0
2023-12-09 20:15,79,39,40,0,0,0
2023-12-09 20:30,73,35,38,0,0,0
2023-12-09 20:45,53,23,30,0,0,0
2023-12-09 21:00,63,19,44,0,0,0
2023-12-09 21:15,46,21,25,0,0,0
2023-12-09 21:30,71,27,44,0,0,0
2023-12-09 21:45,51,30,21,0,0,0
2023-12-09 22:00,52,12,40,0,0,0
2023-12-09 22:15,53,17,36,0,0,0
2023-12-09 22:30,53,16,37,0,0,0
2023-12-09 22:45,38,15,23,0,0,0
2023-12-09 23:00,47,18,29,0,0,0
2023-12-09 23:15,37,19,18,0,0,0
2023-12-09 23:30,43,17,26,0,0,0
2023-12-09 23:45,39,12,27,0,0,0
2023-12-10 00:00,49,6,43,0,0,0
2023-12-10 00:15,51,12,39,0,0,0
2023-12-10 00:30,39,15,24,0,0,0
2023-12-10 00:45,49,11,38,0,0,0
2023-12-10 01:00,49,20,29,0,0,0
2023-12-10 01:15,21,10,11,0,0,0
2023-12-10 01:30,32,12,20,0,0,0
2023-12-10 01:45,34,16,18,0,0,0
2023-12-10 02:00,37,10,27,0,0,0
2023-12-10 02:15,18,3,15,0,0,0
2023-12-10 02:30,22,4,18,0,0,0
2023-12-10 02:45,29,9,20,0,0,0
2023-12-10 03:00,29,1,28,0,0,0
2023-12-10 03:15,25,7,18,0,0,0
2023-12-10 03:30,22,2,20,0,0,0
2023-12-10 03:45,23,7,16,0,0,0
2023-12-10 04:00,22,2,20,0,0,0
2023-12-10 04:15,8,3,5,0,0,0
2023-12-10 04:30,22,0,22,0,0,0
2023-12-10 04:45,6,0,6,0,0,0
2023-12-10 05:00,11,3,8,0,0,0
2023-12-10 05:15,9,1,8,0,0,0
2023-12-10 05:30,10,2,8,0,0,0
2023-12-10 05:45,7,2,5,0,0,0
2023-12-10 06:00,4,2,2,0,0,0
2023-12-10 06:15,9,3,6,0,0,0
2023-12-10 06:30,15,4,11,0,0,0
2023-12-10 06:45,8,4,4,0,0,0
2023-12-10 07:00,5,0,5,0,0,0
2023-12-10 07:15,8,2,6,0,0,0
2023-12-10 07:30,13,4,9,0,0,0
2023-12-10 07:45,7,6,1,0,0,0
2023-12-10 08:00,9,6,3,0,0,0
2023-12-10 08:15,9,5,4,0,0,0
2023-12-10 08:30,15,12,3,0,0,0
2023-12-10 08:45,27,19,8,0,0,0
2023-12-10 09:00,25,17,8,0,0,0
2023-12-10 09:15,24,17,7,0,0,0
2023-12-10 09:30,29,15,14,0,0,0
2023-12-10 09:45,61,48,13,0,0,0
2023-12-10 10:00,58,41,17,0,0,0
2023-12-10 10:15,65,39,26,0,0,0
2023-12-10 10:30,67,51,16,0,0,0
2023-12-10 10:45,76,49,27,0,0,0
2023-12-10 11:00,58,35,23,0,0,0
2023-12-10 11:15,72,47,25,0,0,0
2023-12-10 11:30,59,36,23,0,0,0
2023-12-10 11:45,65,42,23,0,0,0
2023-12-10 12:00,70,43,27,0,0,0
2023-12-10 12:15,74,39,35,0,0,0
2023-12-10 12:30,50,29,21,0,0,0
2023-12-10 12:45,85,46,39,0,0,0
2023-12-10 13:00,68,32,36,0,0,0
2023-12-10 13:15,82,37,45,0,0,0
2023-12-10 13:30,89,45,44,0,0,0
2023-12-10 13:45,123,68,55,0,0,0
2023-12-10 14:00,88,51,37,0,0,0
2023-12-10 14:15,98,52,46,0,0,0
2023-12-10 14:30,112,58,54,0,0,0
2023-12-10 14:45,119,83,36,0,0,0
2023-12-10 15:00,108,57,51,0,0,0
2023-12-10 15:15,104,56,48,0,0,0
2023-12-10 15:30,85,43,42,0,0,0
2023-12-10 15:45,118,71,47,0,0,0
2023-12-10 16:00,117,73,44,0,0,0
2023-12-10 16:15,162,112,50,0,0,0
2023-12-10 16:30,140,64,76,0,0,0
2023-12-10 16:45,131,49,82,0,0,0
2023-12-10 17:00,98,38,60,0,0,0
2023-12-10 17:15,99,50,49,0,0,0
2023-12-10 17:30,117,50,67,0,0,0
2023-12-10 17:45,182,50,132,0,0,0
2023-12-10 18:00,154,56,98,0,0,0
2023-12-10 18:15,116,41,75,0,0,0
2023-12-10 18:30,96,46,50,0,0,0
2023-12-10 18:45,138,59,79,0,0,0
2023-12-10 19:00,127,39,88,0,0,0
2023-12-10 19:15,92,31,61,0,0,0
2023-12-10 19:30,45,19,26,0,0,0
2023-12-10 19:45,93,24,69,0,0,0
2023-12-10 20:00,93,23,70,0,0,0
2023-12-10 20:15,71,9,62,0,0,0
2023-12-10 20:30,67,18,49,0,0,0
2023-12-10 20:45,70,16,54,0,0,0
2023-12-10 21:00,59,18,41,0,0,0
2023-12-10 21:15,48,17,31,0,0,0
2023-12-10 21:30,50,22,28,0,0,0
2023-12-10 21:45,83,15,68,0,0,0
2023-12-10 22:00,57,13,44,0,0,0
2023-12-10 22:15,37,8,29,0,0,0
2023-12-10 22:30,38,4,34,0,0,0
2023-12-10 22:45,42,9,33,0,0,0
2023-12-10 23:00,23,5,18,0,0,0
2023-12-10 23:15,24,4,20,0,0,0
2023-12-10 23:30,14,1,13,0,0,0
2023-12-10 23:45,18,4,14,0,0,0
2023-12-11 00:00,27,5,22,0,0,0
2023-12-11 00:15,5,2,3,0,0,0
2023-12-11 00:30,1,0,1,0,0,0
2023-12-11 00:45,11,0,11,0,0,0
2023-12-11 01:00,2,1,1,0,0,0
2023-12-11 01:15,6,2,4,0,0,0
2023-12-11 01:30,3,1,2,0,0,0
2023-12-11 01:45,5,2,3,0,0,0
2023-12-11 02:00,1,0,1,0,0,0
2023-12-11 02:15,3,0,3,0,0,0
2023-12-11 02:30,0,0,0,0,0,0
2023-12-11 02:45,2,0,2,0,0,0
2023-12-11 03:00,2,0,2,0,0,0
2023-12-11 03:15,3,2,1,0,0,0
2023-12-11 03:30,4,3,1,0,0,0
2023-12-11 03:45,1,1,0,0,0,0
2023-12-11 04:00,2,1,1,0,0,0
2023-12-11 04:15,1,1,0,0,0,0
2023-12-11 04:30,3,0,3,0,0,0
2023-12-11 04:45,8,6,2,0,0,0
2023-12-11 05:00,9,7,2,0,0,0
2023-12-11 05:15,9,6,3,0,0,0
2023-12-11 05:30,17,11,6,0,0,0
2023-12-11 05:45,23,16,7,0,0,0
2023-12-11 06:00,26,17,9,0,0,0
2023-12-11 06:15,40,27,13,0,0,0
2023-12-11 06:30,45,22,23,0,0,0
2023-12-11 06:45,62,37,25,0,0,0
2023-12-11 07:00,73,49,24,0,0,0
2023-12-11 07:15,84,51,33,0,0,0
2023-12-11 07:30,187,134,53,0,0,0
2023-12-11 07:45,270,147,123,0,0,0
2023-12-11 08:00,329,145,184,0,0,0
2023-12-11 08:15,218,129,89,0,0,0
2023-12-11 08:30,160,83,77,0,0,0
2023-12-11 08:45,206,103,103,0,0,0
2023-12-11 09:00,134,77,57,0,0,0
2023-12-11 09:15,111,61,50,0,0,0
2023-12-11 09:30,138,60,78,0,0,0
2023-12-11 09:45,256,117,139,0,0,0
2023-12-11 10:00,294,174,120,0,0,0
2023-12-11 10:15,111,55,56,0,0,0
2023-12-11 10:30,85,45,40,0,0,0
2023-12-11 10:45,107,65,42,0,0,0
2023-12-11 11:00,100,51,49,0,0,0
2023-12-11 11:15,92,42,50,0,0,0
2023-12-11 11:30,119,53,66,0,0,0
2023-12-11 11:45,313,169,144,0,0,0
2023-12-11 12:00,264,159,105,0,0,0
2023-12-11 12:15,161,78,83,0,0,0
2023-12-11 12:30,148,63,85,0,0,0
2023-12-11 12:45,132,73,59,0,0,0
2023-12-11 13:00,167,77,90,0,0,0
2023-12-11 13:15,164,68,96,0,0,0
2023-12-11 13:30,168,84,84,0,0,0
2023-12-11 13:45,338,158,180,0,0,0
2023-12-11 14:00,321,145,176,0,0,0
2023-12-11 14:15,163,73,90,0,0,0
2023-12-11 14:30,173,78,95,0,0,0
2023-12-11 14:45,156,66,90,0,0,0
2023-12-11 15:00,164,83,81,0,0,0
2023-12-11 15:15,167,82,85,0,0,0
2023-12-11 15:30,222,102,120,0,0,0
2023-12-11 15:45,438,209,229,0,0,0
2023-12-11 16:00,367,200,167,0,0,0
2023-12-11 16:15,248,110,138,0,0,0
2023-12-11 16:30,221,99,122,0,0,0
2023-12-11 16:45,229,109,120,0,0,0
2023-12-11 17:00,237,124,113,0,0,0
2023-12-11 17:15,244,125,119,0,0,0
2023-12-11 17:30,253,118,135,0,0,0
2023-12-11 17:45,461,236,225,0,0,0
2023-12-11 18:00,373,203,170,0,0,0
2023-12-11 18:15,267,121,146,0,0,0
2023-12-11 18:30,221,98,123,0,0,0
2023-12-11 18:45,229,115,114,0,0,0
2023-12-11 19:00,200,81,119,0,0,0
2023-12-11 19:15,195,79,116,0,0,0
2023-12-11 19:30,203,75,128,0,0,0
2023-12-11 19:45,312,90,222,0,0,0
2023-12-11 20:00,205,45,160,0,0,0
2023-12-11 20:15,184,40,144,0,0,0
2023-12-11 20:30,118,25,93,0,0,0
2023-12-11 20:45,125,38,87,0,0,0
2023-12-11 21:00,90,36,54,0,0,0
2023-12-11 21:15,101,36,65,0,0,0
2023-12-11 21:30,97,32,65,0,0,0
2023-12-11 21:45,91,33,58,0,0,0
2023-12-11 22:00,91,33,58,0,0,0
2023-12-11 22:15,95,36,59,0,0,0
2023-12-11 22:30,57,21,36,0,0,0
2023-12-11 22:45,78,21,57,0,0,0
2023-12-11 23:00,70,11,59,0,0,0
2023-12-11 23:15,45,18,27,0,0,0
2023-12-11 23:30,33,5,28,0,0,0
2023-12-11 23:45,32,9,23,0,0,0
2023-12-12 00:00,26,15,11,0,0,0
2023-12-12 00:15,33,11,22,0,0,0
2023-12-12 00:30,25,8,17,0,0,0
2023-12-12 00:45,13,0,13,0,0,0
2023-12-12 01:00,17,4,13,0,0,0
2023-12-12 01:15,8,3,5,0,0,0
2023-12-12 01:30,10,3,7,0,0,0
2023-12-12 01:45,3,1,2,0,0,0
2023-12-12 02:00,5,0,5,0,0,0
2023-12-12 02:15,5,0,5,0,0,0
2023-12-12 02:30,1,0,1,0,0,0
2023-12-12 02:45,2,0,2,0,0,0
2023-12-12 03:00,3,2,1,0,0,0
2023-12-12 03:15,4,1,3,0,0,0
2023-12-12 03:30,6,4,2,0,0,0
2023-12-12 03:45,1,0,1,0,0,0
2023-12-12 04:00,0,0,0,0,0,0
2023-12-12 04:15,0,0,0,0,0,0
2023-12-12 04:30,5,2,3,0,0,0
2023-12-12 04:45,6,5,1,0,0,0
2023-12-12 05:00,4,4,0,0,0,0
2023-12-12 05:15,8,5,3,0,0,0
2023-12-12 05:30,17,7,10,0,0,0
2023-12-12 05:45,29,17,12,0,0,0
2023-12-12 06:00,26,20,6,0,0,0
2023-12-12 06:15,32,20,12,0,0,0
2023-12-12 06:30,62,34,28,0,0,0
2023-12-12 06:45,74,49,25,0,0,0
2023-12-12 07:00,81,51,30,0,0,0
2023-12-12 07:15,128,77,51,0,0,0
2023-12-12 07:30,234,158,76,0,0,0
2023-12-12 07:45,329,192,137,0,0,0
2023-12-12 08:00,412,226,186,0,0,0
2023-12-12 08:15,246,145,101,0,0,0
2023-12-12 08:30,201,102,99,0,0,0
2023-12-12 08:45,239,118,121,0,0,0
2023-12-12 09:00,174,102,72,0,0,0
2023-12-12 09:15,145,78,67,0,0,0
2023-12-12 09:30,207,74,133,0,0,0
2023-12-12 09:45,354,179,175,0,0,0
2023-12-12 10:00,367,219,148,0,0,0
2023-12-12 10:15,140,83,57,0,0,0
2023-12-12 10:30,117,65,52,0,0,0
2023-12-12 10:45,139,73,66,0,0,0
2023-12-12 11:00,131,52,79,0,0,0
2023-12-12 11:15,149,62,87,0,0,0
2023-12-12 11:30,171,95,76,0,0,0
2023-12-12 11:45,374,187,187,0,0,0
2023-12-12 12:00,337,180,157,0,0,0
2023-12-12 12:15,181,83,98,0,0,0
2023-12-12 12:30,169,65,104,0,0,0
2023-12-12 12:45,195,100,95,0,0,0
2023-12-12 13:00,223,82,141,0,0,0
2023-12-12 13:15,207,96,111,0,0,0
2023-12-12 13:30,250,94,156,0,0,0
2023-12-12 13:45,423,209,214,0,0,0
2023-12-12 14:00,342,189,153,0,0,0
2023-12-12 14:15,184,88,96,0,0,0
2023-12-12 14:30,177,72,105,0,0,0
2023-12-12 14:45,191,79,112,0,0,0
2023-12-12 15:00,187,67,120,0,0,0
2023-12-12 15:15,209,94,115,0,0,0
2023-12-12 15:30,248,117,131,0,0,0
2023-12-12 15:45,491,228,263,0,0,0
2023-12-12 16:00,380,182,198,0,0,0
2023-12-12 16:15,254,125,129,0,0,0
2023-12-12 16:30,223,107,116,0,0,0
2023-12-12 16:45,247,113,134,0,0,0
2023-12-12 17:00,250,114,136,0,0,0
2023-12-12 17:15,264,117,147,0,0,0
2023-12-12 17:30,269,108,161,0,0,0
2023-12-12 17:45,382,185,197,0,0,0
2023-12-12 18:00,371,197,174,0,0,0
2023-12-12 18:15,322,158,164,0,0,0
2023-12-12 18:30,242,119,123,0,0,0
2023-12-12 18:45,239,98,141,0,0,0
2023-12-12 19:00,198,91,107,0,0,0
2023-12-12 19:15,189,94,95,0,0,0
2023-12-12 19:30,189,72,117,0,0,0
2023-12-12 19:45,212,75,137,0,0,0
2023-12-12 20:00,180,46,134,0,0,0
2023-12-12 20:15,163,41,122,0,0,0
2023-12-12 20:30,125,33,92,0,0,0
2023-12-12 20:45,125,59,66,0,0,0
2023-12-12 21:00,172,48,124,0,0,0
2023-12-12 21:15,100,31,69,0,0,0
2023-12-12 21:30,119,29,90,0,0,0
2023-12-12 21:45,99,22,77,0,0,0
2023-12-12 22:00,115,24,91,0,0,0
2023-12-12 22:15,119,38,81,0,0,0
2023-12-12 22:30,63,19,44,0,0,0
2023-12-12 22:45,86,26,60,0,0,0
2023-12-12 23:00,85,16,69,0,0,0
2023-12-12 23:15,61,9,52,0,0,0
2023-12-12 23:30,46,14,32,0,0,0
2023-12-12 23:45,39,17,22,0,0,0
2023-12-13 00:00,58,16,42,0,0,0
2023-12-13 00:15,30,7,23,0,0,0
2023-12-13 00:30,20,8,12,0,0,0
2023-12-13 00:45,14,7,7,0,0,0
2023-12-13 01:00,16,6,10,0,0,0
2023-12-13 01:15,8,2,6,0,0,0
2023-12-13 01:30,12,1,11,0,0,0
2023-12-13 01:45,5,2,3,0,0,0
2023-12-13 02:00,6,2,4,0,0,0
2023-12-13 02:15,8,2,6,0,0,0
2023-12-13 02:30,3,0,3,0,0,0
2023-12-13 02:45,0,0,0,0,0,0
2023-12-13 03:00,1,0,1,0,0,0
2023-12-13 03:15,8,0,8,0,0,0
2023-12-13 03:30,5,2,3,0,0,0
2023-12-13 03:45,3,3,0,0,0,0
2023-12-13 04:00,2,1,1,0,0,0
2023-12-13 04:15,1,0,1,0,0,0
2023-12-13 04:30,2,2,0,0,0,0
2023-12-13 04:45,9,6,3,0,0,0
2023-12-13 05:00,8,8,0,0,0,0
2023-12-13 05:15,10,6,4,0,0,0
2023-12-13 05:30,13,8,5,0,0,0
2023-12-13 05:45,15,9,6,0,0,0
2023-12-13 06:00,35,21,14,0,0,0
2023-12-13 06:15,42,30,12,0,0,0
2023-12-13 06:30,55,30,25,0,0,0
2023-12-13 06:45,78,51,27,0,0,0
2023-12-13 07:00,85,50,35,0,0,0
2023-12-13 07:15,136,89,47,0,0,0
2023-12-13 07:30,219,142,77,0,0,0
2023-12-13 07:45,328,175,153,0,0,0
2023-12-13 08:00,395,200,195,0,0,0
2023-12-13 08:15,253,138,115,0,0,0
2023-12-13 08:30,175,102,73,0,0,0
2023-12-13 08:45,271,143,128,0,0,0
2023-12-13 09:00,154,73,81,0,0,0
2023-12-13 09:15,141,83,58,0,0,0
2023-12-13 09:30,173,87,86,0,0,0
2023-12-13 09:45,324,152,172,0,0,0
2023-12-13 10:00,363,212,151,0,0,0
2023-12-13 10:15,144,74,70,0,0,0
2023-12-13 10:30,126,74,52,0,0,0
2023-12-13 10:45,105,60,45,0,0,0
2023-12-13 11:00,112,54,58,0,0,0
2023-12-13 11:15,124,54,70,0,0,0
2023-12-13 11:30,148,86,62,0,0,0
2023-12-13 11:45,339,167,172,0,0,0
2023-12-13 12:00,297,182,115,0,0,0
2023-12-13 12:15,174,83,91,0,0,0
2023-12-13 12:30,155,80,75,0,0,0
2023-12-13 12:45,173,100,73,0,0,0
2023-12-13 13:00,143,66,77,0,0,0
2023-12-13 13:15,169,76,93,0,0,0
2023-12-13 13:30,207,89,118,0,0,0
2023-12-13 13:45,332,167,165,0,0,0
2023-12-13 14:00,288,163,125,0,0,0
2023-12-13 14:15,206,103,103,0,0,0
2023-12-13 14:30,179,77,102,0,0,0
2023-12-13 14:45,189,78,111,0,0,0
2023-12-13 15:00,195,69,126,0,0,0
2023-12-13 15:15,185,89,96,0,0,0
2023-12-13 15:30,268,103,165,0,0,0
2023-12-13 15:45,397,190,207,0,0,0
2023-12-13 16:00,301,145,156,0,0,0
2023-12-13 16:15,270,124,146,0,0,0
2023-12-13 16:30,216,99,117,0,0,0
2023-12-13 16:45,236,89,147,0,0,0
2023-12-13 17:00,250,111,139,0,0,0
2023-12-13 17:15,299,140,159,0,0,0
2023-12-13 17:30,288,145,143,0,0,0
2023-12-13 17:45,501,236,265,0,0,0
2023-12-13 18:00,362,178,184,0,0,0
2023-12-13 18:15,239,111,128,0,0,0
2023-12-13 18:30,222,103,119,0,0,0
2023-12-13 18:45,279,119,160,0,0,0
2023-12-13 19:00,213,78,135,0,0,0
2023-12-13 19:15,239,109,130,0,0,0
2023-12-13 19:30,231,95,136,0,0,0
2023-12-13 19:45,208,87,121,0,0,0
2023-12-13 20:00,228,85,143,0,0,0
2023-12-13 20:15,215,67,148,0,0,0
2023-12-13 20:30,159,59,100,0,0,0
2023-12-13 20:45,137,62,75,0,0,0
2023-12-13 21:00,118,47,71,0,0,0
2023-12-13 21:15,105,39,66,0,0,0
2023-12-13 21:30,127,37,90,0,0,0
2023-12-13 21:45,117,53,64,0,0,0
2023-12-13 22:00,148,59,89,0,0,0
2023-12-13 22:15,128,55,73,0,0,0
2023-12-13 22:30,92,33,59,0,0,0
2023-12-13 22:45,96,34,62,0,0,0
2023-12-13 23:00,107,41,66,0,0,0
2023-12-13 23:15,98,39,59,0,0,0
2023-12-13 23:30,71,31,40,0,0,0
2023-12-13 23:45,93,57,36,0,0,0
2023-12-14 00:00,83,37,46,0,0,0
2023-12-14 00:15,55,34,21,0,0,0
2023-12-14 00:30,37,10,27,0,0,0
2023-12-14 00:45,61,35,26,0,0,0
2023-12-14 01:00,57,26,31,0,0,0
2023-12-14 01:15,44,9,35,0,0,0
2023-12-14 01:30,21,4,17,0,0,0
2023-12-14 01:45,32,8,24,0,0,0
2023-12-14 02:00,34,5,29,0,0,0
2023-12-14 02:15,32,4,28,0,0,0
2023-12-14 02:30,20,1,19,0,0,0
2023-12-14 02:45,22,4,18,0,0,0
2023-12-14 03:00,30,4,26,0,0,0
2023-12-14 03:15,27,3,24,0,0,0
2023-12-14 03:30,19,3,16,0,0,0
2023-12-14 03:45,27,3,24,0,0,0
2023-12-14 04:00,26,4,22,0,0,0
2023-12-14 04:15,29,4,25,0,0,0
2023-12-14 04:30,20,1,19,0,0,0
2023-12-14 04:45,21,7,14,0,0,0
2023-12-14 05:00,13,6,7,0,0,0
2023-12-14 05:15,21,4,17,0,0,0
2023-12-14 05:30,27,9,18,0,0,0
2023-12-14 05:45,31,10,21,0,0,0
2023-12-14 06:00,26,20,6,0,0,0
2023-12-14 06:15,39,27,12,0,0,0
2023-12-14 06:30,37,22,15,0,0,0
2023-12-14 06:45,75,45,30,0,0,0
2023-12-14 07:00,78,45,33,0,0,0
2023-12-14 07:15,137,73,64,0,0,0
2023-12-14 07:30,224,153,71,0,0,0
2023-12-14 07:45,290,152,138,0,0,0
2023-12-14 08:00,292,128,164,0,0,0
2023-12-14 08:15,232,122,110,0,0,0
2023-12-14 08:30,221,126,95,0,0,0
2023-12-14 08:45,180,97,83,0,0,0
2023-12-14 09:00,157,91,66,0,0,0
2023-12-14 09:15,145,86,59,0,0,0
2023-12-14 09:30,189,98,91,0,0,0
2023-12-14 09:45,306,181,125,0,0,0
2023-12-14 10:00,334,203,131,0,0,0
2023-12-14 10:15,116,62,54,0,0,0
2023-12-14 10:30,106,56,50,0,0,0
2023-12-14 10:45,127,59,68,0,0,0
2023-12-14 11:00,117,67,50,0,0,0
2023-12-14 11:15,118,57,61,0,0,0
2023-12-14 11:30,160,79,81,0,0,0
2023-12-14 11:45,353,152,201,0,0,0
2023-12-14 12:00,284,134,150,0,0,0
2023-12-14 12:15,164,69,95,0,0,0
2023-12-14 12:30,143,63,80,0,0,0
2023-12-14 12:45,193,103,90,0,0,0
2023-12-14 13:00,194,87,107,0,0,0
2023-12-14 13:15,189,78,111,0,0,0
2023-12-14 13:30,244,102,142,0,0,0
2023-12-14 13:45,358,198,160,0,0,0
2023-12-14 14:00,390,199,191,0,0,0
2023-12-14 14:15,202,105,97,0,0,0
2023-12-14 14:30,186,85,101,0,0,0
2023-12-14 14:45,184,88,96,0,0,0
2023-12-14 15:00,191,83,108,0,0,0
2023-12-14 15:15,203,99,104,0,0,0
2023-12-14 15:30,249,94,155,0,0,0
2023-12-14 15:45,467,226,241,0,0,0
2023-12-14 16:00,361,186,175,0,0,0
2023-12-14 16:15,243,118,125,0,0,0
2023-12-14 16:30,231,97,134,0,0,0
2023-12-14 16:45,271,125,146,0,0,0
2023-12-14 17:00,251,128,123,0,0,0
2023-12-14 17:15,282,135,147,0,0,0
2023-12-14 17:30,294,151,143,0,0,0
2023-12-14 17:45,398,217,181,0,0,0
2023-12-14 18:00,312,141,171,0,0,0
2023-12-14 18:15,260,129,131,0,0,0
2023-12-14 18:30,244,98,146,0,0,0
2023-12-14 18:45,263,128,135,0,0,0
2023-12-14 19:00,226,78,148,0,0,0
2023-12-14 19:15,213,88,125,0,0,0
2023-12-14 19:30,205,69,136,0,0,0
2023-12-14 19:45,260,118,142,0,0,0
2023-12-14 20:00,201,49,152,0,0,0
2023-12-14 20:15,185,64,121,0,0,0
2023-12-14 20:30,162,53,109,0,0,0
2023-12-14 20:45,113,37,76,0,0,0
2023-12-14 21:00,139,45,94,0,0,0
2023-12-14 21:15,91,33,58,0,0,0
2023-12-14 21:30,110,31,79,0,0,0
2023-12-14 21:45,104,35,69,0,0,0
2023-12-14 22:00,97,35,62,0,0,0
2023-12-14 22:15,106,41,65,0,0,0
2023-12-14 22:30,108,37,71,0,0,0
2023-12-14 22:45,95,30,65,0,0,0
2023-12-14 23:00,110,27,83,0,0,0
2023-12-14 23:15,62,18,44,0,0,0
2023-12-14 23:30,50,7,43,0,0,0
2023-12-14 23:45,67,23,44,0,0,0
2023-12-15 00:00,42,12,30,0,0,0
2023-12-15 00:15,35,8,27,0,0,0
2023-12-15 00:30,34,12,22,0,0,0
2023-12-15 00:45,17,2,15,0,0,0
2023-12-15 01:00,24,3,21,0,0,0
2023-12-15 01:15,29,5,24,0,0,0
2023-12-15 01:30,18,5,13,0,0,0
2023-12-15 01:45,15,1,14,0,0,0
2023-12-15 02:00,14,1,13,0,0,0
2023-12-15 02:15,20,4,16,0,0,0
2023-12-15 02:30,6,0,6,0,0,0
2023-12-15 02:45,7,2,5,0,0,0
2023-12-15 03:00,5,2,3,0,0,0
2023-12-15 03:15,3,0,3,0,0,0
2023-12-15 03:30,7,3,4,0,0,0
2023-12-15 03:45,3,2,1,0,0,0
2023-12-15 04:00,1,1,0,0,0,0
2023-12-15 04:15,1,1,0,0,0,0
2023-12-15 04:30,3,0,3,0,0,0
2023-12-15 04:45,6,4,2,0,0,0
2023-12-15 05:00,9,4,5,0,0,0
2023-12-15 05:15,8,3,5,0,0,0
2023-12-15 05:30,11,9,2,0,0,0
2023-12-15 05:45,12,7,5,0,0,0
2023-12-15 06:00,28,17,11,0,0,0
2023-12-15 06:15,31,22,9,0,0,0
2023-12-15 06:30,47,24,23,0,0,0
2023-12-15 06:45,46,29,17,0,0,0
2023-12-15 07:00,74,44,30,0,0,0
2023-12-15 07:15,119,77,42,0,0,0
2023-12-15 07:30,219,150,69,0,0,0
2023-12-15 07:45,278,163,115,0,0,0
2023-12-15 08:00,289,165,124,0,0,0
2023-12-15 08:15,185,107,78,0,0,0
2023-12-15 08:30,134,76,58,0,0,0
2023-12-15 08:45,240,120,120,0,0,0
2023-12-15 09:00,126,74,52,0,0,0
2023-12-15 09:15,125,76,49,0,0,0
2023-12-15 09:30,141,77,64,0,0,0
2023-12-15 09:45,255,129,126,0,0,0
2023-12-15 10:00,260,152,108,0,0,0
2023-12-15 10:15,118,67,51,0,0,0
2023-12-15 10:30,144,79,65,0,0,0
2023-12-15 10:45,136,84,52,0,0,0
2023-12-15 11:00,114,54,60,0,0,0
2023-12-15 11:15,121,65,56,0,0,0
2023-12-15 11:30,161,77,84,0,0,0
2023-12-15 11:45,284,151,133,0,0,0
2023-12-15 12:00,246,145,101,0,0,0
2023-12-15 12:15,206,98,108,0,0,0
2023-12-15 12:30,182,88,94,0,0,0
2023-12-15 12:45,199,95,104,0,0,0
2023-12-15 13:00,248,116,132,0,0,0
2023-12-15 13:15,265,100,165,0,0,0
2023-12-15 13:30,195,87,108,0,0,0
2023-12-15 13:45,280,142,138,0,0,0
2023-12-15 14:00,251,112,139,0,0,0
2023-12-15 14:15,207,88,119,0,0,0
2023-12-15 14:30,198,113,85,0,0,0
2023-12-15 14:45,213,107,106,0,0,0
2023-12-15 15:00,216,113,103,0,0,0
2023-12-15 15:15,212,99,113,0,0,0
2023-12-15 15:30,209,106,103,0,0,0
2023-12-15 15:45,335,186,149,0,0,0
2023-12-15 16:00,253,152,101,0,0,0
2023-12-15 16:15,233,140,93,0,0,0
2023-12-15 16:30,197,99,98,0,0,0
2023-12-15 16:45,255,135,120,0,0,0
2023-12-15 17:00,205,100,105,0,0,0
2023-12-15 17:15,229,114,115,0,0,0
2023-12-15 17:30,202,88,114,0,0,0
2023-12-15 17:45,286,131,155,0,0,0
2023-12-15 18:00,306,133,173,0,0,0
2023-12-15 18:15,252,111,141,0,0,0
2023-12-15 18:30,188,99,89,0,0,0
2023-12-15 18:45,216,110,106,0,0,0
2023-12-15 19:00,182,84,98,0,0,0
2023-12-15 19:15,217,111,106,0,0,0
2023-12-15 19:30,161,78,83,0,0,0
2023-12-15 19:45,146,74,72,0,0,0
2023-12-15 20:00,156,61,95,0,0,0
2023-12-15 20:15,139,47,92,0,0,0
2023-12-15 20:30,148,60,88,0,0,0
2023-12-15 20:45,106,41,65,0,0,0
2023-12-15 21:00,112,40,72,0,0,0
2023-12-15 21:15,131,41,90,0,0,0
2023-12-15 21:30,109,36,73,0,0,0
2023-12-15 21:45,113,24,89,0,0,0
2023-12-15 22:00,101,32,69,0,0,0
2023-12-15 22:15,104,36,68,0,0,0
2023-12-15 22:30,90,36,54,0,0,0
2023-12-15 22:45,134,54,80,0,0,0
2023-12-15 23:00,93,20,73,0,0,0
2023-12-15 23:15,116,50,66,0,0,0
2023-12-15 23:30,84,30,54,0,0,0
2023-12-15 23:45,70,20,50,0,0,0
2023-12-16 00:00,82,41,41,0,0,0
2023-12-16 00:15,99,49,50,0,0,0
2023-12-16 00:30,82,22,60,0,0,0
2023-12-16 00:45,90,37,53,0,0,0
2023-12-16 01:00,95,21,74,0,0,0
2023-12-16 01:15,55,13,42,0,0,0
2023-12-16 01:30,81,26,55,0,0,0
2023-12-16 01:45,55,16,39,0,0,0
2023-12-16 02:00,65,11,54,0,0,0
2023-12-16 02:15,51,9,42,0,0,0
2023-12-16 02:30,29,6,23,0,0,0
2023-12-16 02:45,31,7,24,0,0,0
2023-12-16 03:00,52,5,47,0,0,0
2023-12-16 03:15,52,8,44,0,0,0
2023-12-16 03:30,44,6,38,0,0,0
2023-12-16 03:45,54,6,48,0,0,0
2023-12-16 04:00,52,4,48,0,0,0
2023-12-16 04:15,16,4,12,0,0,0
2023-12-16 04:30,34,6,28,0,0,0
2023-12-16 04:45,14,1,13,0,0,0
2023-12-16 05:00,15,1,14,0,0,0
2023-12-16 05:15,14,7,7,0,0,0
2023-12-16 05:30,27,10,17,0,0,0
2023-12-16 05:45,17,7,10,0,0,0
2023-12-16 06:00,12,0,12,0,0,0
2023-12-16 06:15,9,4,5,0,0,0
2023-12-16 06:30,5,3,2,0,0,0
2023-12-16 06:45,12,9,3,0,0,0
2023-12-16 07:00,15,9,6,0,0,0
2023-12-16 07:15,19,15,4,0,0,0
2023-12-16 07:30,29,23,6,0,0,0
2023-12-16 07:45,37,27,10,0,0,0
2023-12-16 08:00,28,20,8,0,0,0
2023-12-16 08:15,25,14,11,0,0,0
2023-12-16 08:30,42,29,13,0,0,0
2023-12-16 08:45,54,37,17,0,0,0
2023-12-16 09:00,38,21,17,0,0,0
2023-12-16 09:15,59,34,25,0,0,0
2023-12-16 09:30,62,39,23,0,0,0
2023-12-16 09:45,118,75,43,0,0,0
2023-12-16 10:00,92,57,35,0,0,0
2023-12-16 10:15,108,76,32,0,0,0
2023-12-16 10:30,85,52,33,0,0,0
2023-12-16 10:45,112,88,24,0,0,0
2023-12-16 11:00,112,71,41,0,0,0
2023-12-16 11:15,131,83,48,0,0,0
2023-12-16 11:30,127,82,45,0,0,0
2023-12-16 11:45,132,89,43,0,0,0
2023-12-16 12:00,133,75,58,0,0,0
2023-12-16 12:15,157,92,65,0,0,0
2023-12-16 12:30,136,78,58,0,0,0
2023-12-16 12:45,162,99,63,0,0,0
2023-12-16 13:00,147,81,66,0,0,0
2023-12-16 13:15,144,74,70,0,0,0
2023-12-16 13:30,165,80,85,0,0,0
2023-12-16 13:45,174,92,82,0,0,0
2023-12-16 14:00,121,59,62,0,0,0
2023-12-16 14:15,159,74,85,0,0,0
2023-12-16 14:30,145,54,91,0,0,0
2023-12-16 14:45,166,84,82,0,0,0
2023-12-16 15:00,143,64,79,0,0,0
2023-12-16 15:15,152,67,85,0,0,0
2023-12-16 15:30,177,89,88,0,0,0
2023-12-16 15:45,193,90,103,0,0,0
2023-12-16 16:00,152,78,74,0,0,0
2023-12-16 16:15,191,101,90,0,0,0
2023-12-16 16:30,133,70,63,0,0,0
2023-12-16 16:45,141,77,64,0,0,0
2023-12-16 17:00,133,58,75,0,0,0
2023-12-16 17:15,129,56,73,0,0,0
2023-12-16 17:30,145,73,72,0,0,0
2023-12-16 17:45,203,93,110,0,0,0
2023-12-16 18:00,147,59,88,0,0,0
2023-12-16 18:15,143,65,78,0,0,0
2023-12-16 18:30,127,70,57,0,0,0
2023-12-16 18:45,141,73,68,0,0,0
2023-12-16 19:00,143,60,83,0,0,0
2023-12-16 19:15,124,51,73,0,0,0
2023-12-16 19:30,136,62,74,0,0,0
2023-12-16 19:45,128,52,76,0,0,0
2023-12-16 20:00,124,43,81,0,0,0
2023-12-16 20:15,102,46,56,0,0,0
2023-12-16 20:30,75,24,51,0,0,0
2023-12-16 20:45,88,29,59,0,0,0
2023-12-16 21:00,88,34,54,0,0,0
2023-12-16 21:15,93,23,70,0,0,0
2023-12-16 21:30,94,20,74,0,0,0
2023-12-16 21:45,72,21,51,0,0,0
2023-12-16 22:00,58,18,40,0,0,0
2023-12-16 22:15,70,21,49,0,0,0
2023-12-16 22:30,71,20,51,0,0,0
2023-12-16 22:45,72,11,61,0,0,0
2023-12-16 23:00,54,17,37,0,0,0
2023-12-16 23:15,62,25,37,0,0,0
2023-12-16 23:30,76,30,46,0,0,0
2023-12-16 23:45,58,22,36,0,0,0
2023-12-17 00:00,60,16,44,0,0,0
2023-12-17 00:15,66,33,33,0,0,0
2023-12-17 00:30,73,29,44,0,0,0
2023-12-17 00:45,62,25,37,0,0,0
2023-12-17 01:00,40,16,24,0,0,0
2023-12-17 01:15,47,18,29,0,0,0
2023-12-17 01:30,51,21,30,0,0,0
2023-12-17 01:45,48,14,34,0,0,0
2023-12-17 02:00,44,10,34,0,0,0
2023-12-17 02:15,44,8,36,0,0,0
2023-12-17 02:30,19,1,18,0,0,0
2023-12-17 02:45,40,3,37,0,0,0
2023-12-17 03:00,42,9,33,0,0,0
2023-12-17 03:15,38,2,36,0,0,0
2023-12-17 03:30,34,1,33,0,0,0
2023-12-17 03:45,11,0,11,0,0,0
2023-12-17 04:00,29,8,21,0,0,0
2023-12-17 04:15,18,5,13,0,0,0
2023-12-17 04:30,23,1,22,0,0,0
2023-12-17 04:45,19,4,15,0,0,0
2023-12-17 05:00,4,0,4,0,0,0
2023-12-17 05:15,13,2,11,0,0,0
2023-12-17 05:30,21,4,17,0,0,0
2023-12-17 05:45,9,1,8,0,0,0
2023-12-17 06:00,10,4,6,0,0,0
2023-12-17 06:15,11,0,11,0,0,0
2023-12-17 06:30,10,4,6,0,0,0
2023-12-17 06:45,5,2,3,0,0,0
2023-12-17 07:00,3,2,1,0,0,0
2023-12-17 07:15,5,3,2,0,0,0
2023-12-17 07:30,10,6,4,0,0,0
2023-12-17 07:45,13,10,3,0,0,0
2023-12-17 08:00,12,4,8,0,0,0
2023-12-17 08:15,13,6,7,0,0,0
2023-12-17 08:30,9,6,3,0,0,0
2023-12-17 08:45,23,20,3,0,0,0
2023-12-17 09:00,12,8,4,0,0,0
2023-12-17 09:15,27,24,3,0,0,0
2023-12-17 09:30,35,20,15,0,0,0
2023-12-17 09:45,62,46,16,0,0,0
2023-12-17 10:00,62,46,16,0,0,0
2023-12-17 10:15,60,32,28,0,0,0
2023-12-17 10:30,70,45,25,0,0,0
2023-12-17 10:45,62,40,22,0,0,0
2023-12-17 11:00,67,42,25,0,0,0
2023-12-17 11:15,57,35,22,0,0,0
2023-12-17 11:30,67,35,32,0,0,0
2023-12-17 11:45,82,53,29,0,0,0
2023-12-17 12:00,72,40,32,0,0,0
2023-12-17 12:15,77,37,40,0,0,0
2023-12-17 12:30,91,54,37,0,0,0
2023-12-17 12:45,80,36,44,0,0,0
2023-12-17 13:00,77,48,29,0,0,0
2023-12-17 13:15,90,40,50,0,0,0
2023-12-17 13:30,79,38,41,0,0,0
2023-12-17 13:45,102,46,56,0,0,0
2023-12-17 14:00,107,52,55,0,0,0
2023-12-17 14:15,91,55,36,0,0,0
2023-12-17 14:30,92,54,38,0,0,0
2023-12-17 14:45,134,77,57,0,0,0
2023-12-17 15:00,99,60,39,0,0,0
2023-12-17 15:15,120,62,58,0,0,0
2023-12-17 15:30,106,56,50,0,0,0
2023-12-17 15:45,149,85,64,0,0,0
2023-12-17 16:00,110,60,50,0,0,0
2023-12-17 16:15,113,60,53,0,0,0
2023-12-17 16:30,116,62,54,0,0,0
2023-12-17 16:45,130,64,66,0,0,0
2023-12-17 17:00,115,55,60,0,0,0
2023-12-17 17:15,138,69,69,0,0,0
2023-12-17 17:30,107,43,64,0,0,0
2023-12-17 17:45,146,54,92,0,0,0
2023-12-17 18:00,154,56,98,0,0,0
2023-12-17 18:15,117,48,69,0,0,0
2023-12-17 18:30,112,40,72,0,0,0
2023-12-17 18:45,149,72,77,0,0,0
2023-12-17 19:00,96,29,67,0,0,0
2023-12-17 19:15,110,48,62,0,0,0
2023-12-17 19:30,92,36,56,0,0,0
2023-12-17 19:45,89,31,58,0,0,0
2023-12-17 20:00,116,27,89,0,0,0
2023-12-17 20:15,100,30,70,0,0,0
2023-12-17 20:30,80,20,60,0,0,0
2023-12-17 20:45,53,16,37,0,0,0
2023-12-17 21:00,57,23,34,0,0,0
2023-12-17 21:15,54,30,24,0,0,0
2023-12-17 21:30,45,13,32,0,0,0
2023-12-17 21:45,44,14,30,0,0,0
2023-12-17 22:00,68,16,52,0,0,0
2023-12-17 22:15,61,15,46,0,0,0
2023-12-17 22:30,44,11,33,0,0,0
2023-12-17 22:45,39,5,34,0,0,0
2023-12-17 23:00,56,11,45,0,0,0
2023-12-17 23:15,33,10,23,0,0,0
2023-12-17 23:30,31,6,25,0,0,0
2023-12-17 23:45,25,7,18,0,0,0
2023-12-18 00:00,23,7,16,0,0,0
2023-12-18 00:15,16,7,9,0,0,0
2023-12-18 00:30,17,6,11,0,0,0
2023-12-18 00:45,14,4,10,0,0,0
2023-12-18 01:00,7,0,7,0,0,0
2023-12-18 01:15,7,5,2,0,0,0
2023-12-18 01:30,2,0,2,0,0,0
2023-12-18 01:45,3,1,2,0,0,0
2023-12-18 02:00,9,2,7,0,0,0
2023-12-18 02:15,4,0,4,0,0,0
2023-12-18 02:30,1,1,0,0,0,0
2023-12-18 02:45,2,1,1,0,0,0
2023-12-18 03:00,3,0,3,0,0,0
2023-12-18 03:15,3,0,3,0,0,0
2023-12-18 03:30,1,0,1,0,0,0
2023-12-18 03:45,1,1,0,0,0,0
2023-12-18 04:00,4,0,4,0,0,0
2023-12-18 04:15,4,1,3,0,0,0
2023-12-18 04:30,3,2,1,0,0,0
2023-12-18 04:45,4,3,1,0,0,0
2023-12-18 05:00,9,7,2,0,0,0
2023-12-18 05:15,8,5,3,0,0,0
2023-12-18 05:30,17,11,6,0,0,0
2023-12-18 05:45,16,10,6,0,0,0
2023-12-18 06:00,26,15,11,0,0,0
2023-12-18 06:15,35,25,10,0,0,0
2023-12-18 06:30,51,22,29,0,0,0
2023-12-18 06:45,72,44,28,0,0,0
2023-12-18 07:00,62,34,28,0,0,0
2023-12-18 07:15,133,79,54,0,0,0
2023-12-18 07:30,266,190,76,0,0,0
2023-12-18 07:45,236,133,103,0,0,0
2023-12-18 08:00,282,123,159,0,0,0
2023-12-18 08:15,237,136,101,0,0,0
2023-12-18 08:30,172,97,75,0,0,0
2023-12-18 08:45,195,112,83,0,0,0
2023-12-18 09:00,148,86,62,0,0,0
2023-12-18 09:15,129,78,51,0,0,0
2023-12-18 09:30,144,79,65,0,0,0
2023-12-18 09:45,235,107,128,0,0,0
2023-12-18 10:00,327,205,122,0,0,0
2023-12-18 10:15,149,82,67,0,0,0
2023-12-18 10:30,130,75,55,0,0,0
2023-12-18 10:45,144,70,74,0,0,0
2023-12-18 11:00,161,89,72,0,0,0
2023-12-18 11:15,150,77,73,0,0,0
2023-12-18 11:30,171,81,90,0,0,0
2023-12-18 11:45,270,129,141,0,0,0
2023-12-18 12:00,276,159,117,0,0,0
2023-12-18 12:15,182,79,103,0,0,0
2023-12-18 12:30,172,85,87,0,0,0
2023-12-18 12:45,227,122,105,0,0,0
2023-12-18 13:00,224,109,115,0,0,0
2023-12-18 13:15,223,111,112,0,0,0
2023-12-18 13:30,210,91,119,0,0,0
2023-12-18 13:45,360,153,207,0,0,0
2023-12-18 14:00,308,151,157,0,0,0
2023-12-18 14:15,196,111,85,0,0,0
2023-12-18 14:30,187,86,101,0,0,0
2023-12-18 14:45,233,74,159,0,0,0
2023-12-18 15:00,209,106,103,0,0,0
2023-12-18 15:15,233,106,127,0,0,0
2023-12-18 15:30,247,108,139,0,0,0
2023-12-18 15:45,458,223,235,0,0,0
2023-12-18 16:00,380,183,197,0,0,0
2023-12-18 16:15,301,127,174,0,0,0
2023-12-18 16:30,238,116,122,0,0,0
2023-12-18 16:45,258,104,154,0,0,0
2023-12-18 17:00,258,112,146,0,0,0
2023-12-18 17:15,253,124,129,0,0,0
2023-12-18 17:30,290,127,163,0,0,0
2023-12-18 17:45,464,235,229,0,0,0
2023-12-18 18:00,339,151,188,0,0,0
2023-12-18 18:15,316,169,147,0,0,0
2023-12-18 18:30,270,126,144,0,0,0
2023-12-18 18:45,229,112,117,0,0,0
2023-12-18 19:00,237,104,133,0,0,0
2023-12-18 19:15,224,116,108,0,0,0
2023-12-18 19:30,228,86,142,0,0,0
2023-12-18 19:45,237,72,165,0,0,0
2023-12-18 20:00,218,59,159,0,0,0
2023-12-18 20:15,184,48,136,0,0,0
2023-12-18 20:30,126,25,101,0,0,0
2023-12-18 20:45,132,33,99,0,0,0
2023-12-18 21:00,97,29,68,0,0,0
2023-12-18 21:15,100,28,72,0,0,0
2023-12-18 21:30,106,37,69,0,0,0
2023-12-18 21:45,111,26,85,0,0,0
2023-12-18 22:00,86,34,52,0,0,0
2023-12-18 22:15,96,34,62,0,0,0
2023-12-18 22:30,85,17,68,0,0,0
2023-12-18 22:45,76,23,53,0,0,0
2023-12-18 23:00,59,13,46,0,0,0
2023-12-18 23:15,87,15,72,0,0,0
2023-12-18 23:30,53,16,37,0,0,0
2023-12-18 23:45,34,13,21,0,0,0
2023-12-19 00:00,36,6,30,0,0,0
2023-12-19 00:15,43,17,26,0,0,0
2023-12-19 00:30,21,5,16,0,0,0
2023-12-19 00:45,19,3,16,0,0,0
2023-12-19 01:00,27,1,26,0,0,0
2023-12-19 01:15,23,2,21,0,0,0
2023-12-19 01:30,17,4,13,0,0,0
2023-12-19 01:45,10,6,4,0,0,0
2023-12-19 02:00,10,1,9,0,0,0
2023-12-19 02:15,5,2,3,0,0,0
2023-12-19 02:30,2,0,2,0,0,0
2023-12-19 02:45,2,1,1,0,0,0
2023-12-19 03:00,0,0,0,0,0,0
2023-12-19 03:15,2,0,2,0,0,0
2023-12-19 03:30,0,0,0,0,0,0
2023-12-19 03:45,3,1,2,0,0,0
2023-12-19 04:00,0,0,0,0,0,0
2023-12-19 04:15,4,2,2,0,0,0
2023-12-19 04:30,4,2,2,0,0,0
2023-12-19 04:45,9,5,4,0,0,0
2023-12-19 05:00,9,7,2,0,0,0
2023-12-19 05:15,8,6,2,0,0,0
2023-12-19 05:30,21,15,6,0,0,0
2023-12-19 05:45,19,15,4,0,0,0
2023-12-19 06:00,31,20,11,0,0,0
2023-12-19 06:15,33,23,10,0,0,0
2023-12-19 06:30,53,29,24,0,0,0
2023-12-19 06:45,64,39,25,0,0,0
2023-12-19 07:00,78,48,30,0,0,0
2023-12-19 07:15,112,74,38,0,0,0
2023-12-19 07:30,215,142,73,0,0,0
2023-12-19 07:45,303,167,136,0,0,0
2023-12-19 08:00,305,156,149,0,0,0
2023-12-19 08:15,212,124,88,0,0,0
2023-12-19 08:30,152,89,63,0,0,0
2023-12-19 08:45,190,93,97,0,0,0
2023-12-19 09:00,139,73,66,0,0,0
2023-12-19 09:15,127,78,49,0,0,0
2023-12-19 09:30,148,92,56,0,0,0
2023-12-19 09:45,272,127,145,0,0,0
2023-12-19 10:00,305,186,119,0,0,0
2023-12-19 10:15,136,65,71,0,0,0
2023-12-19 10:30,96,65,31,0,0,0
2023-12-19 10:45,126,61,65,0,0,0
2023-12-19 11:00,101,46,55,0,0,0
2023-12-19 11:15,120,68,52,0,0,0
2023-12-19 11:30,145,79,66,0,0,0
2023-12-19 11:45,272,146,126,0,0,0
2023-12-19 12:00,260,144,116,0,0,0
2023-12-19 12:15,160,78,82,0,0,0
2023-12-19 12:30,139,79,60,0,0,0
2023-12-19 12:45,197,106,91,0,0,0
2023-12-19 13:00,195,70,125,0,0,0
2023-12-19 13:15,190,74,116,0,0,0
2023-12-19 13:30,166,72,94,0,0,0
2023-12-19 13:45,302,135,167,0,0,0
2023-12-19 14:00,293,158,135,0,0,0
2023-12-19 14:15,167,82,85,0,0,0
2023-12-19 14:30,148,63,85,0,0,0
2023-12-19 14:45,174,77,97,0,0,0
2023-12-19 15:00,145,63,82,0,0,0
2023-12-19 15:15,147,68,79,0,0,0
2023-12-19 15:30,180,68,112,0,0,0
2023-12-19 15:45,345,148,197,0,0,0
2023-12-19 16:00,304,145,159,0,0,0
2023-12-19 16:15,204,91,113,0,0,0
2023-12-19 16:30,181,79,102,0,0,0
2023-12-19 16:45,215,86,129,0,0,0
2023-12-19 17:00,196,100,96,0,0,0
2023-12-19 17:15,192,71,121,0,0,0
2023-12-19 17:30,201,87,114,0,0,0
2023-12-19 17:45,296,131,165,0,0,0
2023-12-19 18:00,259,120,139,0,0,0
2023-12-19 18:15,197,90,107,0,0,0
2023-12-19 18:30,160,67,93,0,0,0
2023-12-19 18:45,187,75,112,0,0,0
2023-12-19 19:00,150,59,91,0,0,0
2023-12-19 19:15,170,66,104,0,0,0
2023-12-19 19:30,160,66,94,0,0,0
2023-12-19 19:45,148,53,95,0,0,0
2023-12-19 20:00,145,50,95,0,0,0
2023-12-19 20:15,162,45,117,0,0,0
2023-12-19 20:30,94,32,62,0,0,0
2023-12-19 20:45,87,32,55,0,0,0
2023-12-19 21:00,68,22,46,0,0,0
2023-12-19 21:15,88,29,59,0,0,0
2023-12-19 21:30,76,29,47,0,0,0
2023-12-19 21:45,72,15,57,0,0,0
2023-12-19 22:00,84,29,55,0,0,0
2023-12-19 22:15,74,36,38,0,0,0
2023-12-19 22:30,69,27,42,0,0,0
2023-12-19 22:45,54,20,34,0,0,0
2023-12-19 23:00,68,12,56,0,0,0
2023-12-19 23:15,62,24,38,0,0,0
2023-12-19 23:30,45,19,26,0,0,0
2023-12-19 23:45,31,9,22,0,0,0
2023-12-20 00:00,24,1,23,0,0,0
2023-12-20 00:15,30,11,19,0,0,0
2023-12-20 00:30,22,7,15,0,0,0
2023-12-20 00:45,35,12,23,0,0,0
2023-12-20 01:00,40,4,36,0,0,0
2023-12-20 01:15,26,3,23,0,0,0
2023-12-20 01:30,13,1,12,0,0,0
2023-12-20 01:45,7,2,5,0,0,0
2023-12-20 02:00,10,3,7,0,0,0
2023-12-20 02:15,9,5,4,0,0,0
2023-12-20 02:30,1,0,1,0,0,0
2023-12-20 02:45,8,2,6,0,0,0
2023-12-20 03:00,3,2,1,0,0,0
2023-12-20 03:15,3,1,2,0,0,0
2023-12-20 03:30,4,2,2,0,0,0
2023-12-20 03:45,2,1,1,0,0,0
2023-12-20 04:00,3,0,3,0,0,0
2023-12-20 04:15,3,1,2,0,0,0
2023-12-20 04:30,4,4,0,0,0,0
2023-12-20 04:45,13,6,7,0,0,0
2023-12-20 05:00,7,5,2,0,0,0
2023-12-20 05:15,6,6,0,0,0,0
2023-12-20 05:30,15,11,4,0,0,0
2023-12-20 05:45,16,6,10,0,0,0
2023-12-20 06:00,26,20,6,0,0,0
2023-12-20 06:15,42,26,16,0,0,0
2023-12-20 06:30,48,29,19,0,0,0
2023-12-20 06:45,70,44,26,0,0,0
2023-12-20 07:00,72,47,25,0,0,0
2023-12-20 07:15,110,72,38,0,0,0
2023-12-20 07:30,200,137,63,0,0,0
2023-12-20 07:45,265,143,122,0,0,0
2023-12-20 08:00,269,128,141,0,0,0
2023-12-20 08:15,206,104,102,0,0,0
2023-12-20 08:30,171,111,60,0,0,0
2023-12-20 08:45,205,109,96,0,0,0
2023-12-20 09:00,141,89,52,0,0,0
2023-12-20 09:15,115,71,44,0,0,0
2023-12-20 09:30,153,95,58,0,0,0
2023-12-20 09:45,304,156,148,0,0,0
2023-12-20 10:00,287,162,125,0,0,0
2023-12-20 10:15,146,87,59,0,0,0
2023-12-20 10:30,145,79,66,0,0,0
2023-12-20 10:45,160,95,65,0,0,0
2023-12-20 11:00,130,80,50,0,0,0
2023-12-20 11:15,161,82,79,0,0,0
2023-12-20 11:30,156,79,77,0,0,0
2023-12-20 11:45,275,140,135,0,0,0
2023-12-20 12:00,250,143,107,0,0,0
2023-12-20 12:15,167,78,89,0,0,0
2023-12-20 12:30,171,96,75,0,0,0
2023-12-20 12:45,197,105,92,0,0,0
2023-12-20 13:00,258,94,164,0,0,0
2023-12-20 13:15,200,85,115,0,0,0
2023-12-20 13:30,209,97,112,0,0,0
2023-12-20 13:45,311,116,195,0,0,0
2023-12-20 14:00,283,149,134,0,0,0
2023-12-20 14:15,223,110,113,0,0,0
2023-12-20 14:30,188,80,108,0,0,0
2023-12-20 14:45,205,89,116,0,0,0
2023-12-20 15:00,192,77,115,0,0,0
2023-12-20 15:15,201,92,109,0,0,0
2023-12-20 15:30,257,124,133,0,0,0
2023-12-20 15:45,308,167,141,0,0,0
2023-12-20 16:00,285,150,135,0,0,0
2023-12-20 16:15,215,108,107,0,0,0
2023-12-20 16:30,230,92,138,0,0,0
2023-12-20 16:45,249,130,119,0,0,0
2023-12-20 17:00,258,136,122,0,0,0
2023-12-20 17:15,214,88,126,0,0,0
2023-12-20 17:30,256,118,138,0,0,0
2023-12-20 17:45,306,129,177,0,0,0
2023-12-20 18:00,229,112,117,0,0,0
2023-12-20 18:15,268,118,150,0,0,0
2023-12-20 18:30,188,91,97,0,0,0
2023-12-20 18:45,226,126,100,0,0,0
2023-12-20 19:00,176,62,114,0,0,0
2023-12-20 19:15,201,89,112,0,0,0
2023-12-20 19:30,157,69,88,0,0,0
2023-12-20 19:45,146,57,89,0,0,0
2023-12-20 20:00,147,47,100,0,0,0
2023-12-20 20:15,155,44,111,0,0,0
2023-12-20 20:30,123,47,76,0,0,0
2023-12-20 20:45,133,35,98,0,0,0
2023-12-20 21:00,84,26,58,0,0,0
2023-12-20 21:15,104,51,53,0,0,0
2023-12-20 21:30,84,24,60,0,0,0
2023-12-20 21:45,96,20,76,0,0,0
2023-12-20 22:00,103,27,76,0,0,0
2023-12-20 22:15,140,39,101,0,0,0
2023-12-20 22:30,89,19,70,0,0,0
2023-12-20 22:45,81,25,56,0,0,0
2023-12-20 23:00,74,30,44,0,0,0
2023-12-20 23:15,96,37,59,0,0,0
2023-12-20 23:30,81,32,49,0,0,0
2023-12-20 23:45,70,27,43,0,0,0
2023-12-21 00:00,70,25,45,0,0,0
2023-12-21 00:15,71,18,53,0,0,0
2023-12-21 00:30,56,33,23,0,0,0
2023-12-21 00:45,49,11,38,0,0,0
2023-12-21 01:00,76,25,51,0,0,0
2023-12-21 01:15,62,6,56,0,0,0
2023-12-21 01:30,36,3,33,0,0,0
2023-12-21 01:45,34,9,25,0,0,0
2023-12-21 02:00,49,12,37,0,0,0
2023-12-21 02:15,44,1,43,0,0,0
2023-12-21 02:30,15,0,15,0,0,0
2023-12-21 02:45,69,14,55,0,0,0
2023-12-21 03:00,48,7,41,0,0,0
2023-12-21 03:15,37,8,29,0,0,0
2023-12-21 03:30,18,3,15,0,0,0
2023-12-21 03:45,12,2,10,0,0,0
2023-12-21 04:00,20,4,16,0,0,0
2023-12-21 04:15,20,12,8,0,0,0
2023-12-21 04:30,11,4,7,0,0,0
2023-12-21 04:45,16,5,11,0,0,0
2023-12-21 05:00,13,5,8,0,0,0
2023-12-21 05:15,13,8,5,0,0,0
2023-12-21 05:30,24,12,12,0,0,0
2023-12-21 05:45,13,5,8,0,0,0
2023-12-21 06:00,18,12,6,0,0,0
2023-12-21 06:15,28,17,11,0,0,0
2023-12-21 06:30,35,24,11,0,0,0
2023-12-21 06:45,53,34,19,0,0,0
2023-12-21 07:00,49,27,22,0,0,0
2023-12-21 07:15,62,37,25,0,0,0
2023-12-21 07:30,98,45,53,0,0,0
2023-12-21 07:45,132,67,65,0,0,0
2023-12-21 08:00,92,56,36,0,0,0
2023-12-21 08:15,116,69,47,0,0,0
2023-12-21 08:30,103,56,47,0,0,0
2023-12-21 08:45,130,77,53,0,0,0
2023-12-21 09:00,83,51,32,0,0,0
2023-12-21 09:15,100,62,38,0,0,0
2023-12-21 09:30,89,55,34,0,0,0
2023-12-21 09:45,119,69,50,0,0,0
2023-12-21 10:00,92,46,46,0,0,0
2023-12-21 10:15,73,44,29,0,0,0
2023-12-21 10:30,69,47,22,0,0,0
2023-12-21 10:45,76,44,32,0,0,0
2023-12-21 11:00,77,36,41,0,0,0
2023-12-21 11:15,79,37,42,0,0,0
2023-12-21 11:30,90,49,41,0,0,0
2023-12-21 11:45,103,59,44,0,0,0
2023-12-21 12:00,102,51,51,0,0,0
2023-12-21 12:15,124,56,68,0,0,0
2023-12-21 12:30,104,52,52,0,0,0
2023-12-21 12:45,104,56,48,0,0,0
2023-12-21 13:00,103,52,51,0,0,0
2023-12-21 13:15,98,57,41,0,0,0
2023-12-21 13:30,111,51,60,0,0,0
2023-12-21 13:45,133,68,65,0,0,0
2023-12-21 14:00,128,53,75,0,0,0
2023-12-21 14:15,132,68,64,0,0,0
2023-12-21 14:30,99,52,47,0,0,0
2023-12-21 14:45,116,50,66,0,0,0
2023-12-21 15:00,110,58,52,0,0,0
2023-12-21 15:15,127,63,64,0,0,0
2023-12-21 15:30,122,61,61,0,0,0
2023-12-21 15:45,142,63,79,0,0,0
2023-12-21 16:00,136,67,69,0,0,0
2023-12-21 16:15,128,65,63,0,0,0
2023-12-21 16:30,110,46,64,0,0,0
2023-12-21 16:45,138,64,74,0,0,0
2023-12-21 17:00,123,52,71,0,0,0
2023-12-21 17:15,111,51,60,0,0,0
2023-12-21 17:30,112,45,67,0,0,0
2023-12-21 17:45,139,58,81,0,0,0
2023-12-21 18:00,137,63,74,0,0,0
2023-12-21 18:15,123,59,64,0,0,0
2023-12-21 18:30,90,39,51,0,0,0
2023-12-21 18:45,105,43,62,0,0,0
2023-12-21 19:00,108,47,61,0,0,0
2023-12-21 19:15,80,30,50,0,0,0
2023-12-21 19:30,75,31,44,0,0,0
2023-12-21 19:45,77,32,45,0,0,0
2023-12-21 20:00,55,20,35,0,0,0
2023-12-21 20:15,63,20,43,0,0,0
2023-12-21 20:30,59,19,40,0,0,0
2023-12-21 20:45,62,33,29,0,0,0
2023-12-21 21:00,27,11,16,0,0,0
2023-12-21 21:15,50,21,29,0,0,0
2023-12-21 21:30,25,10,15,0,0,0
2023-12-21 21:45,35,14,21,0,0,0
2023-12-21 22:00,25,8,17,0,0,0
2023-12-21 22:15,45,17,28,0,0,0
2023-12-21 22:30,39,16,23,0,0,0
2023-12-21 22:45,40,9,31,0,0,0
2023-12-21 23:00,39,12,27,0,0,0
2023-12-21 23:15,44,16,28,0,0,0
2023-12-21 23:30,32,12,20,0,0,0
2023-12-21 23:45,37,16,21,0,0,0
2023-12-22 00:00,19,4,15,0,0,0
2023-12-22 00:15,23,5,18,0,0,0
2023-12-22 00:30,18,9,9,0,0,0
2023-12-22 00:45,21,12,9,0,0,0
2023-12-22 01:00,17,3,14,0,0,0
2023-12-22 01:15,19,3,16,0,0,0
2023-12-22 01:30,21,5,16,0,0,0
2023-12-22 01:45,14,4,10,0,0,0
2023-12-22 02:00,10,2,8,0,0,0
2023-12-22 02:15,4,0,4,0,0,0
2023-12-22 02:30,6,2,4,0,0,0
2023-12-22 02:45,9,4,5,0,0,0
2023-12-22 03:00,4,0,4,0,0,0
2023-12-22 03:15,4,1,3,0,0,0
2023-12-22 03:30,5,0,5,0,0,0
2023-12-22 03:45,5,0,5,0,0,0
2023-12-22 04:00,4,1,3,0,0,0
2023-12-22 04:15,2,1,1,0,0,0
2023-12-22 04:30,6,2,4,0,0,0
2023-12-22 04:45,5,3,2,0,0,0
2023-12-22 05:00,8,5,3,0,0,0
2023-12-22 05:15,5,5,0,0,0,0
2023-12-22 05:30,7,5,2,0,0,0
2023-12-22 05:45,15,9,6,0,0,0
2023-12-22 06:00,12,4,8,0,0,0
2023-12-22 06:15,19,12,7,0,0,0
2023-12-22 06:30,30,16,14,0,0,0
2023-12-22 06:45,31,23,8,0,0,0
2023-12-22 07:00,37,15,22,0,0,0
2023-12-22 07:15,43,22,21,0,0,0
2023-12-22 07:30,64,37,27,0,0,0
2023-12-22 07:45,74,39,35,0,0,0
2023-12-22 08:00,74,37,37,0,0,0
2023-12-22 08:15,73,45,28,0,0,0
2023-12-22 08:30,71,42,29,0,0,0
2023-12-22 08:45,76,45,31,0,0,0
2023-12-22 09:00,61,30,31,0,0,0
2023-12-22 09:15,45,30,15,0,0,0
2023-12-22 09:30,58,39,19,0,0,0
2023-12-22 09:45,83,49,34,0,0,0
2023-12-22 10:00,49,28,21,0,0,0
2023-12-22 10:15,73,45,28,0,0,0
2023-12-22 10:30,87,50,37,0,0,0
2023-12-22 10:45,86,52,34,0,0,0
2023-12-22 11:00,95,57,38,0,0,0
2023-12-22 11:15,64,33,31,0,0,0
2023-12-22 11:30,57,26,31,0,0,0
2023-12-22 11:45,93,45,48,0,0,0
2023-12-22 12:00,82,50,32,0,0,0
2023-12-22 12:15,83,49,34,0,0,0
2023-12-22 12:30,105,55,50,0,0,0
2023-12-22 12:45,97,47,50,0,0,0
2023-12-22 13:00,86,36,50,0,0,0
2023-12-22 13:15,114,56,58,0,0,0
2023-12-22 13:30,119,61,58,0,0,0
2023-12-22 13:45,112,50,62,0,0,0
2023-12-22 14:00,96,48,48,0,0,0
2023-12-22 14:15,101,50,51,0,0,0
2023-12-22 14:30,101,43,58,0,0,0
2023-12-22 14:45,100,48,52,0,0,0
2023-12-22 15:00,117,51,66,0,0,0
2023-12-22 15:15,123,67,56,0,0,0
2023-12-22 15:30,119,59,60,0,0,0
2023-12-22 15:45,90,43,47,0,0,0
2023-12-22 16:00,97,45,52,0,0,0
2023-12-22 16:15,104,45,59,0,0,0
2023-12-22 16:30,63,30,33,0,0,0
2023-12-22 16:45,72,33,39,0,0,0
2023-12-22 17:00,73,41,32,0,0,0
2023-12-22 17:15,78,35,43,0,0,0
2023-12-22 17:30,67,24,43,0,0,0
2023-12-22 17:45,88,30,58,0,0,0
2023-12-22 18:00,86,29,57,0,0,0
2023-12-22 18:15,91,45,46,0,0,0
2023-12-22 18:30,64,29,35,0,0,0
2023-12-22 18:45,72,40,32,0,0,0
2023-12-22 19:00,71,42,29,0,0,0
2023-12-22 19:15,82,37,45,0,0,0
2023-12-22 19:30,47,26,21,0,0,0
2023-12-22 19:45,62,32,30,0,0,0
2023-12-22 20:00,56,25,31,0,0,0
2023-12-22 20:15,58,34,24,0,0,0
2023-12-22 20:30,35,22,13,0,0,0
2023-12-22 20:45,57,23,34,0,0,0
2023-12-22 21:00,47,14,33,0,0,0
2023-12-22 21:15,36,14,22,0,0,0
2023-12-22 21:30,31,12,19,0,0,0
2023-12-22 21:45,46,19,27,0,0,0
2023-12-22 22:00,24,14,10,0,0,0
2023-12-22 22:15,23,12,11,0,0,0
2023-12-22 22:30,29,12,17,0,0,0
2023-12-22 22:45,25,8,17,0,0,0
2023-12-22 23:00,28,6,22,0,0,0
2023-12-22 23:15,31,8,23,0,0,0
2023-12-22 23:30,19,4,15,0,0,0
2023-12-22 23:45,23,1,22,0,0,0
2023-12-23 00:00,21,5,16,0,0,0
2023-12-23 00:15,21,6,15,0,0,0
2023-12-23 00:30,25,4,21,0,0,0
2023-12-23 00:45,20,4,16,0,0,0
2023-12-23 01:00,26,7,19,0,0,0
2023-12-23 01:15,24,8,16,0,0,0
2023-12-23 01:30,16,6,10,0,0,0
2023-12-23 01:45,18,4,14,0,0,0
2023-12-23 02:00,18,5,13,0,0,0
2023-12-23 02:15,25,10,15,0,0,0
2023-12-23 02:30,11,0,11,0,0,0
2023-12-23 02:45,14,3,11,0,0,0
2023-12-23 03:00,18,3,15,0,0,0
2023-12-23 03:15,12,0,12,0,0,0
2023-12-23 03:30,9,1,8,0,0,0
2023-12-23 03:45,10,1,9,0,0,0
2023-12-23 04:00,6,2,4,0,0,0
2023-12-23 04:15,16,3,13,0,0,0
2023-12-23 04:30,13,1,12,0,0,0
2023-12-23 04:45,9,3,6,0,0,0
2023-12-23 05:00,4,0,4,0,0,0
2023-12-23 05:15,7,4,3,0,0,0
2023-12-23 05:30,9,5,4,0,0,0
2023-12-23 05:45,6,4,2,0,0,0
2023-12-23 06:00,7,2,5,0,0,0
2023-12-23 06:15,6,3,3,0,0,0
2023-12-23 06:30,13,3,10,0,0,0
2023-12-23 06:45,14,9,5,0,0,0
2023-12-23 07:00,6,4,2,0,0,0
2023-12-23 07:15,9,8,1,0,0,0
2023-12-23 07:30,11,5,6,0,0,0
2023-12-23 07:45,18,11,7,0,0,0
2023-12-23 08:00,9,5,4,0,0,0
2023-12-23 08:15,14,5,9,0,0,0
2023-12-23 08:30,18,10,8,0,0,0
2023-12-23 08:45,18,12,6,0,0,0
2023-12-23 09:00,25,16,9,0,0,0
2023-12-23 09:15,24,14,10,0,0,0
2023-12-23 09:30,33,26,7,0,0,0
2023-12-23 09:45,32,24,8,0,0,0
2023-12-23 10:00,41,28,13,0,0,0
2023-12-23 10:15,41,31,10,0,0,0
2023-12-23 10:30,35,19,16,0,0,0
2023-12-23 10:45,40,23,17,0,0,0
2023-12-23 11:00,41,22,19,0,0,0
2023-12-23 11:15,43,28,15,0,0,0
2023-12-23 11:30,32,14,18,0,0,0
2023-12-23 11:45,48,30,18,0,0,0
2023-12-23 12:00,52,27,25,0,0,0
2023-12-23 12:15,47,28,19,0,0,0
2023-12-23 12:30,47,27,20,0,0,0
2023-12-23 12:45,57,32,25,0,0,0
2023-12-23 13:00,53,19,34,0,0,0
2023-12-23 13:15,44,20,24,0,0,0
2023-12-23 13:30,52,21,31,0,0,0
2023-12-23 13:45,36,16,20,0,0,0
2023-12-23 14:00,59,28,31,0,0,0
2023-12-23 14:15,49,23,26,0,0,0
2023-12-23 14:30,44,18,26,0,0,0
2023-12-23 14:45,47,21,26,0,0,0
2023-12-23 15:00,52,22,30,0,0,0
2023-12-23 15:15,35,20,15,0,0,0
2023-12-23 15:30,47,20,27,0,0,0
2023-12-23 15:45,61,21,40,0,0,0
2023-12-23 16:00,43,23,20,0,0,0
2023-12-23 16:15,57,33,24,0,0,0
2023-12-23 16:30,50,24,26,0,0,0
2023-12-23 16:45,55,34,21,0,0,0
2023-12-23 17:00,51,29,22,0,0,0
2023-12-23 17:15,38,28,10,0,0,0
2023-12-23 17:30,38,14,24,0,0,0
2023-12-23 17:45,40,25,15,0,0,0
2023-12-23 18:00,60,30,30,0,0,0
2023-12-23 18:15,33,13,20,0,0,0
2023-12-23 18:30,40,12,28,0,0,0
2023-12-23 18:45,45,18,27,0,0,0
2023-12-23 19:00,38,14,24,0,0,0
2023-12-23 19:15,37,20,17,0,0,0
2023-12-23 19:30,35,20,15,0,0,0
2023-12-23 19:45,28,12,16,0,0,0
2023-12-23 20:00,24,15,9,0,0,0
2023-12-23 20:15,25,11,14,0,0,0
2023-12-23 20:30,20,10,10,0,0,0
2023-12-23 20:45,30,8,22,0,0,0
2023-12-23 21:00,24,6,18,0,0,0
2023-12-23 21:15,25,16,9,0,0,0
2023-12-23 21:30,16,8,8,0,0,0
2023-12-23 21:45,22,12,10,0,0,0
2023-12-23 22:00,22,7,15,0,0,0
2023-12-23 22:15,25,8,17,0,0,0
2023-12-23 22:30,8,2,6,0,0,0
2023-12-23 22:45,12,1,11,0,0,0
2023-12-23 23:00,18,5,13,0,0,0
2023-12-23 23:15,14,4,10,0,0,0
2023-12-23 23:30,15,6,9,0,0,0
2023-12-23 23:45,16,3,13,0,0,0
2023-12-24 00:00,16,3,13,0,0,0
2023-12-24 00:15,21,5,16,0,0,0
2023-12-24 00:30,22,4,18,0,0,0
2023-12-24 00:45,13,2,11,0,0,0
2023-12-24 01:00,9,4,5,0,0,0
2023-12-24 01:15,14,1,13,0,0,0
2023-12-24 01:30,11,2,9,0,0,0
2023-12-24 01:45,9,2,7,0,0,0
2023-12-24 02:00,12,3,9,0,0,0
2023-12-24 02:15,7,0,7,0,0,0
2023-12-24 02:30,9,0,9,0,0,0
2023-12-24 02:45,6,0,6,0,0,0
2023-12-24 03:00,4,1,3,0,0,0
2023-12-24 03:15,2,1,1,0,0,0
2023-12-24 03:30,6,1,5,0,0,0
2023-12-24 03:45,8,4,4,0,0,0
2023-12-24 04:00,2,0,2,0,0,0
2023-12-24 04:15,1,1,0,0,0,0
2023-12-24 04:30,3,0,3,0,0,0
2023-12-24 04:45,7,0,7,0,0,0
2023-12-24 05:00,5,1,4,0,0,0
2023-12-24 05:15,4,0,4,0,0,0
2023-12-24 05:30,4,4,0,0,0,0
2023-12-24 05:45,3,1,2,0,0,0
2023-12-24 06:00,0,0,0,0,0,0
2023-12-24 06:15,7,1,6,0,0,0
2023-12-24 06:30,4,1,3,0,0,0
2023-12-24 06:45,3,2,1,0,0,0
2023-12-24 07:00,2,0,2,0,0,0
2023-12-24 07:15,5,2,3,0,0,0
2023-12-24 07:30,7,5,2,0,0,0
2023-12-24 07:45,7,3,4,0,0,0
2023-12-24 08:00,6,4,2,0,0,0
2023-12-24 08:15,8,4,4,0,0,0
2023-12-24 08:30,5,2,3,0,0,0
2023-12-24 08:45,15,10,5,0,0,0
2023-12-24 09:00,7,5,2,0,0,0
2023-12-24 09:15,11,9,2,0,0,0
2023-12-24 09:30,7,2,5,0,0,0
2023-12-24 09:45,16,9,7,0,0,0
2023-12-24 10:00,7,4,3,0,0,0
2023-12-24 10:15,10,5,5,0,0,0
2023-12-24 10:30,12,7,5,0,0,0
2023-12-24 10:45,13,6,7,0,0,0
2023-12-24 11:00,19,9,10,0,0,0
2023-12-24 11:15,16,9,7,0,0,0
2023-12-24 11:30,18,6,12,0,0,0
2023-12-24 11:45,11,9,2,0,0,0
2023-12-24 12:00,20,11,9,0,0,0
2023-12-24 12:15,16,9,7,0,0,0
2023-12-24 12:30,14,5,9,0,0,0
2023-12-24 12:45,24,7,17,0,0,0
2023-12-24 13:00,19,7,12,0,0,0
2023-12-24 13:15,22,8,14,0,0,0
2023-12-24 13:30,26,16,10,0,0,0
2023-12-24 13:45,21,8,13,0,0,0
2023-12-24 14:00,10,4,6,0,0,0
2023-12-24 14:15,13,5,8,0,0,0
2023-12-24 14:30,18,6,12,0,0,0
2023-12-24 14:45,19,12,7,0,0,0
2023-12-24 15:00,14,8,6,0,0,0
2023-12-24 15:15,18,11,7,0,0,0
2023-12-24 15:30,8,4,4,0,0,0
2023-12-24 15:45,14,6,8,0,0,0
2023-12-24 16:00,16,12,4,0,0,0
2023-12-24 16:15,19,13,6,0,0,0
2023-12-24 16:30,21,16,5,0,0,0
2023-12-24 16:45,20,12,8,0,0,0
2023-12-24 17:00,9,4,5,0,0,0
2023-12-24 17:15,20,4,16,0,0,0
2023-12-24 17:30,11,3,8,0,0,0
2023-12-24 17:45,5,5,0,0,0,0
2023-12-24 18:00,11,7,4,0,0,0
2023-12-24 18:15,2,0,2,0,0,0
2023-12-24 18:30,20,4,16,0,0,0
2023-12-24 18:45,14,3,11,0,0,0
2023-12-24 19:00,10,3,7,0,0,0
2023-12-24 19:15,6,1,5,0,0,0
2023-12-24 19:30,6,2,4,0,0,0
2023-12-24 19:45,9,5,4,0,0,0
2023-12-24 20:00,7,2,5,0,0,0
2023-12-24 20:15,5,3,2,0,0,0
2023-12-24 20:30,3,0,3,0,0,0
2023-12-24 20:45,1,0,1,0,0,0
2023-12-24 21:00,7,2,5,0,0,0
2023-12-24 21:15,7,5,2,0,0,0
2023-12-24 21:30,4,2,2,0,0,0
2023-12-24 21:45,5,4,1,0,0,0
2023-12-24 22:00,12,7,5,0,0,0
2023-12-24 22:15,9,3,6,0,0,0
2023-12-24 22:30,6,1,5,0,0,0
2023-12-24 22:45,6,1,5,0,0,0
2023-12-24 23:00,2,1,1,0,0,0
2023-12-24 23:15,5,4,1,0,0,0
2023-12-24 23:30,2,1,1,0,0,0
2023-12-24 23:45,15,6,9,0,0,0
