Datetime,100035541 (Neutor),101035541 (Neutor stadteinwÃ¤rts),102035541 (Neutor stadtauswÃ¤rts),100035541-status,101035541-status,102035541-status
2023-05-01 00:00,62,21,41,0,0,0
2023-05-01 00:15,55,25,30,0,0,0
2023-05-01 00:30,49,19,30,0,0,0
2023-05-01 00:45,78,32,46,0,0,0
2023-05-01 01:00,69,19,50,0,0,0
2023-05-01 01:15,33,9,24,0,0,0
2023-05-01 01:30,58,15,43,0,0,0
2023-05-01 01:45,34,10,24,0,0,0
2023-05-01 02:00,49,9,40,0,0,0
2023-05-01 02:15,46,9,37,0,0,0
2023-05-01 02:30,24,5,19,0,0,0
2023-05-01 02:45,47,12,35,0,0,0
2023-05-01 03:00,42,9,33,0,0,0
2023-05-01 03:15,23,1,22,0,0,0
2023-05-01 03:30,34,6,28,0,0,0
2023-05-01 03:45,22,4,18,0,0,0
2023-05-01 04:00,24,6,18,0,0,0
2023-05-01 04:15,22,4,18,0,0,0
2023-05-01 04:30,14,1,13,0,0,0
2023-05-01 04:45,10,1,9,0,0,0
2023-05-01 05:00,14,3,11,0,0,0
2023-05-01 05:15,14,4,10,0,0,0
2023-05-01 05:30,17,3,14,0,0,0
2023-05-01 05:45,14,1,13,0,0,0
2023-05-01 06:00,14,6,8,0,0,0
2023-05-01 06:15,11,5,6,0,0,0
2023-05-01 06:30,13,2,11,0,0,0
2023-05-01 06:45,13,6,7,0,0,0
2023-05-01 07:00,5,1,4,0,0,0
2023-05-01 07:15,9,7,2,0,0,0
2023-05-01 07:30,13,6,7,0,0,0
2023-05-01 07:45,27,21,6,0,0,0
2023-05-01 08:00,6,5,1,0,0,0
2023-05-01 08:15,17,10,7,0,0,0
2023-05-01 08:30,25,21,4,0,0,0
2023-05-01 08:45,18,11,7,0,0,0
2023-05-01 09:00,25,10,15,0,0,0
2023-05-01 09:15,26,14,12,0,0,0
2023-05-01 09:30,40,22,18,0,0,0
2023-05-01 09:45,60,37,23,0,0,0
2023-05-01 10:00,82,53,29,0,0,0
2023-05-01 10:15,77,48,29,0,0,0
2023-05-01 10:30,98,57,41,0,0,0
2023-05-01 10:45,92,50,42,0,0,0
2023-05-01 11:00,125,68,57,0,0,0
2023-05-01 11:15,114,58,56,0,0,0
2023-05-01 11:30,119,67,52,0,0,0
2023-05-01 11:45,120,77,43,0,0,0
2023-05-01 12:00,173,82,91,0,0,0
2023-05-01 12:15,126,82,44,0,0,0
2023-05-01 12:30,151,77,74,0,0,0
2023-05-01 12:45,154,86,68,0,0,0
2023-05-01 13:00,186,106,80,0,0,0
2023-05-01 13:15,168,114,54,0,0,0
2023-05-01 13:30,194,100,94,0,0,0
2023-05-01 13:45,201,114,87,0,0,0
2023-05-01 14:00,218,143,75,0,0,0
2023-05-01 14:15,189,102,87,0,0,0
2023-05-01 14:30,209,145,64,0,0,0
2023-05-01 14:45,212,147,65,0,0,0
2023-05-01 15:00,214,131,83,0,0,0
2023-05-01 15:15,181,123,58,0,0,0
2023-05-01 15:30,219,138,81,0,0,0
2023-05-01 15:45,166,102,64,0,0,0
2023-05-01 16:00,228,141,87,0,0,0
2023-05-01 16:15,148,106,42,0,0,0
2023-05-01 16:30,165,77,88,0,0,0
2023-05-01 16:45,153,80,73,0,0,0
2023-05-01 17:00,153,91,62,0,0,0
2023-05-01 17:15,151,74,77,0,0,0
2023-05-01 17:30,146,51,95,0,0,0
2023-05-01 17:45,143,60,83,0,0,0
2023-05-01 18:00,117,39,78,0,0,0
2023-05-01 18:15,132,62,70,0,0,0
2023-05-01 18:30,213,84,129,0,0,0
2023-05-01 18:45,226,75,151,0,0,0
2023-05-01 19:00,153,45,108,0,0,0
2023-05-01 19:15,81,21,60,0,0,0
2023-05-01 19:30,48,16,32,0,0,0
2023-05-01 19:45,90,38,52,0,0,0
2023-05-01 20:00,89,23,66,0,0,0
2023-05-01 20:15,89,23,66,0,0,0
2023-05-01 20:30,98,38,60,0,0,0
2023-05-01 20:45,84,21,63,0,0,0
2023-05-01 21:00,82,30,52,0,0,0
2023-05-01 21:15,114,37,77,0,0,0
2023-05-01 21:30,83,20,63,0,0,0
2023-05-01 21:45,69,15,54,0,0,0
2023-05-01 22:00,87,20,67,0,0,0
2023-05-01 22:15,68,18,50,0,0,0
2023-05-01 22:30,49,11,38,0,0,0
2023-05-01 22:45,48,13,35,0,0,0
2023-05-01 23:00,57,12,45,0,0,0
2023-05-01 23:15,47,19,28,0,0,0
2023-05-01 23:30,34,5,29,0,0,0
2023-05-01 23:45,29,6,23,0,0,0
2023-05-02 00:00,37,10,27,0,0,0
2023-05-02 00:15,18,4,14,0,0,0
2023-05-02 00:30,20,5,15,0,0,0
2023-05-02 00:45,9,3,6,0,0,0
2023-05-02 01:00,23,5,18,0,0,0
2023-05-02 01:15,17,5,12,0,0,0
2023-05-02 01:30,8,3,5,0,0,0
2023-05-02 01:45,7,0,7,0,0,0
2023-05-02 02:00,10,1,9,0,0,0
2023-05-02 02:15,1,0,1,0,0,0
2023-05-02 02:30,6,2,4,0,0,0
2023-05-02 02:45,2,0,2,0,0,0
2023-05-02 03:00,2,0,2,0,0,0
2023-05-02 03:15,1,0,1,0,0,0
2023-05-02 03:30,4,3,1,0,0,0
2023-05-02 03:45,2,2,0,0,0,0
2023-05-02 04:00,0,0,0,0,0,0
2023-05-02 04:15,1,0,1,0,0,0
2023-05-02 04:30,2,0,2,0,0,0
2023-05-02 04:45,6,5,1,0,0,0
2023-05-02 05:00,11,8,3,0,0,0
2023-05-02 05:15,10,6,4,0,0,0
2023-05-02 05:30,20,14,6,0,0,0
2023-05-02 05:45,31,19,12,0,0,0
2023-05-02 06:00,32,24,8,0,0,0
2023-05-02 06:15,37,27,10,0,0,0
2023-05-02 06:30,56,40,16,0,0,0
2023-05-02 06:45,92,62,30,0,0,0
2023-05-02 07:00,93,56,37,0,0,0
2023-05-02 07:15,146,98,48,0,0,0
2023-05-02 07:30,288,194,94,0,0,0
2023-05-02 07:45,323,187,136,0,0,0
2023-05-02 08:00,411,226,185,0,0,0
2023-05-02 08:15,261,167,94,0,0,0
2023-05-02 08:30,202,102,100,0,0,0
2023-05-02 08:45,254,127,127,0,0,0
2023-05-02 09:00,212,133,79,0,0,0
2023-05-02 09:15,156,81,75,0,0,0
2023-05-02 09:30,165,95,70,0,0,0
2023-05-02 09:45,351,167,184,0,0,0
2023-05-02 10:00,371,174,197,0,0,0
2023-05-02 10:15,147,70,77,0,0,0
2023-05-02 10:30,116,56,60,0,0,0
2023-05-02 10:45,117,64,53,0,0,0
2023-05-02 11:00,115,50,65,0,0,0
2023-05-02 11:15,144,59,85,0,0,0
2023-05-02 11:30,191,88,103,0,0,0
2023-05-02 11:45,363,193,170,0,0,0
2023-05-02 12:00,307,144,163,0,0,0
2023-05-02 12:15,194,96,98,0,0,0
2023-05-02 12:30,170,79,91,0,0,0
2023-05-02 12:45,146,31,115,0,0,0
2023-05-02 13:00,224,86,138,0,0,0
2023-05-02 13:15,200,84,116,0,0,0
2023-05-02 13:30,226,116,110,0,0,0
2023-05-02 13:45,435,214,221,0,0,0
2023-05-02 14:00,349,178,171,0,0,0
2023-05-02 14:15,197,81,116,0,0,0
2023-05-02 14:30,204,89,115,0,0,0
2023-05-02 14:45,195,91,104,0,0,0
2023-05-02 15:00,187,87,100,0,0,0
2023-05-02 15:15,216,91,125,0,0,0
2023-05-02 15:30,221,101,120,0,0,0
2023-05-02 15:45,461,223,238,0,0,0
2023-05-02 16:00,400,209,191,0,0,0
2023-05-02 16:15,293,113,180,0,0,0
2023-05-02 16:30,254,121,133,0,0,0
2023-05-02 16:45,295,136,159,0,0,0
2023-05-02 17:00,285,146,139,0,0,0
2023-05-02 17:15,273,121,152,0,0,0
2023-05-02 17:30,311,149,162,0,0,0
2023-05-02 17:45,452,195,257,0,0,0
2023-05-02 18:00,404,185,219,0,0,0
2023-05-02 18:15,292,137,155,0,0,0
2023-05-02 18:30,230,91,139,0,0,0
2023-05-02 18:45,298,118,180,0,0,0
2023-05-02 19:00,190,93,97,0,0,0
2023-05-02 19:15,234,116,118,0,0,0
2023-05-02 19:30,270,121,149,0,0,0
2023-05-02 19:45,302,144,158,0,0,0
2023-05-02 20:00,196,81,115,0,0,0
2023-05-02 20:15,153,80,73,0,0,0
2023-05-02 20:30,146,44,102,0,0,0
2023-05-02 20:45,121,49,72,0,0,0
2023-05-02 21:00,123,57,66,0,0,0
2023-05-02 21:15,111,48,63,0,0,0
2023-05-02 21:30,106,45,61,0,0,0
2023-05-02 21:45,128,47,81,0,0,0
2023-05-02 22:00,90,23,67,0,0,0
2023-05-02 22:15,117,51,66,0,0,0
2023-05-02 22:30,85,22,63,0,0,0
2023-05-02 22:45,58,18,40,0,0,0
2023-05-02 23:00,71,21,50,0,0,0
2023-05-02 23:15,52,6,46,0,0,0
2023-05-02 23:30,49,18,31,0,0,0
2023-05-02 23:45,24,10,14,0,0,0
2023-05-03 00:00,19,5,14,0,0,0
2023-05-03 00:15,16,4,12,0,0,0
2023-05-03 00:30,11,2,9,0,0,0
2023-05-03 00:45,11,2,9,0,0,0
2023-05-03 01:00,6,2,4,0,0,0
2023-05-03 01:15,8,2,6,0,0,0
2023-05-03 01:30,11,2,9,0,0,0
2023-05-03 01:45,3,1,2,0,0,0
2023-05-03 02:00,7,4,3,0,0,0
2023-05-03 02:15,1,0,1,0,0,0
2023-05-03 02:30,2,1,1,0,0,0
2023-05-03 02:45,1,0,1,0,0,0
2023-05-03 03:00,0,0,0,0,0,0
2023-05-03 03:15,1,1,0,0,0,0
2023-05-03 03:30,2,2,0,0,0,0
2023-05-03 03:45,3,2,1,0,0,0
2023-05-03 04:00,4,4,0,0,0,0
2023-05-03 04:15,3,0,3,0,0,0
2023-05-03 04:30,5,3,2,0,0,0
2023-05-03 04:45,10,6,4,0,0,0
2023-05-03 05:00,12,11,1,0,0,0
2023-05-03 05:15,8,5,3,0,0,0
2023-05-03 05:30,26,17,9,0,0,0
2023-05-03 05:45,32,16,16,0,0,0
2023-05-03 06:00,35,27,8,0,0,0
2023-05-03 06:15,48,33,15,0,0,0
2023-05-03 06:30,81,54,27,0,0,0
2023-05-03 06:45,102,76,26,0,0,0
2023-05-03 07:00,135,82,53,0,0,0
2023-05-03 07:15,209,152,57,0,0,0
2023-05-03 07:30,378,284,94,0,0,0
2023-05-03 07:45,426,240,186,0,0,0
2023-05-03 08:00,534,277,257,0,0,0
2023-05-03 08:15,313,171,142,0,0,0
2023-05-03 08:30,275,171,104,0,0,0
2023-05-03 08:45,275,162,113,0,0,0
2023-05-03 09:00,196,111,85,0,0,0
2023-05-03 09:15,176,100,76,0,0,0
2023-05-03 09:30,222,121,101,0,0,0
2023-05-03 09:45,403,217,186,0,0,0
2023-05-03 10:00,431,243,188,0,0,0
2023-05-03 10:15,168,79,89,0,0,0
2023-05-03 10:30,132,69,63,0,0,0
2023-05-03 10:45,124,63,61,0,0,0
2023-05-03 11:00,158,86,72,0,0,0
2023-05-03 11:15,151,95,56,0,0,0
2023-05-03 11:30,199,92,107,0,0,0
2023-05-03 11:45,390,212,178,0,0,0
2023-05-03 12:00,369,196,173,0,0,0
2023-05-03 12:15,230,124,106,0,0,0
2023-05-03 12:30,209,98,111,0,0,0
2023-05-03 12:45,257,121,136,0,0,0
2023-05-03 13:00,240,114,126,0,0,0
2023-05-03 13:15,232,97,135,0,0,0
2023-05-03 13:30,238,104,134,0,0,0
2023-05-03 13:45,382,177,205,0,0,0
2023-05-03 14:00,381,176,205,0,0,0
2023-05-03 14:15,249,104,145,0,0,0
2023-05-03 14:30,227,101,126,0,0,0
2023-05-03 14:45,240,108,132,0,0,0
2023-05-03 15:00,214,95,119,0,0,0
2023-05-03 15:15,239,101,138,0,0,0
2023-05-03 15:30,326,132,194,0,0,0
2023-05-03 15:45,491,217,274,0,0,0
2023-05-03 16:00,394,210,184,0,0,0
2023-05-03 16:15,324,137,187,0,0,0
2023-05-03 16:30,288,130,158,0,0,0
2023-05-03 16:45,310,149,161,0,0,0
2023-05-03 17:00,330,152,178,0,0,0
2023-05-03 17:15,345,182,163,0,0,0
2023-05-03 17:30,373,171,202,0,0,0
2023-05-03 17:45,494,212,282,0,0,0
2023-05-03 18:00,390,161,229,0,0,0
2023-05-03 18:15,343,141,202,0,0,0
2023-05-03 18:30,278,130,148,0,0,0
2023-05-03 18:45,277,137,140,0,0,0
2023-05-03 19:00,282,132,150,0,0,0
2023-05-03 19:15,275,132,143,0,0,0
2023-05-03 19:30,261,144,117,0,0,0
2023-05-03 19:45,290,130,160,0,0,0
2023-05-03 20:00,237,112,125,0,0,0
2023-05-03 20:15,173,83,90,0,0,0
2023-05-03 20:30,174,73,101,0,0,0
2023-05-03 20:45,145,63,82,0,0,0
2023-05-03 21:00,149,77,72,0,0,0
2023-05-03 21:15,161,66,95,0,0,0
2023-05-03 21:30,129,57,72,0,0,0
2023-05-03 21:45,125,58,67,0,0,0
2023-05-03 22:00,151,52,99,0,0,0
2023-05-03 22:15,126,57,69,0,0,0
2023-05-03 22:30,108,42,66,0,0,0
2023-05-03 22:45,110,35,75,0,0,0
2023-05-03 23:00,95,35,60,0,0,0
2023-05-03 23:15,88,33,55,0,0,0
2023-05-03 23:30,70,18,52,0,0,0
2023-05-03 23:45,65,22,43,0,0,0
2023-05-04 00:00,39,12,27,0,0,0
2023-05-04 00:15,28,8,20,0,0,0
2023-05-04 00:30,23,12,11,0,0,0
2023-05-04 00:45,34,8,26,0,0,0
2023-05-04 01:00,31,14,17,0,0,0
2023-05-04 01:15,26,4,22,0,0,0
2023-05-04 01:30,23,0,23,0,0,0
2023-05-04 01:45,20,3,17,0,0,0
2023-05-04 02:00,24,2,22,0,0,0
2023-05-04 02:15,28,2,26,0,0,0
2023-05-04 02:30,9,0,9,0,0,0
2023-05-04 02:45,19,0,19,0,0,0
2023-05-04 03:00,9,0,9,0,0,0
2023-05-04 03:15,11,1,10,0,0,0
2023-05-04 03:30,12,4,8,0,0,0
2023-05-04 03:45,15,1,14,0,0,0
2023-05-04 04:00,15,1,14,0,0,0
2023-05-04 04:15,13,1,12,0,0,0
2023-05-04 04:30,20,7,13,0,0,0
2023-05-04 04:45,9,5,4,0,0,0
2023-05-04 05:00,12,7,5,0,0,0
2023-05-04 05:15,15,10,5,0,0,0
2023-05-04 05:30,21,17,4,0,0,0
2023-05-04 05:45,34,19,15,0,0,0
2023-05-04 06:00,33,22,11,0,0,0
2023-05-04 06:15,42,31,11,0,0,0
2023-05-04 06:30,73,50,23,0,0,0
2023-05-04 06:45,99,62,37,0,0,0
2023-05-04 07:00,118,80,38,0,0,0
2023-05-04 07:15,199,135,64,0,0,0
2023-05-04 07:30,336,236,100,0,0,0
2023-05-04 07:45,406,218,188,0,0,0
2023-05-04 08:00,460,215,245,0,0,0
2023-05-04 08:15,285,174,111,0,0,0
2023-05-04 08:30,218,124,94,0,0,0
2023-05-04 08:45,268,165,103,0,0,0
2023-05-04 09:00,180,110,70,0,0,0
2023-05-04 09:15,164,98,66,0,0,0
2023-05-04 09:30,172,96,76,0,0,0
2023-05-04 09:45,404,237,167,0,0,0
2023-05-04 10:00,458,254,204,0,0,0
2023-05-04 10:15,174,92,82,0,0,0
2023-05-04 10:30,123,67,56,0,0,0
2023-05-04 10:45,142,67,75,0,0,0
2023-05-04 11:00,144,68,76,0,0,0
2023-05-04 11:15,151,66,85,0,0,0
2023-05-04 11:30,156,74,82,0,0,0
2023-05-04 11:45,411,180,231,0,0,0
2023-05-04 12:00,360,178,182,0,0,0
2023-05-04 12:15,201,98,103,0,0,0
2023-05-04 12:30,188,81,107,0,0,0
2023-05-04 12:45,207,111,96,0,0,0
2023-05-04 13:00,242,120,122,0,0,0
2023-05-04 13:15,212,101,111,0,0,0
2023-05-04 13:30,248,122,126,0,0,0
2023-05-04 13:45,407,189,218,0,0,0
2023-05-04 14:00,392,206,186,0,0,0
2023-05-04 14:15,273,128,145,0,0,0
2023-05-04 14:30,206,108,98,0,0,0
2023-05-04 14:45,234,126,108,0,0,0
2023-05-04 15:00,238,105,133,0,0,0
2023-05-04 15:15,219,96,123,0,0,0
2023-05-04 15:30,331,124,207,0,0,0
2023-05-04 15:45,518,271,247,0,0,0
2023-05-04 16:00,460,232,228,0,0,0
2023-05-04 16:15,348,175,173,0,0,0
2023-05-04 16:30,268,134,134,0,0,0
2023-05-04 16:45,329,147,182,0,0,0
2023-05-04 17:00,353,175,178,0,0,0
2023-05-04 17:15,358,196,162,0,0,0
2023-05-04 17:30,363,176,187,0,0,0
2023-05-04 17:45,457,209,248,0,0,0
2023-05-04 18:00,419,218,201,0,0,0
2023-05-04 18:15,371,179,192,0,0,0
2023-05-04 18:30,329,159,170,0,0,0
2023-05-04 18:45,307,151,156,0,0,0
2023-05-04 19:00,272,129,143,0,0,0
2023-05-04 19:15,270,117,153,0,0,0
2023-05-04 19:30,273,125,148,0,0,0
2023-05-04 19:45,324,160,164,0,0,0
2023-05-04 20:00,244,126,118,0,0,0
2023-05-04 20:15,260,140,120,0,0,0
2023-05-04 20:30,156,77,79,0,0,0
2023-05-04 20:45,153,76,77,0,0,0
2023-05-04 21:00,128,56,72,0,0,0
2023-05-04 21:15,137,56,81,0,0,0
2023-05-04 21:30,149,59,90,0,0,0
2023-05-04 21:45,165,52,113,0,0,0
2023-05-04 22:00,122,46,76,0,0,0
2023-05-04 22:15,132,60,72,0,0,0
2023-05-04 22:30,110,35,75,0,0,0
2023-05-04 22:45,117,35,82,0,0,0
2023-05-04 23:00,94,30,64,0,0,0
2023-05-04 23:15,49,17,32,0,0,0
2023-05-04 23:30,54,16,38,0,0,0
2023-05-04 23:45,54,12,42,0,0,0
2023-05-05 00:00,50,12,38,0,0,0
2023-05-05 00:15,26,3,23,0,0,0
2023-05-05 00:30,34,9,25,0,0,0
2023-05-05 00:45,29,4,25,0,0,0
2023-05-05 01:00,24,2,22,0,0,0
2023-05-05 01:15,17,6,11,0,0,0
2023-05-05 01:30,23,4,19,0,0,0
2023-05-05 01:45,12,1,11,0,0,0
2023-05-05 02:00,6,2,4,0,0,0
2023-05-05 02:15,8,2,6,0,0,0
2023-05-05 02:30,11,1,10,0,0,0
2023-05-05 02:45,2,0,2,0,0,0
2023-05-05 03:00,3,0,3,0,0,0
2023-05-05 03:15,5,0,5,0,0,0
2023-05-05 03:30,6,1,5,0,0,0
2023-05-05 03:45,6,0,6,0,0,0
2023-05-05 04:00,6,3,3,0,0,0
2023-05-05 04:15,2,0,2,0,0,0
2023-05-05 04:30,10,4,6,0,0,0
2023-05-05 04:45,7,6,1,0,0,0
2023-05-05 05:00,12,8,4,0,0,0
2023-05-05 05:15,12,9,3,0,0,0
2023-05-05 05:30,18,11,7,0,0,0
2023-05-05 05:45,21,11,10,0,0,0
2023-05-05 06:00,33,21,12,0,0,0
2023-05-05 06:15,35,23,12,0,0,0
2023-05-05 06:30,58,33,25,0,0,0
2023-05-05 06:45,72,43,29,0,0,0
2023-05-05 07:00,93,56,37,0,0,0
2023-05-05 07:15,136,90,46,0,0,0
2023-05-05 07:30,264,187,77,0,0,0
2023-05-05 07:45,313,176,137,0,0,0
2023-05-05 08:00,328,167,161,0,0,0
2023-05-05 08:15,261,120,141,0,0,0
2023-05-05 08:30,218,126,92,0,0,0
2023-05-05 08:45,250,133,117,0,0,0
2023-05-05 09:00,171,97,74,0,0,0
2023-05-05 09:15,142,88,54,0,0,0
2023-05-05 09:30,178,100,78,0,0,0
2023-05-05 09:45,336,156,180,0,0,0
2023-05-05 10:00,294,109,185,0,0,0
2023-05-05 10:15,140,79,61,0,0,0
2023-05-05 10:30,133,83,50,0,0,0
2023-05-05 10:45,159,89,70,0,0,0
2023-05-05 11:00,166,98,68,0,0,0
2023-05-05 11:15,149,70,79,0,0,0
2023-05-05 11:30,166,93,73,0,0,0
2023-05-05 11:45,304,183,121,0,0,0
2023-05-05 12:00,297,181,116,0,0,0
2023-05-05 12:15,241,134,107,0,0,0
2023-05-05 12:30,210,126,84,0,0,0
2023-05-05 12:45,236,126,110,0,0,0
2023-05-05 13:00,269,104,165,0,0,0
2023-05-05 13:15,276,111,165,0,0,0
2023-05-05 13:30,265,118,147,0,0,0
2023-05-05 13:45,268,145,123,0,0,0
2023-05-05 14:00,313,150,163,0,0,0
2023-05-05 14:15,262,127,135,0,0,0
2023-05-05 14:30,225,114,111,0,0,0
2023-05-05 14:45,264,129,135,0,0,0
2023-05-05 15:00,212,100,112,0,0,0
2023-05-05 15:15,224,109,115,0,0,0
2023-05-05 15:30,225,115,110,0,0,0
2023-05-05 15:45,203,91,112,0,0,0
2023-05-05 16:00,194,92,102,0,0,0
2023-05-05 16:15,210,127,83,0,0,0
2023-05-05 16:30,207,86,121,0,0,0
2023-05-05 16:45,202,95,107,0,0,0
2023-05-05 17:00,194,97,97,0,0,0
2023-05-05 17:15,165,75,90,0,0,0
2023-05-05 17:30,176,84,92,0,0,0
2023-05-05 17:45,277,126,151,0,0,0
2023-05-05 18:00,176,96,80,0,0,0
2023-05-05 18:15,140,69,71,0,0,0
2023-05-05 18:30,182,95,87,0,0,0
2023-05-05 18:45,197,118,79,0,0,0
2023-05-05 19:00,159,88,71,0,0,0
2023-05-05 19:15,197,110,87,0,0,0
2023-05-05 19:30,163,91,72,0,0,0
2023-05-05 19:45,202,99,103,0,0,0
2023-05-05 20:00,181,99,82,0,0,0
2023-05-05 20:15,124,64,60,0,0,0
2023-05-05 20:30,104,58,46,0,0,0
2023-05-05 20:45,103,49,54,0,0,0
2023-05-05 21:00,108,54,54,0,0,0
2023-05-05 21:15,112,59,53,0,0,0
2023-05-05 21:30,109,45,64,0,0,0
2023-05-05 21:45,98,36,62,0,0,0
2023-05-05 22:00,100,34,66,0,0,0
2023-05-05 22:15,94,26,68,0,0,0
2023-05-05 22:30,114,29,85,0,0,0
2023-05-05 22:45,83,23,60,0,0,0
2023-05-05 23:00,112,32,80,0,0,0
2023-05-05 23:15,90,38,52,0,0,0
2023-05-05 23:30,73,36,37,0,0,0
2023-05-05 23:45,83,16,67,0,0,0
2023-05-06 00:00,97,27,70,0,0,0
2023-05-06 00:15,88,34,54,0,0,0
2023-05-06 00:30,71,23,48,0,0,0
2023-05-06 00:45,60,20,40,0,0,0
2023-05-06 01:00,74,31,43,0,0,0
2023-05-06 01:15,72,21,51,0,0,0
2023-05-06 01:30,45,15,30,0,0,0
2023-05-06 01:45,33,5,28,0,0,0
2023-05-06 02:00,53,21,32,0,0,0
2023-05-06 02:15,42,17,25,0,0,0
2023-05-06 02:30,26,9,17,0,0,0
2023-05-06 02:45,24,5,19,0,0,0
2023-05-06 03:00,28,3,25,0,0,0
2023-05-06 03:15,32,10,22,0,0,0
2023-05-06 03:30,23,8,15,0,0,0
2023-05-06 03:45,32,9,23,0,0,0
2023-05-06 04:00,14,5,9,0,0,0
2023-05-06 04:15,18,8,10,0,0,0
2023-05-06 04:30,17,5,12,0,0,0
2023-05-06 04:45,17,5,12,0,0,0
2023-05-06 05:00,18,7,11,0,0,0
2023-05-06 05:15,14,6,8,0,0,0
2023-05-06 05:30,14,8,6,0,0,0
2023-05-06 05:45,18,9,9,0,0,0
2023-05-06 06:00,13,8,5,0,0,0
2023-05-06 06:15,13,8,5,0,0,0
2023-05-06 06:30,12,6,6,0,0,0
2023-05-06 06:45,20,14,6,0,0,0
2023-05-06 07:00,13,8,5,0,0,0
2023-05-06 07:15,21,15,6,0,0,0
2023-05-06 07:30,27,18,9,0,0,0
2023-05-06 07:45,43,21,22,0,0,0
2023-05-06 08:00,45,26,19,0,0,0
2023-05-06 08:15,40,20,20,0,0,0
2023-05-06 08:30,59,33,26,0,0,0
2023-05-06 08:45,111,68,43,0,0,0
2023-05-06 09:00,64,45,19,0,0,0
2023-05-06 09:15,86,67,19,0,0,0
2023-05-06 09:30,92,67,25,0,0,0
2023-05-06 09:45,189,132,57,0,0,0
2023-05-06 10:00,171,122,49,0,0,0
2023-05-06 10:15,158,110,48,0,0,0
2023-05-06 10:30,144,94,50,0,0,0
2023-05-06 10:45,169,109,60,0,0,0
2023-05-06 11:00,138,93,45,0,0,0
2023-05-06 11:15,134,93,41,0,0,0
2023-05-06 11:30,170,104,66,0,0,0
2023-05-06 11:45,205,119,86,0,0,0
2023-05-06 12:00,183,110,73,0,0,0
2023-05-06 12:15,178,108,70,0,0,0
2023-05-06 12:30,173,99,74,0,0,0
2023-05-06 12:45,200,120,80,0,0,0
2023-05-06 13:00,171,94,77,0,0,0
2023-05-06 13:15,202,111,91,0,0,0
2023-05-06 13:30,189,92,97,0,0,0
2023-05-06 13:45,218,137,81,0,0,0
2023-05-06 14:00,165,88,77,0,0,0
2023-05-06 14:15,198,111,87,0,0,0
2023-05-06 14:30,202,98,104,0,0,0
2023-05-06 14:45,202,108,94,0,0,0
2023-05-06 15:00,193,88,105,0,0,0
2023-05-06 15:15,199,94,105,0,0,0
2023-05-06 15:30,183,86,97,0,0,0
2023-05-06 15:45,209,98,111,0,0,0
2023-05-06 16:00,187,94,93,0,0,0
2023-05-06 16:15,148,78,70,0,0,0
2023-05-06 16:30,189,100,89,0,0,0
2023-05-06 16:45,221,107,114,0,0,0
2023-05-06 17:00,179,80,99,0,0,0
2023-05-06 17:15,169,62,107,0,0,0
2023-05-06 17:30,184,89,95,0,0,0
2023-05-06 17:45,212,101,111,0,0,0
2023-05-06 18:00,218,98,120,0,0,0
2023-05-06 18:15,153,70,83,0,0,0
2023-05-06 18:30,184,78,106,0,0,0
2023-05-06 18:45,221,114,107,0,0,0
2023-05-06 19:00,166,95,71,0,0,0
2023-05-06 19:15,168,69,99,0,0,0
2023-05-06 19:30,134,72,62,0,0,0
2023-05-06 19:45,140,70,70,0,0,0
2023-05-06 20:00,158,66,92,0,0,0
2023-05-06 20:15,167,62,105,0,0,0
2023-05-06 20:30,174,74,100,0,0,0
2023-05-06 20:45,110,46,64,0,0,0
2023-05-06 21:00,84,35,49,0,0,0
2023-05-06 21:15,94,29,65,0,0,0
2023-05-06 21:30,87,30,57,0,0,0
2023-05-06 21:45,76,18,58,0,0,0
2023-05-06 22:00,79,25,54,0,0,0
2023-05-06 22:15,62,26,36,0,0,0
2023-05-06 22:30,72,19,53,0,0,0
2023-05-06 22:45,79,25,54,0,0,0
2023-05-06 23:00,76,23,53,0,0,0
2023-05-06 23:15,97,34,63,0,0,0
2023-05-06 23:30,83,30,53,0,0,0
2023-05-06 23:45,74,28,46,0,0,0
2023-05-07 00:00,70,17,53,0,0,0
2023-05-07 00:15,84,29,55,0,0,0
2023-05-07 00:30,68,17,51,0,0,0
2023-05-07 00:45,52,19,33,0,0,0
2023-05-07 01:00,79,21,58,0,0,0
2023-05-07 01:15,76,16,60,0,0,0
2023-05-07 01:30,36,14,22,0,0,0
2023-05-07 01:45,41,20,21,0,0,0
2023-05-07 02:00,50,20,30,0,0,0
2023-05-07 02:15,47,16,31,0,0,0
2023-05-07 02:30,22,12,10,0,0,0
2023-05-07 02:45,40,6,34,0,0,0
2023-05-07 03:00,22,7,15,0,0,0
2023-05-07 03:15,31,8,23,0,0,0
2023-05-07 03:30,37,15,22,0,0,0
2023-05-07 03:45,26,5,21,0,0,0
2023-05-07 04:00,25,5,20,0,0,0
2023-05-07 04:15,15,2,13,0,0,0
2023-05-07 04:30,20,6,14,0,0,0
2023-05-07 04:45,10,2,8,0,0,0
2023-05-07 05:00,10,3,7,0,0,0
2023-05-07 05:15,10,2,8,0,0,0
2023-05-07 05:30,15,4,11,0,0,0
2023-05-07 05:45,10,6,4,0,0,0
2023-05-07 06:00,9,4,5,0,0,0
2023-05-07 06:15,16,7,9,0,0,0
2023-05-07 06:30,7,4,3,0,0,0
2023-05-07 06:45,7,3,4,0,0,0
2023-05-07 07:00,6,4,2,0,0,0
2023-05-07 07:15,10,6,4,0,0,0
2023-05-07 07:30,15,8,7,0,0,0
2023-05-07 07:45,15,11,4,0,0,0
2023-05-07 08:00,21,13,8,0,0,0
2023-05-07 08:15,22,13,9,0,0,0
2023-05-07 08:30,19,8,11,0,0,0
2023-05-07 08:45,40,23,17,0,0,0
2023-05-07 09:00,34,23,11,0,0,0
2023-05-07 09:15,39,25,14,0,0,0
2023-05-07 09:30,49,34,15,0,0,0
2023-05-07 09:45,102,69,33,0,0,0
2023-05-07 10:00,78,52,26,0,0,0
2023-05-07 10:15,71,57,14,0,0,0
2023-05-07 10:30,79,47,32,0,0,0
2023-05-07 10:45,96,52,44,0,0,0
2023-05-07 11:00,78,41,37,0,0,0
2023-05-07 11:15,76,40,36,0,0,0
2023-05-07 11:30,98,60,38,0,0,0
2023-05-07 11:45,102,59,43,0,0,0
2023-05-07 12:00,100,65,35,0,0,0
2023-05-07 12:15,107,61,46,0,0,0
2023-05-07 12:30,94,49,45,0,0,0
2023-05-07 12:45,120,54,66,0,0,0
2023-05-07 13:00,114,46,68,0,0,0
2023-05-07 13:15,105,62,43,0,0,0
2023-05-07 13:30,113,71,42,0,0,0
2023-05-07 13:45,125,77,48,0,0,0
2023-05-07 14:00,148,63,85,0,0,0
2023-05-07 14:15,148,74,74,0,0,0
2023-05-07 14:30,155,87,68,0,0,0
2023-05-07 14:45,186,97,89,0,0,0
2023-05-07 15:00,133,74,59,0,0,0
2023-05-07 15:15,140,67,73,0,0,0
2023-05-07 15:30,137,65,72,0,0,0
2023-05-07 15:45,148,78,70,0,0,0
2023-05-07 16:00,127,64,63,0,0,0
2023-05-07 16:15,153,72,81,0,0,0
2023-05-07 16:30,148,82,66,0,0,0
2023-05-07 16:45,193,92,101,0,0,0
2023-05-07 17:00,160,69,91,0,0,0
2023-05-07 17:15,149,61,88,0,0,0
2023-05-07 17:30,171,77,94,0,0,0
2023-05-07 17:45,162,80,82,0,0,0
2023-05-07 18:00,111,42,69,0,0,0
2023-05-07 18:15,128,64,64,0,0,0
2023-05-07 18:30,131,56,75,0,0,0
2023-05-07 18:45,156,58,98,0,0,0
2023-05-07 19:00,130,64,66,0,0,0
2023-05-07 19:15,101,55,46,0,0,0
2023-05-07 19:30,115,47,68,0,0,0
2023-05-07 19:45,106,46,60,0,0,0
2023-05-07 20:00,93,36,57,0,0,0
2023-05-07 20:15,81,36,45,0,0,0
2023-05-07 20:30,77,28,49,0,0,0
2023-05-07 20:45,90,29,61,0,0,0
2023-05-07 21:00,71,22,49,0,0,0
2023-05-07 21:15,56,17,39,0,0,0
2023-05-07 21:30,70,20,50,0,0,0
2023-05-07 21:45,45,20,25,0,0,0
2023-05-07 22:00,70,16,54,0,0,0
2023-05-07 22:15,54,10,44,0,0,0
2023-05-07 22:30,46,12,34,0,0,0
2023-05-07 22:45,82,9,73,0,0,0
2023-05-07 23:00,38,11,27,0,0,0
2023-05-07 23:15,26,7,19,0,0,0
2023-05-07 23:30,21,9,12,0,0,0
2023-05-07 23:45,22,4,18,0,0,0
2023-05-08 00:00,20,4,16,0,0,0
2023-05-08 00:15,10,6,4,0,0,0
2023-05-08 00:30,14,3,11,0,0,0
2023-05-08 00:45,11,5,6,0,0,0
2023-05-08 01:00,2,0,2,0,0,0
2023-05-08 01:15,10,4,6,0,0,0
2023-05-08 01:30,9,0,9,0,0,0
2023-05-08 01:45,4,1,3,0,0,0
2023-05-08 02:00,8,1,7,0,0,0
2023-05-08 02:15,0,0,0,0,0,0
2023-05-08 02:30,3,2,1,0,0,0
2023-05-08 02:45,3,0,3,0,0,0
2023-05-08 03:00,0,0,0,0,0,0
2023-05-08 03:15,2,1,1,0,0,0
2023-05-08 03:30,1,1,0,0,0,0
2023-05-08 03:45,2,0,2,0,0,0
2023-05-08 04:00,0,0,0,0,0,0
2023-05-08 04:15,9,2,7,0,0,0
2023-05-08 04:30,5,2,3,0,0,0
2023-05-08 04:45,8,5,3,0,0,0
2023-05-08 05:00,15,14,1,0,0,0
2023-05-08 05:15,7,6,1,0,0,0
2023-05-08 05:30,25,14,11,0,0,0
2023-05-08 05:45,34,24,10,0,0,0
2023-05-08 06:00,41,24,17,0,0,0
2023-05-08 06:15,41,29,12,0,0,0
2023-05-08 06:30,63,38,25,0,0,0
2023-05-08 06:45,89,50,39,0,0,0
2023-05-08 07:00,112,71,41,0,0,0
2023-05-08 07:15,141,88,53,0,0,0
2023-05-08 07:30,310,222,88,0,0,0
2023-05-08 07:45,337,195,142,0,0,0
2023-05-08 08:00,402,230,172,0,0,0
2023-05-08 08:15,274,146,128,0,0,0
2023-05-08 08:30,257,151,106,0,0,0
2023-05-08 08:45,247,130,117,0,0,0
2023-05-08 09:00,157,100,57,0,0,0
2023-05-08 09:15,162,83,79,0,0,0
2023-05-08 09:30,176,95,81,0,0,0
2023-05-08 09:45,335,162,173,0,0,0
2023-05-08 10:00,394,203,191,0,0,0
2023-05-08 10:15,137,64,73,0,0,0
2023-05-08 10:30,118,59,59,0,0,0
2023-05-08 10:45,150,64,86,0,0,0
2023-05-08 11:00,154,75,79,0,0,0
2023-05-08 11:15,151,59,92,0,0,0
2023-05-08 11:30,172,75,97,0,0,0
2023-05-08 11:45,391,197,194,0,0,0
2023-05-08 12:00,356,204,152,0,0,0
2023-05-08 12:15,224,106,118,0,0,0
2023-05-08 12:30,183,89,94,0,0,0
2023-05-08 12:45,212,115,97,0,0,0
2023-05-08 13:00,222,96,126,0,0,0
2023-05-08 13:15,191,94,97,0,0,0
2023-05-08 13:30,220,119,101,0,0,0
2023-05-08 13:45,459,206,253,0,0,0
2023-05-08 14:00,376,198,178,0,0,0
2023-05-08 14:15,224,103,121,0,0,0
2023-05-08 14:30,230,114,116,0,0,0
2023-05-08 14:45,227,103,124,0,0,0
2023-05-08 15:00,229,113,116,0,0,0
2023-05-08 15:15,194,88,106,0,0,0
2023-05-08 15:30,336,136,200,0,0,0
2023-05-08 15:45,508,238,270,0,0,0
2023-05-08 16:00,457,242,215,0,0,0
2023-05-08 16:15,275,125,150,0,0,0
2023-05-08 16:30,277,153,124,0,0,0
2023-05-08 16:45,302,155,147,0,0,0
2023-05-08 17:00,280,117,163,0,0,0
2023-05-08 17:15,341,152,189,0,0,0
2023-05-08 17:30,374,169,205,0,0,0
2023-05-08 17:45,563,210,353,0,0,0
2023-05-08 18:00,438,179,259,0,0,0
2023-05-08 18:15,329,135,194,0,0,0
2023-05-08 18:30,259,114,145,0,0,0
2023-05-08 18:45,271,107,164,0,0,0
2023-05-08 19:00,262,117,145,0,0,0
2023-05-08 19:15,241,133,108,0,0,0
2023-05-08 19:30,247,97,150,0,0,0
2023-05-08 19:45,277,113,164,0,0,0
2023-05-08 20:00,237,100,137,0,0,0
2023-05-08 20:15,203,96,107,0,0,0
2023-05-08 20:30,151,78,73,0,0,0
2023-05-08 20:45,191,106,85,0,0,0
2023-05-08 21:00,126,84,42,0,0,0
2023-05-08 21:15,141,65,76,0,0,0
2023-05-08 21:30,126,59,67,0,0,0
2023-05-08 21:45,135,47,88,0,0,0
2023-05-08 22:00,124,59,65,0,0,0
2023-05-08 22:15,129,68,61,0,0,0
2023-05-08 22:30,81,34,47,0,0,0
2023-05-08 22:45,91,31,60,0,0,0
2023-05-08 23:00,62,23,39,0,0,0
2023-05-08 23:15,53,19,34,0,0,0
2023-05-08 23:30,50,14,36,0,0,0
2023-05-08 23:45,29,11,18,0,0,0
2023-05-09 00:00,21,7,14,0,0,0
2023-05-09 00:15,25,5,20,0,0,0
2023-05-09 00:30,13,4,9,0,0,0
2023-05-09 00:45,10,3,7,0,0,0
2023-05-09 01:00,12,4,8,0,0,0
2023-05-09 01:15,18,5,13,0,0,0
2023-05-09 01:30,2,1,1,0,0,0
2023-05-09 01:45,4,1,3,0,0,0
2023-05-09 02:00,3,0,3,0,0,0
2023-05-09 02:15,1,1,0,0,0,0
2023-05-09 02:30,2,1,1,0,0,0
2023-05-09 02:45,2,1,1,0,0,0
2023-05-09 03:00,0,0,0,0,0,0
2023-05-09 03:15,0,0,0,0,0,0
2023-05-09 03:30,1,1,0,0,0,0
2023-05-09 03:45,2,1,1,0,0,0
2023-05-09 04:00,4,1,3,0,0,0
2023-05-09 04:15,5,0,5,0,0,0
2023-05-09 04:30,5,3,2,0,0,0
2023-05-09 04:45,9,7,2,0,0,0
2023-05-09 05:00,11,10,1,0,0,0
2023-05-09 05:15,7,6,1,0,0,0
2023-05-09 05:30,20,14,6,0,0,0
2023-05-09 05:45,30,20,10,0,0,0
2023-05-09 06:00,39,29,10,0,0,0
2023-05-09 06:15,48,36,12,0,0,0
2023-05-09 06:30,69,44,25,0,0,0
2023-05-09 06:45,77,52,25,0,0,0
2023-05-09 07:00,100,58,42,0,0,0
2023-05-09 07:15,149,96,53,0,0,0
2023-05-09 07:30,301,197,104,0,0,0
2023-05-09 07:45,347,198,149,0,0,0
2023-05-09 08:00,499,282,217,0,0,0
2023-05-09 08:15,333,202,131,0,0,0
2023-05-09 08:30,242,135,107,0,0,0
2023-05-09 08:45,263,152,111,0,0,0
2023-05-09 09:00,244,158,86,0,0,0
2023-05-09 09:15,141,74,67,0,0,0
2023-05-09 09:30,186,97,89,0,0,0
2023-05-09 09:45,390,175,215,0,0,0
2023-05-09 10:00,428,240,188,0,0,0
2023-05-09 10:15,164,83,81,0,0,0
2023-05-09 10:30,146,84,62,0,0,0
2023-05-09 10:45,135,72,63,0,0,0
2023-05-09 11:00,135,68,67,0,0,0
2023-05-09 11:15,135,63,72,0,0,0
2023-05-09 11:30,196,100,96,0,0,0
2023-05-09 11:45,454,235,219,0,0,0
2023-05-09 12:00,309,156,153,0,0,0
2023-05-09 12:15,193,87,106,0,0,0
2023-05-09 12:30,181,70,111,0,0,0
2023-05-09 12:45,198,99,99,0,0,0
2023-05-09 13:00,244,90,154,0,0,0
2023-05-09 13:15,234,95,139,0,0,0
2023-05-09 13:30,196,76,120,0,0,0
2023-05-09 13:45,430,213,217,0,0,0
2023-05-09 14:00,404,202,202,0,0,0
2023-05-09 14:15,217,108,109,0,0,0
2023-05-09 14:30,188,87,101,0,0,0
2023-05-09 14:45,217,105,112,0,0,0
2023-05-09 15:00,192,86,106,0,0,0
2023-05-09 15:15,219,119,100,0,0,0
2023-05-09 15:30,286,137,149,0,0,0
2023-05-09 15:45,330,140,190,0,0,0
2023-05-09 16:00,268,140,128,0,0,0
2023-05-09 16:15,376,180,196,0,0,0
2023-05-09 16:30,279,111,168,0,0,0
2023-05-09 16:45,272,104,168,0,0,0
2023-05-09 17:00,213,98,115,0,0,0
2023-05-09 17:15,214,97,117,0,0,0
2023-05-09 17:30,292,134,158,0,0,0
2023-05-09 17:45,390,176,214,0,0,0
2023-05-09 18:00,300,151,149,0,0,0
2023-05-09 18:15,225,87,138,0,0,0
2023-05-09 18:30,194,106,88,0,0,0
2023-05-09 18:45,247,105,142,0,0,0
2023-05-09 19:00,163,69,94,0,0,0
2023-05-09 19:15,111,53,58,0,0,0
2023-05-09 19:30,109,66,43,0,0,0
2023-05-09 19:45,221,95,126,0,0,0
2023-05-09 20:00,143,65,78,0,0,0
2023-05-09 20:15,93,47,46,0,0,0
2023-05-09 20:30,79,26,53,0,0,0
2023-05-09 20:45,94,34,60,0,0,0
2023-05-09 21:00,95,45,50,0,0,0
2023-05-09 21:15,102,34,68,0,0,0
2023-05-09 21:30,70,27,43,0,0,0
2023-05-09 21:45,68,20,48,0,0,0
2023-05-09 22:00,79,34,45,0,0,0
2023-05-09 22:15,79,46,33,0,0,0
2023-05-09 22:30,64,14,50,0,0,0
2023-05-09 22:45,51,23,28,0,0,0
2023-05-09 23:00,51,20,31,0,0,0
2023-05-09 23:15,40,13,27,0,0,0
2023-05-09 23:30,39,13,26,0,0,0
2023-05-09 23:45,34,7,27,0,0,0
2023-05-10 00:00,17,7,10,0,0,0
2023-05-10 00:15,14,6,8,0,0,0
2023-05-10 00:30,22,4,18,0,0,0
2023-05-10 00:45,8,2,6,0,0,0
2023-05-10 01:00,6,2,4,0,0,0
2023-05-10 01:15,13,1,12,0,0,0
2023-05-10 01:30,2,1,1,0,0,0
2023-05-10 01:45,1,1,0,0,0,0
2023-05-10 02:00,3,0,3,0,0,0
2023-05-10 02:15,4,1,3,0,0,0
2023-05-10 02:30,5,0,5,0,0,0
2023-05-10 02:45,1,1,0,0,0,0
2023-05-10 03:00,1,1,0,0,0,0
2023-05-10 03:15,1,1,0,0,0,0
2023-05-10 03:30,1,1,0,0,0,0
2023-05-10 03:45,5,2,3,0,0,0
2023-05-10 04:00,8,3,5,0,0,0
2023-05-10 04:15,3,1,2,0,0,0
2023-05-10 04:30,5,3,2,0,0,0
2023-05-10 04:45,8,6,2,0,0,0
2023-05-10 05:00,10,8,2,0,0,0
2023-05-10 05:15,9,7,2,0,0,0
2023-05-10 05:30,19,14,5,0,0,0
2023-05-10 05:45,23,18,5,0,0,0
2023-05-10 06:00,32,23,9,0,0,0
2023-05-10 06:15,38,28,10,0,0,0
2023-05-10 06:30,60,43,17,0,0,0
2023-05-10 06:45,79,52,27,0,0,0
2023-05-10 07:00,97,54,43,0,0,0
2023-05-10 07:15,159,108,51,0,0,0
2023-05-10 07:30,282,206,76,0,0,0
2023-05-10 07:45,366,217,149,0,0,0
2023-05-10 08:00,486,283,203,0,0,0
2023-05-10 08:15,267,166,101,0,0,0
2023-05-10 08:30,228,136,92,0,0,0
2023-05-10 08:45,244,126,118,0,0,0
2023-05-10 09:00,165,106,59,0,0,0
2023-05-10 09:15,122,68,54,0,0,0
2023-05-10 09:30,158,101,57,0,0,0
2023-05-10 09:45,356,191,165,0,0,0
2023-05-10 10:00,380,231,149,0,0,0
2023-05-10 10:15,154,82,72,0,0,0
2023-05-10 10:30,141,82,59,0,0,0
2023-05-10 10:45,155,92,63,0,0,0
2023-05-10 11:00,163,84,79,0,0,0
2023-05-10 11:15,151,71,80,0,0,0
2023-05-10 11:30,171,81,90,0,0,0
2023-05-10 11:45,397,228,169,0,0,0
2023-05-10 12:00,350,185,165,0,0,0
2023-05-10 12:15,214,107,107,0,0,0
2023-05-10 12:30,209,105,104,0,0,0
2023-05-10 12:45,230,117,113,0,0,0
2023-05-10 13:00,218,87,131,0,0,0
2023-05-10 13:15,202,96,106,0,0,0
2023-05-10 13:30,189,84,105,0,0,0
2023-05-10 13:45,374,179,195,0,0,0
2023-05-10 14:00,321,171,150,0,0,0
2023-05-10 14:15,223,122,101,0,0,0
2023-05-10 14:30,178,96,82,0,0,0
2023-05-10 14:45,204,92,112,0,0,0
2023-05-10 15:00,163,83,80,0,0,0
2023-05-10 15:15,175,68,107,0,0,0
2023-05-10 15:30,259,106,153,0,0,0
2023-05-10 15:45,357,143,214,0,0,0
2023-05-10 16:00,340,151,189,0,0,0
2023-05-10 16:15,270,139,131,0,0,0
2023-05-10 16:30,230,117,113,0,0,0
2023-05-10 16:45,254,117,137,0,0,0
2023-05-10 17:00,275,131,144,0,0,0
2023-05-10 17:15,276,144,132,0,0,0
2023-05-10 17:30,329,169,160,0,0,0
2023-05-10 17:45,436,214,222,0,0,0
2023-05-10 18:00,335,162,173,0,0,0
2023-05-10 18:15,268,128,140,0,0,0
2023-05-10 18:30,245,124,121,0,0,0
2023-05-10 18:45,275,143,132,0,0,0
2023-05-10 19:00,221,108,113,0,0,0
2023-05-10 19:15,235,115,120,0,0,0
2023-05-10 19:30,225,104,121,0,0,0
2023-05-10 19:45,287,151,136,0,0,0
2023-05-10 20:00,233,116,117,0,0,0
2023-05-10 20:15,181,94,87,0,0,0
2023-05-10 20:30,153,82,71,0,0,0
2023-05-10 20:45,163,91,72,0,0,0
2023-05-10 21:00,129,71,58,0,0,0
2023-05-10 21:15,127,65,62,0,0,0
2023-05-10 21:30,140,54,86,0,0,0
2023-05-10 21:45,114,46,68,0,0,0
2023-05-10 22:00,148,51,97,0,0,0
2023-05-10 22:15,111,36,75,0,0,0
2023-05-10 22:30,133,38,95,0,0,0
2023-05-10 22:45,117,50,67,0,0,0
2023-05-10 23:00,105,45,60,0,0,0
2023-05-10 23:15,86,15,71,0,0,0
2023-05-10 23:30,53,13,40,0,0,0
2023-05-10 23:45,80,34,46,0,0,0
2023-05-11 00:00,50,29,21,0,0,0
2023-05-11 00:15,59,17,42,0,0,0
2023-05-11 00:30,59,18,41,0,0,0
2023-05-11 00:45,45,10,35,0,0,0
2023-05-11 01:00,55,11,44,0,0,0
2023-05-11 01:15,44,14,30,0,0,0
2023-05-11 01:30,37,8,29,0,0,0
2023-05-11 01:45,37,3,34,0,0,0
2023-05-11 02:00,26,4,22,0,0,0
2023-05-11 02:15,30,5,25,0,0,0
2023-05-11 02:30,21,1,20,0,0,0
2023-05-11 02:45,25,1,24,0,0,0
2023-05-11 03:00,27,2,25,0,0,0
2023-05-11 03:15,22,2,20,0,0,0
2023-05-11 03:30,18,3,15,0,0,0
2023-05-11 03:45,14,3,11,0,0,0
2023-05-11 04:00,18,2,16,0,0,0
2023-05-11 04:15,9,4,5,0,0,0
2023-05-11 04:30,14,3,11,0,0,0
2023-05-11 04:45,8,6,2,0,0,0
2023-05-11 05:00,11,8,3,0,0,0
2023-05-11 05:15,14,8,6,0,0,0
2023-05-11 05:30,25,17,8,0,0,0
2023-05-11 05:45,22,14,8,0,0,0
2023-05-11 06:00,30,24,6,0,0,0
2023-05-11 06:15,40,31,9,0,0,0
2023-05-11 06:30,67,43,24,0,0,0
2023-05-11 06:45,81,49,32,0,0,0
2023-05-11 07:00,104,62,42,0,0,0
2023-05-11 07:15,154,106,48,0,0,0
2023-05-11 07:30,285,192,93,0,0,0
2023-05-11 07:45,345,195,150,0,0,0
2023-05-11 08:00,360,177,183,0,0,0
2023-05-11 08:15,261,146,115,0,0,0
2023-05-11 08:30,242,138,104,0,0,0
2023-05-11 08:45,249,157,92,0,0,0
2023-05-11 09:00,180,113,67,0,0,0
2023-05-11 09:15,161,91,70,0,0,0
2023-05-11 09:30,175,100,75,0,0,0
2023-05-11 09:45,373,189,184,0,0,0
2023-05-11 10:00,443,264,179,0,0,0
2023-05-11 10:15,187,78,109,0,0,0
2023-05-11 10:30,108,60,48,0,0,0
2023-05-11 10:45,132,78,54,0,0,0
2023-05-11 11:00,143,72,71,0,0,0
2023-05-11 11:15,136,68,68,0,0,0
2023-05-11 11:30,155,78,77,0,0,0
2023-05-11 11:45,369,171,198,0,0,0
2023-05-11 12:00,349,164,185,0,0,0
2023-05-11 12:15,201,119,82,0,0,0
2023-05-11 12:30,176,81,95,0,0,0
2023-05-11 12:45,210,101,109,0,0,0
2023-05-11 13:00,215,104,111,0,0,0
2023-05-11 13:15,199,72,127,0,0,0
2023-05-11 13:30,235,102,133,0,0,0
2023-05-11 13:45,373,178,195,0,0,0
2023-05-11 14:00,355,177,178,0,0,0
2023-05-11 14:15,235,127,108,0,0,0
2023-05-11 14:30,203,87,116,0,0,0
2023-05-11 14:45,239,116,123,0,0,0
2023-05-11 15:00,190,83,107,0,0,0
2023-05-11 15:15,202,97,105,0,0,0
2023-05-11 15:30,294,115,179,0,0,0
2023-05-11 15:45,453,209,244,0,0,0
2023-05-11 16:00,362,171,191,0,0,0
2023-05-11 16:15,269,133,136,0,0,0
2023-05-11 16:30,222,107,115,0,0,0
2023-05-11 16:45,297,156,141,0,0,0
2023-05-11 17:00,280,140,140,0,0,0
2023-05-11 17:15,302,141,161,0,0,0
2023-05-11 17:30,290,143,147,0,0,0
2023-05-11 17:45,446,225,221,0,0,0
2023-05-11 18:00,346,176,170,0,0,0
2023-05-11 18:15,263,129,134,0,0,0
2023-05-11 18:30,246,125,121,0,0,0
2023-05-11 18:45,289,163,126,0,0,0
2023-05-11 19:00,252,122,130,0,0,0
2023-05-11 19:15,219,112,107,0,0,0
2023-05-11 19:30,213,91,122,0,0,0
2023-05-11 19:45,248,113,135,0,0,0
2023-05-11 20:00,186,88,98,0,0,0
2023-05-11 20:15,159,84,75,0,0,0
2023-05-11 20:30,158,74,84,0,0,0
2023-05-11 20:45,137,46,91,0,0,0
2023-05-11 21:00,111,44,67,0,0,0
2023-05-11 21:15,102,41,61,0,0,0
2023-05-11 21:30,98,41,57,0,0,0
2023-05-11 21:45,146,37,109,0,0,0
2023-05-11 22:00,121,57,64,0,0,0
2023-05-11 22:15,118,50,68,0,0,0
2023-05-11 22:30,76,20,56,0,0,0
2023-05-11 22:45,77,24,53,0,0,0
2023-05-11 23:00,71,22,49,0,0,0
2023-05-11 23:15,64,15,49,0,0,0
2023-05-11 23:30,56,24,32,0,0,0
2023-05-11 23:45,53,16,37,0,0,0
2023-05-12 00:00,38,7,31,0,0,0
2023-05-12 00:15,28,9,19,0,0,0
2023-05-12 00:30,11,4,7,0,0,0
2023-05-12 00:45,25,14,11,0,0,0
2023-05-12 01:00,20,3,17,0,0,0
2023-05-12 01:15,9,1,8,0,0,0
2023-05-12 01:30,23,8,15,0,0,0
2023-05-12 01:45,19,3,16,0,0,0
2023-05-12 02:00,6,1,5,0,0,0
2023-05-12 02:15,5,1,4,0,0,0
2023-05-12 02:30,2,0,2,0,0,0
2023-05-12 02:45,1,1,0,0,0,0
2023-05-12 03:00,1,0,1,0,0,0
2023-05-12 03:15,3,1,2,0,0,0
2023-05-12 03:30,1,0,1,0,0,0
2023-05-12 03:45,6,1,5,0,0,0
2023-05-12 04:00,4,2,2,0,0,0
2023-05-12 04:15,4,0,4,0,0,0
2023-05-12 04:30,8,3,5,0,0,0
2023-05-12 04:45,11,5,6,0,0,0
2023-05-12 05:00,6,5,1,0,0,0
2023-05-12 05:15,8,7,1,0,0,0
2023-05-12 05:30,20,17,3,0,0,0
2023-05-12 05:45,26,15,11,0,0,0
2023-05-12 06:00,32,23,9,0,0,0
2023-05-12 06:15,43,35,8,0,0,0
2023-05-12 06:30,53,33,20,0,0,0
2023-05-12 06:45,85,58,27,0,0,0
2023-05-12 07:00,95,59,36,0,0,0
2023-05-12 07:15,140,89,51,0,0,0
2023-05-12 07:30,278,195,83,0,0,0
2023-05-12 07:45,322,188,134,0,0,0
2023-05-12 08:00,314,159,155,0,0,0
2023-05-12 08:15,249,140,109,0,0,0
2023-05-12 08:30,217,117,100,0,0,0
2023-05-12 08:45,271,154,117,0,0,0
2023-05-12 09:00,206,111,95,0,0,0
2023-05-12 09:15,180,106,74,0,0,0
2023-05-12 09:30,183,108,75,0,0,0
2023-05-12 09:45,302,154,148,0,0,0
2023-05-12 10:00,354,162,192,0,0,0
2023-05-12 10:15,174,112,62,0,0,0
2023-05-12 10:30,138,81,57,0,0,0
2023-05-12 10:45,168,104,64,0,0,0
2023-05-12 11:00,141,74,67,0,0,0
2023-05-12 11:15,154,82,72,0,0,0
2023-05-12 11:30,182,99,83,0,0,0
2023-05-12 11:45,326,183,143,0,0,0
2023-05-12 12:00,266,139,127,0,0,0
2023-05-12 12:15,231,104,127,0,0,0
2023-05-12 12:30,236,112,124,0,0,0
2023-05-12 12:45,258,118,140,0,0,0
2023-05-12 13:00,263,99,164,0,0,0
2023-05-12 13:15,282,130,152,0,0,0
2023-05-12 13:30,220,108,112,0,0,0
2023-05-12 13:45,340,173,167,0,0,0
2023-05-12 14:00,279,142,137,0,0,0
2023-05-12 14:15,241,126,115,0,0,0
2023-05-12 14:30,247,130,117,0,0,0
2023-05-12 14:45,269,138,131,0,0,0
2023-05-12 15:00,262,124,138,0,0,0
2023-05-12 15:15,239,124,115,0,0,0
2023-05-12 15:30,249,123,126,0,0,0
2023-05-12 15:45,280,150,130,0,0,0
2023-05-12 16:00,299,153,146,0,0,0
2023-05-12 16:15,242,125,117,0,0,0
2023-05-12 16:30,256,143,113,0,0,0
2023-05-12 16:45,268,145,123,0,0,0
2023-05-12 17:00,261,126,135,0,0,0
2023-05-12 17:15,263,157,106,0,0,0
2023-05-12 17:30,242,132,110,0,0,0
2023-05-12 17:45,282,148,134,0,0,0
2023-05-12 18:00,301,168,133,0,0,0
2023-05-12 18:15,226,110,116,0,0,0
2023-05-12 18:30,238,125,113,0,0,0
2023-05-12 18:45,254,124,130,0,0,0
2023-05-12 19:00,245,149,96,0,0,0
2023-05-12 19:15,237,148,89,0,0,0
2023-05-12 19:30,196,97,99,0,0,0
2023-05-12 19:45,230,138,92,0,0,0
2023-05-12 20:00,220,124,96,0,0,0
2023-05-12 20:15,166,102,64,0,0,0
2023-05-12 20:30,167,73,94,0,0,0
2023-05-12 20:45,153,66,87,0,0,0
2023-05-12 21:00,158,70,88,0,0,0
2023-05-12 21:15,128,52,76,0,0,0
2023-05-12 21:30,128,50,78,0,0,0
2023-05-12 21:45,149,53,96,0,0,0
2023-05-12 22:00,121,52,69,0,0,0
2023-05-12 22:15,132,61,71,0,0,0
2023-05-12 22:30,127,40,87,0,0,0
2023-05-12 22:45,109,41,68,0,0,0
2023-05-12 23:00,120,45,75,0,0,0
2023-05-12 23:15,97,57,40,0,0,0
2023-05-12 23:30,123,32,91,0,0,0
2023-05-12 23:45,113,45,68,0,0,0
2023-05-13 00:00,92,31,61,0,0,0
2023-05-13 00:15,67,28,39,0,0,0
2023-05-13 00:30,99,24,75,0,0,0
2023-05-13 00:45,70,30,40,0,0,0
2023-05-13 01:00,96,37,59,0,0,0
2023-05-13 01:15,73,26,47,0,0,0
2023-05-13 01:30,73,25,48,0,0,0
2023-05-13 01:45,57,17,40,0,0,0
2023-05-13 02:00,52,8,44,0,0,0
2023-05-13 02:15,57,20,37,0,0,0
2023-05-13 02:30,36,8,28,0,0,0
2023-05-13 02:45,56,15,41,0,0,0
2023-05-13 03:00,42,11,31,0,0,0
2023-05-13 03:15,60,10,50,0,0,0
2023-05-13 03:30,36,4,32,0,0,0
2023-05-13 03:45,32,1,31,0,0,0
2023-05-13 04:00,27,3,24,0,0,0
2023-05-13 04:15,20,4,16,0,0,0
2023-05-13 04:30,27,4,23,0,0,0
2023-05-13 04:45,28,3,25,0,0,0
2023-05-13 05:00,20,8,12,0,0,0
2023-05-13 05:15,11,4,7,0,0,0
2023-05-13 05:30,21,10,11,0,0,0
2023-05-13 05:45,17,10,7,0,0,0
2023-05-13 06:00,11,8,3,0,0,0
2023-05-13 06:15,11,8,3,0,0,0
2023-05-13 06:30,23,14,9,0,0,0
2023-05-13 06:45,14,10,4,0,0,0
2023-05-13 07:00,21,12,9,0,0,0
2023-05-13 07:15,24,16,8,0,0,0
2023-05-13 07:30,55,40,15,0,0,0
2023-05-13 07:45,57,36,21,0,0,0
2023-05-13 08:00,62,40,22,0,0,0
2023-05-13 08:15,44,30,14,0,0,0
2023-05-13 08:30,85,58,27,0,0,0
2023-05-13 08:45,114,68,46,0,0,0
2023-05-13 09:00,108,64,44,0,0,0
2023-05-13 09:15,116,77,39,0,0,0
2023-05-13 09:30,153,109,44,0,0,0
2023-05-13 09:45,188,128,60,0,0,0
2023-05-13 10:00,149,109,40,0,0,0
2023-05-13 10:15,161,88,73,0,0,0
2023-05-13 10:30,150,105,45,0,0,0
2023-05-13 10:45,204,117,87,0,0,0
2023-05-13 11:00,190,127,63,0,0,0
2023-05-13 11:15,185,117,68,0,0,0
2023-05-13 11:30,201,123,78,0,0,0
2023-05-13 11:45,206,121,85,0,0,0
2023-05-13 12:00,223,132,91,0,0,0
2023-05-13 12:15,215,136,79,0,0,0
2023-05-13 12:30,230,147,83,0,0,0
2023-05-13 12:45,230,137,93,0,0,0
2023-05-13 13:00,235,139,96,0,0,0
2023-05-13 13:15,222,106,116,0,0,0
2023-05-13 13:30,196,112,84,0,0,0
2023-05-13 13:45,185,108,77,0,0,0
2023-05-13 14:00,218,116,102,0,0,0
2023-05-13 14:15,186,107,79,0,0,0
2023-05-13 14:30,216,121,95,0,0,0
2023-05-13 14:45,218,115,103,0,0,0
2023-05-13 15:00,195,112,83,0,0,0
2023-05-13 15:15,216,112,104,0,0,0
2023-05-13 15:30,204,123,81,0,0,0
2023-05-13 15:45,225,123,102,0,0,0
2023-05-13 16:00,208,120,88,0,0,0
2023-05-13 16:15,197,95,102,0,0,0
2023-05-13 16:30,170,86,84,0,0,0
2023-05-13 16:45,200,96,104,0,0,0
2023-05-13 17:00,222,74,148,0,0,0
2023-05-13 17:15,181,72,109,0,0,0
2023-05-13 17:30,171,78,93,0,0,0
2023-05-13 17:45,215,95,120,0,0,0
2023-05-13 18:00,228,79,149,0,0,0
2023-05-13 18:15,189,62,127,0,0,0
2023-05-13 18:30,172,73,99,0,0,0
2023-05-13 18:45,196,91,105,0,0,0
2023-05-13 19:00,216,94,122,0,0,0
2023-05-13 19:15,159,80,79,0,0,0
2023-05-13 19:30,197,79,118,0,0,0
2023-05-13 19:45,165,75,90,0,0,0
2023-05-13 20:00,174,86,88,0,0,0
2023-05-13 20:15,115,48,67,0,0,0
2023-05-13 20:30,150,62,88,0,0,0
2023-05-13 20:45,109,49,60,0,0,0
2023-05-13 21:00,104,44,60,0,0,0
2023-05-13 21:15,95,37,58,0,0,0
2023-05-13 21:30,84,34,50,0,0,0
2023-05-13 21:45,106,37,69,0,0,0
2023-05-13 22:00,91,28,63,0,0,0
2023-05-13 22:15,119,47,72,0,0,0
2023-05-13 22:30,83,25,58,0,0,0
2023-05-13 22:45,79,32,47,0,0,0
2023-05-13 23:00,91,21,70,0,0,0
2023-05-13 23:15,102,47,55,0,0,0
2023-05-13 23:30,103,27,76,0,0,0
2023-05-13 23:45,102,46,56,0,0,0
2023-05-14 00:00,71,37,34,0,0,0
2023-05-14 00:15,89,47,42,0,0,0
2023-05-14 00:30,76,16,60,0,0,0
2023-05-14 00:45,53,20,33,0,0,0
2023-05-14 01:00,77,41,36,0,0,0
2023-05-14 01:15,85,29,56,0,0,0
2023-05-14 01:30,91,35,56,0,0,0
2023-05-14 01:45,50,13,37,0,0,0
2023-05-14 02:00,56,19,37,0,0,0
2023-05-14 02:15,57,18,39,0,0,0
2023-05-14 02:30,28,4,24,0,0,0
2023-05-14 02:45,37,6,31,0,0,0
2023-05-14 03:00,37,9,28,0,0,0
2023-05-14 03:15,21,9,12,0,0,0
2023-05-14 03:30,42,8,34,0,0,0
2023-05-14 03:45,20,3,17,0,0,0
2023-05-14 04:00,18,7,11,0,0,0
2023-05-14 04:15,18,2,16,0,0,0
2023-05-14 04:30,14,8,6,0,0,0
2023-05-14 04:45,6,2,4,0,0,0
2023-05-14 05:00,15,6,9,0,0,0
2023-05-14 05:15,11,5,6,0,0,0
2023-05-14 05:30,17,9,8,0,0,0
2023-05-14 05:45,10,5,5,0,0,0
2023-05-14 06:00,6,2,4,0,0,0
2023-05-14 06:15,15,9,6,0,0,0
2023-05-14 06:30,8,4,4,0,0,0
2023-05-14 06:45,8,5,3,0,0,0
2023-05-14 07:00,6,4,2,0,0,0
2023-05-14 07:15,13,5,8,0,0,0
2023-05-14 07:30,15,14,1,0,0,0
2023-05-14 07:45,18,10,8,0,0,0
2023-05-14 08:00,19,10,9,0,0,0
2023-05-14 08:15,20,14,6,0,0,0
2023-05-14 08:30,23,14,9,0,0,0
2023-05-14 08:45,26,17,9,0,0,0
2023-05-14 09:00,33,24,9,0,0,0
2023-05-14 09:15,56,27,29,0,0,0
2023-05-14 09:30,65,39,26,0,0,0
2023-05-14 09:45,97,65,32,0,0,0
2023-05-14 10:00,78,48,30,0,0,0
2023-05-14 10:15,106,76,30,0,0,0
2023-05-14 10:30,81,50,31,0,0,0
2023-05-14 10:45,111,69,42,0,0,0
2023-05-14 11:00,86,46,40,0,0,0
2023-05-14 11:15,89,57,32,0,0,0
2023-05-14 11:30,84,51,33,0,0,0
2023-05-14 11:45,134,69,65,0,0,0
2023-05-14 12:00,91,47,44,0,0,0
2023-05-14 12:15,127,77,50,0,0,0
2023-05-14 12:30,133,78,55,0,0,0
2023-05-14 12:45,125,75,50,0,0,0
2023-05-14 13:00,141,71,70,0,0,0
2023-05-14 13:15,126,61,65,0,0,0
2023-05-14 13:30,125,71,54,0,0,0
2023-05-14 13:45,140,80,60,0,0,0
2023-05-14 14:00,150,71,79,0,0,0
2023-05-14 14:15,133,70,63,0,0,0
2023-05-14 14:30,168,75,93,0,0,0
2023-05-14 14:45,171,81,90,0,0,0
2023-05-14 15:00,115,60,55,0,0,0
2023-05-14 15:15,132,71,61,0,0,0
2023-05-14 15:30,130,66,64,0,0,0
2023-05-14 15:45,157,75,82,0,0,0
2023-05-14 16:00,131,74,57,0,0,0
2023-05-14 16:15,138,81,57,0,0,0
2023-05-14 16:30,124,63,61,0,0,0
2023-05-14 16:45,179,85,94,0,0,0
2023-05-14 17:00,148,48,100,0,0,0
2023-05-14 17:15,150,69,81,0,0,0
2023-05-14 17:30,116,59,57,0,0,0
2023-05-14 17:45,141,58,83,0,0,0
2023-05-14 18:00,137,54,83,0,0,0
2023-05-14 18:15,148,72,76,0,0,0
2023-05-14 18:30,142,58,84,0,0,0
2023-05-14 18:45,87,36,51,0,0,0
2023-05-14 19:00,120,52,68,0,0,0
2023-05-14 19:15,118,50,68,0,0,0
2023-05-14 19:30,107,39,68,0,0,0
2023-05-14 19:45,124,62,62,0,0,0
2023-05-14 20:00,93,32,61,0,0,0
2023-05-14 20:15,73,24,49,0,0,0
2023-05-14 20:30,69,32,37,0,0,0
2023-05-14 20:45,64,28,36,0,0,0
2023-05-14 21:00,90,31,59,0,0,0
2023-05-14 21:15,57,14,43,0,0,0
2023-05-14 21:30,75,20,55,0,0,0
2023-05-14 21:45,57,29,28,0,0,0
2023-05-14 22:00,49,14,35,0,0,0
2023-05-14 22:15,43,12,31,0,0,0
2023-05-14 22:30,34,8,26,0,0,0
2023-05-14 22:45,39,11,28,0,0,0
2023-05-14 23:00,26,6,20,0,0,0
2023-05-14 23:15,27,7,20,0,0,0
2023-05-14 23:30,42,8,34,0,0,0
2023-05-14 23:45,15,6,9,0,0,0
2023-05-15 00:00,13,4,9,0,0,0
2023-05-15 00:15,16,5,11,0,0,0
2023-05-15 00:30,3,0,3,0,0,0
2023-05-15 00:45,6,1,5,0,0,0
2023-05-15 01:00,3,0,3,0,0,0
2023-05-15 01:15,4,1,3,0,0,0
2023-05-15 01:30,2,1,1,0,0,0
2023-05-15 01:45,1,1,0,0,0,0
2023-05-15 02:00,4,2,2,0,0,0
2023-05-15 02:15,1,0,1,0,0,0
2023-05-15 02:30,0,0,0,0,0,0
2023-05-15 02:45,2,1,1,0,0,0
2023-05-15 03:00,1,1,0,0,0,0
2023-05-15 03:15,3,1,2,0,0,0
2023-05-15 03:30,2,2,0,0,0,0
2023-05-15 03:45,1,1,0,0,0,0
2023-05-15 04:00,0,0,0,0,0,0
2023-05-15 04:15,5,1,4,0,0,0
2023-05-15 04:30,10,5,5,0,0,0
2023-05-15 04:45,8,5,3,0,0,0
2023-05-15 05:00,9,8,1,0,0,0
2023-05-15 05:15,12,7,5,0,0,0
2023-05-15 05:30,23,17,6,0,0,0
2023-05-15 05:45,26,17,9,0,0,0
2023-05-15 06:00,42,27,15,0,0,0
2023-05-15 06:15,43,29,14,0,0,0
2023-05-15 06:30,67,30,37,0,0,0
2023-05-15 06:45,89,60,29,0,0,0
2023-05-15 07:00,112,71,41,0,0,0
2023-05-15 07:15,178,114,64,0,0,0
2023-05-15 07:30,335,243,92,0,0,0
2023-05-15 07:45,345,203,142,0,0,0
2023-05-15 08:00,378,188,190,0,0,0
2023-05-15 08:15,257,161,96,0,0,0
2023-05-15 08:30,228,143,85,0,0,0
2023-05-15 08:45,285,167,118,0,0,0
2023-05-15 09:00,189,114,75,0,0,0
2023-05-15 09:15,158,86,72,0,0,0
2023-05-15 09:30,138,83,55,0,0,0
2023-05-15 09:45,301,166,135,0,0,0
2023-05-15 10:00,368,216,152,0,0,0
2023-05-15 10:15,140,73,67,0,0,0
2023-05-15 10:30,122,63,59,0,0,0
2023-05-15 10:45,152,80,72,0,0,0
2023-05-15 11:00,130,65,65,0,0,0
2023-05-15 11:15,140,57,83,0,0,0
2023-05-15 11:30,131,71,60,0,0,0
2023-05-15 11:45,378,182,196,0,0,0
2023-05-15 12:00,309,159,150,0,0,0
2023-05-15 12:15,199,105,94,0,0,0
2023-05-15 12:30,211,97,114,0,0,0
2023-05-15 12:45,212,104,108,0,0,0
2023-05-15 13:00,248,133,115,0,0,0
2023-05-15 13:15,208,82,126,0,0,0
2023-05-15 13:30,205,104,101,0,0,0
2023-05-15 13:45,389,195,194,0,0,0
2023-05-15 14:00,399,200,199,0,0,0
2023-05-15 14:15,232,112,120,0,0,0
2023-05-15 14:30,190,96,94,0,0,0
2023-05-15 14:45,229,121,108,0,0,0
2023-05-15 15:00,168,85,83,0,0,0
2023-05-15 15:15,262,123,139,0,0,0
2023-05-15 15:30,329,142,187,0,0,0
2023-05-15 15:45,477,228,249,0,0,0
2023-05-15 16:00,430,243,187,0,0,0
2023-05-15 16:15,312,167,145,0,0,0
2023-05-15 16:30,254,126,128,0,0,0
2023-05-15 16:45,297,127,170,0,0,0
2023-05-15 17:00,317,159,158,0,0,0
2023-05-15 17:15,285,116,169,0,0,0
2023-05-15 17:30,346,155,191,0,0,0
2023-05-15 17:45,550,224,326,0,0,0
2023-05-15 18:00,422,165,257,0,0,0
2023-05-15 18:15,363,140,223,0,0,0
2023-05-15 18:30,325,137,188,0,0,0
2023-05-15 18:45,320,130,190,0,0,0
2023-05-15 19:00,246,121,125,0,0,0
2023-05-15 19:15,299,135,164,0,0,0
2023-05-15 19:30,270,121,149,0,0,0
2023-05-15 19:45,281,106,175,0,0,0
2023-05-15 20:00,214,88,126,0,0,0
2023-05-15 20:15,208,103,105,0,0,0
2023-05-15 20:30,179,97,82,0,0,0
2023-05-15 20:45,215,104,111,0,0,0
2023-05-15 21:00,186,103,83,0,0,0
2023-05-15 21:15,202,132,70,0,0,0
2023-05-15 21:30,133,72,61,0,0,0
2023-05-15 21:45,129,73,56,0,0,0
2023-05-15 22:00,135,60,75,0,0,0
2023-05-15 22:15,128,56,72,0,0,0
2023-05-15 22:30,105,47,58,0,0,0
2023-05-15 22:45,78,34,44,0,0,0
2023-05-15 23:00,68,22,46,0,0,0
2023-05-15 23:15,71,24,47,0,0,0
2023-05-15 23:30,53,11,42,0,0,0
2023-05-15 23:45,37,12,25,0,0,0
2023-05-16 00:00,25,7,18,0,0,0
2023-05-16 00:15,37,10,27,0,0,0
2023-05-16 00:30,18,5,13,0,0,0
2023-05-16 00:45,17,8,9,0,0,0
2023-05-16 01:00,13,3,10,0,0,0
2023-05-16 01:15,5,4,1,0,0,0
2023-05-16 01:30,10,5,5,0,0,0
2023-05-16 01:45,14,5,9,0,0,0
2023-05-16 02:00,7,2,5,0,0,0
2023-05-16 02:15,3,0,3,0,0,0
2023-05-16 02:30,2,1,1,0,0,0
2023-05-16 02:45,6,3,3,0,0,0
2023-05-16 03:00,4,1,3,0,0,0
2023-05-16 03:15,2,2,0,0,0,0
2023-05-16 03:30,1,1,0,0,0,0
2023-05-16 03:45,1,1,0,0,0,0
2023-05-16 04:00,3,0,3,0,0,0
2023-05-16 04:15,3,0,3,0,0,0
2023-05-16 04:30,9,7,2,0,0,0
2023-05-16 04:45,8,4,4,0,0,0
2023-05-16 05:00,5,4,1,0,0,0
2023-05-16 05:15,9,8,1,0,0,0
2023-05-16 05:30,21,14,7,0,0,0
2023-05-16 05:45,27,17,10,0,0,0
2023-05-16 06:00,43,28,15,0,0,0
2023-05-16 06:15,52,35,17,0,0,0
2023-05-16 06:30,81,51,30,0,0,0
2023-05-16 06:45,113,76,37,0,0,0
2023-05-16 07:00,118,78,40,0,0,0
2023-05-16 07:15,150,95,55,0,0,0
2023-05-16 07:30,277,185,92,0,0,0
2023-05-16 07:45,361,207,154,0,0,0
2023-05-16 08:00,408,229,179,0,0,0
2023-05-16 08:15,338,204,134,0,0,0
2023-05-16 08:30,249,139,110,0,0,0
2023-05-16 08:45,318,181,137,0,0,0
2023-05-16 09:00,224,152,72,0,0,0
2023-05-16 09:15,174,106,68,0,0,0
2023-05-16 09:30,198,115,83,0,0,0
2023-05-16 09:45,430,208,222,0,0,0
2023-05-16 10:00,445,243,202,0,0,0
2023-05-16 10:15,135,81,54,0,0,0
2023-05-16 10:30,129,72,57,0,0,0
2023-05-16 10:45,136,83,53,0,0,0
2023-05-16 11:00,144,74,70,0,0,0
2023-05-16 11:15,158,83,75,0,0,0
2023-05-16 11:30,199,93,106,0,0,0
2023-05-16 11:45,423,196,227,0,0,0
2023-05-16 12:00,310,170,140,0,0,0
2023-05-16 12:15,236,108,128,0,0,0
2023-05-16 12:30,215,99,116,0,0,0
2023-05-16 12:45,240,131,109,0,0,0
2023-05-16 13:00,242,87,155,0,0,0
2023-05-16 13:15,221,86,135,0,0,0
2023-05-16 13:30,231,94,137,0,0,0
2023-05-16 13:45,520,260,260,0,0,0
2023-05-16 14:00,375,195,180,0,0,0
2023-05-16 14:15,227,98,129,0,0,0
2023-05-16 14:30,244,107,137,0,0,0
2023-05-16 14:45,248,118,130,0,0,0
2023-05-16 15:00,223,108,115,0,0,0
2023-05-16 15:15,197,96,101,0,0,0
2023-05-16 15:30,292,136,156,0,0,0
2023-05-16 15:45,494,234,260,0,0,0
2023-05-16 16:00,414,226,188,0,0,0
2023-05-16 16:15,296,149,147,0,0,0
2023-05-16 16:30,271,109,162,0,0,0
2023-05-16 16:45,377,178,199,0,0,0
2023-05-16 17:00,275,137,138,0,0,0
2023-05-16 17:15,324,127,197,0,0,0
2023-05-16 17:30,371,175,196,0,0,0
2023-05-16 17:45,488,213,275,0,0,0
2023-05-16 18:00,438,214,224,0,0,0
2023-05-16 18:15,313,138,175,0,0,0
2023-05-16 18:30,282,141,141,0,0,0
2023-05-16 18:45,304,156,148,0,0,0
2023-05-16 19:00,243,112,131,0,0,0
2023-05-16 19:15,224,100,124,0,0,0
2023-05-16 19:30,226,103,123,0,0,0
2023-05-16 19:45,291,131,160,0,0,0
2023-05-16 20:00,222,95,127,0,0,0
2023-05-16 20:15,156,73,83,0,0,0
2023-05-16 20:30,144,71,73,0,0,0
2023-05-16 20:45,148,52,96,0,0,0
2023-05-16 21:00,129,58,71,0,0,0
2023-05-16 21:15,123,56,67,0,0,0
2023-05-16 21:30,113,39,74,0,0,0
2023-05-16 21:45,99,32,67,0,0,0
2023-05-16 22:00,124,51,73,0,0,0
2023-05-16 22:15,107,36,71,0,0,0
2023-05-16 22:30,77,32,45,0,0,0
2023-05-16 22:45,97,39,58,0,0,0
2023-05-16 23:00,103,32,71,0,0,0
2023-05-16 23:15,65,14,51,0,0,0
2023-05-16 23:30,45,13,32,0,0,0
2023-05-16 23:45,54,15,39,0,0,0
2023-05-17 00:00,43,8,35,0,0,0
2023-05-17 00:15,33,9,24,0,0,0
2023-05-17 00:30,19,4,15,0,0,0
2023-05-17 00:45,16,3,13,0,0,0
2023-05-17 01:00,20,6,14,0,0,0
2023-05-17 01:15,16,4,12,0,0,0
2023-05-17 01:30,8,4,4,0,0,0
2023-05-17 01:45,5,1,4,0,0,0
2023-05-17 02:00,1,0,1,0,0,0
2023-05-17 02:15,5,3,2,0,0,0
2023-05-17 02:30,1,0,1,0,0,0
2023-05-17 02:45,0,0,0,0,0,0
2023-05-17 03:00,1,1,0,0,0,0
2023-05-17 03:15,2,1,1,0,0,0
2023-05-17 03:30,1,1,0,0,0,0
2023-05-17 03:45,0,0,0,0,0,0
2023-05-17 04:00,1,0,1,0,0,0
2023-05-17 04:15,5,0,5,0,0,0
2023-05-17 04:30,8,3,5,0,0,0
2023-05-17 04:45,11,8,3,0,0,0
2023-05-17 05:00,9,9,0,0,0,0
2023-05-17 05:15,11,9,2,0,0,0
2023-05-17 05:30,21,19,2,0,0,0
2023-05-17 05:45,19,9,10,0,0,0
2023-05-17 06:00,28,18,10,0,0,0
2023-05-17 06:15,47,34,13,0,0,0
2023-05-17 06:30,57,30,27,0,0,0
2023-05-17 06:45,96,67,29,0,0,0
2023-05-17 07:00,113,73,40,0,0,0
2023-05-17 07:15,209,146,63,0,0,0
2023-05-17 07:30,309,219,90,0,0,0
2023-05-17 07:45,377,227,150,0,0,0
2023-05-17 08:00,427,232,195,0,0,0
2023-05-17 08:15,253,146,107,0,0,0
2023-05-17 08:30,225,136,89,0,0,0
2023-05-17 08:45,294,161,133,0,0,0
2023-05-17 09:00,187,109,78,0,0,0
2023-05-17 09:15,167,103,64,0,0,0
2023-05-17 09:30,212,131,81,0,0,0
2023-05-17 09:45,394,231,163,0,0,0
2023-05-17 10:00,409,242,167,0,0,0
2023-05-17 10:15,169,97,72,0,0,0
2023-05-17 10:30,158,86,72,0,0,0
2023-05-17 10:45,180,97,83,0,0,0
2023-05-17 11:00,158,80,78,0,0,0
2023-05-17 11:15,172,86,86,0,0,0
2023-05-17 11:30,190,97,93,0,0,0
2023-05-17 11:45,394,174,220,0,0,0
2023-05-17 12:00,372,207,165,0,0,0
2023-05-17 12:15,231,101,130,0,0,0
2023-05-17 12:30,221,94,127,0,0,0
2023-05-17 12:45,239,125,114,0,0,0
2023-05-17 13:00,228,109,119,0,0,0
2023-05-17 13:15,200,82,118,0,0,0
2023-05-17 13:30,217,93,124,0,0,0
2023-05-17 13:45,364,154,210,0,0,0
2023-05-17 14:00,345,169,176,0,0,0
2023-05-17 14:15,238,107,131,0,0,0
2023-05-17 14:30,222,113,109,0,0,0
2023-05-17 14:45,233,111,122,0,0,0
2023-05-17 15:00,227,101,126,0,0,0
2023-05-17 15:15,208,90,118,0,0,0
2023-05-17 15:30,333,128,205,0,0,0
2023-05-17 15:45,408,184,224,0,0,0
2023-05-17 16:00,423,206,217,0,0,0
2023-05-17 16:15,281,138,143,0,0,0
2023-05-17 16:30,280,111,169,0,0,0
2023-05-17 16:45,310,145,165,0,0,0
2023-05-17 17:00,247,107,140,0,0,0
2023-05-17 17:15,282,122,160,0,0,0
2023-05-17 17:30,328,158,170,0,0,0
2023-05-17 17:45,408,185,223,0,0,0
2023-05-17 18:00,315,147,168,0,0,0
2023-05-17 18:15,322,138,184,0,0,0
2023-05-17 18:30,237,112,125,0,0,0
2023-05-17 18:45,293,146,147,0,0,0
2023-05-17 19:00,246,130,116,0,0,0
2023-05-17 19:15,255,136,119,0,0,0
2023-05-17 19:30,245,135,110,0,0,0
2023-05-17 19:45,266,143,123,0,0,0
2023-05-17 20:00,238,123,115,0,0,0
2023-05-17 20:15,206,112,94,0,0,0
2023-05-17 20:30,225,129,96,0,0,0
2023-05-17 20:45,168,95,73,0,0,0
2023-05-17 21:00,135,78,57,0,0,0
2023-05-17 21:15,144,73,71,0,0,0
2023-05-17 21:30,135,67,68,0,0,0
2023-05-17 21:45,119,55,64,0,0,0
2023-05-17 22:00,137,70,67,0,0,0
2023-05-17 22:15,112,64,48,0,0,0
2023-05-17 22:30,106,53,53,0,0,0
2023-05-17 22:45,78,22,56,0,0,0
2023-05-17 23:00,99,31,68,0,0,0
2023-05-17 23:15,104,48,56,0,0,0
2023-05-17 23:30,81,40,41,0,0,0
2023-05-17 23:45,88,31,57,0,0,0
2023-05-18 00:00,72,32,40,0,0,0
2023-05-18 00:15,126,46,80,0,0,0
2023-05-18 00:30,74,32,42,0,0,0
2023-05-18 00:45,59,15,44,0,0,0
2023-05-18 01:00,68,9,59,0,0,0
2023-05-18 01:15,62,12,50,0,0,0
2023-05-18 01:30,56,8,48,0,0,0
2023-05-18 01:45,54,12,42,0,0,0
2023-05-18 02:00,68,10,58,0,0,0
2023-05-18 02:15,58,4,54,0,0,0
2023-05-18 02:30,45,9,36,0,0,0
2023-05-18 02:45,43,4,39,0,0,0
2023-05-18 03:00,49,7,42,0,0,0
2023-05-18 03:15,50,5,45,0,0,0
2023-05-18 03:30,38,4,34,0,0,0
2023-05-18 03:45,41,6,35,0,0,0
2023-05-18 04:00,28,4,24,0,0,0
2023-05-18 04:15,23,3,20,0,0,0
2023-05-18 04:30,26,2,24,0,0,0
2023-05-18 04:45,24,2,22,0,0,0
2023-05-18 05:00,21,2,19,0,0,0
2023-05-18 05:15,22,6,16,0,0,0
2023-05-18 05:30,17,7,10,0,0,0
2023-05-18 05:45,12,5,7,0,0,0
2023-05-18 06:00,11,6,5,0,0,0
2023-05-18 06:15,11,3,8,0,0,0
2023-05-18 06:30,22,11,11,0,0,0
2023-05-18 06:45,9,6,3,0,0,0
2023-05-18 07:00,16,12,4,0,0,0
2023-05-18 07:15,14,12,2,0,0,0
2023-05-18 07:30,29,21,8,0,0,0
2023-05-18 07:45,31,21,10,0,0,0
2023-05-18 08:00,17,12,5,0,0,0
2023-05-18 08:15,27,17,10,0,0,0
2023-05-18 08:30,20,12,8,0,0,0
2023-05-18 08:45,36,19,17,0,0,0
2023-05-18 09:00,35,21,14,0,0,0
2023-05-18 09:15,47,30,17,0,0,0
2023-05-18 09:30,42,29,13,0,0,0
2023-05-18 09:45,118,78,40,0,0,0
2023-05-18 10:00,74,45,29,0,0,0
2023-05-18 10:15,76,49,27,0,0,0
2023-05-18 10:30,83,49,34,0,0,0
2023-05-18 10:45,100,54,46,0,0,0
2023-05-18 11:00,107,59,48,0,0,0
2023-05-18 11:15,97,61,36,0,0,0
2023-05-18 11:30,96,49,47,0,0,0
2023-05-18 11:45,100,55,45,0,0,0
2023-05-18 12:00,104,59,45,0,0,0
2023-05-18 12:15,94,53,41,0,0,0
2023-05-18 12:30,122,73,49,0,0,0
2023-05-18 12:45,124,58,66,0,0,0
2023-05-18 13:00,115,61,54,0,0,0
2023-05-18 13:15,114,65,49,0,0,0
2023-05-18 13:30,147,76,71,0,0,0
2023-05-18 13:45,126,76,50,0,0,0
2023-05-18 14:00,138,69,69,0,0,0
2023-05-18 14:15,142,83,59,0,0,0
2023-05-18 14:30,127,63,64,0,0,0
2023-05-18 14:45,157,85,72,0,0,0
2023-05-18 15:00,128,65,63,0,0,0
2023-05-18 15:15,125,80,45,0,0,0
2023-05-18 15:30,176,89,87,0,0,0
2023-05-18 15:45,143,91,52,0,0,0
2023-05-18 16:00,156,95,61,0,0,0
2023-05-18 16:15,134,70,64,0,0,0
2023-05-18 16:30,144,72,72,0,0,0
2023-05-18 16:45,182,109,73,0,0,0
2023-05-18 17:00,120,61,59,0,0,0
2023-05-18 17:15,150,63,87,0,0,0
2023-05-18 17:30,158,75,83,0,0,0
2023-05-18 17:45,172,73,99,0,0,0
2023-05-18 18:00,146,73,73,0,0,0
2023-05-18 18:15,155,69,86,0,0,0
2023-05-18 18:30,141,84,57,0,0,0
2023-05-18 18:45,123,55,68,0,0,0
2023-05-18 19:00,121,73,48,0,0,0
2023-05-18 19:15,104,49,55,0,0,0
2023-05-18 19:30,111,64,47,0,0,0
2023-05-18 19:45,132,65,67,0,0,0
2023-05-18 20:00,113,66,47,0,0,0
2023-05-18 20:15,95,43,52,0,0,0
2023-05-18 20:30,105,53,52,0,0,0
2023-05-18 20:45,91,38,53,0,0,0
2023-05-18 21:00,97,37,60,0,0,0
2023-05-18 21:15,80,35,45,0,0,0
2023-05-18 21:30,85,35,50,0,0,0
2023-05-18 21:45,93,24,69,0,0,0
2023-05-18 22:00,69,29,40,0,0,0
2023-05-18 22:15,91,23,68,0,0,0
2023-05-18 22:30,83,22,61,0,0,0
2023-05-18 22:45,61,17,44,0,0,0
2023-05-18 23:00,56,19,37,0,0,0
2023-05-18 23:15,47,15,32,0,0,0
2023-05-18 23:30,56,12,44,0,0,0
2023-05-18 23:45,33,10,23,0,0,0
2023-05-19 00:00,33,13,20,0,0,0
2023-05-19 00:15,36,9,27,0,0,0
2023-05-19 00:30,19,5,14,0,0,0
2023-05-19 00:45,24,9,15,0,0,0
2023-05-19 01:00,21,5,16,0,0,0
2023-05-19 01:15,21,7,14,0,0,0
2023-05-19 01:30,21,3,18,0,0,0
2023-05-19 01:45,8,3,5,0,0,0
2023-05-19 02:00,5,0,5,0,0,0
2023-05-19 02:15,4,2,2,0,0,0
2023-05-19 02:30,4,1,3,0,0,0
2023-05-19 02:45,3,2,1,0,0,0
2023-05-19 03:00,0,0,0,0,0,0
2023-05-19 03:15,4,1,3,0,0,0
2023-05-19 03:30,1,0,1,0,0,0
2023-05-19 03:45,3,2,1,0,0,0
2023-05-19 04:00,4,0,4,0,0,0
2023-05-19 04:15,4,0,4,0,0,0
2023-05-19 04:30,6,1,5,0,0,0
2023-05-19 04:45,8,4,4,0,0,0
2023-05-19 05:00,3,3,0,0,0,0
2023-05-19 05:15,10,6,4,0,0,0
2023-05-19 05:30,21,15,6,0,0,0
2023-05-19 05:45,12,7,5,0,0,0
2023-05-19 06:00,19,10,9,0,0,0
2023-05-19 06:15,24,14,10,0,0,0
2023-05-19 06:30,41,27,14,0,0,0
2023-05-19 06:45,38,27,11,0,0,0
2023-05-19 07:00,45,30,15,0,0,0
2023-05-19 07:15,73,36,37,0,0,0
2023-05-19 07:30,77,47,30,0,0,0
2023-05-19 07:45,146,94,52,0,0,0
2023-05-19 08:00,191,105,86,0,0,0
2023-05-19 08:15,138,81,57,0,0,0
2023-05-19 08:30,121,78,43,0,0,0
2023-05-19 08:45,141,90,51,0,0,0
2023-05-19 09:00,114,70,44,0,0,0
2023-05-19 09:15,132,79,53,0,0,0
2023-05-19 09:30,133,77,56,0,0,0
2023-05-19 09:45,208,118,90,0,0,0
2023-05-19 10:00,222,96,126,0,0,0
2023-05-19 10:15,167,101,66,0,0,0
2023-05-19 10:30,156,100,56,0,0,0
2023-05-19 10:45,158,83,75,0,0,0
2023-05-19 11:00,130,72,58,0,0,0
2023-05-19 11:15,145,77,68,0,0,0
2023-05-19 11:30,160,94,66,0,0,0
2023-05-19 11:45,191,113,78,0,0,0
2023-05-19 12:00,186,107,79,0,0,0
2023-05-19 12:15,174,96,78,0,0,0
2023-05-19 12:30,192,116,76,0,0,0
2023-05-19 12:45,168,80,88,0,0,0
2023-05-19 13:00,177,92,85,0,0,0
2023-05-19 13:15,169,70,99,0,0,0
2023-05-19 13:30,199,104,95,0,0,0
2023-05-19 13:45,241,123,118,0,0,0
2023-05-19 14:00,238,122,116,0,0,0
2023-05-19 14:15,202,96,106,0,0,0
2023-05-19 14:30,191,108,83,0,0,0
2023-05-19 14:45,190,100,90,0,0,0
2023-05-19 15:00,171,88,83,0,0,0
2023-05-19 15:15,166,86,80,0,0,0
2023-05-19 15:30,200,113,87,0,0,0
2023-05-19 15:45,207,107,100,0,0,0
2023-05-19 16:00,233,126,107,0,0,0
2023-05-19 16:15,220,103,117,0,0,0
2023-05-19 16:30,174,65,109,0,0,0
2023-05-19 16:45,178,88,90,0,0,0
2023-05-19 17:00,203,91,112,0,0,0
2023-05-19 17:15,181,108,73,0,0,0
2023-05-19 17:30,208,98,110,0,0,0
2023-05-19 17:45,212,91,121,0,0,0
2023-05-19 18:00,246,107,139,0,0,0
2023-05-19 18:15,201,100,101,0,0,0
2023-05-19 18:30,195,98,97,0,0,0
2023-05-19 18:45,211,108,103,0,0,0
2023-05-19 19:00,169,72,97,0,0,0
2023-05-19 19:15,190,89,101,0,0,0
2023-05-19 19:30,145,71,74,0,0,0
2023-05-19 19:45,173,92,81,0,0,0
2023-05-19 20:00,131,57,74,0,0,0
2023-05-19 20:15,138,54,84,0,0,0
2023-05-19 20:30,97,41,56,0,0,0
2023-05-19 20:45,77,39,38,0,0,0
2023-05-19 21:00,120,53,67,0,0,0
2023-05-19 21:15,104,47,57,0,0,0
2023-05-19 21:30,100,49,51,0,0,0
2023-05-19 21:45,63,27,36,0,0,0
2023-05-19 22:00,83,22,61,0,0,0
2023-05-19 22:15,82,28,54,0,0,0
2023-05-19 22:30,106,31,75,0,0,0
2023-05-19 22:45,74,21,53,0,0,0
2023-05-19 23:00,67,26,41,0,0,0
2023-05-19 23:15,69,20,49,0,0,0
2023-05-19 23:30,47,24,23,0,0,0
2023-05-19 23:45,74,19,55,0,0,0
2023-05-20 00:00,48,28,20,0,0,0
2023-05-20 00:15,35,18,17,0,0,0
2023-05-20 00:30,48,16,32,0,0,0
2023-05-20 00:45,38,14,24,0,0,0
2023-05-20 01:00,40,9,31,0,0,0
2023-05-20 01:15,43,7,36,0,0,0
2023-05-20 01:30,60,16,44,0,0,0
2023-05-20 01:45,24,5,19,0,0,0
2023-05-20 02:00,32,8,24,0,0,0
2023-05-20 02:15,20,2,18,0,0,0
2023-05-20 02:30,13,1,12,0,0,0
2023-05-20 02:45,33,10,23,0,0,0
2023-05-20 03:00,21,3,18,0,0,0
2023-05-20 03:15,17,2,15,0,0,0
2023-05-20 03:30,19,4,15,0,0,0
2023-05-20 03:45,11,2,9,0,0,0
2023-05-20 04:00,10,1,9,0,0,0
2023-05-20 04:15,12,2,10,0,0,0
2023-05-20 04:30,15,3,12,0,0,0
2023-05-20 04:45,10,3,7,0,0,0
2023-05-20 05:00,6,1,5,0,0,0
2023-05-20 05:15,5,1,4,0,0,0
2023-05-20 05:30,15,11,4,0,0,0
2023-05-20 05:45,24,18,6,0,0,0
2023-05-20 06:00,14,8,6,0,0,0
2023-05-20 06:15,14,8,6,0,0,0
2023-05-20 06:30,15,14,1,0,0,0
2023-05-20 06:45,24,18,6,0,0,0
2023-05-20 07:00,30,25,5,0,0,0
2023-05-20 07:15,26,17,9,0,0,0
2023-05-20 07:30,54,40,14,0,0,0
2023-05-20 07:45,61,44,17,0,0,0
2023-05-20 08:00,70,51,19,0,0,0
2023-05-20 08:15,57,49,8,0,0,0
2023-05-20 08:30,89,63,26,0,0,0
2023-05-20 08:45,104,76,28,0,0,0
2023-05-20 09:00,82,55,27,0,0,0
2023-05-20 09:15,156,112,44,0,0,0
2023-05-20 09:30,181,143,38,0,0,0
2023-05-20 09:45,196,132,64,0,0,0
2023-05-20 10:00,211,144,67,0,0,0
2023-05-20 10:15,149,105,44,0,0,0
2023-05-20 10:30,178,128,50,0,0,0
2023-05-20 10:45,224,180,44,0,0,0
2023-05-20 11:00,175,128,47,0,0,0
2023-05-20 11:15,180,133,47,0,0,0
2023-05-20 11:30,208,141,67,0,0,0
2023-05-20 11:45,183,120,63,0,0,0
2023-05-20 12:00,199,121,78,0,0,0
2023-05-20 12:15,197,103,94,0,0,0
2023-05-20 12:30,199,102,97,0,0,0
2023-05-20 12:45,221,119,102,0,0,0
2023-05-20 13:00,184,97,87,0,0,0
2023-05-20 13:15,203,114,89,0,0,0
2023-05-20 13:30,230,100,130,0,0,0
2023-05-20 13:45,213,105,108,0,0,0
2023-05-20 14:00,217,104,113,0,0,0
2023-05-20 14:15,200,79,121,0,0,0
2023-05-20 14:30,199,106,93,0,0,0
2023-05-20 14:45,205,90,115,0,0,0
2023-05-20 15:00,217,81,136,0,0,0
2023-05-20 15:15,200,80,120,0,0,0
2023-05-20 15:30,179,84,95,0,0,0
2023-05-20 15:45,182,73,109,0,0,0
2023-05-20 16:00,149,63,86,0,0,0
2023-05-20 16:15,146,59,87,0,0,0
2023-05-20 16:30,162,64,98,0,0,0
2023-05-20 16:45,157,68,89,0,0,0
2023-05-20 17:00,145,63,82,0,0,0
2023-05-20 17:15,154,59,95,0,0,0
2023-05-20 17:30,137,63,74,0,0,0
2023-05-20 17:45,148,73,75,0,0,0
2023-05-20 18:00,151,69,82,0,0,0
2023-05-20 18:15,127,59,68,0,0,0
2023-05-20 18:30,132,50,82,0,0,0
2023-05-20 18:45,136,69,67,0,0,0
2023-05-20 19:00,125,53,72,0,0,0
2023-05-20 19:15,120,49,71,0,0,0
2023-05-20 19:30,105,47,58,0,0,0
2023-05-20 19:45,116,53,63,0,0,0
2023-05-20 20:00,114,64,50,0,0,0
2023-05-20 20:15,104,53,51,0,0,0
2023-05-20 20:30,89,41,48,0,0,0
2023-05-20 20:45,95,40,55,0,0,0
2023-05-20 21:00,96,39,57,0,0,0
2023-05-20 21:15,80,37,43,0,0,0
2023-05-20 21:30,68,23,45,0,0,0
2023-05-20 21:45,93,35,58,0,0,0
2023-05-20 22:00,60,24,36,0,0,0
2023-05-20 22:15,77,33,44,0,0,0
2023-05-20 22:30,67,29,38,0,0,0
2023-05-20 22:45,74,20,54,0,0,0
2023-05-20 23:00,57,23,34,0,0,0
2023-05-20 23:15,54,19,35,0,0,0
2023-05-20 23:30,60,20,40,0,0,0
2023-05-20 23:45,71,32,39,0,0,0
2023-05-21 00:00,67,31,36,0,0,0
2023-05-21 00:15,55,25,30,0,0,0
2023-05-21 00:30,47,20,27,0,0,0
2023-05-21 00:45,49,13,36,0,0,0
2023-05-21 01:00,48,16,32,0,0,0
2023-05-21 01:15,40,4,36,0,0,0
2023-05-21 01:30,47,9,38,0,0,0
2023-05-21 01:45,35,2,33,0,0,0
2023-05-21 02:00,43,10,33,0,0,0
2023-05-21 02:15,40,7,33,0,0,0
2023-05-21 02:30,15,4,11,0,0,0
2023-05-21 02:45,24,6,18,0,0,0
2023-05-21 03:00,15,3,12,0,0,0
2023-05-21 03:15,19,1,18,0,0,0
2023-05-21 03:30,18,3,15,0,0,0
2023-05-21 03:45,17,5,12,0,0,0
2023-05-21 04:00,23,8,15,0,0,0
2023-05-21 04:15,14,3,11,0,0,0
2023-05-21 04:30,7,0,7,0,0,0
2023-05-21 04:45,8,0,8,0,0,0
2023-05-21 05:00,6,3,3,0,0,0
2023-05-21 05:15,11,3,8,0,0,0
2023-05-21 05:30,7,3,4,0,0,0
2023-05-21 05:45,6,1,5,0,0,0
2023-05-21 06:00,10,8,2,0,0,0
2023-05-21 06:15,9,4,5,0,0,0
2023-05-21 06:30,13,5,8,0,0,0
2023-05-21 06:45,10,5,5,0,0,0
2023-05-21 07:00,8,7,1,0,0,0
2023-05-21 07:15,13,8,5,0,0,0
2023-05-21 07:30,15,12,3,0,0,0
2023-05-21 07:45,24,11,13,0,0,0
2023-05-21 08:00,22,10,12,0,0,0
2023-05-21 08:15,17,6,11,0,0,0
2023-05-21 08:30,16,5,11,0,0,0
2023-05-21 08:45,19,12,7,0,0,0
2023-05-21 09:00,29,14,15,0,0,0
2023-05-21 09:15,41,25,16,0,0,0
2023-05-21 09:30,45,30,15,0,0,0
2023-05-21 09:45,73,63,10,0,0,0
2023-05-21 10:00,85,67,18,0,0,0
2023-05-21 10:15,80,49,31,0,0,0
2023-05-21 10:30,79,45,34,0,0,0
2023-05-21 10:45,89,47,42,0,0,0
2023-05-21 11:00,77,44,33,0,0,0
2023-05-21 11:15,86,46,40,0,0,0
2023-05-21 11:30,82,53,29,0,0,0
2023-05-21 11:45,108,63,45,0,0,0
2023-05-21 12:00,80,47,33,0,0,0
2023-05-21 12:15,101,59,42,0,0,0
2023-05-21 12:30,106,55,51,0,0,0
2023-05-21 12:45,125,55,70,0,0,0
2023-05-21 13:00,99,47,52,0,0,0
2023-05-21 13:15,93,42,51,0,0,0
2023-05-21 13:30,124,65,59,0,0,0
2023-05-21 13:45,128,69,59,0,0,0
2023-05-21 14:00,124,58,66,0,0,0
2023-05-21 14:15,107,56,51,0,0,0
2023-05-21 14:30,115,62,53,0,0,0
2023-05-21 14:45,117,71,46,0,0,0
2023-05-21 15:00,121,73,48,0,0,0
2023-05-21 15:15,132,66,66,0,0,0
2023-05-21 15:30,105,49,56,0,0,0
2023-05-21 15:45,118,62,56,0,0,0
2023-05-21 16:00,142,56,86,0,0,0
2023-05-21 16:15,119,57,62,0,0,0
2023-05-21 16:30,114,57,57,0,0,0
2023-05-21 16:45,147,72,75,0,0,0
2023-05-21 17:00,125,66,59,0,0,0
2023-05-21 17:15,151,74,77,0,0,0
2023-05-21 17:30,121,63,58,0,0,0
2023-05-21 17:45,184,77,107,0,0,0
2023-05-21 18:00,114,56,58,0,0,0
2023-05-21 18:15,118,44,74,0,0,0
2023-05-21 18:30,98,33,65,0,0,0
2023-05-21 18:45,115,51,64,0,0,0
2023-05-21 19:00,106,47,59,0,0,0
2023-05-21 19:15,111,54,57,0,0,0
2023-05-21 19:30,133,51,82,0,0,0
2023-05-21 19:45,104,48,56,0,0,0
2023-05-21 20:00,108,47,61,0,0,0
2023-05-21 20:15,115,40,75,0,0,0
2023-05-21 20:30,95,39,56,0,0,0
2023-05-21 20:45,69,29,40,0,0,0
2023-05-21 21:00,73,27,46,0,0,0
2023-05-21 21:15,58,22,36,0,0,0
2023-05-21 21:30,69,27,42,0,0,0
2023-05-21 21:45,81,22,59,0,0,0
2023-05-21 22:00,73,17,56,0,0,0
2023-05-21 22:15,40,15,25,0,0,0
2023-05-21 22:30,33,9,24,0,0,0
2023-05-21 22:45,25,3,22,0,0,0
2023-05-21 23:00,28,10,18,0,0,0
2023-05-21 23:15,25,5,20,0,0,0
2023-05-21 23:30,18,5,13,0,0,0
2023-05-21 23:45,17,5,12,0,0,0
2023-05-22 00:00,17,5,12,0,0,0
2023-05-22 00:15,10,1,9,0,0,0
2023-05-22 00:30,7,5,2,0,0,0
2023-05-22 00:45,3,1,2,0,0,0
2023-05-22 01:00,11,4,7,0,0,0
2023-05-22 01:15,9,6,3,0,0,0
2023-05-22 01:30,3,2,1,0,0,0
2023-05-22 01:45,4,2,2,0,0,0
2023-05-22 02:00,3,0,3,0,0,0
2023-05-22 02:15,1,1,0,0,0,0
2023-05-22 02:30,2,1,1,0,0,0
2023-05-22 02:45,4,1,3,0,0,0
2023-05-22 03:00,1,1,0,0,0,0
2023-05-22 03:15,0,0,0,0,0,0
2023-05-22 03:30,1,1,0,0,0,0
2023-05-22 03:45,3,1,2,0,0,0
2023-05-22 04:00,1,0,1,0,0,0
2023-05-22 04:15,4,1,3,0,0,0
2023-05-22 04:30,3,0,3,0,0,0
2023-05-22 04:45,8,4,4,0,0,0
2023-05-22 05:00,11,11,0,0,0,0
2023-05-22 05:15,11,10,1,0,0,0
2023-05-22 05:30,23,15,8,0,0,0
2023-05-22 05:45,24,16,8,0,0,0
2023-05-22 06:00,39,28,11,0,0,0
2023-05-22 06:15,53,34,19,0,0,0
2023-05-22 06:30,59,36,23,0,0,0
2023-05-22 06:45,103,68,35,0,0,0
2023-05-22 07:00,95,63,32,0,0,0
2023-05-22 07:15,152,95,57,0,0,0
2023-05-22 07:30,256,180,76,0,0,0
2023-05-22 07:45,336,168,168,0,0,0
2023-05-22 08:00,369,199,170,0,0,0
2023-05-22 08:15,251,151,100,0,0,0
2023-05-22 08:30,200,119,81,0,0,0
2023-05-22 08:45,277,164,113,0,0,0
2023-05-22 09:00,210,113,97,0,0,0
2023-05-22 09:15,183,101,82,0,0,0
2023-05-22 09:30,188,98,90,0,0,0
2023-05-22 09:45,355,166,189,0,0,0
2023-05-22 10:00,411,270,141,0,0,0
2023-05-22 10:15,134,76,58,0,0,0
2023-05-22 10:30,127,69,58,0,0,0
2023-05-22 10:45,174,80,94,0,0,0
2023-05-22 11:00,149,78,71,0,0,0
2023-05-22 11:15,134,74,60,0,0,0
2023-05-22 11:30,183,98,85,0,0,0
2023-05-22 11:45,369,188,181,0,0,0
2023-05-22 12:00,352,179,173,0,0,0
2023-05-22 12:15,195,101,94,0,0,0
2023-05-22 12:30,191,79,112,0,0,0
2023-05-22 12:45,211,104,107,0,0,0
2023-05-22 13:00,230,95,135,0,0,0
2023-05-22 13:15,219,97,122,0,0,0
2023-05-22 13:30,231,128,103,0,0,0
2023-05-22 13:45,430,216,214,0,0,0
2023-05-22 14:00,388,209,179,0,0,0
2023-05-22 14:15,225,106,119,0,0,0
2023-05-22 14:30,201,103,98,0,0,0
2023-05-22 14:45,174,70,104,0,0,0
2023-05-22 15:00,179,88,91,0,0,0
2023-05-22 15:15,220,106,114,0,0,0
2023-05-22 15:30,264,115,149,0,0,0
2023-05-22 15:45,451,227,224,0,0,0
2023-05-22 16:00,404,226,178,0,0,0
2023-05-22 16:15,276,136,140,0,0,0
2023-05-22 16:30,276,139,137,0,0,0
2023-05-22 16:45,315,151,164,0,0,0
2023-05-22 17:00,303,135,168,0,0,0
2023-05-22 17:15,314,153,161,0,0,0
2023-05-22 17:30,360,162,198,0,0,0
2023-05-22 17:45,516,211,305,0,0,0
2023-05-22 18:00,392,180,212,0,0,0
2023-05-22 18:15,328,121,207,0,0,0
2023-05-22 18:30,303,122,181,0,0,0
2023-05-22 18:45,262,121,141,0,0,0
2023-05-22 19:00,211,84,127,0,0,0
2023-05-22 19:15,241,112,129,0,0,0
2023-05-22 19:30,212,89,123,0,0,0
2023-05-22 19:45,255,108,147,0,0,0
2023-05-22 20:00,166,68,98,0,0,0
2023-05-22 20:15,169,70,99,0,0,0
2023-05-22 20:30,129,67,62,0,0,0
2023-05-22 20:45,121,67,54,0,0,0
2023-05-22 21:00,130,68,62,0,0,0
2023-05-22 21:15,142,84,58,0,0,0
2023-05-22 21:30,121,70,51,0,0,0
2023-05-22 21:45,138,63,75,0,0,0
2023-05-22 22:00,137,74,63,0,0,0
2023-05-22 22:15,100,57,43,0,0,0
2023-05-22 22:30,93,31,62,0,0,0
2023-05-22 22:45,87,29,58,0,0,0
2023-05-22 23:00,57,22,35,0,0,0
2023-05-22 23:15,48,17,31,0,0,0
2023-05-22 23:30,48,9,39,0,0,0
2023-05-22 23:45,41,15,26,0,0,0
2023-05-23 00:00,18,8,10,0,0,0
2023-05-23 00:15,33,13,20,0,0,0
2023-05-23 00:30,13,0,13,0,0,0
2023-05-23 00:45,11,2,9,0,0,0
2023-05-23 01:00,17,2,15,0,0,0
2023-05-23 01:15,8,0,8,0,0,0
2023-05-23 01:30,14,0,14,0,0,0
2023-05-23 01:45,5,1,4,0,0,0
2023-05-23 02:00,1,0,1,0,0,0
2023-05-23 02:15,2,1,1,0,0,0
2023-05-23 02:30,2,1,1,0,0,0
2023-05-23 02:45,1,0,1,0,0,0
2023-05-23 03:00,2,1,1,0,0,0
2023-05-23 03:15,0,0,0,0,0,0
2023-05-23 03:30,3,3,0,0,0,0
2023-05-23 03:45,1,1,0,0,0,0
2023-05-23 04:00,3,0,3,0,0,0
2023-05-23 04:15,6,1,5,0,0,0
2023-05-23 04:30,5,4,1,0,0,0
2023-05-23 04:45,6,3,3,0,0,0
2023-05-23 05:00,8,8,0,0,0,0
2023-05-23 05:15,13,9,4,0,0,0
2023-05-23 05:30,23,16,7,0,0,0
2023-05-23 05:45,26,20,6,0,0,0
2023-05-23 06:00,26,21,5,0,0,0
2023-05-23 06:15,47,33,14,0,0,0
2023-05-23 06:30,84,54,30,0,0,0
2023-05-23 06:45,100,68,32,0,0,0
2023-05-23 07:00,109,80,29,0,0,0
2023-05-23 07:15,192,127,65,0,0,0
2023-05-23 07:30,289,202,87,0,0,0
2023-05-23 07:45,381,215,166,0,0,0
2023-05-23 08:00,490,276,214,0,0,0
2023-05-23 08:15,319,205,114,0,0,0
2023-05-23 08:30,220,137,83,0,0,0
2023-05-23 08:45,263,145,118,0,0,0
2023-05-23 09:00,175,115,60,0,0,0
2023-05-23 09:15,153,91,62,0,0,0
2023-05-23 09:30,163,94,69,0,0,0
2023-05-23 09:45,352,179,173,0,0,0
2023-05-23 10:00,448,217,231,0,0,0
2023-05-23 10:15,150,68,82,0,0,0
2023-05-23 10:30,105,51,54,0,0,0
2023-05-23 10:45,124,72,52,0,0,0
2023-05-23 11:00,127,63,64,0,0,0
2023-05-23 11:15,125,68,57,0,0,0
2023-05-23 11:30,163,84,79,0,0,0
2023-05-23 11:45,488,226,262,0,0,0
2023-05-23 12:00,301,162,139,0,0,0
2023-05-23 12:15,191,105,86,0,0,0
2023-05-23 12:30,212,99,113,0,0,0
2023-05-23 12:45,200,106,94,0,0,0
2023-05-23 13:00,235,95,140,0,0,0
2023-05-23 13:15,195,80,115,0,0,0
2023-05-23 13:30,225,108,117,0,0,0
2023-05-23 13:45,430,242,188,0,0,0
2023-05-23 14:00,350,194,156,0,0,0
2023-05-23 14:15,231,127,104,0,0,0
2023-05-23 14:30,192,89,103,0,0,0
2023-05-23 14:45,220,102,118,0,0,0
2023-05-23 15:00,189,90,99,0,0,0
2023-05-23 15:15,238,134,104,0,0,0
2023-05-23 15:30,264,123,141,0,0,0
2023-05-23 15:45,450,221,229,0,0,0
2023-05-23 16:00,403,201,202,0,0,0
2023-05-23 16:15,308,135,173,0,0,0
2023-05-23 16:30,302,138,164,0,0,0
2023-05-23 16:45,340,153,187,0,0,0
2023-05-23 17:00,312,145,167,0,0,0
2023-05-23 17:15,294,149,145,0,0,0
2023-05-23 17:30,350,161,189,0,0,0
2023-05-23 17:45,532,262,270,0,0,0
2023-05-23 18:00,421,231,190,0,0,0
2023-05-23 18:15,310,150,160,0,0,0
2023-05-23 18:30,266,126,140,0,0,0
2023-05-23 18:45,281,141,140,0,0,0
2023-05-23 19:00,255,120,135,0,0,0
2023-05-23 19:15,270,118,152,0,0,0
2023-05-23 19:30,311,178,133,0,0,0
2023-05-23 19:45,290,130,160,0,0,0
2023-05-23 20:00,201,118,83,0,0,0
2023-05-23 20:15,185,91,94,0,0,0
2023-05-23 20:30,140,59,81,0,0,0
2023-05-23 20:45,142,71,71,0,0,0
2023-05-23 21:00,146,69,77,0,0,0
2023-05-23 21:15,131,52,79,0,0,0
2023-05-23 21:30,119,51,68,0,0,0
2023-05-23 21:45,155,55,100,0,0,0
2023-05-23 22:00,111,32,79,0,0,0
2023-05-23 22:15,106,38,68,0,0,0
2023-05-23 22:30,79,22,57,0,0,0
2023-05-23 22:45,82,26,56,0,0,0
2023-05-23 23:00,74,29,45,0,0,0
2023-05-23 23:15,69,28,41,0,0,0
2023-05-23 23:30,43,13,30,0,0,0
2023-05-23 23:45,56,14,42,0,0,0
2023-05-24 00:00,28,15,13,0,0,0
2023-05-24 00:15,34,8,26,0,0,0
2023-05-24 00:30,20,3,17,0,0,0
2023-05-24 00:45,10,5,5,0,0,0
2023-05-24 01:00,22,1,21,0,0,0
2023-05-24 01:15,15,5,10,0,0,0
2023-05-24 01:30,0,0,0,0,0,0
2023-05-24 01:45,2,0,2,0,0,0
2023-05-24 02:00,1,1,0,0,0,0
2023-05-24 02:15,3,0,3,0,0,0
2023-05-24 02:30,1,0,1,0,0,0
2023-05-24 02:45,1,1,0,0,0,0
2023-05-24 03:00,0,0,0,0,0,0
2023-05-24 03:15,2,1,1,0,0,0
2023-05-24 03:30,1,0,1,0,0,0
2023-05-24 03:45,1,1,0,0,0,0
2023-05-24 04:00,5,2,3,0,0,0
2023-05-24 04:15,4,2,2,0,0,0
2023-05-24 04:30,5,1,4,0,0,0
2023-05-24 04:45,6,4,2,0,0,0
2023-05-24 05:00,5,5,0,0,0,0
2023-05-24 05:15,11,9,2,0,0,0
2023-05-24 05:30,27,18,9,0,0,0
2023-05-24 05:45,25,17,8,0,0,0
2023-05-24 06:00,35,24,11,0,0,0
2023-05-24 06:15,45,31,14,0,0,0
2023-05-24 06:30,70,37,33,0,0,0
2023-05-24 06:45,94,74,20,0,0,0
2023-05-24 07:00,96,50,46,0,0,0
2023-05-24 07:15,209,153,56,0,0,0
2023-05-24 07:30,300,210,90,0,0,0
2023-05-24 07:45,422,227,195,0,0,0
2023-05-24 08:00,447,253,194,0,0,0
2023-05-24 08:15,235,133,102,0,0,0
2023-05-24 08:30,250,150,100,0,0,0
2023-05-24 08:45,284,151,133,0,0,0
2023-05-24 09:00,221,132,89,0,0,0
2023-05-24 09:15,184,104,80,0,0,0
2023-05-24 09:30,201,110,91,0,0,0
2023-05-24 09:45,413,215,198,0,0,0
2023-05-24 10:00,447,269,178,0,0,0
2023-05-24 10:15,185,101,84,0,0,0
2023-05-24 10:30,148,82,66,0,0,0
2023-05-24 10:45,174,77,97,0,0,0
2023-05-24 11:00,130,69,61,0,0,0
2023-05-24 11:15,185,97,88,0,0,0
2023-05-24 11:30,221,81,140,0,0,0
2023-05-24 11:45,408,189,219,0,0,0
2023-05-24 12:00,383,205,178,0,0,0
2023-05-24 12:15,223,120,103,0,0,0
2023-05-24 12:30,233,123,110,0,0,0
2023-05-24 12:45,225,121,104,0,0,0
2023-05-24 13:00,235,115,120,0,0,0
2023-05-24 13:15,245,101,144,0,0,0
2023-05-24 13:30,217,95,122,0,0,0
2023-05-24 13:45,385,172,213,0,0,0
2023-05-24 14:00,370,186,184,0,0,0
2023-05-24 14:15,236,123,113,0,0,0
2023-05-24 14:30,224,112,112,0,0,0
2023-05-24 14:45,198,87,111,0,0,0
2023-05-24 15:00,191,94,97,0,0,0
2023-05-24 15:15,220,118,102,0,0,0
2023-05-24 15:30,310,118,192,0,0,0
2023-05-24 15:45,517,222,295,0,0,0
2023-05-24 16:00,382,178,204,0,0,0
2023-05-24 16:15,270,140,130,0,0,0
2023-05-24 16:30,269,111,158,0,0,0
2023-05-24 16:45,290,134,156,0,0,0
2023-05-24 17:00,272,133,139,0,0,0
2023-05-24 17:15,299,160,139,0,0,0
2023-05-24 17:30,395,207,188,0,0,0
2023-05-24 17:45,486,228,258,0,0,0
2023-05-24 18:00,394,172,222,0,0,0
2023-05-24 18:15,342,163,179,0,0,0
2023-05-24 18:30,297,132,165,0,0,0
2023-05-24 18:45,314,149,165,0,0,0
2023-05-24 19:00,262,147,115,0,0,0
2023-05-24 19:15,291,158,133,0,0,0
2023-05-24 19:30,230,94,136,0,0,0
2023-05-24 19:45,277,138,139,0,0,0
2023-05-24 20:00,194,88,106,0,0,0
2023-05-24 20:15,217,116,101,0,0,0
2023-05-24 20:30,155,55,100,0,0,0
2023-05-24 20:45,146,82,64,0,0,0
2023-05-24 21:00,129,67,62,0,0,0
2023-05-24 21:15,162,77,85,0,0,0
2023-05-24 21:30,127,50,77,0,0,0
2023-05-24 21:45,147,64,83,0,0,0
2023-05-24 22:00,137,48,89,0,0,0
2023-05-24 22:15,136,58,78,0,0,0
2023-05-24 22:30,112,36,76,0,0,0
2023-05-24 22:45,99,34,65,0,0,0
2023-05-24 23:00,92,30,62,0,0,0
2023-05-24 23:15,78,37,41,0,0,0
2023-05-24 23:30,105,52,53,0,0,0
2023-05-24 23:45,84,34,50,0,0,0
2023-05-25 00:00,74,29,45,0,0,0
2023-05-25 00:15,54,20,34,0,0,0
2023-05-25 00:30,36,12,24,0,0,0
2023-05-25 00:45,62,9,53,0,0,0
2023-05-25 01:00,32,4,28,0,0,0
2023-05-25 01:15,51,10,41,0,0,0
2023-05-25 01:30,31,8,23,0,0,0
2023-05-25 01:45,25,6,19,0,0,0
2023-05-25 02:00,44,5,39,0,0,0
2023-05-25 02:15,28,2,26,0,0,0
2023-05-25 02:30,13,1,12,0,0,0
2023-05-25 02:45,29,6,23,0,0,0
2023-05-25 03:00,17,0,17,0,0,0
2023-05-25 03:15,10,1,9,0,0,0
2023-05-25 03:30,10,3,7,0,0,0
2023-05-25 03:45,4,0,4,0,0,0
2023-05-25 04:00,11,1,10,0,0,0
2023-05-25 04:15,12,3,9,0,0,0
2023-05-25 04:30,12,4,8,0,0,0
2023-05-25 04:45,14,6,8,0,0,0
2023-05-25 05:00,7,2,5,0,0,0
2023-05-25 05:15,16,9,7,0,0,0
2023-05-25 05:30,29,19,10,0,0,0
2023-05-25 05:45,22,16,6,0,0,0
2023-05-25 06:00,23,17,6,0,0,0
2023-05-25 06:15,36,27,9,0,0,0
2023-05-25 06:30,81,55,26,0,0,0
2023-05-25 06:45,95,57,38,0,0,0
2023-05-25 07:00,118,67,51,0,0,0
2023-05-25 07:15,173,113,60,0,0,0
2023-05-25 07:30,290,214,76,0,0,0
2023-05-25 07:45,400,223,177,0,0,0
2023-05-25 08:00,435,205,230,0,0,0
2023-05-25 08:15,264,141,123,0,0,0
2023-05-25 08:30,241,138,103,0,0,0
2023-05-25 08:45,250,158,92,0,0,0
2023-05-25 09:00,196,115,81,0,0,0
2023-05-25 09:15,129,78,51,0,0,0
2023-05-25 09:30,204,106,98,0,0,0
2023-05-25 09:45,399,221,178,0,0,0
2023-05-25 10:00,403,242,161,0,0,0
2023-05-25 10:15,159,87,72,0,0,0
2023-05-25 10:30,115,62,53,0,0,0
2023-05-25 10:45,145,86,59,0,0,0
2023-05-25 11:00,158,82,76,0,0,0
2023-05-25 11:15,154,67,87,0,0,0
2023-05-25 11:30,190,81,109,0,0,0
2023-05-25 11:45,386,162,224,0,0,0
2023-05-25 12:00,327,164,163,0,0,0
2023-05-25 12:15,216,106,110,0,0,0
2023-05-25 12:30,219,96,123,0,0,0
2023-05-25 12:45,215,95,120,0,0,0
2023-05-25 13:00,202,84,118,0,0,0
2023-05-25 13:15,215,102,113,0,0,0
2023-05-25 13:30,247,116,131,0,0,0
2023-05-25 13:45,430,198,232,0,0,0
2023-05-25 14:00,370,212,158,0,0,0
2023-05-25 14:15,211,98,113,0,0,0
2023-05-25 14:30,229,120,109,0,0,0
2023-05-25 14:45,213,96,117,0,0,0
2023-05-25 15:00,216,106,110,0,0,0
2023-05-25 15:15,227,87,140,0,0,0
2023-05-25 15:30,290,121,169,0,0,0
2023-05-25 15:45,444,229,215,0,0,0
2023-05-25 16:00,384,205,179,0,0,0
2023-05-25 16:15,271,131,140,0,0,0
2023-05-25 16:30,298,137,161,0,0,0
2023-05-25 16:45,319,132,187,0,0,0
2023-05-25 17:00,284,129,155,0,0,0
2023-05-25 17:15,287,153,134,0,0,0
2023-05-25 17:30,340,178,162,0,0,0
2023-05-25 17:45,431,209,222,0,0,0
2023-05-25 18:00,393,198,195,0,0,0
2023-05-25 18:15,328,162,166,0,0,0
2023-05-25 18:30,234,117,117,0,0,0
2023-05-25 18:45,307,154,153,0,0,0
2023-05-25 19:00,313,142,171,0,0,0
2023-05-25 19:15,228,114,114,0,0,0
2023-05-25 19:30,199,100,99,0,0,0
2023-05-25 19:45,231,111,120,0,0,0
2023-05-25 20:00,201,111,90,0,0,0
2023-05-25 20:15,203,101,102,0,0,0
2023-05-25 20:30,174,82,92,0,0,0
2023-05-25 20:45,165,80,85,0,0,0
2023-05-25 21:00,137,57,80,0,0,0
2023-05-25 21:15,128,58,70,0,0,0
2023-05-25 21:30,130,44,86,0,0,0
2023-05-25 21:45,145,56,89,0,0,0
2023-05-25 22:00,115,43,72,0,0,0
2023-05-25 22:15,121,55,66,0,0,0
2023-05-25 22:30,97,34,63,0,0,0
2023-05-25 22:45,76,19,57,0,0,0
2023-05-25 23:00,79,28,51,0,0,0
2023-05-25 23:15,77,26,51,0,0,0
2023-05-25 23:30,64,26,38,0,0,0
2023-05-25 23:45,60,21,39,0,0,0
2023-05-26 00:00,40,15,25,0,0,0
2023-05-26 00:15,32,3,29,0,0,0
2023-05-26 00:30,34,4,30,0,0,0
2023-05-26 00:45,44,26,18,0,0,0
2023-05-26 01:00,25,7,18,0,0,0
2023-05-26 01:15,15,4,11,0,0,0
2023-05-26 01:30,19,3,16,0,0,0
2023-05-26 01:45,15,3,12,0,0,0
2023-05-26 02:00,12,3,9,0,0,0
2023-05-26 02:15,16,0,16,0,0,0
2023-05-26 02:30,10,4,6,0,0,0
2023-05-26 02:45,14,1,13,0,0,0
2023-05-26 03:00,11,0,11,0,0,0
2023-05-26 03:15,18,1,17,0,0,0
2023-05-26 03:30,9,3,6,0,0,0
2023-05-26 03:45,7,1,6,0,0,0
2023-05-26 04:00,14,2,12,0,0,0
2023-05-26 04:15,11,2,9,0,0,0
2023-05-26 04:30,6,4,2,0,0,0
2023-05-26 04:45,11,7,4,0,0,0
2023-05-26 05:00,6,6,0,0,0,0
2023-05-26 05:15,6,5,1,0,0,0
2023-05-26 05:30,25,15,10,0,0,0
2023-05-26 05:45,16,10,6,0,0,0
2023-05-26 06:00,29,22,7,0,0,0
2023-05-26 06:15,34,21,13,0,0,0
2023-05-26 06:30,53,36,17,0,0,0
2023-05-26 06:45,72,48,24,0,0,0
2023-05-26 07:00,82,46,36,0,0,0
2023-05-26 07:15,123,77,46,0,0,0
2023-05-26 07:30,190,109,81,0,0,0
2023-05-26 07:45,256,143,113,0,0,0
2023-05-26 08:00,300,167,133,0,0,0
2023-05-26 08:15,189,114,75,0,0,0
2023-05-26 08:30,177,87,90,0,0,0
2023-05-26 08:45,222,128,94,0,0,0
2023-05-26 09:00,182,115,67,0,0,0
2023-05-26 09:15,143,81,62,0,0,0
2023-05-26 09:30,146,93,53,0,0,0
2023-05-26 09:45,284,150,134,0,0,0
2023-05-26 10:00,251,142,109,0,0,0
2023-05-26 10:15,148,97,51,0,0,0
2023-05-26 10:30,133,80,53,0,0,0
2023-05-26 10:45,144,83,61,0,0,0
2023-05-26 11:00,135,76,59,0,0,0
2023-05-26 11:15,158,77,81,0,0,0
2023-05-26 11:30,169,94,75,0,0,0
2023-05-26 11:45,265,147,118,0,0,0
2023-05-26 12:00,258,141,117,0,0,0
2023-05-26 12:15,204,110,94,0,0,0
2023-05-26 12:30,201,82,119,0,0,0
2023-05-26 12:45,206,102,104,0,0,0
2023-05-26 13:00,227,96,131,0,0,0
2023-05-26 13:15,186,96,90,0,0,0
2023-05-26 13:30,186,95,91,0,0,0
2023-05-26 13:45,265,136,129,0,0,0
2023-05-26 14:00,262,136,126,0,0,0
2023-05-26 14:15,198,84,114,0,0,0
2023-05-26 14:30,194,93,101,0,0,0
2023-05-26 14:45,244,108,136,0,0,0
2023-05-26 15:00,223,120,103,0,0,0
2023-05-26 15:15,211,102,109,0,0,0
2023-05-26 15:30,218,99,119,0,0,0
2023-05-26 15:45,238,136,102,0,0,0
2023-05-26 16:00,219,126,93,0,0,0
2023-05-26 16:15,245,127,118,0,0,0
2023-05-26 16:30,194,94,100,0,0,0
2023-05-26 16:45,189,90,99,0,0,0
2023-05-26 17:00,226,111,115,0,0,0
2023-05-26 17:15,210,104,106,0,0,0
2023-05-26 17:30,230,116,114,0,0,0
2023-05-26 17:45,222,116,106,0,0,0
2023-05-26 18:00,222,110,112,0,0,0
2023-05-26 18:15,212,105,107,0,0,0
2023-05-26 18:30,193,107,86,0,0,0
2023-05-26 18:45,187,114,73,0,0,0
2023-05-26 19:00,181,88,93,0,0,0
2023-05-26 19:15,148,72,76,0,0,0
2023-05-26 19:30,143,67,76,0,0,0
2023-05-26 19:45,157,79,78,0,0,0
2023-05-26 20:00,155,78,77,0,0,0
2023-05-26 20:15,145,70,75,0,0,0
2023-05-26 20:30,106,44,62,0,0,0
2023-05-26 20:45,130,68,62,0,0,0
2023-05-26 21:00,118,46,72,0,0,0
2023-05-26 21:15,114,60,54,0,0,0
2023-05-26 21:30,120,53,67,0,0,0
2023-05-26 21:45,93,38,55,0,0,0
2023-05-26 22:00,107,42,65,0,0,0
2023-05-26 22:15,79,29,50,0,0,0
2023-05-26 22:30,54,17,37,0,0,0
2023-05-26 22:45,81,36,45,0,0,0
2023-05-26 23:00,54,16,38,0,0,0
2023-05-26 23:15,80,26,54,0,0,0
2023-05-26 23:30,69,20,49,0,0,0
2023-05-26 23:45,75,23,52,0,0,0
2023-05-27 00:00,77,29,48,0,0,0
2023-05-27 00:15,62,30,32,0,0,0
2023-05-27 00:30,51,24,27,0,0,0
2023-05-27 00:45,57,25,32,0,0,0
2023-05-27 01:00,46,17,29,0,0,0
2023-05-27 01:15,53,16,37,0,0,0
2023-05-27 01:30,27,6,21,0,0,0
2023-05-27 01:45,21,6,15,0,0,0
2023-05-27 02:00,29,10,19,0,0,0
2023-05-27 02:15,27,4,23,0,0,0
2023-05-27 02:30,18,2,16,0,0,0
2023-05-27 02:45,37,10,27,0,0,0
2023-05-27 03:00,12,1,11,0,0,0
2023-05-27 03:15,11,6,5,0,0,0
2023-05-27 03:30,13,4,9,0,0,0
2023-05-27 03:45,12,5,7,0,0,0
2023-05-27 04:00,12,2,10,0,0,0
2023-05-27 04:15,19,0,19,0,0,0
2023-05-27 04:30,12,1,11,0,0,0
2023-05-27 04:45,16,5,11,0,0,0
2023-05-27 05:00,12,4,8,0,0,0
2023-05-27 05:15,10,3,7,0,0,0
2023-05-27 05:30,9,2,7,0,0,0
2023-05-27 05:45,17,7,10,0,0,0
2023-05-27 06:00,10,5,5,0,0,0
2023-05-27 06:15,12,4,8,0,0,0
2023-05-27 06:30,19,15,4,0,0,0
2023-05-27 06:45,13,9,4,0,0,0
2023-05-27 07:00,12,8,4,0,0,0
2023-05-27 07:15,20,16,4,0,0,0
2023-05-27 07:30,35,26,9,0,0,0
2023-05-27 07:45,37,27,10,0,0,0
2023-05-27 08:00,35,23,12,0,0,0
2023-05-27 08:15,25,13,12,0,0,0
2023-05-27 08:30,42,32,10,0,0,0
2023-05-27 08:45,64,44,20,0,0,0
2023-05-27 09:00,76,56,20,0,0,0
2023-05-27 09:15,67,43,24,0,0,0
2023-05-27 09:30,99,64,35,0,0,0
2023-05-27 09:45,139,105,34,0,0,0
2023-05-27 10:00,129,92,37,0,0,0
2023-05-27 10:15,155,105,50,0,0,0
2023-05-27 10:30,173,120,53,0,0,0
2023-05-27 10:45,131,82,49,0,0,0
2023-05-27 11:00,126,80,46,0,0,0
2023-05-27 11:15,148,96,52,0,0,0
2023-05-27 11:30,158,101,57,0,0,0
2023-05-27 11:45,153,95,58,0,0,0
2023-05-27 12:00,168,85,83,0,0,0
2023-05-27 12:15,205,106,99,0,0,0
2023-05-27 12:30,174,81,93,0,0,0
2023-05-27 12:45,167,94,73,0,0,0
2023-05-27 13:00,186,114,72,0,0,0
2023-05-27 13:15,218,136,82,0,0,0
2023-05-27 13:30,171,71,100,0,0,0
2023-05-27 13:45,205,105,100,0,0,0
2023-05-27 14:00,192,98,94,0,0,0
2023-05-27 14:15,206,112,94,0,0,0
2023-05-27 14:30,178,88,90,0,0,0
2023-05-27 14:45,196,103,93,0,0,0
2023-05-27 15:00,207,92,115,0,0,0
2023-05-27 15:15,171,84,87,0,0,0
2023-05-27 15:30,152,88,64,0,0,0
2023-05-27 15:45,184,91,93,0,0,0
2023-05-27 16:00,150,75,75,0,0,0
2023-05-27 16:15,128,63,65,0,0,0
2023-05-27 16:30,133,64,69,0,0,0
2023-05-27 16:45,135,72,63,0,0,0
2023-05-27 17:00,120,48,72,0,0,0
2023-05-27 17:15,130,59,71,0,0,0
2023-05-27 17:30,151,65,86,0,0,0
2023-05-27 17:45,204,77,127,0,0,0
2023-05-27 18:00,159,65,94,0,0,0
2023-05-27 18:15,140,64,76,0,0,0
2023-05-27 18:30,121,54,67,0,0,0
2023-05-27 18:45,149,79,70,0,0,0
2023-05-27 19:00,124,54,70,0,0,0
2023-05-27 19:15,116,70,46,0,0,0
2023-05-27 19:30,153,70,83,0,0,0
2023-05-27 19:45,115,62,53,0,0,0
2023-05-27 20:00,112,50,62,0,0,0
2023-05-27 20:15,106,52,54,0,0,0
2023-05-27 20:30,109,46,63,0,0,0
2023-05-27 20:45,101,53,48,0,0,0
2023-05-27 21:00,84,30,54,0,0,0
2023-05-27 21:15,93,40,53,0,0,0
2023-05-27 21:30,78,18,60,0,0,0
2023-05-27 21:45,72,25,47,0,0,0
2023-05-27 22:00,71,29,42,0,0,0
2023-05-27 22:15,87,25,62,0,0,0
2023-05-27 22:30,58,19,39,0,0,0
2023-05-27 22:45,74,15,59,0,0,0
2023-05-27 23:00,91,26,65,0,0,0
2023-05-27 23:15,64,24,40,0,0,0
2023-05-27 23:30,63,25,38,0,0,0
2023-05-27 23:45,55,21,34,0,0,0
2023-05-28 00:00,65,19,46,0,0,0
2023-05-28 00:15,61,18,43,0,0,0
2023-05-28 00:30,37,17,20,0,0,0
2023-05-28 00:45,44,18,26,0,0,0
2023-05-28 01:00,45,11,34,0,0,0
2023-05-28 01:15,38,11,27,0,0,0
2023-05-28 01:30,32,7,25,0,0,0
2023-05-28 01:45,22,6,16,0,0,0
2023-05-28 02:00,29,8,21,0,0,0
2023-05-28 02:15,27,8,19,0,0,0
2023-05-28 02:30,9,0,9,0,0,0
2023-05-28 02:45,25,4,21,0,0,0
2023-05-28 03:00,19,3,16,0,0,0
2023-05-28 03:15,14,2,12,0,0,0
2023-05-28 03:30,13,1,12,0,0,0
2023-05-28 03:45,15,3,12,0,0,0
2023-05-28 04:00,18,6,12,0,0,0
2023-05-28 04:15,7,0,7,0,0,0
2023-05-28 04:30,6,0,6,0,0,0
2023-05-28 04:45,6,2,4,0,0,0
2023-05-28 05:00,6,0,6,0,0,0
2023-05-28 05:15,3,1,2,0,0,0
2023-05-28 05:30,15,9,6,0,0,0
2023-05-28 05:45,8,2,6,0,0,0
2023-05-28 06:00,5,3,2,0,0,0
2023-05-28 06:15,8,2,6,0,0,0
2023-05-28 06:30,6,3,3,0,0,0
2023-05-28 06:45,7,2,5,0,0,0
2023-05-28 07:00,7,5,2,0,0,0
2023-05-28 07:15,11,5,6,0,0,0
2023-05-28 07:30,15,11,4,0,0,0
2023-05-28 07:45,21,15,6,0,0,0
2023-05-28 08:00,16,11,5,0,0,0
2023-05-28 08:15,17,12,5,0,0,0
2023-05-28 08:30,17,12,5,0,0,0
2023-05-28 08:45,31,18,13,0,0,0
2023-05-28 09:00,32,19,13,0,0,0
2023-05-28 09:15,46,29,17,0,0,0
2023-05-28 09:30,37,21,16,0,0,0
2023-05-28 09:45,78,51,27,0,0,0
2023-05-28 10:00,50,36,14,0,0,0
2023-05-28 10:15,45,30,15,0,0,0
2023-05-28 10:30,80,57,23,0,0,0
2023-05-28 10:45,76,46,30,0,0,0
2023-05-28 11:00,103,42,61,0,0,0
2023-05-28 11:15,73,41,32,0,0,0
2023-05-28 11:30,93,43,50,0,0,0
2023-05-28 11:45,95,55,40,0,0,0
2023-05-28 12:00,85,40,45,0,0,0
2023-05-28 12:15,77,33,44,0,0,0
2023-05-28 12:30,87,46,41,0,0,0
2023-05-28 12:45,115,50,65,0,0,0
2023-05-28 13:00,119,60,59,0,0,0
2023-05-28 13:15,97,60,37,0,0,0
2023-05-28 13:30,101,59,42,0,0,0
2023-05-28 13:45,126,80,46,0,0,0
2023-05-28 14:00,120,75,45,0,0,0
2023-05-28 14:15,131,66,65,0,0,0
2023-05-28 14:30,106,60,46,0,0,0
2023-05-28 14:45,145,82,63,0,0,0
2023-05-28 15:00,119,66,53,0,0,0
2023-05-28 15:15,128,69,59,0,0,0
2023-05-28 15:30,133,78,55,0,0,0
2023-05-28 15:45,97,67,30,0,0,0
2023-05-28 16:00,135,94,41,0,0,0
2023-05-28 16:15,116,85,31,0,0,0
2023-05-28 16:30,110,57,53,0,0,0
2023-05-28 16:45,124,69,55,0,0,0
2023-05-28 17:00,114,60,54,0,0,0
2023-05-28 17:15,108,48,60,0,0,0
2023-05-28 17:30,122,64,58,0,0,0
2023-05-28 17:45,144,73,71,0,0,0
2023-05-28 18:00,129,65,64,0,0,0
2023-05-28 18:15,128,64,64,0,0,0
2023-05-28 18:30,113,63,50,0,0,0
2023-05-28 18:45,154,87,67,0,0,0
2023-05-28 19:00,116,61,55,0,0,0
2023-05-28 19:15,106,53,53,0,0,0
2023-05-28 19:30,125,64,61,0,0,0
2023-05-28 19:45,94,46,48,0,0,0
2023-05-28 20:00,97,47,50,0,0,0
2023-05-28 20:15,102,52,50,0,0,0
2023-05-28 20:30,66,26,40,0,0,0
2023-05-28 20:45,79,29,50,0,0,0
2023-05-28 21:00,75,29,46,0,0,0
2023-05-28 21:15,73,23,50,0,0,0
2023-05-28 21:30,63,29,34,0,0,0
2023-05-28 21:45,55,17,38,0,0,0
2023-05-28 22:00,54,26,28,0,0,0
2023-05-28 22:15,69,22,47,0,0,0
2023-05-28 22:30,69,21,48,0,0,0
2023-05-28 22:45,46,18,28,0,0,0
2023-05-28 23:00,40,15,25,0,0,0
2023-05-28 23:15,59,22,37,0,0,0
2023-05-28 23:30,55,18,37,0,0,0
2023-05-28 23:45,28,7,21,0,0,0
2023-05-29 00:00,29,11,18,0,0,0
2023-05-29 00:15,23,4,19,0,0,0
2023-05-29 00:30,39,8,31,0,0,0
2023-05-29 00:45,23,8,15,0,0,0
2023-05-29 01:00,16,3,13,0,0,0
2023-05-29 01:15,24,6,18,0,0,0
2023-05-29 01:30,25,4,21,0,0,0
2023-05-29 01:45,17,12,5,0,0,0
2023-05-29 02:00,19,0,19,0,0,0
2023-05-29 02:15,12,3,9,0,0,0
2023-05-29 02:30,4,0,4,0,0,0
2023-05-29 02:45,8,6,2,0,0,0
2023-05-29 03:00,5,2,3,0,0,0
2023-05-29 03:15,6,1,5,0,0,0
2023-05-29 03:30,9,0,9,0,0,0
2023-05-29 03:45,3,0,3,0,0,0
2023-05-29 04:00,9,1,8,0,0,0
2023-05-29 04:15,6,2,4,0,0,0
2023-05-29 04:30,6,3,3,0,0,0
2023-05-29 04:45,4,1,3,0,0,0
2023-05-29 05:00,2,0,2,0,0,0
2023-05-29 05:15,6,1,5,0,0,0
2023-05-29 05:30,9,3,6,0,0,0
2023-05-29 05:45,13,8,5,0,0,0
2023-05-29 06:00,9,7,2,0,0,0
2023-05-29 06:15,11,3,8,0,0,0
2023-05-29 06:30,14,7,7,0,0,0
2023-05-29 06:45,13,8,5,0,0,0
2023-05-29 07:00,9,5,4,0,0,0
2023-05-29 07:15,11,7,4,0,0,0
2023-05-29 07:30,14,7,7,0,0,0
2023-05-29 07:45,20,17,3,0,0,0
2023-05-29 08:00,9,2,7,0,0,0
2023-05-29 08:15,17,7,10,0,0,0
2023-05-29 08:30,29,18,11,0,0,0
2023-05-29 08:45,29,18,11,0,0,0
2023-05-29 09:00,26,12,14,0,0,0
2023-05-29 09:15,37,21,16,0,0,0
2023-05-29 09:30,49,25,24,0,0,0
2023-05-29 09:45,70,41,29,0,0,0
2023-05-29 10:00,81,46,35,0,0,0
2023-05-29 10:15,56,27,29,0,0,0
2023-05-29 10:30,66,34,32,0,0,0
2023-05-29 10:45,72,44,28,0,0,0
2023-05-29 11:00,95,66,29,0,0,0
2023-05-29 11:15,76,41,35,0,0,0
2023-05-29 11:30,83,53,30,0,0,0
2023-05-29 11:45,82,53,29,0,0,0
2023-05-29 12:00,95,47,48,0,0,0
2023-05-29 12:15,84,37,47,0,0,0
2023-05-29 12:30,95,45,50,0,0,0
2023-05-29 12:45,104,61,43,0,0,0
2023-05-29 13:00,121,41,80,0,0,0
2023-05-29 13:15,95,54,41,0,0,0
2023-05-29 13:30,108,50,58,0,0,0
2023-05-29 13:45,120,62,58,0,0,0
2023-05-29 14:00,116,76,40,0,0,0
2023-05-29 14:15,120,72,48,0,0,0
2023-05-29 14:30,132,67,65,0,0,0
2023-05-29 14:45,143,80,63,0,0,0
2023-05-29 15:00,158,85,73,0,0,0
2023-05-29 15:15,114,54,60,0,0,0
2023-05-29 15:30,118,61,57,0,0,0
2023-05-29 15:45,139,79,60,0,0,0
2023-05-29 16:00,121,62,59,0,0,0
2023-05-29 16:15,98,56,42,0,0,0
2023-05-29 16:30,134,73,61,0,0,0
2023-05-29 16:45,125,60,65,0,0,0
2023-05-29 17:00,117,58,59,0,0,0
2023-05-29 17:15,91,45,46,0,0,0
2023-05-29 17:30,133,74,59,0,0,0
2023-05-29 17:45,128,71,57,0,0,0
2023-05-29 18:00,130,61,69,0,0,0
2023-05-29 18:15,136,64,72,0,0,0
2023-05-29 18:30,127,68,59,0,0,0
2023-05-29 18:45,125,65,60,0,0,0
2023-05-29 19:00,146,64,82,0,0,0
2023-05-29 19:15,121,62,59,0,0,0
2023-05-29 19:30,144,67,77,0,0,0
2023-05-29 19:45,107,51,56,0,0,0
2023-05-29 20:00,115,50,65,0,0,0
2023-05-29 20:15,71,35,36,0,0,0
2023-05-29 20:30,78,32,46,0,0,0
2023-05-29 20:45,82,31,51,0,0,0
2023-05-29 21:00,76,28,48,0,0,0
2023-05-29 21:15,68,19,49,0,0,0
2023-05-29 21:30,74,24,50,0,0,0
2023-05-29 21:45,70,23,47,0,0,0
2023-05-29 22:00,86,33,53,0,0,0
2023-05-29 22:15,69,18,51,0,0,0
2023-05-29 22:30,46,20,26,0,0,0
2023-05-29 22:45,63,16,47,0,0,0
2023-05-29 23:00,33,10,23,0,0,0
2023-05-29 23:15,33,11,22,0,0,0
2023-05-29 23:30,33,9,24,0,0,0
2023-05-29 23:45,29,11,18,0,0,0
2023-05-30 00:00,20,5,15,0,0,0
2023-05-30 00:15,15,4,11,0,0,0
2023-05-30 00:30,8,2,6,0,0,0
2023-05-30 00:45,8,2,6,0,0,0
2023-05-30 01:00,12,2,10,0,0,0
2023-05-30 01:15,16,2,14,0,0,0
2023-05-30 01:30,13,3,10,0,0,0
2023-05-30 01:45,5,2,3,0,0,0
2023-05-30 02:00,11,1,10,0,0,0
2023-05-30 02:15,8,2,6,0,0,0
2023-05-30 02:30,0,0,0,0,0,0
2023-05-30 02:45,0,0,0,0,0,0
2023-05-30 03:00,2,0,2,0,0,0
2023-05-30 03:15,2,2,0,0,0,0
2023-05-30 03:30,0,0,0,0,0,0
2023-05-30 03:45,2,1,1,0,0,0
2023-05-30 04:00,2,1,1,0,0,0
2023-05-30 04:15,3,0,3,0,0,0
2023-05-30 04:30,9,5,4,0,0,0
2023-05-30 04:45,10,7,3,0,0,0
2023-05-30 05:00,14,10,4,0,0,0
2023-05-30 05:15,10,9,1,0,0,0
2023-05-30 05:30,20,18,2,0,0,0
2023-05-30 05:45,22,13,9,0,0,0
2023-05-30 06:00,31,25,6,0,0,0
2023-05-30 06:15,46,33,13,0,0,0
2023-05-30 06:30,55,27,28,0,0,0
2023-05-30 06:45,90,59,31,0,0,0
2023-05-30 07:00,88,56,32,0,0,0
2023-05-30 07:15,105,64,41,0,0,0
2023-05-30 07:30,139,81,58,0,0,0
2023-05-30 07:45,258,133,125,0,0,0
2023-05-30 08:00,237,114,123,0,0,0
2023-05-30 08:15,214,123,91,0,0,0
2023-05-30 08:30,169,96,73,0,0,0
2023-05-30 08:45,217,123,94,0,0,0
2023-05-30 09:00,137,67,70,0,0,0
2023-05-30 09:15,111,65,46,0,0,0
2023-05-30 09:30,119,77,42,0,0,0
2023-05-30 09:45,193,109,84,0,0,0
2023-05-30 10:00,121,74,47,0,0,0
2023-05-30 10:15,128,68,60,0,0,0
2023-05-30 10:30,106,62,44,0,0,0
2023-05-30 10:45,150,92,58,0,0,0
2023-05-30 11:00,120,59,61,0,0,0
2023-05-30 11:15,148,84,64,0,0,0
2023-05-30 11:30,165,90,75,0,0,0
2023-05-30 11:45,161,76,85,0,0,0
2023-05-30 12:00,171,93,78,0,0,0
2023-05-30 12:15,178,84,94,0,0,0
2023-05-30 12:30,178,81,97,0,0,0
2023-05-30 12:45,170,89,81,0,0,0
2023-05-30 13:00,175,85,90,0,0,0
2023-05-30 13:15,170,77,93,0,0,0
2023-05-30 13:30,178,91,87,0,0,0
2023-05-30 13:45,177,80,97,0,0,0
2023-05-30 14:00,175,90,85,0,0,0
2023-05-30 14:15,172,97,75,0,0,0
2023-05-30 14:30,173,94,79,0,0,0
2023-05-30 14:45,234,123,111,0,0,0
2023-05-30 15:00,211,128,83,0,0,0
2023-05-30 15:15,212,114,98,0,0,0
2023-05-30 15:30,218,100,118,0,0,0
2023-05-30 15:45,249,132,117,0,0,0
2023-05-30 16:00,237,115,122,0,0,0
2023-05-30 16:15,272,101,171,0,0,0
2023-05-30 16:30,228,97,131,0,0,0
2023-05-30 16:45,305,157,148,0,0,0
2023-05-30 17:00,263,134,129,0,0,0
2023-05-30 17:15,302,130,172,0,0,0
2023-05-30 17:30,309,145,164,0,0,0
2023-05-30 17:45,303,128,175,0,0,0
2023-05-30 18:00,269,120,149,0,0,0
2023-05-30 18:15,256,101,155,0,0,0
2023-05-30 18:30,234,94,140,0,0,0
2023-05-30 18:45,232,103,129,0,0,0
2023-05-30 19:00,232,104,128,0,0,0
2023-05-30 19:15,210,95,115,0,0,0
2023-05-30 19:30,166,84,82,0,0,0
2023-05-30 19:45,209,106,103,0,0,0
2023-05-30 20:00,142,75,67,0,0,0
2023-05-30 20:15,159,79,80,0,0,0
2023-05-30 20:30,119,43,76,0,0,0
2023-05-30 20:45,125,45,80,0,0,0
2023-05-30 21:00,109,39,70,0,0,0
2023-05-30 21:15,90,41,49,0,0,0
2023-05-30 21:30,106,38,68,0,0,0
2023-05-30 21:45,78,31,47,0,0,0
2023-05-30 22:00,100,36,64,0,0,0
2023-05-30 22:15,89,31,58,0,0,0
2023-05-30 22:30,58,21,37,0,0,0
2023-05-30 22:45,48,18,30,0,0,0
2023-05-30 23:00,44,16,28,0,0,0
2023-05-30 23:15,49,22,27,0,0,0
2023-05-30 23:30,48,17,31,0,0,0
2023-05-30 23:45,21,5,16,0,0,0
