Datetime,100035541 (Neutor),101035541 (Neutor stadteinwÃ¤rts),102035541 (Neutor stadtauswÃ¤rts),100035541-status,101035541-status,102035541-status
2024-12-01 00:00,57,15,42,0,0,0
2024-12-01 00:15,49,17,32,0,0,0
2024-12-01 00:30,63,17,46,0,0,0
2024-12-01 00:45,46,13,33,0,0,0
2024-12-01 01:00,51,22,29,0,0,0
2024-12-01 01:15,67,20,47,0,0,0
2024-12-01 01:30,40,10,30,0,0,0
2024-12-01 01:45,35,11,24,0,0,0
2024-12-01 02:00,19,6,13,0,0,0
2024-12-01 02:15,30,7,23,0,0,0
2024-12-01 02:30,24,2,22,0,0,0
2024-12-01 02:45,24,1,23,0,0,0
2024-12-01 03:00,24,7,17,0,0,0
2024-12-01 03:15,26,8,18,0,0,0
2024-12-01 03:30,21,4,17,0,0,0
2024-12-01 03:45,18,2,16,0,0,0
2024-12-01 04:00,17,2,15,0,0,0
2024-12-01 04:15,19,2,17,0,0,0
2024-12-01 04:30,7,1,6,0,0,0
2024-12-01 04:45,9,0,9,0,0,0
2024-12-01 05:00,19,4,15,0,0,0
2024-12-01 05:15,12,6,6,0,0,0
2024-12-01 05:30,5,0,5,0,0,0
2024-12-01 05:45,9,3,6,0,0,0
2024-12-01 06:00,3,1,2,0,0,0
2024-12-01 06:15,4,1,3,0,0,0
2024-12-01 06:30,9,4,5,0,0,0
2024-12-01 06:45,6,5,1,0,0,0
2024-12-01 07:00,6,4,2,0,0,0
2024-12-01 07:15,3,2,1,0,0,0
2024-12-01 07:30,8,4,4,0,0,0
2024-12-01 07:45,13,6,7,0,0,0
2024-12-01 08:00,9,5,4,0,0,0
2024-12-01 08:15,15,8,7,0,0,0
2024-12-01 08:30,14,8,6,0,0,0
2024-12-01 08:45,34,26,8,0,0,0
2024-12-01 09:00,22,11,11,0,0,0
2024-12-01 09:15,34,23,11,0,0,0
2024-12-01 09:30,45,27,18,0,0,0
2024-12-01 09:45,72,52,20,0,0,0
2024-12-01 10:00,60,44,16,0,0,0
2024-12-01 10:15,81,45,36,0,0,0
2024-12-01 10:30,72,43,29,0,0,0
2024-12-01 10:45,78,44,34,0,0,0
2024-12-01 11:00,69,51,18,0,0,0
2024-12-01 11:15,66,43,23,0,0,0
2024-12-01 11:30,76,49,27,0,0,0
2024-12-01 11:45,83,44,39,0,0,0
2024-12-01 12:00,98,47,51,0,0,0
2024-12-01 12:15,83,43,40,0,0,0
2024-12-01 12:30,103,56,47,0,0,0
2024-12-01 12:45,107,40,67,0,0,0
2024-12-01 13:00,98,52,46,0,0,0
2024-12-01 13:15,123,69,54,0,0,0
2024-12-01 13:30,128,72,56,0,0,0
2024-12-01 13:45,121,68,53,0,0,0
2024-12-01 14:00,124,60,64,0,0,0
2024-12-01 14:15,111,59,52,0,0,0
2024-12-01 14:30,117,57,60,0,0,0
2024-12-01 14:45,144,59,85,0,0,0
2024-12-01 15:00,136,60,76,0,0,0
2024-12-01 15:15,104,56,48,0,0,0
2024-12-01 15:30,131,73,58,0,0,0
2024-12-01 15:45,130,83,47,0,0,0
2024-12-01 16:00,134,59,75,0,0,0
2024-12-01 16:15,136,67,69,0,0,0
2024-12-01 16:30,113,60,53,0,0,0
2024-12-01 16:45,153,71,82,0,0,0
2024-12-01 17:00,108,48,60,0,0,0
2024-12-01 17:15,119,70,49,0,0,0
2024-12-01 17:30,142,70,72,0,0,0
2024-12-01 17:45,132,55,77,0,0,0
2024-12-01 18:00,88,30,58,0,0,0
2024-12-01 18:15,91,41,50,0,0,0
2024-12-01 18:30,106,35,71,0,0,0
2024-12-01 18:45,124,51,73,0,0,0
2024-12-01 19:00,114,34,80,0,0,0
2024-12-01 19:15,116,35,81,0,0,0
2024-12-01 19:30,103,31,72,0,0,0
2024-12-01 19:45,125,52,73,0,0,0
2024-12-01 20:00,123,26,97,0,0,0
2024-12-01 20:15,111,28,83,0,0,0
2024-12-01 20:30,102,18,84,0,0,0
2024-12-01 20:45,55,21,34,0,0,0
2024-12-01 21:00,60,15,45,0,0,0
2024-12-01 21:15,47,8,39,0,0,0
2024-12-01 21:30,43,14,29,0,0,0
2024-12-01 21:45,50,27,23,0,0,0
2024-12-01 22:00,47,9,38,0,0,0
2024-12-01 22:15,39,14,25,0,0,0
2024-12-01 22:30,38,9,29,0,0,0
2024-12-01 22:45,30,12,18,0,0,0
2024-12-01 23:00,28,7,21,0,0,0
2024-12-01 23:15,20,7,13,0,0,0
2024-12-01 23:30,11,4,7,0,0,0
2024-12-01 23:45,18,12,6,0,0,0
2024-12-02 00:00,11,2,9,0,0,0
2024-12-02 00:15,11,3,8,0,0,0
2024-12-02 00:30,11,2,9,0,0,0
2024-12-02 00:45,7,1,6,0,0,0
2024-12-02 01:00,5,2,3,0,0,0
2024-12-02 01:15,3,1,2,0,0,0
2024-12-02 01:30,4,3,1,0,0,0
2024-12-02 01:45,7,5,2,0,0,0
2024-12-02 02:00,3,2,1,0,0,0
2024-12-02 02:15,1,0,1,0,0,0
2024-12-02 02:30,0,0,0,0,0,0
2024-12-02 02:45,3,2,1,0,0,0
2024-12-02 03:00,0,0,0,0,0,0
2024-12-02 03:15,0,0,0,0,0,0
2024-12-02 03:30,0,0,0,0,0,0
2024-12-02 03:45,1,0,1,0,0,0
2024-12-02 04:00,3,3,0,0,0,0
2024-12-02 04:15,4,4,0,0,0,0
2024-12-02 04:30,4,0,4,0,0,0
2024-12-02 04:45,7,5,2,0,0,0
2024-12-02 05:00,5,4,1,0,0,0
2024-12-02 05:15,11,8,3,0,0,0
2024-12-02 05:30,10,5,5,0,0,0
2024-12-02 05:45,20,13,7,0,0,0
2024-12-02 06:00,26,20,6,0,0,0
2024-12-02 06:15,38,22,16,0,0,0
2024-12-02 06:30,62,39,23,0,0,0
2024-12-02 06:45,69,35,34,0,0,0
2024-12-02 07:00,87,59,28,0,0,0
2024-12-02 07:15,129,83,46,0,0,0
2024-12-02 07:30,235,167,68,0,0,0
2024-12-02 07:45,322,194,128,0,0,0
2024-12-02 08:00,355,202,153,0,0,0
2024-12-02 08:15,253,153,100,0,0,0
2024-12-02 08:30,217,126,91,0,0,0
2024-12-02 08:45,210,121,89,0,0,0
2024-12-02 09:00,174,102,72,0,0,0
2024-12-02 09:15,144,82,62,0,0,0
2024-12-02 09:30,148,72,76,0,0,0
2024-12-02 09:45,326,152,174,0,0,0
2024-12-02 10:00,408,243,165,0,0,0
2024-12-02 10:15,131,80,51,0,0,0
2024-12-02 10:30,97,51,46,0,0,0
2024-12-02 10:45,128,63,65,0,0,0
2024-12-02 11:00,137,59,78,0,0,0
2024-12-02 11:15,122,55,67,0,0,0
2024-12-02 11:30,140,57,83,0,0,0
2024-12-02 11:45,326,140,186,0,0,0
2024-12-02 12:00,302,173,129,0,0,0
2024-12-02 12:15,132,46,86,0,0,0
2024-12-02 12:30,120,56,64,0,0,0
2024-12-02 12:45,149,69,80,0,0,0
2024-12-02 13:00,181,64,117,0,0,0
2024-12-02 13:15,181,70,111,0,0,0
2024-12-02 13:30,173,80,93,0,0,0
2024-12-02 13:45,342,173,169,0,0,0
2024-12-02 14:00,318,145,173,0,0,0
2024-12-02 14:15,208,103,105,0,0,0
2024-12-02 14:30,182,91,91,0,0,0
2024-12-02 14:45,205,93,112,0,0,0
2024-12-02 15:00,171,67,104,0,0,0
2024-12-02 15:15,217,111,106,0,0,0
2024-12-02 15:30,254,95,159,0,0,0
2024-12-02 15:45,409,166,243,0,0,0
2024-12-02 16:00,425,230,195,0,0,0
2024-12-02 16:15,216,99,117,0,0,0
2024-12-02 16:30,257,131,126,0,0,0
2024-12-02 16:45,256,116,140,0,0,0
2024-12-02 17:00,265,114,151,0,0,0
2024-12-02 17:15,291,141,150,0,0,0
2024-12-02 17:30,326,168,158,0,0,0
2024-12-02 17:45,433,206,227,0,0,0
2024-12-02 18:00,317,135,182,0,0,0
2024-12-02 18:15,258,126,132,0,0,0
2024-12-02 18:30,214,81,133,0,0,0
2024-12-02 18:45,252,112,140,0,0,0
2024-12-02 19:00,212,100,112,0,0,0
2024-12-02 19:15,211,91,120,0,0,0
2024-12-02 19:30,187,66,121,0,0,0
2024-12-02 19:45,242,77,165,0,0,0
2024-12-02 20:00,213,65,148,0,0,0
2024-12-02 20:15,193,62,131,0,0,0
2024-12-02 20:30,159,41,118,0,0,0
2024-12-02 20:45,122,47,75,0,0,0
2024-12-02 21:00,107,52,55,0,0,0
2024-12-02 21:15,120,38,82,0,0,0
2024-12-02 21:30,93,32,61,0,0,0
2024-12-02 21:45,86,34,52,0,0,0
2024-12-02 22:00,89,28,61,0,0,0
2024-12-02 22:15,83,38,45,0,0,0
2024-12-02 22:30,74,30,44,0,0,0
2024-12-02 22:45,55,17,38,0,0,0
2024-12-02 23:00,56,17,39,0,0,0
2024-12-02 23:15,51,12,39,0,0,0
2024-12-02 23:30,33,7,26,0,0,0
2024-12-02 23:45,36,11,25,0,0,0
2024-12-03 00:00,23,10,13,0,0,0
2024-12-03 00:15,26,4,22,0,0,0
2024-12-03 00:30,14,5,9,0,0,0
2024-12-03 00:45,7,1,6,0,0,0
2024-12-03 01:00,17,3,14,0,0,0
2024-12-03 01:15,10,1,9,0,0,0
2024-12-03 01:30,6,4,2,0,0,0
2024-12-03 01:45,11,6,5,0,0,0
2024-12-03 02:00,7,1,6,0,0,0
2024-12-03 02:15,3,1,2,0,0,0
2024-12-03 02:30,1,0,1,0,0,0
2024-12-03 02:45,3,1,2,0,0,0
2024-12-03 03:00,0,0,0,0,0,0
2024-12-03 03:15,3,2,1,0,0,0
2024-12-03 03:30,0,0,0,0,0,0
2024-12-03 03:45,3,1,2,0,0,0
2024-12-03 04:00,1,1,0,0,0,0
2024-12-03 04:15,2,2,0,0,0,0
2024-12-03 04:30,2,0,2,0,0,0
2024-12-03 04:45,5,4,1,0,0,0
2024-12-03 05:00,6,6,0,0,0,0
2024-12-03 05:15,12,10,2,0,0,0
2024-12-03 05:30,16,10,6,0,0,0
2024-12-03 05:45,27,19,8,0,0,0
2024-12-03 06:00,32,22,10,0,0,0
2024-12-03 06:15,53,36,17,0,0,0
2024-12-03 06:30,66,48,18,0,0,0
2024-12-03 06:45,82,45,37,0,0,0
2024-12-03 07:00,99,56,43,0,0,0
2024-12-03 07:15,135,89,46,0,0,0
2024-12-03 07:30,262,189,73,0,0,0
2024-12-03 07:45,351,209,142,0,0,0
2024-12-03 08:00,364,195,169,0,0,0
2024-12-03 08:15,246,157,89,0,0,0
2024-12-03 08:30,205,136,69,0,0,0
2024-12-03 08:45,262,148,114,0,0,0
2024-12-03 09:00,155,84,71,0,0,0
2024-12-03 09:15,136,74,62,0,0,0
2024-12-03 09:30,161,81,80,0,0,0
2024-12-03 09:45,395,203,192,0,0,0
2024-12-03 10:00,469,284,185,0,0,0
2024-12-03 10:15,157,87,70,0,0,0
2024-12-03 10:30,134,68,66,0,0,0
2024-12-03 10:45,124,67,57,0,0,0
2024-12-03 11:00,176,70,106,0,0,0
2024-12-03 11:15,127,46,81,0,0,0
2024-12-03 11:30,167,89,78,0,0,0
2024-12-03 11:45,366,209,157,0,0,0
2024-12-03 12:00,380,207,173,0,0,0
2024-12-03 12:15,193,92,101,0,0,0
2024-12-03 12:30,173,93,80,0,0,0
2024-12-03 12:45,216,93,123,0,0,0
2024-12-03 13:00,229,83,146,0,0,0
2024-12-03 13:15,199,80,119,0,0,0
2024-12-03 13:30,212,100,112,0,0,0
2024-12-03 13:45,451,219,232,0,0,0
2024-12-03 14:00,371,188,183,0,0,0
2024-12-03 14:15,220,110,110,0,0,0
2024-12-03 14:30,196,99,97,0,0,0
2024-12-03 14:45,241,100,141,0,0,0
2024-12-03 15:00,192,92,100,0,0,0
2024-12-03 15:15,215,117,98,0,0,0
2024-12-03 15:30,239,115,124,0,0,0
2024-12-03 15:45,456,225,231,0,0,0
2024-12-03 16:00,463,249,214,0,0,0
2024-12-03 16:15,289,128,161,0,0,0
2024-12-03 16:30,266,123,143,0,0,0
2024-12-03 16:45,302,162,140,0,0,0
2024-12-03 17:00,270,121,149,0,0,0
2024-12-03 17:15,253,123,130,0,0,0
2024-12-03 17:30,324,157,167,0,0,0
2024-12-03 17:45,540,260,280,0,0,0
2024-12-03 18:00,388,196,192,0,0,0
2024-12-03 18:15,310,143,167,0,0,0
2024-12-03 18:30,254,118,136,0,0,0
2024-12-03 18:45,275,113,162,0,0,0
2024-12-03 19:00,212,83,129,0,0,0
2024-12-03 19:15,223,83,140,0,0,0
2024-12-03 19:30,202,84,118,0,0,0
2024-12-03 19:45,238,97,141,0,0,0
2024-12-03 20:00,213,63,150,0,0,0
2024-12-03 20:15,243,76,167,0,0,0
2024-12-03 20:30,181,50,131,0,0,0
2024-12-03 20:45,114,53,61,0,0,0
2024-12-03 21:00,133,51,82,0,0,0
2024-12-03 21:15,114,42,72,0,0,0
2024-12-03 21:30,96,25,71,0,0,0
2024-12-03 21:45,139,55,84,0,0,0
2024-12-03 22:00,123,43,80,0,0,0
2024-12-03 22:15,114,49,65,0,0,0
2024-12-03 22:30,78,21,57,0,0,0
2024-12-03 22:45,97,31,66,0,0,0
2024-12-03 23:00,122,24,98,0,0,0
2024-12-03 23:15,65,21,44,0,0,0
2024-12-03 23:30,47,10,37,0,0,0
2024-12-03 23:45,36,12,24,0,0,0
2024-12-04 00:00,22,8,14,0,0,0
2024-12-04 00:15,13,3,10,0,0,0
2024-12-04 00:30,21,8,13,0,0,0
2024-12-04 00:45,10,1,9,0,0,0
2024-12-04 01:00,14,2,12,0,0,0
2024-12-04 01:15,8,2,6,0,0,0
2024-12-04 01:30,11,3,8,0,0,0
2024-12-04 01:45,8,2,6,0,0,0
2024-12-04 02:00,10,7,3,0,0,0
2024-12-04 02:15,0,0,0,0,0,0
2024-12-04 02:30,0,0,0,0,0,0
2024-12-04 02:45,2,2,0,0,0,0
2024-12-04 03:00,1,1,0,0,0,0
2024-12-04 03:15,2,1,1,0,0,0
2024-12-04 03:30,0,0,0,0,0,0
2024-12-04 03:45,4,2,2,0,0,0
2024-12-04 04:00,1,1,0,0,0,0
2024-12-04 04:15,4,3,1,0,0,0
2024-12-04 04:30,3,1,2,0,0,0
2024-12-04 04:45,6,5,1,0,0,0
2024-12-04 05:00,7,7,0,0,0,0
2024-12-04 05:15,14,8,6,0,0,0
2024-12-04 05:30,18,13,5,0,0,0
2024-12-04 05:45,18,14,4,0,0,0
2024-12-04 06:00,35,23,12,0,0,0
2024-12-04 06:15,44,34,10,0,0,0
2024-12-04 06:30,71,47,24,0,0,0
2024-12-04 06:45,73,46,27,0,0,0
2024-12-04 07:00,82,56,26,0,0,0
2024-12-04 07:15,141,94,47,0,0,0
2024-12-04 07:30,254,166,88,0,0,0
2024-12-04 07:45,352,199,153,0,0,0
2024-12-04 08:00,401,229,172,0,0,0
2024-12-04 08:15,293,163,130,0,0,0
2024-12-04 08:30,240,142,98,0,0,0
2024-12-04 08:45,254,146,108,0,0,0
2024-12-04 09:00,155,82,73,0,0,0
2024-12-04 09:15,153,77,76,0,0,0
2024-12-04 09:30,157,93,64,0,0,0
2024-12-04 09:45,379,175,204,0,0,0
2024-12-04 10:00,422,246,176,0,0,0
2024-12-04 10:15,166,100,66,0,0,0
2024-12-04 10:30,127,73,54,0,0,0
2024-12-04 10:45,153,83,70,0,0,0
2024-12-04 11:00,128,67,61,0,0,0
2024-12-04 11:15,129,76,53,0,0,0
2024-12-04 11:30,177,89,88,0,0,0
2024-12-04 11:45,366,173,193,0,0,0
2024-12-04 12:00,335,203,132,0,0,0
2024-12-04 12:15,175,80,95,0,0,0
2024-12-04 12:30,180,82,98,0,0,0
2024-12-04 12:45,200,106,94,0,0,0
2024-12-04 13:00,217,109,108,0,0,0
2024-12-04 13:15,176,78,98,0,0,0
2024-12-04 13:30,195,94,101,0,0,0
2024-12-04 13:45,399,211,188,0,0,0
2024-12-04 14:00,326,175,151,0,0,0
2024-12-04 14:15,224,97,127,0,0,0
2024-12-04 14:30,184,78,106,0,0,0
2024-12-04 14:45,211,93,118,0,0,0
2024-12-04 15:00,179,89,90,0,0,0
2024-12-04 15:15,209,82,127,0,0,0
2024-12-04 15:30,275,110,165,0,0,0
2024-12-04 15:45,441,200,241,0,0,0
2024-12-04 16:00,412,219,193,0,0,0
2024-12-04 16:15,266,137,129,0,0,0
2024-12-04 16:30,274,127,147,0,0,0
2024-12-04 16:45,282,133,149,0,0,0
2024-12-04 17:00,282,152,130,0,0,0
2024-12-04 17:15,294,136,158,0,0,0
2024-12-04 17:30,300,127,173,0,0,0
2024-12-04 17:45,468,244,224,0,0,0
2024-12-04 18:00,390,193,197,0,0,0
2024-12-04 18:15,338,176,162,0,0,0
2024-12-04 18:30,266,141,125,0,0,0
2024-12-04 18:45,270,129,141,0,0,0
2024-12-04 19:00,237,93,144,0,0,0
2024-12-04 19:15,241,106,135,0,0,0
2024-12-04 19:30,231,79,152,0,0,0
2024-12-04 19:45,265,116,149,0,0,0
2024-12-04 20:00,205,58,147,0,0,0
2024-12-04 20:15,222,64,158,0,0,0
2024-12-04 20:30,199,72,127,0,0,0
2024-12-04 20:45,139,51,88,0,0,0
2024-12-04 21:00,111,42,69,0,0,0
2024-12-04 21:15,131,48,83,0,0,0
2024-12-04 21:30,106,40,66,0,0,0
2024-12-04 21:45,111,30,81,0,0,0
2024-12-04 22:00,123,39,84,0,0,0
2024-12-04 22:15,126,45,81,0,0,0
2024-12-04 22:30,154,54,100,0,0,0
2024-12-04 22:45,104,32,72,0,0,0
2024-12-04 23:00,81,33,48,0,0,0
2024-12-04 23:15,101,32,69,0,0,0
2024-12-04 23:30,83,21,62,0,0,0
2024-12-04 23:45,75,31,44,0,0,0
2024-12-05 00:00,67,27,40,0,0,0
2024-12-05 00:15,53,11,42,0,0,0
2024-12-05 00:30,25,6,19,0,0,0
2024-12-05 00:45,25,1,24,0,0,0
2024-12-05 01:00,35,6,29,0,0,0
2024-12-05 01:15,29,9,20,0,0,0
2024-12-05 01:30,23,4,19,0,0,0
2024-12-05 01:45,22,11,11,0,0,0
2024-12-05 02:00,23,6,17,0,0,0
2024-12-05 02:15,23,4,19,0,0,0
2024-12-05 02:30,26,1,25,0,0,0
2024-12-05 02:45,17,6,11,0,0,0
2024-12-05 03:00,20,3,17,0,0,0
2024-12-05 03:15,14,1,13,0,0,0
2024-12-05 03:30,19,1,18,0,0,0
2024-12-05 03:45,8,1,7,0,0,0
2024-12-05 04:00,8,2,6,0,0,0
2024-12-05 04:15,14,2,12,0,0,0
2024-12-05 04:30,9,1,8,0,0,0
2024-12-05 04:45,13,10,3,0,0,0
2024-12-05 05:00,5,3,2,0,0,0
2024-12-05 05:15,12,8,4,0,0,0
2024-12-05 05:30,15,12,3,0,0,0
2024-12-05 05:45,25,15,10,0,0,0
2024-12-05 06:00,21,13,8,0,0,0
2024-12-05 06:15,48,35,13,0,0,0
2024-12-05 06:30,71,44,27,0,0,0
2024-12-05 06:45,56,33,23,0,0,0
2024-12-05 07:00,74,41,33,0,0,0
2024-12-05 07:15,128,82,46,0,0,0
2024-12-05 07:30,266,176,90,0,0,0
2024-12-05 07:45,360,203,157,0,0,0
2024-12-05 08:00,366,188,178,0,0,0
2024-12-05 08:15,284,153,131,0,0,0
2024-12-05 08:30,204,121,83,0,0,0
2024-12-05 08:45,218,110,108,0,0,0
2024-12-05 09:00,175,95,80,0,0,0
2024-12-05 09:15,144,77,67,0,0,0
2024-12-05 09:30,162,87,75,0,0,0
2024-12-05 09:45,361,169,192,0,0,0
2024-12-05 10:00,404,252,152,0,0,0
2024-12-05 10:15,153,84,69,0,0,0
2024-12-05 10:30,109,57,52,0,0,0
2024-12-05 10:45,134,72,62,0,0,0
2024-12-05 11:00,145,44,101,0,0,0
2024-12-05 11:15,128,62,66,0,0,0
2024-12-05 11:30,137,58,79,0,0,0
2024-12-05 11:45,345,145,200,0,0,0
2024-12-05 12:00,278,142,136,0,0,0
2024-12-05 12:15,179,91,88,0,0,0
2024-12-05 12:30,157,85,72,0,0,0
2024-12-05 12:45,181,89,92,0,0,0
2024-12-05 13:00,180,80,100,0,0,0
2024-12-05 13:15,138,57,81,0,0,0
2024-12-05 13:30,163,63,100,0,0,0
2024-12-05 13:45,296,140,156,0,0,0
2024-12-05 14:00,282,152,130,0,0,0
2024-12-05 14:15,194,94,100,0,0,0
2024-12-05 14:30,141,55,86,0,0,0
2024-12-05 14:45,150,64,86,0,0,0
2024-12-05 15:00,144,70,74,0,0,0
2024-12-05 15:15,189,91,98,0,0,0
2024-12-05 15:30,249,86,163,0,0,0
2024-12-05 15:45,351,169,182,0,0,0
2024-12-05 16:00,300,158,142,0,0,0
2024-12-05 16:15,225,102,123,0,0,0
2024-12-05 16:30,247,110,137,0,0,0
2024-12-05 16:45,267,145,122,0,0,0
2024-12-05 17:00,237,127,110,0,0,0
2024-12-05 17:15,253,131,122,0,0,0
2024-12-05 17:30,253,130,123,0,0,0
2024-12-05 17:45,341,184,157,0,0,0
2024-12-05 18:00,284,124,160,0,0,0
2024-12-05 18:15,243,121,122,0,0,0
2024-12-05 18:30,199,85,114,0,0,0
2024-12-05 18:45,173,93,80,0,0,0
2024-12-05 19:00,183,80,103,0,0,0
2024-12-05 19:15,179,79,100,0,0,0
2024-12-05 19:30,168,61,107,0,0,0
2024-12-05 19:45,229,94,135,0,0,0
2024-12-05 20:00,185,61,124,0,0,0
2024-12-05 20:15,157,52,105,0,0,0
2024-12-05 20:30,119,41,78,0,0,0
2024-12-05 20:45,99,37,62,0,0,0
2024-12-05 21:00,76,26,50,0,0,0
2024-12-05 21:15,85,32,53,0,0,0
2024-12-05 21:30,76,11,65,0,0,0
2024-12-05 21:45,112,32,80,0,0,0
2024-12-05 22:00,87,35,52,0,0,0
2024-12-05 22:15,99,55,44,0,0,0
2024-12-05 22:30,63,14,49,0,0,0
2024-12-05 22:45,82,31,51,0,0,0
2024-12-05 23:00,65,24,41,0,0,0
2024-12-05 23:15,44,7,37,0,0,0
2024-12-05 23:30,37,8,29,0,0,0
2024-12-05 23:45,44,10,34,0,0,0
2024-12-06 00:00,32,7,25,0,0,0
2024-12-06 00:15,28,9,19,0,0,0
2024-12-06 00:30,19,4,15,0,0,0
2024-12-06 00:45,15,3,12,0,0,0
2024-12-06 01:00,10,2,8,0,0,0
2024-12-06 01:15,21,1,20,0,0,0
2024-12-06 01:30,7,3,4,0,0,0
2024-12-06 01:45,13,2,11,0,0,0
2024-12-06 02:00,12,6,6,0,0,0
2024-12-06 02:15,3,0,3,0,0,0
2024-12-06 02:30,0,0,0,0,0,0
2024-12-06 02:45,5,2,3,0,0,0
2024-12-06 03:00,2,1,1,0,0,0
2024-12-06 03:15,2,0,2,0,0,0
2024-12-06 03:30,1,1,0,0,0,0
2024-12-06 03:45,4,1,3,0,0,0
2024-12-06 04:00,1,0,1,0,0,0
2024-12-06 04:15,7,4,3,0,0,0
2024-12-06 04:30,5,3,2,0,0,0
2024-12-06 04:45,7,5,2,0,0,0
2024-12-06 05:00,5,5,0,0,0,0
2024-12-06 05:15,6,5,1,0,0,0
2024-12-06 05:30,15,12,3,0,0,0
2024-12-06 05:45,22,13,9,0,0,0
2024-12-06 06:00,20,10,10,0,0,0
2024-12-06 06:15,26,15,11,0,0,0
2024-12-06 06:30,41,28,13,0,0,0
2024-12-06 06:45,60,36,24,0,0,0
2024-12-06 07:00,69,32,37,0,0,0
2024-12-06 07:15,100,64,36,0,0,0
2024-12-06 07:30,194,145,49,0,0,0
2024-12-06 07:45,283,148,135,0,0,0
2024-12-06 08:00,225,118,107,0,0,0
2024-12-06 08:15,176,93,83,0,0,0
2024-12-06 08:30,112,58,54,0,0,0
2024-12-06 08:45,157,87,70,0,0,0
2024-12-06 09:00,132,67,65,0,0,0
2024-12-06 09:15,93,45,48,0,0,0
2024-12-06 09:30,89,52,37,0,0,0
2024-12-06 09:45,204,99,105,0,0,0
2024-12-06 10:00,233,151,82,0,0,0
2024-12-06 10:15,74,45,29,0,0,0
2024-12-06 10:30,70,41,29,0,0,0
2024-12-06 10:45,73,33,40,0,0,0
2024-12-06 11:00,80,35,45,0,0,0
2024-12-06 11:15,84,44,40,0,0,0
2024-12-06 11:30,85,30,55,0,0,0
2024-12-06 11:45,197,83,114,0,0,0
2024-12-06 12:00,158,93,65,0,0,0
2024-12-06 12:15,119,49,70,0,0,0
2024-12-06 12:30,122,60,62,0,0,0
2024-12-06 12:45,126,78,48,0,0,0
2024-12-06 13:00,145,53,92,0,0,0
2024-12-06 13:15,148,53,95,0,0,0
2024-12-06 13:30,132,63,69,0,0,0
2024-12-06 13:45,140,66,74,0,0,0
2024-12-06 14:00,177,66,111,0,0,0
2024-12-06 14:15,125,63,62,0,0,0
2024-12-06 14:30,133,63,70,0,0,0
2024-12-06 14:45,144,63,81,0,0,0
2024-12-06 15:00,109,48,61,0,0,0
2024-12-06 15:15,128,67,61,0,0,0
2024-12-06 15:30,131,67,64,0,0,0
2024-12-06 15:45,160,102,58,0,0,0
2024-12-06 16:00,163,94,69,0,0,0
2024-12-06 16:15,161,90,71,0,0,0
2024-12-06 16:30,154,83,71,0,0,0
2024-12-06 16:45,166,85,81,0,0,0
2024-12-06 17:00,139,59,80,0,0,0
2024-12-06 17:15,155,77,78,0,0,0
2024-12-06 17:30,145,69,76,0,0,0
2024-12-06 17:45,214,119,95,0,0,0
2024-12-06 18:00,147,73,74,0,0,0
2024-12-06 18:15,144,78,66,0,0,0
2024-12-06 18:30,152,77,75,0,0,0
2024-12-06 18:45,170,105,65,0,0,0
2024-12-06 19:00,150,74,76,0,0,0
2024-12-06 19:15,155,90,65,0,0,0
2024-12-06 19:30,135,63,72,0,0,0
2024-12-06 19:45,100,47,53,0,0,0
2024-12-06 20:00,107,42,65,0,0,0
2024-12-06 20:15,111,58,53,0,0,0
2024-12-06 20:30,96,43,53,0,0,0
2024-12-06 20:45,104,32,72,0,0,0
2024-12-06 21:00,116,31,85,0,0,0
2024-12-06 21:15,129,55,74,0,0,0
2024-12-06 21:30,91,32,59,0,0,0
2024-12-06 21:45,95,30,65,0,0,0
2024-12-06 22:00,84,27,57,0,0,0
2024-12-06 22:15,78,31,47,0,0,0
2024-12-06 22:30,77,28,49,0,0,0
2024-12-06 22:45,87,22,65,0,0,0
2024-12-06 23:00,90,13,77,0,0,0
2024-12-06 23:15,63,17,46,0,0,0
2024-12-06 23:30,80,19,61,0,0,0
2024-12-06 23:45,52,13,39,0,0,0
2024-12-07 00:00,74,20,54,0,0,0
2024-12-07 00:15,58,22,36,0,0,0
2024-12-07 00:30,58,26,32,0,0,0
2024-12-07 00:45,65,21,44,0,0,0
2024-12-07 01:00,36,17,19,0,0,0
2024-12-07 01:15,43,14,29,0,0,0
2024-12-07 01:30,26,8,18,0,0,0
2024-12-07 01:45,49,15,34,0,0,0
2024-12-07 02:00,41,16,25,0,0,0
2024-12-07 02:15,40,19,21,0,0,0
2024-12-07 02:30,48,30,18,0,0,0
2024-12-07 02:45,45,20,25,0,0,0
2024-12-07 03:00,40,21,19,0,0,0
2024-12-07 03:15,43,23,20,0,0,0
2024-12-07 03:30,27,15,12,0,0,0
2024-12-07 03:45,28,16,12,0,0,0
2024-12-07 04:00,25,9,16,0,0,0
2024-12-07 04:15,14,7,7,0,0,0
2024-12-07 04:30,21,6,15,0,0,0
2024-12-07 04:45,6,4,2,0,0,0
2024-12-07 05:00,9,4,5,0,0,0
2024-12-07 05:15,12,5,7,0,0,0
2024-12-07 05:30,17,7,10,0,0,0
2024-12-07 05:45,14,5,9,0,0,0
2024-12-07 06:00,7,4,3,0,0,0
2024-12-07 06:15,13,5,8,0,0,0
2024-12-07 06:30,14,8,6,0,0,0
2024-12-07 06:45,12,4,8,0,0,0
2024-12-07 07:00,10,5,5,0,0,0
2024-12-07 07:15,13,8,5,0,0,0
2024-12-07 07:30,28,22,6,0,0,0
2024-12-07 07:45,22,16,6,0,0,0
2024-12-07 08:00,24,18,6,0,0,0
2024-12-07 08:15,26,17,9,0,0,0
2024-12-07 08:30,38,25,13,0,0,0
2024-12-07 08:45,55,42,13,0,0,0
2024-12-07 09:00,39,26,13,0,0,0
2024-12-07 09:15,51,33,18,0,0,0
2024-12-07 09:30,71,50,21,0,0,0
2024-12-07 09:45,90,73,17,0,0,0
2024-12-07 10:00,77,50,27,0,0,0
2024-12-07 10:15,96,75,21,0,0,0
2024-12-07 10:30,97,63,34,0,0,0
2024-12-07 10:45,89,68,21,0,0,0
2024-12-07 11:00,98,66,32,0,0,0
2024-12-07 11:15,88,46,42,0,0,0
2024-12-07 11:30,101,65,36,0,0,0
2024-12-07 11:45,123,81,42,0,0,0
2024-12-07 12:00,104,64,40,0,0,0
2024-12-07 12:15,111,71,40,0,0,0
2024-12-07 12:30,113,58,55,0,0,0
2024-12-07 12:45,126,73,53,0,0,0
2024-12-07 13:00,112,64,48,0,0,0
2024-12-07 13:15,137,69,68,0,0,0
2024-12-07 13:30,119,74,45,0,0,0
2024-12-07 13:45,125,60,65,0,0,0
2024-12-07 14:00,118,55,63,0,0,0
2024-12-07 14:15,127,63,64,0,0,0
2024-12-07 14:30,146,76,70,0,0,0
2024-12-07 14:45,144,76,68,0,0,0
2024-12-07 15:00,135,67,68,0,0,0
2024-12-07 15:15,149,76,73,0,0,0
2024-12-07 15:30,144,79,65,0,0,0
2024-12-07 15:45,154,73,81,0,0,0
2024-12-07 16:00,138,70,68,0,0,0
2024-12-07 16:15,160,91,69,0,0,0
2024-12-07 16:30,162,71,91,0,0,0
2024-12-07 16:45,148,77,71,0,0,0
2024-12-07 17:00,120,51,69,0,0,0
2024-12-07 17:15,156,62,94,0,0,0
2024-12-07 17:30,143,78,65,0,0,0
2024-12-07 17:45,165,80,85,0,0,0
2024-12-07 18:00,126,67,59,0,0,0
2024-12-07 18:15,147,78,69,0,0,0
2024-12-07 18:30,145,58,87,0,0,0
2024-12-07 18:45,150,70,80,0,0,0
2024-12-07 19:00,150,75,75,0,0,0
2024-12-07 19:15,142,83,59,0,0,0
2024-12-07 19:30,127,71,56,0,0,0
2024-12-07 19:45,116,45,71,0,0,0
2024-12-07 20:00,108,54,54,0,0,0
2024-12-07 20:15,96,44,52,0,0,0
2024-12-07 20:30,119,48,71,0,0,0
2024-12-07 20:45,91,35,56,0,0,0
2024-12-07 21:00,99,29,70,0,0,0
2024-12-07 21:15,93,25,68,0,0,0
2024-12-07 21:30,85,21,64,0,0,0
2024-12-07 21:45,72,22,50,0,0,0
2024-12-07 22:00,68,23,45,0,0,0
2024-12-07 22:15,58,15,43,0,0,0
2024-12-07 22:30,51,14,37,0,0,0
2024-12-07 22:45,99,28,71,0,0,0
2024-12-07 23:00,90,27,63,0,0,0
2024-12-07 23:15,65,22,43,0,0,0
2024-12-07 23:30,57,18,39,0,0,0
2024-12-07 23:45,55,24,31,0,0,0
2024-12-08 00:00,50,13,37,0,0,0
2024-12-08 00:15,70,27,43,0,0,0
2024-12-08 00:30,58,14,44,0,0,0
2024-12-08 00:45,38,9,29,0,0,0
2024-12-08 01:00,58,20,38,0,0,0
2024-12-08 01:15,63,18,45,0,0,0
2024-12-08 01:30,38,10,28,0,0,0
2024-12-08 01:45,48,13,35,0,0,0
2024-12-08 02:00,30,11,19,0,0,0
2024-12-08 02:15,31,8,23,0,0,0
2024-12-08 02:30,24,4,20,0,0,0
2024-12-08 02:45,21,3,18,0,0,0
2024-12-08 03:00,23,7,16,0,0,0
2024-12-08 03:15,29,7,22,0,0,0
2024-12-08 03:30,29,6,23,0,0,0
2024-12-08 03:45,19,2,17,0,0,0
2024-12-08 04:00,15,4,11,0,0,0
2024-12-08 04:15,13,4,9,0,0,0
2024-12-08 04:30,8,1,7,0,0,0
2024-12-08 04:45,9,5,4,0,0,0
2024-12-08 05:00,11,2,9,0,0,0
2024-12-08 05:15,10,2,8,0,0,0
2024-12-08 05:30,20,4,16,0,0,0
2024-12-08 05:45,10,5,5,0,0,0
2024-12-08 06:00,8,1,7,0,0,0
2024-12-08 06:15,7,1,6,0,0,0
2024-12-08 06:30,10,2,8,0,0,0
2024-12-08 06:45,11,3,8,0,0,0
2024-12-08 07:00,9,3,6,0,0,0
2024-12-08 07:15,11,4,7,0,0,0
2024-12-08 07:30,8,6,2,0,0,0
2024-12-08 07:45,8,5,3,0,0,0
2024-12-08 08:00,9,6,3,0,0,0
2024-12-08 08:15,12,6,6,0,0,0
2024-12-08 08:30,18,11,7,0,0,0
2024-12-08 08:45,26,16,10,0,0,0
2024-12-08 09:00,18,10,8,0,0,0
2024-12-08 09:15,34,21,13,0,0,0
2024-12-08 09:30,33,24,9,0,0,0
2024-12-08 09:45,61,40,21,0,0,0
2024-12-08 10:00,69,45,24,0,0,0
2024-12-08 10:15,46,24,22,0,0,0
2024-12-08 10:30,46,25,21,0,0,0
2024-12-08 10:45,63,44,19,0,0,0
2024-12-08 11:00,62,52,10,0,0,0
2024-12-08 11:15,78,50,28,0,0,0
2024-12-08 11:30,53,32,21,0,0,0
2024-12-08 11:45,64,36,28,0,0,0
2024-12-08 12:00,71,41,30,0,0,0
2024-12-08 12:15,84,43,41,0,0,0
2024-12-08 12:30,80,50,30,0,0,0
2024-12-08 12:45,82,50,32,0,0,0
2024-12-08 13:00,83,45,38,0,0,0
2024-12-08 13:15,106,67,39,0,0,0
2024-12-08 13:30,87,51,36,0,0,0
2024-12-08 13:45,117,77,40,0,0,0
2024-12-08 14:00,108,56,52,0,0,0
2024-12-08 14:15,105,68,37,0,0,0
2024-12-08 14:30,116,63,53,0,0,0
2024-12-08 14:45,135,73,62,0,0,0
2024-12-08 15:00,116,61,55,0,0,0
2024-12-08 15:15,131,81,50,0,0,0
2024-12-08 15:30,101,62,39,0,0,0
2024-12-08 15:45,143,86,57,0,0,0
2024-12-08 16:00,175,116,59,0,0,0
2024-12-08 16:15,191,144,47,0,0,0
2024-12-08 16:30,141,74,67,0,0,0
2024-12-08 16:45,125,70,55,0,0,0
2024-12-08 17:00,130,63,67,0,0,0
2024-12-08 17:15,125,48,77,0,0,0
2024-12-08 17:30,147,51,96,0,0,0
2024-12-08 17:45,258,63,195,0,0,0
2024-12-08 18:00,153,46,107,0,0,0
2024-12-08 18:15,125,31,94,0,0,0
2024-12-08 18:30,110,43,67,0,0,0
2024-12-08 18:45,175,58,117,0,0,0
2024-12-08 19:00,107,29,78,0,0,0
2024-12-08 19:15,94,31,63,0,0,0
2024-12-08 19:30,104,26,78,0,0,0
2024-12-08 19:45,139,26,113,0,0,0
2024-12-08 20:00,79,22,57,0,0,0
2024-12-08 20:15,124,33,91,0,0,0
2024-12-08 20:30,83,28,55,0,0,0
2024-12-08 20:45,58,14,44,0,0,0
2024-12-08 21:00,75,24,51,0,0,0
2024-12-08 21:15,52,24,28,0,0,0
2024-12-08 21:30,43,8,35,0,0,0
2024-12-08 21:45,54,13,41,0,0,0
2024-12-08 22:00,47,20,27,0,0,0
2024-12-08 22:15,50,19,31,0,0,0
2024-12-08 22:30,28,2,26,0,0,0
2024-12-08 22:45,31,6,25,0,0,0
2024-12-08 23:00,25,8,17,0,0,0
2024-12-08 23:15,21,6,15,0,0,0
2024-12-08 23:30,33,10,23,0,0,0
2024-12-08 23:45,12,1,11,0,0,0
2024-12-09 00:00,13,3,10,0,0,0
2024-12-09 00:15,12,2,10,0,0,0
2024-12-09 00:30,7,6,1,0,0,0
2024-12-09 00:45,4,2,2,0,0,0
2024-12-09 01:00,4,0,4,0,0,0
2024-12-09 01:15,2,2,0,0,0,0
2024-12-09 01:30,7,2,5,0,0,0
2024-12-09 01:45,1,1,0,0,0,0
2024-12-09 02:00,0,0,0,0,0,0
2024-12-09 02:15,1,0,1,0,0,0
2024-12-09 02:30,1,0,1,0,0,0
2024-12-09 02:45,4,4,0,0,0,0
2024-12-09 03:00,0,0,0,0,0,0
2024-12-09 03:15,1,1,0,0,0,0
2024-12-09 03:30,1,0,1,0,0,0
2024-12-09 03:45,6,4,2,0,0,0
2024-12-09 04:00,1,0,1,0,0,0
2024-12-09 04:15,2,2,0,0,0,0
2024-12-09 04:30,4,0,4,0,0,0
2024-12-09 04:45,5,4,1,0,0,0
2024-12-09 05:00,2,2,0,0,0,0
2024-12-09 05:15,12,11,1,0,0,0
2024-12-09 05:30,9,7,2,0,0,0
2024-12-09 05:45,21,11,10,0,0,0
2024-12-09 06:00,29,23,6,0,0,0
2024-12-09 06:15,40,30,10,0,0,0
2024-12-09 06:30,51,27,24,0,0,0
2024-12-09 06:45,61,40,21,0,0,0
2024-12-09 07:00,90,52,38,0,0,0
2024-12-09 07:15,133,96,37,0,0,0
2024-12-09 07:30,257,177,80,0,0,0
2024-12-09 07:45,335,191,144,0,0,0
2024-12-09 08:00,323,192,131,0,0,0
2024-12-09 08:15,269,154,115,0,0,0
2024-12-09 08:30,188,106,82,0,0,0
2024-12-09 08:45,210,117,93,0,0,0
2024-12-09 09:00,158,101,57,0,0,0
2024-12-09 09:15,148,75,73,0,0,0
2024-12-09 09:30,125,68,57,0,0,0
2024-12-09 09:45,309,138,171,0,0,0
2024-12-09 10:00,332,218,114,0,0,0
2024-12-09 10:15,116,64,52,0,0,0
2024-12-09 10:30,76,44,32,0,0,0
2024-12-09 10:45,120,68,52,0,0,0
2024-12-09 11:00,122,57,65,0,0,0
2024-12-09 11:15,98,56,42,0,0,0
2024-12-09 11:30,126,63,63,0,0,0
2024-12-09 11:45,285,115,170,0,0,0
2024-12-09 12:00,277,146,131,0,0,0
2024-12-09 12:15,160,75,85,0,0,0
2024-12-09 12:30,134,53,81,0,0,0
2024-12-09 12:45,155,83,72,0,0,0
2024-12-09 13:00,203,101,102,0,0,0
2024-12-09 13:15,167,80,87,0,0,0
2024-12-09 13:30,181,92,89,0,0,0
2024-12-09 13:45,330,151,179,0,0,0
2024-12-09 14:00,328,163,165,0,0,0
2024-12-09 14:15,194,94,100,0,0,0
2024-12-09 14:30,152,70,82,0,0,0
2024-12-09 14:45,203,102,101,0,0,0
2024-12-09 15:00,187,73,114,0,0,0
2024-12-09 15:15,210,106,104,0,0,0
2024-12-09 15:30,284,114,170,0,0,0
2024-12-09 15:45,426,186,240,0,0,0
2024-12-09 16:00,365,198,167,0,0,0
2024-12-09 16:15,273,134,139,0,0,0
2024-12-09 16:30,211,93,118,0,0,0
2024-12-09 16:45,268,125,143,0,0,0
2024-12-09 17:00,239,109,130,0,0,0
2024-12-09 17:15,261,118,143,0,0,0
2024-12-09 17:30,294,161,133,0,0,0
2024-12-09 17:45,408,199,209,0,0,0
2024-12-09 18:00,345,192,153,0,0,0
2024-12-09 18:15,267,139,128,0,0,0
2024-12-09 18:30,211,99,112,0,0,0
2024-12-09 18:45,252,114,138,0,0,0
2024-12-09 19:00,219,94,125,0,0,0
2024-12-09 19:15,232,126,106,0,0,0
2024-12-09 19:30,186,81,105,0,0,0
2024-12-09 19:45,269,65,204,0,0,0
2024-12-09 20:00,190,55,135,0,0,0
2024-12-09 20:15,170,47,123,0,0,0
2024-12-09 20:30,139,46,93,0,0,0
2024-12-09 20:45,107,32,75,0,0,0
2024-12-09 21:00,103,33,70,0,0,0
2024-12-09 21:15,118,45,73,0,0,0
2024-12-09 21:30,85,30,55,0,0,0
2024-12-09 21:45,80,25,55,0,0,0
2024-12-09 22:00,96,38,58,0,0,0
2024-12-09 22:15,114,54,60,0,0,0
2024-12-09 22:30,75,25,50,0,0,0
2024-12-09 22:45,72,19,53,0,0,0
2024-12-09 23:00,46,10,36,0,0,0
2024-12-09 23:15,33,10,23,0,0,0
2024-12-09 23:30,39,6,33,0,0,0
2024-12-09 23:45,31,11,20,0,0,0
2024-12-10 00:00,23,11,12,0,0,0
2024-12-10 00:15,17,8,9,0,0,0
2024-12-10 00:30,13,6,7,0,0,0
2024-12-10 00:45,12,5,7,0,0,0
2024-12-10 01:00,15,4,11,0,0,0
2024-12-10 01:15,6,6,0,0,0,0
2024-12-10 01:30,7,1,6,0,0,0
2024-12-10 01:45,6,2,4,0,0,0
2024-12-10 02:00,11,6,5,0,0,0
2024-12-10 02:15,2,0,2,0,0,0
2024-12-10 02:30,4,2,2,0,0,0
2024-12-10 02:45,2,0,2,0,0,0
2024-12-10 03:00,2,1,1,0,0,0
2024-12-10 03:15,2,0,2,0,0,0
2024-12-10 03:30,1,1,0,0,0,0
2024-12-10 03:45,2,0,2,0,0,0
2024-12-10 04:00,1,1,0,0,0,0
2024-12-10 04:15,3,2,1,0,0,0
2024-12-10 04:30,2,0,2,0,0,0
2024-12-10 04:45,6,5,1,0,0,0
2024-12-10 05:00,5,5,0,0,0,0
2024-12-10 05:15,10,9,1,0,0,0
2024-12-10 05:30,14,10,4,0,0,0
2024-12-10 05:45,23,17,6,0,0,0
2024-12-10 06:00,26,18,8,0,0,0
2024-12-10 06:15,37,27,10,0,0,0
2024-12-10 06:30,75,45,30,0,0,0
2024-12-10 06:45,73,48,25,0,0,0
2024-12-10 07:00,106,67,39,0,0,0
2024-12-10 07:15,131,89,42,0,0,0
2024-12-10 07:30,251,176,75,0,0,0
2024-12-10 07:45,381,200,181,0,0,0
2024-12-10 08:00,367,202,165,0,0,0
2024-12-10 08:15,283,180,103,0,0,0
2024-12-10 08:30,207,134,73,0,0,0
2024-12-10 08:45,255,139,116,0,0,0
2024-12-10 09:00,174,97,77,0,0,0
2024-12-10 09:15,143,80,63,0,0,0
2024-12-10 09:30,153,86,67,0,0,0
2024-12-10 09:45,376,183,193,0,0,0
2024-12-10 10:00,432,277,155,0,0,0
2024-12-10 10:15,144,85,59,0,0,0
2024-12-10 10:30,139,85,54,0,0,0
2024-12-10 10:45,114,66,48,0,0,0
2024-12-10 11:00,142,63,79,0,0,0
2024-12-10 11:15,113,59,54,0,0,0
2024-12-10 11:30,138,67,71,0,0,0
2024-12-10 11:45,419,192,227,0,0,0
2024-12-10 12:00,375,227,148,0,0,0
2024-12-10 12:15,206,115,91,0,0,0
2024-12-10 12:30,205,114,91,0,0,0
2024-12-10 12:45,225,134,91,0,0,0
2024-12-10 13:00,242,115,127,0,0,0
2024-12-10 13:15,196,86,110,0,0,0
2024-12-10 13:30,215,93,122,0,0,0
2024-12-10 13:45,374,187,187,0,0,0
2024-12-10 14:00,369,187,182,0,0,0
2024-12-10 14:15,220,103,117,0,0,0
2024-12-10 14:30,185,76,109,0,0,0
2024-12-10 14:45,194,101,93,0,0,0
2024-12-10 15:00,188,92,96,0,0,0
2024-12-10 15:15,227,116,111,0,0,0
2024-12-10 15:30,222,98,124,0,0,0
2024-12-10 15:45,430,240,190,0,0,0
2024-12-10 16:00,384,203,181,0,0,0
2024-12-10 16:15,305,163,142,0,0,0
2024-12-10 16:30,266,114,152,0,0,0
2024-12-10 16:45,339,147,192,0,0,0
2024-12-10 17:00,301,146,155,0,0,0
2024-12-10 17:15,313,137,176,0,0,0
2024-12-10 17:30,327,131,196,0,0,0
2024-12-10 17:45,486,234,252,0,0,0
2024-12-10 18:00,399,180,219,0,0,0
2024-12-10 18:15,303,136,167,0,0,0
2024-12-10 18:30,230,107,123,0,0,0
2024-12-10 18:45,280,118,162,0,0,0
2024-12-10 19:00,203,90,113,0,0,0
2024-12-10 19:15,217,95,122,0,0,0
2024-12-10 19:30,262,101,161,0,0,0
2024-12-10 19:45,235,86,149,0,0,0
2024-12-10 20:00,236,77,159,0,0,0
2024-12-10 20:15,216,59,157,0,0,0
2024-12-10 20:30,152,62,90,0,0,0
2024-12-10 20:45,125,56,69,0,0,0
2024-12-10 21:00,114,46,68,0,0,0
2024-12-10 21:15,108,38,70,0,0,0
2024-12-10 21:30,118,32,86,0,0,0
2024-12-10 21:45,116,38,78,0,0,0
2024-12-10 22:00,120,45,75,0,0,0
2024-12-10 22:15,98,29,69,0,0,0
2024-12-10 22:30,83,27,56,0,0,0
2024-12-10 22:45,82,24,58,0,0,0
2024-12-10 23:00,70,26,44,0,0,0
2024-12-10 23:15,104,48,56,0,0,0
2024-12-10 23:30,44,15,29,0,0,0
2024-12-10 23:45,42,9,33,0,0,0
2024-12-11 00:00,25,8,17,0,0,0
2024-12-11 00:15,23,3,20,0,0,0
2024-12-11 00:30,38,12,26,0,0,0
2024-12-11 00:45,24,6,18,0,0,0
2024-12-11 01:00,25,8,17,0,0,0
2024-12-11 01:15,9,5,4,0,0,0
2024-12-11 01:30,9,1,8,0,0,0
2024-12-11 01:45,7,4,3,0,0,0
2024-12-11 02:00,3,1,2,0,0,0
2024-12-11 02:15,3,2,1,0,0,0
2024-12-11 02:30,2,1,1,0,0,0
2024-12-11 02:45,2,1,1,0,0,0
2024-12-11 03:00,4,2,2,0,0,0
2024-12-11 03:15,5,2,3,0,0,0
2024-12-11 03:30,1,1,0,0,0,0
2024-12-11 03:45,4,3,1,0,0,0
2024-12-11 04:00,1,0,1,0,0,0
2024-12-11 04:15,6,3,3,0,0,0
2024-12-11 04:30,4,1,3,0,0,0
2024-12-11 04:45,7,5,2,0,0,0
2024-12-11 05:00,11,11,0,0,0,0
2024-12-11 05:15,13,9,4,0,0,0
2024-12-11 05:30,10,8,2,0,0,0
2024-12-11 05:45,19,12,7,0,0,0
2024-12-11 06:00,38,27,11,0,0,0
2024-12-11 06:15,38,29,9,0,0,0
2024-12-11 06:30,69,38,31,0,0,0
2024-12-11 06:45,64,40,24,0,0,0
2024-12-11 07:00,80,50,30,0,0,0
2024-12-11 07:15,141,93,48,0,0,0
2024-12-11 07:30,267,176,91,0,0,0
2024-12-11 07:45,365,204,161,0,0,0
2024-12-11 08:00,402,226,176,0,0,0
2024-12-11 08:15,301,179,122,0,0,0
2024-12-11 08:30,231,140,91,0,0,0
2024-12-11 08:45,248,136,112,0,0,0
2024-12-11 09:00,175,109,66,0,0,0
2024-12-11 09:15,179,113,66,0,0,0
2024-12-11 09:30,176,95,81,0,0,0
2024-12-11 09:45,358,169,189,0,0,0
2024-12-11 10:00,400,231,169,0,0,0
2024-12-11 10:15,163,90,73,0,0,0
2024-12-11 10:30,124,72,52,0,0,0
2024-12-11 10:45,120,69,51,0,0,0
2024-12-11 11:00,121,61,60,0,0,0
2024-12-11 11:15,125,76,49,0,0,0
2024-12-11 11:30,169,91,78,0,0,0
2024-12-11 11:45,397,201,196,0,0,0
2024-12-11 12:00,303,156,147,0,0,0
2024-12-11 12:15,196,100,96,0,0,0
2024-12-11 12:30,181,92,89,0,0,0
2024-12-11 12:45,211,108,103,0,0,0
2024-12-11 13:00,186,97,89,0,0,0
2024-12-11 13:15,225,108,117,0,0,0
2024-12-11 13:30,210,82,128,0,0,0
2024-12-11 13:45,356,191,165,0,0,0
2024-12-11 14:00,321,154,167,0,0,0
2024-12-11 14:15,185,86,99,0,0,0
2024-12-11 14:30,181,97,84,0,0,0
2024-12-11 14:45,209,96,113,0,0,0
2024-12-11 15:00,221,112,109,0,0,0
2024-12-11 15:15,228,100,128,0,0,0
2024-12-11 15:30,276,107,169,0,0,0
2024-12-11 15:45,411,201,210,0,0,0
2024-12-11 16:00,347,179,168,0,0,0
2024-12-11 16:15,272,115,157,0,0,0
2024-12-11 16:30,239,106,133,0,0,0
2024-12-11 16:45,324,162,162,0,0,0
2024-12-11 17:00,282,147,135,0,0,0
2024-12-11 17:15,294,153,141,0,0,0
2024-12-11 17:30,260,105,155,0,0,0
2024-12-11 17:45,472,228,244,0,0,0
2024-12-11 18:00,344,154,190,0,0,0
2024-12-11 18:15,313,152,161,0,0,0
2024-12-11 18:30,238,104,134,0,0,0
2024-12-11 18:45,254,115,139,0,0,0
2024-12-11 19:00,243,104,139,0,0,0
2024-12-11 19:15,250,100,150,0,0,0
2024-12-11 19:30,221,90,131,0,0,0
2024-12-11 19:45,255,101,154,0,0,0
2024-12-11 20:00,229,78,151,0,0,0
2024-12-11 20:15,225,68,157,0,0,0
2024-12-11 20:30,186,65,121,0,0,0
2024-12-11 20:45,131,47,84,0,0,0
2024-12-11 21:00,116,57,59,0,0,0
2024-12-11 21:15,136,48,88,0,0,0
2024-12-11 21:30,117,46,71,0,0,0
2024-12-11 21:45,130,51,79,0,0,0
2024-12-11 22:00,126,51,75,0,0,0
2024-12-11 22:15,138,68,70,0,0,0
2024-12-11 22:30,133,64,69,0,0,0
2024-12-11 22:45,99,51,48,0,0,0
2024-12-11 23:00,78,27,51,0,0,0
2024-12-11 23:15,86,44,42,0,0,0
2024-12-11 23:30,80,43,37,0,0,0
2024-12-11 23:45,84,39,45,0,0,0
2024-12-12 00:00,60,35,25,0,0,0
2024-12-12 00:15,57,22,35,0,0,0
2024-12-12 00:30,40,16,24,0,0,0
2024-12-12 00:45,35,16,19,0,0,0
2024-12-12 01:00,34,7,27,0,0,0
2024-12-12 01:15,42,7,35,0,0,0
2024-12-12 01:30,32,18,14,0,0,0
2024-12-12 01:45,29,11,18,0,0,0
2024-12-12 02:00,35,3,32,0,0,0
2024-12-12 02:15,36,3,33,0,0,0
2024-12-12 02:30,15,1,14,0,0,0
2024-12-12 02:45,28,1,27,0,0,0
2024-12-12 03:00,22,2,20,0,0,0
2024-12-12 03:15,20,0,20,0,0,0
2024-12-12 03:30,13,1,12,0,0,0
2024-12-12 03:45,14,3,11,0,0,0
2024-12-12 04:00,17,4,13,0,0,0
2024-12-12 04:15,11,1,10,0,0,0
2024-12-12 04:30,11,2,9,0,0,0
2024-12-12 04:45,12,10,2,0,0,0
2024-12-12 05:00,10,8,2,0,0,0
2024-12-12 05:15,14,9,5,0,0,0
2024-12-12 05:30,10,7,3,0,0,0
2024-12-12 05:45,17,11,6,0,0,0
2024-12-12 06:00,28,22,6,0,0,0
2024-12-12 06:15,44,31,13,0,0,0
2024-12-12 06:30,50,34,16,0,0,0
2024-12-12 06:45,69,39,30,0,0,0
2024-12-12 07:00,81,38,43,0,0,0
2024-12-12 07:15,132,82,50,0,0,0
2024-12-12 07:30,240,170,70,0,0,0
2024-12-12 07:45,332,178,154,0,0,0
2024-12-12 08:00,357,179,178,0,0,0
2024-12-12 08:15,280,166,114,0,0,0
2024-12-12 08:30,200,139,61,0,0,0
2024-12-12 08:45,222,128,94,0,0,0
2024-12-12 09:00,181,112,69,0,0,0
2024-12-12 09:15,152,82,70,0,0,0
2024-12-12 09:30,165,89,76,0,0,0
2024-12-12 09:45,364,178,186,0,0,0
2024-12-12 10:00,387,258,129,0,0,0
2024-12-12 10:15,151,80,71,0,0,0
2024-12-12 10:30,119,66,53,0,0,0
2024-12-12 10:45,135,73,62,0,0,0
2024-12-12 11:00,149,68,81,0,0,0
2024-12-12 11:15,132,79,53,0,0,0
2024-12-12 11:30,155,83,72,0,0,0
2024-12-12 11:45,300,142,158,0,0,0
2024-12-12 12:00,292,164,128,0,0,0
2024-12-12 12:15,169,70,99,0,0,0
2024-12-12 12:30,154,73,81,0,0,0
2024-12-12 12:45,173,88,85,0,0,0
2024-12-12 13:00,224,106,118,0,0,0
2024-12-12 13:15,209,119,90,0,0,0
2024-12-12 13:30,214,102,112,0,0,0
2024-12-12 13:45,349,184,165,0,0,0
2024-12-12 14:00,337,191,146,0,0,0
2024-12-12 14:15,184,92,92,0,0,0
2024-12-12 14:30,184,74,110,0,0,0
2024-12-12 14:45,179,101,78,0,0,0
2024-12-12 15:00,197,84,113,0,0,0
2024-12-12 15:15,216,104,112,0,0,0
2024-12-12 15:30,263,86,177,0,0,0
2024-12-12 15:45,391,183,208,0,0,0
2024-12-12 16:00,363,196,167,0,0,0
2024-12-12 16:15,276,132,144,0,0,0
2024-12-12 16:30,255,106,149,0,0,0
2024-12-12 16:45,319,154,165,0,0,0
2024-12-12 17:00,238,115,123,0,0,0
2024-12-12 17:15,280,141,139,0,0,0
2024-12-12 17:30,296,156,140,0,0,0
2024-12-12 17:45,399,206,193,0,0,0
2024-12-12 18:00,342,164,178,0,0,0
2024-12-12 18:15,310,164,146,0,0,0
2024-12-12 18:30,267,136,131,0,0,0
2024-12-12 18:45,268,129,139,0,0,0
2024-12-12 19:00,210,109,101,0,0,0
2024-12-12 19:15,185,91,94,0,0,0
2024-12-12 19:30,187,75,112,0,0,0
2024-12-12 19:45,238,97,141,0,0,0
2024-12-12 20:00,207,85,122,0,0,0
2024-12-12 20:15,190,76,114,0,0,0
2024-12-12 20:30,158,49,109,0,0,0
2024-12-12 20:45,134,41,93,0,0,0
2024-12-12 21:00,100,45,55,0,0,0
2024-12-12 21:15,124,39,85,0,0,0
2024-12-12 21:30,105,25,80,0,0,0
2024-12-12 21:45,117,41,76,0,0,0
2024-12-12 22:00,119,39,80,0,0,0
2024-12-12 22:15,91,35,56,0,0,0
2024-12-12 22:30,97,32,65,0,0,0
2024-12-12 22:45,91,32,59,0,0,0
2024-12-12 23:00,74,19,55,0,0,0
2024-12-12 23:15,78,40,38,0,0,0
2024-12-12 23:30,78,52,26,0,0,0
2024-12-12 23:45,54,19,35,0,0,0
2024-12-13 00:00,48,12,36,0,0,0
2024-12-13 00:15,22,5,17,0,0,0
2024-12-13 00:30,23,4,19,0,0,0
2024-12-13 00:45,30,2,28,0,0,0
2024-12-13 01:00,17,3,14,0,0,0
2024-12-13 01:15,30,6,24,0,0,0
2024-12-13 01:30,19,2,17,0,0,0
2024-12-13 01:45,10,3,7,0,0,0
2024-12-13 02:00,18,1,17,0,0,0
2024-12-13 02:15,18,7,11,0,0,0
2024-12-13 02:30,14,3,11,0,0,0
2024-12-13 02:45,12,0,12,0,0,0
2024-12-13 03:00,21,1,20,0,0,0
2024-12-13 03:15,12,1,11,0,0,0
2024-12-13 03:30,25,2,23,0,0,0
2024-12-13 03:45,17,2,15,0,0,0
2024-12-13 04:00,14,0,14,0,0,0
2024-12-13 04:15,9,2,7,0,0,0
2024-12-13 04:30,29,3,26,0,0,0
2024-12-13 04:45,10,6,4,0,0,0
2024-12-13 05:00,14,8,6,0,0,0
2024-12-13 05:15,18,12,6,0,0,0
2024-12-13 05:30,22,13,9,0,0,0
2024-12-13 05:45,19,8,11,0,0,0
2024-12-13 06:00,31,19,12,0,0,0
2024-12-13 06:15,42,21,21,0,0,0
2024-12-13 06:30,56,36,20,0,0,0
2024-12-13 06:45,65,38,27,0,0,0
2024-12-13 07:00,76,42,34,0,0,0
2024-12-13 07:15,99,59,40,0,0,0
2024-12-13 07:30,244,175,69,0,0,0
2024-12-13 07:45,278,168,110,0,0,0
2024-12-13 08:00,274,143,131,0,0,0
2024-12-13 08:15,193,116,77,0,0,0
2024-12-13 08:30,169,103,66,0,0,0
2024-12-13 08:45,231,128,103,0,0,0
2024-12-13 09:00,155,84,71,0,0,0
2024-12-13 09:15,136,85,51,0,0,0
2024-12-13 09:30,151,91,60,0,0,0
2024-12-13 09:45,274,137,137,0,0,0
2024-12-13 10:00,303,194,109,0,0,0
2024-12-13 10:15,144,88,56,0,0,0
2024-12-13 10:30,108,54,54,0,0,0
2024-12-13 10:45,131,84,47,0,0,0
2024-12-13 11:00,117,60,57,0,0,0
2024-12-13 11:15,124,64,60,0,0,0
2024-12-13 11:30,158,86,72,0,0,0
2024-12-13 11:45,238,123,115,0,0,0
2024-12-13 12:00,249,141,108,0,0,0
2024-12-13 12:15,188,103,85,0,0,0
2024-12-13 12:30,124,65,59,0,0,0
2024-12-13 12:45,204,105,99,0,0,0
2024-12-13 13:00,261,97,164,0,0,0
2024-12-13 13:15,225,108,117,0,0,0
2024-12-13 13:30,211,100,111,0,0,0
2024-12-13 13:45,298,153,145,0,0,0
2024-12-13 14:00,257,123,134,0,0,0
2024-12-13 14:15,211,86,125,0,0,0
2024-12-13 14:30,176,94,82,0,0,0
2024-12-13 14:45,223,130,93,0,0,0
2024-12-13 15:00,201,88,113,0,0,0
2024-12-13 15:15,222,115,107,0,0,0
2024-12-13 15:30,221,120,101,0,0,0
2024-12-13 15:45,262,137,125,0,0,0
2024-12-13 16:00,224,109,115,0,0,0
2024-12-13 16:15,221,100,121,0,0,0
2024-12-13 16:30,195,77,118,0,0,0
2024-12-13 16:45,234,122,112,0,0,0
2024-12-13 17:00,227,113,114,0,0,0
2024-12-13 17:15,230,120,110,0,0,0
2024-12-13 17:30,220,111,109,0,0,0
2024-12-13 17:45,244,138,106,0,0,0
2024-12-13 18:00,233,125,108,0,0,0
2024-12-13 18:15,229,113,116,0,0,0
2024-12-13 18:30,197,81,116,0,0,0
2024-12-13 18:45,225,105,120,0,0,0
2024-12-13 19:00,177,93,84,0,0,0
2024-12-13 19:15,187,101,86,0,0,0
2024-12-13 19:30,166,68,98,0,0,0
2024-12-13 19:45,166,70,96,0,0,0
2024-12-13 20:00,148,57,91,0,0,0
2024-12-13 20:15,127,49,78,0,0,0
2024-12-13 20:30,135,58,77,0,0,0
2024-12-13 20:45,146,46,100,0,0,0
2024-12-13 21:00,119,39,80,0,0,0
2024-12-13 21:15,140,39,101,0,0,0
2024-12-13 21:30,111,28,83,0,0,0
2024-12-13 21:45,113,35,78,0,0,0
2024-12-13 22:00,107,25,82,0,0,0
2024-12-13 22:15,90,30,60,0,0,0
2024-12-13 22:30,116,29,87,0,0,0
2024-12-13 22:45,101,34,67,0,0,0
2024-12-13 23:00,69,20,49,0,0,0
2024-12-13 23:15,62,17,45,0,0,0
2024-12-13 23:30,88,36,52,0,0,0
2024-12-13 23:45,110,60,50,0,0,0
2024-12-14 00:00,68,14,54,0,0,0
2024-12-14 00:15,59,16,43,0,0,0
2024-12-14 00:30,68,22,46,0,0,0
2024-12-14 00:45,71,30,41,0,0,0
2024-12-14 01:00,60,12,48,0,0,0
2024-12-14 01:15,76,25,51,0,0,0
2024-12-14 01:30,37,16,21,0,0,0
2024-12-14 01:45,59,28,31,0,0,0
2024-12-14 02:00,30,8,22,0,0,0
2024-12-14 02:15,55,24,31,0,0,0
2024-12-14 02:30,30,4,26,0,0,0
2024-12-14 02:45,45,9,36,0,0,0
2024-12-14 03:00,34,10,24,0,0,0
2024-12-14 03:15,37,13,24,0,0,0
2024-12-14 03:30,22,7,15,0,0,0
2024-12-14 03:45,20,10,10,0,0,0
2024-12-14 04:00,24,7,17,0,0,0
2024-12-14 04:15,11,1,10,0,0,0
2024-12-14 04:30,27,6,21,0,0,0
2024-12-14 04:45,10,2,8,0,0,0
2024-12-14 05:00,10,5,5,0,0,0
2024-12-14 05:15,9,1,8,0,0,0
2024-12-14 05:30,10,5,5,0,0,0
2024-12-14 05:45,16,7,9,0,0,0
2024-12-14 06:00,7,3,4,0,0,0
2024-12-14 06:15,8,4,4,0,0,0
2024-12-14 06:30,11,6,5,0,0,0
2024-12-14 06:45,16,10,6,0,0,0
2024-12-14 07:00,12,9,3,0,0,0
2024-12-14 07:15,19,12,7,0,0,0
2024-12-14 07:30,33,25,8,0,0,0
2024-12-14 07:45,30,23,7,0,0,0
2024-12-14 08:00,26,19,7,0,0,0
2024-12-14 08:15,25,18,7,0,0,0
2024-12-14 08:30,48,24,24,0,0,0
2024-12-14 08:45,69,43,26,0,0,0
2024-12-14 09:00,46,32,14,0,0,0
2024-12-14 09:15,59,33,26,0,0,0
2024-12-14 09:30,46,32,14,0,0,0
2024-12-14 09:45,107,83,24,0,0,0
2024-12-14 10:00,79,58,21,0,0,0
2024-12-14 10:15,120,80,40,0,0,0
2024-12-14 10:30,98,67,31,0,0,0
2024-12-14 10:45,102,75,27,0,0,0
2024-12-14 11:00,87,50,37,0,0,0
2024-12-14 11:15,83,58,25,0,0,0
2024-12-14 11:30,98,63,35,0,0,0
2024-12-14 11:45,125,76,49,0,0,0
2024-12-14 12:00,79,49,30,0,0,0
2024-12-14 12:15,120,64,56,0,0,0
2024-12-14 12:30,101,49,52,0,0,0
2024-12-14 12:45,121,69,52,0,0,0
2024-12-14 13:00,148,80,68,0,0,0
2024-12-14 13:15,107,54,53,0,0,0
2024-12-14 13:30,102,43,59,0,0,0
2024-12-14 13:45,132,77,55,0,0,0
2024-12-14 14:00,122,55,67,0,0,0
2024-12-14 14:15,123,61,62,0,0,0
2024-12-14 14:30,104,56,48,0,0,0
2024-12-14 14:45,109,52,57,0,0,0
2024-12-14 15:00,131,63,68,0,0,0
2024-12-14 15:15,116,57,59,0,0,0
2024-12-14 15:30,136,63,73,0,0,0
2024-12-14 15:45,129,59,70,0,0,0
2024-12-14 16:00,118,59,59,0,0,0
2024-12-14 16:15,124,52,72,0,0,0
2024-12-14 16:30,126,64,62,0,0,0
2024-12-14 16:45,124,69,55,0,0,0
2024-12-14 17:00,151,58,93,0,0,0
2024-12-14 17:15,87,42,45,0,0,0
2024-12-14 17:30,118,51,67,0,0,0
2024-12-14 17:45,163,72,91,0,0,0
2024-12-14 18:00,119,44,75,0,0,0
2024-12-14 18:15,125,46,79,0,0,0
2024-12-14 18:30,120,55,65,0,0,0
2024-12-14 18:45,125,59,66,0,0,0
2024-12-14 19:00,123,57,66,0,0,0
2024-12-14 19:15,101,49,52,0,0,0
2024-12-14 19:30,89,43,46,0,0,0
2024-12-14 19:45,96,44,52,0,0,0
2024-12-14 20:00,125,29,96,0,0,0
2024-12-14 20:15,81,42,39,0,0,0
2024-12-14 20:30,115,29,86,0,0,0
2024-12-14 20:45,83,26,57,0,0,0
2024-12-14 21:00,73,24,49,0,0,0
2024-12-14 21:15,79,19,60,0,0,0
2024-12-14 21:30,88,26,62,0,0,0
2024-12-14 21:45,70,20,50,0,0,0
2024-12-14 22:00,64,20,44,0,0,0
2024-12-14 22:15,74,21,53,0,0,0
2024-12-14 22:30,72,25,47,0,0,0
2024-12-14 22:45,59,19,40,0,0,0
2024-12-14 23:00,59,13,46,0,0,0
2024-12-14 23:15,37,12,25,0,0,0
2024-12-14 23:30,59,18,41,0,0,0
2024-12-14 23:45,62,20,42,0,0,0
2024-12-15 00:00,49,25,24,0,0,0
2024-12-15 00:15,47,21,26,0,0,0
2024-12-15 00:30,44,13,31,0,0,0
2024-12-15 00:45,59,16,43,0,0,0
2024-12-15 01:00,56,23,33,0,0,0
2024-12-15 01:15,31,9,22,0,0,0
2024-12-15 01:30,39,8,31,0,0,0
2024-12-15 01:45,39,13,26,0,0,0
2024-12-15 02:00,33,9,24,0,0,0
2024-12-15 02:15,37,14,23,0,0,0
2024-12-15 02:30,26,5,21,0,0,0
2024-12-15 02:45,33,6,27,0,0,0
2024-12-15 03:00,26,8,18,0,0,0
2024-12-15 03:15,35,13,22,0,0,0
2024-12-15 03:30,30,15,15,0,0,0
2024-12-15 03:45,27,4,23,0,0,0
2024-12-15 04:00,11,1,10,0,0,0
2024-12-15 04:15,6,0,6,0,0,0
2024-12-15 04:30,12,4,8,0,0,0
2024-12-15 04:45,6,1,5,0,0,0
2024-12-15 05:00,19,3,16,0,0,0
2024-12-15 05:15,8,0,8,0,0,0
2024-12-15 05:30,9,6,3,0,0,0
2024-12-15 05:45,6,2,4,0,0,0
2024-12-15 06:00,3,1,2,0,0,0
2024-12-15 06:15,7,2,5,0,0,0
2024-12-15 06:30,2,0,2,0,0,0
2024-12-15 06:45,8,3,5,0,0,0
2024-12-15 07:00,6,3,3,0,0,0
2024-12-15 07:15,5,3,2,0,0,0
2024-12-15 07:30,10,6,4,0,0,0
2024-12-15 07:45,10,4,6,0,0,0
2024-12-15 08:00,10,6,4,0,0,0
2024-12-15 08:15,14,6,8,0,0,0
2024-12-15 08:30,5,5,0,0,0,0
2024-12-15 08:45,12,9,3,0,0,0
2024-12-15 09:00,23,16,7,0,0,0
2024-12-15 09:15,21,14,7,0,0,0
2024-12-15 09:30,41,33,8,0,0,0
2024-12-15 09:45,83,56,27,0,0,0
2024-12-15 10:00,57,39,18,0,0,0
2024-12-15 10:15,49,30,19,0,0,0
2024-12-15 10:30,59,33,26,0,0,0
2024-12-15 10:45,67,42,25,0,0,0
2024-12-15 11:00,60,35,25,0,0,0
2024-12-15 11:15,54,32,22,0,0,0
2024-12-15 11:30,64,38,26,0,0,0
2024-12-15 11:45,80,26,54,0,0,0
2024-12-15 12:00,61,34,27,0,0,0
2024-12-15 12:15,66,50,16,0,0,0
2024-12-15 12:30,56,35,21,0,0,0
2024-12-15 12:45,103,51,52,0,0,0
2024-12-15 13:00,73,43,30,0,0,0
2024-12-15 13:15,74,48,26,0,0,0
2024-12-15 13:30,103,53,50,0,0,0
2024-12-15 13:45,103,67,36,0,0,0
2024-12-15 14:00,83,43,40,0,0,0
2024-12-15 14:15,94,50,44,0,0,0
2024-12-15 14:30,91,46,45,0,0,0
2024-12-15 14:45,103,59,44,0,0,0
2024-12-15 15:00,87,49,38,0,0,0
2024-12-15 15:15,95,42,53,0,0,0
2024-12-15 15:30,94,43,51,0,0,0
2024-12-15 15:45,143,86,57,0,0,0
2024-12-15 16:00,112,65,47,0,0,0
2024-12-15 16:15,99,50,49,0,0,0
2024-12-15 16:30,100,39,61,0,0,0
2024-12-15 16:45,117,58,59,0,0,0
2024-12-15 17:00,86,29,57,0,0,0
2024-12-15 17:15,93,47,46,0,0,0
2024-12-15 17:30,112,53,59,0,0,0
2024-12-15 17:45,125,44,81,0,0,0
2024-12-15 18:00,114,37,77,0,0,0
2024-12-15 18:15,114,46,68,0,0,0
2024-12-15 18:30,89,36,53,0,0,0
2024-12-15 18:45,124,48,76,0,0,0
2024-12-15 19:00,101,48,53,0,0,0
2024-12-15 19:15,84,48,36,0,0,0
2024-12-15 19:30,67,28,39,0,0,0
2024-12-15 19:45,125,40,85,0,0,0
2024-12-15 20:00,77,35,42,0,0,0
2024-12-15 20:15,81,29,52,0,0,0
2024-12-15 20:30,80,22,58,0,0,0
2024-12-15 20:45,59,20,39,0,0,0
2024-12-15 21:00,64,22,42,0,0,0
2024-12-15 21:15,36,15,21,0,0,0
2024-12-15 21:30,47,15,32,0,0,0
2024-12-15 21:45,60,20,40,0,0,0
2024-12-15 22:00,48,9,39,0,0,0
2024-12-15 22:15,53,12,41,0,0,0
2024-12-15 22:30,43,12,31,0,0,0
2024-12-15 22:45,41,15,26,0,0,0
2024-12-15 23:00,26,8,18,0,0,0
2024-12-15 23:15,21,8,13,0,0,0
2024-12-15 23:30,11,4,7,0,0,0
2024-12-15 23:45,15,7,8,0,0,0
2024-12-16 00:00,20,5,15,0,0,0
2024-12-16 00:15,10,2,8,0,0,0
2024-12-16 00:30,10,4,6,0,0,0
2024-12-16 00:45,13,4,9,0,0,0
2024-12-16 01:00,3,1,2,0,0,0
2024-12-16 01:15,9,4,5,0,0,0
2024-12-16 01:30,4,2,2,0,0,0
2024-12-16 01:45,7,2,5,0,0,0
2024-12-16 02:00,2,2,0,0,0,0
2024-12-16 02:15,0,0,0,0,0,0
2024-12-16 02:30,4,2,2,0,0,0
2024-12-16 02:45,1,1,0,0,0,0
2024-12-16 03:00,2,0,2,0,0,0
2024-12-16 03:15,0,0,0,0,0,0
2024-12-16 03:30,1,0,1,0,0,0
2024-12-16 03:45,2,1,1,0,0,0
2024-12-16 04:00,4,2,2,0,0,0
2024-12-16 04:15,2,2,0,0,0,0
2024-12-16 04:30,2,0,2,0,0,0
2024-12-16 04:45,7,6,1,0,0,0
2024-12-16 05:00,6,5,1,0,0,0
2024-12-16 05:15,7,6,1,0,0,0
2024-12-16 05:30,13,8,5,0,0,0
2024-12-16 05:45,19,8,11,0,0,0
2024-12-16 06:00,30,20,10,0,0,0
2024-12-16 06:15,43,29,14,0,0,0
2024-12-16 06:30,51,36,15,0,0,0
2024-12-16 06:45,45,26,19,0,0,0
2024-12-16 07:00,91,54,37,0,0,0
2024-12-16 07:15,139,105,34,0,0,0
2024-12-16 07:30,284,203,81,0,0,0
2024-12-16 07:45,296,165,131,0,0,0
2024-12-16 08:00,291,125,166,0,0,0
2024-12-16 08:15,231,144,87,0,0,0
2024-12-16 08:30,178,106,72,0,0,0
2024-12-16 08:45,210,125,85,0,0,0
2024-12-16 09:00,172,106,66,0,0,0
2024-12-16 09:15,121,71,50,0,0,0
2024-12-16 09:30,177,94,83,0,0,0
2024-12-16 09:45,257,140,117,0,0,0
2024-12-16 10:00,347,208,139,0,0,0
2024-12-16 10:15,132,73,59,0,0,0
2024-12-16 10:30,117,70,47,0,0,0
2024-12-16 10:45,123,75,48,0,0,0
2024-12-16 11:00,154,62,92,0,0,0
2024-12-16 11:15,118,59,59,0,0,0
2024-12-16 11:30,145,75,70,0,0,0
2024-12-16 11:45,250,129,121,0,0,0
2024-12-16 12:00,273,152,121,0,0,0
2024-12-16 12:15,171,85,86,0,0,0
2024-12-16 12:30,144,71,73,0,0,0
2024-12-16 12:45,160,81,79,0,0,0
2024-12-16 13:00,189,87,102,0,0,0
2024-12-16 13:15,190,80,110,0,0,0
2024-12-16 13:30,148,68,80,0,0,0
2024-12-16 13:45,271,129,142,0,0,0
2024-12-16 14:00,319,162,157,0,0,0
2024-12-16 14:15,184,85,99,0,0,0
2024-12-16 14:30,184,97,87,0,0,0
2024-12-16 14:45,175,88,87,0,0,0
2024-12-16 15:00,187,91,96,0,0,0
2024-12-16 15:15,191,90,101,0,0,0
2024-12-16 15:30,246,101,145,0,0,0
2024-12-16 15:45,377,165,212,0,0,0
2024-12-16 16:00,333,178,155,0,0,0
2024-12-16 16:15,244,127,117,0,0,0
2024-12-16 16:30,241,117,124,0,0,0
2024-12-16 16:45,258,123,135,0,0,0
2024-12-16 17:00,267,122,145,0,0,0
2024-12-16 17:15,273,119,154,0,0,0
2024-12-16 17:30,306,139,167,0,0,0
2024-12-16 17:45,427,212,215,0,0,0
2024-12-16 18:00,310,152,158,0,0,0
2024-12-16 18:15,283,130,153,0,0,0
2024-12-16 18:30,247,120,127,0,0,0
2024-12-16 18:45,254,126,128,0,0,0
2024-12-16 19:00,215,106,109,0,0,0
2024-12-16 19:15,233,118,115,0,0,0
2024-12-16 19:30,202,74,128,0,0,0
2024-12-16 19:45,198,67,131,0,0,0
2024-12-16 20:00,205,66,139,0,0,0
2024-12-16 20:15,207,56,151,0,0,0
2024-12-16 20:30,117,46,71,0,0,0
2024-12-16 20:45,120,50,70,0,0,0
2024-12-16 21:00,93,25,68,0,0,0
2024-12-16 21:15,102,33,69,0,0,0
2024-12-16 21:30,124,35,89,0,0,0
2024-12-16 21:45,82,35,47,0,0,0
2024-12-16 22:00,87,29,58,0,0,0
2024-12-16 22:15,89,31,58,0,0,0
2024-12-16 22:30,73,25,48,0,0,0
2024-12-16 22:45,69,25,44,0,0,0
2024-12-16 23:00,95,33,62,0,0,0
2024-12-16 23:15,70,32,38,0,0,0
2024-12-16 23:30,54,20,34,0,0,0
2024-12-16 23:45,54,26,28,0,0,0
2024-12-17 00:00,29,6,23,0,0,0
2024-12-17 00:15,13,4,9,0,0,0
2024-12-17 00:30,25,11,14,0,0,0
2024-12-17 00:45,8,4,4,0,0,0
2024-12-17 01:00,14,2,12,0,0,0
2024-12-17 01:15,11,2,9,0,0,0
2024-12-17 01:30,9,2,7,0,0,0
2024-12-17 01:45,13,2,11,0,0,0
2024-12-17 02:00,8,3,5,0,0,0
2024-12-17 02:15,9,0,9,0,0,0
2024-12-17 02:30,1,1,0,0,0,0
2024-12-17 02:45,8,3,5,0,0,0
2024-12-17 03:00,3,2,1,0,0,0
2024-12-17 03:15,2,0,2,0,0,0
2024-12-17 03:30,4,4,0,0,0,0
2024-12-17 03:45,2,0,2,0,0,0
2024-12-17 04:00,4,1,3,0,0,0
2024-12-17 04:15,3,2,1,0,0,0
2024-12-17 04:30,3,1,2,0,0,0
2024-12-17 04:45,3,1,2,0,0,0
2024-12-17 05:00,7,7,0,0,0,0
2024-12-17 05:15,7,5,2,0,0,0
2024-12-17 05:30,15,11,4,0,0,0
2024-12-17 05:45,18,11,7,0,0,0
2024-12-17 06:00,27,17,10,0,0,0
2024-12-17 06:15,46,32,14,0,0,0
2024-12-17 06:30,74,42,32,0,0,0
2024-12-17 06:45,78,44,34,0,0,0
2024-12-17 07:00,99,68,31,0,0,0
2024-12-17 07:15,138,94,44,0,0,0
2024-12-17 07:30,291,197,94,0,0,0
2024-12-17 07:45,327,180,147,0,0,0
2024-12-17 08:00,336,179,157,0,0,0
2024-12-17 08:15,269,168,101,0,0,0
2024-12-17 08:30,205,118,87,0,0,0
2024-12-17 08:45,206,102,104,0,0,0
2024-12-17 09:00,159,95,64,0,0,0
2024-12-17 09:15,142,74,68,0,0,0
2024-12-17 09:30,159,75,84,0,0,0
2024-12-17 09:45,344,157,187,0,0,0
2024-12-17 10:00,433,263,170,0,0,0
2024-12-17 10:15,170,86,84,0,0,0
2024-12-17 10:30,105,58,47,0,0,0
2024-12-17 10:45,136,83,53,0,0,0
2024-12-17 11:00,179,92,87,0,0,0
2024-12-17 11:15,142,70,72,0,0,0
2024-12-17 11:30,177,90,87,0,0,0
2024-12-17 11:45,322,188,134,0,0,0
2024-12-17 12:00,333,189,144,0,0,0
2024-12-17 12:15,226,105,121,0,0,0
2024-12-17 12:30,173,83,90,0,0,0
2024-12-17 12:45,227,116,111,0,0,0
2024-12-17 13:00,226,95,131,0,0,0
2024-12-17 13:15,239,118,121,0,0,0
2024-12-17 13:30,227,127,100,0,0,0
2024-12-17 13:45,354,155,199,0,0,0
2024-12-17 14:00,373,189,184,0,0,0
2024-12-17 14:15,259,140,119,0,0,0
2024-12-17 14:30,199,100,99,0,0,0
2024-12-17 14:45,186,91,95,0,0,0
2024-12-17 15:00,226,109,117,0,0,0
2024-12-17 15:15,234,121,113,0,0,0
2024-12-17 15:30,289,139,150,0,0,0
2024-12-17 15:45,447,255,192,0,0,0
2024-12-17 16:00,393,225,168,0,0,0
2024-12-17 16:15,261,142,119,0,0,0
2024-12-17 16:30,266,110,156,0,0,0
2024-12-17 16:45,349,165,184,0,0,0
2024-12-17 17:00,265,146,119,0,0,0
2024-12-17 17:15,300,144,156,0,0,0
2024-12-17 17:30,352,160,192,0,0,0
2024-12-17 17:45,526,284,242,0,0,0
2024-12-17 18:00,419,208,211,0,0,0
2024-12-17 18:15,333,162,171,0,0,0
2024-12-17 18:30,259,124,135,0,0,0
2024-12-17 18:45,298,145,153,0,0,0
2024-12-17 19:00,277,119,158,0,0,0
2024-12-17 19:15,218,107,111,0,0,0
2024-12-17 19:30,223,80,143,0,0,0
2024-12-17 19:45,216,64,152,0,0,0
2024-12-17 20:00,246,78,168,0,0,0
2024-12-17 20:15,258,60,198,0,0,0
2024-12-17 20:30,140,52,88,0,0,0
2024-12-17 20:45,162,54,108,0,0,0
2024-12-17 21:00,133,41,92,0,0,0
2024-12-17 21:15,139,35,104,0,0,0
2024-12-17 21:30,117,33,84,0,0,0
2024-12-17 21:45,110,38,72,0,0,0
2024-12-17 22:00,126,44,82,0,0,0
2024-12-17 22:15,110,35,75,0,0,0
2024-12-17 22:30,108,31,77,0,0,0
2024-12-17 22:45,97,27,70,0,0,0
2024-12-17 23:00,105,25,80,0,0,0
2024-12-17 23:15,84,24,60,0,0,0
2024-12-17 23:30,73,23,50,0,0,0
2024-12-17 23:45,53,12,41,0,0,0
2024-12-18 00:00,54,13,41,0,0,0
2024-12-18 00:15,43,16,27,0,0,0
2024-12-18 00:30,25,3,22,0,0,0
2024-12-18 00:45,30,11,19,0,0,0
2024-12-18 01:00,20,1,19,0,0,0
2024-12-18 01:15,19,5,14,0,0,0
2024-12-18 01:30,12,5,7,0,0,0
2024-12-18 01:45,29,8,21,0,0,0
2024-12-18 02:00,19,8,11,0,0,0
2024-12-18 02:15,12,2,10,0,0,0
2024-12-18 02:30,12,1,11,0,0,0
2024-12-18 02:45,7,5,2,0,0,0
2024-12-18 03:00,4,1,3,0,0,0
2024-12-18 03:15,1,0,1,0,0,0
2024-12-18 03:30,4,1,3,0,0,0
2024-12-18 03:45,1,1,0,0,0,0
2024-12-18 04:00,5,3,2,0,0,0
2024-12-18 04:15,7,4,3,0,0,0
2024-12-18 04:30,4,1,3,0,0,0
2024-12-18 04:45,7,5,2,0,0,0
2024-12-18 05:00,12,10,2,0,0,0
2024-12-18 05:15,9,7,2,0,0,0
2024-12-18 05:30,18,14,4,0,0,0
2024-12-18 05:45,23,16,7,0,0,0
2024-12-18 06:00,27,17,10,0,0,0
2024-12-18 06:15,45,32,13,0,0,0
2024-12-18 06:30,77,52,25,0,0,0
2024-12-18 06:45,73,45,28,0,0,0
2024-12-18 07:00,81,52,29,0,0,0
2024-12-18 07:15,117,83,34,0,0,0
2024-12-18 07:30,262,181,81,0,0,0
2024-12-18 07:45,313,191,122,0,0,0
2024-12-18 08:00,316,171,145,0,0,0
2024-12-18 08:15,244,134,110,0,0,0
2024-12-18 08:30,209,126,83,0,0,0
2024-12-18 08:45,228,131,97,0,0,0
2024-12-18 09:00,167,97,70,0,0,0
2024-12-18 09:15,181,118,63,0,0,0
2024-12-18 09:30,187,98,89,0,0,0
2024-12-18 09:45,326,149,177,0,0,0
2024-12-18 10:00,369,219,150,0,0,0
2024-12-18 10:15,172,102,70,0,0,0
2024-12-18 10:30,155,90,65,0,0,0
2024-12-18 10:45,191,121,70,0,0,0
2024-12-18 11:00,127,65,62,0,0,0
2024-12-18 11:15,137,77,60,0,0,0
2024-12-18 11:30,189,102,87,0,0,0
2024-12-18 11:45,363,194,169,0,0,0
2024-12-18 12:00,339,189,150,0,0,0
2024-12-18 12:15,238,118,120,0,0,0
2024-12-18 12:30,176,102,74,0,0,0
2024-12-18 12:45,216,115,101,0,0,0
2024-12-18 13:00,219,101,118,0,0,0
2024-12-18 13:15,219,121,98,0,0,0
2024-12-18 13:30,202,92,110,0,0,0
2024-12-18 13:45,338,161,177,0,0,0
2024-12-18 14:00,322,158,164,0,0,0
2024-12-18 14:15,249,141,108,0,0,0
2024-12-18 14:30,204,90,114,0,0,0
2024-12-18 14:45,231,108,123,0,0,0
2024-12-18 15:00,230,100,130,0,0,0
2024-12-18 15:15,248,110,138,0,0,0
2024-12-18 15:30,342,134,208,0,0,0
2024-12-18 15:45,410,192,218,0,0,0
2024-12-18 16:00,369,188,181,0,0,0
2024-12-18 16:15,288,128,160,0,0,0
2024-12-18 16:30,264,113,151,0,0,0
2024-12-18 16:45,319,157,162,0,0,0
2024-12-18 17:00,286,132,154,0,0,0
2024-12-18 17:15,308,173,135,0,0,0
2024-12-18 17:30,317,148,169,0,0,0
2024-12-18 17:45,442,233,209,0,0,0
2024-12-18 18:00,360,173,187,0,0,0
2024-12-18 18:15,351,185,166,0,0,0
2024-12-18 18:30,248,132,116,0,0,0
2024-12-18 18:45,240,111,129,0,0,0
2024-12-18 19:00,257,117,140,0,0,0
2024-12-18 19:15,244,128,116,0,0,0
2024-12-18 19:30,210,104,106,0,0,0
2024-12-18 19:45,245,92,153,0,0,0
2024-12-18 20:00,225,70,155,0,0,0
2024-12-18 20:15,213,64,149,0,0,0
2024-12-18 20:30,197,77,120,0,0,0
2024-12-18 20:45,173,59,114,0,0,0
2024-12-18 21:00,124,58,66,0,0,0
2024-12-18 21:15,123,40,83,0,0,0
2024-12-18 21:30,133,47,86,0,0,0
2024-12-18 21:45,125,36,89,0,0,0
2024-12-18 22:00,127,34,93,0,0,0
2024-12-18 22:15,145,54,91,0,0,0
2024-12-18 22:30,121,25,96,0,0,0
2024-12-18 22:45,147,45,102,0,0,0
2024-12-18 23:00,140,57,83,0,0,0
2024-12-18 23:15,95,37,58,0,0,0
2024-12-18 23:30,92,32,60,0,0,0
2024-12-18 23:45,88,40,48,0,0,0
2024-12-19 00:00,90,28,62,0,0,0
2024-12-19 00:15,75,30,45,0,0,0
2024-12-19 00:30,72,26,46,0,0,0
2024-12-19 00:45,50,10,40,0,0,0
2024-12-19 01:00,54,18,36,0,0,0
2024-12-19 01:15,60,24,36,0,0,0
2024-12-19 01:30,73,11,62,0,0,0
2024-12-19 01:45,50,11,39,0,0,0
2024-12-19 02:00,40,7,33,0,0,0
2024-12-19 02:15,44,14,30,0,0,0
2024-12-19 02:30,23,1,22,0,0,0
2024-12-19 02:45,30,9,21,0,0,0
2024-12-19 03:00,56,6,50,0,0,0
2024-12-19 03:15,39,3,36,0,0,0
2024-12-19 03:30,27,0,27,0,0,0
2024-12-19 03:45,26,5,21,0,0,0
2024-12-19 04:00,25,3,22,0,0,0
2024-12-19 04:15,10,3,7,0,0,0
2024-12-19 04:30,10,1,9,0,0,0
2024-12-19 04:45,9,2,7,0,0,0
2024-12-19 05:00,9,6,3,0,0,0
2024-12-19 05:15,11,6,5,0,0,0
2024-12-19 05:30,16,12,4,0,0,0
2024-12-19 05:45,18,12,6,0,0,0
2024-12-19 06:00,24,15,9,0,0,0
2024-12-19 06:15,36,26,10,0,0,0
2024-12-19 06:30,40,26,14,0,0,0
2024-12-19 06:45,60,42,18,0,0,0
2024-12-19 07:00,68,39,29,0,0,0
2024-12-19 07:15,112,73,39,0,0,0
2024-12-19 07:30,241,173,68,0,0,0
2024-12-19 07:45,254,156,98,0,0,0
2024-12-19 08:00,331,166,165,0,0,0
2024-12-19 08:15,199,108,91,0,0,0
2024-12-19 08:30,173,110,63,0,0,0
2024-12-19 08:45,187,114,73,0,0,0
2024-12-19 09:00,130,70,60,0,0,0
2024-12-19 09:15,153,92,61,0,0,0
2024-12-19 09:30,146,87,59,0,0,0
2024-12-19 09:45,300,149,151,0,0,0
2024-12-19 10:00,306,200,106,0,0,0
2024-12-19 10:15,142,87,55,0,0,0
2024-12-19 10:30,117,74,43,0,0,0
2024-12-19 10:45,124,85,39,0,0,0
2024-12-19 11:00,159,76,83,0,0,0
2024-12-19 11:15,135,73,62,0,0,0
2024-12-19 11:30,133,70,63,0,0,0
2024-12-19 11:45,278,142,136,0,0,0
2024-12-19 12:00,258,130,128,0,0,0
2024-12-19 12:15,184,92,92,0,0,0
2024-12-19 12:30,168,89,79,0,0,0
2024-12-19 12:45,154,75,79,0,0,0
2024-12-19 13:00,171,90,81,0,0,0
2024-12-19 13:15,170,79,91,0,0,0
2024-12-19 13:30,149,70,79,0,0,0
2024-12-19 13:45,284,138,146,0,0,0
2024-12-19 14:00,272,146,126,0,0,0
2024-12-19 14:15,174,84,90,0,0,0
2024-12-19 14:30,151,72,79,0,0,0
2024-12-19 14:45,174,89,85,0,0,0
2024-12-19 15:00,190,93,97,0,0,0
2024-12-19 15:15,208,93,115,0,0,0
2024-12-19 15:30,226,89,137,0,0,0
2024-12-19 15:45,353,152,201,0,0,0
2024-12-19 16:00,268,136,132,0,0,0
2024-12-19 16:15,221,118,103,0,0,0
2024-12-19 16:30,194,80,114,0,0,0
2024-12-19 16:45,193,87,106,0,0,0
2024-12-19 17:00,195,91,104,0,0,0
2024-12-19 17:15,254,120,134,0,0,0
2024-12-19 17:30,229,117,112,0,0,0
2024-12-19 17:45,328,166,162,0,0,0
2024-12-19 18:00,303,158,145,0,0,0
2024-12-19 18:15,278,140,138,0,0,0
2024-12-19 18:30,214,109,105,0,0,0
2024-12-19 18:45,269,134,135,0,0,0
2024-12-19 19:00,182,84,98,0,0,0
2024-12-19 19:15,167,66,101,0,0,0
2024-12-19 19:30,166,64,102,0,0,0
2024-12-19 19:45,181,72,109,0,0,0
2024-12-19 20:00,161,61,100,0,0,0
2024-12-19 20:15,167,44,123,0,0,0
2024-12-19 20:30,105,36,69,0,0,0
2024-12-19 20:45,104,37,67,0,0,0
2024-12-19 21:00,92,35,57,0,0,0
2024-12-19 21:15,92,31,61,0,0,0
2024-12-19 21:30,97,35,62,0,0,0
2024-12-19 21:45,74,25,49,0,0,0
2024-12-19 22:00,97,33,64,0,0,0
2024-12-19 22:15,105,45,60,0,0,0
2024-12-19 22:30,80,22,58,0,0,0
2024-12-19 22:45,104,27,77,0,0,0
2024-12-19 23:00,60,17,43,0,0,0
2024-12-19 23:15,68,19,49,0,0,0
2024-12-19 23:30,71,27,44,0,0,0
2024-12-19 23:45,45,18,27,0,0,0
2024-12-20 00:00,39,13,26,0,0,0
2024-12-20 00:15,43,14,29,0,0,0
2024-12-20 00:30,46,15,31,0,0,0
2024-12-20 00:45,30,14,16,0,0,0
2024-12-20 01:00,45,12,33,0,0,0
2024-12-20 01:15,32,9,23,0,0,0
2024-12-20 01:30,27,10,17,0,0,0
2024-12-20 01:45,25,11,14,0,0,0
2024-12-20 02:00,16,5,11,0,0,0
2024-12-20 02:15,21,6,15,0,0,0
2024-12-20 02:30,14,7,7,0,0,0
2024-12-20 02:45,2,0,2,0,0,0
2024-12-20 03:00,7,2,5,0,0,0
2024-12-20 03:15,8,1,7,0,0,0
2024-12-20 03:30,3,0,3,0,0,0
2024-12-20 03:45,9,2,7,0,0,0
2024-12-20 04:00,4,0,4,0,0,0
2024-12-20 04:15,9,4,5,0,0,0
2024-12-20 04:30,4,1,3,0,0,0
2024-12-20 04:45,6,4,2,0,0,0
2024-12-20 05:00,11,10,1,0,0,0
2024-12-20 05:15,9,5,4,0,0,0
2024-12-20 05:30,11,6,5,0,0,0
2024-12-20 05:45,26,14,12,0,0,0
2024-12-20 06:00,19,9,10,0,0,0
2024-12-20 06:15,32,23,9,0,0,0
2024-12-20 06:30,50,31,19,0,0,0
2024-12-20 06:45,50,28,22,0,0,0
2024-12-20 07:00,68,47,21,0,0,0
2024-12-20 07:15,124,91,33,0,0,0
2024-12-20 07:30,174,127,47,0,0,0
2024-12-20 07:45,264,154,110,0,0,0
2024-12-20 08:00,226,111,115,0,0,0
2024-12-20 08:15,167,97,70,0,0,0
2024-12-20 08:30,152,88,64,0,0,0
2024-12-20 08:45,193,128,65,0,0,0
2024-12-20 09:00,156,88,68,0,0,0
2024-12-20 09:15,156,92,64,0,0,0
2024-12-20 09:30,165,107,58,0,0,0
2024-12-20 09:45,271,154,117,0,0,0
2024-12-20 10:00,262,183,79,0,0,0
2024-12-20 10:15,124,75,49,0,0,0
2024-12-20 10:30,144,81,63,0,0,0
2024-12-20 10:45,154,101,53,0,0,0
2024-12-20 11:00,135,66,69,0,0,0
2024-12-20 11:15,157,94,63,0,0,0
2024-12-20 11:30,198,124,74,0,0,0
2024-12-20 11:45,286,176,110,0,0,0
2024-12-20 12:00,192,86,106,0,0,0
2024-12-20 12:15,202,109,93,0,0,0
2024-12-20 12:30,212,118,94,0,0,0
2024-12-20 12:45,233,128,105,0,0,0
2024-12-20 13:00,233,103,130,0,0,0
2024-12-20 13:15,222,110,112,0,0,0
2024-12-20 13:30,224,92,132,0,0,0
2024-12-20 13:45,283,151,132,0,0,0
2024-12-20 14:00,290,135,155,0,0,0
2024-12-20 14:15,244,137,107,0,0,0
2024-12-20 14:30,204,99,105,0,0,0
2024-12-20 14:45,237,114,123,0,0,0
2024-12-20 15:00,228,124,104,0,0,0
2024-12-20 15:15,214,116,98,0,0,0
2024-12-20 15:30,221,108,113,0,0,0
2024-12-20 15:45,254,131,123,0,0,0
2024-12-20 16:00,219,110,109,0,0,0
2024-12-20 16:15,214,107,107,0,0,0
2024-12-20 16:30,235,107,128,0,0,0
2024-12-20 16:45,270,178,92,0,0,0
2024-12-20 17:00,248,131,117,0,0,0
2024-12-20 17:15,226,116,110,0,0,0
2024-12-20 17:30,173,106,67,0,0,0
2024-12-20 17:45,244,137,107,0,0,0
2024-12-20 18:00,224,113,111,0,0,0
2024-12-20 18:15,235,125,110,0,0,0
2024-12-20 18:30,189,92,97,0,0,0
2024-12-20 18:45,202,88,114,0,0,0
2024-12-20 19:00,185,96,89,0,0,0
2024-12-20 19:15,164,72,92,0,0,0
2024-12-20 19:30,128,60,68,0,0,0
2024-12-20 19:45,179,73,106,0,0,0
2024-12-20 20:00,143,49,94,0,0,0
2024-12-20 20:15,126,54,72,0,0,0
2024-12-20 20:30,116,44,72,0,0,0
2024-12-20 20:45,87,33,54,0,0,0
2024-12-20 21:00,99,37,62,0,0,0
2024-12-20 21:15,104,30,74,0,0,0
2024-12-20 21:30,75,23,52,0,0,0
2024-12-20 21:45,81,29,52,0,0,0
2024-12-20 22:00,76,29,47,0,0,0
2024-12-20 22:15,75,28,47,0,0,0
2024-12-20 22:30,82,34,48,0,0,0
2024-12-20 22:45,61,23,38,0,0,0
2024-12-20 23:00,75,17,58,0,0,0
2024-12-20 23:15,56,13,43,0,0,0
2024-12-20 23:30,42,19,23,0,0,0
2024-12-20 23:45,59,19,40,0,0,0
2024-12-21 00:00,54,15,39,0,0,0
2024-12-21 00:15,76,27,49,0,0,0
2024-12-21 00:30,56,16,40,0,0,0
2024-12-21 00:45,49,14,35,0,0,0
2024-12-21 01:00,62,21,41,0,0,0
2024-12-21 01:15,43,15,28,0,0,0
2024-12-21 01:30,32,8,24,0,0,0
2024-12-21 01:45,34,11,23,0,0,0
2024-12-21 02:00,33,8,25,0,0,0
2024-12-21 02:15,38,13,25,0,0,0
2024-12-21 02:30,12,3,9,0,0,0
2024-12-21 02:45,24,3,21,0,0,0
2024-12-21 03:00,35,4,31,0,0,0
2024-12-21 03:15,32,3,29,0,0,0
2024-12-21 03:30,20,5,15,0,0,0
2024-12-21 03:45,25,2,23,0,0,0
2024-12-21 04:00,15,3,12,0,0,0
2024-12-21 04:15,12,1,11,0,0,0
2024-12-21 04:30,15,1,14,0,0,0
2024-12-21 04:45,10,1,9,0,0,0
2024-12-21 05:00,13,7,6,0,0,0
2024-12-21 05:15,11,5,6,0,0,0
2024-12-21 05:30,14,4,10,0,0,0
2024-12-21 05:45,16,7,9,0,0,0
2024-12-21 06:00,11,3,8,0,0,0
2024-12-21 06:15,9,1,8,0,0,0
2024-12-21 06:30,16,12,4,0,0,0
2024-12-21 06:45,18,13,5,0,0,0
2024-12-21 07:00,13,7,6,0,0,0
2024-12-21 07:15,15,9,6,0,0,0
2024-12-21 07:30,14,10,4,0,0,0
2024-12-21 07:45,17,13,4,0,0,0
2024-12-21 08:00,23,16,7,0,0,0
2024-12-21 08:15,25,14,11,0,0,0
2024-12-21 08:30,46,33,13,0,0,0
2024-12-21 08:45,48,32,16,0,0,0
2024-12-21 09:00,37,24,13,0,0,0
2024-12-21 09:15,55,43,12,0,0,0
2024-12-21 09:30,72,45,27,0,0,0
2024-12-21 09:45,91,77,14,0,0,0
2024-12-21 10:00,86,63,23,0,0,0
2024-12-21 10:15,75,49,26,0,0,0
2024-12-21 10:30,80,60,20,0,0,0
2024-12-21 10:45,102,70,32,0,0,0
2024-12-21 11:00,107,77,30,0,0,0
2024-12-21 11:15,129,86,43,0,0,0
2024-12-21 11:30,131,89,42,0,0,0
2024-12-21 11:45,162,123,39,0,0,0
2024-12-21 12:00,142,98,44,0,0,0
2024-12-21 12:15,171,111,60,0,0,0
2024-12-21 12:30,132,75,57,0,0,0
2024-12-21 12:45,160,91,69,0,0,0
2024-12-21 13:00,126,70,56,0,0,0
2024-12-21 13:15,151,64,87,0,0,0
2024-12-21 13:30,134,57,77,0,0,0
2024-12-21 13:45,139,81,58,0,0,0
2024-12-21 14:00,144,82,62,0,0,0
2024-12-21 14:15,128,69,59,0,0,0
2024-12-21 14:30,116,48,68,0,0,0
2024-12-21 14:45,135,56,79,0,0,0
2024-12-21 15:00,147,64,83,0,0,0
2024-12-21 15:15,157,64,93,0,0,0
2024-12-21 15:30,150,39,111,0,0,0
2024-12-21 15:45,106,44,62,0,0,0
2024-12-21 16:00,97,36,61,0,0,0
2024-12-21 16:15,106,49,57,0,0,0
2024-12-21 16:30,108,51,57,0,0,0
2024-12-21 16:45,102,59,43,0,0,0
2024-12-21 17:00,96,37,59,0,0,0
2024-12-21 17:15,80,30,50,0,0,0
2024-12-21 17:30,94,43,51,0,0,0
2024-12-21 17:45,118,55,63,0,0,0
2024-12-21 18:00,87,39,48,0,0,0
2024-12-21 18:15,75,34,41,0,0,0
2024-12-21 18:30,73,38,35,0,0,0
2024-12-21 18:45,83,39,44,0,0,0
2024-12-21 19:00,80,37,43,0,0,0
2024-12-21 19:15,69,35,34,0,0,0
2024-12-21 19:30,51,27,24,0,0,0
2024-12-21 19:45,78,14,64,0,0,0
2024-12-21 20:00,52,20,32,0,0,0
2024-12-21 20:15,63,20,43,0,0,0
2024-12-21 20:30,50,20,30,0,0,0
2024-12-21 20:45,43,17,26,0,0,0
2024-12-21 21:00,51,24,27,0,0,0
2024-12-21 21:15,58,26,32,0,0,0
2024-12-21 21:30,50,18,32,0,0,0
2024-12-21 21:45,31,10,21,0,0,0
2024-12-21 22:00,25,13,12,0,0,0
2024-12-21 22:15,30,11,19,0,0,0
2024-12-21 22:30,23,7,16,0,0,0
2024-12-21 22:45,27,10,17,0,0,0
2024-12-21 23:00,26,12,14,0,0,0
2024-12-21 23:15,26,10,16,0,0,0
2024-12-21 23:30,32,11,21,0,0,0
2024-12-21 23:45,32,23,9,0,0,0
2024-12-22 00:00,40,11,29,0,0,0
2024-12-22 00:15,28,12,16,0,0,0
2024-12-22 00:30,30,16,14,0,0,0
2024-12-22 00:45,27,11,16,0,0,0
2024-12-22 01:00,24,5,19,0,0,0
2024-12-22 01:15,20,5,15,0,0,0
2024-12-22 01:30,30,8,22,0,0,0
2024-12-22 01:45,19,4,15,0,0,0
2024-12-22 02:00,28,5,23,0,0,0
2024-12-22 02:15,24,5,19,0,0,0
2024-12-22 02:30,2,0,2,0,0,0
2024-12-22 02:45,12,2,10,0,0,0
2024-12-22 03:00,12,1,11,0,0,0
2024-12-22 03:15,14,3,11,0,0,0
2024-12-22 03:30,17,1,16,0,0,0
2024-12-22 03:45,18,4,14,0,0,0
2024-12-22 04:00,6,3,3,0,0,0
2024-12-22 04:15,8,1,7,0,0,0
2024-12-22 04:30,6,0,6,0,0,0
2024-12-22 04:45,4,3,1,0,0,0
2024-12-22 05:00,8,1,7,0,0,0
2024-12-22 05:15,11,2,9,0,0,0
2024-12-22 05:30,8,3,5,0,0,0
2024-12-22 05:45,7,3,4,0,0,0
2024-12-22 06:00,7,3,4,0,0,0
2024-12-22 06:15,3,1,2,0,0,0
2024-12-22 06:30,4,3,1,0,0,0
2024-12-22 06:45,9,1,8,0,0,0
2024-12-22 07:00,6,3,3,0,0,0
2024-12-22 07:15,8,5,3,0,0,0
2024-12-22 07:30,2,2,0,0,0,0
2024-12-22 07:45,5,4,1,0,0,0
2024-12-22 08:00,11,5,6,0,0,0
2024-12-22 08:15,10,6,4,0,0,0
2024-12-22 08:30,12,9,3,0,0,0
2024-12-22 08:45,14,11,3,0,0,0
2024-12-22 09:00,20,8,12,0,0,0
2024-12-22 09:15,32,21,11,0,0,0
2024-12-22 09:30,27,18,9,0,0,0
2024-12-22 09:45,45,36,9,0,0,0
2024-12-22 10:00,28,16,12,0,0,0
2024-12-22 10:15,38,28,10,0,0,0
2024-12-22 10:30,34,19,15,0,0,0
2024-12-22 10:45,53,36,17,0,0,0
2024-12-22 11:00,32,16,16,0,0,0
2024-12-22 11:15,36,19,17,0,0,0
2024-12-22 11:30,44,34,10,0,0,0
2024-12-22 11:45,52,32,20,0,0,0
2024-12-22 12:00,50,31,19,0,0,0
2024-12-22 12:15,59,30,29,0,0,0
2024-12-22 12:30,49,26,23,0,0,0
2024-12-22 12:45,27,13,14,0,0,0
2024-12-22 13:00,44,21,23,0,0,0
2024-12-22 13:15,36,11,25,0,0,0
2024-12-22 13:30,41,18,23,0,0,0
2024-12-22 13:45,64,37,27,0,0,0
2024-12-22 14:00,39,21,18,0,0,0
2024-12-22 14:15,56,35,21,0,0,0
2024-12-22 14:30,35,14,21,0,0,0
2024-12-22 14:45,44,21,23,0,0,0
2024-12-22 15:00,43,25,18,0,0,0
2024-12-22 15:15,49,25,24,0,0,0
2024-12-22 15:30,42,24,18,0,0,0
2024-12-22 15:45,53,26,27,0,0,0
2024-12-22 16:00,65,31,34,0,0,0
2024-12-22 16:15,65,41,24,0,0,0
2024-12-22 16:30,45,25,20,0,0,0
2024-12-22 16:45,63,31,32,0,0,0
2024-12-22 17:00,69,41,28,0,0,0
2024-12-22 17:15,59,36,23,0,0,0
2024-12-22 17:30,63,30,33,0,0,0
2024-12-22 17:45,72,40,32,0,0,0
2024-12-22 18:00,47,28,19,0,0,0
2024-12-22 18:15,57,26,31,0,0,0
2024-12-22 18:30,53,30,23,0,0,0
2024-12-22 18:45,68,33,35,0,0,0
2024-12-22 19:00,45,24,21,0,0,0
2024-12-22 19:15,39,17,22,0,0,0
2024-12-22 19:30,45,17,28,0,0,0
2024-12-22 19:45,59,28,31,0,0,0
2024-12-22 20:00,49,25,24,0,0,0
2024-12-22 20:15,37,14,23,0,0,0
2024-12-22 20:30,47,19,28,0,0,0
2024-12-22 20:45,32,12,20,0,0,0
2024-12-22 21:00,52,19,33,0,0,0
2024-12-22 21:15,24,12,12,0,0,0
2024-12-22 21:30,22,7,15,0,0,0
2024-12-22 21:45,26,8,18,0,0,0
2024-12-22 22:00,34,5,29,0,0,0
2024-12-22 22:15,28,4,24,0,0,0
2024-12-22 22:30,22,5,17,0,0,0
2024-12-22 22:45,17,8,9,0,0,0
2024-12-22 23:00,20,8,12,0,0,0
2024-12-22 23:15,16,5,11,0,0,0
2024-12-22 23:30,12,2,10,0,0,0
2024-12-22 23:45,15,6,9,0,0,0
2024-12-23 00:00,10,1,9,0,0,0
2024-12-23 00:15,13,3,10,0,0,0
2024-12-23 00:30,10,2,8,0,0,0
2024-12-23 00:45,22,4,18,0,0,0
2024-12-23 01:00,10,1,9,0,0,0
2024-12-23 01:15,7,1,6,0,0,0
2024-12-23 01:30,23,1,22,0,0,0
2024-12-23 01:45,8,2,6,0,0,0
2024-12-23 02:00,5,2,3,0,0,0
2024-12-23 02:15,7,0,7,0,0,0
2024-12-23 02:30,5,0,5,0,0,0
2024-12-23 02:45,0,0,0,0,0,0
2024-12-23 03:00,8,3,5,0,0,0
2024-12-23 03:15,4,0,4,0,0,0
2024-12-23 03:30,4,1,3,0,0,0
2024-12-23 03:45,4,2,2,0,0,0
2024-12-23 04:00,1,1,0,0,0,0
2024-12-23 04:15,4,2,2,0,0,0
2024-12-23 04:30,2,0,2,0,0,0
2024-12-23 04:45,2,2,0,0,0,0
2024-12-23 05:00,3,2,1,0,0,0
2024-12-23 05:15,5,5,0,0,0,0
2024-12-23 05:30,7,5,2,0,0,0
2024-12-23 05:45,11,5,6,0,0,0
2024-12-23 06:00,12,7,5,0,0,0
2024-12-23 06:15,17,10,7,0,0,0
2024-12-23 06:30,21,13,8,0,0,0
2024-12-23 06:45,28,18,10,0,0,0
2024-12-23 07:00,16,12,4,0,0,0
2024-12-23 07:15,31,19,12,0,0,0
2024-12-23 07:30,38,24,14,0,0,0
2024-12-23 07:45,55,33,22,0,0,0
2024-12-23 08:00,46,24,22,0,0,0
2024-12-23 08:15,48,32,16,0,0,0
2024-12-23 08:30,43,31,12,0,0,0
2024-12-23 08:45,61,33,28,0,0,0
2024-12-23 09:00,40,27,13,0,0,0
2024-12-23 09:15,68,47,21,0,0,0
2024-12-23 09:30,55,39,16,0,0,0
2024-12-23 09:45,93,57,36,0,0,0
2024-12-23 10:00,89,59,30,0,0,0
2024-12-23 10:15,81,60,21,0,0,0
2024-12-23 10:30,101,64,37,0,0,0
2024-12-23 10:45,82,52,30,0,0,0
2024-12-23 11:00,91,54,37,0,0,0
2024-12-23 11:15,87,40,47,0,0,0
2024-12-23 11:30,99,54,45,0,0,0
2024-12-23 11:45,123,67,56,0,0,0
2024-12-23 12:00,119,54,65,0,0,0
2024-12-23 12:15,121,65,56,0,0,0
2024-12-23 12:30,109,56,53,0,0,0
2024-12-23 12:45,109,57,52,0,0,0
2024-12-23 13:00,117,57,60,0,0,0
2024-12-23 13:15,103,57,46,0,0,0
2024-12-23 13:30,105,59,46,0,0,0
2024-12-23 13:45,133,63,70,0,0,0
2024-12-23 14:00,113,60,53,0,0,0
2024-12-23 14:15,111,64,47,0,0,0
2024-12-23 14:30,108,59,49,0,0,0
2024-12-23 14:45,119,59,60,0,0,0
2024-12-23 15:00,109,59,50,0,0,0
2024-12-23 15:15,113,54,59,0,0,0
2024-12-23 15:30,139,66,73,0,0,0
2024-12-23 15:45,101,54,47,0,0,0
2024-12-23 16:00,105,48,57,0,0,0
2024-12-23 16:15,115,65,50,0,0,0
2024-12-23 16:30,122,49,73,0,0,0
2024-12-23 16:45,113,58,55,0,0,0
2024-12-23 17:00,114,63,51,0,0,0
2024-12-23 17:15,115,52,63,0,0,0
2024-12-23 17:30,89,41,48,0,0,0
2024-12-23 17:45,85,43,42,0,0,0
2024-12-23 18:00,95,36,59,0,0,0
2024-12-23 18:15,94,40,54,0,0,0
2024-12-23 18:30,96,45,51,0,0,0
2024-12-23 18:45,94,40,54,0,0,0
2024-12-23 19:00,93,35,58,0,0,0
2024-12-23 19:15,54,24,30,0,0,0
2024-12-23 19:30,50,23,27,0,0,0
2024-12-23 19:45,64,33,31,0,0,0
2024-12-23 20:00,68,32,36,0,0,0
2024-12-23 20:15,57,20,37,0,0,0
2024-12-23 20:30,38,16,22,0,0,0
2024-12-23 20:45,26,17,9,0,0,0
2024-12-23 21:00,40,10,30,0,0,0
2024-12-23 21:15,48,17,31,0,0,0
2024-12-23 21:30,28,14,14,0,0,0
2024-12-23 21:45,32,14,18,0,0,0
2024-12-23 22:00,18,2,16,0,0,0
2024-12-23 22:15,23,7,16,0,0,0
2024-12-23 22:30,14,5,9,0,0,0
2024-12-23 22:45,21,10,11,0,0,0
2024-12-23 23:00,24,5,19,0,0,0
2024-12-23 23:15,30,19,11,0,0,0
2024-12-23 23:30,29,10,19,0,0,0
2024-12-23 23:45,22,5,17,0,0,0
