Datetime,100035541 (Neutor),101035541 (Neutor stadteinwÃ¤rts),102035541 (Neutor stadtauswÃ¤rts),100035541-status,101035541-status,102035541-status
2025-01-01 00:00,8,3,5,0,0,0
2025-01-01 00:15,14,6,8,0,0,0
2025-01-01 00:30,24,12,12,0,0,0
2025-01-01 00:45,25,8,17,0,0,0
2025-01-01 01:00,41,13,28,0,0,0
2025-01-01 01:15,47,30,17,0,0,0
2025-01-01 01:30,45,13,32,0,0,0
2025-01-01 01:45,74,29,45,0,0,0
2025-01-01 02:00,85,33,52,0,0,0
2025-01-01 02:15,82,33,49,0,0,0
2025-01-01 02:30,50,9,41,0,0,0
2025-01-01 02:45,58,29,29,0,0,0
2025-01-01 03:00,51,21,30,0,0,0
2025-01-01 03:15,45,15,30,0,0,0
2025-01-01 03:30,48,8,40,0,0,0
2025-01-01 03:45,46,14,32,0,0,0
2025-01-01 04:00,49,7,42,0,0,0
2025-01-01 04:15,54,20,34,0,0,0
2025-01-01 04:30,35,12,23,0,0,0
2025-01-01 04:45,42,13,29,0,0,0
2025-01-01 05:00,22,6,16,0,0,0
2025-01-01 05:15,30,21,9,0,0,0
2025-01-01 05:30,14,7,7,0,0,0
2025-01-01 05:45,16,3,13,0,0,0
2025-01-01 06:00,13,3,10,0,0,0
2025-01-01 06:15,11,2,9,0,0,0
2025-01-01 06:30,19,8,11,0,0,0
2025-01-01 06:45,14,2,12,0,0,0
2025-01-01 07:00,5,1,4,0,0,0
2025-01-01 07:15,2,0,2,0,0,0
2025-01-01 07:30,3,0,3,0,0,0
2025-01-01 07:45,6,0,6,0,0,0
2025-01-01 08:00,4,3,1,0,0,0
2025-01-01 08:15,4,2,2,0,0,0
2025-01-01 08:30,3,1,2,0,0,0
2025-01-01 08:45,5,0,5,0,0,0
2025-01-01 09:00,6,2,4,0,0,0
2025-01-01 09:15,4,3,1,0,0,0
2025-01-01 09:30,8,3,5,0,0,0
2025-01-01 09:45,5,3,2,0,0,0
2025-01-01 10:00,9,6,3,0,0,0
2025-01-01 10:15,6,1,5,0,0,0
2025-01-01 10:30,8,4,4,0,0,0
2025-01-01 10:45,19,9,10,0,0,0
2025-01-01 11:00,14,10,4,0,0,0
2025-01-01 11:15,15,6,9,0,0,0
2025-01-01 11:30,22,12,10,0,0,0
2025-01-01 11:45,27,15,12,0,0,0
2025-01-01 12:00,23,14,9,0,0,0
2025-01-01 12:15,23,12,11,0,0,0
2025-01-01 12:30,23,12,11,0,0,0
2025-01-01 12:45,43,21,22,0,0,0
2025-01-01 13:00,23,10,13,0,0,0
2025-01-01 13:15,13,5,8,0,0,0
2025-01-01 13:30,30,17,13,0,0,0
2025-01-01 13:45,29,17,12,0,0,0
2025-01-01 14:00,21,9,12,0,0,0
2025-01-01 14:15,29,11,18,0,0,0
2025-01-01 14:30,27,7,20,0,0,0
2025-01-01 14:45,27,11,16,0,0,0
2025-01-01 15:00,30,12,18,0,0,0
2025-01-01 15:15,27,17,10,0,0,0
2025-01-01 15:30,23,9,14,0,0,0
2025-01-01 15:45,31,14,17,0,0,0
2025-01-01 16:00,30,10,20,0,0,0
2025-01-01 16:15,29,11,18,0,0,0
2025-01-01 16:30,29,12,17,0,0,0
2025-01-01 16:45,48,11,37,0,0,0
2025-01-01 17:00,27,12,15,0,0,0
2025-01-01 17:15,34,21,13,0,0,0
2025-01-01 17:30,33,14,19,0,0,0
2025-01-01 17:45,39,22,17,0,0,0
2025-01-01 18:00,19,11,8,0,0,0
2025-01-01 18:15,29,16,13,0,0,0
2025-01-01 18:30,29,7,22,0,0,0
2025-01-01 18:45,26,13,13,0,0,0
2025-01-01 19:00,21,11,10,0,0,0
2025-01-01 19:15,28,21,7,0,0,0
2025-01-01 19:30,23,12,11,0,0,0
2025-01-01 19:45,24,9,15,0,0,0
2025-01-01 20:00,21,9,12,0,0,0
2025-01-01 20:15,16,3,13,0,0,0
2025-01-01 20:30,10,5,5,0,0,0
2025-01-01 20:45,16,1,15,0,0,0
2025-01-01 21:00,8,3,5,0,0,0
2025-01-01 21:15,8,4,4,0,0,0
2025-01-01 21:30,8,0,8,0,0,0
2025-01-01 21:45,10,5,5,0,0,0
2025-01-01 22:00,4,1,3,0,0,0
2025-01-01 22:15,14,3,11,0,0,0
2025-01-01 22:30,8,1,7,0,0,0
2025-01-01 22:45,8,2,6,0,0,0
2025-01-01 23:00,7,3,4,0,0,0
2025-01-01 23:15,3,0,3,0,0,0
2025-01-01 23:30,3,1,2,0,0,0
2025-01-01 23:45,7,2,5,0,0,0
2025-01-02 00:00,2,1,1,0,0,0
2025-01-02 00:15,4,1,3,0,0,0
2025-01-02 00:30,3,1,2,0,0,0
2025-01-02 00:45,4,2,2,0,0,0
2025-01-02 01:00,1,1,0,0,0,0
2025-01-02 01:15,1,0,1,0,0,0
2025-01-02 01:30,0,0,0,0,0,0
2025-01-02 01:45,2,0,2,0,0,0
2025-01-02 02:00,0,0,0,0,0,0
2025-01-02 02:15,1,0,1,0,0,0
2025-01-02 02:30,0,0,0,0,0,0
2025-01-02 02:45,0,0,0,0,0,0
2025-01-02 03:00,2,1,1,0,0,0
2025-01-02 03:15,0,0,0,0,0,0
2025-01-02 03:30,0,0,0,0,0,0
2025-01-02 03:45,0,0,0,0,0,0
2025-01-02 04:00,1,1,0,0,0,0
2025-01-02 04:15,1,0,1,0,0,0
2025-01-02 04:30,1,0,1,0,0,0
2025-01-02 04:45,3,3,0,0,0,0
2025-01-02 05:00,5,3,2,0,0,0
2025-01-02 05:15,8,7,1,0,0,0
2025-01-02 05:30,11,6,5,0,0,0
2025-01-02 05:45,12,5,7,0,0,0
2025-01-02 06:00,15,6,9,0,0,0
2025-01-02 06:15,24,17,7,0,0,0
2025-01-02 06:30,25,14,11,0,0,0
2025-01-02 06:45,22,13,9,0,0,0
2025-01-02 07:00,37,24,13,0,0,0
2025-01-02 07:15,36,19,17,0,0,0
2025-01-02 07:30,72,42,30,0,0,0
2025-01-02 07:45,87,45,42,0,0,0
2025-01-02 08:00,63,44,19,0,0,0
2025-01-02 08:15,75,49,26,0,0,0
2025-01-02 08:30,64,48,16,0,0,0
2025-01-02 08:45,78,51,27,0,0,0
2025-01-02 09:00,42,25,17,0,0,0
2025-01-02 09:15,70,43,27,0,0,0
2025-01-02 09:30,50,38,12,0,0,0
2025-01-02 09:45,80,59,21,0,0,0
2025-01-02 10:00,70,44,26,0,0,0
2025-01-02 10:15,73,49,24,0,0,0
2025-01-02 10:30,67,39,28,0,0,0
2025-01-02 10:45,67,48,19,0,0,0
2025-01-02 11:00,59,31,28,0,0,0
2025-01-02 11:15,58,31,27,0,0,0
2025-01-02 11:30,62,35,27,0,0,0
2025-01-02 11:45,78,45,33,0,0,0
2025-01-02 12:00,75,40,35,0,0,0
2025-01-02 12:15,88,50,38,0,0,0
2025-01-02 12:30,69,39,30,0,0,0
2025-01-02 12:45,94,48,46,0,0,0
2025-01-02 13:00,91,51,40,0,0,0
2025-01-02 13:15,81,39,42,0,0,0
2025-01-02 13:30,90,53,37,0,0,0
2025-01-02 13:45,98,49,49,0,0,0
2025-01-02 14:00,107,55,52,0,0,0
2025-01-02 14:15,93,41,52,0,0,0
2025-01-02 14:30,118,63,55,0,0,0
2025-01-02 14:45,109,53,56,0,0,0
2025-01-02 15:00,102,55,47,0,0,0
2025-01-02 15:15,115,60,55,0,0,0
2025-01-02 15:30,123,53,70,0,0,0
2025-01-02 15:45,142,73,69,0,0,0
2025-01-02 16:00,129,61,68,0,0,0
2025-01-02 16:15,117,54,63,0,0,0
2025-01-02 16:30,122,49,73,0,0,0
2025-01-02 16:45,126,52,74,0,0,0
2025-01-02 17:00,121,51,70,0,0,0
2025-01-02 17:15,119,45,74,0,0,0
2025-01-02 17:30,116,39,77,0,0,0
2025-01-02 17:45,140,50,90,0,0,0
2025-01-02 18:00,106,32,74,0,0,0
2025-01-02 18:15,106,38,68,0,0,0
2025-01-02 18:30,88,39,49,0,0,0
2025-01-02 18:45,95,46,49,0,0,0
2025-01-02 19:00,102,33,69,0,0,0
2025-01-02 19:15,70,26,44,0,0,0
2025-01-02 19:30,87,26,61,0,0,0
2025-01-02 19:45,69,31,38,0,0,0
2025-01-02 20:00,66,18,48,0,0,0
2025-01-02 20:15,50,21,29,0,0,0
2025-01-02 20:30,53,25,28,0,0,0
2025-01-02 20:45,36,10,26,0,0,0
2025-01-02 21:00,46,22,24,0,0,0
2025-01-02 21:15,49,22,27,0,0,0
2025-01-02 21:30,41,14,27,0,0,0
2025-01-02 21:45,38,17,21,0,0,0
2025-01-02 22:00,40,15,25,0,0,0
2025-01-02 22:15,37,15,22,0,0,0
2025-01-02 22:30,22,9,13,0,0,0
2025-01-02 22:45,31,11,20,0,0,0
2025-01-02 23:00,17,3,14,0,0,0
2025-01-02 23:15,17,5,12,0,0,0
2025-01-02 23:30,12,8,4,0,0,0
2025-01-02 23:45,15,2,13,0,0,0
2025-01-03 00:00,11,5,6,0,0,0
2025-01-03 00:15,7,3,4,0,0,0
2025-01-03 00:30,11,2,9,0,0,0
2025-01-03 00:45,9,2,7,0,0,0
2025-01-03 01:00,6,2,4,0,0,0
2025-01-03 01:15,3,0,3,0,0,0
2025-01-03 01:30,4,1,3,0,0,0
2025-01-03 01:45,1,1,0,0,0,0
2025-01-03 02:00,1,1,0,0,0,0
2025-01-03 02:15,2,1,1,0,0,0
2025-01-03 02:30,3,0,3,0,0,0
2025-01-03 02:45,2,1,1,0,0,0
2025-01-03 03:00,2,0,2,0,0,0
2025-01-03 03:15,5,2,3,0,0,0
2025-01-03 03:30,1,0,1,0,0,0
2025-01-03 03:45,0,0,0,0,0,0
2025-01-03 04:00,2,1,1,0,0,0
2025-01-03 04:15,2,1,1,0,0,0
2025-01-03 04:30,3,0,3,0,0,0
2025-01-03 04:45,3,3,0,0,0,0
2025-01-03 05:00,2,2,0,0,0,0
2025-01-03 05:15,10,9,1,0,0,0
2025-01-03 05:30,11,8,3,0,0,0
2025-01-03 05:45,11,7,4,0,0,0
2025-01-03 06:00,14,8,6,0,0,0
2025-01-03 06:15,18,8,10,0,0,0
2025-01-03 06:30,28,16,12,0,0,0
2025-01-03 06:45,30,20,10,0,0,0
2025-01-03 07:00,36,20,16,0,0,0
2025-01-03 07:15,42,31,11,0,0,0
2025-01-03 07:30,75,50,25,0,0,0
2025-01-03 07:45,102,52,50,0,0,0
2025-01-03 08:00,69,44,25,0,0,0
2025-01-03 08:15,55,34,21,0,0,0
2025-01-03 08:30,56,39,17,0,0,0
2025-01-03 08:45,79,52,27,0,0,0
2025-01-03 09:00,51,33,18,0,0,0
2025-01-03 09:15,57,30,27,0,0,0
2025-01-03 09:30,64,43,21,0,0,0
2025-01-03 09:45,84,53,31,0,0,0
2025-01-03 10:00,55,40,15,0,0,0
2025-01-03 10:15,66,42,24,0,0,0
2025-01-03 10:30,61,38,23,0,0,0
2025-01-03 10:45,68,38,30,0,0,0
2025-01-03 11:00,60,35,25,0,0,0
2025-01-03 11:15,70,38,32,0,0,0
2025-01-03 11:30,49,27,22,0,0,0
2025-01-03 11:45,75,47,28,0,0,0
2025-01-03 12:00,78,45,33,0,0,0
2025-01-03 12:15,88,58,30,0,0,0
2025-01-03 12:30,67,34,33,0,0,0
2025-01-03 12:45,92,34,58,0,0,0
2025-01-03 13:00,89,41,48,0,0,0
2025-01-03 13:15,80,44,36,0,0,0
2025-01-03 13:30,92,45,47,0,0,0
2025-01-03 13:45,83,39,44,0,0,0
2025-01-03 14:00,91,49,42,0,0,0
2025-01-03 14:15,100,47,53,0,0,0
2025-01-03 14:30,94,42,52,0,0,0
2025-01-03 14:45,84,36,48,0,0,0
2025-01-03 15:00,85,30,55,0,0,0
2025-01-03 15:15,85,33,52,0,0,0
2025-01-03 15:30,91,44,47,0,0,0
2025-01-03 15:45,103,51,52,0,0,0
2025-01-03 16:00,82,40,42,0,0,0
2025-01-03 16:15,69,28,41,0,0,0
2025-01-03 16:30,76,27,49,0,0,0
2025-01-03 16:45,95,41,54,0,0,0
2025-01-03 17:00,94,40,54,0,0,0
2025-01-03 17:15,96,40,56,0,0,0
2025-01-03 17:30,86,43,43,0,0,0
2025-01-03 17:45,98,42,56,0,0,0
2025-01-03 18:00,87,24,63,0,0,0
2025-01-03 18:15,80,27,53,0,0,0
2025-01-03 18:30,82,29,53,0,0,0
2025-01-03 18:45,83,30,53,0,0,0
2025-01-03 19:00,88,42,46,0,0,0
2025-01-03 19:15,61,28,33,0,0,0
2025-01-03 19:30,53,16,37,0,0,0
2025-01-03 19:45,77,30,47,0,0,0
2025-01-03 20:00,57,26,31,0,0,0
2025-01-03 20:15,49,23,26,0,0,0
2025-01-03 20:30,44,19,25,0,0,0
2025-01-03 20:45,32,14,18,0,0,0
2025-01-03 21:00,30,17,13,0,0,0
2025-01-03 21:15,35,13,22,0,0,0
2025-01-03 21:30,26,9,17,0,0,0
2025-01-03 21:45,30,17,13,0,0,0
2025-01-03 22:00,33,20,13,0,0,0
2025-01-03 22:15,35,14,21,0,0,0
2025-01-03 22:30,33,6,27,0,0,0
2025-01-03 22:45,20,4,16,0,0,0
2025-01-03 23:00,31,13,18,0,0,0
2025-01-03 23:15,35,14,21,0,0,0
2025-01-03 23:30,30,11,19,0,0,0
2025-01-03 23:45,21,5,16,0,0,0
2025-01-04 00:00,33,10,23,0,0,0
2025-01-04 00:15,22,7,15,0,0,0
2025-01-04 00:30,13,2,11,0,0,0
2025-01-04 00:45,9,5,4,0,0,0
2025-01-04 01:00,11,3,8,0,0,0
2025-01-04 01:15,11,4,7,0,0,0
2025-01-04 01:30,13,2,11,0,0,0
2025-01-04 01:45,12,4,8,0,0,0
2025-01-04 02:00,7,3,4,0,0,0
2025-01-04 02:15,2,0,2,0,0,0
2025-01-04 02:30,3,0,3,0,0,0
2025-01-04 02:45,12,1,11,0,0,0
2025-01-04 03:00,7,2,5,0,0,0
2025-01-04 03:15,3,2,1,0,0,0
2025-01-04 03:30,6,1,5,0,0,0
2025-01-04 03:45,1,0,1,0,0,0
2025-01-04 04:00,0,0,0,0,0,0
2025-01-04 04:15,4,0,4,0,0,0
2025-01-04 04:30,4,1,3,0,0,0
2025-01-04 04:45,5,1,4,0,0,0
2025-01-04 05:00,4,3,1,0,0,0
2025-01-04 05:15,10,8,2,0,0,0
2025-01-04 05:30,10,6,4,0,0,0
2025-01-04 05:45,6,4,2,0,0,0
2025-01-04 06:00,5,1,4,0,0,0
2025-01-04 06:15,9,6,3,0,0,0
2025-01-04 06:30,8,2,6,0,0,0
2025-01-04 06:45,11,8,3,0,0,0
2025-01-04 07:00,10,6,4,0,0,0
2025-01-04 07:15,8,7,1,0,0,0
2025-01-04 07:30,8,5,3,0,0,0
2025-01-04 07:45,18,8,10,0,0,0
2025-01-04 08:00,18,11,7,0,0,0
2025-01-04 08:15,19,12,7,0,0,0
2025-01-04 08:30,23,15,8,0,0,0
2025-01-04 08:45,26,18,8,0,0,0
2025-01-04 09:00,28,21,7,0,0,0
2025-01-04 09:15,29,21,8,0,0,0
2025-01-04 09:30,42,27,15,0,0,0
2025-01-04 09:45,92,68,24,0,0,0
2025-01-04 10:00,70,51,19,0,0,0
2025-01-04 10:15,81,52,29,0,0,0
2025-01-04 10:30,56,35,21,0,0,0
2025-01-04 10:45,77,51,26,0,0,0
2025-01-04 11:00,86,47,39,0,0,0
2025-01-04 11:15,89,56,33,0,0,0
2025-01-04 11:30,74,54,20,0,0,0
2025-01-04 11:45,95,61,34,0,0,0
2025-01-04 12:00,95,57,38,0,0,0
2025-01-04 12:15,102,63,39,0,0,0
2025-01-04 12:30,89,49,40,0,0,0
2025-01-04 12:45,98,60,38,0,0,0
2025-01-04 13:00,85,42,43,0,0,0
2025-01-04 13:15,113,55,58,0,0,0
2025-01-04 13:30,99,46,53,0,0,0
2025-01-04 13:45,110,63,47,0,0,0
2025-01-04 14:00,97,46,51,0,0,0
2025-01-04 14:15,96,43,53,0,0,0
2025-01-04 14:30,95,46,49,0,0,0
2025-01-04 14:45,97,47,50,0,0,0
2025-01-04 15:00,102,48,54,0,0,0
2025-01-04 15:15,87,30,57,0,0,0
2025-01-04 15:30,87,31,56,0,0,0
2025-01-04 15:45,103,56,47,0,0,0
2025-01-04 16:00,103,49,54,0,0,0
2025-01-04 16:15,95,46,49,0,0,0
2025-01-04 16:30,102,38,64,0,0,0
2025-01-04 16:45,97,40,57,0,0,0
2025-01-04 17:00,87,24,63,0,0,0
2025-01-04 17:15,77,27,50,0,0,0
2025-01-04 17:30,82,33,49,0,0,0
2025-01-04 17:45,111,46,65,0,0,0
2025-01-04 18:00,89,34,55,0,0,0
2025-01-04 18:15,92,34,58,0,0,0
2025-01-04 18:30,77,36,41,0,0,0
2025-01-04 18:45,89,33,56,0,0,0
2025-01-04 19:00,86,33,53,0,0,0
2025-01-04 19:15,83,40,43,0,0,0
2025-01-04 19:30,63,29,34,0,0,0
2025-01-04 19:45,87,43,44,0,0,0
2025-01-04 20:00,103,52,51,0,0,0
2025-01-04 20:15,54,21,33,0,0,0
2025-01-04 20:30,48,16,32,0,0,0
2025-01-04 20:45,38,18,20,0,0,0
2025-01-04 21:00,43,17,26,0,0,0
2025-01-04 21:15,25,5,20,0,0,0
2025-01-04 21:30,26,12,14,0,0,0
2025-01-04 21:45,40,11,29,0,0,0
2025-01-04 22:00,52,29,23,0,0,0
2025-01-04 22:15,40,22,18,0,0,0
2025-01-04 22:30,33,6,27,0,0,0
2025-01-04 22:45,34,9,25,0,0,0
2025-01-04 23:00,41,15,26,0,0,0
2025-01-04 23:15,24,10,14,0,0,0
2025-01-04 23:30,36,17,19,0,0,0
2025-01-04 23:45,45,21,24,0,0,0
2025-01-05 00:00,26,8,18,0,0,0
2025-01-05 00:15,26,7,19,0,0,0
2025-01-05 00:30,35,12,23,0,0,0
2025-01-05 00:45,29,8,21,0,0,0
2025-01-05 01:00,25,8,17,0,0,0
2025-01-05 01:15,20,7,13,0,0,0
2025-01-05 01:30,17,5,12,0,0,0
2025-01-05 01:45,19,7,12,0,0,0
2025-01-05 02:00,12,2,10,0,0,0
2025-01-05 02:15,16,3,13,0,0,0
2025-01-05 02:30,14,2,12,0,0,0
2025-01-05 02:45,16,2,14,0,0,0
2025-01-05 03:00,6,0,6,0,0,0
2025-01-05 03:15,11,3,8,0,0,0
2025-01-05 03:30,7,1,6,0,0,0
2025-01-05 03:45,7,3,4,0,0,0
2025-01-05 04:00,1,0,1,0,0,0
2025-01-05 04:15,8,3,5,0,0,0
2025-01-05 04:30,3,1,2,0,0,0
2025-01-05 04:45,1,0,1,0,0,0
2025-01-05 05:00,5,1,4,0,0,0
2025-01-05 05:15,2,1,1,0,0,0
2025-01-05 05:30,7,5,2,0,0,0
2025-01-05 05:45,5,4,1,0,0,0
2025-01-05 06:00,11,5,6,0,0,0
2025-01-05 06:15,7,2,5,0,0,0
2025-01-05 06:30,7,3,4,0,0,0
2025-01-05 06:45,6,3,3,0,0,0
2025-01-05 07:00,2,2,0,0,0,0
2025-01-05 07:15,5,2,3,0,0,0
2025-01-05 07:30,5,2,3,0,0,0
2025-01-05 07:45,4,1,3,0,0,0
2025-01-05 08:00,6,4,2,0,0,0
2025-01-05 08:15,8,5,3,0,0,0
2025-01-05 08:30,7,5,2,0,0,0
2025-01-05 08:45,13,10,3,0,0,0
2025-01-05 09:00,9,8,1,0,0,0
2025-01-05 09:15,14,12,2,0,0,0
2025-01-05 09:30,18,12,6,0,0,0
2025-01-05 09:45,37,27,10,0,0,0
2025-01-05 10:00,29,24,5,0,0,0
2025-01-05 10:15,45,30,15,0,0,0
2025-01-05 10:30,22,12,10,0,0,0
2025-01-05 10:45,35,23,12,0,0,0
2025-01-05 11:00,30,23,7,0,0,0
2025-01-05 11:15,23,18,5,0,0,0
2025-01-05 11:30,25,17,8,0,0,0
2025-01-05 11:45,23,14,9,0,0,0
2025-01-05 12:00,25,13,12,0,0,0
2025-01-05 12:15,26,13,13,0,0,0
2025-01-05 12:30,27,7,20,0,0,0
2025-01-05 12:45,34,19,15,0,0,0
2025-01-05 13:00,33,19,14,0,0,0
2025-01-05 13:15,39,28,11,0,0,0
2025-01-05 13:30,36,22,14,0,0,0
2025-01-05 13:45,43,28,15,0,0,0
2025-01-05 14:00,33,14,19,0,0,0
2025-01-05 14:15,30,11,19,0,0,0
2025-01-05 14:30,31,13,18,0,0,0
2025-01-05 14:45,43,19,24,0,0,0
2025-01-05 15:00,36,12,24,0,0,0
2025-01-05 15:15,50,23,27,0,0,0
2025-01-05 15:30,17,10,7,0,0,0
2025-01-05 15:45,43,20,23,0,0,0
2025-01-05 16:00,23,9,14,0,0,0
2025-01-05 16:15,31,15,16,0,0,0
2025-01-05 16:30,36,14,22,0,0,0
2025-01-05 16:45,36,18,18,0,0,0
2025-01-05 17:00,26,11,15,0,0,0
2025-01-05 17:15,36,14,22,0,0,0
2025-01-05 17:30,46,18,28,0,0,0
2025-01-05 17:45,60,24,36,0,0,0
2025-01-05 18:00,47,9,38,0,0,0
2025-01-05 18:15,36,12,24,0,0,0
2025-01-05 18:30,54,20,34,0,0,0
2025-01-05 18:45,40,21,19,0,0,0
2025-01-05 19:00,36,11,25,0,0,0
2025-01-05 19:15,29,10,19,0,0,0
2025-01-05 19:30,31,10,21,0,0,0
2025-01-05 19:45,44,20,24,0,0,0
2025-01-05 20:00,37,17,20,0,0,0
2025-01-05 20:15,15,6,9,0,0,0
2025-01-05 20:30,21,10,11,0,0,0
2025-01-05 20:45,25,8,17,0,0,0
2025-01-05 21:00,31,13,18,0,0,0
2025-01-05 21:15,25,5,20,0,0,0
2025-01-05 21:30,17,6,11,0,0,0
2025-01-05 21:45,17,4,13,0,0,0
2025-01-05 22:00,20,7,13,0,0,0
2025-01-05 22:15,26,6,20,0,0,0
2025-01-05 22:30,7,1,6,0,0,0
2025-01-05 22:45,12,5,7,0,0,0
2025-01-05 23:00,14,3,11,0,0,0
2025-01-05 23:15,10,5,5,0,0,0
2025-01-05 23:30,9,4,5,0,0,0
2025-01-05 23:45,8,1,7,0,0,0
2025-01-06 00:00,9,0,9,0,0,0
2025-01-06 00:15,4,0,4,0,0,0
2025-01-06 00:30,12,2,10,0,0,0
2025-01-06 00:45,5,2,3,0,0,0
2025-01-06 01:00,8,5,3,0,0,0
2025-01-06 01:15,4,3,1,0,0,0
2025-01-06 01:30,1,0,1,0,0,0
2025-01-06 01:45,2,1,1,0,0,0
2025-01-06 02:00,4,0,4,0,0,0
2025-01-06 02:15,2,1,1,0,0,0
2025-01-06 02:30,2,1,1,0,0,0
2025-01-06 02:45,1,1,0,0,0,0
2025-01-06 03:00,8,1,7,0,0,0
2025-01-06 03:15,1,0,1,0,0,0
2025-01-06 03:30,1,1,0,0,0,0
2025-01-06 03:45,3,1,2,0,0,0
2025-01-06 04:00,0,0,0,0,0,0
2025-01-06 04:15,2,0,2,0,0,0
2025-01-06 04:30,4,3,1,0,0,0
2025-01-06 04:45,3,3,0,0,0,0
2025-01-06 05:00,6,5,1,0,0,0
2025-01-06 05:15,8,7,1,0,0,0
2025-01-06 05:30,12,9,3,0,0,0
2025-01-06 05:45,20,12,8,0,0,0
2025-01-06 06:00,20,16,4,0,0,0
2025-01-06 06:15,32,25,7,0,0,0
2025-01-06 06:30,44,28,16,0,0,0
2025-01-06 06:45,62,34,28,0,0,0
2025-01-06 07:00,69,37,32,0,0,0
2025-01-06 07:15,83,54,29,0,0,0
2025-01-06 07:30,144,84,60,0,0,0
2025-01-06 07:45,222,123,99,0,0,0
2025-01-06 08:00,164,102,62,0,0,0
2025-01-06 08:15,187,121,66,0,0,0
2025-01-06 08:30,149,93,56,0,0,0
2025-01-06 08:45,166,100,66,0,0,0
2025-01-06 09:00,118,61,57,0,0,0
2025-01-06 09:15,98,64,34,0,0,0
2025-01-06 09:30,80,43,37,0,0,0
2025-01-06 09:45,150,84,66,0,0,0
2025-01-06 10:00,114,57,57,0,0,0
2025-01-06 10:15,84,52,32,0,0,0
2025-01-06 10:30,83,47,36,0,0,0
2025-01-06 10:45,87,53,34,0,0,0
2025-01-06 11:00,102,53,49,0,0,0
2025-01-06 11:15,80,37,43,0,0,0
2025-01-06 11:30,84,39,45,0,0,0
2025-01-06 11:45,124,53,71,0,0,0
2025-01-06 12:00,99,62,37,0,0,0
2025-01-06 12:15,97,45,52,0,0,0
2025-01-06 12:30,101,49,52,0,0,0
2025-01-06 12:45,128,71,57,0,0,0
2025-01-06 13:00,128,70,58,0,0,0
2025-01-06 13:15,90,44,46,0,0,0
2025-01-06 13:30,124,64,60,0,0,0
2025-01-06 13:45,141,59,82,0,0,0
2025-01-06 14:00,168,71,97,0,0,0
2025-01-06 14:15,125,57,68,0,0,0
2025-01-06 14:30,133,60,73,0,0,0
2025-01-06 14:45,137,62,75,0,0,0
2025-01-06 15:00,145,64,81,0,0,0
2025-01-06 15:15,133,54,79,0,0,0
2025-01-06 15:30,153,64,89,0,0,0
2025-01-06 15:45,164,81,83,0,0,0
2025-01-06 16:00,176,99,77,0,0,0
2025-01-06 16:15,170,73,97,0,0,0
2025-01-06 16:30,172,70,102,0,0,0
2025-01-06 16:45,159,69,90,0,0,0
2025-01-06 17:00,203,76,127,0,0,0
2025-01-06 17:15,201,77,124,0,0,0
2025-01-06 17:30,183,71,112,0,0,0
2025-01-06 17:45,206,76,130,0,0,0
2025-01-06 18:00,171,72,99,0,0,0
2025-01-06 18:15,151,65,86,0,0,0
2025-01-06 18:30,155,66,89,0,0,0
2025-01-06 18:45,152,62,90,0,0,0
2025-01-06 19:00,156,81,75,0,0,0
2025-01-06 19:15,122,56,66,0,0,0
2025-01-06 19:30,111,53,58,0,0,0
2025-01-06 19:45,111,49,62,0,0,0
2025-01-06 20:00,119,52,67,0,0,0
2025-01-06 20:15,84,39,45,0,0,0
2025-01-06 20:30,65,32,33,0,0,0
2025-01-06 20:45,61,28,33,0,0,0
2025-01-06 21:00,72,29,43,0,0,0
2025-01-06 21:15,49,22,27,0,0,0
2025-01-06 21:30,50,17,33,0,0,0
2025-01-06 21:45,46,15,31,0,0,0
2025-01-06 22:00,48,22,26,0,0,0
2025-01-06 22:15,62,28,34,0,0,0
2025-01-06 22:30,48,17,31,0,0,0
2025-01-06 22:45,40,10,30,0,0,0
2025-01-06 23:00,21,7,14,0,0,0
2025-01-06 23:15,30,14,16,0,0,0
2025-01-06 23:30,20,5,15,0,0,0
2025-01-06 23:45,11,3,8,0,0,0
2025-01-07 00:00,10,2,8,0,0,0
2025-01-07 00:15,9,0,9,0,0,0
2025-01-07 00:30,10,6,4,0,0,0
2025-01-07 00:45,10,0,10,0,0,0
2025-01-07 01:00,3,2,1,0,0,0
2025-01-07 01:15,1,0,1,0,0,0
2025-01-07 01:30,1,1,0,0,0,0
2025-01-07 01:45,3,2,1,0,0,0
2025-01-07 02:00,3,1,2,0,0,0
2025-01-07 02:15,4,2,2,0,0,0
2025-01-07 02:30,1,1,0,0,0,0
2025-01-07 02:45,1,1,0,0,0,0
2025-01-07 03:00,0,0,0,0,0,0
2025-01-07 03:15,0,0,0,0,0,0
2025-01-07 03:30,0,0,0,0,0,0
2025-01-07 03:45,2,1,1,0,0,0
2025-01-07 04:00,3,3,0,0,0,0
2025-01-07 04:15,3,0,3,0,0,0
2025-01-07 04:30,1,0,1,0,0,0
2025-01-07 04:45,5,4,1,0,0,0
2025-01-07 05:00,5,2,3,0,0,0
2025-01-07 05:15,11,6,5,0,0,0
2025-01-07 05:30,18,15,3,0,0,0
2025-01-07 05:45,21,16,5,0,0,0
2025-01-07 06:00,30,25,5,0,0,0
2025-01-07 06:15,44,33,11,0,0,0
2025-01-07 06:30,45,31,14,0,0,0
2025-01-07 06:45,89,52,37,0,0,0
2025-01-07 07:00,88,54,34,0,0,0
2025-01-07 07:15,132,99,33,0,0,0
2025-01-07 07:30,296,206,90,0,0,0
2025-01-07 07:45,355,203,152,0,0,0
2025-01-07 08:00,330,182,148,0,0,0
2025-01-07 08:15,282,186,96,0,0,0
2025-01-07 08:30,188,120,68,0,0,0
2025-01-07 08:45,226,127,99,0,0,0
2025-01-07 09:00,148,93,55,0,0,0
2025-01-07 09:15,127,70,57,0,0,0
2025-01-07 09:30,117,68,49,0,0,0
2025-01-07 09:45,368,163,205,0,0,0
2025-01-07 10:00,400,244,156,0,0,0
2025-01-07 10:15,131,62,69,0,0,0
2025-01-07 10:30,100,45,55,0,0,0
2025-01-07 10:45,105,59,46,0,0,0
2025-01-07 11:00,127,53,74,0,0,0
2025-01-07 11:15,93,43,50,0,0,0
2025-01-07 11:30,134,63,71,0,0,0
2025-01-07 11:45,322,180,142,0,0,0
2025-01-07 12:00,321,211,110,0,0,0
2025-01-07 12:15,152,72,80,0,0,0
2025-01-07 12:30,135,73,62,0,0,0
2025-01-07 12:45,188,93,95,0,0,0
2025-01-07 13:00,172,74,98,0,0,0
2025-01-07 13:15,169,76,93,0,0,0
2025-01-07 13:30,195,99,96,0,0,0
2025-01-07 13:45,339,157,182,0,0,0
2025-01-07 14:00,328,177,151,0,0,0
2025-01-07 14:15,180,79,101,0,0,0
2025-01-07 14:30,180,67,113,0,0,0
2025-01-07 14:45,179,92,87,0,0,0
2025-01-07 15:00,150,63,87,0,0,0
2025-01-07 15:15,193,84,109,0,0,0
2025-01-07 15:30,226,96,130,0,0,0
2025-01-07 15:45,388,188,200,0,0,0
2025-01-07 16:00,345,182,163,0,0,0
2025-01-07 16:15,211,79,132,0,0,0
2025-01-07 16:30,198,99,99,0,0,0
2025-01-07 16:45,219,102,117,0,0,0
2025-01-07 17:00,253,110,143,0,0,0
2025-01-07 17:15,230,96,134,0,0,0
2025-01-07 17:30,260,111,149,0,0,0
2025-01-07 17:45,407,158,249,0,0,0
2025-01-07 18:00,329,127,202,0,0,0
2025-01-07 18:15,242,84,158,0,0,0
2025-01-07 18:30,172,58,114,0,0,0
2025-01-07 18:45,228,109,119,0,0,0
2025-01-07 19:00,182,72,110,0,0,0
2025-01-07 19:15,162,76,86,0,0,0
2025-01-07 19:30,175,55,120,0,0,0
2025-01-07 19:45,181,71,110,0,0,0
2025-01-07 20:00,152,67,85,0,0,0
2025-01-07 20:15,115,52,63,0,0,0
2025-01-07 20:30,73,35,38,0,0,0
2025-01-07 20:45,89,34,55,0,0,0
2025-01-07 21:00,86,35,51,0,0,0
2025-01-07 21:15,82,36,46,0,0,0
2025-01-07 21:30,64,25,39,0,0,0
2025-01-07 21:45,96,44,52,0,0,0
2025-01-07 22:00,65,30,35,0,0,0
2025-01-07 22:15,70,30,40,0,0,0
2025-01-07 22:30,67,25,42,0,0,0
2025-01-07 22:45,53,16,37,0,0,0
2025-01-07 23:00,38,16,22,0,0,0
2025-01-07 23:15,44,16,28,0,0,0
2025-01-07 23:30,27,12,15,0,0,0
2025-01-07 23:45,17,3,14,0,0,0
2025-01-08 00:00,20,8,12,0,0,0
2025-01-08 00:15,13,8,5,0,0,0
2025-01-08 00:30,3,1,2,0,0,0
2025-01-08 00:45,8,1,7,0,0,0
2025-01-08 01:00,9,1,8,0,0,0
2025-01-08 01:15,14,5,9,0,0,0
2025-01-08 01:30,6,3,3,0,0,0
2025-01-08 01:45,6,4,2,0,0,0
2025-01-08 02:00,5,0,5,0,0,0
2025-01-08 02:15,3,0,3,0,0,0
2025-01-08 02:30,0,0,0,0,0,0
2025-01-08 02:45,0,0,0,0,0,0
2025-01-08 03:00,0,0,0,0,0,0
2025-01-08 03:15,0,0,0,0,0,0
2025-01-08 03:30,2,1,1,0,0,0
2025-01-08 03:45,1,1,0,0,0,0
2025-01-08 04:00,0,0,0,0,0,0
2025-01-08 04:15,4,2,2,0,0,0
2025-01-08 04:30,3,1,2,0,0,0
2025-01-08 04:45,4,3,1,0,0,0
2025-01-08 05:00,10,9,1,0,0,0
2025-01-08 05:15,11,10,1,0,0,0
2025-01-08 05:30,22,19,3,0,0,0
2025-01-08 05:45,24,17,7,0,0,0
2025-01-08 06:00,35,25,10,0,0,0
2025-01-08 06:15,42,29,13,0,0,0
2025-01-08 06:30,59,44,15,0,0,0
2025-01-08 06:45,81,50,31,0,0,0
2025-01-08 07:00,87,57,30,0,0,0
2025-01-08 07:15,140,104,36,0,0,0
2025-01-08 07:30,313,221,92,0,0,0
2025-01-08 07:45,374,214,160,0,0,0
2025-01-08 08:00,406,257,149,0,0,0
2025-01-08 08:15,292,172,120,0,0,0
2025-01-08 08:30,250,153,97,0,0,0
2025-01-08 08:45,273,166,107,0,0,0
2025-01-08 09:00,150,80,70,0,0,0
2025-01-08 09:15,153,91,62,0,0,0
2025-01-08 09:30,158,95,63,0,0,0
2025-01-08 09:45,332,156,176,0,0,0
2025-01-08 10:00,293,172,121,0,0,0
2025-01-08 10:15,122,59,63,0,0,0
2025-01-08 10:30,122,70,52,0,0,0
2025-01-08 10:45,114,59,55,0,0,0
2025-01-08 11:00,115,58,57,0,0,0
2025-01-08 11:15,118,63,55,0,0,0
2025-01-08 11:30,161,76,85,0,0,0
2025-01-08 11:45,327,165,162,0,0,0
2025-01-08 12:00,293,167,126,0,0,0
2025-01-08 12:15,146,71,75,0,0,0
2025-01-08 12:30,176,76,100,0,0,0
2025-01-08 12:45,172,87,85,0,0,0
2025-01-08 13:00,180,83,97,0,0,0
2025-01-08 13:15,196,84,112,0,0,0
2025-01-08 13:30,196,90,106,0,0,0
2025-01-08 13:45,326,158,168,0,0,0
2025-01-08 14:00,325,169,156,0,0,0
2025-01-08 14:15,185,90,95,0,0,0
2025-01-08 14:30,180,82,98,0,0,0
2025-01-08 14:45,182,82,100,0,0,0
2025-01-08 15:00,174,77,97,0,0,0
2025-01-08 15:15,197,88,109,0,0,0
2025-01-08 15:30,281,98,183,0,0,0
2025-01-08 15:45,386,186,200,0,0,0
2025-01-08 16:00,336,168,168,0,0,0
2025-01-08 16:15,253,98,155,0,0,0
2025-01-08 16:30,215,94,121,0,0,0
2025-01-08 16:45,277,121,156,0,0,0
2025-01-08 17:00,235,106,129,0,0,0
2025-01-08 17:15,248,105,143,0,0,0
2025-01-08 17:30,292,126,166,0,0,0
2025-01-08 17:45,419,169,250,0,0,0
2025-01-08 18:00,328,145,183,0,0,0
2025-01-08 18:15,249,99,150,0,0,0
2025-01-08 18:30,207,90,117,0,0,0
2025-01-08 18:45,256,134,122,0,0,0
2025-01-08 19:00,210,104,106,0,0,0
2025-01-08 19:15,210,101,109,0,0,0
2025-01-08 19:30,220,88,132,0,0,0
2025-01-08 19:45,201,81,120,0,0,0
2025-01-08 20:00,155,61,94,0,0,0
2025-01-08 20:15,149,79,70,0,0,0
2025-01-08 20:30,113,53,60,0,0,0
2025-01-08 20:45,101,49,52,0,0,0
2025-01-08 21:00,99,52,47,0,0,0
2025-01-08 21:15,104,50,54,0,0,0
2025-01-08 21:30,79,40,39,0,0,0
2025-01-08 21:45,86,41,45,0,0,0
2025-01-08 22:00,97,34,63,0,0,0
2025-01-08 22:15,92,40,52,0,0,0
2025-01-08 22:30,65,23,42,0,0,0
2025-01-08 22:45,50,15,35,0,0,0
2025-01-08 23:00,38,12,26,0,0,0
2025-01-08 23:15,45,16,29,0,0,0
2025-01-08 23:30,52,22,30,0,0,0
2025-01-08 23:45,28,11,17,0,0,0
2025-01-09 00:00,22,4,18,0,0,0
2025-01-09 00:15,17,4,13,0,0,0
2025-01-09 00:30,13,3,10,0,0,0
2025-01-09 00:45,30,13,17,0,0,0
2025-01-09 01:00,8,1,7,0,0,0
2025-01-09 01:15,15,1,14,0,0,0
2025-01-09 01:30,15,1,14,0,0,0
2025-01-09 01:45,9,3,6,0,0,0
2025-01-09 02:00,6,1,5,0,0,0
2025-01-09 02:15,5,1,4,0,0,0
2025-01-09 02:30,3,1,2,0,0,0
2025-01-09 02:45,5,3,2,0,0,0
2025-01-09 03:00,6,0,6,0,0,0
2025-01-09 03:15,0,0,0,0,0,0
2025-01-09 03:30,7,1,6,0,0,0
2025-01-09 03:45,2,0,2,0,0,0
2025-01-09 04:00,1,0,1,0,0,0
2025-01-09 04:15,7,2,5,0,0,0
2025-01-09 04:30,6,3,3,0,0,0
2025-01-09 04:45,8,6,2,0,0,0
2025-01-09 05:00,7,5,2,0,0,0
2025-01-09 05:15,6,6,0,0,0,0
2025-01-09 05:30,14,11,3,0,0,0
2025-01-09 05:45,20,13,7,0,0,0
2025-01-09 06:00,21,15,6,0,0,0
2025-01-09 06:15,37,29,8,0,0,0
2025-01-09 06:30,59,41,18,0,0,0
2025-01-09 06:45,70,46,24,0,0,0
2025-01-09 07:00,86,55,31,0,0,0
2025-01-09 07:15,134,88,46,0,0,0
2025-01-09 07:30,263,180,83,0,0,0
2025-01-09 07:45,282,167,115,0,0,0
2025-01-09 08:00,390,208,182,0,0,0
2025-01-09 08:15,207,135,72,0,0,0
2025-01-09 08:30,189,114,75,0,0,0
2025-01-09 08:45,181,112,69,0,0,0
2025-01-09 09:00,124,63,61,0,0,0
2025-01-09 09:15,98,63,35,0,0,0
2025-01-09 09:30,115,61,54,0,0,0
2025-01-09 09:45,261,127,134,0,0,0
2025-01-09 10:00,284,164,120,0,0,0
2025-01-09 10:15,105,62,43,0,0,0
2025-01-09 10:30,63,25,38,0,0,0
2025-01-09 10:45,81,38,43,0,0,0
2025-01-09 11:00,82,37,45,0,0,0
2025-01-09 11:15,64,32,32,0,0,0
2025-01-09 11:30,91,41,50,0,0,0
2025-01-09 11:45,229,105,124,0,0,0
2025-01-09 12:00,214,92,122,0,0,0
2025-01-09 12:15,112,44,68,0,0,0
2025-01-09 12:30,95,46,49,0,0,0
2025-01-09 12:45,119,54,65,0,0,0
2025-01-09 13:00,115,43,72,0,0,0
2025-01-09 13:15,112,56,56,0,0,0
2025-01-09 13:30,122,63,59,0,0,0
2025-01-09 13:45,222,106,116,0,0,0
2025-01-09 14:00,190,100,90,0,0,0
2025-01-09 14:15,135,73,62,0,0,0
2025-01-09 14:30,117,56,61,0,0,0
2025-01-09 14:45,137,62,75,0,0,0
2025-01-09 15:00,151,64,87,0,0,0
2025-01-09 15:15,131,63,68,0,0,0
2025-01-09 15:30,202,67,135,0,0,0
2025-01-09 15:45,303,130,173,0,0,0
2025-01-09 16:00,269,138,131,0,0,0
2025-01-09 16:15,192,82,110,0,0,0
2025-01-09 16:30,181,68,113,0,0,0
2025-01-09 16:45,188,84,104,0,0,0
2025-01-09 17:00,179,79,100,0,0,0
2025-01-09 17:15,213,101,112,0,0,0
2025-01-09 17:30,238,116,122,0,0,0
2025-01-09 17:45,307,134,173,0,0,0
2025-01-09 18:00,252,117,135,0,0,0
2025-01-09 18:15,166,75,91,0,0,0
2025-01-09 18:30,150,64,86,0,0,0
2025-01-09 18:45,190,99,91,0,0,0
2025-01-09 19:00,151,74,77,0,0,0
2025-01-09 19:15,159,70,89,0,0,0
2025-01-09 19:30,150,52,98,0,0,0
2025-01-09 19:45,162,53,109,0,0,0
2025-01-09 20:00,133,67,66,0,0,0
2025-01-09 20:15,118,60,58,0,0,0
2025-01-09 20:30,78,29,49,0,0,0
2025-01-09 20:45,89,27,62,0,0,0
2025-01-09 21:00,114,23,91,0,0,0
2025-01-09 21:15,87,33,54,0,0,0
2025-01-09 21:30,56,15,41,0,0,0
2025-01-09 21:45,52,20,32,0,0,0
2025-01-09 22:00,95,54,41,0,0,0
2025-01-09 22:15,75,39,36,0,0,0
2025-01-09 22:30,74,26,48,0,0,0
2025-01-09 22:45,34,13,21,0,0,0
2025-01-09 23:00,40,10,30,0,0,0
2025-01-09 23:15,37,18,19,0,0,0
2025-01-09 23:30,22,2,20,0,0,0
2025-01-09 23:45,13,1,12,0,0,0
2025-01-10 00:00,17,9,8,0,0,0
2025-01-10 00:15,8,3,5,0,0,0
2025-01-10 00:30,7,3,4,0,0,0
2025-01-10 00:45,15,2,13,0,0,0
2025-01-10 01:00,12,7,5,0,0,0
2025-01-10 01:15,9,3,6,0,0,0
2025-01-10 01:30,5,1,4,0,0,0
2025-01-10 01:45,2,1,1,0,0,0
2025-01-10 02:00,0,0,0,0,0,0
2025-01-10 02:15,3,2,1,0,0,0
2025-01-10 02:30,1,1,0,0,0,0
2025-01-10 02:45,1,0,1,0,0,0
2025-01-10 03:00,2,1,1,0,0,0
2025-01-10 03:15,4,1,3,0,0,0
2025-01-10 03:30,1,0,1,0,0,0
2025-01-10 03:45,3,1,2,0,0,0
2025-01-10 04:00,2,0,2,0,0,0
2025-01-10 04:15,2,0,2,0,0,0
2025-01-10 04:30,3,1,2,0,0,0
2025-01-10 04:45,4,4,0,0,0,0
2025-01-10 05:00,11,3,8,0,0,0
2025-01-10 05:15,7,6,1,0,0,0
2025-01-10 05:30,17,14,3,0,0,0
2025-01-10 05:45,16,12,4,0,0,0
2025-01-10 06:00,14,9,5,0,0,0
2025-01-10 06:15,32,21,11,0,0,0
2025-01-10 06:30,38,27,11,0,0,0
2025-01-10 06:45,60,36,24,0,0,0
2025-01-10 07:00,88,48,40,0,0,0
2025-01-10 07:15,93,65,28,0,0,0
2025-01-10 07:30,207,160,47,0,0,0
2025-01-10 07:45,282,167,115,0,0,0
2025-01-10 08:00,306,173,133,0,0,0
2025-01-10 08:15,193,102,91,0,0,0
2025-01-10 08:30,188,99,89,0,0,0
2025-01-10 08:45,206,108,98,0,0,0
2025-01-10 09:00,122,64,58,0,0,0
2025-01-10 09:15,95,57,38,0,0,0
2025-01-10 09:30,114,61,53,0,0,0
2025-01-10 09:45,224,106,118,0,0,0
2025-01-10 10:00,284,175,109,0,0,0
2025-01-10 10:15,114,63,51,0,0,0
2025-01-10 10:30,105,51,54,0,0,0
2025-01-10 10:45,117,57,60,0,0,0
2025-01-10 11:00,96,48,48,0,0,0
2025-01-10 11:15,127,68,59,0,0,0
2025-01-10 11:30,144,64,80,0,0,0
2025-01-10 11:45,232,108,124,0,0,0
2025-01-10 12:00,180,89,91,0,0,0
2025-01-10 12:15,157,76,81,0,0,0
2025-01-10 12:30,152,63,89,0,0,0
2025-01-10 12:45,168,90,78,0,0,0
2025-01-10 13:00,204,73,131,0,0,0
2025-01-10 13:15,187,68,119,0,0,0
2025-01-10 13:30,209,99,110,0,0,0
2025-01-10 13:45,210,106,104,0,0,0
2025-01-10 14:00,228,119,109,0,0,0
2025-01-10 14:15,171,88,83,0,0,0
2025-01-10 14:30,181,85,96,0,0,0
2025-01-10 14:45,179,88,91,0,0,0
2025-01-10 15:00,171,82,89,0,0,0
2025-01-10 15:15,156,84,72,0,0,0
2025-01-10 15:30,173,90,83,0,0,0
2025-01-10 15:45,190,78,112,0,0,0
2025-01-10 16:00,188,109,79,0,0,0
2025-01-10 16:15,188,87,101,0,0,0
2025-01-10 16:30,177,87,90,0,0,0
2025-01-10 16:45,202,86,116,0,0,0
2025-01-10 17:00,185,100,85,0,0,0
2025-01-10 17:15,210,96,114,0,0,0
2025-01-10 17:30,166,73,93,0,0,0
2025-01-10 17:45,209,116,93,0,0,0
2025-01-10 18:00,156,73,83,0,0,0
2025-01-10 18:15,204,87,117,0,0,0
2025-01-10 18:30,172,79,93,0,0,0
2025-01-10 18:45,159,82,77,0,0,0
2025-01-10 19:00,153,63,90,0,0,0
2025-01-10 19:15,157,78,79,0,0,0
2025-01-10 19:30,160,77,83,0,0,0
2025-01-10 19:45,148,87,61,0,0,0
2025-01-10 20:00,145,85,60,0,0,0
2025-01-10 20:15,100,55,45,0,0,0
2025-01-10 20:30,105,41,64,0,0,0
2025-01-10 20:45,107,56,51,0,0,0
2025-01-10 21:00,91,47,44,0,0,0
2025-01-10 21:15,75,35,40,0,0,0
2025-01-10 21:30,70,22,48,0,0,0
2025-01-10 21:45,80,30,50,0,0,0
2025-01-10 22:00,60,28,32,0,0,0
2025-01-10 22:15,87,36,51,0,0,0
2025-01-10 22:30,75,30,45,0,0,0
2025-01-10 22:45,57,19,38,0,0,0
2025-01-10 23:00,81,25,56,0,0,0
2025-01-10 23:15,66,33,33,0,0,0
2025-01-10 23:30,54,20,34,0,0,0
2025-01-10 23:45,64,27,37,0,0,0
2025-01-11 00:00,65,11,54,0,0,0
2025-01-11 00:15,72,26,46,0,0,0
2025-01-11 00:30,41,16,25,0,0,0
2025-01-11 00:45,46,13,33,0,0,0
2025-01-11 01:00,39,15,24,0,0,0
2025-01-11 01:15,50,12,38,0,0,0
2025-01-11 01:30,30,9,21,0,0,0
2025-01-11 01:45,26,7,19,0,0,0
2025-01-11 02:00,36,9,27,0,0,0
2025-01-11 02:15,28,4,24,0,0,0
2025-01-11 02:30,8,1,7,0,0,0
2025-01-11 02:45,22,3,19,0,0,0
2025-01-11 03:00,16,2,14,0,0,0
2025-01-11 03:15,20,7,13,0,0,0
2025-01-11 03:30,10,0,10,0,0,0
2025-01-11 03:45,8,0,8,0,0,0
2025-01-11 04:00,6,3,3,0,0,0
2025-01-11 04:15,12,1,11,0,0,0
2025-01-11 04:30,10,1,9,0,0,0
2025-01-11 04:45,6,0,6,0,0,0
2025-01-11 05:00,5,3,2,0,0,0
2025-01-11 05:15,6,4,2,0,0,0
2025-01-11 05:30,9,7,2,0,0,0
2025-01-11 05:45,9,3,6,0,0,0
2025-01-11 06:00,6,5,1,0,0,0
2025-01-11 06:15,10,3,7,0,0,0
2025-01-11 06:30,14,6,8,0,0,0
2025-01-11 06:45,11,9,2,0,0,0
2025-01-11 07:00,8,4,4,0,0,0
2025-01-11 07:15,8,7,1,0,0,0
2025-01-11 07:30,18,11,7,0,0,0
2025-01-11 07:45,37,27,10,0,0,0
2025-01-11 08:00,41,32,9,0,0,0
2025-01-11 08:15,39,32,7,0,0,0
2025-01-11 08:30,48,31,17,0,0,0
2025-01-11 08:45,75,50,25,0,0,0
2025-01-11 09:00,57,48,9,0,0,0
2025-01-11 09:15,42,29,13,0,0,0
2025-01-11 09:30,55,41,14,0,0,0
2025-01-11 09:45,107,87,20,0,0,0
2025-01-11 10:00,72,51,21,0,0,0
2025-01-11 10:15,91,60,31,0,0,0
2025-01-11 10:30,103,57,46,0,0,0
2025-01-11 10:45,97,55,42,0,0,0
2025-01-11 11:00,83,51,32,0,0,0
2025-01-11 11:15,71,50,21,0,0,0
2025-01-11 11:30,88,54,34,0,0,0
2025-01-11 11:45,106,55,51,0,0,0
2025-01-11 12:00,104,65,39,0,0,0
2025-01-11 12:15,111,71,40,0,0,0
2025-01-11 12:30,142,89,53,0,0,0
2025-01-11 12:45,128,67,61,0,0,0
2025-01-11 13:00,135,75,60,0,0,0
2025-01-11 13:15,147,83,64,0,0,0
2025-01-11 13:30,130,63,67,0,0,0
2025-01-11 13:45,134,71,63,0,0,0
2025-01-11 14:00,150,72,78,0,0,0
2025-01-11 14:15,126,65,61,0,0,0
2025-01-11 14:30,138,62,76,0,0,0
2025-01-11 14:45,143,58,85,0,0,0
2025-01-11 15:00,138,61,77,0,0,0
2025-01-11 15:15,124,50,74,0,0,0
2025-01-11 15:30,94,34,60,0,0,0
2025-01-11 15:45,111,58,53,0,0,0
2025-01-11 16:00,121,50,71,0,0,0
2025-01-11 16:15,103,39,64,0,0,0
2025-01-11 16:30,112,52,60,0,0,0
2025-01-11 16:45,130,44,86,0,0,0
2025-01-11 17:00,139,45,94,0,0,0
2025-01-11 17:15,111,46,65,0,0,0
2025-01-11 17:30,116,39,77,0,0,0
2025-01-11 17:45,142,53,89,0,0,0
2025-01-11 18:00,117,48,69,0,0,0
2025-01-11 18:15,94,35,59,0,0,0
2025-01-11 18:30,98,40,58,0,0,0
2025-01-11 18:45,127,59,68,0,0,0
2025-01-11 19:00,122,65,57,0,0,0
2025-01-11 19:15,126,69,57,0,0,0
2025-01-11 19:30,104,53,51,0,0,0
2025-01-11 19:45,119,63,56,0,0,0
2025-01-11 20:00,95,47,48,0,0,0
2025-01-11 20:15,76,41,35,0,0,0
2025-01-11 20:30,73,28,45,0,0,0
2025-01-11 20:45,61,25,36,0,0,0
2025-01-11 21:00,57,26,31,0,0,0
2025-01-11 21:15,59,25,34,0,0,0
2025-01-11 21:30,63,31,32,0,0,0
2025-01-11 21:45,56,15,41,0,0,0
2025-01-11 22:00,65,20,45,0,0,0
2025-01-11 22:15,64,34,30,0,0,0
2025-01-11 22:30,57,20,37,0,0,0
2025-01-11 22:45,36,15,21,0,0,0
2025-01-11 23:00,49,21,28,0,0,0
2025-01-11 23:15,55,25,30,0,0,0
2025-01-11 23:30,26,7,19,0,0,0
2025-01-11 23:45,31,12,19,0,0,0
2025-01-12 00:00,53,16,37,0,0,0
2025-01-12 00:15,41,13,28,0,0,0
2025-01-12 00:30,44,19,25,0,0,0
2025-01-12 00:45,44,25,19,0,0,0
2025-01-12 01:00,41,16,25,0,0,0
2025-01-12 01:15,27,5,22,0,0,0
2025-01-12 01:30,44,16,28,0,0,0
2025-01-12 01:45,28,9,19,0,0,0
2025-01-12 02:00,36,5,31,0,0,0
2025-01-12 02:15,33,10,23,0,0,0
2025-01-12 02:30,13,0,13,0,0,0
2025-01-12 02:45,26,3,23,0,0,0
2025-01-12 03:00,22,1,21,0,0,0
2025-01-12 03:15,20,10,10,0,0,0
2025-01-12 03:30,16,4,12,0,0,0
2025-01-12 03:45,12,2,10,0,0,0
2025-01-12 04:00,4,1,3,0,0,0
2025-01-12 04:15,11,0,11,0,0,0
2025-01-12 04:30,19,1,18,0,0,0
2025-01-12 04:45,11,0,11,0,0,0
2025-01-12 05:00,13,1,12,0,0,0
2025-01-12 05:15,4,0,4,0,0,0
2025-01-12 05:30,5,2,3,0,0,0
2025-01-12 05:45,4,1,3,0,0,0
2025-01-12 06:00,14,2,12,0,0,0
2025-01-12 06:15,1,0,1,0,0,0
2025-01-12 06:30,6,2,4,0,0,0
2025-01-12 06:45,4,2,2,0,0,0
2025-01-12 07:00,5,3,2,0,0,0
2025-01-12 07:15,5,5,0,0,0,0
2025-01-12 07:30,11,6,5,0,0,0
2025-01-12 07:45,18,17,1,0,0,0
2025-01-12 08:00,25,21,4,0,0,0
2025-01-12 08:15,19,16,3,0,0,0
2025-01-12 08:30,34,23,11,0,0,0
2025-01-12 08:45,43,33,10,0,0,0
2025-01-12 09:00,36,28,8,0,0,0
2025-01-12 09:15,36,26,10,0,0,0
2025-01-12 09:30,34,23,11,0,0,0
2025-01-12 09:45,95,80,15,0,0,0
2025-01-12 10:00,67,52,15,0,0,0
2025-01-12 10:15,57,37,20,0,0,0
2025-01-12 10:30,73,42,31,0,0,0
2025-01-12 10:45,55,35,20,0,0,0
2025-01-12 11:00,72,39,33,0,0,0
2025-01-12 11:15,57,30,27,0,0,0
2025-01-12 11:30,41,17,24,0,0,0
2025-01-12 11:45,60,28,32,0,0,0
2025-01-12 12:00,60,36,24,0,0,0
2025-01-12 12:15,73,34,39,0,0,0
2025-01-12 12:30,70,30,40,0,0,0
2025-01-12 12:45,78,45,33,0,0,0
2025-01-12 13:00,82,42,40,0,0,0
2025-01-12 13:15,81,43,38,0,0,0
2025-01-12 13:30,82,35,47,0,0,0
2025-01-12 13:45,118,52,66,0,0,0
2025-01-12 14:00,84,39,45,0,0,0
2025-01-12 14:15,82,47,35,0,0,0
2025-01-12 14:30,89,51,38,0,0,0
2025-01-12 14:45,104,58,46,0,0,0
2025-01-12 15:00,129,56,73,0,0,0
2025-01-12 15:15,91,41,50,0,0,0
2025-01-12 15:30,115,51,64,0,0,0
2025-01-12 15:45,87,36,51,0,0,0
2025-01-12 16:00,98,38,60,0,0,0
2025-01-12 16:15,89,42,47,0,0,0
2025-01-12 16:30,94,43,51,0,0,0
2025-01-12 16:45,116,32,84,0,0,0
2025-01-12 17:00,115,46,69,0,0,0
2025-01-12 17:15,77,31,46,0,0,0
2025-01-12 17:30,95,26,69,0,0,0
2025-01-12 17:45,154,51,103,0,0,0
2025-01-12 18:00,108,26,82,0,0,0
2025-01-12 18:15,89,41,48,0,0,0
2025-01-12 18:30,91,36,55,0,0,0
2025-01-12 18:45,84,28,56,0,0,0
2025-01-12 19:00,103,48,55,0,0,0
2025-01-12 19:15,77,32,45,0,0,0
2025-01-12 19:30,91,52,39,0,0,0
2025-01-12 19:45,102,39,63,0,0,0
2025-01-12 20:00,98,37,61,0,0,0
2025-01-12 20:15,68,36,32,0,0,0
2025-01-12 20:30,44,13,31,0,0,0
2025-01-12 20:45,56,16,40,0,0,0
2025-01-12 21:00,52,11,41,0,0,0
2025-01-12 21:15,38,14,24,0,0,0
2025-01-12 21:30,38,15,23,0,0,0
2025-01-12 21:45,40,16,24,0,0,0
2025-01-12 22:00,60,14,46,0,0,0
2025-01-12 22:15,47,20,27,0,0,0
2025-01-12 22:30,23,5,18,0,0,0
2025-01-12 22:45,50,23,27,0,0,0
2025-01-12 23:00,36,13,23,0,0,0
2025-01-12 23:15,19,9,10,0,0,0
2025-01-12 23:30,11,4,7,0,0,0
2025-01-12 23:45,14,4,10,0,0,0
2025-01-13 00:00,12,2,10,0,0,0
2025-01-13 00:15,6,4,2,0,0,0
2025-01-13 00:30,7,2,5,0,0,0
2025-01-13 00:45,0,0,0,0,0,0
2025-01-13 01:00,6,3,3,0,0,0
2025-01-13 01:15,2,1,1,0,0,0
2025-01-13 01:30,4,3,1,0,0,0
2025-01-13 01:45,2,0,2,0,0,0
2025-01-13 02:00,2,1,1,0,0,0
2025-01-13 02:15,2,0,2,0,0,0
2025-01-13 02:30,0,0,0,0,0,0
2025-01-13 02:45,1,0,1,0,0,0
2025-01-13 03:00,1,0,1,0,0,0
2025-01-13 03:15,0,0,0,0,0,0
2025-01-13 03:30,1,0,1,0,0,0
2025-01-13 03:45,2,1,1,0,0,0
2025-01-13 04:00,1,0,1,0,0,0
2025-01-13 04:15,3,2,1,0,0,0
2025-01-13 04:30,1,1,0,0,0,0
2025-01-13 04:45,7,4,3,0,0,0
2025-01-13 05:00,5,4,1,0,0,0
2025-01-13 05:15,11,10,1,0,0,0
2025-01-13 05:30,18,9,9,0,0,0
2025-01-13 05:45,17,11,6,0,0,0
2025-01-13 06:00,28,20,8,0,0,0
2025-01-13 06:15,40,25,15,0,0,0
2025-01-13 06:30,62,44,18,0,0,0
2025-01-13 06:45,65,41,24,0,0,0
2025-01-13 07:00,98,55,43,0,0,0
2025-01-13 07:15,134,93,41,0,0,0
2025-01-13 07:30,260,192,68,0,0,0
2025-01-13 07:45,345,209,136,0,0,0
2025-01-13 08:00,349,196,153,0,0,0
2025-01-13 08:15,285,176,109,0,0,0
2025-01-13 08:30,200,128,72,0,0,0
2025-01-13 08:45,229,132,97,0,0,0
2025-01-13 09:00,159,90,69,0,0,0
2025-01-13 09:15,125,76,49,0,0,0
2025-01-13 09:30,142,79,63,0,0,0
2025-01-13 09:45,257,140,117,0,0,0
2025-01-13 10:00,350,231,119,0,0,0
2025-01-13 10:15,109,57,52,0,0,0
2025-01-13 10:30,93,50,43,0,0,0
2025-01-13 10:45,102,63,39,0,0,0
2025-01-13 11:00,121,41,80,0,0,0
2025-01-13 11:15,94,35,59,0,0,0
2025-01-13 11:30,134,63,71,0,0,0
2025-01-13 11:45,284,125,159,0,0,0
2025-01-13 12:00,270,150,120,0,0,0
2025-01-13 12:15,152,81,71,0,0,0
2025-01-13 12:30,135,60,75,0,0,0
2025-01-13 12:45,174,99,75,0,0,0
2025-01-13 13:00,187,81,106,0,0,0
2025-01-13 13:15,152,71,81,0,0,0
2025-01-13 13:30,158,77,81,0,0,0
2025-01-13 13:45,327,160,167,0,0,0
2025-01-13 14:00,333,162,171,0,0,0
2025-01-13 14:15,192,87,105,0,0,0
2025-01-13 14:30,146,68,78,0,0,0
2025-01-13 14:45,184,75,109,0,0,0
2025-01-13 15:00,177,73,104,0,0,0
2025-01-13 15:15,183,96,87,0,0,0
2025-01-13 15:30,268,106,162,0,0,0
2025-01-13 15:45,414,192,222,0,0,0
2025-01-13 16:00,305,173,132,0,0,0
2025-01-13 16:15,234,112,122,0,0,0
2025-01-13 16:30,227,105,122,0,0,0
2025-01-13 16:45,251,107,144,0,0,0
2025-01-13 17:00,232,96,136,0,0,0
2025-01-13 17:15,308,141,167,0,0,0
2025-01-13 17:30,289,125,164,0,0,0
2025-01-13 17:45,409,167,242,0,0,0
2025-01-13 18:00,279,120,159,0,0,0
2025-01-13 18:15,211,98,113,0,0,0
2025-01-13 18:30,207,101,106,0,0,0
2025-01-13 18:45,237,127,110,0,0,0
2025-01-13 19:00,204,93,111,0,0,0
2025-01-13 19:15,192,87,105,0,0,0
2025-01-13 19:30,165,61,104,0,0,0
2025-01-13 19:45,178,73,105,0,0,0
2025-01-13 20:00,148,60,88,0,0,0
2025-01-13 20:15,137,67,70,0,0,0
2025-01-13 20:30,98,34,64,0,0,0
2025-01-13 20:45,111,49,62,0,0,0
2025-01-13 21:00,75,36,39,0,0,0
2025-01-13 21:15,101,33,68,0,0,0
2025-01-13 21:30,83,18,65,0,0,0
2025-01-13 21:45,97,33,64,0,0,0
2025-01-13 22:00,73,29,44,0,0,0
2025-01-13 22:15,82,48,34,0,0,0
2025-01-13 22:30,67,24,43,0,0,0
2025-01-13 22:45,46,9,37,0,0,0
2025-01-13 23:00,33,10,23,0,0,0
2025-01-13 23:15,19,7,12,0,0,0
2025-01-13 23:30,25,8,17,0,0,0
2025-01-13 23:45,16,8,8,0,0,0
2025-01-14 00:00,17,2,15,0,0,0
2025-01-14 00:15,17,2,15,0,0,0
2025-01-14 00:30,9,3,6,0,0,0
2025-01-14 00:45,13,6,7,0,0,0
2025-01-14 01:00,6,0,6,0,0,0
2025-01-14 01:15,8,4,4,0,0,0
2025-01-14 01:30,4,4,0,0,0,0
2025-01-14 01:45,1,0,1,0,0,0
2025-01-14 02:00,3,2,1,0,0,0
2025-01-14 02:15,1,0,1,0,0,0
2025-01-14 02:30,0,0,0,0,0,0
2025-01-14 02:45,1,0,1,0,0,0
2025-01-14 03:00,1,0,1,0,0,0
2025-01-14 03:15,1,0,1,0,0,0
2025-01-14 03:30,0,0,0,0,0,0
2025-01-14 03:45,0,0,0,0,0,0
2025-01-14 04:00,3,3,0,0,0,0
2025-01-14 04:15,8,4,4,0,0,0
2025-01-14 04:30,2,1,1,0,0,0
2025-01-14 04:45,8,8,0,0,0,0
2025-01-14 05:00,6,5,1,0,0,0
2025-01-14 05:15,11,7,4,0,0,0
2025-01-14 05:30,19,10,9,0,0,0
2025-01-14 05:45,23,16,7,0,0,0
2025-01-14 06:00,27,22,5,0,0,0
2025-01-14 06:15,46,32,14,0,0,0
2025-01-14 06:30,54,37,17,0,0,0
2025-01-14 06:45,82,54,28,0,0,0
2025-01-14 07:00,94,60,34,0,0,0
2025-01-14 07:15,134,92,42,0,0,0
2025-01-14 07:30,264,180,84,0,0,0
2025-01-14 07:45,415,243,172,0,0,0
2025-01-14 08:00,397,226,171,0,0,0
2025-01-14 08:15,300,188,112,0,0,0
2025-01-14 08:30,215,132,83,0,0,0
2025-01-14 08:45,231,134,97,0,0,0
2025-01-14 09:00,169,91,78,0,0,0
2025-01-14 09:15,145,79,66,0,0,0
2025-01-14 09:30,149,81,68,0,0,0
2025-01-14 09:45,348,168,180,0,0,0
2025-01-14 10:00,448,256,192,0,0,0
2025-01-14 10:15,122,55,67,0,0,0
2025-01-14 10:30,106,55,51,0,0,0
2025-01-14 10:45,110,60,50,0,0,0
2025-01-14 11:00,116,51,65,0,0,0
2025-01-14 11:15,112,49,63,0,0,0
2025-01-14 11:30,158,78,80,0,0,0
2025-01-14 11:45,301,152,149,0,0,0
2025-01-14 12:00,352,221,131,0,0,0
2025-01-14 12:15,200,95,105,0,0,0
2025-01-14 12:30,168,85,83,0,0,0
2025-01-14 12:45,169,86,83,0,0,0
2025-01-14 13:00,204,75,129,0,0,0
2025-01-14 13:15,180,62,118,0,0,0
2025-01-14 13:30,199,112,87,0,0,0
2025-01-14 13:45,363,172,191,0,0,0
2025-01-14 14:00,332,178,154,0,0,0
2025-01-14 14:15,181,90,91,0,0,0
2025-01-14 14:30,157,69,88,0,0,0
2025-01-14 14:45,191,83,108,0,0,0
2025-01-14 15:00,162,65,97,0,0,0
2025-01-14 15:15,179,89,90,0,0,0
2025-01-14 15:30,221,97,124,0,0,0
2025-01-14 15:45,376,214,162,0,0,0
2025-01-14 16:00,302,172,130,0,0,0
2025-01-14 16:15,260,124,136,0,0,0
2025-01-14 16:30,226,109,117,0,0,0
2025-01-14 16:45,252,121,131,0,0,0
2025-01-14 17:00,235,125,110,0,0,0
2025-01-14 17:15,222,89,133,0,0,0
2025-01-14 17:30,309,141,168,0,0,0
2025-01-14 17:45,404,190,214,0,0,0
2025-01-14 18:00,330,121,209,0,0,0
2025-01-14 18:15,264,103,161,0,0,0
2025-01-14 18:30,209,89,120,0,0,0
2025-01-14 18:45,243,106,137,0,0,0
2025-01-14 19:00,209,97,112,0,0,0
2025-01-14 19:15,224,110,114,0,0,0
2025-01-14 19:30,211,94,117,0,0,0
2025-01-14 19:45,213,79,134,0,0,0
2025-01-14 20:00,187,82,105,0,0,0
2025-01-14 20:15,149,65,84,0,0,0
2025-01-14 20:30,100,36,64,0,0,0
2025-01-14 20:45,111,45,66,0,0,0
2025-01-14 21:00,96,53,43,0,0,0
2025-01-14 21:15,98,39,59,0,0,0
2025-01-14 21:30,67,24,43,0,0,0
2025-01-14 21:45,107,43,64,0,0,0
2025-01-14 22:00,89,21,68,0,0,0
2025-01-14 22:15,121,49,72,0,0,0
2025-01-14 22:30,113,37,76,0,0,0
2025-01-14 22:45,62,30,32,0,0,0
2025-01-14 23:00,46,20,26,0,0,0
2025-01-14 23:15,36,15,21,0,0,0
2025-01-14 23:30,33,20,13,0,0,0
2025-01-14 23:45,27,6,21,0,0,0
2025-01-15 00:00,12,3,9,0,0,0
2025-01-15 00:15,10,5,5,0,0,0
2025-01-15 00:30,12,6,6,0,0,0
2025-01-15 00:45,12,5,7,0,0,0
2025-01-15 01:00,10,2,8,0,0,0
2025-01-15 01:15,7,4,3,0,0,0
2025-01-15 01:30,3,0,3,0,0,0
2025-01-15 01:45,7,1,6,0,0,0
2025-01-15 02:00,4,3,1,0,0,0
2025-01-15 02:15,3,0,3,0,0,0
2025-01-15 02:30,2,2,0,0,0,0
2025-01-15 02:45,3,2,1,0,0,0
2025-01-15 03:00,2,1,1,0,0,0
2025-01-15 03:15,3,0,3,0,0,0
2025-01-15 03:30,6,6,0,0,0,0
2025-01-15 03:45,0,0,0,0,0,0
2025-01-15 04:00,1,1,0,0,0,0
2025-01-15 04:15,4,3,1,0,0,0
2025-01-15 04:30,1,0,1,0,0,0
2025-01-15 04:45,4,2,2,0,0,0
2025-01-15 05:00,9,8,1,0,0,0
2025-01-15 05:15,10,8,2,0,0,0
2025-01-15 05:30,19,12,7,0,0,0
2025-01-15 05:45,28,14,14,0,0,0
2025-01-15 06:00,26,20,6,0,0,0
2025-01-15 06:15,50,32,18,0,0,0
2025-01-15 06:30,60,42,18,0,0,0
2025-01-15 06:45,74,52,22,0,0,0
2025-01-15 07:00,111,59,52,0,0,0
2025-01-15 07:15,134,85,49,0,0,0
2025-01-15 07:30,263,191,72,0,0,0
2025-01-15 07:45,345,209,136,0,0,0
2025-01-15 08:00,398,221,177,0,0,0
2025-01-15 08:15,291,152,139,0,0,0
2025-01-15 08:30,223,137,86,0,0,0
2025-01-15 08:45,264,130,134,0,0,0
2025-01-15 09:00,160,111,49,0,0,0
2025-01-15 09:15,167,87,80,0,0,0
2025-01-15 09:30,150,84,66,0,0,0
2025-01-15 09:45,289,142,147,0,0,0
2025-01-15 10:00,317,179,138,0,0,0
2025-01-15 10:15,122,62,60,0,0,0
2025-01-15 10:30,112,61,51,0,0,0
2025-01-15 10:45,115,62,53,0,0,0
2025-01-15 11:00,96,53,43,0,0,0
2025-01-15 11:15,124,67,57,0,0,0
2025-01-15 11:30,154,74,80,0,0,0
2025-01-15 11:45,330,172,158,0,0,0
2025-01-15 12:00,292,153,139,0,0,0
2025-01-15 12:15,172,81,91,0,0,0
2025-01-15 12:30,146,60,86,0,0,0
2025-01-15 12:45,182,89,93,0,0,0
2025-01-15 13:00,183,89,94,0,0,0
2025-01-15 13:15,174,75,99,0,0,0
2025-01-15 13:30,149,67,82,0,0,0
2025-01-15 13:45,292,143,149,0,0,0
2025-01-15 14:00,279,130,149,0,0,0
2025-01-15 14:15,201,92,109,0,0,0
2025-01-15 14:30,178,82,96,0,0,0
2025-01-15 14:45,176,67,109,0,0,0
2025-01-15 15:00,182,78,104,0,0,0
2025-01-15 15:15,193,87,106,0,0,0
2025-01-15 15:30,276,94,182,0,0,0
2025-01-15 15:45,342,155,187,0,0,0
2025-01-15 16:00,300,148,152,0,0,0
2025-01-15 16:15,232,100,132,0,0,0
2025-01-15 16:30,221,92,129,0,0,0
2025-01-15 16:45,258,107,151,0,0,0
2025-01-15 17:00,227,98,129,0,0,0
2025-01-15 17:15,253,117,136,0,0,0
2025-01-15 17:30,306,150,156,0,0,0
2025-01-15 17:45,388,197,191,0,0,0
2025-01-15 18:00,286,122,164,0,0,0
2025-01-15 18:15,229,96,133,0,0,0
2025-01-15 18:30,216,94,122,0,0,0
2025-01-15 18:45,245,110,135,0,0,0
2025-01-15 19:00,203,70,133,0,0,0
2025-01-15 19:15,190,94,96,0,0,0
2025-01-15 19:30,164,67,97,0,0,0
2025-01-15 19:45,242,120,122,0,0,0
2025-01-15 20:00,165,69,96,0,0,0
2025-01-15 20:15,152,68,84,0,0,0
2025-01-15 20:30,114,60,54,0,0,0
2025-01-15 20:45,98,43,55,0,0,0
2025-01-15 21:00,109,43,66,0,0,0
2025-01-15 21:15,117,49,68,0,0,0
2025-01-15 21:30,84,30,54,0,0,0
2025-01-15 21:45,99,31,68,0,0,0
2025-01-15 22:00,102,23,79,0,0,0
2025-01-15 22:15,96,42,54,0,0,0
2025-01-15 22:30,85,30,55,0,0,0
2025-01-15 22:45,72,28,44,0,0,0
2025-01-15 23:00,65,24,41,0,0,0
2025-01-15 23:15,69,29,40,0,0,0
2025-01-15 23:30,41,8,33,0,0,0
2025-01-15 23:45,36,15,21,0,0,0
2025-01-16 00:00,29,11,18,0,0,0
2025-01-16 00:15,33,11,22,0,0,0
2025-01-16 00:30,11,3,8,0,0,0
2025-01-16 00:45,22,7,15,0,0,0
2025-01-16 01:00,14,3,11,0,0,0
2025-01-16 01:15,17,5,12,0,0,0
2025-01-16 01:30,6,0,6,0,0,0
2025-01-16 01:45,17,0,17,0,0,0
2025-01-16 02:00,22,7,15,0,0,0
2025-01-16 02:15,15,3,12,0,0,0
2025-01-16 02:30,7,0,7,0,0,0
2025-01-16 02:45,13,3,10,0,0,0
2025-01-16 03:00,7,1,6,0,0,0
2025-01-16 03:15,4,1,3,0,0,0
2025-01-16 03:30,10,0,10,0,0,0
2025-01-16 03:45,3,2,1,0,0,0
2025-01-16 04:00,3,1,2,0,0,0
2025-01-16 04:15,9,3,6,0,0,0
2025-01-16 04:30,6,0,6,0,0,0
2025-01-16 04:45,2,1,1,0,0,0
2025-01-16 05:00,9,8,1,0,0,0
2025-01-16 05:15,5,4,1,0,0,0
2025-01-16 05:30,15,11,4,0,0,0
2025-01-16 05:45,30,14,16,0,0,0
2025-01-16 06:00,26,18,8,0,0,0
2025-01-16 06:15,51,30,21,0,0,0
2025-01-16 06:30,54,38,16,0,0,0
2025-01-16 06:45,64,40,24,0,0,0
2025-01-16 07:00,105,58,47,0,0,0
2025-01-16 07:15,155,96,59,0,0,0
2025-01-16 07:30,244,169,75,0,0,0
2025-01-16 07:45,368,216,152,0,0,0
2025-01-16 08:00,389,208,181,0,0,0
2025-01-16 08:15,276,161,115,0,0,0
2025-01-16 08:30,234,158,76,0,0,0
2025-01-16 08:45,239,143,96,0,0,0
2025-01-16 09:00,154,88,66,0,0,0
2025-01-16 09:15,143,78,65,0,0,0
2025-01-16 09:30,169,85,84,0,0,0
2025-01-16 09:45,335,177,158,0,0,0
2025-01-16 10:00,361,212,149,0,0,0
2025-01-16 10:15,129,77,52,0,0,0
2025-01-16 10:30,104,50,54,0,0,0
2025-01-16 10:45,122,54,68,0,0,0
2025-01-16 11:00,125,52,73,0,0,0
2025-01-16 11:15,106,41,65,0,0,0
2025-01-16 11:30,115,55,60,0,0,0
2025-01-16 11:45,252,121,131,0,0,0
2025-01-16 12:00,271,140,131,0,0,0
2025-01-16 12:15,175,72,103,0,0,0
2025-01-16 12:30,167,80,87,0,0,0
2025-01-16 12:45,167,84,83,0,0,0
2025-01-16 13:00,176,79,97,0,0,0
2025-01-16 13:15,148,66,82,0,0,0
2025-01-16 13:30,196,90,106,0,0,0
2025-01-16 13:45,304,133,171,0,0,0
2025-01-16 14:00,286,134,152,0,0,0
2025-01-16 14:15,204,100,104,0,0,0
2025-01-16 14:30,180,88,92,0,0,0
2025-01-16 14:45,182,75,107,0,0,0
2025-01-16 15:00,161,72,89,0,0,0
2025-01-16 15:15,195,83,112,0,0,0
2025-01-16 15:30,199,86,113,0,0,0
2025-01-16 15:45,377,154,223,0,0,0
2025-01-16 16:00,346,184,162,0,0,0
2025-01-16 16:15,217,94,123,0,0,0
2025-01-16 16:30,203,91,112,0,0,0
2025-01-16 16:45,209,77,132,0,0,0
2025-01-16 17:00,246,112,134,0,0,0
2025-01-16 17:15,239,108,131,0,0,0
2025-01-16 17:30,269,112,157,0,0,0
2025-01-16 17:45,394,190,204,0,0,0
2025-01-16 18:00,278,117,161,0,0,0
2025-01-16 18:15,280,137,143,0,0,0
2025-01-16 18:30,229,93,136,0,0,0
2025-01-16 18:45,209,112,97,0,0,0
2025-01-16 19:00,203,88,115,0,0,0
2025-01-16 19:15,202,102,100,0,0,0
2025-01-16 19:30,177,83,94,0,0,0
2025-01-16 19:45,229,90,139,0,0,0
2025-01-16 20:00,185,81,104,0,0,0
2025-01-16 20:15,151,58,93,0,0,0
2025-01-16 20:30,119,47,72,0,0,0
2025-01-16 20:45,124,53,71,0,0,0
2025-01-16 21:00,77,33,44,0,0,0
2025-01-16 21:15,113,44,69,0,0,0
2025-01-16 21:30,96,42,54,0,0,0
2025-01-16 21:45,113,45,68,0,0,0
2025-01-16 22:00,89,30,59,0,0,0
2025-01-16 22:15,109,45,64,0,0,0
2025-01-16 22:30,103,30,73,0,0,0
2025-01-16 22:45,55,16,39,0,0,0
2025-01-16 23:00,51,13,38,0,0,0
2025-01-16 23:15,45,7,38,0,0,0
2025-01-16 23:30,53,13,40,0,0,0
2025-01-16 23:45,34,6,28,0,0,0
2025-01-17 00:00,25,2,23,0,0,0
2025-01-17 00:15,20,5,15,0,0,0
2025-01-17 00:30,10,4,6,0,0,0
2025-01-17 00:45,10,3,7,0,0,0
2025-01-17 01:00,10,5,5,0,0,0
2025-01-17 01:15,2,1,1,0,0,0
2025-01-17 01:30,12,3,9,0,0,0
2025-01-17 01:45,3,2,1,0,0,0
2025-01-17 02:00,4,1,3,0,0,0
2025-01-17 02:15,4,2,2,0,0,0
2025-01-17 02:30,1,0,1,0,0,0
2025-01-17 02:45,2,1,1,0,0,0
2025-01-17 03:00,2,1,1,0,0,0
2025-01-17 03:15,1,0,1,0,0,0
2025-01-17 03:30,5,0,5,0,0,0
2025-01-17 03:45,0,0,0,0,0,0
2025-01-17 04:00,5,3,2,0,0,0
2025-01-17 04:15,2,0,2,0,0,0
2025-01-17 04:30,1,0,1,0,0,0
2025-01-17 04:45,4,3,1,0,0,0
2025-01-17 05:00,5,4,1,0,0,0
2025-01-17 05:15,13,8,5,0,0,0
2025-01-17 05:30,18,14,4,0,0,0
2025-01-17 05:45,20,12,8,0,0,0
2025-01-17 06:00,23,15,8,0,0,0
2025-01-17 06:15,42,26,16,0,0,0
2025-01-17 06:30,32,19,13,0,0,0
2025-01-17 06:45,58,40,18,0,0,0
2025-01-17 07:00,81,48,33,0,0,0
2025-01-17 07:15,130,89,41,0,0,0
2025-01-17 07:30,218,156,62,0,0,0
2025-01-17 07:45,307,187,120,0,0,0
2025-01-17 08:00,300,165,135,0,0,0
2025-01-17 08:15,223,142,81,0,0,0
2025-01-17 08:30,171,100,71,0,0,0
2025-01-17 08:45,198,110,88,0,0,0
2025-01-17 09:00,174,98,76,0,0,0
2025-01-17 09:15,147,81,66,0,0,0
2025-01-17 09:30,123,61,62,0,0,0
2025-01-17 09:45,255,110,145,0,0,0
2025-01-17 10:00,314,197,117,0,0,0
2025-01-17 10:15,121,74,47,0,0,0
2025-01-17 10:30,91,44,47,0,0,0
2025-01-17 10:45,132,72,60,0,0,0
2025-01-17 11:00,149,73,76,0,0,0
2025-01-17 11:15,98,44,54,0,0,0
2025-01-17 11:30,134,69,65,0,0,0
2025-01-17 11:45,256,118,138,0,0,0
2025-01-17 12:00,184,92,92,0,0,0
2025-01-17 12:15,166,76,90,0,0,0
2025-01-17 12:30,166,72,94,0,0,0
2025-01-17 12:45,199,94,105,0,0,0
2025-01-17 13:00,261,82,179,0,0,0
2025-01-17 13:15,228,85,143,0,0,0
2025-01-17 13:30,214,93,121,0,0,0
2025-01-17 13:45,208,94,114,0,0,0
2025-01-17 14:00,198,102,96,0,0,0
2025-01-17 14:15,202,89,113,0,0,0
2025-01-17 14:30,182,90,92,0,0,0
2025-01-17 14:45,163,85,78,0,0,0
2025-01-17 15:00,176,85,91,0,0,0
2025-01-17 15:15,153,79,74,0,0,0
2025-01-17 15:30,189,87,102,0,0,0
2025-01-17 15:45,185,88,97,0,0,0
2025-01-17 16:00,167,73,94,0,0,0
2025-01-17 16:15,175,74,101,0,0,0
2025-01-17 16:30,171,68,103,0,0,0
2025-01-17 16:45,200,85,115,0,0,0
2025-01-17 17:00,168,74,94,0,0,0
2025-01-17 17:15,180,89,91,0,0,0
2025-01-17 17:30,190,88,102,0,0,0
2025-01-17 17:45,214,102,112,0,0,0
2025-01-17 18:00,225,89,136,0,0,0
2025-01-17 18:15,207,88,119,0,0,0
2025-01-17 18:30,185,89,96,0,0,0
2025-01-17 18:45,205,104,101,0,0,0
2025-01-17 19:00,166,73,93,0,0,0
2025-01-17 19:15,160,83,77,0,0,0
2025-01-17 19:30,132,76,56,0,0,0
2025-01-17 19:45,164,89,75,0,0,0
2025-01-17 20:00,170,77,93,0,0,0
2025-01-17 20:15,111,53,58,0,0,0
2025-01-17 20:30,109,46,63,0,0,0
2025-01-17 20:45,97,41,56,0,0,0
2025-01-17 21:00,80,43,37,0,0,0
2025-01-17 21:15,88,29,59,0,0,0
2025-01-17 21:30,67,31,36,0,0,0
2025-01-17 21:45,76,31,45,0,0,0
2025-01-17 22:00,72,24,48,0,0,0
2025-01-17 22:15,70,25,45,0,0,0
2025-01-17 22:30,75,25,50,0,0,0
2025-01-17 22:45,56,17,39,0,0,0
2025-01-17 23:00,86,28,58,0,0,0
2025-01-17 23:15,53,23,30,0,0,0
2025-01-17 23:30,53,23,30,0,0,0
2025-01-17 23:45,60,24,36,0,0,0
2025-01-18 00:00,60,27,33,0,0,0
2025-01-18 00:15,75,30,45,0,0,0
2025-01-18 00:30,46,10,36,0,0,0
2025-01-18 00:45,60,18,42,0,0,0
2025-01-18 01:00,49,14,35,0,0,0
2025-01-18 01:15,25,9,16,0,0,0
2025-01-18 01:30,15,4,11,0,0,0
2025-01-18 01:45,26,9,17,0,0,0
2025-01-18 02:00,30,7,23,0,0,0
2025-01-18 02:15,30,3,27,0,0,0
2025-01-18 02:30,14,2,12,0,0,0
2025-01-18 02:45,14,0,14,0,0,0
2025-01-18 03:00,14,0,14,0,0,0
2025-01-18 03:15,18,2,16,0,0,0
2025-01-18 03:30,12,1,11,0,0,0
2025-01-18 03:45,7,1,6,0,0,0
2025-01-18 04:00,11,0,11,0,0,0
2025-01-18 04:15,5,0,5,0,0,0
2025-01-18 04:30,9,1,8,0,0,0
2025-01-18 04:45,6,1,5,0,0,0
2025-01-18 05:00,4,0,4,0,0,0
2025-01-18 05:15,7,1,6,0,0,0
2025-01-18 05:30,4,3,1,0,0,0
2025-01-18 05:45,11,4,7,0,0,0
2025-01-18 06:00,11,4,7,0,0,0
2025-01-18 06:15,12,6,6,0,0,0
2025-01-18 06:30,11,5,6,0,0,0
2025-01-18 06:45,6,5,1,0,0,0
2025-01-18 07:00,9,7,2,0,0,0
2025-01-18 07:15,8,6,2,0,0,0
2025-01-18 07:30,16,12,4,0,0,0
2025-01-18 07:45,43,39,4,0,0,0
2025-01-18 08:00,57,49,8,0,0,0
2025-01-18 08:15,59,43,16,0,0,0
2025-01-18 08:30,62,40,22,0,0,0
2025-01-18 08:45,88,65,23,0,0,0
2025-01-18 09:00,69,59,10,0,0,0
2025-01-18 09:15,60,36,24,0,0,0
2025-01-18 09:30,81,58,23,0,0,0
2025-01-18 09:45,154,109,45,0,0,0
2025-01-18 10:00,118,88,30,0,0,0
2025-01-18 10:15,86,61,25,0,0,0
2025-01-18 10:30,76,50,26,0,0,0
2025-01-18 10:45,131,81,50,0,0,0
2025-01-18 11:00,112,62,50,0,0,0
2025-01-18 11:15,115,85,30,0,0,0
2025-01-18 11:30,124,89,35,0,0,0
2025-01-18 11:45,188,134,54,0,0,0
2025-01-18 12:00,139,92,47,0,0,0
2025-01-18 12:15,138,85,53,0,0,0
2025-01-18 12:30,135,75,60,0,0,0
2025-01-18 12:45,131,69,62,0,0,0
2025-01-18 13:00,100,46,54,0,0,0
2025-01-18 13:15,113,56,57,0,0,0
2025-01-18 13:30,120,55,65,0,0,0
2025-01-18 13:45,158,59,99,0,0,0
2025-01-18 14:00,140,57,83,0,0,0
2025-01-18 14:15,151,57,94,0,0,0
2025-01-18 14:30,111,42,69,0,0,0
2025-01-18 14:45,146,58,88,0,0,0
2025-01-18 15:00,145,77,68,0,0,0
2025-01-18 15:15,123,55,68,0,0,0
2025-01-18 15:30,158,52,106,0,0,0
2025-01-18 15:45,141,51,90,0,0,0
2025-01-18 16:00,145,55,90,0,0,0
2025-01-18 16:15,114,46,68,0,0,0
2025-01-18 16:30,142,49,93,0,0,0
2025-01-18 16:45,141,59,82,0,0,0
2025-01-18 17:00,129,52,77,0,0,0
2025-01-18 17:15,97,37,60,0,0,0
2025-01-18 17:30,109,30,79,0,0,0
2025-01-18 17:45,138,52,86,0,0,0
2025-01-18 18:00,139,48,91,0,0,0
2025-01-18 18:15,126,48,78,0,0,0
2025-01-18 18:30,100,43,57,0,0,0
2025-01-18 18:45,115,57,58,0,0,0
2025-01-18 19:00,109,44,65,0,0,0
2025-01-18 19:15,129,66,63,0,0,0
2025-01-18 19:30,98,46,52,0,0,0
2025-01-18 19:45,99,52,47,0,0,0
2025-01-18 20:00,90,41,49,0,0,0
2025-01-18 20:15,81,35,46,0,0,0
2025-01-18 20:30,57,21,36,0,0,0
2025-01-18 20:45,75,40,35,0,0,0
2025-01-18 21:00,54,16,38,0,0,0
2025-01-18 21:15,69,32,37,0,0,0
2025-01-18 21:30,51,15,36,0,0,0
2025-01-18 21:45,61,27,34,0,0,0
2025-01-18 22:00,69,25,44,0,0,0
2025-01-18 22:15,48,17,31,0,0,0
2025-01-18 22:30,63,20,43,0,0,0
2025-01-18 22:45,55,26,29,0,0,0
2025-01-18 23:00,68,25,43,0,0,0
2025-01-18 23:15,50,8,42,0,0,0
2025-01-18 23:30,48,15,33,0,0,0
2025-01-18 23:45,42,23,19,0,0,0
2025-01-19 00:00,74,24,50,0,0,0
2025-01-19 00:15,51,19,32,0,0,0
2025-01-19 00:30,42,15,27,0,0,0
2025-01-19 00:45,52,15,37,0,0,0
2025-01-19 01:00,29,10,19,0,0,0
2025-01-19 01:15,30,7,23,0,0,0
2025-01-19 01:30,32,4,28,0,0,0
2025-01-19 01:45,34,7,27,0,0,0
2025-01-19 02:00,24,12,12,0,0,0
2025-01-19 02:15,21,6,15,0,0,0
2025-01-19 02:30,7,4,3,0,0,0
2025-01-19 02:45,17,9,8,0,0,0
2025-01-19 03:00,30,1,29,0,0,0
2025-01-19 03:15,15,1,14,0,0,0
2025-01-19 03:30,16,5,11,0,0,0
2025-01-19 03:45,6,2,4,0,0,0
2025-01-19 04:00,3,0,3,0,0,0
2025-01-19 04:15,4,3,1,0,0,0
2025-01-19 04:30,7,4,3,0,0,0
2025-01-19 04:45,3,0,3,0,0,0
2025-01-19 05:00,4,0,4,0,0,0
2025-01-19 05:15,5,2,3,0,0,0
2025-01-19 05:30,11,4,7,0,0,0
2025-01-19 05:45,11,5,6,0,0,0
2025-01-19 06:00,6,3,3,0,0,0
2025-01-19 06:15,8,5,3,0,0,0
2025-01-19 06:30,5,1,4,0,0,0
2025-01-19 06:45,8,3,5,0,0,0
2025-01-19 07:00,6,3,3,0,0,0
2025-01-19 07:15,7,5,2,0,0,0
2025-01-19 07:30,6,4,2,0,0,0
2025-01-19 07:45,27,23,4,0,0,0
2025-01-19 08:00,29,26,3,0,0,0
2025-01-19 08:15,26,21,5,0,0,0
2025-01-19 08:30,29,22,7,0,0,0
2025-01-19 08:45,29,23,6,0,0,0
2025-01-19 09:00,29,18,11,0,0,0
2025-01-19 09:15,39,26,13,0,0,0
2025-01-19 09:30,40,27,13,0,0,0
2025-01-19 09:45,118,72,46,0,0,0
2025-01-19 10:00,55,42,13,0,0,0
2025-01-19 10:15,56,42,14,0,0,0
2025-01-19 10:30,73,41,32,0,0,0
2025-01-19 10:45,74,36,38,0,0,0
2025-01-19 11:00,54,23,31,0,0,0
2025-01-19 11:15,63,31,32,0,0,0
2025-01-19 11:30,59,29,30,0,0,0
2025-01-19 11:45,76,32,44,0,0,0
2025-01-19 12:00,70,38,32,0,0,0
2025-01-19 12:15,70,34,36,0,0,0
2025-01-19 12:30,62,20,42,0,0,0
2025-01-19 12:45,68,28,40,0,0,0
2025-01-19 13:00,84,27,57,0,0,0
2025-01-19 13:15,79,35,44,0,0,0
2025-01-19 13:30,71,38,33,0,0,0
2025-01-19 13:45,106,59,47,0,0,0
2025-01-19 14:00,94,53,41,0,0,0
2025-01-19 14:15,92,44,48,0,0,0
2025-01-19 14:30,81,43,38,0,0,0
2025-01-19 14:45,126,67,59,0,0,0
2025-01-19 15:00,127,81,46,0,0,0
2025-01-19 15:15,122,58,64,0,0,0
2025-01-19 15:30,87,45,42,0,0,0
2025-01-19 15:45,120,51,69,0,0,0
2025-01-19 16:00,94,41,53,0,0,0
2025-01-19 16:15,72,27,45,0,0,0
2025-01-19 16:30,63,24,39,0,0,0
2025-01-19 16:45,125,67,58,0,0,0
2025-01-19 17:00,114,60,54,0,0,0
2025-01-19 17:15,114,54,60,0,0,0
2025-01-19 17:30,152,78,74,0,0,0
2025-01-19 17:45,129,60,69,0,0,0
2025-01-19 18:00,79,33,46,0,0,0
2025-01-19 18:15,86,38,48,0,0,0
2025-01-19 18:30,82,32,50,0,0,0
2025-01-19 18:45,94,38,56,0,0,0
2025-01-19 19:00,61,26,35,0,0,0
2025-01-19 19:15,66,37,29,0,0,0
2025-01-19 19:30,83,38,45,0,0,0
2025-01-19 19:45,66,22,44,0,0,0
2025-01-19 20:00,63,23,40,0,0,0
2025-01-19 20:15,103,28,75,0,0,0
2025-01-19 20:30,76,23,53,0,0,0
2025-01-19 20:45,50,24,26,0,0,0
2025-01-19 21:00,56,14,42,0,0,0
2025-01-19 21:15,56,26,30,0,0,0
2025-01-19 21:30,40,20,20,0,0,0
2025-01-19 21:45,49,14,35,0,0,0
2025-01-19 22:00,44,11,33,0,0,0
2025-01-19 22:15,38,14,24,0,0,0
2025-01-19 22:30,32,17,15,0,0,0
2025-01-19 22:45,26,9,17,0,0,0
2025-01-19 23:00,30,9,21,0,0,0
2025-01-19 23:15,27,6,21,0,0,0
2025-01-19 23:30,13,4,9,0,0,0
2025-01-19 23:45,20,8,12,0,0,0
2025-01-20 00:00,6,1,5,0,0,0
2025-01-20 00:15,12,5,7,0,0,0
2025-01-20 00:30,7,2,5,0,0,0
2025-01-20 00:45,4,1,3,0,0,0
2025-01-20 01:00,2,2,0,0,0,0
2025-01-20 01:15,4,2,2,0,0,0
2025-01-20 01:30,1,0,1,0,0,0
2025-01-20 01:45,1,0,1,0,0,0
2025-01-20 02:00,3,2,1,0,0,0
2025-01-20 02:15,1,0,1,0,0,0
2025-01-20 02:30,0,0,0,0,0,0
2025-01-20 02:45,3,1,2,0,0,0
2025-01-20 03:00,0,0,0,0,0,0
2025-01-20 03:15,1,1,0,0,0,0
2025-01-20 03:30,3,1,2,0,0,0
2025-01-20 03:45,2,1,1,0,0,0
2025-01-20 04:00,2,2,0,0,0,0
2025-01-20 04:15,4,1,3,0,0,0
2025-01-20 04:30,2,1,1,0,0,0
2025-01-20 04:45,8,6,2,0,0,0
2025-01-20 05:00,5,5,0,0,0,0
2025-01-20 05:15,9,6,3,0,0,0
2025-01-20 05:30,12,9,3,0,0,0
2025-01-20 05:45,17,9,8,0,0,0
2025-01-20 06:00,27,23,4,0,0,0
2025-01-20 06:15,47,28,19,0,0,0
2025-01-20 06:30,56,34,22,0,0,0
2025-01-20 06:45,69,46,23,0,0,0
2025-01-20 07:00,91,60,31,0,0,0
2025-01-20 07:15,119,82,37,0,0,0
2025-01-20 07:30,259,193,66,0,0,0
2025-01-20 07:45,381,237,144,0,0,0
2025-01-20 08:00,316,189,127,0,0,0
2025-01-20 08:15,245,155,90,0,0,0
2025-01-20 08:30,197,129,68,0,0,0
2025-01-20 08:45,202,108,94,0,0,0
2025-01-20 09:00,168,100,68,0,0,0
2025-01-20 09:15,127,80,47,0,0,0
2025-01-20 09:30,151,87,64,0,0,0
2025-01-20 09:45,257,125,132,0,0,0
2025-01-20 10:00,302,185,117,0,0,0
2025-01-20 10:15,100,56,44,0,0,0
2025-01-20 10:30,93,48,45,0,0,0
2025-01-20 10:45,103,56,47,0,0,0
2025-01-20 11:00,155,59,96,0,0,0
2025-01-20 11:15,105,46,59,0,0,0
2025-01-20 11:30,153,62,91,0,0,0
2025-01-20 11:45,255,131,124,0,0,0
2025-01-20 12:00,243,127,116,0,0,0
2025-01-20 12:15,127,54,73,0,0,0
2025-01-20 12:30,125,56,69,0,0,0
2025-01-20 12:45,168,86,82,0,0,0
2025-01-20 13:00,166,62,104,0,0,0
2025-01-20 13:15,140,59,81,0,0,0
2025-01-20 13:30,151,70,81,0,0,0
2025-01-20 13:45,307,146,161,0,0,0
2025-01-20 14:00,256,148,108,0,0,0
2025-01-20 14:15,166,79,87,0,0,0
2025-01-20 14:30,144,71,73,0,0,0
2025-01-20 14:45,148,59,89,0,0,0
2025-01-20 15:00,170,84,86,0,0,0
2025-01-20 15:15,184,93,91,0,0,0
2025-01-20 15:30,254,82,172,0,0,0
2025-01-20 15:45,391,158,233,0,0,0
2025-01-20 16:00,308,164,144,0,0,0
2025-01-20 16:15,236,115,121,0,0,0
2025-01-20 16:30,204,92,112,0,0,0
2025-01-20 16:45,255,135,120,0,0,0
2025-01-20 17:00,198,87,111,0,0,0
2025-01-20 17:15,229,93,136,0,0,0
2025-01-20 17:30,285,124,161,0,0,0
2025-01-20 17:45,345,154,191,0,0,0
2025-01-20 18:00,291,130,161,0,0,0
2025-01-20 18:15,215,99,116,0,0,0
2025-01-20 18:30,194,91,103,0,0,0
2025-01-20 18:45,228,110,118,0,0,0
2025-01-20 19:00,176,79,97,0,0,0
2025-01-20 19:15,180,89,91,0,0,0
2025-01-20 19:30,187,81,106,0,0,0
2025-01-20 19:45,243,92,151,0,0,0
2025-01-20 20:00,174,61,113,0,0,0
2025-01-20 20:15,119,46,73,0,0,0
2025-01-20 20:30,117,50,67,0,0,0
2025-01-20 20:45,78,37,41,0,0,0
2025-01-20 21:00,83,33,50,0,0,0
2025-01-20 21:15,69,28,41,0,0,0
2025-01-20 21:30,74,32,42,0,0,0
2025-01-20 21:45,59,24,35,0,0,0
2025-01-20 22:00,68,23,45,0,0,0
2025-01-20 22:15,101,49,52,0,0,0
2025-01-20 22:30,41,10,31,0,0,0
2025-01-20 22:45,41,9,32,0,0,0
2025-01-20 23:00,29,11,18,0,0,0
2025-01-20 23:15,22,8,14,0,0,0
2025-01-20 23:30,33,12,21,0,0,0
2025-01-20 23:45,15,1,14,0,0,0
2025-01-21 00:00,16,7,9,0,0,0
2025-01-21 00:15,11,4,7,0,0,0
2025-01-21 00:30,20,5,15,0,0,0
2025-01-21 00:45,6,0,6,0,0,0
2025-01-21 01:00,8,3,5,0,0,0
2025-01-21 01:15,4,3,1,0,0,0
2025-01-21 01:30,1,1,0,0,0,0
2025-01-21 01:45,6,3,3,0,0,0
2025-01-21 02:00,1,0,1,0,0,0
2025-01-21 02:15,1,1,0,0,0,0
2025-01-21 02:30,2,1,1,0,0,0
2025-01-21 02:45,1,1,0,0,0,0
2025-01-21 03:00,0,0,0,0,0,0
2025-01-21 03:15,0,0,0,0,0,0
2025-01-21 03:30,1,0,1,0,0,0
2025-01-21 03:45,2,1,1,0,0,0
2025-01-21 04:00,1,1,0,0,0,0
2025-01-21 04:15,4,2,2,0,0,0
2025-01-21 04:30,4,3,1,0,0,0
2025-01-21 04:45,6,5,1,0,0,0
2025-01-21 05:00,6,6,0,0,0,0
2025-01-21 05:15,10,5,5,0,0,0
2025-01-21 05:30,12,10,2,0,0,0
2025-01-21 05:45,20,12,8,0,0,0
2025-01-21 06:00,30,25,5,0,0,0
2025-01-21 06:15,43,28,15,0,0,0
2025-01-21 06:30,55,38,17,0,0,0
2025-01-21 06:45,85,60,25,0,0,0
2025-01-21 07:00,113,67,46,0,0,0
2025-01-21 07:15,150,102,48,0,0,0
2025-01-21 07:30,259,186,73,0,0,0
2025-01-21 07:45,404,238,166,0,0,0
2025-01-21 08:00,346,197,149,0,0,0
2025-01-21 08:15,287,194,93,0,0,0
2025-01-21 08:30,215,127,88,0,0,0
2025-01-21 08:45,257,162,95,0,0,0
2025-01-21 09:00,169,86,83,0,0,0
2025-01-21 09:15,130,75,55,0,0,0
2025-01-21 09:30,128,63,65,0,0,0
2025-01-21 09:45,312,139,173,0,0,0
2025-01-21 10:00,409,246,163,0,0,0
2025-01-21 10:15,117,50,67,0,0,0
2025-01-21 10:30,96,50,46,0,0,0
2025-01-21 10:45,109,61,48,0,0,0
2025-01-21 11:00,127,53,74,0,0,0
2025-01-21 11:15,113,59,54,0,0,0
2025-01-21 11:30,163,75,88,0,0,0
2025-01-21 11:45,335,184,151,0,0,0
2025-01-21 12:00,250,149,101,0,0,0
2025-01-21 12:15,152,69,83,0,0,0
2025-01-21 12:30,154,72,82,0,0,0
2025-01-21 12:45,179,101,78,0,0,0
2025-01-21 13:00,205,87,118,0,0,0
2025-01-21 13:15,158,59,99,0,0,0
2025-01-21 13:30,175,82,93,0,0,0
2025-01-21 13:45,317,146,171,0,0,0
2025-01-21 14:00,259,109,150,0,0,0
2025-01-21 14:15,183,78,105,0,0,0
2025-01-21 14:30,182,78,104,0,0,0
2025-01-21 14:45,196,96,100,0,0,0
2025-01-21 15:00,176,82,94,0,0,0
2025-01-21 15:15,185,89,96,0,0,0
2025-01-21 15:30,171,65,106,0,0,0
2025-01-21 15:45,317,141,176,0,0,0
2025-01-21 16:00,261,117,144,0,0,0
2025-01-21 16:15,241,97,144,0,0,0
2025-01-21 16:30,220,96,124,0,0,0
2025-01-21 16:45,241,112,129,0,0,0
2025-01-21 17:00,196,78,118,0,0,0
2025-01-21 17:15,227,90,137,0,0,0
2025-01-21 17:30,256,103,153,0,0,0
2025-01-21 17:45,347,157,190,0,0,0
2025-01-21 18:00,305,140,165,0,0,0
2025-01-21 18:15,262,117,145,0,0,0
2025-01-21 18:30,191,68,123,0,0,0
2025-01-21 18:45,235,96,139,0,0,0
2025-01-21 19:00,166,68,98,0,0,0
2025-01-21 19:15,187,94,93,0,0,0
2025-01-21 19:30,198,75,123,0,0,0
2025-01-21 19:45,185,87,98,0,0,0
2025-01-21 20:00,182,66,116,0,0,0
2025-01-21 20:15,151,72,79,0,0,0
2025-01-21 20:30,108,44,64,0,0,0
2025-01-21 20:45,103,47,56,0,0,0
2025-01-21 21:00,99,34,65,0,0,0
2025-01-21 21:15,99,39,60,0,0,0
2025-01-21 21:30,79,33,46,0,0,0
2025-01-21 21:45,91,40,51,0,0,0
2025-01-21 22:00,100,49,51,0,0,0
2025-01-21 22:15,87,45,42,0,0,0
2025-01-21 22:30,40,13,27,0,0,0
2025-01-21 22:45,49,18,31,0,0,0
2025-01-21 23:00,64,18,46,0,0,0
2025-01-21 23:15,61,29,32,0,0,0
2025-01-21 23:30,30,15,15,0,0,0
2025-01-21 23:45,23,8,15,0,0,0
2025-01-22 00:00,24,5,19,0,0,0
2025-01-22 00:15,16,4,12,0,0,0
2025-01-22 00:30,14,5,9,0,0,0
2025-01-22 00:45,13,3,10,0,0,0
2025-01-22 01:00,12,4,8,0,0,0
2025-01-22 01:15,15,4,11,0,0,0
2025-01-22 01:30,9,2,7,0,0,0
2025-01-22 01:45,6,4,2,0,0,0
2025-01-22 02:00,3,1,2,0,0,0
2025-01-22 02:15,3,2,1,0,0,0
2025-01-22 02:30,3,2,1,0,0,0
2025-01-22 02:45,1,0,1,0,0,0
2025-01-22 03:00,1,0,1,0,0,0
2025-01-22 03:15,0,0,0,0,0,0
2025-01-22 03:30,3,0,3,0,0,0
2025-01-22 03:45,2,2,0,0,0,0
2025-01-22 04:00,5,2,3,0,0,0
2025-01-22 04:15,3,1,2,0,0,0
2025-01-22 04:30,3,2,1,0,0,0
2025-01-22 04:45,3,3,0,0,0,0
2025-01-22 05:00,9,8,1,0,0,0
2025-01-22 05:15,10,8,2,0,0,0
2025-01-22 05:30,14,9,5,0,0,0
2025-01-22 05:45,25,19,6,0,0,0
2025-01-22 06:00,31,21,10,0,0,0
2025-01-22 06:15,30,21,9,0,0,0
2025-01-22 06:30,76,53,23,0,0,0
2025-01-22 06:45,68,49,19,0,0,0
2025-01-22 07:00,89,60,29,0,0,0
2025-01-22 07:15,138,93,45,0,0,0
2025-01-22 07:30,268,187,81,0,0,0
2025-01-22 07:45,402,250,152,0,0,0
2025-01-22 08:00,380,226,154,0,0,0
2025-01-22 08:15,277,166,111,0,0,0
2025-01-22 08:30,227,138,89,0,0,0
2025-01-22 08:45,274,180,94,0,0,0
2025-01-22 09:00,184,105,79,0,0,0
2025-01-22 09:15,156,96,60,0,0,0
2025-01-22 09:30,139,71,68,0,0,0
2025-01-22 09:45,336,172,164,0,0,0
2025-01-22 10:00,295,180,115,0,0,0
2025-01-22 10:15,144,79,65,0,0,0
2025-01-22 10:30,123,67,56,0,0,0
2025-01-22 10:45,127,73,54,0,0,0
2025-01-22 11:00,96,51,45,0,0,0
2025-01-22 11:15,132,59,73,0,0,0
2025-01-22 11:30,163,63,100,0,0,0
2025-01-22 11:45,274,140,134,0,0,0
2025-01-22 12:00,260,151,109,0,0,0
2025-01-22 12:15,167,79,88,0,0,0
2025-01-22 12:30,168,79,89,0,0,0
2025-01-22 12:45,156,65,91,0,0,0
2025-01-22 13:00,153,70,83,0,0,0
2025-01-22 13:15,182,62,120,0,0,0
2025-01-22 13:30,198,89,109,0,0,0
2025-01-22 13:45,251,99,152,0,0,0
2025-01-22 14:00,237,106,131,0,0,0
2025-01-22 14:15,174,87,87,0,0,0
2025-01-22 14:30,173,74,99,0,0,0
2025-01-22 14:45,171,74,97,0,0,0
2025-01-22 15:00,150,57,93,0,0,0
2025-01-22 15:15,162,76,86,0,0,0
2025-01-22 15:30,232,94,138,0,0,0
2025-01-22 15:45,328,141,187,0,0,0
2025-01-22 16:00,261,121,140,0,0,0
2025-01-22 16:15,241,116,125,0,0,0
2025-01-22 16:30,195,81,114,0,0,0
2025-01-22 16:45,225,98,127,0,0,0
2025-01-22 17:00,216,78,138,0,0,0
2025-01-22 17:15,289,111,178,0,0,0
2025-01-22 17:30,286,125,161,0,0,0
2025-01-22 17:45,374,160,214,0,0,0
2025-01-22 18:00,307,115,192,0,0,0
2025-01-22 18:15,232,92,140,0,0,0
2025-01-22 18:30,252,104,148,0,0,0
2025-01-22 18:45,254,119,135,0,0,0
2025-01-22 19:00,217,98,119,0,0,0
2025-01-22 19:15,219,109,110,0,0,0
2025-01-22 19:30,157,67,90,0,0,0
2025-01-22 19:45,183,79,104,0,0,0
2025-01-22 20:00,160,68,92,0,0,0
2025-01-22 20:15,110,49,61,0,0,0
2025-01-22 20:30,115,61,54,0,0,0
2025-01-22 20:45,93,27,66,0,0,0
2025-01-22 21:00,103,39,64,0,0,0
2025-01-22 21:15,104,48,56,0,0,0
2025-01-22 21:30,85,38,47,0,0,0
2025-01-22 21:45,81,33,48,0,0,0
2025-01-22 22:00,149,73,76,0,0,0
2025-01-22 22:15,164,107,57,0,0,0
2025-01-22 22:30,105,58,47,0,0,0
2025-01-22 22:45,68,28,40,0,0,0
2025-01-22 23:00,67,32,35,0,0,0
2025-01-22 23:15,58,31,27,0,0,0
2025-01-22 23:30,40,13,27,0,0,0
2025-01-22 23:45,39,10,29,0,0,0
2025-01-23 00:00,29,6,23,0,0,0
2025-01-23 00:15,31,8,23,0,0,0
2025-01-23 00:30,17,4,13,0,0,0
2025-01-23 00:45,16,6,10,0,0,0
2025-01-23 01:00,21,6,15,0,0,0
2025-01-23 01:15,9,3,6,0,0,0
2025-01-23 01:30,24,9,15,0,0,0
2025-01-23 01:45,4,1,3,0,0,0
2025-01-23 02:00,18,1,17,0,0,0
2025-01-23 02:15,5,0,5,0,0,0
2025-01-23 02:30,3,2,1,0,0,0
2025-01-23 02:45,6,3,3,0,0,0
2025-01-23 03:00,0,0,0,0,0,0
2025-01-23 03:15,0,0,0,0,0,0
2025-01-23 03:30,2,0,2,0,0,0
2025-01-23 03:45,5,2,3,0,0,0
2025-01-23 04:00,2,2,0,0,0,0
2025-01-23 04:15,5,1,4,0,0,0
2025-01-23 04:30,5,4,1,0,0,0
2025-01-23 04:45,7,6,1,0,0,0
2025-01-23 05:00,5,2,3,0,0,0
2025-01-23 05:15,7,7,0,0,0,0
2025-01-23 05:30,17,11,6,0,0,0
2025-01-23 05:45,17,13,4,0,0,0
2025-01-23 06:00,21,15,6,0,0,0
2025-01-23 06:15,32,23,9,0,0,0
2025-01-23 06:30,45,30,15,0,0,0
2025-01-23 06:45,64,44,20,0,0,0
2025-01-23 07:00,65,42,23,0,0,0
2025-01-23 07:15,141,95,46,0,0,0
2025-01-23 07:30,237,161,76,0,0,0
2025-01-23 07:45,300,219,81,0,0,0
2025-01-23 08:00,269,157,112,0,0,0
2025-01-23 08:15,261,163,98,0,0,0
2025-01-23 08:30,210,131,79,0,0,0
2025-01-23 08:45,231,134,97,0,0,0
2025-01-23 09:00,181,96,85,0,0,0
2025-01-23 09:15,149,82,67,0,0,0
2025-01-23 09:30,137,74,63,0,0,0
2025-01-23 09:45,282,130,152,0,0,0
2025-01-23 10:00,279,157,122,0,0,0
2025-01-23 10:15,141,68,73,0,0,0
2025-01-23 10:30,101,48,53,0,0,0
2025-01-23 10:45,111,54,57,0,0,0
2025-01-23 11:00,122,57,65,0,0,0
2025-01-23 11:15,113,54,59,0,0,0
2025-01-23 11:30,132,57,75,0,0,0
2025-01-23 11:45,222,113,109,0,0,0
2025-01-23 12:00,244,115,129,0,0,0
2025-01-23 12:15,161,59,102,0,0,0
2025-01-23 12:30,146,61,85,0,0,0
2025-01-23 12:45,178,89,89,0,0,0
2025-01-23 13:00,172,75,97,0,0,0
2025-01-23 13:15,147,69,78,0,0,0
2025-01-23 13:30,179,88,91,0,0,0
2025-01-23 13:45,259,127,132,0,0,0
2025-01-23 14:00,265,136,129,0,0,0
2025-01-23 14:15,174,84,90,0,0,0
2025-01-23 14:30,151,69,82,0,0,0
2025-01-23 14:45,164,72,92,0,0,0
2025-01-23 15:00,164,67,97,0,0,0
2025-01-23 15:15,162,86,76,0,0,0
2025-01-23 15:30,234,78,156,0,0,0
2025-01-23 15:45,311,151,160,0,0,0
2025-01-23 16:00,282,139,143,0,0,0
2025-01-23 16:15,232,118,114,0,0,0
2025-01-23 16:30,246,109,137,0,0,0
2025-01-23 16:45,245,117,128,0,0,0
2025-01-23 17:00,226,96,130,0,0,0
2025-01-23 17:15,232,109,123,0,0,0
2025-01-23 17:30,262,127,135,0,0,0
2025-01-23 17:45,364,177,187,0,0,0
2025-01-23 18:00,247,87,160,0,0,0
2025-01-23 18:15,241,112,129,0,0,0
2025-01-23 18:30,198,96,102,0,0,0
2025-01-23 18:45,262,122,140,0,0,0
2025-01-23 19:00,151,69,82,0,0,0
2025-01-23 19:15,184,80,104,0,0,0
2025-01-23 19:30,149,57,92,0,0,0
2025-01-23 19:45,202,67,135,0,0,0
2025-01-23 20:00,134,60,74,0,0,0
2025-01-23 20:15,128,56,72,0,0,0
2025-01-23 20:30,98,44,54,0,0,0
2025-01-23 20:45,109,42,67,0,0,0
2025-01-23 21:00,107,34,73,0,0,0
2025-01-23 21:15,86,38,48,0,0,0
2025-01-23 21:30,91,42,49,0,0,0
2025-01-23 21:45,87,30,57,0,0,0
2025-01-23 22:00,99,37,62,0,0,0
2025-01-23 22:15,92,28,64,0,0,0
2025-01-23 22:30,69,16,53,0,0,0
2025-01-23 22:45,63,17,46,0,0,0
2025-01-23 23:00,31,11,20,0,0,0
2025-01-23 23:15,35,10,25,0,0,0
2025-01-23 23:30,28,7,21,0,0,0
2025-01-23 23:45,33,9,24,0,0,0
2025-01-24 00:00,27,6,21,0,0,0
2025-01-24 00:15,21,2,19,0,0,0
2025-01-24 00:30,13,3,10,0,0,0
2025-01-24 00:45,16,4,12,0,0,0
2025-01-24 01:00,19,5,14,0,0,0
2025-01-24 01:15,12,2,10,0,0,0
2025-01-24 01:30,5,1,4,0,0,0
2025-01-24 01:45,7,3,4,0,0,0
2025-01-24 02:00,3,1,2,0,0,0
2025-01-24 02:15,2,1,1,0,0,0
2025-01-24 02:30,3,0,3,0,0,0
2025-01-24 02:45,2,0,2,0,0,0
2025-01-24 03:00,2,0,2,0,0,0
2025-01-24 03:15,0,0,0,0,0,0
2025-01-24 03:30,2,1,1,0,0,0
2025-01-24 03:45,8,3,5,0,0,0
2025-01-24 04:00,3,3,0,0,0,0
2025-01-24 04:15,3,1,2,0,0,0
2025-01-24 04:30,2,1,1,0,0,0
2025-01-24 04:45,8,7,1,0,0,0
2025-01-24 05:00,6,5,1,0,0,0
2025-01-24 05:15,6,6,0,0,0,0
2025-01-24 05:30,7,5,2,0,0,0
2025-01-24 05:45,18,9,9,0,0,0
2025-01-24 06:00,21,15,6,0,0,0
2025-01-24 06:15,44,28,16,0,0,0
2025-01-24 06:30,38,24,14,0,0,0
2025-01-24 06:45,67,35,32,0,0,0
2025-01-24 07:00,76,42,34,0,0,0
2025-01-24 07:15,125,91,34,0,0,0
2025-01-24 07:30,227,166,61,0,0,0
2025-01-24 07:45,326,248,78,0,0,0
2025-01-24 08:00,241,141,100,0,0,0
2025-01-24 08:15,194,110,84,0,0,0
2025-01-24 08:30,143,75,68,0,0,0
2025-01-24 08:45,214,122,92,0,0,0
2025-01-24 09:00,156,92,64,0,0,0
2025-01-24 09:15,112,57,55,0,0,0
2025-01-24 09:30,132,72,60,0,0,0
2025-01-24 09:45,216,104,112,0,0,0
2025-01-24 10:00,224,121,103,0,0,0
2025-01-24 10:15,105,51,54,0,0,0
2025-01-24 10:30,131,59,72,0,0,0
2025-01-24 10:45,132,67,65,0,0,0
2025-01-24 11:00,93,52,41,0,0,0
2025-01-24 11:15,119,65,54,0,0,0
2025-01-24 11:30,133,67,66,0,0,0
2025-01-24 11:45,237,123,114,0,0,0
2025-01-24 12:00,169,95,74,0,0,0
2025-01-24 12:15,150,67,83,0,0,0
2025-01-24 12:30,136,61,75,0,0,0
2025-01-24 12:45,169,94,75,0,0,0
2025-01-24 13:00,229,68,161,0,0,0
2025-01-24 13:15,215,89,126,0,0,0
2025-01-24 13:30,168,78,90,0,0,0
2025-01-24 13:45,209,87,122,0,0,0
2025-01-24 14:00,187,83,104,0,0,0
2025-01-24 14:15,162,82,80,0,0,0
2025-01-24 14:30,139,72,67,0,0,0
2025-01-24 14:45,135,53,82,0,0,0
2025-01-24 15:00,158,73,85,0,0,0
2025-01-24 15:15,150,81,69,0,0,0
2025-01-24 15:30,154,84,70,0,0,0
2025-01-24 15:45,167,80,87,0,0,0
2025-01-24 16:00,152,59,93,0,0,0
2025-01-24 16:15,169,65,104,0,0,0
2025-01-24 16:30,141,65,76,0,0,0
2025-01-24 16:45,166,84,82,0,0,0
2025-01-24 17:00,146,68,78,0,0,0
2025-01-24 17:15,154,63,91,0,0,0
2025-01-24 17:30,144,62,82,0,0,0
2025-01-24 17:45,187,85,102,0,0,0
2025-01-24 18:00,171,74,97,0,0,0
2025-01-24 18:15,160,84,76,0,0,0
2025-01-24 18:30,159,80,79,0,0,0
2025-01-24 18:45,190,97,93,0,0,0
2025-01-24 19:00,122,64,58,0,0,0
2025-01-24 19:15,132,66,66,0,0,0
2025-01-24 19:30,95,48,47,0,0,0
2025-01-24 19:45,128,46,82,0,0,0
2025-01-24 20:00,126,61,65,0,0,0
2025-01-24 20:15,116,58,58,0,0,0
2025-01-24 20:30,82,40,42,0,0,0
2025-01-24 20:45,73,28,45,0,0,0
2025-01-24 21:00,77,39,38,0,0,0
2025-01-24 21:15,107,55,52,0,0,0
2025-01-24 21:30,73,35,38,0,0,0
2025-01-24 21:45,68,27,41,0,0,0
2025-01-24 22:00,65,19,46,0,0,0
2025-01-24 22:15,59,25,34,0,0,0
2025-01-24 22:30,63,26,37,0,0,0
2025-01-24 22:45,60,19,41,0,0,0
2025-01-24 23:00,67,15,52,0,0,0
2025-01-24 23:15,57,17,40,0,0,0
2025-01-24 23:30,48,16,32,0,0,0
2025-01-24 23:45,37,10,27,0,0,0
2025-01-25 00:00,60,26,34,0,0,0
2025-01-25 00:15,53,23,30,0,0,0
2025-01-25 00:30,54,14,40,0,0,0
2025-01-25 00:45,38,9,29,0,0,0
2025-01-25 01:00,30,4,26,0,0,0
2025-01-25 01:15,36,7,29,0,0,0
2025-01-25 01:30,39,11,28,0,0,0
2025-01-25 01:45,27,4,23,0,0,0
2025-01-25 02:00,19,2,17,0,0,0
2025-01-25 02:15,26,4,22,0,0,0
2025-01-25 02:30,11,3,8,0,0,0
2025-01-25 02:45,22,9,13,0,0,0
2025-01-25 03:00,13,1,12,0,0,0
2025-01-25 03:15,15,1,14,0,0,0
2025-01-25 03:30,5,1,4,0,0,0
2025-01-25 03:45,15,0,15,0,0,0
2025-01-25 04:00,14,3,11,0,0,0
2025-01-25 04:15,7,2,5,0,0,0
2025-01-25 04:30,7,0,7,0,0,0
2025-01-25 04:45,4,2,2,0,0,0
2025-01-25 05:00,5,1,4,0,0,0
2025-01-25 05:15,9,5,4,0,0,0
2025-01-25 05:30,10,5,5,0,0,0
2025-01-25 05:45,6,5,1,0,0,0
2025-01-25 06:00,3,2,1,0,0,0
2025-01-25 06:15,4,1,3,0,0,0
2025-01-25 06:30,10,6,4,0,0,0
2025-01-25 06:45,3,2,1,0,0,0
2025-01-25 07:00,8,5,3,0,0,0
2025-01-25 07:15,16,8,8,0,0,0
2025-01-25 07:30,28,19,9,0,0,0
2025-01-25 07:45,74,61,13,0,0,0
2025-01-25 08:00,55,45,10,0,0,0
2025-01-25 08:15,47,33,14,0,0,0
2025-01-25 08:30,66,47,19,0,0,0
2025-01-25 08:45,81,52,29,0,0,0
2025-01-25 09:00,49,39,10,0,0,0
2025-01-25 09:15,57,34,23,0,0,0
2025-01-25 09:30,62,35,27,0,0,0
2025-01-25 09:45,92,65,27,0,0,0
2025-01-25 10:00,75,40,35,0,0,0
2025-01-25 10:15,87,66,21,0,0,0
2025-01-25 10:30,58,30,28,0,0,0
2025-01-25 10:45,62,36,26,0,0,0
2025-01-25 11:00,60,24,36,0,0,0
2025-01-25 11:15,65,41,24,0,0,0
2025-01-25 11:30,67,34,33,0,0,0
2025-01-25 11:45,74,40,34,0,0,0
2025-01-25 12:00,63,34,29,0,0,0
2025-01-25 12:15,74,39,35,0,0,0
2025-01-25 12:30,83,48,35,0,0,0
2025-01-25 12:45,91,57,34,0,0,0
2025-01-25 13:00,83,39,44,0,0,0
2025-01-25 13:15,91,54,37,0,0,0
2025-01-25 13:30,104,63,41,0,0,0
2025-01-25 13:45,124,69,55,0,0,0
2025-01-25 14:00,111,57,54,0,0,0
2025-01-25 14:15,124,75,49,0,0,0
2025-01-25 14:30,119,68,51,0,0,0
2025-01-25 14:45,121,60,61,0,0,0
2025-01-25 15:00,135,80,55,0,0,0
2025-01-25 15:15,89,48,41,0,0,0
2025-01-25 15:30,94,39,55,0,0,0
2025-01-25 15:45,102,38,64,0,0,0
2025-01-25 16:00,113,51,62,0,0,0
2025-01-25 16:15,133,49,84,0,0,0
2025-01-25 16:30,83,24,59,0,0,0
2025-01-25 16:45,122,57,65,0,0,0
2025-01-25 17:00,114,43,71,0,0,0
2025-01-25 17:15,129,44,85,0,0,0
2025-01-25 17:30,116,49,67,0,0,0
2025-01-25 17:45,140,61,79,0,0,0
2025-01-25 18:00,140,56,84,0,0,0
2025-01-25 18:15,129,54,75,0,0,0
2025-01-25 18:30,116,55,61,0,0,0
2025-01-25 18:45,113,47,66,0,0,0
2025-01-25 19:00,111,45,66,0,0,0
2025-01-25 19:15,96,55,41,0,0,0
2025-01-25 19:30,103,46,57,0,0,0
2025-01-25 19:45,96,46,50,0,0,0
2025-01-25 20:00,105,48,57,0,0,0
2025-01-25 20:15,84,43,41,0,0,0
2025-01-25 20:30,66,29,37,0,0,0
2025-01-25 20:45,63,28,35,0,0,0
2025-01-25 21:00,52,23,29,0,0,0
2025-01-25 21:15,46,21,25,0,0,0
2025-01-25 21:30,42,12,30,0,0,0
2025-01-25 21:45,66,21,45,0,0,0
2025-01-25 22:00,80,20,60,0,0,0
2025-01-25 22:15,57,18,39,0,0,0
2025-01-25 22:30,61,12,49,0,0,0
2025-01-25 22:45,31,13,18,0,0,0
2025-01-25 23:00,32,7,25,0,0,0
2025-01-25 23:15,51,18,33,0,0,0
2025-01-25 23:30,46,13,33,0,0,0
2025-01-25 23:45,35,15,20,0,0,0
2025-01-26 00:00,35,12,23,0,0,0
2025-01-26 00:15,37,5,32,0,0,0
2025-01-26 00:30,22,7,15,0,0,0
2025-01-26 00:45,29,9,20,0,0,0
2025-01-26 01:00,45,15,30,0,0,0
2025-01-26 01:15,46,15,31,0,0,0
2025-01-26 01:30,28,9,19,0,0,0
2025-01-26 01:45,31,10,21,0,0,0
2025-01-26 02:00,19,5,14,0,0,0
2025-01-26 02:15,26,3,23,0,0,0
2025-01-26 02:30,9,2,7,0,0,0
2025-01-26 02:45,24,2,22,0,0,0
2025-01-26 03:00,16,4,12,0,0,0
2025-01-26 03:15,11,1,10,0,0,0
2025-01-26 03:30,15,3,12,0,0,0
2025-01-26 03:45,6,1,5,0,0,0
2025-01-26 04:00,6,0,6,0,0,0
2025-01-26 04:15,10,0,10,0,0,0
2025-01-26 04:30,1,0,1,0,0,0
2025-01-26 04:45,1,0,1,0,0,0
2025-01-26 05:00,8,0,8,0,0,0
2025-01-26 05:15,5,1,4,0,0,0
2025-01-26 05:30,7,5,2,0,0,0
2025-01-26 05:45,5,1,4,0,0,0
2025-01-26 06:00,6,2,4,0,0,0
2025-01-26 06:15,4,2,2,0,0,0
2025-01-26 06:30,5,2,3,0,0,0
2025-01-26 06:45,4,2,2,0,0,0
2025-01-26 07:00,5,1,4,0,0,0
2025-01-26 07:15,6,3,3,0,0,0
2025-01-26 07:30,6,5,1,0,0,0
2025-01-26 07:45,48,46,2,0,0,0
2025-01-26 08:00,16,11,5,0,0,0
2025-01-26 08:15,21,18,3,0,0,0
2025-01-26 08:30,36,28,8,0,0,0
2025-01-26 08:45,25,19,6,0,0,0
2025-01-26 09:00,26,18,8,0,0,0
2025-01-26 09:15,30,17,13,0,0,0
2025-01-26 09:30,42,33,9,0,0,0
2025-01-26 09:45,87,68,19,0,0,0
2025-01-26 10:00,62,41,21,0,0,0
2025-01-26 10:15,48,32,16,0,0,0
2025-01-26 10:30,31,15,16,0,0,0
2025-01-26 10:45,58,24,34,0,0,0
2025-01-26 11:00,47,32,15,0,0,0
2025-01-26 11:15,37,18,19,0,0,0
2025-01-26 11:30,50,31,19,0,0,0
2025-01-26 11:45,57,37,20,0,0,0
2025-01-26 12:00,62,21,41,0,0,0
2025-01-26 12:15,71,39,32,0,0,0
2025-01-26 12:30,54,32,22,0,0,0
2025-01-26 12:45,70,41,29,0,0,0
2025-01-26 13:00,61,39,22,0,0,0
2025-01-26 13:15,80,33,47,0,0,0
2025-01-26 13:30,76,36,40,0,0,0
2025-01-26 13:45,65,30,35,0,0,0
2025-01-26 14:00,89,44,45,0,0,0
2025-01-26 14:15,76,42,34,0,0,0
2025-01-26 14:30,80,37,43,0,0,0
2025-01-26 14:45,80,40,40,0,0,0
2025-01-26 15:00,76,30,46,0,0,0
2025-01-26 15:15,82,36,46,0,0,0
2025-01-26 15:30,67,30,37,0,0,0
2025-01-26 15:45,122,57,65,0,0,0
2025-01-26 16:00,80,31,49,0,0,0
2025-01-26 16:15,85,29,56,0,0,0
2025-01-26 16:30,72,27,45,0,0,0
2025-01-26 16:45,107,36,71,0,0,0
2025-01-26 17:00,86,32,54,0,0,0
2025-01-26 17:15,85,42,43,0,0,0
2025-01-26 17:30,78,27,51,0,0,0
2025-01-26 17:45,121,46,75,0,0,0
2025-01-26 18:00,91,42,49,0,0,0
2025-01-26 18:15,94,27,67,0,0,0
2025-01-26 18:30,113,48,65,0,0,0
2025-01-26 18:45,88,42,46,0,0,0
2025-01-26 19:00,77,35,42,0,0,0
2025-01-26 19:15,91,48,43,0,0,0
2025-01-26 19:30,78,28,50,0,0,0
2025-01-26 19:45,66,29,37,0,0,0
2025-01-26 20:00,88,35,53,0,0,0
2025-01-26 20:15,90,29,61,0,0,0
2025-01-26 20:30,62,20,42,0,0,0
2025-01-26 20:45,39,9,30,0,0,0
2025-01-26 21:00,54,16,38,0,0,0
2025-01-26 21:15,52,23,29,0,0,0
2025-01-26 21:30,50,18,32,0,0,0
2025-01-26 21:45,47,13,34,0,0,0
2025-01-26 22:00,47,12,35,0,0,0
2025-01-26 22:15,18,5,13,0,0,0
2025-01-26 22:30,22,7,15,0,0,0
2025-01-26 22:45,34,14,20,0,0,0
2025-01-26 23:00,24,8,16,0,0,0
2025-01-26 23:15,23,12,11,0,0,0
2025-01-26 23:30,16,4,12,0,0,0
2025-01-26 23:45,17,4,13,0,0,0
2025-01-27 00:00,13,5,8,0,0,0
2025-01-27 00:15,7,3,4,0,0,0
2025-01-27 00:30,7,1,6,0,0,0
2025-01-27 00:45,4,2,2,0,0,0
2025-01-27 01:00,6,4,2,0,0,0
2025-01-27 01:15,5,1,4,0,0,0
2025-01-27 01:30,1,0,1,0,0,0
2025-01-27 01:45,2,1,1,0,0,0
2025-01-27 02:00,0,0,0,0,0,0
2025-01-27 02:15,2,1,1,0,0,0
2025-01-27 02:30,2,1,1,0,0,0
2025-01-27 02:45,1,0,1,0,0,0
2025-01-27 03:00,1,0,1,0,0,0
2025-01-27 03:15,0,0,0,0,0,0
2025-01-27 03:30,1,1,0,0,0,0
2025-01-27 03:45,2,1,1,0,0,0
2025-01-27 04:00,2,1,1,0,0,0
2025-01-27 04:15,4,1,3,0,0,0
2025-01-27 04:30,1,0,1,0,0,0
2025-01-27 04:45,4,3,1,0,0,0
2025-01-27 05:00,6,5,1,0,0,0
2025-01-27 05:15,12,10,2,0,0,0
2025-01-27 05:30,12,10,2,0,0,0
2025-01-27 05:45,16,11,5,0,0,0
2025-01-27 06:00,34,24,10,0,0,0
2025-01-27 06:15,39,24,15,0,0,0
2025-01-27 06:30,43,22,21,0,0,0
2025-01-27 06:45,64,45,19,0,0,0
2025-01-27 07:00,83,47,36,0,0,0
2025-01-27 07:15,106,76,30,0,0,0
2025-01-27 07:30,265,173,92,0,0,0
2025-01-27 07:45,344,251,93,0,0,0
2025-01-27 08:00,276,173,103,0,0,0
2025-01-27 08:15,225,139,86,0,0,0
2025-01-27 08:30,217,137,80,0,0,0
2025-01-27 08:45,238,142,96,0,0,0
2025-01-27 09:00,156,87,69,0,0,0
2025-01-27 09:15,126,69,57,0,0,0
2025-01-27 09:30,180,95,85,0,0,0
2025-01-27 09:45,238,131,107,0,0,0
2025-01-27 10:00,204,115,89,0,0,0
2025-01-27 10:15,118,67,51,0,0,0
2025-01-27 10:30,117,62,55,0,0,0
2025-01-27 10:45,147,80,67,0,0,0
2025-01-27 11:00,157,56,101,0,0,0
2025-01-27 11:15,126,46,80,0,0,0
2025-01-27 11:30,175,77,98,0,0,0
2025-01-27 11:45,234,122,112,0,0,0
2025-01-27 12:00,207,114,93,0,0,0
2025-01-27 12:15,162,76,86,0,0,0
2025-01-27 12:30,174,85,89,0,0,0
2025-01-27 12:45,189,86,103,0,0,0
2025-01-27 13:00,189,88,101,0,0,0
2025-01-27 13:15,177,79,98,0,0,0
2025-01-27 13:30,152,64,88,0,0,0
2025-01-27 13:45,266,128,138,0,0,0
2025-01-27 14:00,224,110,114,0,0,0
2025-01-27 14:15,167,74,93,0,0,0
2025-01-27 14:30,163,61,102,0,0,0
2025-01-27 14:45,165,78,87,0,0,0
2025-01-27 15:00,177,72,105,0,0,0
2025-01-27 15:15,233,122,111,0,0,0
2025-01-27 15:30,287,102,185,0,0,0
2025-01-27 15:45,312,146,166,0,0,0
2025-01-27 16:00,282,124,158,0,0,0
2025-01-27 16:15,236,110,126,0,0,0
2025-01-27 16:30,221,104,117,0,0,0
2025-01-27 16:45,262,114,148,0,0,0
2025-01-27 17:00,245,103,142,0,0,0
2025-01-27 17:15,269,112,157,0,0,0
2025-01-27 17:30,265,113,152,0,0,0
2025-01-27 17:45,286,125,161,0,0,0
2025-01-27 18:00,245,113,132,0,0,0
2025-01-27 18:15,296,116,180,0,0,0
2025-01-27 18:30,243,123,120,0,0,0
2025-01-27 18:45,208,102,106,0,0,0
2025-01-27 19:00,206,89,117,0,0,0
2025-01-27 19:15,184,85,99,0,0,0
2025-01-27 19:30,176,82,94,0,0,0
2025-01-27 19:45,174,79,95,0,0,0
2025-01-27 20:00,227,62,165,0,0,0
2025-01-27 20:15,126,59,67,0,0,0
2025-01-27 20:30,116,47,69,0,0,0
2025-01-27 20:45,116,46,70,0,0,0
2025-01-27 21:00,108,51,57,0,0,0
2025-01-27 21:15,98,35,63,0,0,0
2025-01-27 21:30,73,24,49,0,0,0
2025-01-27 21:45,103,28,75,0,0,0
2025-01-27 22:00,76,26,50,0,0,0
2025-01-27 22:15,55,21,34,0,0,0
2025-01-27 22:30,44,16,28,0,0,0
2025-01-27 22:45,58,17,41,0,0,0
2025-01-27 23:00,33,5,28,0,0,0
2025-01-27 23:15,33,13,20,0,0,0
2025-01-27 23:30,34,13,21,0,0,0
2025-01-27 23:45,18,7,11,0,0,0
2025-01-28 00:00,18,4,14,0,0,0
2025-01-28 00:15,13,7,6,0,0,0
2025-01-28 00:30,9,4,5,0,0,0
2025-01-28 00:45,8,1,7,0,0,0
2025-01-28 01:00,3,0,3,0,0,0
2025-01-28 01:15,8,1,7,0,0,0
2025-01-28 01:30,6,2,4,0,0,0
2025-01-28 01:45,3,1,2,0,0,0
2025-01-28 02:00,1,1,0,0,0,0
2025-01-28 02:15,0,0,0,0,0,0
2025-01-28 02:30,1,0,1,0,0,0
2025-01-28 02:45,2,1,1,0,0,0
2025-01-28 03:00,1,1,0,0,0,0
2025-01-28 03:15,5,0,5,0,0,0
2025-01-28 03:30,3,0,3,0,0,0
2025-01-28 03:45,6,1,5,0,0,0
2025-01-28 04:00,2,2,0,0,0,0
2025-01-28 04:15,4,2,2,0,0,0
2025-01-28 04:30,3,2,1,0,0,0
2025-01-28 04:45,3,2,1,0,0,0
2025-01-28 05:00,9,6,3,0,0,0
2025-01-28 05:15,13,10,3,0,0,0
2025-01-28 05:30,15,11,4,0,0,0
2025-01-28 05:45,21,13,8,0,0,0
2025-01-28 06:00,37,27,10,0,0,0
2025-01-28 06:15,42,27,15,0,0,0
2025-01-28 06:30,53,36,17,0,0,0
2025-01-28 06:45,73,42,31,0,0,0
2025-01-28 07:00,99,63,36,0,0,0
2025-01-28 07:15,157,105,52,0,0,0
2025-01-28 07:30,311,211,100,0,0,0
2025-01-28 07:45,388,256,132,0,0,0
2025-01-28 08:00,252,146,106,0,0,0
2025-01-28 08:15,220,147,73,0,0,0
2025-01-28 08:30,198,131,67,0,0,0
2025-01-28 08:45,272,152,120,0,0,0
2025-01-28 09:00,150,81,69,0,0,0
2025-01-28 09:15,159,86,73,0,0,0
2025-01-28 09:30,174,104,70,0,0,0
2025-01-28 09:45,264,142,122,0,0,0
2025-01-28 10:00,258,173,85,0,0,0
2025-01-28 10:15,108,62,46,0,0,0
2025-01-28 10:30,98,50,48,0,0,0
2025-01-28 10:45,157,93,64,0,0,0
2025-01-28 11:00,155,71,84,0,0,0
2025-01-28 11:15,159,82,77,0,0,0
2025-01-28 11:30,191,111,80,0,0,0
2025-01-28 11:45,230,131,99,0,0,0
2025-01-28 12:00,246,116,130,0,0,0
2025-01-28 12:15,168,61,107,0,0,0
2025-01-28 12:30,169,69,100,0,0,0
2025-01-28 12:45,183,81,102,0,0,0
2025-01-28 13:00,185,85,100,0,0,0
2025-01-28 13:15,189,81,108,0,0,0
2025-01-28 13:30,200,98,102,0,0,0
2025-01-28 13:45,241,107,134,0,0,0
2025-01-28 14:00,278,118,160,0,0,0
2025-01-28 14:15,185,78,107,0,0,0
2025-01-28 14:30,171,73,98,0,0,0
2025-01-28 14:45,188,85,103,0,0,0
2025-01-28 15:00,212,107,105,0,0,0
2025-01-28 15:15,192,80,112,0,0,0
2025-01-28 15:30,243,98,145,0,0,0
2025-01-28 15:45,262,150,112,0,0,0
2025-01-28 16:00,285,122,163,0,0,0
2025-01-28 16:15,245,104,141,0,0,0
2025-01-28 16:30,268,115,153,0,0,0
2025-01-28 16:45,259,109,150,0,0,0
2025-01-28 17:00,260,103,157,0,0,0
2025-01-28 17:15,277,124,153,0,0,0
2025-01-28 17:30,272,101,171,0,0,0
2025-01-28 17:45,302,132,170,0,0,0
2025-01-28 18:00,294,134,160,0,0,0
2025-01-28 18:15,270,114,156,0,0,0
2025-01-28 18:30,217,86,131,0,0,0
2025-01-28 18:45,240,103,137,0,0,0
2025-01-28 19:00,187,81,106,0,0,0
2025-01-28 19:15,187,91,96,0,0,0
2025-01-28 19:30,174,86,88,0,0,0
2025-01-28 19:45,217,76,141,0,0,0
2025-01-28 20:00,168,53,115,0,0,0
2025-01-28 20:15,123,49,74,0,0,0
2025-01-28 20:30,92,47,45,0,0,0
2025-01-28 20:45,110,41,69,0,0,0
2025-01-28 21:00,99,36,63,0,0,0
2025-01-28 21:15,100,39,61,0,0,0
2025-01-28 21:30,85,31,54,0,0,0
2025-01-28 21:45,97,36,61,0,0,0
2025-01-28 22:00,94,25,69,0,0,0
2025-01-28 22:15,105,54,51,0,0,0
2025-01-28 22:30,89,30,59,0,0,0
2025-01-28 22:45,66,28,38,0,0,0
2025-01-28 23:00,38,17,21,0,0,0
2025-01-28 23:15,42,9,33,0,0,0
2025-01-28 23:30,34,12,22,0,0,0
2025-01-28 23:45,20,4,16,0,0,0
2025-01-29 00:00,29,9,20,0,0,0
2025-01-29 00:15,13,3,10,0,0,0
2025-01-29 00:30,14,1,13,0,0,0
2025-01-29 00:45,15,5,10,0,0,0
2025-01-29 01:00,16,5,11,0,0,0
2025-01-29 01:15,6,5,1,0,0,0
2025-01-29 01:30,8,3,5,0,0,0
2025-01-29 01:45,7,2,5,0,0,0
2025-01-29 02:00,2,1,1,0,0,0
2025-01-29 02:15,2,1,1,0,0,0
2025-01-29 02:30,2,1,1,0,0,0
2025-01-29 02:45,2,1,1,0,0,0
2025-01-29 03:00,1,0,1,0,0,0
2025-01-29 03:15,2,1,1,0,0,0
2025-01-29 03:30,3,1,2,0,0,0
2025-01-29 03:45,2,0,2,0,0,0
2025-01-29 04:00,3,2,1,0,0,0
2025-01-29 04:15,4,2,2,0,0,0
2025-01-29 04:30,2,0,2,0,0,0
2025-01-29 04:45,4,3,1,0,0,0
2025-01-29 05:00,8,7,1,0,0,0
2025-01-29 05:15,7,5,2,0,0,0
2025-01-29 05:30,15,9,6,0,0,0
2025-01-29 05:45,18,10,8,0,0,0
2025-01-29 06:00,28,23,5,0,0,0
2025-01-29 06:15,37,27,10,0,0,0
2025-01-29 06:30,60,44,16,0,0,0
2025-01-29 06:45,57,42,15,0,0,0
2025-01-29 07:00,87,52,35,0,0,0
2025-01-29 07:15,142,94,48,0,0,0
2025-01-29 07:30,309,218,91,0,0,0
2025-01-29 07:45,352,234,118,0,0,0
2025-01-29 08:00,235,144,91,0,0,0
2025-01-29 08:15,236,141,95,0,0,0
2025-01-29 08:30,174,107,67,0,0,0
2025-01-29 08:45,295,184,111,0,0,0
2025-01-29 09:00,166,96,70,0,0,0
2025-01-29 09:15,151,86,65,0,0,0
2025-01-29 09:30,172,96,76,0,0,0
2025-01-29 09:45,257,137,120,0,0,0
2025-01-29 10:00,222,150,72,0,0,0
2025-01-29 10:15,117,76,41,0,0,0
2025-01-29 10:30,96,50,46,0,0,0
2025-01-29 10:45,133,81,52,0,0,0
2025-01-29 11:00,111,46,65,0,0,0
2025-01-29 11:15,148,83,65,0,0,0
2025-01-29 11:30,180,83,97,0,0,0
2025-01-29 11:45,267,138,129,0,0,0
2025-01-29 12:00,236,121,115,0,0,0
2025-01-29 12:15,170,83,87,0,0,0
2025-01-29 12:30,174,91,83,0,0,0
2025-01-29 12:45,192,79,113,0,0,0
2025-01-29 13:00,186,81,105,0,0,0
2025-01-29 13:15,206,95,111,0,0,0
2025-01-29 13:30,185,92,93,0,0,0
2025-01-29 13:45,205,102,103,0,0,0
2025-01-29 14:00,228,100,128,0,0,0
2025-01-29 14:15,181,82,99,0,0,0
2025-01-29 14:30,154,59,95,0,0,0
2025-01-29 14:45,164,60,104,0,0,0
2025-01-29 15:00,149,72,77,0,0,0
2025-01-29 15:15,165,74,91,0,0,0
2025-01-29 15:30,201,103,98,0,0,0
2025-01-29 15:45,245,121,124,0,0,0
2025-01-29 16:00,253,120,133,0,0,0
2025-01-29 16:15,234,103,131,0,0,0
2025-01-29 16:30,248,88,160,0,0,0
2025-01-29 16:45,286,113,173,0,0,0
2025-01-29 17:00,252,102,150,0,0,0
2025-01-29 17:15,263,114,149,0,0,0
2025-01-29 17:30,263,123,140,0,0,0
2025-01-29 17:45,309,128,181,0,0,0
2025-01-29 18:00,245,95,150,0,0,0
2025-01-29 18:15,244,106,138,0,0,0
2025-01-29 18:30,227,88,139,0,0,0
2025-01-29 18:45,253,93,160,0,0,0
2025-01-29 19:00,230,79,151,0,0,0
2025-01-29 19:15,237,113,124,0,0,0
2025-01-29 19:30,194,82,112,0,0,0
2025-01-29 19:45,270,115,155,0,0,0
2025-01-29 20:00,195,90,105,0,0,0
2025-01-29 20:15,162,53,109,0,0,0
2025-01-29 20:30,129,65,64,0,0,0
2025-01-29 20:45,138,66,72,0,0,0
2025-01-29 21:00,129,55,74,0,0,0
2025-01-29 21:15,105,49,56,0,0,0
2025-01-29 21:30,122,49,73,0,0,0
2025-01-29 21:45,92,36,56,0,0,0
2025-01-29 22:00,98,43,55,0,0,0
2025-01-29 22:15,77,36,41,0,0,0
2025-01-29 22:30,102,56,46,0,0,0
2025-01-29 22:45,89,49,40,0,0,0
2025-01-29 23:00,109,44,65,0,0,0
2025-01-29 23:15,75,27,48,0,0,0
2025-01-29 23:30,53,18,35,0,0,0
2025-01-29 23:45,54,34,20,0,0,0
