Datetime,100034982 (Hüfferstraße),101034982 (Hüfferstraße stadteinwärts),102034982 (Hüfferstraße stadtauswärts),100034982-status,101034982-status,102034982-status
2022-10-01 00:00,14,5,9,0,0,0
2022-10-01 00:15,13,2,11,0,0,0
2022-10-01 00:30,18,11,7,0,0,0
2022-10-01 00:45,15,10,5,0,0,0
2022-10-01 01:00,14,6,8,0,0,0
2022-10-01 01:15,13,1,12,0,0,0
2022-10-01 01:30,5,0,5,0,0,0
2022-10-01 01:45,18,3,15,0,0,0
2022-10-01 02:00,8,3,5,0,0,0
2022-10-01 02:15,6,4,2,0,0,0
2022-10-01 02:30,19,4,15,0,0,0
2022-10-01 02:45,4,1,3,0,0,0
2022-10-01 03:00,8,2,6,0,0,0
2022-10-01 03:15,13,0,13,0,0,0
2022-10-01 03:30,10,1,9,0,0,0
2022-10-01 03:45,7,0,7,0,0,0
2022-10-01 04:00,3,1,2,0,0,0
2022-10-01 04:15,5,1,4,0,0,0
2022-10-01 04:30,7,1,6,0,0,0
2022-10-01 04:45,1,1,0,0,0,0
2022-10-01 05:00,1,0,1,0,0,0
2022-10-01 05:15,10,2,8,0,0,0
2022-10-01 05:30,8,3,5,0,0,0
2022-10-01 05:45,4,2,2,0,0,0
2022-10-01 06:00,4,1,3,0,0,0
2022-10-01 06:15,1,1,0,0,0,0
2022-10-01 06:30,1,0,1,0,0,0
2022-10-01 06:45,7,5,2,0,0,0
2022-10-01 07:00,7,4,3,0,0,0
2022-10-01 07:15,4,1,3,0,0,0
2022-10-01 07:30,6,3,3,0,0,0
2022-10-01 07:45,13,6,7,0,0,0
2022-10-01 08:00,24,14,10,0,0,0
2022-10-01 08:15,15,6,9,0,0,0
2022-10-01 08:30,11,7,4,0,0,0
2022-10-01 08:45,20,12,8,0,0,0
2022-10-01 09:00,8,6,2,0,0,0
2022-10-01 09:15,20,16,4,0,0,0
2022-10-01 09:30,40,28,12,0,0,0
2022-10-01 09:45,30,17,13,0,0,0
2022-10-01 10:00,35,23,12,0,0,0
2022-10-01 10:15,45,30,15,0,0,0
2022-10-01 10:30,56,43,13,0,0,0
2022-10-01 10:45,59,31,28,0,0,0
2022-10-01 11:00,53,37,16,0,0,0
2022-10-01 11:15,62,43,19,0,0,0
2022-10-01 11:30,48,29,19,0,0,0
2022-10-01 11:45,93,60,33,0,0,0
2022-10-01 12:00,79,59,20,0,0,0
2022-10-01 12:15,83,35,48,0,0,0
2022-10-01 12:30,76,37,39,0,0,0
2022-10-01 12:45,85,51,34,0,0,0
2022-10-01 13:00,67,41,26,0,0,0
2022-10-01 13:15,82,49,33,0,0,0
2022-10-01 13:30,59,26,33,0,0,0
2022-10-01 13:45,64,25,39,0,0,0
2022-10-01 14:00,61,28,33,0,0,0
2022-10-01 14:15,58,24,34,0,0,0
2022-10-01 14:30,70,30,40,0,0,0
2022-10-01 14:45,39,15,24,0,0,0
2022-10-01 15:00,41,16,25,0,0,0
2022-10-01 15:15,60,22,38,0,0,0
2022-10-01 15:30,64,37,27,0,0,0
2022-10-01 15:45,56,21,35,0,0,0
2022-10-01 16:00,36,15,21,0,0,0
2022-10-01 16:15,48,15,33,0,0,0
2022-10-01 16:30,41,15,26,0,0,0
2022-10-01 16:45,47,22,25,0,0,0
2022-10-01 17:00,51,24,27,0,0,0
2022-10-01 17:15,44,20,24,0,0,0
2022-10-01 17:30,35,23,12,0,0,0
2022-10-01 17:45,57,19,38,0,0,0
2022-10-01 18:00,51,19,32,0,0,0
2022-10-01 18:15,46,18,28,0,0,0
2022-10-01 18:30,31,8,23,0,0,0
2022-10-01 18:45,43,13,30,0,0,0
2022-10-01 19:00,44,24,20,0,0,0
2022-10-01 19:15,47,23,24,0,0,0
2022-10-01 19:30,28,8,20,0,0,0
2022-10-01 19:45,42,22,20,0,0,0
2022-10-01 20:00,24,7,17,0,0,0
2022-10-01 20:15,25,6,19,0,0,0
2022-10-01 20:30,22,9,13,0,0,0
2022-10-01 20:45,22,9,13,0,0,0
2022-10-01 21:00,13,2,11,0,0,0
2022-10-01 21:15,13,6,7,0,0,0
2022-10-01 21:30,14,9,5,0,0,0
2022-10-01 21:45,10,3,7,0,0,0
2022-10-01 22:00,16,9,7,0,0,0
2022-10-01 22:15,18,5,13,0,0,0
2022-10-01 22:30,23,6,17,0,0,0
2022-10-01 22:45,15,4,11,0,0,0
2022-10-01 23:00,14,3,11,0,0,0
2022-10-01 23:15,5,0,5,0,0,0
2022-10-01 23:30,12,2,10,0,0,0
2022-10-01 23:45,16,4,12,0,0,0
2022-10-02 00:00,24,4,20,0,0,0
2022-10-02 00:15,13,5,8,0,0,0
2022-10-02 00:30,6,2,4,0,0,0
2022-10-02 00:45,9,1,8,0,0,0
2022-10-02 01:00,9,6,3,0,0,0
2022-10-02 01:15,5,3,2,0,0,0
2022-10-02 01:30,11,1,10,0,0,0
2022-10-02 01:45,4,1,3,0,0,0
2022-10-02 02:00,7,0,7,0,0,0
2022-10-02 02:15,10,5,5,0,0,0
2022-10-02 02:30,9,1,8,0,0,0
2022-10-02 02:45,8,1,7,0,0,0
2022-10-02 03:00,4,1,3,0,0,0
2022-10-02 03:15,9,1,8,0,0,0
2022-10-02 03:30,2,0,2,0,0,0
2022-10-02 03:45,3,1,2,0,0,0
2022-10-02 04:00,1,0,1,0,0,0
2022-10-02 04:15,5,0,5,0,0,0
2022-10-02 04:30,2,0,2,0,0,0
2022-10-02 04:45,2,1,1,0,0,0
2022-10-02 05:00,0,0,0,0,0,0
2022-10-02 05:15,1,1,0,0,0,0
2022-10-02 05:30,6,0,6,0,0,0
2022-10-02 05:45,0,0,0,0,0,0
2022-10-02 06:00,2,1,1,0,0,0
2022-10-02 06:15,2,2,0,0,0,0
2022-10-02 06:30,8,5,3,0,0,0
2022-10-02 06:45,3,0,3,0,0,0
2022-10-02 07:00,1,0,1,0,0,0
2022-10-02 07:15,4,4,0,0,0,0
2022-10-02 07:30,8,4,4,0,0,0
2022-10-02 07:45,7,6,1,0,0,0
2022-10-02 08:00,4,3,1,0,0,0
2022-10-02 08:15,6,3,3,0,0,0
2022-10-02 08:30,6,2,4,0,0,0
2022-10-02 08:45,15,9,6,0,0,0
2022-10-02 09:00,20,15,5,0,0,0
2022-10-02 09:15,13,8,5,0,0,0
2022-10-02 09:30,21,12,9,0,0,0
2022-10-02 09:45,29,23,6,0,0,0
2022-10-02 10:00,24,17,7,0,0,0
2022-10-02 10:15,24,15,9,0,0,0
2022-10-02 10:30,17,8,9,0,0,0
2022-10-02 10:45,20,12,8,0,0,0
2022-10-02 11:00,26,15,11,0,0,0
2022-10-02 11:15,20,9,11,0,0,0
2022-10-02 11:30,39,24,15,0,0,0
2022-10-02 11:45,32,19,13,0,0,0
2022-10-02 12:00,36,11,25,0,0,0
2022-10-02 12:15,44,19,25,0,0,0
2022-10-02 12:30,32,10,22,0,0,0
2022-10-02 12:45,33,17,16,0,0,0
2022-10-02 13:00,44,20,24,0,0,0
2022-10-02 13:15,43,24,19,0,0,0
2022-10-02 13:30,38,15,23,0,0,0
2022-10-02 13:45,49,17,32,0,0,0
2022-10-02 14:00,53,28,25,0,0,0
2022-10-02 14:15,35,21,14,0,0,0
2022-10-02 14:30,52,18,34,0,0,0
2022-10-02 14:45,41,23,18,0,0,0
2022-10-02 15:00,68,33,35,0,0,0
2022-10-02 15:15,65,24,41,0,0,0
2022-10-02 15:30,56,32,24,0,0,0
2022-10-02 15:45,75,33,42,0,0,0
2022-10-02 16:00,62,29,33,0,0,0
2022-10-02 16:15,61,23,38,0,0,0
2022-10-02 16:30,74,37,37,0,0,0
2022-10-02 16:45,76,38,38,0,0,0
2022-10-02 17:00,67,33,34,0,0,0
2022-10-02 17:15,40,10,30,0,0,0
2022-10-02 17:30,47,18,29,0,0,0
2022-10-02 17:45,57,29,28,0,0,0
2022-10-02 18:00,78,42,36,0,0,0
2022-10-02 18:15,56,28,28,0,0,0
2022-10-02 18:30,40,15,25,0,0,0
2022-10-02 18:45,51,24,27,0,0,0
2022-10-02 19:00,46,18,28,0,0,0
2022-10-02 19:15,28,17,11,0,0,0
2022-10-02 19:30,33,16,17,0,0,0
2022-10-02 19:45,44,13,31,0,0,0
2022-10-02 20:00,26,12,14,0,0,0
2022-10-02 20:15,37,17,20,0,0,0
2022-10-02 20:30,19,4,15,0,0,0
2022-10-02 20:45,18,9,9,0,0,0
2022-10-02 21:00,27,13,14,0,0,0
2022-10-02 21:15,15,2,13,0,0,0
2022-10-02 21:30,11,4,7,0,0,0
2022-10-02 21:45,17,5,12,0,0,0
2022-10-02 22:00,16,3,13,0,0,0
2022-10-02 22:15,15,9,6,0,0,0
2022-10-02 22:30,5,2,3,0,0,0
2022-10-02 22:45,17,5,12,0,0,0
2022-10-02 23:00,16,1,15,0,0,0
2022-10-02 23:15,17,5,12,0,0,0
2022-10-02 23:30,7,6,1,0,0,0
2022-10-02 23:45,16,6,10,0,0,0
2022-10-03 00:00,9,3,6,0,0,0
2022-10-03 00:15,5,2,3,0,0,0
2022-10-03 00:30,6,3,3,0,0,0
2022-10-03 00:45,8,5,3,0,0,0
2022-10-03 01:00,6,2,4,0,0,0
2022-10-03 01:15,4,1,3,0,0,0
2022-10-03 01:30,7,2,5,0,0,0
2022-10-03 01:45,12,2,10,0,0,0
2022-10-03 02:00,5,3,2,0,0,0
2022-10-03 02:15,6,2,4,0,0,0
2022-10-03 02:30,3,1,2,0,0,0
2022-10-03 02:45,4,0,4,0,0,0
2022-10-03 03:00,4,0,4,0,0,0
2022-10-03 03:15,1,1,0,0,0,0
2022-10-03 03:30,7,1,6,0,0,0
2022-10-03 03:45,8,8,0,0,0,0
2022-10-03 04:00,5,0,5,0,0,0
2022-10-03 04:15,2,2,0,0,0,0
2022-10-03 04:30,1,0,1,0,0,0
2022-10-03 04:45,1,1,0,0,0,0
2022-10-03 05:00,7,7,0,0,0,0
2022-10-03 05:15,3,0,3,0,0,0
2022-10-03 05:30,8,6,2,0,0,0
2022-10-03 05:45,7,2,5,0,0,0
2022-10-03 06:00,2,2,0,0,0,0
2022-10-03 06:15,3,2,1,0,0,0
2022-10-03 06:30,3,1,2,0,0,0
2022-10-03 06:45,4,4,0,0,0,0
2022-10-03 07:00,20,18,2,0,0,0
2022-10-03 07:15,17,15,2,0,0,0
2022-10-03 07:30,10,6,4,0,0,0
2022-10-03 07:45,17,11,6,0,0,0
2022-10-03 08:00,28,24,4,0,0,0
2022-10-03 08:15,13,6,7,0,0,0
2022-10-03 08:30,20,13,7,0,0,0
2022-10-03 08:45,31,12,19,0,0,0
2022-10-03 09:00,20,14,6,0,0,0
2022-10-03 09:15,38,26,12,0,0,0
2022-10-03 09:30,33,23,10,0,0,0
2022-10-03 09:45,48,30,18,0,0,0
2022-10-03 10:00,43,16,27,0,0,0
2022-10-03 10:15,49,22,27,0,0,0
2022-10-03 10:30,53,31,22,0,0,0
2022-10-03 10:45,53,21,32,0,0,0
2022-10-03 11:00,64,32,32,0,0,0
2022-10-03 11:15,64,29,35,0,0,0
2022-10-03 11:30,69,26,43,0,0,0
2022-10-03 11:45,79,33,46,0,0,0
2022-10-03 12:00,66,36,30,0,0,0
2022-10-03 12:15,86,31,55,0,0,0
2022-10-03 12:30,91,34,57,0,0,0
2022-10-03 12:45,80,38,42,0,0,0
2022-10-03 13:00,85,38,47,0,0,0
2022-10-03 13:15,111,62,49,0,0,0
2022-10-03 13:30,96,43,53,0,0,0
2022-10-03 13:45,84,42,42,0,0,0
2022-10-03 14:00,103,37,66,0,0,0
2022-10-03 14:15,108,50,58,0,0,0
2022-10-03 14:30,73,37,36,0,0,0
2022-10-03 14:45,96,59,37,0,0,0
2022-10-03 15:00,84,44,40,0,0,0
2022-10-03 15:15,127,70,57,0,0,0
2022-10-03 15:30,84,56,28,0,0,0
2022-10-03 15:45,109,66,43,0,0,0
2022-10-03 16:00,76,33,43,0,0,0
2022-10-03 16:15,80,42,38,0,0,0
2022-10-03 16:30,94,47,47,0,0,0
2022-10-03 16:45,79,35,44,0,0,0
2022-10-03 17:00,83,6,77,0,0,0
2022-10-03 17:15,115,26,89,0,0,0
2022-10-03 17:30,145,38,107,0,0,0
2022-10-03 17:45,103,37,66,0,0,0
2022-10-03 18:00,69,23,46,0,0,0
2022-10-03 18:15,44,23,21,0,0,0
2022-10-03 18:30,57,21,36,0,0,0
2022-10-03 18:45,69,19,50,0,0,0
2022-10-03 19:00,61,35,26,0,0,0
2022-10-03 19:15,32,12,20,0,0,0
2022-10-03 19:30,34,11,23,0,0,0
2022-10-03 19:45,56,16,40,0,0,0
2022-10-03 20:00,58,24,34,0,0,0
2022-10-03 20:15,50,19,31,0,0,0
2022-10-03 20:30,26,7,19,0,0,0
2022-10-03 20:45,35,14,21,0,0,0
2022-10-03 21:00,40,16,24,0,0,0
2022-10-03 21:15,32,10,22,0,0,0
2022-10-03 21:30,23,10,13,0,0,0
2022-10-03 21:45,24,4,20,0,0,0
2022-10-03 22:00,20,4,16,0,0,0
2022-10-03 22:15,10,2,8,0,0,0
2022-10-03 22:30,13,4,9,0,0,0
2022-10-03 22:45,41,30,11,0,0,0
2022-10-03 23:00,20,2,18,0,0,0
2022-10-03 23:15,7,1,6,0,0,0
2022-10-03 23:30,15,9,6,0,0,0
2022-10-03 23:45,10,2,8,0,0,0
2022-10-04 00:00,3,1,2,0,0,0
2022-10-04 00:15,0,0,0,0,0,0
2022-10-04 00:30,2,0,2,0,0,0
2022-10-04 00:45,2,0,2,0,0,0
2022-10-04 01:00,5,1,4,0,0,0
2022-10-04 01:15,1,0,1,0,0,0
2022-10-04 01:30,2,0,2,0,0,0
2022-10-04 01:45,5,0,5,0,0,0
2022-10-04 02:00,5,1,4,0,0,0
2022-10-04 02:15,3,1,2,0,0,0
2022-10-04 02:30,0,0,0,0,0,0
2022-10-04 02:45,0,0,0,0,0,0
2022-10-04 03:00,0,0,0,0,0,0
2022-10-04 03:15,0,0,0,0,0,0
2022-10-04 03:30,0,0,0,0,0,0
2022-10-04 03:45,3,0,3,0,0,0
2022-10-04 04:00,0,0,0,0,0,0
2022-10-04 04:15,2,2,0,0,0,0
2022-10-04 04:30,2,2,0,0,0,0
2022-10-04 04:45,0,0,0,0,0,0
2022-10-04 05:00,3,3,0,0,0,0
2022-10-04 05:15,4,3,1,0,0,0
2022-10-04 05:30,12,3,9,0,0,0
2022-10-04 05:45,16,4,12,0,0,0
2022-10-04 06:00,9,3,6,0,0,0
2022-10-04 06:15,25,19,6,0,0,0
2022-10-04 06:30,32,13,19,0,0,0
2022-10-04 06:45,58,19,39,0,0,0
2022-10-04 07:00,56,16,40,0,0,0
2022-10-04 07:15,112,26,86,0,0,0
2022-10-04 07:30,94,36,58,0,0,0
2022-10-04 07:45,165,53,112,0,0,0
2022-10-04 08:00,140,43,97,0,0,0
2022-10-04 08:15,133,62,71,0,0,0
2022-10-04 08:30,101,52,49,0,0,0
2022-10-04 08:45,123,55,68,0,0,0
2022-10-04 09:00,105,49,56,0,0,0
2022-10-04 09:15,95,56,39,0,0,0
2022-10-04 09:30,97,41,56,0,0,0
2022-10-04 09:45,170,71,99,0,0,0
2022-10-04 10:00,125,55,70,0,0,0
2022-10-04 10:15,71,36,35,0,0,0
2022-10-04 10:30,82,46,36,0,0,0
2022-10-04 10:45,92,55,37,0,0,0
2022-10-04 11:00,178,117,61,0,0,0
2022-10-04 11:15,101,73,28,0,0,0
2022-10-04 11:30,111,59,52,0,0,0
2022-10-04 11:45,116,72,44,0,0,0
2022-10-04 12:00,94,45,49,0,0,0
2022-10-04 12:15,128,64,64,0,0,0
2022-10-04 12:30,115,59,56,0,0,0
2022-10-04 12:45,105,59,46,0,0,0
2022-10-04 13:00,95,54,41,0,0,0
2022-10-04 13:15,101,47,54,0,0,0
2022-10-04 13:30,95,59,36,0,0,0
2022-10-04 13:45,85,48,37,0,0,0
2022-10-04 14:00,111,73,38,0,0,0
2022-10-04 14:15,150,98,52,0,0,0
2022-10-04 14:30,130,68,62,0,0,0
2022-10-04 14:45,159,88,71,0,0,0
2022-10-04 15:00,130,76,54,0,0,0
2022-10-04 15:15,146,70,76,0,0,0
2022-10-04 15:30,149,92,57,0,0,0
2022-10-04 15:45,158,89,69,0,0,0
2022-10-04 16:00,188,114,74,0,0,0
2022-10-04 16:15,190,105,85,0,0,0
2022-10-04 16:30,159,76,83,0,0,0
2022-10-04 16:45,130,59,71,0,0,0
2022-10-04 17:00,146,75,71,0,0,0
2022-10-04 17:15,126,55,71,0,0,0
2022-10-04 17:30,170,86,84,0,0,0
2022-10-04 17:45,137,58,79,0,0,0
2022-10-04 18:00,103,40,63,0,0,0
2022-10-04 18:15,94,42,52,0,0,0
2022-10-04 18:30,100,39,61,0,0,0
2022-10-04 18:45,135,64,71,0,0,0
2022-10-04 19:00,115,36,79,0,0,0
2022-10-04 19:15,92,54,38,0,0,0
2022-10-04 19:30,77,33,44,0,0,0
2022-10-04 19:45,62,31,31,0,0,0
2022-10-04 20:00,67,30,37,0,0,0
2022-10-04 20:15,49,20,29,0,0,0
2022-10-04 20:30,26,10,16,0,0,0
2022-10-04 20:45,44,20,24,0,0,0
2022-10-04 21:00,39,16,23,0,0,0
2022-10-04 21:15,38,19,19,0,0,0
2022-10-04 21:30,42,25,17,0,0,0
2022-10-04 21:45,54,23,31,0,0,0
2022-10-04 22:00,30,11,19,0,0,0
2022-10-04 22:15,31,5,26,0,0,0
2022-10-04 22:30,34,13,21,0,0,0
2022-10-04 22:45,37,6,31,0,0,0
2022-10-04 23:00,24,6,18,0,0,0
2022-10-04 23:15,29,8,21,0,0,0
2022-10-04 23:30,28,18,10,0,0,0
2022-10-04 23:45,18,0,18,0,0,0
2022-10-05 00:00,8,2,6,0,0,0
2022-10-05 00:15,22,7,15,0,0,0
2022-10-05 00:30,12,0,12,0,0,0
2022-10-05 00:45,8,0,8,0,0,0
2022-10-05 01:00,9,1,8,0,0,0
2022-10-05 01:15,15,4,11,0,0,0
2022-10-05 01:30,12,2,10,0,0,0
2022-10-05 01:45,15,1,14,0,0,0
2022-10-05 02:00,6,1,5,0,0,0
2022-10-05 02:15,8,0,8,0,0,0
2022-10-05 02:30,4,0,4,0,0,0
2022-10-05 02:45,3,2,1,0,0,0
2022-10-05 03:00,0,0,0,0,0,0
2022-10-05 03:15,7,0,7,0,0,0
2022-10-05 03:30,4,0,4,0,0,0
2022-10-05 03:45,9,0,9,0,0,0
2022-10-05 04:00,5,0,5,0,0,0
2022-10-05 04:15,1,0,1,0,0,0
2022-10-05 04:30,0,0,0,0,0,0
2022-10-05 04:45,2,0,2,0,0,0
2022-10-05 05:00,2,1,1,0,0,0
2022-10-05 05:15,1,1,0,0,0,0
2022-10-05 05:30,10,3,7,0,0,0
2022-10-05 05:45,14,3,11,0,0,0
2022-10-05 06:00,9,6,3,0,0,0
2022-10-05 06:15,20,13,7,0,0,0
2022-10-05 06:30,35,8,27,0,0,0
2022-10-05 06:45,63,21,42,0,0,0
2022-10-05 07:00,46,17,29,0,0,0
2022-10-05 07:15,74,25,49,0,0,0
2022-10-05 07:30,95,33,62,0,0,0
2022-10-05 07:45,155,55,100,0,0,0
2022-10-05 08:00,173,44,129,0,0,0
2022-10-05 08:15,131,66,65,0,0,0
2022-10-05 08:30,121,60,61,0,0,0
2022-10-05 08:45,128,68,60,0,0,0
2022-10-05 09:00,98,45,53,0,0,0
2022-10-05 09:15,85,49,36,0,0,0
2022-10-05 09:30,117,49,68,0,0,0
2022-10-05 09:45,118,66,52,0,0,0
2022-10-05 10:00,89,48,41,0,0,0
2022-10-05 10:15,75,43,32,0,0,0
2022-10-05 10:30,112,53,59,0,0,0
2022-10-05 10:45,134,66,68,0,0,0
2022-10-05 11:00,58,25,33,0,0,0
2022-10-05 11:15,87,38,49,0,0,0
2022-10-05 11:30,111,63,48,0,0,0
2022-10-05 11:45,120,60,60,0,0,0
2022-10-05 12:00,116,53,63,0,0,0
2022-10-05 12:15,125,65,60,0,0,0
2022-10-05 12:30,140,68,72,0,0,0
2022-10-05 12:45,163,68,95,0,0,0
2022-10-05 13:00,156,59,97,0,0,0
2022-10-05 13:15,115,54,61,0,0,0
2022-10-05 13:30,118,54,64,0,0,0
2022-10-05 13:45,121,52,69,0,0,0
2022-10-05 14:00,147,71,76,0,0,0
2022-10-05 14:15,126,53,73,0,0,0
2022-10-05 14:30,132,70,62,0,0,0
2022-10-05 14:45,150,64,86,0,0,0
2022-10-05 15:00,117,57,60,0,0,0
2022-10-05 15:15,142,92,50,0,0,0
2022-10-05 15:30,134,69,65,0,0,0
2022-10-05 15:45,147,104,43,0,0,0
2022-10-05 16:00,162,95,67,0,0,0
2022-10-05 16:15,138,80,58,0,0,0
2022-10-05 16:30,128,76,52,0,0,0
2022-10-05 16:45,174,93,81,0,0,0
2022-10-05 17:00,154,72,82,0,0,0
2022-10-05 17:15,156,82,74,0,0,0
2022-10-05 17:30,159,94,65,0,0,0
2022-10-05 17:45,167,83,84,0,0,0
2022-10-05 18:00,132,66,66,0,0,0
2022-10-05 18:15,95,38,57,0,0,0
2022-10-05 18:30,98,38,60,0,0,0
2022-10-05 18:45,127,57,70,0,0,0
2022-10-05 19:00,113,52,61,0,0,0
2022-10-05 19:15,86,32,54,0,0,0
2022-10-05 19:30,87,44,43,0,0,0
2022-10-05 19:45,107,66,41,0,0,0
2022-10-05 20:00,59,29,30,0,0,0
2022-10-05 20:15,60,21,39,0,0,0
2022-10-05 20:30,52,28,24,0,0,0
2022-10-05 20:45,50,31,19,0,0,0
2022-10-05 21:00,49,28,21,0,0,0
2022-10-05 21:15,49,33,16,0,0,0
2022-10-05 21:30,54,17,37,0,0,0
2022-10-05 21:45,34,15,19,0,0,0
2022-10-05 22:00,40,17,23,0,0,0
2022-10-05 22:15,23,6,17,0,0,0
2022-10-05 22:30,26,7,19,0,0,0
2022-10-05 22:45,25,7,18,0,0,0
2022-10-05 23:00,21,10,11,0,0,0
2022-10-05 23:15,14,3,11,0,0,0
2022-10-05 23:30,20,6,14,0,0,0
2022-10-05 23:45,15,3,12,0,0,0
2022-10-06 00:00,25,10,15,0,0,0
2022-10-06 00:15,13,0,13,0,0,0
2022-10-06 00:30,14,1,13,0,0,0
2022-10-06 00:45,8,0,8,0,0,0
2022-10-06 01:00,14,0,14,0,0,0
2022-10-06 01:15,18,4,14,0,0,0
2022-10-06 01:30,9,1,8,0,0,0
2022-10-06 01:45,11,3,8,0,0,0
2022-10-06 02:00,12,3,9,0,0,0
2022-10-06 02:15,11,0,11,0,0,0
2022-10-06 02:30,14,4,10,0,0,0
2022-10-06 02:45,7,0,7,0,0,0
2022-10-06 03:00,13,2,11,0,0,0
2022-10-06 03:15,7,0,7,0,0,0
2022-10-06 03:30,7,0,7,0,0,0
2022-10-06 03:45,6,1,5,0,0,0
2022-10-06 04:00,2,0,2,0,0,0
2022-10-06 04:15,3,0,3,0,0,0
2022-10-06 04:30,0,0,0,0,0,0
2022-10-06 04:45,1,0,1,0,0,0
2022-10-06 05:00,1,1,0,0,0,0
2022-10-06 05:15,2,1,1,0,0,0
2022-10-06 05:30,13,3,10,0,0,0
2022-10-06 05:45,14,4,10,0,0,0
2022-10-06 06:00,3,1,2,0,0,0
2022-10-06 06:15,28,13,15,0,0,0
2022-10-06 06:30,30,15,15,0,0,0
2022-10-06 06:45,68,25,43,0,0,0
2022-10-06 07:00,65,23,42,0,0,0
2022-10-06 07:15,92,20,72,0,0,0
2022-10-06 07:30,110,34,76,0,0,0
2022-10-06 07:45,153,46,107,0,0,0
2022-10-06 08:00,114,36,78,0,0,0
2022-10-06 08:15,100,39,61,0,0,0
2022-10-06 08:30,104,39,65,0,0,0
2022-10-06 08:45,135,64,71,0,0,0
2022-10-06 09:00,95,54,41,0,0,0
2022-10-06 09:15,75,41,34,0,0,0
2022-10-06 09:30,77,36,41,0,0,0
2022-10-06 09:45,94,59,35,0,0,0
2022-10-06 10:00,90,35,55,0,0,0
2022-10-06 10:15,69,43,26,0,0,0
2022-10-06 10:30,84,42,42,0,0,0
2022-10-06 10:45,58,36,22,0,0,0
2022-10-06 11:00,79,35,44,0,0,0
2022-10-06 11:15,59,35,24,0,0,0
2022-10-06 11:30,94,51,43,0,0,0
2022-10-06 11:45,103,56,47,0,0,0
2022-10-06 12:00,92,47,45,0,0,0
2022-10-06 12:15,96,48,48,0,0,0
2022-10-06 12:30,96,47,49,0,0,0
2022-10-06 12:45,140,73,67,0,0,0
2022-10-06 13:00,103,54,49,0,0,0
2022-10-06 13:15,115,63,52,0,0,0
2022-10-06 13:30,86,37,49,0,0,0
2022-10-06 13:45,121,77,44,0,0,0
2022-10-06 14:00,135,57,78,0,0,0
2022-10-06 14:15,103,60,43,0,0,0
2022-10-06 14:30,132,77,55,0,0,0
2022-10-06 14:45,157,80,77,0,0,0
2022-10-06 15:00,125,77,48,0,0,0
2022-10-06 15:15,166,96,70,0,0,0
2022-10-06 15:30,141,72,69,0,0,0
2022-10-06 15:45,141,91,50,0,0,0
2022-10-06 16:00,179,107,72,0,0,0
2022-10-06 16:15,153,80,73,0,0,0
2022-10-06 16:30,151,77,74,0,0,0
2022-10-06 16:45,139,75,64,0,0,0
2022-10-06 17:00,145,74,71,0,0,0
2022-10-06 17:15,151,81,70,0,0,0
2022-10-06 17:30,120,64,56,0,0,0
2022-10-06 17:45,107,45,62,0,0,0
2022-10-06 18:00,159,73,86,0,0,0
2022-10-06 18:15,118,64,54,0,0,0
2022-10-06 18:30,97,46,51,0,0,0
2022-10-06 18:45,137,65,72,0,0,0
2022-10-06 19:00,75,35,40,0,0,0
2022-10-06 19:15,68,39,29,0,0,0
2022-10-06 19:30,82,41,41,0,0,0
2022-10-06 19:45,72,38,34,0,0,0
2022-10-06 20:00,62,31,31,0,0,0
2022-10-06 20:15,41,18,23,0,0,0
2022-10-06 20:30,52,20,32,0,0,0
2022-10-06 20:45,50,24,26,0,0,0
2022-10-06 21:00,37,24,13,0,0,0
2022-10-06 21:15,41,26,15,0,0,0
2022-10-06 21:30,32,20,12,0,0,0
2022-10-06 21:45,43,12,31,0,0,0
2022-10-06 22:00,38,19,19,0,0,0
2022-10-06 22:15,28,8,20,0,0,0
2022-10-06 22:30,25,4,21,0,0,0
2022-10-06 22:45,29,8,21,0,0,0
2022-10-06 23:00,31,15,16,0,0,0
2022-10-06 23:15,11,1,10,0,0,0
2022-10-06 23:30,15,2,13,0,0,0
2022-10-06 23:45,46,19,27,0,0,0
2022-10-07 00:00,45,12,33,0,0,0
2022-10-07 00:15,13,5,8,0,0,0
2022-10-07 00:30,24,4,20,0,0,0
2022-10-07 00:45,23,2,21,0,0,0
2022-10-07 01:00,19,4,15,0,0,0
2022-10-07 01:15,8,0,8,0,0,0
2022-10-07 01:30,11,1,10,0,0,0
2022-10-07 01:45,10,1,9,0,0,0
2022-10-07 02:00,12,3,9,0,0,0
2022-10-07 02:15,2,0,2,0,0,0
2022-10-07 02:30,21,0,21,0,0,0
2022-10-07 02:45,8,2,6,0,0,0
2022-10-07 03:00,14,0,14,0,0,0
2022-10-07 03:15,14,0,14,0,0,0
2022-10-07 03:30,14,2,12,0,0,0
2022-10-07 03:45,9,0,9,0,0,0
2022-10-07 04:00,8,0,8,0,0,0
2022-10-07 04:15,6,2,4,0,0,0
2022-10-07 04:30,5,2,3,0,0,0
2022-10-07 04:45,4,0,4,0,0,0
2022-10-07 05:00,4,3,1,0,0,0
2022-10-07 05:15,7,4,3,0,0,0
2022-10-07 05:30,14,4,10,0,0,0
2022-10-07 05:45,17,8,9,0,0,0
2022-10-07 06:00,6,4,2,0,0,0
2022-10-07 06:15,19,6,13,0,0,0
2022-10-07 06:30,32,15,17,0,0,0
2022-10-07 06:45,56,15,41,0,0,0
2022-10-07 07:00,63,18,45,0,0,0
2022-10-07 07:15,50,11,39,0,0,0
2022-10-07 07:30,77,27,50,0,0,0
2022-10-07 07:45,126,57,69,0,0,0
2022-10-07 08:00,92,26,66,0,0,0
2022-10-07 08:15,89,37,52,0,0,0
2022-10-07 08:30,94,51,43,0,0,0
2022-10-07 08:45,81,46,35,0,0,0
2022-10-07 09:00,84,41,43,0,0,0
2022-10-07 09:15,60,28,32,0,0,0
2022-10-07 09:30,79,36,43,0,0,0
2022-10-07 09:45,116,58,58,0,0,0
2022-10-07 10:00,91,46,45,0,0,0
2022-10-07 10:15,62,27,35,0,0,0
2022-10-07 10:30,62,30,32,0,0,0
2022-10-07 10:45,73,38,35,0,0,0
2022-10-07 11:00,70,28,42,0,0,0
2022-10-07 11:15,91,56,35,0,0,0
2022-10-07 11:30,117,62,55,0,0,0
2022-10-07 11:45,97,59,38,0,0,0
2022-10-07 12:00,101,58,43,0,0,0
2022-10-07 12:15,109,57,52,0,0,0
2022-10-07 12:30,121,50,71,0,0,0
2022-10-07 12:45,123,69,54,0,0,0
2022-10-07 13:00,116,60,56,0,0,0
2022-10-07 13:15,100,50,50,0,0,0
2022-10-07 13:30,96,49,47,0,0,0
2022-10-07 13:45,132,68,64,0,0,0
2022-10-07 14:00,113,64,49,0,0,0
2022-10-07 14:15,113,50,63,0,0,0
2022-10-07 14:30,122,66,56,0,0,0
2022-10-07 14:45,142,74,68,0,0,0
2022-10-07 15:00,126,71,55,0,0,0
2022-10-07 15:15,135,79,56,0,0,0
2022-10-07 15:30,111,57,54,0,0,0
2022-10-07 15:45,118,71,47,0,0,0
2022-10-07 16:00,159,92,67,0,0,0
2022-10-07 16:15,101,42,59,0,0,0
2022-10-07 16:30,99,45,54,0,0,0
2022-10-07 16:45,116,53,63,0,0,0
2022-10-07 17:00,83,46,37,0,0,0
2022-10-07 17:15,111,56,55,0,0,0
2022-10-07 17:30,92,44,48,0,0,0
2022-10-07 17:45,114,54,60,0,0,0
2022-10-07 18:00,84,30,54,0,0,0
2022-10-07 18:15,100,46,54,0,0,0
2022-10-07 18:30,71,25,46,0,0,0
2022-10-07 18:45,68,35,33,0,0,0
2022-10-07 19:00,75,30,45,0,0,0
2022-10-07 19:15,67,34,33,0,0,0
2022-10-07 19:30,71,36,35,0,0,0
2022-10-07 19:45,65,33,32,0,0,0
2022-10-07 20:00,39,22,17,0,0,0
2022-10-07 20:15,42,25,17,0,0,0
2022-10-07 20:30,48,26,22,0,0,0
2022-10-07 20:45,38,26,12,0,0,0
2022-10-07 21:00,40,24,16,0,0,0
2022-10-07 21:15,29,16,13,0,0,0
2022-10-07 21:30,26,10,16,0,0,0
2022-10-07 21:45,23,7,16,0,0,0
2022-10-07 22:00,24,10,14,0,0,0
2022-10-07 22:15,24,16,8,0,0,0
2022-10-07 22:30,22,5,17,0,0,0
2022-10-07 22:45,40,18,22,0,0,0
2022-10-07 23:00,18,5,13,0,0,0
2022-10-07 23:15,22,1,21,0,0,0
2022-10-07 23:30,41,26,15,0,0,0
2022-10-07 23:45,23,9,14,0,0,0
2022-10-08 00:00,22,10,12,0,0,0
2022-10-08 00:15,24,15,9,0,0,0
2022-10-08 00:30,22,5,17,0,0,0
2022-10-08 00:45,14,3,11,0,0,0
2022-10-08 01:00,11,5,6,0,0,0
2022-10-08 01:15,20,5,15,0,0,0
2022-10-08 01:30,8,0,8,0,0,0
2022-10-08 01:45,7,4,3,0,0,0
2022-10-08 02:00,11,1,10,0,0,0
2022-10-08 02:15,9,0,9,0,0,0
2022-10-08 02:30,6,1,5,0,0,0
2022-10-08 02:45,13,0,13,0,0,0
2022-10-08 03:00,9,2,7,0,0,0
2022-10-08 03:15,8,0,8,0,0,0
2022-10-08 03:30,15,1,14,0,0,0
2022-10-08 03:45,15,0,15,0,0,0
2022-10-08 04:00,13,2,11,0,0,0
2022-10-08 04:15,8,3,5,0,0,0
2022-10-08 04:30,9,1,8,0,0,0
2022-10-08 04:45,14,3,11,0,0,0
2022-10-08 05:00,5,0,5,0,0,0
2022-10-08 05:15,6,2,4,0,0,0
2022-10-08 05:30,12,0,12,0,0,0
2022-10-08 05:45,15,2,13,0,0,0
2022-10-08 06:00,6,2,4,0,0,0
2022-10-08 06:15,5,1,4,0,0,0
2022-10-08 06:30,8,5,3,0,0,0
2022-10-08 06:45,10,4,6,0,0,0
2022-10-08 07:00,2,1,1,0,0,0
2022-10-08 07:15,8,6,2,0,0,0
2022-10-08 07:30,8,5,3,0,0,0
2022-10-08 07:45,7,2,5,0,0,0
2022-10-08 08:00,7,4,3,0,0,0
2022-10-08 08:15,23,14,9,0,0,0
2022-10-08 08:30,22,11,11,0,0,0
2022-10-08 08:45,29,19,10,0,0,0
2022-10-08 09:00,29,20,9,0,0,0
2022-10-08 09:15,31,22,9,0,0,0
2022-10-08 09:30,45,33,12,0,0,0
2022-10-08 09:45,64,53,11,0,0,0
2022-10-08 10:00,66,38,28,0,0,0
2022-10-08 10:15,59,43,16,0,0,0
2022-10-08 10:30,72,50,22,0,0,0
2022-10-08 10:45,92,50,42,0,0,0
2022-10-08 11:00,75,44,31,0,0,0
2022-10-08 11:15,70,43,27,0,0,0
2022-10-08 11:30,83,53,30,0,0,0
2022-10-08 11:45,66,35,31,0,0,0
2022-10-08 12:00,83,49,34,0,0,0
2022-10-08 12:15,83,47,36,0,0,0
2022-10-08 12:30,113,56,57,0,0,0
2022-10-08 12:45,83,46,37,0,0,0
2022-10-08 13:00,63,34,29,0,0,0
2022-10-08 13:15,108,41,67,0,0,0
2022-10-08 13:30,80,33,47,0,0,0
2022-10-08 13:45,111,47,64,0,0,0
2022-10-08 14:00,89,47,42,0,0,0
2022-10-08 14:15,91,41,50,0,0,0
2022-10-08 14:30,80,31,49,0,0,0
2022-10-08 14:45,72,25,47,0,0,0
2022-10-08 15:00,72,30,42,0,0,0
2022-10-08 15:15,83,44,39,0,0,0
2022-10-08 15:30,71,28,43,0,0,0
2022-10-08 15:45,66,24,42,0,0,0
2022-10-08 16:00,64,17,47,0,0,0
2022-10-08 16:15,60,28,32,0,0,0
2022-10-08 16:30,58,24,34,0,0,0
2022-10-08 16:45,69,24,45,0,0,0
2022-10-08 17:00,61,24,37,0,0,0
2022-10-08 17:15,82,19,63,0,0,0
2022-10-08 17:30,59,27,32,0,0,0
2022-10-08 17:45,58,27,31,0,0,0
2022-10-08 18:00,65,31,34,0,0,0
2022-10-08 18:15,55,22,33,0,0,0
2022-10-08 18:30,34,14,20,0,0,0
2022-10-08 18:45,53,30,23,0,0,0
2022-10-08 19:00,49,19,30,0,0,0
2022-10-08 19:15,33,14,19,0,0,0
2022-10-08 19:30,31,12,19,0,0,0
2022-10-08 19:45,33,18,15,0,0,0
2022-10-08 20:00,30,9,21,0,0,0
2022-10-08 20:15,23,6,17,0,0,0
2022-10-08 20:30,26,15,11,0,0,0
2022-10-08 20:45,24,6,18,0,0,0
2022-10-08 21:00,38,16,22,0,0,0
2022-10-08 21:15,21,12,9,0,0,0
2022-10-08 21:30,13,3,10,0,0,0
2022-10-08 21:45,19,9,10,0,0,0
2022-10-08 22:00,16,9,7,0,0,0
2022-10-08 22:15,27,8,19,0,0,0
2022-10-08 22:30,6,4,2,0,0,0
2022-10-08 22:45,19,8,11,0,0,0
2022-10-08 23:00,18,4,14,0,0,0
2022-10-08 23:15,14,9,5,0,0,0
2022-10-08 23:30,16,4,12,0,0,0
2022-10-08 23:45,15,8,7,0,0,0
2022-10-09 00:00,17,4,13,0,0,0
2022-10-09 00:15,14,3,11,0,0,0
2022-10-09 00:30,16,6,10,0,0,0
2022-10-09 00:45,8,3,5,0,0,0
2022-10-09 01:00,6,1,5,0,0,0
2022-10-09 01:15,19,3,16,0,0,0
2022-10-09 01:30,4,0,4,0,0,0
2022-10-09 01:45,9,0,9,0,0,0
2022-10-09 02:00,3,0,3,0,0,0
2022-10-09 02:15,9,1,8,0,0,0
2022-10-09 02:30,12,4,8,0,0,0
2022-10-09 02:45,2,0,2,0,0,0
2022-10-09 03:00,7,1,6,0,0,0
2022-10-09 03:15,10,1,9,0,0,0
2022-10-09 03:30,8,0,8,0,0,0
2022-10-09 03:45,5,0,5,0,0,0
2022-10-09 04:00,2,1,1,0,0,0
2022-10-09 04:15,3,0,3,0,0,0
2022-10-09 04:30,3,0,3,0,0,0
2022-10-09 04:45,2,0,2,0,0,0
2022-10-09 05:00,1,0,1,0,0,0
2022-10-09 05:15,4,2,2,0,0,0
2022-10-09 05:30,7,3,4,0,0,0
2022-10-09 05:45,4,0,4,0,0,0
2022-10-09 06:00,2,2,0,0,0,0
2022-10-09 06:15,4,2,2,0,0,0
2022-10-09 06:30,8,6,2,0,0,0
2022-10-09 06:45,0,0,0,0,0,0
2022-10-09 07:00,0,0,0,0,0,0
2022-10-09 07:15,2,0,2,0,0,0
2022-10-09 07:30,2,0,2,0,0,0
2022-10-09 07:45,5,1,4,0,0,0
2022-10-09 08:00,2,1,1,0,0,0
2022-10-09 08:15,2,2,0,0,0,0
2022-10-09 08:30,8,5,3,0,0,0
2022-10-09 08:45,8,7,1,0,0,0
2022-10-09 09:00,15,12,3,0,0,0
2022-10-09 09:15,17,7,10,0,0,0
2022-10-09 09:30,18,6,12,0,0,0
2022-10-09 09:45,20,17,3,0,0,0
2022-10-09 10:00,16,8,8,0,0,0
2022-10-09 10:15,18,10,8,0,0,0
2022-10-09 10:30,25,13,12,0,0,0
2022-10-09 10:45,23,14,9,0,0,0
2022-10-09 11:00,32,22,10,0,0,0
2022-10-09 11:15,42,25,17,0,0,0
2022-10-09 11:30,40,22,18,0,0,0
2022-10-09 11:45,24,16,8,0,0,0
2022-10-09 12:00,35,16,19,0,0,0
2022-10-09 12:15,47,14,33,0,0,0
2022-10-09 12:30,40,16,24,0,0,0
2022-10-09 12:45,40,21,19,0,0,0
2022-10-09 13:00,64,27,37,0,0,0
2022-10-09 13:15,41,23,18,0,0,0
2022-10-09 13:30,43,22,21,0,0,0
2022-10-09 13:45,71,32,39,0,0,0
2022-10-09 14:00,51,24,27,0,0,0
2022-10-09 14:15,70,34,36,0,0,0
2022-10-09 14:30,62,31,31,0,0,0
2022-10-09 14:45,75,38,37,0,0,0
2022-10-09 15:00,83,45,38,0,0,0
2022-10-09 15:15,55,17,38,0,0,0
2022-10-09 15:30,56,23,33,0,0,0
2022-10-09 15:45,83,31,52,0,0,0
2022-10-09 16:00,55,27,28,0,0,0
2022-10-09 16:15,52,24,28,0,0,0
2022-10-09 16:30,61,23,38,0,0,0
2022-10-09 16:45,67,32,35,0,0,0
2022-10-09 17:00,47,20,27,0,0,0
2022-10-09 17:15,54,29,25,0,0,0
2022-10-09 17:30,49,18,31,0,0,0
2022-10-09 17:45,63,39,24,0,0,0
2022-10-09 18:00,48,15,33,0,0,0
2022-10-09 18:15,42,22,20,0,0,0
2022-10-09 18:30,47,15,32,0,0,0
2022-10-09 18:45,59,35,24,0,0,0
2022-10-09 19:00,32,17,15,0,0,0
2022-10-09 19:15,24,4,20,0,0,0
2022-10-09 19:30,43,21,22,0,0,0
2022-10-09 19:45,28,12,16,0,0,0
2022-10-09 20:00,50,13,37,0,0,0
2022-10-09 20:15,24,7,17,0,0,0
2022-10-09 20:30,27,6,21,0,0,0
2022-10-09 20:45,18,10,8,0,0,0
2022-10-09 21:00,20,6,14,0,0,0
2022-10-09 21:15,16,7,9,0,0,0
2022-10-09 21:30,21,14,7,0,0,0
2022-10-09 21:45,12,5,7,0,0,0
2022-10-09 22:00,22,5,17,0,0,0
2022-10-09 22:15,13,3,10,0,0,0
2022-10-09 22:30,9,3,6,0,0,0
2022-10-09 22:45,9,1,8,0,0,0
2022-10-09 23:00,7,3,4,0,0,0
2022-10-09 23:15,6,1,5,0,0,0
2022-10-09 23:30,5,2,3,0,0,0
2022-10-09 23:45,4,0,4,0,0,0
2022-10-10 00:00,1,1,0,0,0,0
2022-10-10 00:15,3,1,2,0,0,0
2022-10-10 00:30,2,0,2,0,0,0
2022-10-10 00:45,3,0,3,0,0,0
2022-10-10 01:00,9,6,3,0,0,0
2022-10-10 01:15,5,5,0,0,0,0
2022-10-10 01:30,1,0,1,0,0,0
2022-10-10 01:45,0,0,0,0,0,0
2022-10-10 02:00,2,0,2,0,0,0
2022-10-10 02:15,1,1,0,0,0,0
2022-10-10 02:30,0,0,0,0,0,0
2022-10-10 02:45,0,0,0,0,0,0
2022-10-10 03:00,1,0,1,0,0,0
2022-10-10 03:15,0,0,0,0,0,0
2022-10-10 03:30,2,0,2,0,0,0
2022-10-10 03:45,1,1,0,0,0,0
2022-10-10 04:00,0,0,0,0,0,0
2022-10-10 04:15,0,0,0,0,0,0
2022-10-10 04:30,1,1,0,0,0,0
2022-10-10 04:45,1,1,0,0,0,0
2022-10-10 05:00,3,1,2,0,0,0
2022-10-10 05:15,10,6,4,0,0,0
2022-10-10 05:30,7,3,4,0,0,0
2022-10-10 05:45,14,5,9,0,0,0
2022-10-10 06:00,2,1,1,0,0,0
2022-10-10 06:15,23,12,11,0,0,0
2022-10-10 06:30,33,13,20,0,0,0
2022-10-10 06:45,64,15,49,0,0,0
2022-10-10 07:00,46,18,28,0,0,0
2022-10-10 07:15,81,28,53,0,0,0
2022-10-10 07:30,111,43,68,0,0,0
2022-10-10 07:45,217,70,147,0,0,0
2022-10-10 08:00,257,52,205,0,0,0
2022-10-10 08:15,128,46,82,0,0,0
2022-10-10 08:30,123,56,67,0,0,0
2022-10-10 08:45,141,66,75,0,0,0
2022-10-10 09:00,116,40,76,0,0,0
2022-10-10 09:15,57,23,34,0,0,0
2022-10-10 09:30,78,37,41,0,0,0
2022-10-10 09:45,150,85,65,0,0,0
2022-10-10 10:00,274,200,74,0,0,0
2022-10-10 10:15,64,38,26,0,0,0
2022-10-10 10:30,70,45,25,0,0,0
2022-10-10 10:45,55,28,27,0,0,0
2022-10-10 11:00,69,46,23,0,0,0
2022-10-10 11:15,80,37,43,0,0,0
2022-10-10 11:30,91,49,42,0,0,0
2022-10-10 11:45,161,71,90,0,0,0
2022-10-10 12:00,167,70,97,0,0,0
2022-10-10 12:15,155,63,92,0,0,0
2022-10-10 12:30,111,61,50,0,0,0
2022-10-10 12:45,94,40,54,0,0,0
2022-10-10 13:00,119,56,63,0,0,0
2022-10-10 13:15,87,36,51,0,0,0
2022-10-10 13:30,105,46,59,0,0,0
2022-10-10 13:45,223,152,71,0,0,0
2022-10-10 14:00,156,84,72,0,0,0
2022-10-10 14:15,117,57,60,0,0,0
2022-10-10 14:30,111,75,36,0,0,0
2022-10-10 14:45,145,88,57,0,0,0
2022-10-10 15:00,126,73,53,0,0,0
2022-10-10 15:15,129,81,48,0,0,0
2022-10-10 15:30,137,71,66,0,0,0
2022-10-10 15:45,239,150,89,0,0,0
2022-10-10 16:00,188,114,74,0,0,0
2022-10-10 16:15,129,67,62,0,0,0
2022-10-10 16:30,137,78,59,0,0,0
2022-10-10 16:45,143,67,76,0,0,0
2022-10-10 17:00,151,85,66,0,0,0
2022-10-10 17:15,145,72,73,0,0,0
2022-10-10 17:30,154,82,72,0,0,0
2022-10-10 17:45,145,67,78,0,0,0
2022-10-10 18:00,108,39,69,0,0,0
2022-10-10 18:15,94,32,62,0,0,0
2022-10-10 18:30,88,42,46,0,0,0
2022-10-10 18:45,81,37,44,0,0,0
2022-10-10 19:00,74,38,36,0,0,0
2022-10-10 19:15,68,38,30,0,0,0
2022-10-10 19:30,63,22,41,0,0,0
2022-10-10 19:45,70,23,47,0,0,0
2022-10-10 20:00,59,27,32,0,0,0
2022-10-10 20:15,37,15,22,0,0,0
2022-10-10 20:30,32,14,18,0,0,0
2022-10-10 20:45,19,4,15,0,0,0
2022-10-10 21:00,36,16,20,0,0,0
2022-10-10 21:15,25,9,16,0,0,0
2022-10-10 21:30,21,5,16,0,0,0
2022-10-10 21:45,20,5,15,0,0,0
2022-10-10 22:00,23,8,15,0,0,0
2022-10-10 22:15,25,6,19,0,0,0
2022-10-10 22:30,24,4,20,0,0,0
2022-10-10 22:45,12,2,10,0,0,0
2022-10-10 23:00,20,4,16,0,0,0
2022-10-10 23:15,15,2,13,0,0,0
2022-10-10 23:30,6,1,5,0,0,0
2022-10-10 23:45,6,3,3,0,0,0
2022-10-11 00:00,7,1,6,0,0,0
2022-10-11 00:15,10,0,10,0,0,0
2022-10-11 00:30,10,4,6,0,0,0
2022-10-11 00:45,1,0,1,0,0,0
2022-10-11 01:00,2,1,1,0,0,0
2022-10-11 01:15,1,1,0,0,0,0
2022-10-11 01:30,4,3,1,0,0,0
2022-10-11 01:45,2,0,2,0,0,0
2022-10-11 02:00,6,0,6,0,0,0
2022-10-11 02:15,0,0,0,0,0,0
2022-10-11 02:30,0,0,0,0,0,0
2022-10-11 02:45,0,0,0,0,0,0
2022-10-11 03:00,0,0,0,0,0,0
2022-10-11 03:15,1,0,1,0,0,0
2022-10-11 03:30,0,0,0,0,0,0
2022-10-11 03:45,1,0,1,0,0,0
2022-10-11 04:00,0,0,0,0,0,0
2022-10-11 04:15,1,0,1,0,0,0
2022-10-11 04:30,3,1,2,0,0,0
2022-10-11 04:45,1,1,0,0,0,0
2022-10-11 05:00,0,0,0,0,0,0
2022-10-11 05:15,10,7,3,0,0,0
2022-10-11 05:30,11,3,8,0,0,0
2022-10-11 05:45,19,7,12,0,0,0
2022-10-11 06:00,5,4,1,0,0,0
2022-10-11 06:15,25,9,16,0,0,0
2022-10-11 06:30,25,11,14,0,0,0
2022-10-11 06:45,57,18,39,0,0,0
2022-10-11 07:00,61,20,41,0,0,0
2022-10-11 07:15,81,32,49,0,0,0
2022-10-11 07:30,122,44,78,0,0,0
2022-10-11 07:45,221,74,147,0,0,0
2022-10-11 08:00,312,59,253,0,0,0
2022-10-11 08:15,128,45,83,0,0,0
2022-10-11 08:30,89,42,47,0,0,0
2022-10-11 08:45,132,50,82,0,0,0
2022-10-11 09:00,114,46,68,0,0,0
2022-10-11 09:15,74,36,38,0,0,0
2022-10-11 09:30,97,42,55,0,0,0
2022-10-11 09:45,231,98,133,0,0,0
2022-10-11 10:00,191,91,100,0,0,0
2022-10-11 10:15,98,59,39,0,0,0
2022-10-11 10:30,71,38,33,0,0,0
2022-10-11 10:45,89,45,44,0,0,0
2022-10-11 11:00,79,36,43,0,0,0
2022-10-11 11:15,140,107,33,0,0,0
2022-10-11 11:30,129,84,45,0,0,0
2022-10-11 11:45,234,153,81,0,0,0
2022-10-11 12:00,176,93,83,0,0,0
2022-10-11 12:15,110,55,55,0,0,0
2022-10-11 12:30,124,62,62,0,0,0
2022-10-11 12:45,140,81,59,0,0,0
2022-10-11 13:00,129,72,57,0,0,0
2022-10-11 13:15,104,65,39,0,0,0
2022-10-11 13:30,123,67,56,0,0,0
2022-10-11 13:45,214,136,78,0,0,0
2022-10-11 14:00,159,89,70,0,0,0
2022-10-11 14:15,132,91,41,0,0,0
2022-10-11 14:30,138,72,66,0,0,0
2022-10-11 14:45,111,50,61,0,0,0
2022-10-11 15:00,140,58,82,0,0,0
2022-10-11 15:15,139,84,55,0,0,0
2022-10-11 15:30,138,73,65,0,0,0
2022-10-11 15:45,238,138,100,0,0,0
2022-10-11 16:00,221,141,80,0,0,0
2022-10-11 16:15,193,124,69,0,0,0
2022-10-11 16:30,150,68,82,0,0,0
2022-10-11 16:45,135,73,62,0,0,0
2022-10-11 17:00,146,88,58,0,0,0
2022-10-11 17:15,153,76,77,0,0,0
2022-10-11 17:30,130,79,51,0,0,0
2022-10-11 17:45,200,92,108,0,0,0
2022-10-11 18:00,159,64,95,0,0,0
2022-10-11 18:15,124,71,53,0,0,0
2022-10-11 18:30,90,44,46,0,0,0
2022-10-11 18:45,110,46,64,0,0,0
2022-10-11 19:00,70,28,42,0,0,0
2022-10-11 19:15,83,42,41,0,0,0
2022-10-11 19:30,90,58,32,0,0,0
2022-10-11 19:45,64,33,31,0,0,0
2022-10-11 20:00,61,21,40,0,0,0
2022-10-11 20:15,43,13,30,0,0,0
2022-10-11 20:30,33,11,22,0,0,0
2022-10-11 20:45,33,10,23,0,0,0
2022-10-11 21:00,28,12,16,0,0,0
2022-10-11 21:15,20,9,11,0,0,0
2022-10-11 21:30,18,9,9,0,0,0
2022-10-11 21:45,23,13,10,0,0,0
2022-10-11 22:00,33,15,18,0,0,0
2022-10-11 22:15,22,6,16,0,0,0
2022-10-11 22:30,19,6,13,0,0,0
2022-10-11 22:45,18,6,12,0,0,0
2022-10-11 23:00,26,6,20,0,0,0
2022-10-11 23:15,24,3,21,0,0,0
2022-10-11 23:30,33,2,31,0,0,0
2022-10-11 23:45,34,7,27,0,0,0
2022-10-12 00:00,24,5,19,0,0,0
2022-10-12 00:15,32,3,29,0,0,0
2022-10-12 00:30,19,1,18,0,0,0
2022-10-12 00:45,5,0,5,0,0,0
2022-10-12 01:00,8,0,8,0,0,0
2022-10-12 01:15,4,0,4,0,0,0
2022-10-12 01:30,5,1,4,0,0,0
2022-10-12 01:45,15,0,15,0,0,0
2022-10-12 02:00,0,0,0,0,0,0
2022-10-12 02:15,1,0,1,0,0,0
2022-10-12 02:30,3,1,2,0,0,0
2022-10-12 02:45,0,0,0,0,0,0
2022-10-12 03:00,6,0,6,0,0,0
2022-10-12 03:15,3,0,3,0,0,0
2022-10-12 03:30,3,0,3,0,0,0
2022-10-12 03:45,1,0,1,0,0,0
2022-10-12 04:00,0,0,0,0,0,0
2022-10-12 04:15,0,0,0,0,0,0
2022-10-12 04:30,0,0,0,0,0,0
2022-10-12 04:45,2,2,0,0,0,0
2022-10-12 05:00,0,0,0,0,0,0
2022-10-12 05:15,3,2,1,0,0,0
2022-10-12 05:30,16,4,12,0,0,0
2022-10-12 05:45,19,6,13,0,0,0
2022-10-12 06:00,12,6,6,0,0,0
2022-10-12 06:15,21,11,10,0,0,0
2022-10-12 06:30,29,14,15,0,0,0
2022-10-12 06:45,74,34,40,0,0,0
2022-10-12 07:00,50,13,37,0,0,0
2022-10-12 07:15,84,31,53,0,0,0
2022-10-12 07:30,113,39,74,0,0,0
2022-10-12 07:45,198,67,131,0,0,0
2022-10-12 08:00,192,68,124,0,0,0
2022-10-12 08:15,135,46,89,0,0,0
2022-10-12 08:30,106,49,57,0,0,0
2022-10-12 08:45,132,47,85,0,0,0
2022-10-12 09:00,120,50,70,0,0,0
2022-10-12 09:15,77,39,38,0,0,0
2022-10-12 09:30,106,48,58,0,0,0
2022-10-12 09:45,214,108,106,0,0,0
2022-10-12 10:00,197,111,86,0,0,0
2022-10-12 10:15,105,59,46,0,0,0
2022-10-12 10:30,103,45,58,0,0,0
2022-10-12 10:45,104,59,45,0,0,0
2022-10-12 11:00,99,50,49,0,0,0
2022-10-12 11:15,99,58,41,0,0,0
2022-10-12 11:30,118,62,56,0,0,0
2022-10-12 11:45,221,122,99,0,0,0
2022-10-12 12:00,188,116,72,0,0,0
2022-10-12 12:15,139,71,68,0,0,0
2022-10-12 12:30,125,58,67,0,0,0
2022-10-12 12:45,155,70,85,0,0,0
2022-10-12 13:00,145,75,70,0,0,0
2022-10-12 13:15,133,67,66,0,0,0
2022-10-12 13:30,142,78,64,0,0,0
2022-10-12 13:45,194,114,80,0,0,0
2022-10-12 14:00,165,87,78,0,0,0
2022-10-12 14:15,140,81,59,0,0,0
2022-10-12 14:30,164,68,96,0,0,0
2022-10-12 14:45,127,70,57,0,0,0
2022-10-12 15:00,107,57,50,0,0,0
2022-10-12 15:15,133,79,54,0,0,0
2022-10-12 15:30,143,72,71,0,0,0
2022-10-12 15:45,222,107,115,0,0,0
2022-10-12 16:00,232,97,135,0,0,0
2022-10-12 16:15,144,80,64,0,0,0
2022-10-12 16:30,140,67,73,0,0,0
2022-10-12 16:45,146,69,77,0,0,0
2022-10-12 17:00,150,67,83,0,0,0
2022-10-12 17:15,137,52,85,0,0,0
2022-10-12 17:30,166,75,91,0,0,0
2022-10-12 17:45,207,96,111,0,0,0
2022-10-12 18:00,154,63,91,0,0,0
2022-10-12 18:15,98,48,50,0,0,0
2022-10-12 18:30,101,47,54,0,0,0
2022-10-12 18:45,88,36,52,0,0,0
2022-10-12 19:00,82,53,29,0,0,0
2022-10-12 19:15,77,42,35,0,0,0
2022-10-12 19:30,71,40,31,0,0,0
2022-10-12 19:45,78,42,36,0,0,0
2022-10-12 20:00,76,40,36,0,0,0
2022-10-12 20:15,45,18,27,0,0,0
2022-10-12 20:30,41,10,31,0,0,0
2022-10-12 20:45,29,13,16,0,0,0
2022-10-12 21:00,50,21,29,0,0,0
2022-10-12 21:15,32,8,24,0,0,0
2022-10-12 21:30,34,9,25,0,0,0
2022-10-12 21:45,34,10,24,0,0,0
2022-10-12 22:00,46,20,26,0,0,0
2022-10-12 22:15,31,18,13,0,0,0
2022-10-12 22:30,30,17,13,0,0,0
2022-10-12 22:45,18,4,14,0,0,0
2022-10-12 23:00,21,5,16,0,0,0
2022-10-12 23:15,14,6,8,0,0,0
2022-10-12 23:30,27,8,19,0,0,0
2022-10-12 23:45,20,6,14,0,0,0
2022-10-13 00:00,10,5,5,0,0,0
2022-10-13 00:15,10,4,6,0,0,0
2022-10-13 00:30,7,2,5,0,0,0
2022-10-13 00:45,16,6,10,0,0,0
2022-10-13 01:00,4,0,4,0,0,0
2022-10-13 01:15,9,1,8,0,0,0
2022-10-13 01:30,15,1,14,0,0,0
2022-10-13 01:45,8,0,8,0,0,0
2022-10-13 02:00,9,0,9,0,0,0
2022-10-13 02:15,7,0,7,0,0,0
2022-10-13 02:30,10,0,10,0,0,0
2022-10-13 02:45,4,0,4,0,0,0
2022-10-13 03:00,4,0,4,0,0,0
2022-10-13 03:15,4,0,4,0,0,0
2022-10-13 03:30,4,0,4,0,0,0
2022-10-13 03:45,1,0,1,0,0,0
2022-10-13 04:00,1,0,1,0,0,0
2022-10-13 04:15,1,0,1,0,0,0
2022-10-13 04:30,2,1,1,0,0,0
2022-10-13 04:45,0,0,0,0,0,0
2022-10-13 05:00,1,1,0,0,0,0
2022-10-13 05:15,7,4,3,0,0,0
2022-10-13 05:30,12,3,9,0,0,0
2022-10-13 05:45,17,4,13,0,0,0
2022-10-13 06:00,9,3,6,0,0,0
2022-10-13 06:15,18,7,11,0,0,0
2022-10-13 06:30,27,11,16,0,0,0
2022-10-13 06:45,52,19,33,0,0,0
2022-10-13 07:00,54,16,38,0,0,0
2022-10-13 07:15,59,16,43,0,0,0
2022-10-13 07:30,133,51,82,0,0,0
2022-10-13 07:45,223,71,152,0,0,0
2022-10-13 08:00,269,85,184,0,0,0
2022-10-13 08:15,110,35,75,0,0,0
2022-10-13 08:30,113,45,68,0,0,0
2022-10-13 08:45,111,45,66,0,0,0
2022-10-13 09:00,99,41,58,0,0,0
2022-10-13 09:15,63,36,27,0,0,0
2022-10-13 09:30,75,35,40,0,0,0
2022-10-13 09:45,231,155,76,0,0,0
2022-10-13 10:00,207,105,102,0,0,0
2022-10-13 10:15,62,28,34,0,0,0
2022-10-13 10:30,72,29,43,0,0,0
2022-10-13 10:45,76,37,39,0,0,0
2022-10-13 11:00,74,30,44,0,0,0
2022-10-13 11:15,105,58,47,0,0,0
2022-10-13 11:30,90,40,50,0,0,0
2022-10-13 11:45,152,73,79,0,0,0
2022-10-13 12:00,155,97,58,0,0,0
2022-10-13 12:15,121,53,68,0,0,0
2022-10-13 12:30,111,45,66,0,0,0
2022-10-13 12:45,103,49,54,0,0,0
2022-10-13 13:00,151,96,55,0,0,0
2022-10-13 13:15,132,71,61,0,0,0
2022-10-13 13:30,109,50,59,0,0,0
2022-10-13 13:45,172,99,73,0,0,0
2022-10-13 14:00,156,82,74,0,0,0
2022-10-13 14:15,120,69,51,0,0,0
2022-10-13 14:30,136,85,51,0,0,0
2022-10-13 14:45,129,74,55,0,0,0
2022-10-13 15:00,123,72,51,0,0,0
2022-10-13 15:15,119,62,57,0,0,0
2022-10-13 15:30,141,70,71,0,0,0
2022-10-13 15:45,222,138,84,0,0,0
2022-10-13 16:00,161,104,57,0,0,0
2022-10-13 16:15,125,66,59,0,0,0
2022-10-13 16:30,152,86,66,0,0,0
2022-10-13 16:45,111,61,50,0,0,0
2022-10-13 17:00,108,53,55,0,0,0
2022-10-13 17:15,123,65,58,0,0,0
2022-10-13 17:30,139,55,84,0,0,0
2022-10-13 17:45,146,72,74,0,0,0
2022-10-13 18:00,108,43,65,0,0,0
2022-10-13 18:15,96,42,54,0,0,0
2022-10-13 18:30,82,47,35,0,0,0
2022-10-13 18:45,99,51,48,0,0,0
2022-10-13 19:00,57,27,30,0,0,0
2022-10-13 19:15,76,40,36,0,0,0
2022-10-13 19:30,50,20,30,0,0,0
2022-10-13 19:45,71,27,44,0,0,0
2022-10-13 20:00,56,23,33,0,0,0
2022-10-13 20:15,40,17,23,0,0,0
2022-10-13 20:30,34,15,19,0,0,0
2022-10-13 20:45,22,14,8,0,0,0
2022-10-13 21:00,41,25,16,0,0,0
2022-10-13 21:15,33,16,17,0,0,0
2022-10-13 21:30,27,10,17,0,0,0
2022-10-13 21:45,25,13,12,0,0,0
2022-10-13 22:00,36,15,21,0,0,0
2022-10-13 22:15,30,7,23,0,0,0
2022-10-13 22:30,23,6,17,0,0,0
2022-10-13 22:45,29,12,17,0,0,0
2022-10-13 23:00,22,2,20,0,0,0
2022-10-13 23:15,15,6,9,0,0,0
2022-10-13 23:30,15,6,9,0,0,0
2022-10-13 23:45,10,3,7,0,0,0
2022-10-14 00:00,10,1,9,0,0,0
2022-10-14 00:15,6,2,4,0,0,0
2022-10-14 00:30,6,1,5,0,0,0
2022-10-14 00:45,5,1,4,0,0,0
2022-10-14 01:00,3,3,0,0,0,0
2022-10-14 01:15,6,4,2,0,0,0
2022-10-14 01:30,2,0,2,0,0,0
2022-10-14 01:45,9,3,6,0,0,0
2022-10-14 02:00,2,0,2,0,0,0
2022-10-14 02:15,3,0,3,0,0,0
2022-10-14 02:30,6,1,5,0,0,0
2022-10-14 02:45,0,0,0,0,0,0
2022-10-14 03:00,2,1,1,0,0,0
2022-10-14 03:15,1,0,1,0,0,0
2022-10-14 03:30,3,0,3,0,0,0
2022-10-14 03:45,9,1,8,0,0,0
2022-10-14 04:00,5,1,4,0,0,0
2022-10-14 04:15,1,0,1,0,0,0
2022-10-14 04:30,4,1,3,0,0,0
2022-10-14 04:45,3,1,2,0,0,0
2022-10-14 05:00,0,0,0,0,0,0
2022-10-14 05:15,2,1,1,0,0,0
2022-10-14 05:30,11,2,9,0,0,0
2022-10-14 05:45,16,8,8,0,0,0
2022-10-14 06:00,8,3,5,0,0,0
2022-10-14 06:15,21,10,11,0,0,0
2022-10-14 06:30,28,14,14,0,0,0
2022-10-14 06:45,60,25,35,0,0,0
2022-10-14 07:00,44,11,33,0,0,0
2022-10-14 07:15,60,13,47,0,0,0
2022-10-14 07:30,99,43,56,0,0,0
2022-10-14 07:45,187,66,121,0,0,0
2022-10-14 08:00,217,51,166,0,0,0
2022-10-14 08:15,104,34,70,0,0,0
2022-10-14 08:30,76,33,43,0,0,0
2022-10-14 08:45,110,51,59,0,0,0
2022-10-14 09:00,94,46,48,0,0,0
2022-10-14 09:15,61,31,30,0,0,0
2022-10-14 09:30,109,77,32,0,0,0
2022-10-14 09:45,229,142,87,0,0,0
2022-10-14 10:00,180,93,87,0,0,0
2022-10-14 10:15,88,62,26,0,0,0
2022-10-14 10:30,56,29,27,0,0,0
2022-10-14 10:45,79,50,29,0,0,0
2022-10-14 11:00,66,33,33,0,0,0
2022-10-14 11:15,65,40,25,0,0,0
2022-10-14 11:30,98,55,43,0,0,0
2022-10-14 11:45,207,129,78,0,0,0
2022-10-14 12:00,121,61,60,0,0,0
2022-10-14 12:15,124,64,60,0,0,0
2022-10-14 12:30,115,57,58,0,0,0
2022-10-14 12:45,108,58,50,0,0,0
2022-10-14 13:00,120,69,51,0,0,0
2022-10-14 13:15,126,58,68,0,0,0
2022-10-14 13:30,91,37,54,0,0,0
2022-10-14 13:45,151,84,67,0,0,0
2022-10-14 14:00,125,71,54,0,0,0
2022-10-14 14:15,114,64,50,0,0,0
2022-10-14 14:30,130,62,68,0,0,0
2022-10-14 14:45,106,59,47,0,0,0
2022-10-14 15:00,100,61,39,0,0,0
2022-10-14 15:15,111,55,56,0,0,0
2022-10-14 15:30,83,48,35,0,0,0
2022-10-14 15:45,119,79,40,0,0,0
2022-10-14 16:00,96,51,45,0,0,0
2022-10-14 16:15,94,52,42,0,0,0
2022-10-14 16:30,82,42,40,0,0,0
2022-10-14 16:45,85,47,38,0,0,0
2022-10-14 17:00,85,39,46,0,0,0
2022-10-14 17:15,55,39,16,0,0,0
2022-10-14 17:30,65,31,34,0,0,0
2022-10-14 17:45,78,45,33,0,0,0
2022-10-14 18:00,91,48,43,0,0,0
2022-10-14 18:15,81,37,44,0,0,0
2022-10-14 18:30,46,18,28,0,0,0
2022-10-14 18:45,57,28,29,0,0,0
2022-10-14 19:00,54,29,25,0,0,0
2022-10-14 19:15,50,27,23,0,0,0
2022-10-14 19:30,41,14,27,0,0,0
2022-10-14 19:45,42,27,15,0,0,0
2022-10-14 20:00,33,16,17,0,0,0
2022-10-14 20:15,30,8,22,0,0,0
2022-10-14 20:30,24,10,14,0,0,0
2022-10-14 20:45,23,21,2,0,0,0
2022-10-14 21:00,23,13,10,0,0,0
2022-10-14 21:15,19,11,8,0,0,0
2022-10-14 21:30,23,12,11,0,0,0
2022-10-14 21:45,20,7,13,0,0,0
2022-10-14 22:00,25,13,12,0,0,0
2022-10-14 22:15,12,5,7,0,0,0
2022-10-14 22:30,19,4,15,0,0,0
2022-10-14 22:45,23,9,14,0,0,0
2022-10-14 23:00,19,11,8,0,0,0
2022-10-14 23:15,14,3,11,0,0,0
2022-10-14 23:30,15,10,5,0,0,0
2022-10-14 23:45,12,2,10,0,0,0
2022-10-15 00:00,15,7,8,0,0,0
2022-10-15 00:15,18,5,13,0,0,0
2022-10-15 00:30,16,4,12,0,0,0
2022-10-15 00:45,14,11,3,0,0,0
2022-10-15 01:00,16,4,12,0,0,0
2022-10-15 01:15,12,4,8,0,0,0
2022-10-15 01:30,14,3,11,0,0,0
2022-10-15 01:45,6,3,3,0,0,0
2022-10-15 02:00,8,3,5,0,0,0
2022-10-15 02:15,11,3,8,0,0,0
2022-10-15 02:30,13,0,13,0,0,0
2022-10-15 02:45,5,2,3,0,0,0
2022-10-15 03:00,10,3,7,0,0,0
2022-10-15 03:15,7,1,6,0,0,0
2022-10-15 03:30,9,0,9,0,0,0
2022-10-15 03:45,7,0,7,0,0,0
2022-10-15 04:00,9,0,9,0,0,0
2022-10-15 04:15,2,0,2,0,0,0
2022-10-15 04:30,4,0,4,0,0,0
2022-10-15 04:45,1,0,1,0,0,0
2022-10-15 05:00,2,1,1,0,0,0
2022-10-15 05:15,0,0,0,0,0,0
2022-10-15 05:30,4,2,2,0,0,0
2022-10-15 05:45,7,4,3,0,0,0
2022-10-15 06:00,4,3,1,0,0,0
2022-10-15 06:15,6,2,4,0,0,0
2022-10-15 06:30,3,2,1,0,0,0
2022-10-15 06:45,11,7,4,0,0,0
2022-10-15 07:00,4,3,1,0,0,0
2022-10-15 07:15,11,9,2,0,0,0
2022-10-15 07:30,15,9,6,0,0,0
2022-10-15 07:45,15,9,6,0,0,0
2022-10-15 08:00,19,13,6,0,0,0
2022-10-15 08:15,19,14,5,0,0,0
2022-10-15 08:30,28,23,5,0,0,0
2022-10-15 08:45,46,35,11,0,0,0
2022-10-15 09:00,38,30,8,0,0,0
2022-10-15 09:15,50,27,23,0,0,0
2022-10-15 09:30,41,24,17,0,0,0
2022-10-15 09:45,59,39,20,0,0,0
2022-10-15 10:00,49,36,13,0,0,0
2022-10-15 10:15,66,44,22,0,0,0
2022-10-15 10:30,61,46,15,0,0,0
2022-10-15 10:45,93,62,31,0,0,0
2022-10-15 11:00,83,61,22,0,0,0
2022-10-15 11:15,78,56,22,0,0,0
2022-10-15 11:30,79,48,31,0,0,0
2022-10-15 11:45,84,52,32,0,0,0
2022-10-15 12:00,84,45,39,0,0,0
2022-10-15 12:15,92,61,31,0,0,0
2022-10-15 12:30,96,49,47,0,0,0
2022-10-15 12:45,77,38,39,0,0,0
2022-10-15 13:00,84,37,47,0,0,0
2022-10-15 13:15,85,48,37,0,0,0
2022-10-15 13:30,80,41,39,0,0,0
2022-10-15 13:45,91,32,59,0,0,0
2022-10-15 14:00,81,34,47,0,0,0
2022-10-15 14:15,83,19,64,0,0,0
2022-10-15 14:30,70,24,46,0,0,0
2022-10-15 14:45,76,26,50,0,0,0
2022-10-15 15:00,71,27,44,0,0,0
2022-10-15 15:15,83,25,58,0,0,0
2022-10-15 15:30,74,24,50,0,0,0
2022-10-15 15:45,45,21,24,0,0,0
2022-10-15 16:00,60,26,34,0,0,0
2022-10-15 16:15,53,26,27,0,0,0
2022-10-15 16:30,41,19,22,0,0,0
2022-10-15 16:45,59,22,37,0,0,0
2022-10-15 17:00,54,28,26,0,0,0
2022-10-15 17:15,55,22,33,0,0,0
2022-10-15 17:30,49,27,22,0,0,0
2022-10-15 17:45,54,25,29,0,0,0
2022-10-15 18:00,56,17,39,0,0,0
2022-10-15 18:15,37,21,16,0,0,0
2022-10-15 18:30,63,32,31,0,0,0
2022-10-15 18:45,49,21,28,0,0,0
2022-10-15 19:00,48,17,31,0,0,0
2022-10-15 19:15,49,32,17,0,0,0
2022-10-15 19:30,48,28,20,0,0,0
2022-10-15 19:45,38,14,24,0,0,0
2022-10-15 20:00,46,22,24,0,0,0
2022-10-15 20:15,36,17,19,0,0,0
2022-10-15 20:30,37,14,23,0,0,0
2022-10-15 20:45,20,13,7,0,0,0
2022-10-15 21:00,24,7,17,0,0,0
2022-10-15 21:15,31,16,15,0,0,0
2022-10-15 21:30,11,2,9,0,0,0
2022-10-15 21:45,23,7,16,0,0,0
2022-10-15 22:00,17,3,14,0,0,0
2022-10-15 22:15,22,10,12,0,0,0
2022-10-15 22:30,21,9,12,0,0,0
2022-10-15 22:45,29,11,18,0,0,0
2022-10-15 23:00,20,8,12,0,0,0
2022-10-15 23:15,15,8,7,0,0,0
2022-10-15 23:30,12,2,10,0,0,0
2022-10-15 23:45,25,9,16,0,0,0
2022-10-16 00:00,17,6,11,0,0,0
2022-10-16 00:15,20,7,13,0,0,0
2022-10-16 00:30,18,7,11,0,0,0
2022-10-16 00:45,9,2,7,0,0,0
2022-10-16 01:00,12,1,11,0,0,0
2022-10-16 01:15,18,0,18,0,0,0
2022-10-16 01:30,14,6,8,0,0,0
2022-10-16 01:45,11,1,10,0,0,0
2022-10-16 02:00,7,4,3,0,0,0
2022-10-16 02:15,14,6,8,0,0,0
2022-10-16 02:30,9,2,7,0,0,0
2022-10-16 02:45,7,0,7,0,0,0
2022-10-16 03:00,8,3,5,0,0,0
2022-10-16 03:15,10,0,10,0,0,0
2022-10-16 03:30,4,0,4,0,0,0
2022-10-16 03:45,4,0,4,0,0,0
2022-10-16 04:00,9,2,7,0,0,0
2022-10-16 04:15,5,1,4,0,0,0
2022-10-16 04:30,0,0,0,0,0,0
2022-10-16 04:45,2,0,2,0,0,0
2022-10-16 05:00,4,0,4,0,0,0
2022-10-16 05:15,4,2,2,0,0,0
2022-10-16 05:30,4,0,4,0,0,0
2022-10-16 05:45,9,3,6,0,0,0
2022-10-16 06:00,5,2,3,0,0,0
2022-10-16 06:15,3,2,1,0,0,0
2022-10-16 06:30,4,3,1,0,0,0
2022-10-16 06:45,10,5,5,0,0,0
2022-10-16 07:00,1,1,0,0,0,0
2022-10-16 07:15,1,1,0,0,0,0
2022-10-16 07:30,9,6,3,0,0,0
2022-10-16 07:45,15,5,10,0,0,0
2022-10-16 08:00,12,12,0,0,0,0
2022-10-16 08:15,4,4,0,0,0,0
2022-10-16 08:30,4,3,1,0,0,0
2022-10-16 08:45,20,15,5,0,0,0
2022-10-16 09:00,5,4,1,0,0,0
2022-10-16 09:15,14,9,5,0,0,0
2022-10-16 09:30,15,11,4,0,0,0
2022-10-16 09:45,22,14,8,0,0,0
2022-10-16 10:00,28,18,10,0,0,0
2022-10-16 10:15,18,9,9,0,0,0
2022-10-16 10:30,17,10,7,0,0,0
2022-10-16 10:45,35,16,19,0,0,0
2022-10-16 11:00,37,17,20,0,0,0
2022-10-16 11:15,36,20,16,0,0,0
2022-10-16 11:30,45,26,19,0,0,0
2022-10-16 11:45,39,22,17,0,0,0
2022-10-16 12:00,45,19,26,0,0,0
2022-10-16 12:15,45,20,25,0,0,0
2022-10-16 12:30,46,24,22,0,0,0
2022-10-16 12:45,67,34,33,0,0,0
2022-10-16 13:00,39,11,28,0,0,0
2022-10-16 13:15,56,24,32,0,0,0
2022-10-16 13:30,69,28,41,0,0,0
2022-10-16 13:45,43,20,23,0,0,0
2022-10-16 14:00,46,20,26,0,0,0
2022-10-16 14:15,71,35,36,0,0,0
2022-10-16 14:30,57,32,25,0,0,0
2022-10-16 14:45,81,33,48,0,0,0
2022-10-16 15:00,70,32,38,0,0,0
2022-10-16 15:15,49,19,30,0,0,0
2022-10-16 15:30,73,27,46,0,0,0
2022-10-16 15:45,63,31,32,0,0,0
2022-10-16 16:00,58,23,35,0,0,0
2022-10-16 16:15,72,39,33,0,0,0
2022-10-16 16:30,45,30,15,0,0,0
2022-10-16 16:45,85,34,51,0,0,0
2022-10-16 17:00,38,18,20,0,0,0
2022-10-16 17:15,65,23,42,0,0,0
2022-10-16 17:30,62,23,39,0,0,0
2022-10-16 17:45,51,19,32,0,0,0
2022-10-16 18:00,52,19,33,0,0,0
2022-10-16 18:15,47,22,25,0,0,0
2022-10-16 18:30,52,22,30,0,0,0
2022-10-16 18:45,44,25,19,0,0,0
2022-10-16 19:00,33,16,17,0,0,0
2022-10-16 19:15,32,12,20,0,0,0
2022-10-16 19:30,42,20,22,0,0,0
2022-10-16 19:45,39,20,19,0,0,0
2022-10-16 20:00,19,3,16,0,0,0
2022-10-16 20:15,42,12,30,0,0,0
2022-10-16 20:30,23,4,19,0,0,0
2022-10-16 20:45,16,3,13,0,0,0
2022-10-16 21:00,17,9,8,0,0,0
2022-10-16 21:15,15,7,8,0,0,0
2022-10-16 21:30,21,4,17,0,0,0
2022-10-16 21:45,24,9,15,0,0,0
2022-10-16 22:00,14,6,8,0,0,0
2022-10-16 22:15,19,7,12,0,0,0
2022-10-16 22:30,12,6,6,0,0,0
2022-10-16 22:45,13,2,11,0,0,0
2022-10-16 23:00,12,5,7,0,0,0
2022-10-16 23:15,7,0,7,0,0,0
2022-10-16 23:30,1,0,1,0,0,0
2022-10-16 23:45,4,2,2,0,0,0
2022-10-17 00:00,4,3,1,0,0,0
2022-10-17 00:15,2,2,0,0,0,0
2022-10-17 00:30,7,0,7,0,0,0
2022-10-17 00:45,4,3,1,0,0,0
2022-10-17 01:00,2,1,1,0,0,0
2022-10-17 01:15,4,1,3,0,0,0
2022-10-17 01:30,5,5,0,0,0,0
2022-10-17 01:45,0,0,0,0,0,0
2022-10-17 02:00,1,1,0,0,0,0
2022-10-17 02:15,0,0,0,0,0,0
2022-10-17 02:30,0,0,0,0,0,0
2022-10-17 02:45,0,0,0,0,0,0
2022-10-17 03:00,0,0,0,0,0,0
2022-10-17 03:15,0,0,0,0,0,0
2022-10-17 03:30,0,0,0,0,0,0
2022-10-17 03:45,1,0,1,0,0,0
2022-10-17 04:00,0,0,0,0,0,0
2022-10-17 04:15,0,0,0,0,0,0
2022-10-17 04:30,0,0,0,0,0,0
2022-10-17 04:45,1,1,0,0,0,0
2022-10-17 05:00,0,0,0,0,0,0
2022-10-17 05:15,6,4,2,0,0,0
2022-10-17 05:30,14,5,9,0,0,0
2022-10-17 05:45,12,4,8,0,0,0
2022-10-17 06:00,17,11,6,0,0,0
2022-10-17 06:15,26,11,15,0,0,0
2022-10-17 06:30,36,15,21,0,0,0
2022-10-17 06:45,60,22,38,0,0,0
2022-10-17 07:00,53,12,41,0,0,0
2022-10-17 07:15,121,65,56,0,0,0
2022-10-17 07:30,289,222,67,0,0,0
2022-10-17 07:45,282,98,184,0,0,0
2022-10-17 08:00,278,80,198,0,0,0
2022-10-17 08:15,194,58,136,0,0,0
2022-10-17 08:30,143,68,75,0,0,0
2022-10-17 08:45,151,80,71,0,0,0
2022-10-17 09:00,105,45,60,0,0,0
2022-10-17 09:15,97,47,50,0,0,0
2022-10-17 09:30,129,84,45,0,0,0
2022-10-17 09:45,304,198,106,0,0,0
2022-10-17 10:00,214,120,94,0,0,0
2022-10-17 10:15,75,40,35,0,0,0
2022-10-17 10:30,83,44,39,0,0,0
2022-10-17 10:45,86,40,46,0,0,0
2022-10-17 11:00,77,39,38,0,0,0
2022-10-17 11:15,103,41,62,0,0,0
2022-10-17 11:30,104,46,58,0,0,0
2022-10-17 11:45,227,104,123,0,0,0
2022-10-17 12:00,257,128,129,0,0,0
2022-10-17 12:15,169,70,99,0,0,0
2022-10-17 12:30,144,55,89,0,0,0
2022-10-17 12:45,97,39,58,0,0,0
2022-10-17 13:00,134,56,78,0,0,0
2022-10-17 13:15,138,48,90,0,0,0
2022-10-17 13:30,136,57,79,0,0,0
2022-10-17 13:45,312,148,164,0,0,0
2022-10-17 14:00,350,173,177,0,0,0
2022-10-17 14:15,135,71,64,0,0,0
2022-10-17 14:30,109,56,53,0,0,0
2022-10-17 14:45,136,70,66,0,0,0
2022-10-17 15:00,123,59,64,0,0,0
2022-10-17 15:15,107,50,57,0,0,0
2022-10-17 15:30,210,85,125,0,0,0
2022-10-17 15:45,358,222,136,0,0,0
2022-10-17 16:00,248,158,90,0,0,0
2022-10-17 16:15,193,89,104,0,0,0
2022-10-17 16:30,164,95,69,0,0,0
2022-10-17 16:45,144,78,66,0,0,0
2022-10-17 17:00,140,74,66,0,0,0
2022-10-17 17:15,128,63,65,0,0,0
2022-10-17 17:30,138,74,64,0,0,0
2022-10-17 17:45,248,119,129,0,0,0
2022-10-17 18:00,154,93,61,0,0,0
2022-10-17 18:15,124,61,63,0,0,0
2022-10-17 18:30,93,48,45,0,0,0
2022-10-17 18:45,87,38,49,0,0,0
2022-10-17 19:00,62,22,40,0,0,0
2022-10-17 19:15,81,24,57,0,0,0
2022-10-17 19:30,77,34,43,0,0,0
2022-10-17 19:45,121,50,71,0,0,0
2022-10-17 20:00,57,21,36,0,0,0
2022-10-17 20:15,47,27,20,0,0,0
2022-10-17 20:30,42,12,30,0,0,0
2022-10-17 20:45,35,16,19,0,0,0
2022-10-17 21:00,31,18,13,0,0,0
2022-10-17 21:15,29,11,18,0,0,0
2022-10-17 21:30,25,9,16,0,0,0
2022-10-17 21:45,29,10,19,0,0,0
2022-10-17 22:00,16,7,9,0,0,0
2022-10-17 22:15,24,13,11,0,0,0
2022-10-17 22:30,14,7,7,0,0,0
2022-10-17 22:45,25,10,15,0,0,0
2022-10-17 23:00,12,4,8,0,0,0
2022-10-17 23:15,12,4,8,0,0,0
2022-10-17 23:30,13,3,10,0,0,0
2022-10-17 23:45,4,1,3,0,0,0
2022-10-18 00:00,8,4,4,0,0,0
2022-10-18 00:15,4,1,3,0,0,0
2022-10-18 00:30,2,0,2,0,0,0
2022-10-18 00:45,2,1,1,0,0,0
2022-10-18 01:00,3,0,3,0,0,0
2022-10-18 01:15,5,1,4,0,0,0
2022-10-18 01:30,0,0,0,0,0,0
2022-10-18 01:45,1,1,0,0,0,0
2022-10-18 02:00,2,1,1,0,0,0
2022-10-18 02:15,1,1,0,0,0,0
2022-10-18 02:30,0,0,0,0,0,0
2022-10-18 02:45,0,0,0,0,0,0
2022-10-18 03:00,1,1,0,0,0,0
2022-10-18 03:15,0,0,0,0,0,0
2022-10-18 03:30,1,0,1,0,0,0
2022-10-18 03:45,1,1,0,0,0,0
2022-10-18 04:00,1,1,0,0,0,0
2022-10-18 04:15,1,1,0,0,0,0
2022-10-18 04:30,1,0,1,0,0,0
2022-10-18 04:45,2,2,0,0,0,0
2022-10-18 05:00,0,0,0,0,0,0
2022-10-18 05:15,3,2,1,0,0,0
2022-10-18 05:30,17,6,11,0,0,0
2022-10-18 05:45,12,7,5,0,0,0
2022-10-18 06:00,15,10,5,0,0,0
2022-10-18 06:15,16,6,10,0,0,0
2022-10-18 06:30,40,20,20,0,0,0
2022-10-18 06:45,66,22,44,0,0,0
2022-10-18 07:00,65,21,44,0,0,0
2022-10-18 07:15,104,52,52,0,0,0
2022-10-18 07:30,256,177,79,0,0,0
2022-10-18 07:45,358,172,186,0,0,0
2022-10-18 08:00,300,113,187,0,0,0
2022-10-18 08:15,176,68,108,0,0,0
2022-10-18 08:30,173,91,82,0,0,0
2022-10-18 08:45,138,58,80,0,0,0
2022-10-18 09:00,120,56,64,0,0,0
2022-10-18 09:15,103,47,56,0,0,0
2022-10-18 09:30,128,69,59,0,0,0
2022-10-18 09:45,264,126,138,0,0,0
2022-10-18 10:00,290,122,168,0,0,0
2022-10-18 10:15,95,58,37,0,0,0
2022-10-18 10:30,80,38,42,0,0,0
2022-10-18 10:45,94,47,47,0,0,0
2022-10-18 11:00,70,36,34,0,0,0
2022-10-18 11:15,84,39,45,0,0,0
2022-10-18 11:30,128,55,73,0,0,0
2022-10-18 11:45,294,162,132,0,0,0
2022-10-18 12:00,212,115,97,0,0,0
2022-10-18 12:15,144,80,64,0,0,0
2022-10-18 12:30,108,46,62,0,0,0
2022-10-18 12:45,132,54,78,0,0,0
2022-10-18 13:00,182,57,125,0,0,0
2022-10-18 13:15,149,53,96,0,0,0
2022-10-18 13:30,187,90,97,0,0,0
2022-10-18 13:45,317,171,146,0,0,0
2022-10-18 14:00,269,141,128,0,0,0
2022-10-18 14:15,107,64,43,0,0,0
2022-10-18 14:30,160,78,82,0,0,0
2022-10-18 14:45,154,78,76,0,0,0
2022-10-18 15:00,148,66,82,0,0,0
2022-10-18 15:15,176,78,98,0,0,0
2022-10-18 15:30,212,113,99,0,0,0
2022-10-18 15:45,291,164,127,0,0,0
2022-10-18 16:00,263,165,98,0,0,0
2022-10-18 16:15,196,116,80,0,0,0
2022-10-18 16:30,176,91,85,0,0,0
2022-10-18 16:45,198,100,98,0,0,0
2022-10-18 17:00,151,69,82,0,0,0
2022-10-18 17:15,129,73,56,0,0,0
2022-10-18 17:30,186,90,96,0,0,0
2022-10-18 17:45,276,107,169,0,0,0
2022-10-18 18:00,153,71,82,0,0,0
2022-10-18 18:15,148,60,88,0,0,0
2022-10-18 18:30,112,48,64,0,0,0
2022-10-18 18:45,124,49,75,0,0,0
2022-10-18 19:00,93,40,53,0,0,0
2022-10-18 19:15,105,55,50,0,0,0
2022-10-18 19:30,97,37,60,0,0,0
2022-10-18 19:45,109,44,65,0,0,0
2022-10-18 20:00,76,35,41,0,0,0
2022-10-18 20:15,67,28,39,0,0,0
2022-10-18 20:30,37,15,22,0,0,0
2022-10-18 20:45,44,15,29,0,0,0
2022-10-18 21:00,36,17,19,0,0,0
2022-10-18 21:15,33,16,17,0,0,0
2022-10-18 21:30,44,18,26,0,0,0
2022-10-18 21:45,18,3,15,0,0,0
2022-10-18 22:00,44,16,28,0,0,0
2022-10-18 22:15,27,6,21,0,0,0
2022-10-18 22:30,44,16,28,0,0,0
2022-10-18 22:45,41,13,28,0,0,0
2022-10-18 23:00,13,0,13,0,0,0
2022-10-18 23:15,19,7,12,0,0,0
2022-10-18 23:30,15,3,12,0,0,0
2022-10-18 23:45,5,5,0,0,0,0
2022-10-19 00:00,7,5,2,0,0,0
2022-10-19 00:15,9,1,8,0,0,0
2022-10-19 00:30,8,3,5,0,0,0
2022-10-19 00:45,3,0,3,0,0,0
2022-10-19 01:00,4,0,4,0,0,0
2022-10-19 01:15,3,1,2,0,0,0
2022-10-19 01:30,2,1,1,0,0,0
2022-10-19 01:45,0,0,0,0,0,0
2022-10-19 02:00,0,0,0,0,0,0
2022-10-19 02:15,4,2,2,0,0,0
2022-10-19 02:30,1,1,0,0,0,0
2022-10-19 02:45,1,0,1,0,0,0
2022-10-19 03:00,0,0,0,0,0,0
2022-10-19 03:15,0,0,0,0,0,0
2022-10-19 03:30,1,0,1,0,0,0
2022-10-19 03:45,0,0,0,0,0,0
2022-10-19 04:00,0,0,0,0,0,0
2022-10-19 04:15,0,0,0,0,0,0
2022-10-19 04:30,0,0,0,0,0,0
2022-10-19 04:45,2,2,0,0,0,0
2022-10-19 05:00,1,0,1,0,0,0
2022-10-19 05:15,4,3,1,0,0,0
2022-10-19 05:30,19,6,13,0,0,0
2022-10-19 05:45,13,5,8,0,0,0
2022-10-19 06:00,16,10,6,0,0,0
2022-10-19 06:15,20,9,11,0,0,0
2022-10-19 06:30,36,17,19,0,0,0
2022-10-19 06:45,68,24,44,0,0,0
2022-10-19 07:00,63,24,39,0,0,0
2022-10-19 07:15,124,60,64,0,0,0
2022-10-19 07:30,266,159,107,0,0,0
2022-10-19 07:45,313,125,188,0,0,0
2022-10-19 08:00,282,96,186,0,0,0
2022-10-19 08:15,141,50,91,0,0,0
2022-10-19 08:30,153,85,68,0,0,0
2022-10-19 08:45,140,64,76,0,0,0
2022-10-19 09:00,155,59,96,0,0,0
2022-10-19 09:15,116,68,48,0,0,0
2022-10-19 09:30,165,89,76,0,0,0
2022-10-19 09:45,236,120,116,0,0,0
2022-10-19 10:00,268,134,134,0,0,0
2022-10-19 10:15,117,70,47,0,0,0
2022-10-19 10:30,93,44,49,0,0,0
2022-10-19 10:45,98,47,51,0,0,0
2022-10-19 11:00,89,51,38,0,0,0
2022-10-19 11:15,92,38,54,0,0,0
2022-10-19 11:30,117,61,56,0,0,0
2022-10-19 11:45,269,129,140,0,0,0
2022-10-19 12:00,222,128,94,0,0,0
2022-10-19 12:15,154,91,63,0,0,0
2022-10-19 12:30,146,69,77,0,0,0
2022-10-19 12:45,145,75,70,0,0,0
2022-10-19 13:00,177,78,99,0,0,0
2022-10-19 13:15,195,75,120,0,0,0
2022-10-19 13:30,150,67,83,0,0,0
2022-10-19 13:45,287,129,158,0,0,0
2022-10-19 14:00,254,133,121,0,0,0
2022-10-19 14:15,155,84,71,0,0,0
2022-10-19 14:30,145,70,75,0,0,0
2022-10-19 14:45,145,75,70,0,0,0
2022-10-19 15:00,133,71,62,0,0,0
2022-10-19 15:15,143,79,64,0,0,0
2022-10-19 15:30,173,77,96,0,0,0
2022-10-19 15:45,334,182,152,0,0,0
2022-10-19 16:00,260,144,116,0,0,0
2022-10-19 16:15,179,93,86,0,0,0
2022-10-19 16:30,152,83,69,0,0,0
2022-10-19 16:45,161,70,91,0,0,0
2022-10-19 17:00,149,78,71,0,0,0
2022-10-19 17:15,147,69,78,0,0,0
2022-10-19 17:30,157,73,84,0,0,0
2022-10-19 17:45,287,125,162,0,0,0
2022-10-19 18:00,188,71,117,0,0,0
2022-10-19 18:15,136,80,56,0,0,0
2022-10-19 18:30,102,39,63,0,0,0
2022-10-19 18:45,110,73,37,0,0,0
2022-10-19 19:00,100,51,49,0,0,0
2022-10-19 19:15,90,39,51,0,0,0
2022-10-19 19:30,83,44,39,0,0,0
2022-10-19 19:45,113,58,55,0,0,0
2022-10-19 20:00,62,24,38,0,0,0
2022-10-19 20:15,82,30,52,0,0,0
2022-10-19 20:30,69,27,42,0,0,0
2022-10-19 20:45,52,18,34,0,0,0
2022-10-19 21:00,57,36,21,0,0,0
2022-10-19 21:15,68,38,30,0,0,0
2022-10-19 21:30,51,34,17,0,0,0
2022-10-19 21:45,58,32,26,0,0,0
2022-10-19 22:00,51,18,33,0,0,0
2022-10-19 22:15,30,4,26,0,0,0
2022-10-19 22:30,31,19,12,0,0,0
2022-10-19 22:45,31,14,17,0,0,0
2022-10-19 23:00,56,29,27,0,0,0
2022-10-19 23:15,52,41,11,0,0,0
2022-10-19 23:30,56,47,9,0,0,0
2022-10-19 23:45,29,20,9,0,0,0
2022-10-20 00:00,20,13,7,0,0,0
2022-10-20 00:15,16,14,2,0,0,0
2022-10-20 00:30,17,13,4,0,0,0
2022-10-20 00:45,22,9,13,0,0,0
2022-10-20 01:00,3,0,3,0,0,0
2022-10-20 01:15,23,1,22,0,0,0
2022-10-20 01:30,13,5,8,0,0,0
2022-10-20 01:45,9,0,9,0,0,0
2022-10-20 02:00,18,1,17,0,0,0
2022-10-20 02:15,9,0,9,0,0,0
2022-10-20 02:30,23,0,23,0,0,0
2022-10-20 02:45,15,1,14,0,0,0
2022-10-20 03:00,20,0,20,0,0,0
2022-10-20 03:15,30,0,30,0,0,0
2022-10-20 03:30,31,4,27,0,0,0
2022-10-20 03:45,21,0,21,0,0,0
2022-10-20 04:00,13,0,13,0,0,0
2022-10-20 04:15,7,0,7,0,0,0
2022-10-20 04:30,22,0,22,0,0,0
2022-10-20 04:45,17,1,16,0,0,0
2022-10-20 05:00,10,1,9,0,0,0
2022-10-20 05:15,13,1,12,0,0,0
2022-10-20 05:30,16,2,14,0,0,0
2022-10-20 05:45,26,13,13,0,0,0
2022-10-20 06:00,9,6,3,0,0,0
2022-10-20 06:15,29,14,15,0,0,0
2022-10-20 06:30,35,18,17,0,0,0
2022-10-20 06:45,62,23,39,0,0,0
2022-10-20 07:00,65,23,42,0,0,0
2022-10-20 07:15,106,60,46,0,0,0
2022-10-20 07:30,270,186,84,0,0,0
2022-10-20 07:45,298,129,169,0,0,0
2022-10-20 08:00,278,92,186,0,0,0
2022-10-20 08:15,189,60,129,0,0,0
2022-10-20 08:30,101,48,53,0,0,0
2022-10-20 08:45,156,69,87,0,0,0
2022-10-20 09:00,104,51,53,0,0,0
2022-10-20 09:15,85,45,40,0,0,0
2022-10-20 09:30,105,51,54,0,0,0
2022-10-20 09:45,278,183,95,0,0,0
2022-10-20 10:00,273,130,143,0,0,0
2022-10-20 10:15,76,38,38,0,0,0
2022-10-20 10:30,84,41,43,0,0,0
2022-10-20 10:45,93,43,50,0,0,0
2022-10-20 11:00,98,44,54,0,0,0
2022-10-20 11:15,98,55,43,0,0,0
2022-10-20 11:30,111,49,62,0,0,0
2022-10-20 11:45,214,103,111,0,0,0
2022-10-20 12:00,213,119,94,0,0,0
2022-10-20 12:15,153,53,100,0,0,0
2022-10-20 12:30,136,58,78,0,0,0
2022-10-20 12:45,137,65,72,0,0,0
2022-10-20 13:00,156,52,104,0,0,0
2022-10-20 13:15,175,62,113,0,0,0
2022-10-20 13:30,144,56,88,0,0,0
2022-10-20 13:45,293,134,159,0,0,0
2022-10-20 14:00,231,101,130,0,0,0
2022-10-20 14:15,126,59,67,0,0,0
2022-10-20 14:30,93,35,58,0,0,0
2022-10-20 14:45,110,56,54,0,0,0
2022-10-20 15:00,133,61,72,0,0,0
2022-10-20 15:15,158,85,73,0,0,0
2022-10-20 15:30,163,74,89,0,0,0
2022-10-20 15:45,276,173,103,0,0,0
2022-10-20 16:00,179,100,79,0,0,0
2022-10-20 16:15,178,105,73,0,0,0
2022-10-20 16:30,139,87,52,0,0,0
2022-10-20 16:45,152,97,55,0,0,0
2022-10-20 17:00,147,89,58,0,0,0
2022-10-20 17:15,143,79,64,0,0,0
2022-10-20 17:30,139,60,79,0,0,0
2022-10-20 17:45,194,117,77,0,0,0
2022-10-20 18:00,170,108,62,0,0,0
2022-10-20 18:15,119,59,60,0,0,0
2022-10-20 18:30,129,73,56,0,0,0
2022-10-20 18:45,108,56,52,0,0,0
2022-10-20 19:00,86,43,43,0,0,0
2022-10-20 19:15,81,29,52,0,0,0
2022-10-20 19:30,103,53,50,0,0,0
2022-10-20 19:45,74,27,47,0,0,0
2022-10-20 20:00,57,26,31,0,0,0
2022-10-20 20:15,62,19,43,0,0,0
2022-10-20 20:30,55,19,36,0,0,0
2022-10-20 20:45,40,11,29,0,0,0
2022-10-20 21:00,44,16,28,0,0,0
2022-10-20 21:15,36,20,16,0,0,0
2022-10-20 21:30,34,7,27,0,0,0
2022-10-20 21:45,23,7,16,0,0,0
2022-10-20 22:00,47,13,34,0,0,0
2022-10-20 22:15,36,17,19,0,0,0
2022-10-20 22:30,16,3,13,0,0,0
2022-10-20 22:45,32,11,21,0,0,0
2022-10-20 23:00,25,3,22,0,0,0
2022-10-20 23:15,15,2,13,0,0,0
2022-10-20 23:30,12,3,9,0,0,0
2022-10-20 23:45,19,4,15,0,0,0
2022-10-21 00:00,23,8,15,0,0,0
2022-10-21 00:15,9,1,8,0,0,0
2022-10-21 00:30,7,2,5,0,0,0
2022-10-21 00:45,4,0,4,0,0,0
2022-10-21 01:00,5,1,4,0,0,0
2022-10-21 01:15,1,0,1,0,0,0
2022-10-21 01:30,4,2,2,0,0,0
2022-10-21 01:45,1,0,1,0,0,0
2022-10-21 02:00,3,1,2,0,0,0
2022-10-21 02:15,0,0,0,0,0,0
2022-10-21 02:30,1,0,1,0,0,0
2022-10-21 02:45,1,0,1,0,0,0
2022-10-21 03:00,2,2,0,0,0,0
2022-10-21 03:15,0,0,0,0,0,0
2022-10-21 03:30,2,0,2,0,0,0
2022-10-21 03:45,7,1,6,0,0,0
2022-10-21 04:00,1,0,1,0,0,0
2022-10-21 04:15,1,1,0,0,0,0
2022-10-21 04:30,2,2,0,0,0,0
2022-10-21 04:45,0,0,0,0,0,0
2022-10-21 05:00,1,1,0,0,0,0
2022-10-21 05:15,1,1,0,0,0,0
2022-10-21 05:30,10,1,9,0,0,0
2022-10-21 05:45,16,8,8,0,0,0
2022-10-21 06:00,9,6,3,0,0,0
2022-10-21 06:15,15,4,11,0,0,0
2022-10-21 06:30,42,18,24,0,0,0
2022-10-21 06:45,54,19,35,0,0,0
2022-10-21 07:00,47,15,32,0,0,0
2022-10-21 07:15,85,43,42,0,0,0
2022-10-21 07:30,246,165,81,0,0,0
2022-10-21 07:45,263,100,163,0,0,0
2022-10-21 08:00,258,60,198,0,0,0
2022-10-21 08:15,125,46,79,0,0,0
2022-10-21 08:30,117,55,62,0,0,0
2022-10-21 08:45,153,70,83,0,0,0
2022-10-21 09:00,116,58,58,0,0,0
2022-10-21 09:15,81,35,46,0,0,0
2022-10-21 09:30,87,48,39,0,0,0
2022-10-21 09:45,275,178,97,0,0,0
2022-10-21 10:00,191,96,95,0,0,0
2022-10-21 10:15,90,54,36,0,0,0
2022-10-21 10:30,84,45,39,0,0,0
2022-10-21 10:45,78,41,37,0,0,0
2022-10-21 11:00,76,39,37,0,0,0
2022-10-21 11:15,81,43,38,0,0,0
2022-10-21 11:30,122,57,65,0,0,0
2022-10-21 11:45,198,120,78,0,0,0
2022-10-21 12:00,143,86,57,0,0,0
2022-10-21 12:15,123,56,67,0,0,0
2022-10-21 12:30,139,60,79,0,0,0
2022-10-21 12:45,147,75,72,0,0,0
2022-10-21 13:00,130,41,89,0,0,0
2022-10-21 13:15,151,53,98,0,0,0
2022-10-21 13:30,93,43,50,0,0,0
2022-10-21 13:45,145,72,73,0,0,0
2022-10-21 14:00,167,56,111,0,0,0
2022-10-21 14:15,126,59,67,0,0,0
2022-10-21 14:30,116,64,52,0,0,0
2022-10-21 14:45,156,88,68,0,0,0
2022-10-21 15:00,129,68,61,0,0,0
2022-10-21 15:15,114,75,39,0,0,0
2022-10-21 15:30,104,48,56,0,0,0
2022-10-21 15:45,148,92,56,0,0,0
2022-10-21 16:00,114,71,43,0,0,0
2022-10-21 16:15,106,64,42,0,0,0
2022-10-21 16:30,106,61,45,0,0,0
2022-10-21 16:45,103,56,47,0,0,0
2022-10-21 17:00,100,62,38,0,0,0
2022-10-21 17:15,93,52,41,0,0,0
2022-10-21 17:30,115,59,56,0,0,0
2022-10-21 17:45,117,55,62,0,0,0
2022-10-21 18:00,88,36,52,0,0,0
2022-10-21 18:15,104,52,52,0,0,0
2022-10-21 18:30,94,48,46,0,0,0
2022-10-21 18:45,87,52,35,0,0,0
2022-10-21 19:00,56,19,37,0,0,0
2022-10-21 19:15,60,35,25,0,0,0
2022-10-21 19:30,79,34,45,0,0,0
2022-10-21 19:45,50,24,26,0,0,0
2022-10-21 20:00,67,24,43,0,0,0
2022-10-21 20:15,45,24,21,0,0,0
2022-10-21 20:30,40,15,25,0,0,0
2022-10-21 20:45,30,13,17,0,0,0
2022-10-21 21:00,53,16,37,0,0,0
2022-10-21 21:15,31,17,14,0,0,0
2022-10-21 21:30,27,7,20,0,0,0
2022-10-21 21:45,22,7,15,0,0,0
2022-10-21 22:00,34,19,15,0,0,0
2022-10-21 22:15,39,5,34,0,0,0
2022-10-21 22:30,17,4,13,0,0,0
2022-10-21 22:45,32,14,18,0,0,0
2022-10-21 23:00,25,18,7,0,0,0
2022-10-21 23:15,31,6,25,0,0,0
2022-10-21 23:30,18,1,17,0,0,0
2022-10-21 23:45,24,7,17,0,0,0
2022-10-22 00:00,18,9,9,0,0,0
2022-10-22 00:15,21,8,13,0,0,0
2022-10-22 00:30,17,5,12,0,0,0
2022-10-22 00:45,21,9,12,0,0,0
2022-10-22 01:00,23,9,14,0,0,0
2022-10-22 01:15,9,3,6,0,0,0
2022-10-22 01:30,19,8,11,0,0,0
2022-10-22 01:45,13,6,7,0,0,0
2022-10-22 02:00,9,4,5,0,0,0
2022-10-22 02:15,10,3,7,0,0,0
2022-10-22 02:30,13,7,6,0,0,0
2022-10-22 02:45,4,1,3,0,0,0
2022-10-22 03:00,13,0,13,0,0,0
2022-10-22 03:15,10,3,7,0,0,0
2022-10-22 03:30,9,1,8,0,0,0
2022-10-22 03:45,15,2,13,0,0,0
2022-10-22 04:00,3,0,3,0,0,0
2022-10-22 04:15,8,0,8,0,0,0
2022-10-22 04:30,4,1,3,0,0,0
2022-10-22 04:45,4,1,3,0,0,0
2022-10-22 05:00,3,1,2,0,0,0
2022-10-22 05:15,7,3,4,0,0,0
2022-10-22 05:30,14,3,11,0,0,0
2022-10-22 05:45,10,3,7,0,0,0
2022-10-22 06:00,1,0,1,0,0,0
2022-10-22 06:15,8,4,4,0,0,0
2022-10-22 06:30,2,2,0,0,0,0
2022-10-22 06:45,12,7,5,0,0,0
2022-10-22 07:00,12,7,5,0,0,0
2022-10-22 07:15,10,6,4,0,0,0
2022-10-22 07:30,15,9,6,0,0,0
2022-10-22 07:45,12,6,6,0,0,0
2022-10-22 08:00,21,13,8,0,0,0
2022-10-22 08:15,24,20,4,0,0,0
2022-10-22 08:30,43,25,18,0,0,0
2022-10-22 08:45,41,30,11,0,0,0
2022-10-22 09:00,42,27,15,0,0,0
2022-10-22 09:15,49,30,19,0,0,0
2022-10-22 09:30,50,37,13,0,0,0
2022-10-22 09:45,87,48,39,0,0,0
2022-10-22 10:00,71,57,14,0,0,0
2022-10-22 10:15,57,36,21,0,0,0
2022-10-22 10:30,74,54,20,0,0,0
2022-10-22 10:45,96,68,28,0,0,0
2022-10-22 11:00,101,67,34,0,0,0
2022-10-22 11:15,73,45,28,0,0,0
2022-10-22 11:30,104,61,43,0,0,0
2022-10-22 11:45,86,47,39,0,0,0
2022-10-22 12:00,105,59,46,0,0,0
2022-10-22 12:15,124,76,48,0,0,0
2022-10-22 12:30,106,51,55,0,0,0
2022-10-22 12:45,99,52,47,0,0,0
2022-10-22 13:00,109,58,51,0,0,0
2022-10-22 13:15,94,51,43,0,0,0
2022-10-22 13:30,98,40,58,0,0,0
2022-10-22 13:45,102,58,44,0,0,0
2022-10-22 14:00,122,58,64,0,0,0
2022-10-22 14:15,99,39,60,0,0,0
2022-10-22 14:30,77,29,48,0,0,0
2022-10-22 14:45,83,41,42,0,0,0
2022-10-22 15:00,79,22,57,0,0,0
2022-10-22 15:15,64,30,34,0,0,0
2022-10-22 15:30,82,31,51,0,0,0
2022-10-22 15:45,99,43,56,0,0,0
2022-10-22 16:00,95,47,48,0,0,0
2022-10-22 16:15,77,32,45,0,0,0
2022-10-22 16:30,74,28,46,0,0,0
2022-10-22 16:45,99,47,52,0,0,0
2022-10-22 17:00,83,43,40,0,0,0
2022-10-22 17:15,89,39,50,0,0,0
2022-10-22 17:30,73,18,55,0,0,0
2022-10-22 17:45,82,40,42,0,0,0
2022-10-22 18:00,76,35,41,0,0,0
2022-10-22 18:15,77,27,50,0,0,0
2022-10-22 18:30,57,29,28,0,0,0
2022-10-22 18:45,81,44,37,0,0,0
2022-10-22 19:00,77,36,41,0,0,0
2022-10-22 19:15,74,35,39,0,0,0
2022-10-22 19:30,53,34,19,0,0,0
2022-10-22 19:45,56,26,30,0,0,0
2022-10-22 20:00,75,50,25,0,0,0
2022-10-22 20:15,44,15,29,0,0,0
2022-10-22 20:30,30,19,11,0,0,0
2022-10-22 20:45,29,20,9,0,0,0
2022-10-22 21:00,36,28,8,0,0,0
2022-10-22 21:15,32,12,20,0,0,0
2022-10-22 21:30,22,11,11,0,0,0
2022-10-22 21:45,35,10,25,0,0,0
2022-10-22 22:00,39,9,30,0,0,0
2022-10-22 22:15,33,10,23,0,0,0
2022-10-22 22:30,21,5,16,0,0,0
2022-10-22 22:45,38,11,27,0,0,0
2022-10-22 23:00,30,10,20,0,0,0
2022-10-22 23:15,39,7,32,0,0,0
2022-10-22 23:30,9,4,5,0,0,0
2022-10-22 23:45,16,11,5,0,0,0
2022-10-23 00:00,22,2,20,0,0,0
2022-10-23 00:15,21,4,17,0,0,0
2022-10-23 00:30,15,1,14,0,0,0
2022-10-23 00:45,12,4,8,0,0,0
2022-10-23 01:00,19,1,18,0,0,0
2022-10-23 01:15,11,3,8,0,0,0
2022-10-23 01:30,18,7,11,0,0,0
2022-10-23 01:45,8,1,7,0,0,0
2022-10-23 02:00,14,0,14,0,0,0
2022-10-23 02:15,3,2,1,0,0,0
2022-10-23 02:30,5,0,5,0,0,0
2022-10-23 02:45,4,1,3,0,0,0
2022-10-23 03:00,5,2,3,0,0,0
2022-10-23 03:15,9,1,8,0,0,0
2022-10-23 03:30,15,3,12,0,0,0
2022-10-23 03:45,18,3,15,0,0,0
2022-10-23 04:00,3,0,3,0,0,0
2022-10-23 04:15,1,0,1,0,0,0
2022-10-23 04:30,2,0,2,0,0,0
2022-10-23 04:45,5,1,4,0,0,0
2022-10-23 05:00,3,2,1,0,0,0
2022-10-23 05:15,1,0,1,0,0,0
2022-10-23 05:30,11,5,6,0,0,0
2022-10-23 05:45,7,5,2,0,0,0
2022-10-23 06:00,2,1,1,0,0,0
2022-10-23 06:15,4,0,4,0,0,0
2022-10-23 06:30,5,2,3,0,0,0
2022-10-23 06:45,4,2,2,0,0,0
2022-10-23 07:00,4,2,2,0,0,0
2022-10-23 07:15,1,1,0,0,0,0
2022-10-23 07:30,9,1,8,0,0,0
2022-10-23 07:45,6,4,2,0,0,0
2022-10-23 08:00,4,4,0,0,0,0
2022-10-23 08:15,12,7,5,0,0,0
2022-10-23 08:30,12,4,8,0,0,0
2022-10-23 08:45,21,12,9,0,0,0
2022-10-23 09:00,16,13,3,0,0,0
2022-10-23 09:15,16,12,4,0,0,0
2022-10-23 09:30,12,12,0,0,0,0
2022-10-23 09:45,17,10,7,0,0,0
2022-10-23 10:00,19,8,11,0,0,0
2022-10-23 10:15,25,18,7,0,0,0
2022-10-23 10:30,18,12,6,0,0,0
2022-10-23 10:45,37,30,7,0,0,0
2022-10-23 11:00,50,28,22,0,0,0
2022-10-23 11:15,31,17,14,0,0,0
2022-10-23 11:30,43,18,25,0,0,0
2022-10-23 11:45,53,20,33,0,0,0
2022-10-23 12:00,53,22,31,0,0,0
2022-10-23 12:15,76,46,30,0,0,0
2022-10-23 12:30,58,26,32,0,0,0
2022-10-23 12:45,53,29,24,0,0,0
2022-10-23 13:00,49,18,31,0,0,0
2022-10-23 13:15,80,23,57,0,0,0
2022-10-23 13:30,49,19,30,0,0,0
2022-10-23 13:45,70,34,36,0,0,0
2022-10-23 14:00,75,29,46,0,0,0
2022-10-23 14:15,76,32,44,0,0,0
2022-10-23 14:30,88,48,40,0,0,0
2022-10-23 14:45,89,56,33,0,0,0
2022-10-23 15:00,85,51,34,0,0,0
2022-10-23 15:15,91,55,36,0,0,0
2022-10-23 15:30,75,32,43,0,0,0
2022-10-23 15:45,88,39,49,0,0,0
2022-10-23 16:00,99,45,54,0,0,0
2022-10-23 16:15,79,47,32,0,0,0
2022-10-23 16:30,85,35,50,0,0,0
2022-10-23 16:45,88,52,36,0,0,0
2022-10-23 17:00,95,50,45,0,0,0
2022-10-23 17:15,68,22,46,0,0,0
2022-10-23 17:30,71,33,38,0,0,0
2022-10-23 17:45,90,38,52,0,0,0
2022-10-23 18:00,72,28,44,0,0,0
2022-10-23 18:15,71,21,50,0,0,0
2022-10-23 18:30,58,34,24,0,0,0
2022-10-23 18:45,55,18,37,0,0,0
2022-10-23 19:00,78,39,39,0,0,0
2022-10-23 19:15,49,15,34,0,0,0
2022-10-23 19:30,40,12,28,0,0,0
2022-10-23 19:45,26,10,16,0,0,0
2022-10-23 20:00,32,8,24,0,0,0
2022-10-23 20:15,26,6,20,0,0,0
2022-10-23 20:30,20,3,17,0,0,0
2022-10-23 20:45,23,4,19,0,0,0
2022-10-23 21:00,27,11,16,0,0,0
2022-10-23 21:15,31,8,23,0,0,0
2022-10-23 21:30,19,4,15,0,0,0
2022-10-23 21:45,21,5,16,0,0,0
2022-10-23 22:00,19,4,15,0,0,0
2022-10-23 22:15,17,4,13,0,0,0
2022-10-23 22:30,6,1,5,0,0,0
2022-10-23 22:45,15,1,14,0,0,0
2022-10-23 23:00,6,2,4,0,0,0
2022-10-23 23:15,7,2,5,0,0,0
2022-10-23 23:30,9,6,3,0,0,0
2022-10-23 23:45,4,0,4,0,0,0
2022-10-24 00:00,2,1,1,0,0,0
2022-10-24 00:15,4,0,4,0,0,0
2022-10-24 00:30,6,3,3,0,0,0
2022-10-24 00:45,0,0,0,0,0,0
2022-10-24 01:00,0,0,0,0,0,0
2022-10-24 01:15,2,0,2,0,0,0
2022-10-24 01:30,1,1,0,0,0,0
2022-10-24 01:45,0,0,0,0,0,0
2022-10-24 02:00,0,0,0,0,0,0
2022-10-24 02:15,0,0,0,0,0,0
2022-10-24 02:30,0,0,0,0,0,0
2022-10-24 02:45,0,0,0,0,0,0
2022-10-24 03:00,1,0,1,0,0,0
2022-10-24 03:15,1,0,1,0,0,0
2022-10-24 03:30,0,0,0,0,0,0
2022-10-24 03:45,2,1,1,0,0,0
2022-10-24 04:00,1,1,0,0,0,0
2022-10-24 04:15,0,0,0,0,0,0
2022-10-24 04:30,2,2,0,0,0,0
2022-10-24 04:45,0,0,0,0,0,0
2022-10-24 05:00,0,0,0,0,0,0
2022-10-24 05:15,2,2,0,0,0,0
2022-10-24 05:30,16,6,10,0,0,0
2022-10-24 05:45,14,6,8,0,0,0
2022-10-24 06:00,12,7,5,0,0,0
2022-10-24 06:15,16,4,12,0,0,0
2022-10-24 06:30,37,16,21,0,0,0
2022-10-24 06:45,50,12,38,0,0,0
2022-10-24 07:00,55,19,36,0,0,0
2022-10-24 07:15,86,39,47,0,0,0
2022-10-24 07:30,308,205,103,0,0,0
2022-10-24 07:45,267,126,141,0,0,0
2022-10-24 08:00,279,70,209,0,0,0
2022-10-24 08:15,174,78,96,0,0,0
2022-10-24 08:30,151,72,79,0,0,0
2022-10-24 08:45,155,76,79,0,0,0
2022-10-24 09:00,118,47,71,0,0,0
2022-10-24 09:15,84,40,44,0,0,0
2022-10-24 09:30,100,43,57,0,0,0
2022-10-24 09:45,278,179,99,0,0,0
2022-10-24 10:00,233,130,103,0,0,0
2022-10-24 10:15,82,43,39,0,0,0
2022-10-24 10:30,65,23,42,0,0,0
2022-10-24 10:45,82,40,42,0,0,0
2022-10-24 11:00,63,33,30,0,0,0
2022-10-24 11:15,79,38,41,0,0,0
2022-10-24 11:30,86,43,43,0,0,0
2022-10-24 11:45,214,96,118,0,0,0
2022-10-24 12:00,192,79,113,0,0,0
2022-10-24 12:15,150,50,100,0,0,0
2022-10-24 12:30,106,45,61,0,0,0
2022-10-24 12:45,130,68,62,0,0,0
2022-10-24 13:00,185,94,91,0,0,0
2022-10-24 13:15,132,55,77,0,0,0
2022-10-24 13:30,113,45,68,0,0,0
2022-10-24 13:45,294,121,173,0,0,0
2022-10-24 14:00,276,118,158,0,0,0
2022-10-24 14:15,121,65,56,0,0,0
2022-10-24 14:30,95,55,40,0,0,0
2022-10-24 14:45,159,87,72,0,0,0
2022-10-24 15:00,126,69,57,0,0,0
2022-10-24 15:15,144,74,70,0,0,0
2022-10-24 15:30,174,85,89,0,0,0
2022-10-24 15:45,337,200,137,0,0,0
2022-10-24 16:00,285,155,130,0,0,0
2022-10-24 16:15,188,106,82,0,0,0
2022-10-24 16:30,239,155,84,0,0,0
2022-10-24 16:45,171,99,72,0,0,0
2022-10-24 17:00,164,88,76,0,0,0
2022-10-24 17:15,175,95,80,0,0,0
2022-10-24 17:30,155,93,62,0,0,0
2022-10-24 17:45,263,132,131,0,0,0
2022-10-24 18:00,224,107,117,0,0,0
2022-10-24 18:15,124,69,55,0,0,0
2022-10-24 18:30,100,47,53,0,0,0
2022-10-24 18:45,127,69,58,0,0,0
2022-10-24 19:00,122,53,69,0,0,0
2022-10-24 19:15,87,45,42,0,0,0
2022-10-24 19:30,76,36,40,0,0,0
2022-10-24 19:45,109,39,70,0,0,0
2022-10-24 20:00,86,28,58,0,0,0
2022-10-24 20:15,73,23,50,0,0,0
2022-10-24 20:30,54,11,43,0,0,0
2022-10-24 20:45,35,9,26,0,0,0
2022-10-24 21:00,35,9,26,0,0,0
2022-10-24 21:15,38,10,28,0,0,0
2022-10-24 21:30,31,6,25,0,0,0
2022-10-24 21:45,26,4,22,0,0,0
2022-10-24 22:00,28,4,24,0,0,0
2022-10-24 22:15,30,17,13,0,0,0
2022-10-24 22:30,26,9,17,0,0,0
2022-10-24 22:45,13,4,9,0,0,0
2022-10-24 23:00,21,5,16,0,0,0
2022-10-24 23:15,20,10,10,0,0,0
2022-10-24 23:30,11,2,9,0,0,0
2022-10-24 23:45,4,1,3,0,0,0
2022-10-25 00:00,14,1,13,0,0,0
2022-10-25 00:15,7,1,6,0,0,0
2022-10-25 00:30,10,0,10,0,0,0
2022-10-25 00:45,7,0,7,0,0,0
2022-10-25 01:00,4,0,4,0,0,0
2022-10-25 01:15,13,2,11,0,0,0
2022-10-25 01:30,3,0,3,0,0,0
2022-10-25 01:45,4,1,3,0,0,0
2022-10-25 02:00,5,0,5,0,0,0
2022-10-25 02:15,1,0,1,0,0,0
2022-10-25 02:30,3,1,2,0,0,0
2022-10-25 02:45,3,0,3,0,0,0
2022-10-25 03:00,4,0,4,0,0,0
2022-10-25 03:15,0,0,0,0,0,0
2022-10-25 03:30,1,0,1,0,0,0
2022-10-25 03:45,0,0,0,0,0,0
2022-10-25 04:00,0,0,0,0,0,0
2022-10-25 04:15,0,0,0,0,0,0
2022-10-25 04:30,2,1,1,0,0,0
2022-10-25 04:45,1,1,0,0,0,0
2022-10-25 05:00,0,0,0,0,0,0
2022-10-25 05:15,4,1,3,0,0,0
2022-10-25 05:30,18,2,16,0,0,0
2022-10-25 05:45,16,3,13,0,0,0
2022-10-25 06:00,10,5,5,0,0,0
2022-10-25 06:15,16,5,11,0,0,0
2022-10-25 06:30,40,29,11,0,0,0
2022-10-25 06:45,64,20,44,0,0,0
2022-10-25 07:00,72,17,55,0,0,0
2022-10-25 07:15,95,37,58,0,0,0
2022-10-25 07:30,300,200,100,0,0,0
2022-10-25 07:45,338,161,177,0,0,0
2022-10-25 08:00,297,100,197,0,0,0
2022-10-25 08:15,168,67,101,0,0,0
2022-10-25 08:30,146,68,78,0,0,0
2022-10-25 08:45,151,60,91,0,0,0
2022-10-25 09:00,109,52,57,0,0,0
2022-10-25 09:15,90,42,48,0,0,0
2022-10-25 09:30,136,52,84,0,0,0
2022-10-25 09:45,247,111,136,0,0,0
2022-10-25 10:00,305,143,162,0,0,0
2022-10-25 10:15,110,46,64,0,0,0
2022-10-25 10:30,74,40,34,0,0,0
2022-10-25 10:45,92,53,39,0,0,0
2022-10-25 11:00,90,56,34,0,0,0
2022-10-25 11:15,104,44,60,0,0,0
2022-10-25 11:30,141,95,46,0,0,0
2022-10-25 11:45,295,165,130,0,0,0
2022-10-25 12:00,248,133,115,0,0,0
2022-10-25 12:15,146,71,75,0,0,0
2022-10-25 12:30,131,51,80,0,0,0
2022-10-25 12:45,130,66,64,0,0,0
2022-10-25 13:00,169,62,107,0,0,0
2022-10-25 13:15,158,60,98,0,0,0
2022-10-25 13:30,152,66,86,0,0,0
2022-10-25 13:45,337,170,167,0,0,0
2022-10-25 14:00,219,97,122,0,0,0
2022-10-25 14:15,112,56,56,0,0,0
2022-10-25 14:30,136,76,60,0,0,0
2022-10-25 14:45,130,68,62,0,0,0
2022-10-25 15:00,148,78,70,0,0,0
2022-10-25 15:15,130,70,60,0,0,0
2022-10-25 15:30,244,136,108,0,0,0
2022-10-25 15:45,277,161,116,0,0,0
2022-10-25 16:00,282,139,143,0,0,0
2022-10-25 16:15,205,131,74,0,0,0
2022-10-25 16:30,154,89,65,0,0,0
2022-10-25 16:45,193,107,86,0,0,0
2022-10-25 17:00,175,92,83,0,0,0
2022-10-25 17:15,165,78,87,0,0,0
2022-10-25 17:30,192,98,94,0,0,0
2022-10-25 17:45,304,156,148,0,0,0
2022-10-25 18:00,216,100,116,0,0,0
2022-10-25 18:15,179,84,95,0,0,0
2022-10-25 18:30,128,56,72,0,0,0
2022-10-25 18:45,119,57,62,0,0,0
2022-10-25 19:00,102,46,56,0,0,0
2022-10-25 19:15,88,27,61,0,0,0
2022-10-25 19:30,142,75,67,0,0,0
2022-10-25 19:45,104,33,71,0,0,0
2022-10-25 20:00,108,49,59,0,0,0
2022-10-25 20:15,71,25,46,0,0,0
2022-10-25 20:30,40,16,24,0,0,0
2022-10-25 20:45,47,16,31,0,0,0
2022-10-25 21:00,56,23,33,0,0,0
2022-10-25 21:15,43,18,25,0,0,0
2022-10-25 21:30,38,7,31,0,0,0
2022-10-25 21:45,53,14,39,0,0,0
2022-10-25 22:00,30,5,25,0,0,0
2022-10-25 22:15,42,7,35,0,0,0
2022-10-25 22:30,25,7,18,0,0,0
2022-10-25 22:45,30,7,23,0,0,0
2022-10-25 23:00,20,5,15,0,0,0
2022-10-25 23:15,11,3,8,0,0,0
2022-10-25 23:30,13,5,8,0,0,0
2022-10-25 23:45,13,5,8,0,0,0
2022-10-26 00:00,8,0,8,0,0,0
2022-10-26 00:15,5,2,3,0,0,0
2022-10-26 00:30,5,1,4,0,0,0
2022-10-26 00:45,6,2,4,0,0,0
2022-10-26 01:00,2,0,2,0,0,0
2022-10-26 01:15,3,0,3,0,0,0
2022-10-26 01:30,2,0,2,0,0,0
2022-10-26 01:45,0,0,0,0,0,0
2022-10-26 02:00,4,1,3,0,0,0
2022-10-26 02:15,1,0,1,0,0,0
2022-10-26 02:30,0,0,0,0,0,0
2022-10-26 02:45,4,1,3,0,0,0
2022-10-26 03:00,0,0,0,0,0,0
2022-10-26 03:15,1,0,1,0,0,0
2022-10-26 03:30,2,1,1,0,0,0
2022-10-26 03:45,2,2,0,0,0,0
2022-10-26 04:00,0,0,0,0,0,0
2022-10-26 04:15,1,1,0,0,0,0
2022-10-26 04:30,0,0,0,0,0,0
2022-10-26 04:45,2,2,0,0,0,0
2022-10-26 05:00,0,0,0,0,0,0
2022-10-26 05:15,2,1,1,0,0,0
2022-10-26 05:30,18,2,16,0,0,0
2022-10-26 05:45,19,5,14,0,0,0
2022-10-26 06:00,10,7,3,0,0,0
2022-10-26 06:15,26,10,16,0,0,0
2022-10-26 06:30,61,34,27,0,0,0
2022-10-26 06:45,66,22,44,0,0,0
2022-10-26 07:00,58,17,41,0,0,0
2022-10-26 07:15,122,63,59,0,0,0
2022-10-26 07:30,264,169,95,0,0,0
2022-10-26 07:45,263,96,167,0,0,0
2022-10-26 08:00,283,109,174,0,0,0
2022-10-26 08:15,183,76,107,0,0,0
2022-10-26 08:30,219,105,114,0,0,0
2022-10-26 08:45,178,84,94,0,0,0
2022-10-26 09:00,120,48,72,0,0,0
2022-10-26 09:15,100,66,34,0,0,0
2022-10-26 09:30,131,70,61,0,0,0
2022-10-26 09:45,222,106,116,0,0,0
2022-10-26 10:00,289,142,147,0,0,0
2022-10-26 10:15,109,58,51,0,0,0
2022-10-26 10:30,86,42,44,0,0,0
2022-10-26 10:45,103,56,47,0,0,0
2022-10-26 11:00,84,41,43,0,0,0
2022-10-26 11:15,101,58,43,0,0,0
2022-10-26 11:30,115,70,45,0,0,0
2022-10-26 11:45,224,114,110,0,0,0
2022-10-26 12:00,212,125,87,0,0,0
2022-10-26 12:15,137,67,70,0,0,0
2022-10-26 12:30,131,55,76,0,0,0
2022-10-26 12:45,177,79,98,0,0,0
2022-10-26 13:00,199,88,111,0,0,0
2022-10-26 13:15,200,83,117,0,0,0
2022-10-26 13:30,150,74,76,0,0,0
2022-10-26 13:45,309,154,155,0,0,0
2022-10-26 14:00,270,134,136,0,0,0
2022-10-26 14:15,141,62,79,0,0,0
2022-10-26 14:30,140,61,79,0,0,0
2022-10-26 14:45,167,101,66,0,0,0
2022-10-26 15:00,149,79,70,0,0,0
2022-10-26 15:15,166,104,62,0,0,0
2022-10-26 15:30,207,90,117,0,0,0
2022-10-26 15:45,308,159,149,0,0,0
2022-10-26 16:00,273,140,133,0,0,0
2022-10-26 16:15,215,119,96,0,0,0
2022-10-26 16:30,155,81,74,0,0,0
2022-10-26 16:45,214,118,96,0,0,0
2022-10-26 17:00,177,81,96,0,0,0
2022-10-26 17:15,188,99,89,0,0,0
2022-10-26 17:30,189,98,91,0,0,0
2022-10-26 17:45,287,150,137,0,0,0
2022-10-26 18:00,197,92,105,0,0,0
2022-10-26 18:15,169,95,74,0,0,0
2022-10-26 18:30,138,78,60,0,0,0
2022-10-26 18:45,151,85,66,0,0,0
2022-10-26 19:00,134,83,51,0,0,0
2022-10-26 19:15,112,70,42,0,0,0
2022-10-26 19:30,119,75,44,0,0,0
2022-10-26 19:45,140,67,73,0,0,0
2022-10-26 20:00,91,43,48,0,0,0
2022-10-26 20:15,98,39,59,0,0,0
2022-10-26 20:30,64,43,21,0,0,0
2022-10-26 20:45,68,24,44,0,0,0
2022-10-26 21:00,87,37,50,0,0,0
2022-10-26 21:15,67,26,41,0,0,0
2022-10-26 21:30,48,23,25,0,0,0
2022-10-26 21:45,68,29,39,0,0,0
2022-10-26 22:00,65,14,51,0,0,0
2022-10-26 22:15,48,9,39,0,0,0
2022-10-26 22:30,74,12,62,0,0,0
2022-10-26 22:45,56,13,43,0,0,0
2022-10-26 23:00,44,3,41,0,0,0
2022-10-26 23:15,40,11,29,0,0,0
2022-10-26 23:30,22,9,13,0,0,0
2022-10-26 23:45,27,12,15,0,0,0
2022-10-27 00:00,13,7,6,0,0,0
2022-10-27 00:15,23,17,6,0,0,0
2022-10-27 00:30,8,2,6,0,0,0
2022-10-27 00:45,10,0,10,0,0,0
2022-10-27 01:00,7,0,7,0,0,0
2022-10-27 01:15,5,0,5,0,0,0
2022-10-27 01:30,2,0,2,0,0,0
2022-10-27 01:45,9,2,7,0,0,0
2022-10-27 02:00,10,1,9,0,0,0
2022-10-27 02:15,12,0,12,0,0,0
2022-10-27 02:30,10,1,9,0,0,0
2022-10-27 02:45,8,0,8,0,0,0
2022-10-27 03:00,6,1,5,0,0,0
2022-10-27 03:15,12,0,12,0,0,0
2022-10-27 03:30,14,0,14,0,0,0
2022-10-27 03:45,9,2,7,0,0,0
2022-10-27 04:00,6,1,5,0,0,0
2022-10-27 04:15,4,0,4,0,0,0
2022-10-27 04:30,7,0,7,0,0,0
2022-10-27 04:45,4,2,2,0,0,0
2022-10-27 05:00,3,1,2,0,0,0
2022-10-27 05:15,6,3,3,0,0,0
2022-10-27 05:30,21,2,19,0,0,0
2022-10-27 05:45,23,8,15,0,0,0
2022-10-27 06:00,11,7,4,0,0,0
2022-10-27 06:15,34,15,19,0,0,0
2022-10-27 06:30,33,17,16,0,0,0
2022-10-27 06:45,57,18,39,0,0,0
2022-10-27 07:00,69,30,39,0,0,0
2022-10-27 07:15,102,48,54,0,0,0
2022-10-27 07:30,276,176,100,0,0,0
2022-10-27 07:45,247,90,157,0,0,0
2022-10-27 08:00,272,101,171,0,0,0
2022-10-27 08:15,143,55,88,0,0,0
2022-10-27 08:30,154,78,76,0,0,0
2022-10-27 08:45,147,68,79,0,0,0
2022-10-27 09:00,111,51,60,0,0,0
2022-10-27 09:15,85,40,45,0,0,0
2022-10-27 09:30,121,57,64,0,0,0
2022-10-27 09:45,234,117,117,0,0,0
2022-10-27 10:00,290,136,154,0,0,0
2022-10-27 10:15,94,50,44,0,0,0
2022-10-27 10:30,82,41,41,0,0,0
2022-10-27 10:45,106,51,55,0,0,0
2022-10-27 11:00,92,51,41,0,0,0
2022-10-27 11:15,98,54,44,0,0,0
2022-10-27 11:30,125,72,53,0,0,0
2022-10-27 11:45,253,133,120,0,0,0
2022-10-27 12:00,228,133,95,0,0,0
2022-10-27 12:15,132,68,64,0,0,0
2022-10-27 12:30,134,62,72,0,0,0
2022-10-27 12:45,161,77,84,0,0,0
2022-10-27 13:00,161,74,87,0,0,0
2022-10-27 13:15,161,46,115,0,0,0
2022-10-27 13:30,126,57,69,0,0,0
2022-10-27 13:45,273,143,130,0,0,0
2022-10-27 14:00,239,113,126,0,0,0
2022-10-27 14:15,148,84,64,0,0,0
2022-10-27 14:30,115,46,69,0,0,0
2022-10-27 14:45,178,95,83,0,0,0
2022-10-27 15:00,156,80,76,0,0,0
2022-10-27 15:15,172,108,64,0,0,0
2022-10-27 15:30,172,89,83,0,0,0
2022-10-27 15:45,311,167,144,0,0,0
2022-10-27 16:00,251,125,126,0,0,0
2022-10-27 16:15,215,138,77,0,0,0
2022-10-27 16:30,175,96,79,0,0,0
2022-10-27 16:45,200,126,74,0,0,0
2022-10-27 17:00,205,122,83,0,0,0
2022-10-27 17:15,177,90,87,0,0,0
2022-10-27 17:30,186,98,88,0,0,0
2022-10-27 17:45,328,188,140,0,0,0
2022-10-27 18:00,187,78,109,0,0,0
2022-10-27 18:15,160,89,71,0,0,0
2022-10-27 18:30,147,63,84,0,0,0
2022-10-27 18:45,153,69,84,0,0,0
2022-10-27 19:00,116,60,56,0,0,0
2022-10-27 19:15,119,66,53,0,0,0
2022-10-27 19:30,129,65,64,0,0,0
2022-10-27 19:45,122,53,69,0,0,0
2022-10-27 20:00,113,51,62,0,0,0
2022-10-27 20:15,70,28,42,0,0,0
2022-10-27 20:30,60,19,41,0,0,0
2022-10-27 20:45,68,20,48,0,0,0
2022-10-27 21:00,49,14,35,0,0,0
2022-10-27 21:15,57,13,44,0,0,0
2022-10-27 21:30,34,8,26,0,0,0
2022-10-27 21:45,67,21,46,0,0,0
2022-10-27 22:00,65,18,47,0,0,0
2022-10-27 22:15,69,12,57,0,0,0
2022-10-27 22:30,46,12,34,0,0,0
2022-10-27 22:45,32,6,26,0,0,0
2022-10-27 23:00,27,5,22,0,0,0
2022-10-27 23:15,26,5,21,0,0,0
2022-10-27 23:30,24,2,22,0,0,0
2022-10-27 23:45,13,3,10,0,0,0
2022-10-28 00:00,22,2,20,0,0,0
2022-10-28 00:15,13,6,7,0,0,0
2022-10-28 00:30,3,0,3,0,0,0
2022-10-28 00:45,10,0,10,0,0,0
2022-10-28 01:00,2,1,1,0,0,0
2022-10-28 01:15,7,2,5,0,0,0
2022-10-28 01:30,12,5,7,0,0,0
2022-10-28 01:45,1,0,1,0,0,0
2022-10-28 02:00,4,1,3,0,0,0
2022-10-28 02:15,2,0,2,0,0,0
2022-10-28 02:30,0,0,0,0,0,0
2022-10-28 02:45,2,0,2,0,0,0
2022-10-28 03:00,1,0,1,0,0,0
2022-10-28 03:15,1,1,0,0,0,0
2022-10-28 03:30,1,0,1,0,0,0
2022-10-28 03:45,0,0,0,0,0,0
2022-10-28 04:00,0,0,0,0,0,0
2022-10-28 04:15,2,0,2,0,0,0
2022-10-28 04:30,0,0,0,0,0,0
2022-10-28 04:45,1,1,0,0,0,0
2022-10-28 05:00,0,0,0,0,0,0
2022-10-28 05:15,4,3,1,0,0,0
2022-10-28 05:30,12,1,11,0,0,0
2022-10-28 05:45,14,3,11,0,0,0
2022-10-28 06:00,9,8,1,0,0,0
2022-10-28 06:15,25,9,16,0,0,0
2022-10-28 06:30,34,17,17,0,0,0
2022-10-28 06:45,49,19,30,0,0,0
2022-10-28 07:00,55,19,36,0,0,0
2022-10-28 07:15,92,45,47,0,0,0
2022-10-28 07:30,247,156,91,0,0,0
2022-10-28 07:45,242,101,141,0,0,0
2022-10-28 08:00,257,74,183,0,0,0
2022-10-28 08:15,146,64,82,0,0,0
2022-10-28 08:30,104,54,50,0,0,0
2022-10-28 08:45,162,84,78,0,0,0
2022-10-28 09:00,112,57,55,0,0,0
2022-10-28 09:15,86,47,39,0,0,0
2022-10-28 09:30,104,68,36,0,0,0
2022-10-28 09:45,295,201,94,0,0,0
2022-10-28 10:00,189,86,103,0,0,0
2022-10-28 10:15,90,51,39,0,0,0
2022-10-28 10:30,63,28,35,0,0,0
2022-10-28 10:45,103,57,46,0,0,0
2022-10-28 11:00,76,47,29,0,0,0
2022-10-28 11:15,116,59,57,0,0,0
2022-10-28 11:30,107,49,58,0,0,0
2022-10-28 11:45,197,109,88,0,0,0
2022-10-28 12:00,234,126,108,0,0,0
2022-10-28 12:15,153,69,84,0,0,0
2022-10-28 12:30,133,65,68,0,0,0
2022-10-28 12:45,131,67,64,0,0,0
2022-10-28 13:00,214,92,122,0,0,0
2022-10-28 13:15,161,49,112,0,0,0
2022-10-28 13:30,159,70,89,0,0,0
2022-10-28 13:45,178,113,65,0,0,0
2022-10-28 14:00,182,85,97,0,0,0
2022-10-28 14:15,163,85,78,0,0,0
2022-10-28 14:30,149,60,89,0,0,0
2022-10-28 14:45,190,92,98,0,0,0
2022-10-28 15:00,158,81,77,0,0,0
2022-10-28 15:15,174,90,84,0,0,0
2022-10-28 15:30,152,85,67,0,0,0
2022-10-28 15:45,184,102,82,0,0,0
2022-10-28 16:00,172,98,74,0,0,0
2022-10-28 16:15,136,79,57,0,0,0
2022-10-28 16:30,122,62,60,0,0,0
2022-10-28 16:45,154,75,79,0,0,0
2022-10-28 17:00,129,69,60,0,0,0
2022-10-28 17:15,115,59,56,0,0,0
2022-10-28 17:30,150,65,85,0,0,0
2022-10-28 17:45,160,97,63,0,0,0
2022-10-28 18:00,156,96,60,0,0,0
2022-10-28 18:15,97,52,45,0,0,0
2022-10-28 18:30,105,59,46,0,0,0
2022-10-28 18:45,129,59,70,0,0,0
2022-10-28 19:00,104,52,52,0,0,0
2022-10-28 19:15,105,57,48,0,0,0
2022-10-28 19:30,94,61,33,0,0,0
2022-10-28 19:45,85,45,40,0,0,0
2022-10-28 20:00,94,67,27,0,0,0
2022-10-28 20:15,79,45,34,0,0,0
2022-10-28 20:30,91,38,53,0,0,0
2022-10-28 20:45,71,52,19,0,0,0
2022-10-28 21:00,48,25,23,0,0,0
2022-10-28 21:15,71,33,38,0,0,0
2022-10-28 21:30,69,42,27,0,0,0
2022-10-28 21:45,104,12,92,0,0,0
2022-10-28 22:00,58,14,44,0,0,0
2022-10-28 22:15,78,8,70,0,0,0
2022-10-28 22:30,47,11,36,0,0,0
2022-10-28 22:45,62,16,46,0,0,0
2022-10-28 23:00,57,19,38,0,0,0
2022-10-28 23:15,53,9,44,0,0,0
2022-10-28 23:30,56,7,49,0,0,0
2022-10-28 23:45,26,12,14,0,0,0
2022-10-29 00:00,35,8,27,0,0,0
2022-10-29 00:15,34,5,29,0,0,0
2022-10-29 00:30,31,4,27,0,0,0
2022-10-29 00:45,18,4,14,0,0,0
2022-10-29 01:00,20,6,14,0,0,0
2022-10-29 01:15,14,5,9,0,0,0
2022-10-29 01:30,28,7,21,0,0,0
2022-10-29 01:45,18,7,11,0,0,0
2022-10-29 02:00,14,3,11,0,0,0
2022-10-29 02:15,5,1,4,0,0,0
2022-10-29 02:30,12,2,10,0,0,0
2022-10-29 02:45,6,4,2,0,0,0
2022-10-29 03:00,4,0,4,0,0,0
2022-10-29 03:15,7,1,6,0,0,0
2022-10-29 03:30,8,1,7,0,0,0
2022-10-29 03:45,7,2,5,0,0,0
2022-10-29 04:00,11,3,8,0,0,0
2022-10-29 04:15,2,0,2,0,0,0
2022-10-29 04:30,2,0,2,0,0,0
2022-10-29 04:45,5,0,5,0,0,0
2022-10-29 05:00,3,0,3,0,0,0
2022-10-29 05:15,8,3,5,0,0,0
2022-10-29 05:30,6,2,4,0,0,0
2022-10-29 05:45,5,1,4,0,0,0
2022-10-29 06:00,1,1,0,0,0,0
2022-10-29 06:15,6,5,1,0,0,0
2022-10-29 06:30,8,3,5,0,0,0
2022-10-29 06:45,14,10,4,0,0,0
2022-10-29 07:00,8,4,4,0,0,0
2022-10-29 07:15,7,5,2,0,0,0
2022-10-29 07:30,16,10,6,0,0,0
2022-10-29 07:45,23,15,8,0,0,0
2022-10-29 08:00,25,18,7,0,0,0
2022-10-29 08:15,21,16,5,0,0,0
2022-10-29 08:30,40,24,16,0,0,0
2022-10-29 08:45,70,42,28,0,0,0
2022-10-29 09:00,53,36,17,0,0,0
2022-10-29 09:15,52,31,21,0,0,0
2022-10-29 09:30,61,42,19,0,0,0
2022-10-29 09:45,77,55,22,0,0,0
2022-10-29 10:00,56,37,19,0,0,0
2022-10-29 10:15,68,54,14,0,0,0
2022-10-29 10:30,98,56,42,0,0,0
2022-10-29 10:45,96,58,38,0,0,0
2022-10-29 11:00,69,44,25,0,0,0
2022-10-29 11:15,107,62,45,0,0,0
2022-10-29 11:30,104,68,36,0,0,0
2022-10-29 11:45,106,73,33,0,0,0
2022-10-29 12:00,116,70,46,0,0,0
2022-10-29 12:15,141,77,64,0,0,0
2022-10-29 12:30,105,43,62,0,0,0
2022-10-29 12:45,138,77,61,0,0,0
2022-10-29 13:00,121,54,67,0,0,0
2022-10-29 13:15,109,48,61,0,0,0
2022-10-29 13:30,141,52,89,0,0,0
2022-10-29 13:45,126,53,73,0,0,0
2022-10-29 14:00,120,68,52,0,0,0
2022-10-29 14:15,130,54,76,0,0,0
2022-10-29 14:30,107,37,70,0,0,0
2022-10-29 14:45,110,42,68,0,0,0
2022-10-29 15:00,103,47,56,0,0,0
2022-10-29 15:15,97,44,53,0,0,0
2022-10-29 15:30,109,67,42,0,0,0
2022-10-29 15:45,110,52,58,0,0,0
2022-10-29 16:00,104,48,56,0,0,0
2022-10-29 16:15,105,42,63,0,0,0
2022-10-29 16:30,104,38,66,0,0,0
2022-10-29 16:45,105,57,48,0,0,0
2022-10-29 17:00,98,49,49,0,0,0
2022-10-29 17:15,106,56,50,0,0,0
2022-10-29 17:30,116,54,62,0,0,0
2022-10-29 17:45,68,27,41,0,0,0
2022-10-29 18:00,95,28,67,0,0,0
2022-10-29 18:15,99,52,47,0,0,0
2022-10-29 18:30,113,50,63,0,0,0
2022-10-29 18:45,94,35,59,0,0,0
2022-10-29 19:00,78,31,47,0,0,0
2022-10-29 19:15,67,36,31,0,0,0
2022-10-29 19:30,38,17,21,0,0,0
2022-10-29 19:45,54,29,25,0,0,0
2022-10-29 20:00,54,27,27,0,0,0
2022-10-29 20:15,48,25,23,0,0,0
2022-10-29 20:30,66,32,34,0,0,0
2022-10-29 20:45,39,18,21,0,0,0
2022-10-29 21:00,38,11,27,0,0,0
2022-10-29 21:15,40,17,23,0,0,0
2022-10-29 21:30,30,9,21,0,0,0
2022-10-29 21:45,30,6,24,0,0,0
2022-10-29 22:00,33,5,28,0,0,0
2022-10-29 22:15,32,13,19,0,0,0
2022-10-29 22:30,21,5,16,0,0,0
2022-10-29 22:45,26,9,17,0,0,0
2022-10-29 23:00,13,3,10,0,0,0
2022-10-29 23:15,30,13,17,0,0,0
2022-10-29 23:30,25,5,20,0,0,0
2022-10-29 23:45,35,15,20,0,0,0
2022-10-30 00:00,25,4,21,0,0,0
2022-10-30 00:15,28,4,24,0,0,0
2022-10-30 00:30,18,4,14,0,0,0
2022-10-30 00:45,15,0,15,0,0,0
2022-10-30 01:00,20,3,17,0,0,0
2022-10-30 01:15,16,2,14,0,0,0
2022-10-30 01:30,8,3,5,0,0,0
2022-10-30 01:45,17,6,11,0,0,0
2022-10-30 02:00,14,1,13,0,0,0
2022-10-30 02:15,10,6,4,0,0,0
2022-10-30 02:30,20,4,16,0,0,0
2022-10-30 02:45,15,2,13,0,0,0
2022-10-30 03:00,9,1,8,0,0,0
2022-10-30 03:15,7,1,6,0,0,0
2022-10-30 03:30,4,0,4,0,0,0
2022-10-30 03:45,3,0,3,0,0,0
2022-10-30 04:00,3,1,2,0,0,0
2022-10-30 04:15,5,0,5,0,0,0
2022-10-30 04:30,2,0,2,0,0,0
2022-10-30 04:45,1,0,1,0,0,0
2022-10-30 05:00,2,0,2,0,0,0
2022-10-30 05:15,2,0,2,0,0,0
2022-10-30 05:30,6,1,5,0,0,0
2022-10-30 05:45,6,0,6,0,0,0
2022-10-30 06:00,4,4,0,0,0,0
2022-10-30 06:15,6,2,4,0,0,0
2022-10-30 06:30,6,2,4,0,0,0
2022-10-30 06:45,3,2,1,0,0,0
2022-10-30 07:00,4,3,1,0,0,0
2022-10-30 07:15,4,3,1,0,0,0
2022-10-30 07:30,11,3,8,0,0,0
2022-10-30 07:45,13,10,3,0,0,0
2022-10-30 08:00,3,1,2,0,0,0
2022-10-30 08:15,13,6,7,0,0,0
2022-10-30 08:30,19,6,13,0,0,0
2022-10-30 08:45,29,17,12,0,0,0
2022-10-30 09:00,22,17,5,0,0,0
2022-10-30 09:15,24,15,9,0,0,0
2022-10-30 09:30,136,127,9,0,0,0
2022-10-30 09:45,48,33,15,0,0,0
2022-10-30 10:00,40,25,15,0,0,0
2022-10-30 10:15,44,26,18,0,0,0
2022-10-30 10:30,57,35,22,0,0,0
2022-10-30 10:45,65,29,36,0,0,0
2022-10-30 11:00,54,30,24,0,0,0
2022-10-30 11:15,47,33,14,0,0,0
2022-10-30 11:30,72,39,33,0,0,0
2022-10-30 11:45,67,35,32,0,0,0
2022-10-30 12:00,80,43,37,0,0,0
2022-10-30 12:15,77,44,33,0,0,0
2022-10-30 12:30,91,43,48,0,0,0
2022-10-30 12:45,64,34,30,0,0,0
2022-10-30 13:00,79,31,48,0,0,0
2022-10-30 13:15,93,36,57,0,0,0
2022-10-30 13:30,71,22,49,0,0,0
2022-10-30 13:45,91,39,52,0,0,0
2022-10-30 14:00,77,40,37,0,0,0
2022-10-30 14:15,87,38,49,0,0,0
2022-10-30 14:30,85,39,46,0,0,0
2022-10-30 14:45,118,67,51,0,0,0
2022-10-30 15:00,109,68,41,0,0,0
2022-10-30 15:15,108,47,61,0,0,0
2022-10-30 15:30,101,59,42,0,0,0
2022-10-30 15:45,119,50,69,0,0,0
2022-10-30 16:00,82,33,49,0,0,0
2022-10-30 16:15,83,38,45,0,0,0
2022-10-30 16:30,80,33,47,0,0,0
2022-10-30 16:45,100,32,68,0,0,0
2022-10-30 17:00,101,44,57,0,0,0
2022-10-30 17:15,96,19,77,0,0,0
2022-10-30 17:30,97,41,56,0,0,0
2022-10-30 17:45,57,19,38,0,0,0
2022-10-30 18:00,40,10,30,0,0,0
2022-10-30 18:15,66,36,30,0,0,0
2022-10-30 18:30,45,15,30,0,0,0
2022-10-30 18:45,50,23,27,0,0,0
2022-10-30 19:00,55,19,36,0,0,0
2022-10-30 19:15,30,15,15,0,0,0
2022-10-30 19:30,33,10,23,0,0,0
2022-10-30 19:45,58,29,29,0,0,0
2022-10-30 20:00,58,28,30,0,0,0
2022-10-30 20:15,46,19,27,0,0,0
2022-10-30 20:30,36,8,28,0,0,0
2022-10-30 20:45,21,7,14,0,0,0
2022-10-30 21:00,36,14,22,0,0,0
2022-10-30 21:15,48,24,24,0,0,0
2022-10-30 21:30,32,9,23,0,0,0
2022-10-30 21:45,12,3,9,0,0,0
2022-10-30 22:00,21,12,9,0,0,0
2022-10-30 22:15,25,2,23,0,0,0
2022-10-30 22:30,11,3,8,0,0,0
2022-10-30 22:45,4,1,3,0,0,0
2022-10-30 23:00,23,11,12,0,0,0
2022-10-30 23:15,14,5,9,0,0,0
2022-10-30 23:30,11,0,11,0,0,0
2022-10-30 23:45,6,5,1,0,0,0
