Datetime,100034982 (Hüfferstraße),101034982 (Hüfferstraße stadteinwärts),102034982 (Hüfferstraße stadtauswärts),100034982-status,101034982-status,102034982-status
2022-08-01 00:00,4,0,4,0,0,0
2022-08-01 00:15,1,0,1,0,0,0
2022-08-01 00:30,0,0,0,0,0,0
2022-08-01 00:45,7,1,6,0,0,0
2022-08-01 01:00,1,0,1,0,0,0
2022-08-01 01:15,2,0,2,0,0,0
2022-08-01 01:30,2,2,0,0,0,0
2022-08-01 01:45,3,1,2,0,0,0
2022-08-01 02:00,1,0,1,0,0,0
2022-08-01 02:15,0,0,0,0,0,0
2022-08-01 02:30,0,0,0,0,0,0
2022-08-01 02:45,0,0,0,0,0,0
2022-08-01 03:00,0,0,0,0,0,0
2022-08-01 03:15,0,0,0,0,0,0
2022-08-01 03:30,2,0,2,0,0,0
2022-08-01 03:45,0,0,0,0,0,0
2022-08-01 04:00,0,0,0,0,0,0
2022-08-01 04:15,0,0,0,0,0,0
2022-08-01 04:30,0,0,0,0,0,0
2022-08-01 04:45,2,2,0,0,0,0
2022-08-01 05:00,1,1,0,0,0,0
2022-08-01 05:15,2,2,0,0,0,0
2022-08-01 05:30,9,3,6,0,0,0
2022-08-01 05:45,13,2,11,0,0,0
2022-08-01 06:00,5,0,5,0,0,0
2022-08-01 06:15,16,5,11,0,0,0
2022-08-01 06:30,47,14,33,0,0,0
2022-08-01 06:45,47,10,37,0,0,0
2022-08-01 07:00,61,18,43,0,0,0
2022-08-01 07:15,64,10,54,0,0,0
2022-08-01 07:30,109,45,64,0,0,0
2022-08-01 07:45,111,31,80,0,0,0
2022-08-01 08:00,69,24,45,0,0,0
2022-08-01 08:15,68,18,50,0,0,0
2022-08-01 08:30,61,32,29,0,0,0
2022-08-01 08:45,61,27,34,0,0,0
2022-08-01 09:00,51,24,27,0,0,0
2022-08-01 09:15,68,34,34,0,0,0
2022-08-01 09:30,63,31,32,0,0,0
2022-08-01 09:45,60,36,24,0,0,0
2022-08-01 10:00,40,13,27,0,0,0
2022-08-01 10:15,36,18,18,0,0,0
2022-08-01 10:30,26,17,9,0,0,0
2022-08-01 10:45,34,21,13,0,0,0
2022-08-01 11:00,28,12,16,0,0,0
2022-08-01 11:15,33,15,18,0,0,0
2022-08-01 11:30,34,18,16,0,0,0
2022-08-01 11:45,29,12,17,0,0,0
2022-08-01 12:00,37,22,15,0,0,0
2022-08-01 12:15,38,15,23,0,0,0
2022-08-01 12:30,61,14,47,0,0,0
2022-08-01 12:45,53,29,24,0,0,0
2022-08-01 13:00,42,21,21,0,0,0
2022-08-01 13:15,37,17,20,0,0,0
2022-08-01 13:30,36,20,16,0,0,0
2022-08-01 13:45,54,23,31,0,0,0
2022-08-01 14:00,44,32,12,0,0,0
2022-08-01 14:15,47,22,25,0,0,0
2022-08-01 14:30,65,38,27,0,0,0
2022-08-01 14:45,66,44,22,0,0,0
2022-08-01 15:00,62,34,28,0,0,0
2022-08-01 15:15,84,53,31,0,0,0
2022-08-01 15:30,93,52,41,0,0,0
2022-08-01 15:45,99,58,41,0,0,0
2022-08-01 16:00,98,38,60,0,0,0
2022-08-01 16:15,103,67,36,0,0,0
2022-08-01 16:30,97,52,45,0,0,0
2022-08-01 16:45,113,54,59,0,0,0
2022-08-01 17:00,115,47,68,0,0,0
2022-08-01 17:15,87,40,47,0,0,0
2022-08-01 17:30,118,54,64,0,0,0
2022-08-01 17:45,84,39,45,0,0,0
2022-08-01 18:00,81,35,46,0,0,0
2022-08-01 18:15,73,28,45,0,0,0
2022-08-01 18:30,63,26,37,0,0,0
2022-08-01 18:45,82,30,52,0,0,0
2022-08-01 19:00,63,21,42,0,0,0
2022-08-01 19:15,56,32,24,0,0,0
2022-08-01 19:30,62,23,39,0,0,0
2022-08-01 19:45,47,18,29,0,0,0
2022-08-01 20:00,58,19,39,0,0,0
2022-08-01 20:15,43,16,27,0,0,0
2022-08-01 20:30,23,8,15,0,0,0
2022-08-01 20:45,38,15,23,0,0,0
2022-08-01 21:00,25,15,10,0,0,0
2022-08-01 21:15,27,15,12,0,0,0
2022-08-01 21:30,26,8,18,0,0,0
2022-08-01 21:45,36,17,19,0,0,0
2022-08-01 22:00,30,8,22,0,0,0
2022-08-01 22:15,13,4,9,0,0,0
2022-08-01 22:30,18,3,15,0,0,0
2022-08-01 22:45,14,3,11,0,0,0
2022-08-01 23:00,9,1,8,0,0,0
2022-08-01 23:15,13,2,11,0,0,0
2022-08-01 23:30,11,0,11,0,0,0
2022-08-01 23:45,11,4,7,0,0,0
2022-08-02 00:00,12,3,9,0,0,0
2022-08-02 00:15,13,1,12,0,0,0
2022-08-02 00:30,4,0,4,0,0,0
2022-08-02 00:45,3,1,2,0,0,0
2022-08-02 01:00,2,1,1,0,0,0
2022-08-02 01:15,3,1,2,0,0,0
2022-08-02 01:30,4,1,3,0,0,0
2022-08-02 01:45,5,1,4,0,0,0
2022-08-02 02:00,6,4,2,0,0,0
2022-08-02 02:15,1,0,1,0,0,0
2022-08-02 02:30,0,0,0,0,0,0
2022-08-02 02:45,2,1,1,0,0,0
2022-08-02 03:00,1,1,0,0,0,0
2022-08-02 03:15,0,0,0,0,0,0
2022-08-02 03:30,2,1,1,0,0,0
2022-08-02 03:45,2,0,2,0,0,0
2022-08-02 04:00,0,0,0,0,0,0
2022-08-02 04:15,1,0,1,0,0,0
2022-08-02 04:30,0,0,0,0,0,0
2022-08-02 04:45,0,0,0,0,0,0
2022-08-02 05:00,0,0,0,0,0,0
2022-08-02 05:15,3,3,0,0,0,0
2022-08-02 05:30,13,1,12,0,0,0
2022-08-02 05:45,10,3,7,0,0,0
2022-08-02 06:00,9,6,3,0,0,0
2022-08-02 06:15,26,10,16,0,0,0
2022-08-02 06:30,40,12,28,0,0,0
2022-08-02 06:45,58,16,42,0,0,0
2022-08-02 07:00,67,19,48,0,0,0
2022-08-02 07:15,76,25,51,0,0,0
2022-08-02 07:30,87,27,60,0,0,0
2022-08-02 07:45,131,38,93,0,0,0
2022-08-02 08:00,114,42,72,0,0,0
2022-08-02 08:15,105,44,61,0,0,0
2022-08-02 08:30,96,53,43,0,0,0
2022-08-02 08:45,96,47,49,0,0,0
2022-08-02 09:00,87,38,49,0,0,0
2022-08-02 09:15,65,32,33,0,0,0
2022-08-02 09:30,86,48,38,0,0,0
2022-08-02 09:45,71,42,29,0,0,0
2022-08-02 10:00,56,33,23,0,0,0
2022-08-02 10:15,60,30,30,0,0,0
2022-08-02 10:30,55,29,26,0,0,0
2022-08-02 10:45,53,27,26,0,0,0
2022-08-02 11:00,68,37,31,0,0,0
2022-08-02 11:15,101,50,51,0,0,0
2022-08-02 11:30,77,36,41,0,0,0
2022-08-02 11:45,97,49,48,0,0,0
2022-08-02 12:00,79,28,51,0,0,0
2022-08-02 12:15,88,35,53,0,0,0
2022-08-02 12:30,78,29,49,0,0,0
2022-08-02 12:45,92,40,52,0,0,0
2022-08-02 13:00,109,52,57,0,0,0
2022-08-02 13:15,77,27,50,0,0,0
2022-08-02 13:30,65,27,38,0,0,0
2022-08-02 13:45,111,51,60,0,0,0
2022-08-02 14:00,76,31,45,0,0,0
2022-08-02 14:15,81,44,37,0,0,0
2022-08-02 14:30,86,47,39,0,0,0
2022-08-02 14:45,98,60,38,0,0,0
2022-08-02 15:00,87,51,36,0,0,0
2022-08-02 15:15,91,58,33,0,0,0
2022-08-02 15:30,85,47,38,0,0,0
2022-08-02 15:45,110,59,51,0,0,0
2022-08-02 16:00,129,71,58,0,0,0
2022-08-02 16:15,92,41,51,0,0,0
2022-08-02 16:30,141,82,59,0,0,0
2022-08-02 16:45,128,66,62,0,0,0
2022-08-02 17:00,143,68,75,0,0,0
2022-08-02 17:15,129,60,69,0,0,0
2022-08-02 17:30,137,65,72,0,0,0
2022-08-02 17:45,136,72,64,0,0,0
2022-08-02 18:00,83,24,59,0,0,0
2022-08-02 18:15,112,37,75,0,0,0
2022-08-02 18:30,96,36,60,0,0,0
2022-08-02 18:45,87,38,49,0,0,0
2022-08-02 19:00,63,23,40,0,0,0
2022-08-02 19:15,72,45,27,0,0,0
2022-08-02 19:30,58,26,32,0,0,0
2022-08-02 19:45,60,26,34,0,0,0
2022-08-02 20:00,62,20,42,0,0,0
2022-08-02 20:15,59,30,29,0,0,0
2022-08-02 20:30,33,17,16,0,0,0
2022-08-02 20:45,40,20,20,0,0,0
2022-08-02 21:00,53,21,32,0,0,0
2022-08-02 21:15,36,9,27,0,0,0
2022-08-02 21:30,47,15,32,0,0,0
2022-08-02 21:45,32,12,20,0,0,0
2022-08-02 22:00,35,7,28,0,0,0
2022-08-02 22:15,39,6,33,0,0,0
2022-08-02 22:30,29,10,19,0,0,0
2022-08-02 22:45,24,3,21,0,0,0
2022-08-02 23:00,25,4,21,0,0,0
2022-08-02 23:15,21,0,21,0,0,0
2022-08-02 23:30,17,8,9,0,0,0
2022-08-02 23:45,17,2,15,0,0,0
2022-08-03 00:00,30,2,28,0,0,0
2022-08-03 00:15,7,0,7,0,0,0
2022-08-03 00:30,5,0,5,0,0,0
2022-08-03 00:45,3,0,3,0,0,0
2022-08-03 01:00,5,1,4,0,0,0
2022-08-03 01:15,3,0,3,0,0,0
2022-08-03 01:30,11,3,8,0,0,0
2022-08-03 01:45,0,0,0,0,0,0
2022-08-03 02:00,5,3,2,0,0,0
2022-08-03 02:15,0,0,0,0,0,0
2022-08-03 02:30,0,0,0,0,0,0
2022-08-03 02:45,1,1,0,0,0,0
2022-08-03 03:00,0,0,0,0,0,0
2022-08-03 03:15,0,0,0,0,0,0
2022-08-03 03:30,1,0,1,0,0,0
2022-08-03 03:45,0,0,0,0,0,0
2022-08-03 04:00,0,0,0,0,0,0
2022-08-03 04:15,0,0,0,0,0,0
2022-08-03 04:30,0,0,0,0,0,0
2022-08-03 04:45,2,2,0,0,0,0
2022-08-03 05:00,1,1,0,0,0,0
2022-08-03 05:15,2,2,0,0,0,0
2022-08-03 05:30,10,4,6,0,0,0
2022-08-03 05:45,15,5,10,0,0,0
2022-08-03 06:00,10,3,7,0,0,0
2022-08-03 06:15,24,11,13,0,0,0
2022-08-03 06:30,41,12,29,0,0,0
2022-08-03 06:45,61,23,38,0,0,0
2022-08-03 07:00,68,25,43,0,0,0
2022-08-03 07:15,105,32,73,0,0,0
2022-08-03 07:30,92,33,59,0,0,0
2022-08-03 07:45,138,48,90,0,0,0
2022-08-03 08:00,118,37,81,0,0,0
2022-08-03 08:15,94,51,43,0,0,0
2022-08-03 08:30,115,64,51,0,0,0
2022-08-03 08:45,132,63,69,0,0,0
2022-08-03 09:00,94,41,53,0,0,0
2022-08-03 09:15,90,46,44,0,0,0
2022-08-03 09:30,93,51,42,0,0,0
2022-08-03 09:45,121,74,47,0,0,0
2022-08-03 10:00,111,62,49,0,0,0
2022-08-03 10:15,75,40,35,0,0,0
2022-08-03 10:30,61,29,32,0,0,0
2022-08-03 10:45,76,37,39,0,0,0
2022-08-03 11:00,93,35,58,0,0,0
2022-08-03 11:15,94,48,46,0,0,0
2022-08-03 11:30,100,55,45,0,0,0
2022-08-03 11:45,119,57,62,0,0,0
2022-08-03 12:00,98,55,43,0,0,0
2022-08-03 12:15,125,62,63,0,0,0
2022-08-03 12:30,109,40,69,0,0,0
2022-08-03 12:45,94,43,51,0,0,0
2022-08-03 13:00,118,45,73,0,0,0
2022-08-03 13:15,105,40,65,0,0,0
2022-08-03 13:30,118,45,73,0,0,0
2022-08-03 13:45,98,44,54,0,0,0
2022-08-03 14:00,77,34,43,0,0,0
2022-08-03 14:15,94,34,60,0,0,0
2022-08-03 14:30,85,34,51,0,0,0
2022-08-03 14:45,94,51,43,0,0,0
2022-08-03 15:00,87,51,36,0,0,0
2022-08-03 15:15,122,70,52,0,0,0
2022-08-03 15:30,102,46,56,0,0,0
2022-08-03 15:45,108,58,50,0,0,0
2022-08-03 16:00,120,67,53,0,0,0
2022-08-03 16:15,91,55,36,0,0,0
2022-08-03 16:30,118,60,58,0,0,0
2022-08-03 16:45,103,52,51,0,0,0
2022-08-03 17:00,111,64,47,0,0,0
2022-08-03 17:15,124,66,58,0,0,0
2022-08-03 17:30,113,57,56,0,0,0
2022-08-03 17:45,128,61,67,0,0,0
2022-08-03 18:00,98,44,54,0,0,0
2022-08-03 18:15,86,32,54,0,0,0
2022-08-03 18:30,78,39,39,0,0,0
2022-08-03 18:45,67,30,37,0,0,0
2022-08-03 19:00,57,22,35,0,0,0
2022-08-03 19:15,75,23,52,0,0,0
2022-08-03 19:30,68,24,44,0,0,0
2022-08-03 19:45,56,27,29,0,0,0
2022-08-03 20:00,53,23,30,0,0,0
2022-08-03 20:15,38,17,21,0,0,0
2022-08-03 20:30,27,14,13,0,0,0
2022-08-03 20:45,41,20,21,0,0,0
2022-08-03 21:00,41,15,26,0,0,0
2022-08-03 21:15,33,17,16,0,0,0
2022-08-03 21:30,43,25,18,0,0,0
2022-08-03 21:45,58,14,44,0,0,0
2022-08-03 22:00,35,13,22,0,0,0
2022-08-03 22:15,22,8,14,0,0,0
2022-08-03 22:30,21,2,19,0,0,0
2022-08-03 22:45,29,10,19,0,0,0
2022-08-03 23:00,28,7,21,0,0,0
2022-08-03 23:15,34,11,23,0,0,0
2022-08-03 23:30,16,3,13,0,0,0
2022-08-03 23:45,15,1,14,0,0,0
2022-08-04 00:00,12,3,9,0,0,0
2022-08-04 00:15,34,3,31,0,0,0
2022-08-04 00:30,7,1,6,0,0,0
2022-08-04 00:45,8,0,8,0,0,0
2022-08-04 01:00,2,0,2,0,0,0
2022-08-04 01:15,6,0,6,0,0,0
2022-08-04 01:30,4,2,2,0,0,0
2022-08-04 01:45,4,3,1,0,0,0
2022-08-04 02:00,6,2,4,0,0,0
2022-08-04 02:15,4,1,3,0,0,0
2022-08-04 02:30,2,1,1,0,0,0
2022-08-04 02:45,3,0,3,0,0,0
2022-08-04 03:00,5,0,5,0,0,0
2022-08-04 03:15,3,0,3,0,0,0
2022-08-04 03:30,2,0,2,0,0,0
2022-08-04 03:45,6,0,6,0,0,0
2022-08-04 04:00,3,1,2,0,0,0
2022-08-04 04:15,3,0,3,0,0,0
2022-08-04 04:30,0,0,0,0,0,0
2022-08-04 04:45,1,0,1,0,0,0
2022-08-04 05:00,0,0,0,0,0,0
2022-08-04 05:15,1,0,1,0,0,0
2022-08-04 05:30,7,3,4,0,0,0
2022-08-04 05:45,15,7,8,0,0,0
2022-08-04 06:00,20,9,11,0,0,0
2022-08-04 06:15,22,8,14,0,0,0
2022-08-04 06:30,33,11,22,0,0,0
2022-08-04 06:45,64,14,50,0,0,0
2022-08-04 07:00,56,23,33,0,0,0
2022-08-04 07:15,84,22,62,0,0,0
2022-08-04 07:30,75,27,48,0,0,0
2022-08-04 07:45,136,52,84,0,0,0
2022-08-04 08:00,112,40,72,0,0,0
2022-08-04 08:15,98,35,63,0,0,0
2022-08-04 08:30,102,42,60,0,0,0
2022-08-04 08:45,94,53,41,0,0,0
2022-08-04 09:00,63,30,33,0,0,0
2022-08-04 09:15,63,29,34,0,0,0
2022-08-04 09:30,89,45,44,0,0,0
2022-08-04 09:45,103,69,34,0,0,0
2022-08-04 10:00,64,30,34,0,0,0
2022-08-04 10:15,65,33,32,0,0,0
2022-08-04 10:30,74,37,37,0,0,0
2022-08-04 10:45,85,37,48,0,0,0
2022-08-04 11:00,67,34,33,0,0,0
2022-08-04 11:15,53,32,21,0,0,0
2022-08-04 11:30,74,30,44,0,0,0
2022-08-04 11:45,92,46,46,0,0,0
2022-08-04 12:00,77,35,42,0,0,0
2022-08-04 12:15,85,32,53,0,0,0
2022-08-04 12:30,66,25,41,0,0,0
2022-08-04 12:45,73,32,41,0,0,0
2022-08-04 13:00,64,30,34,0,0,0
2022-08-04 13:15,85,38,47,0,0,0
2022-08-04 13:30,78,38,40,0,0,0
2022-08-04 13:45,68,33,35,0,0,0
2022-08-04 14:00,77,39,38,0,0,0
2022-08-04 14:15,82,31,51,0,0,0
2022-08-04 14:30,80,25,55,0,0,0
2022-08-04 14:45,95,55,40,0,0,0
2022-08-04 15:00,86,50,36,0,0,0
2022-08-04 15:15,93,47,46,0,0,0
2022-08-04 15:30,81,46,35,0,0,0
2022-08-04 15:45,96,50,46,0,0,0
2022-08-04 16:00,100,57,43,0,0,0
2022-08-04 16:15,93,50,43,0,0,0
2022-08-04 16:30,85,42,43,0,0,0
2022-08-04 16:45,122,70,52,0,0,0
2022-08-04 17:00,84,49,35,0,0,0
2022-08-04 17:15,97,39,58,0,0,0
2022-08-04 17:30,100,58,42,0,0,0
2022-08-04 17:45,74,37,37,0,0,0
2022-08-04 18:00,95,46,49,0,0,0
2022-08-04 18:15,85,33,52,0,0,0
2022-08-04 18:30,83,37,46,0,0,0
2022-08-04 18:45,71,29,42,0,0,0
2022-08-04 19:00,55,26,29,0,0,0
2022-08-04 19:15,49,22,27,0,0,0
2022-08-04 19:30,60,28,32,0,0,0
2022-08-04 19:45,74,34,40,0,0,0
2022-08-04 20:00,57,26,31,0,0,0
2022-08-04 20:15,51,20,31,0,0,0
2022-08-04 20:30,34,16,18,0,0,0
2022-08-04 20:45,26,10,16,0,0,0
2022-08-04 21:00,31,19,12,0,0,0
2022-08-04 21:15,27,11,16,0,0,0
2022-08-04 21:30,30,10,20,0,0,0
2022-08-04 21:45,36,7,29,0,0,0
2022-08-04 22:00,27,7,20,0,0,0
2022-08-04 22:15,20,7,13,0,0,0
2022-08-04 22:30,25,6,19,0,0,0
2022-08-04 22:45,32,15,17,0,0,0
2022-08-04 23:00,25,6,19,0,0,0
2022-08-04 23:15,13,0,13,0,0,0
2022-08-04 23:30,15,5,10,0,0,0
2022-08-04 23:45,27,0,27,0,0,0
2022-08-05 00:00,12,1,11,0,0,0
2022-08-05 00:15,12,7,5,0,0,0
2022-08-05 00:30,12,2,10,0,0,0
2022-08-05 00:45,0,0,0,0,0,0
2022-08-05 01:00,0,0,0,0,0,0
2022-08-05 01:15,1,0,1,0,0,0
2022-08-05 01:30,3,0,3,0,0,0
2022-08-05 01:45,5,2,3,0,0,0
2022-08-05 02:00,4,0,4,0,0,0
2022-08-05 02:15,3,1,2,0,0,0
2022-08-05 02:30,2,1,1,0,0,0
2022-08-05 02:45,1,1,0,0,0,0
2022-08-05 03:00,2,0,2,0,0,0
2022-08-05 03:15,2,2,0,0,0,0
2022-08-05 03:30,8,1,7,0,0,0
2022-08-05 03:45,1,0,1,0,0,0
2022-08-05 04:00,0,0,0,0,0,0
2022-08-05 04:15,0,0,0,0,0,0
2022-08-05 04:30,0,0,0,0,0,0
2022-08-05 04:45,5,3,2,0,0,0
2022-08-05 05:00,4,0,4,0,0,0
2022-08-05 05:15,2,1,1,0,0,0
2022-08-05 05:30,7,2,5,0,0,0
2022-08-05 05:45,11,3,8,0,0,0
2022-08-05 06:00,10,4,6,0,0,0
2022-08-05 06:15,18,3,15,0,0,0
2022-08-05 06:30,22,8,14,0,0,0
2022-08-05 06:45,44,10,34,0,0,0
2022-08-05 07:00,52,18,34,0,0,0
2022-08-05 07:15,52,13,39,0,0,0
2022-08-05 07:30,65,24,41,0,0,0
2022-08-05 07:45,121,37,84,0,0,0
2022-08-05 08:00,119,55,64,0,0,0
2022-08-05 08:15,75,24,51,0,0,0
2022-08-05 08:30,57,33,24,0,0,0
2022-08-05 08:45,86,45,41,0,0,0
2022-08-05 09:00,59,31,28,0,0,0
2022-08-05 09:15,57,22,35,0,0,0
2022-08-05 09:30,33,18,15,0,0,0
2022-08-05 09:45,57,33,24,0,0,0
2022-08-05 10:00,38,23,15,0,0,0
2022-08-05 10:15,41,17,24,0,0,0
2022-08-05 10:30,33,17,16,0,0,0
2022-08-05 10:45,40,25,15,0,0,0
2022-08-05 11:00,69,36,33,0,0,0
2022-08-05 11:15,36,18,18,0,0,0
2022-08-05 11:30,64,31,33,0,0,0
2022-08-05 11:45,77,40,37,0,0,0
2022-08-05 12:00,58,22,36,0,0,0
2022-08-05 12:15,76,25,51,0,0,0
2022-08-05 12:30,56,26,30,0,0,0
2022-08-05 12:45,73,31,42,0,0,0
2022-08-05 13:00,78,36,42,0,0,0
2022-08-05 13:15,95,60,35,0,0,0
2022-08-05 13:30,79,48,31,0,0,0
2022-08-05 13:45,55,33,22,0,0,0
2022-08-05 14:00,79,49,30,0,0,0
2022-08-05 14:15,70,37,33,0,0,0
2022-08-05 14:30,74,34,40,0,0,0
2022-08-05 14:45,85,36,49,0,0,0
2022-08-05 15:00,90,45,45,0,0,0
2022-08-05 15:15,101,59,42,0,0,0
2022-08-05 15:30,85,38,47,0,0,0
2022-08-05 15:45,104,51,53,0,0,0
2022-08-05 16:00,85,40,45,0,0,0
2022-08-05 16:15,76,36,40,0,0,0
2022-08-05 16:30,85,44,41,0,0,0
2022-08-05 16:45,90,49,41,0,0,0
2022-08-05 17:00,66,27,39,0,0,0
2022-08-05 17:15,83,35,48,0,0,0
2022-08-05 17:30,62,24,38,0,0,0
2022-08-05 17:45,84,39,45,0,0,0
2022-08-05 18:00,71,37,34,0,0,0
2022-08-05 18:15,72,29,43,0,0,0
2022-08-05 18:30,39,18,21,0,0,0
2022-08-05 18:45,87,46,41,0,0,0
2022-08-05 19:00,47,26,21,0,0,0
2022-08-05 19:15,61,24,37,0,0,0
2022-08-05 19:30,58,22,36,0,0,0
2022-08-05 19:45,56,28,28,0,0,0
2022-08-05 20:00,64,32,32,0,0,0
2022-08-05 20:15,33,14,19,0,0,0
2022-08-05 20:30,27,13,14,0,0,0
2022-08-05 20:45,38,5,33,0,0,0
2022-08-05 21:00,59,21,38,0,0,0
2022-08-05 21:15,31,10,21,0,0,0
2022-08-05 21:30,28,13,15,0,0,0
2022-08-05 21:45,43,10,33,0,0,0
2022-08-05 22:00,29,3,26,0,0,0
2022-08-05 22:15,38,6,32,0,0,0
2022-08-05 22:30,37,9,28,0,0,0
2022-08-05 22:45,34,5,29,0,0,0
2022-08-05 23:00,26,4,22,0,0,0
2022-08-05 23:15,16,6,10,0,0,0
2022-08-05 23:30,15,4,11,0,0,0
2022-08-05 23:45,32,4,28,0,0,0
2022-08-06 00:00,25,4,21,0,0,0
2022-08-06 00:15,12,3,9,0,0,0
2022-08-06 00:30,16,2,14,0,0,0
2022-08-06 00:45,17,1,16,0,0,0
2022-08-06 01:00,25,10,15,0,0,0
2022-08-06 01:15,12,3,9,0,0,0
2022-08-06 01:30,17,7,10,0,0,0
2022-08-06 01:45,13,4,9,0,0,0
2022-08-06 02:00,31,9,22,0,0,0
2022-08-06 02:15,9,1,8,0,0,0
2022-08-06 02:30,12,4,8,0,0,0
2022-08-06 02:45,20,1,19,0,0,0
2022-08-06 03:00,10,3,7,0,0,0
2022-08-06 03:15,14,1,13,0,0,0
2022-08-06 03:30,10,0,10,0,0,0
2022-08-06 03:45,8,3,5,0,0,0
2022-08-06 04:00,13,5,8,0,0,0
2022-08-06 04:15,1,0,1,0,0,0
2022-08-06 04:30,5,0,5,0,0,0
2022-08-06 04:45,2,0,2,0,0,0
2022-08-06 05:00,5,2,3,0,0,0
2022-08-06 05:15,4,0,4,0,0,0
2022-08-06 05:30,8,3,5,0,0,0
2022-08-06 05:45,6,4,2,0,0,0
2022-08-06 06:00,5,2,3,0,0,0
2022-08-06 06:15,7,3,4,0,0,0
2022-08-06 06:30,5,3,2,0,0,0
2022-08-06 06:45,15,6,9,0,0,0
2022-08-06 07:00,12,6,6,0,0,0
2022-08-06 07:15,8,6,2,0,0,0
2022-08-06 07:30,11,7,4,0,0,0
2022-08-06 07:45,27,15,12,0,0,0
2022-08-06 08:00,18,14,4,0,0,0
2022-08-06 08:15,29,11,18,0,0,0
2022-08-06 08:30,26,15,11,0,0,0
2022-08-06 08:45,42,31,11,0,0,0
2022-08-06 09:00,42,31,11,0,0,0
2022-08-06 09:15,60,44,16,0,0,0
2022-08-06 09:30,54,43,11,0,0,0
2022-08-06 09:45,65,45,20,0,0,0
2022-08-06 10:00,62,48,14,0,0,0
2022-08-06 10:15,86,53,33,0,0,0
2022-08-06 10:30,60,28,32,0,0,0
2022-08-06 10:45,98,58,40,0,0,0
2022-08-06 11:00,93,64,29,0,0,0
2022-08-06 11:15,84,54,30,0,0,0
2022-08-06 11:30,81,41,40,0,0,0
2022-08-06 11:45,89,50,39,0,0,0
2022-08-06 12:00,119,79,40,0,0,0
2022-08-06 12:15,92,54,38,0,0,0
2022-08-06 12:30,92,40,52,0,0,0
2022-08-06 12:45,89,52,37,0,0,0
2022-08-06 13:00,91,52,39,0,0,0
2022-08-06 13:15,63,28,35,0,0,0
2022-08-06 13:30,105,59,46,0,0,0
2022-08-06 13:45,91,44,47,0,0,0
2022-08-06 14:00,107,42,65,0,0,0
2022-08-06 14:15,86,40,46,0,0,0
2022-08-06 14:30,90,30,60,0,0,0
2022-08-06 14:45,84,31,53,0,0,0
2022-08-06 15:00,81,30,51,0,0,0
2022-08-06 15:15,95,49,46,0,0,0
2022-08-06 15:30,95,44,51,0,0,0
2022-08-06 15:45,49,23,26,0,0,0
2022-08-06 16:00,77,24,53,0,0,0
2022-08-06 16:15,58,22,36,0,0,0
2022-08-06 16:30,68,31,37,0,0,0
2022-08-06 16:45,63,22,41,0,0,0
2022-08-06 17:00,68,29,39,0,0,0
2022-08-06 17:15,64,35,29,0,0,0
2022-08-06 17:30,38,15,23,0,0,0
2022-08-06 17:45,54,28,26,0,0,0
2022-08-06 18:00,73,38,35,0,0,0
2022-08-06 18:15,68,22,46,0,0,0
2022-08-06 18:30,57,17,40,0,0,0
2022-08-06 18:45,60,16,44,0,0,0
2022-08-06 19:00,70,29,41,0,0,0
2022-08-06 19:15,48,22,26,0,0,0
2022-08-06 19:30,63,25,38,0,0,0
2022-08-06 19:45,44,18,26,0,0,0
2022-08-06 20:00,50,24,26,0,0,0
2022-08-06 20:15,48,24,24,0,0,0
2022-08-06 20:30,49,18,31,0,0,0
2022-08-06 20:45,29,17,12,0,0,0
2022-08-06 21:00,46,23,23,0,0,0
2022-08-06 21:15,36,13,23,0,0,0
2022-08-06 21:30,32,18,14,0,0,0
2022-08-06 21:45,29,13,16,0,0,0
2022-08-06 22:00,28,15,13,0,0,0
2022-08-06 22:15,36,9,27,0,0,0
2022-08-06 22:30,28,10,18,0,0,0
2022-08-06 22:45,22,7,15,0,0,0
2022-08-06 23:00,34,9,25,0,0,0
2022-08-06 23:15,28,5,23,0,0,0
2022-08-06 23:30,20,12,8,0,0,0
2022-08-06 23:45,21,3,18,0,0,0
2022-08-07 00:00,21,7,14,0,0,0
2022-08-07 00:15,46,5,41,0,0,0
2022-08-07 00:30,31,9,22,0,0,0
2022-08-07 00:45,26,9,17,0,0,0
2022-08-07 01:00,10,4,6,0,0,0
2022-08-07 01:15,9,3,6,0,0,0
2022-08-07 01:30,10,0,10,0,0,0
2022-08-07 01:45,6,0,6,0,0,0
2022-08-07 02:00,10,8,2,0,0,0
2022-08-07 02:15,13,8,5,0,0,0
2022-08-07 02:30,11,2,9,0,0,0
2022-08-07 02:45,10,0,10,0,0,0
2022-08-07 03:00,9,1,8,0,0,0
2022-08-07 03:15,2,0,2,0,0,0
2022-08-07 03:30,12,2,10,0,0,0
2022-08-07 03:45,5,0,5,0,0,0
2022-08-07 04:00,6,0,6,0,0,0
2022-08-07 04:15,8,0,8,0,0,0
2022-08-07 04:30,2,0,2,0,0,0
2022-08-07 04:45,5,2,3,0,0,0
2022-08-07 05:00,2,0,2,0,0,0
2022-08-07 05:15,5,0,5,0,0,0
2022-08-07 05:30,6,0,6,0,0,0
2022-08-07 05:45,5,0,5,0,0,0
2022-08-07 06:00,4,3,1,0,0,0
2022-08-07 06:15,7,3,4,0,0,0
2022-08-07 06:30,6,1,5,0,0,0
2022-08-07 06:45,5,2,3,0,0,0
2022-08-07 07:00,8,4,4,0,0,0
2022-08-07 07:15,5,3,2,0,0,0
2022-08-07 07:30,5,2,3,0,0,0
2022-08-07 07:45,8,4,4,0,0,0
2022-08-07 08:00,6,3,3,0,0,0
2022-08-07 08:15,10,4,6,0,0,0
2022-08-07 08:30,7,1,6,0,0,0
2022-08-07 08:45,9,8,1,0,0,0
2022-08-07 09:00,16,10,6,0,0,0
2022-08-07 09:15,13,2,11,0,0,0
2022-08-07 09:30,11,6,5,0,0,0
2022-08-07 09:45,20,10,10,0,0,0
2022-08-07 10:00,38,17,21,0,0,0
2022-08-07 10:15,17,8,9,0,0,0
2022-08-07 10:30,35,25,10,0,0,0
2022-08-07 10:45,50,34,16,0,0,0
2022-08-07 11:00,50,22,28,0,0,0
2022-08-07 11:15,51,24,27,0,0,0
2022-08-07 11:30,32,17,15,0,0,0
2022-08-07 11:45,62,40,22,0,0,0
2022-08-07 12:00,36,17,19,0,0,0
2022-08-07 12:15,57,18,39,0,0,0
2022-08-07 12:30,42,27,15,0,0,0
2022-08-07 12:45,67,28,39,0,0,0
2022-08-07 13:00,53,25,28,0,0,0
2022-08-07 13:15,52,21,31,0,0,0
2022-08-07 13:30,36,16,20,0,0,0
2022-08-07 13:45,51,23,28,0,0,0
2022-08-07 14:00,37,18,19,0,0,0
2022-08-07 14:15,45,16,29,0,0,0
2022-08-07 14:30,42,16,26,0,0,0
2022-08-07 14:45,80,54,26,0,0,0
2022-08-07 15:00,77,44,33,0,0,0
2022-08-07 15:15,66,34,32,0,0,0
2022-08-07 15:30,64,29,35,0,0,0
2022-08-07 15:45,63,35,28,0,0,0
2022-08-07 16:00,74,32,42,0,0,0
2022-08-07 16:15,56,24,32,0,0,0
2022-08-07 16:30,68,27,41,0,0,0
2022-08-07 16:45,72,34,38,0,0,0
2022-08-07 17:00,54,21,33,0,0,0
2022-08-07 17:15,41,17,24,0,0,0
2022-08-07 17:30,68,23,45,0,0,0
2022-08-07 17:45,57,29,28,0,0,0
2022-08-07 18:00,70,24,46,0,0,0
2022-08-07 18:15,58,21,37,0,0,0
2022-08-07 18:30,61,20,41,0,0,0
2022-08-07 18:45,75,46,29,0,0,0
2022-08-07 19:00,31,9,22,0,0,0
2022-08-07 19:15,39,8,31,0,0,0
2022-08-07 19:30,56,14,42,0,0,0
2022-08-07 19:45,68,21,47,0,0,0
2022-08-07 20:00,44,22,22,0,0,0
2022-08-07 20:15,39,9,30,0,0,0
2022-08-07 20:30,32,5,27,0,0,0
2022-08-07 20:45,33,11,22,0,0,0
2022-08-07 21:00,40,15,25,0,0,0
2022-08-07 21:15,37,12,25,0,0,0
2022-08-07 21:30,31,7,24,0,0,0
2022-08-07 21:45,17,5,12,0,0,0
2022-08-07 22:00,16,4,12,0,0,0
2022-08-07 22:15,15,2,13,0,0,0
2022-08-07 22:30,15,4,11,0,0,0
2022-08-07 22:45,13,4,9,0,0,0
2022-08-07 23:00,6,1,5,0,0,0
2022-08-07 23:15,55,3,52,0,0,0
2022-08-07 23:30,13,4,9,0,0,0
2022-08-07 23:45,9,4,5,0,0,0
2022-08-08 00:00,8,0,8,0,0,0
2022-08-08 00:15,5,2,3,0,0,0
2022-08-08 00:30,0,0,0,0,0,0
2022-08-08 00:45,2,0,2,0,0,0
2022-08-08 01:00,4,2,2,0,0,0
2022-08-08 01:15,5,2,3,0,0,0
2022-08-08 01:30,5,0,5,0,0,0
2022-08-08 01:45,0,0,0,0,0,0
2022-08-08 02:00,1,0,1,0,0,0
2022-08-08 02:15,0,0,0,0,0,0
2022-08-08 02:30,1,0,1,0,0,0
2022-08-08 02:45,1,0,1,0,0,0
2022-08-08 03:00,0,0,0,0,0,0
2022-08-08 03:15,0,0,0,0,0,0
2022-08-08 03:30,1,0,1,0,0,0
2022-08-08 03:45,0,0,0,0,0,0
2022-08-08 04:00,1,0,1,0,0,0
2022-08-08 04:15,0,0,0,0,0,0
2022-08-08 04:30,0,0,0,0,0,0
2022-08-08 04:45,0,0,0,0,0,0
2022-08-08 05:00,1,0,1,0,0,0
2022-08-08 05:15,4,1,3,0,0,0
2022-08-08 05:30,10,3,7,0,0,0
2022-08-08 05:45,16,7,9,0,0,0
2022-08-08 06:00,11,3,8,0,0,0
2022-08-08 06:15,24,9,15,0,0,0
2022-08-08 06:30,44,16,28,0,0,0
2022-08-08 06:45,68,20,48,0,0,0
2022-08-08 07:00,90,26,64,0,0,0
2022-08-08 07:15,85,22,63,0,0,0
2022-08-08 07:30,87,40,47,0,0,0
2022-08-08 07:45,145,47,98,0,0,0
2022-08-08 08:00,134,49,85,0,0,0
2022-08-08 08:15,91,37,54,0,0,0
2022-08-08 08:30,72,33,39,0,0,0
2022-08-08 08:45,116,48,68,0,0,0
2022-08-08 09:00,99,57,42,0,0,0
2022-08-08 09:15,75,43,32,0,0,0
2022-08-08 09:30,69,35,34,0,0,0
2022-08-08 09:45,75,47,28,0,0,0
2022-08-08 10:00,83,51,32,0,0,0
2022-08-08 10:15,70,25,45,0,0,0
2022-08-08 10:30,64,38,26,0,0,0
2022-08-08 10:45,75,35,40,0,0,0
2022-08-08 11:00,54,28,26,0,0,0
2022-08-08 11:15,71,33,38,0,0,0
2022-08-08 11:30,73,48,25,0,0,0
2022-08-08 11:45,81,48,33,0,0,0
2022-08-08 12:00,69,34,35,0,0,0
2022-08-08 12:15,89,43,46,0,0,0
2022-08-08 12:30,103,45,58,0,0,0
2022-08-08 12:45,81,43,38,0,0,0
2022-08-08 13:00,86,32,54,0,0,0
2022-08-08 13:15,89,43,46,0,0,0
2022-08-08 13:30,96,45,51,0,0,0
2022-08-08 13:45,93,45,48,0,0,0
2022-08-08 14:00,98,46,52,0,0,0
2022-08-08 14:15,109,56,53,0,0,0
2022-08-08 14:30,99,56,43,0,0,0
2022-08-08 14:45,90,44,46,0,0,0
2022-08-08 15:00,102,58,44,0,0,0
2022-08-08 15:15,109,61,48,0,0,0
2022-08-08 15:30,88,52,36,0,0,0
2022-08-08 15:45,98,61,37,0,0,0
2022-08-08 16:00,119,64,55,0,0,0
2022-08-08 16:15,131,74,57,0,0,0
2022-08-08 16:30,150,86,64,0,0,0
2022-08-08 16:45,170,102,68,0,0,0
2022-08-08 17:00,116,57,59,0,0,0
2022-08-08 17:15,130,53,77,0,0,0
2022-08-08 17:30,130,53,77,0,0,0
2022-08-08 17:45,123,64,59,0,0,0
2022-08-08 18:00,91,38,53,0,0,0
2022-08-08 18:15,109,32,77,0,0,0
2022-08-08 18:30,107,45,62,0,0,0
2022-08-08 18:45,98,43,55,0,0,0
2022-08-08 19:00,65,31,34,0,0,0
2022-08-08 19:15,72,19,53,0,0,0
2022-08-08 19:30,73,30,43,0,0,0
2022-08-08 19:45,85,34,51,0,0,0
2022-08-08 20:00,75,25,50,0,0,0
2022-08-08 20:15,62,22,40,0,0,0
2022-08-08 20:30,41,10,31,0,0,0
2022-08-08 20:45,59,22,37,0,0,0
2022-08-08 21:00,33,12,21,0,0,0
2022-08-08 21:15,52,31,21,0,0,0
2022-08-08 21:30,40,18,22,0,0,0
2022-08-08 21:45,42,20,22,0,0,0
2022-08-08 22:00,38,8,30,0,0,0
2022-08-08 22:15,40,19,21,0,0,0
2022-08-08 22:30,28,11,17,0,0,0
2022-08-08 22:45,30,9,21,0,0,0
2022-08-08 23:00,23,5,18,0,0,0
2022-08-08 23:15,9,1,8,0,0,0
2022-08-08 23:30,10,5,5,0,0,0
2022-08-08 23:45,12,5,7,0,0,0
2022-08-09 00:00,21,3,18,0,0,0
2022-08-09 00:15,24,7,17,0,0,0
2022-08-09 00:30,7,1,6,0,0,0
2022-08-09 00:45,5,1,4,0,0,0
2022-08-09 01:00,5,0,5,0,0,0
2022-08-09 01:15,5,2,3,0,0,0
2022-08-09 01:30,2,2,0,0,0,0
2022-08-09 01:45,7,3,4,0,0,0
2022-08-09 02:00,5,1,4,0,0,0
2022-08-09 02:15,5,2,3,0,0,0
2022-08-09 02:30,0,0,0,0,0,0
2022-08-09 02:45,0,0,0,0,0,0
2022-08-09 03:00,0,0,0,0,0,0
2022-08-09 03:15,2,0,2,0,0,0
2022-08-09 03:30,5,0,5,0,0,0
2022-08-09 03:45,4,1,3,0,0,0
2022-08-09 04:00,3,0,3,0,0,0
2022-08-09 04:15,0,0,0,0,0,0
2022-08-09 04:30,3,0,3,0,0,0
2022-08-09 04:45,0,0,0,0,0,0
2022-08-09 05:00,0,0,0,0,0,0
2022-08-09 05:15,4,1,3,0,0,0
2022-08-09 05:30,7,2,5,0,0,0
2022-08-09 05:45,19,9,10,0,0,0
2022-08-09 06:00,17,8,9,0,0,0
2022-08-09 06:15,30,7,23,0,0,0
2022-08-09 06:30,38,15,23,0,0,0
2022-08-09 06:45,68,19,49,0,0,0
2022-08-09 07:00,87,35,52,0,0,0
2022-08-09 07:15,108,28,80,0,0,0
2022-08-09 07:30,118,44,74,0,0,0
2022-08-09 07:45,156,59,97,0,0,0
2022-08-09 08:00,126,52,74,0,0,0
2022-08-09 08:15,138,68,70,0,0,0
2022-08-09 08:30,119,53,66,0,0,0
2022-08-09 08:45,155,69,86,0,0,0
2022-08-09 09:00,102,61,41,0,0,0
2022-08-09 09:15,95,50,45,0,0,0
2022-08-09 09:30,91,49,42,0,0,0
2022-08-09 09:45,92,57,35,0,0,0
2022-08-09 10:00,77,43,34,0,0,0
2022-08-09 10:15,70,32,38,0,0,0
2022-08-09 10:30,83,49,34,0,0,0
2022-08-09 10:45,81,44,37,0,0,0
2022-08-09 11:00,77,40,37,0,0,0
2022-08-09 11:15,60,34,26,0,0,0
2022-08-09 11:30,97,56,41,0,0,0
2022-08-09 11:45,83,38,45,0,0,0
2022-08-09 12:00,98,51,47,0,0,0
2022-08-09 12:15,118,47,71,0,0,0
2022-08-09 12:30,100,52,48,0,0,0
2022-08-09 12:45,94,44,50,0,0,0
2022-08-09 13:00,99,50,49,0,0,0
2022-08-09 13:15,107,37,70,0,0,0
2022-08-09 13:30,112,42,70,0,0,0
2022-08-09 13:45,110,56,54,0,0,0
2022-08-09 14:00,86,41,45,0,0,0
2022-08-09 14:15,98,58,40,0,0,0
2022-08-09 14:30,123,66,57,0,0,0
2022-08-09 14:45,145,78,67,0,0,0
2022-08-09 15:00,100,51,49,0,0,0
2022-08-09 15:15,111,57,54,0,0,0
2022-08-09 15:30,146,90,56,0,0,0
2022-08-09 15:45,151,90,61,0,0,0
2022-08-09 16:00,133,72,61,0,0,0
2022-08-09 16:15,149,78,71,0,0,0
2022-08-09 16:30,136,86,50,0,0,0
2022-08-09 16:45,147,80,67,0,0,0
2022-08-09 17:00,151,78,73,0,0,0
2022-08-09 17:15,153,69,84,0,0,0
2022-08-09 17:30,144,64,80,0,0,0
2022-08-09 17:45,140,53,87,0,0,0
2022-08-09 18:00,118,43,75,0,0,0
2022-08-09 18:15,118,43,75,0,0,0
2022-08-09 18:30,105,44,61,0,0,0
2022-08-09 18:45,95,45,50,0,0,0
2022-08-09 19:00,95,52,43,0,0,0
2022-08-09 19:15,79,38,41,0,0,0
2022-08-09 19:30,78,30,48,0,0,0
2022-08-09 19:45,70,36,34,0,0,0
2022-08-09 20:00,65,31,34,0,0,0
2022-08-09 20:15,70,25,45,0,0,0
2022-08-09 20:30,47,18,29,0,0,0
2022-08-09 20:45,40,17,23,0,0,0
2022-08-09 21:00,60,28,32,0,0,0
2022-08-09 21:15,43,18,25,0,0,0
2022-08-09 21:30,68,26,42,0,0,0
2022-08-09 21:45,40,10,30,0,0,0
2022-08-09 22:00,40,11,29,0,0,0
2022-08-09 22:15,24,6,18,0,0,0
2022-08-09 22:30,23,10,13,0,0,0
2022-08-09 22:45,14,4,10,0,0,0
2022-08-09 23:00,24,7,17,0,0,0
2022-08-09 23:15,21,6,15,0,0,0
2022-08-09 23:30,46,8,38,0,0,0
2022-08-09 23:45,53,3,50,0,0,0
2022-08-10 00:00,8,0,8,0,0,0
2022-08-10 00:15,6,0,6,0,0,0
2022-08-10 00:30,4,0,4,0,0,0
2022-08-10 00:45,2,0,2,0,0,0
2022-08-10 01:00,4,0,4,0,0,0
2022-08-10 01:15,1,0,1,0,0,0
2022-08-10 01:30,1,0,1,0,0,0
2022-08-10 01:45,3,2,1,0,0,0
2022-08-10 02:00,3,1,2,0,0,0
2022-08-10 02:15,1,1,0,0,0,0
2022-08-10 02:30,1,1,0,0,0,0
2022-08-10 02:45,1,0,1,0,0,0
2022-08-10 03:00,0,0,0,0,0,0
2022-08-10 03:15,2,0,2,0,0,0
2022-08-10 03:30,0,0,0,0,0,0
2022-08-10 03:45,0,0,0,0,0,0
2022-08-10 04:00,1,0,1,0,0,0
2022-08-10 04:15,0,0,0,0,0,0
2022-08-10 04:30,0,0,0,0,0,0
2022-08-10 04:45,1,1,0,0,0,0
2022-08-10 05:00,3,1,2,0,0,0
2022-08-10 05:15,9,7,2,0,0,0
2022-08-10 05:30,10,3,7,0,0,0
2022-08-10 05:45,22,5,17,0,0,0
2022-08-10 06:00,16,7,9,0,0,0
2022-08-10 06:15,16,4,12,0,0,0
2022-08-10 06:30,47,19,28,0,0,0
2022-08-10 06:45,76,27,49,0,0,0
2022-08-10 07:00,94,33,61,0,0,0
2022-08-10 07:15,156,84,72,0,0,0
2022-08-10 07:30,279,188,91,0,0,0
2022-08-10 07:45,166,68,98,0,0,0
2022-08-10 08:00,129,55,74,0,0,0
2022-08-10 08:15,125,56,69,0,0,0
2022-08-10 08:30,166,86,80,0,0,0
2022-08-10 08:45,180,90,90,0,0,0
2022-08-10 09:00,95,53,42,0,0,0
2022-08-10 09:15,116,65,51,0,0,0
2022-08-10 09:30,136,97,39,0,0,0
2022-08-10 09:45,144,106,38,0,0,0
2022-08-10 10:00,83,57,26,0,0,0
2022-08-10 10:15,110,59,51,0,0,0
2022-08-10 10:30,90,45,45,0,0,0
2022-08-10 10:45,115,56,59,0,0,0
2022-08-10 11:00,121,65,56,0,0,0
2022-08-10 11:15,98,53,45,0,0,0
2022-08-10 11:30,110,43,67,0,0,0
2022-08-10 11:45,110,62,48,0,0,0
2022-08-10 12:00,153,80,73,0,0,0
2022-08-10 12:15,114,47,67,0,0,0
2022-08-10 12:30,142,47,95,0,0,0
2022-08-10 12:45,148,58,90,0,0,0
2022-08-10 13:00,195,53,142,0,0,0
2022-08-10 13:15,165,37,128,0,0,0
2022-08-10 13:30,102,30,72,0,0,0
2022-08-10 13:45,127,62,65,0,0,0
2022-08-10 14:00,110,39,71,0,0,0
2022-08-10 14:15,138,62,76,0,0,0
2022-08-10 14:30,114,43,71,0,0,0
2022-08-10 14:45,110,56,54,0,0,0
2022-08-10 15:00,121,63,58,0,0,0
2022-08-10 15:15,141,67,74,0,0,0
2022-08-10 15:30,108,66,42,0,0,0
2022-08-10 15:45,155,101,54,0,0,0
2022-08-10 16:00,126,78,48,0,0,0
2022-08-10 16:15,141,77,64,0,0,0
2022-08-10 16:30,124,63,61,0,0,0
2022-08-10 16:45,153,80,73,0,0,0
2022-08-10 17:00,120,59,61,0,0,0
2022-08-10 17:15,117,59,58,0,0,0
2022-08-10 17:30,148,78,70,0,0,0
2022-08-10 17:45,153,65,88,0,0,0
2022-08-10 18:00,140,70,70,0,0,0
2022-08-10 18:15,115,50,65,0,0,0
2022-08-10 18:30,92,43,49,0,0,0
2022-08-10 18:45,93,48,45,0,0,0
2022-08-10 19:00,72,26,46,0,0,0
2022-08-10 19:15,85,38,47,0,0,0
2022-08-10 19:30,70,27,43,0,0,0
2022-08-10 19:45,84,31,53,0,0,0
2022-08-10 20:00,79,24,55,0,0,0
2022-08-10 20:15,68,29,39,0,0,0
2022-08-10 20:30,63,29,34,0,0,0
2022-08-10 20:45,47,17,30,0,0,0
2022-08-10 21:00,59,24,35,0,0,0
2022-08-10 21:15,52,24,28,0,0,0
2022-08-10 21:30,47,17,30,0,0,0
2022-08-10 21:45,43,13,30,0,0,0
2022-08-10 22:00,57,12,45,0,0,0
2022-08-10 22:15,51,7,44,0,0,0
2022-08-10 22:30,27,5,22,0,0,0
2022-08-10 22:45,36,6,30,0,0,0
2022-08-10 23:00,32,8,24,0,0,0
2022-08-10 23:15,35,13,22,0,0,0
2022-08-10 23:30,22,2,20,0,0,0
2022-08-10 23:45,26,7,19,0,0,0
2022-08-11 00:00,35,3,32,0,0,0
2022-08-11 00:15,13,2,11,0,0,0
2022-08-11 00:30,8,1,7,0,0,0
2022-08-11 00:45,10,2,8,0,0,0
2022-08-11 01:00,1,1,0,0,0,0
2022-08-11 01:15,5,1,4,0,0,0
2022-08-11 01:30,5,0,5,0,0,0
2022-08-11 01:45,2,1,1,0,0,0
2022-08-11 02:00,2,0,2,0,0,0
2022-08-11 02:15,6,0,6,0,0,0
2022-08-11 02:30,4,2,2,0,0,0
2022-08-11 02:45,3,1,2,0,0,0
2022-08-11 03:00,2,0,2,0,0,0
2022-08-11 03:15,1,0,1,0,0,0
2022-08-11 03:30,4,0,4,0,0,0
2022-08-11 03:45,4,0,4,0,0,0
2022-08-11 04:00,2,0,2,0,0,0
2022-08-11 04:15,5,0,5,0,0,0
2022-08-11 04:30,2,0,2,0,0,0
2022-08-11 04:45,4,2,2,0,0,0
2022-08-11 05:00,2,1,1,0,0,0
2022-08-11 05:15,4,4,0,0,0,0
2022-08-11 05:30,12,3,9,0,0,0
2022-08-11 05:45,21,10,11,0,0,0
2022-08-11 06:00,10,3,7,0,0,0
2022-08-11 06:15,23,7,16,0,0,0
2022-08-11 06:30,46,19,27,0,0,0
2022-08-11 06:45,71,25,46,0,0,0
2022-08-11 07:00,79,27,52,0,0,0
2022-08-11 07:15,155,70,85,0,0,0
2022-08-11 07:30,274,205,69,0,0,0
2022-08-11 07:45,178,67,111,0,0,0
2022-08-11 08:00,139,50,89,0,0,0
2022-08-11 08:15,117,50,67,0,0,0
2022-08-11 08:30,146,75,71,0,0,0
2022-08-11 08:45,144,55,89,0,0,0
2022-08-11 09:00,106,56,50,0,0,0
2022-08-11 09:15,85,40,45,0,0,0
2022-08-11 09:30,88,47,41,0,0,0
2022-08-11 09:45,67,38,29,0,0,0
2022-08-11 10:00,59,37,22,0,0,0
2022-08-11 10:15,64,43,21,0,0,0
2022-08-11 10:30,85,40,45,0,0,0
2022-08-11 10:45,89,45,44,0,0,0
2022-08-11 11:00,89,49,40,0,0,0
2022-08-11 11:15,93,49,44,0,0,0
2022-08-11 11:30,85,36,49,0,0,0
2022-08-11 11:45,86,46,40,0,0,0
2022-08-11 12:00,80,47,33,0,0,0
2022-08-11 12:15,82,40,42,0,0,0
2022-08-11 12:30,90,38,52,0,0,0
2022-08-11 12:45,81,42,39,0,0,0
2022-08-11 13:00,171,37,134,0,0,0
2022-08-11 13:15,148,44,104,0,0,0
2022-08-11 13:30,98,44,54,0,0,0
2022-08-11 13:45,87,37,50,0,0,0
2022-08-11 14:00,123,44,79,0,0,0
2022-08-11 14:15,109,48,61,0,0,0
2022-08-11 14:30,103,49,54,0,0,0
2022-08-11 14:45,124,59,65,0,0,0
2022-08-11 15:00,117,48,69,0,0,0
2022-08-11 15:15,125,61,64,0,0,0
2022-08-11 15:30,109,53,56,0,0,0
2022-08-11 15:45,134,68,66,0,0,0
2022-08-11 16:00,152,91,61,0,0,0
2022-08-11 16:15,136,82,54,0,0,0
2022-08-11 16:30,117,65,52,0,0,0
2022-08-11 16:45,125,65,60,0,0,0
2022-08-11 17:00,112,59,53,0,0,0
2022-08-11 17:15,131,69,62,0,0,0
2022-08-11 17:30,100,54,46,0,0,0
2022-08-11 17:45,134,54,80,0,0,0
2022-08-11 18:00,111,46,65,0,0,0
2022-08-11 18:15,101,47,54,0,0,0
2022-08-11 18:30,97,43,54,0,0,0
2022-08-11 18:45,112,45,67,0,0,0
2022-08-11 19:00,80,34,46,0,0,0
2022-08-11 19:15,77,36,41,0,0,0
2022-08-11 19:30,74,31,43,0,0,0
2022-08-11 19:45,54,25,29,0,0,0
2022-08-11 20:00,63,27,36,0,0,0
2022-08-11 20:15,52,22,30,0,0,0
2022-08-11 20:30,65,35,30,0,0,0
2022-08-11 20:45,49,24,25,0,0,0
2022-08-11 21:00,49,22,27,0,0,0
2022-08-11 21:15,49,20,29,0,0,0
2022-08-11 21:30,31,10,21,0,0,0
2022-08-11 21:45,38,17,21,0,0,0
2022-08-11 22:00,46,25,21,0,0,0
2022-08-11 22:15,42,10,32,0,0,0
2022-08-11 22:30,48,7,41,0,0,0
2022-08-11 22:45,32,8,24,0,0,0
2022-08-11 23:00,25,4,21,0,0,0
2022-08-11 23:15,36,5,31,0,0,0
2022-08-11 23:30,22,2,20,0,0,0
2022-08-11 23:45,46,3,43,0,0,0
2022-08-12 00:00,14,2,12,0,0,0
2022-08-12 00:15,20,3,17,0,0,0
2022-08-12 00:30,8,2,6,0,0,0
2022-08-12 00:45,3,1,2,0,0,0
2022-08-12 01:00,2,0,2,0,0,0
2022-08-12 01:15,4,1,3,0,0,0
2022-08-12 01:30,5,0,5,0,0,0
2022-08-12 01:45,2,0,2,0,0,0
2022-08-12 02:00,2,0,2,0,0,0
2022-08-12 02:15,2,0,2,0,0,0
2022-08-12 02:30,0,0,0,0,0,0
2022-08-12 02:45,2,2,0,0,0,0
2022-08-12 03:00,2,0,2,0,0,0
2022-08-12 03:15,3,1,2,0,0,0
2022-08-12 03:30,1,0,1,0,0,0
2022-08-12 03:45,2,1,1,0,0,0
2022-08-12 04:00,0,0,0,0,0,0
2022-08-12 04:15,0,0,0,0,0,0
2022-08-12 04:30,0,0,0,0,0,0
2022-08-12 04:45,3,2,1,0,0,0
2022-08-12 05:00,0,0,0,0,0,0
2022-08-12 05:15,5,3,2,0,0,0
2022-08-12 05:30,8,2,6,0,0,0
2022-08-12 05:45,17,8,9,0,0,0
2022-08-12 06:00,12,5,7,0,0,0
2022-08-12 06:15,14,3,11,0,0,0
2022-08-12 06:30,39,10,29,0,0,0
2022-08-12 06:45,58,14,44,0,0,0
2022-08-12 07:00,59,21,38,0,0,0
2022-08-12 07:15,131,64,67,0,0,0
2022-08-12 07:30,269,213,56,0,0,0
2022-08-12 07:45,172,69,103,0,0,0
2022-08-12 08:00,101,43,58,0,0,0
2022-08-12 08:15,126,66,60,0,0,0
2022-08-12 08:30,108,57,51,0,0,0
2022-08-12 08:45,131,77,54,0,0,0
2022-08-12 09:00,84,42,42,0,0,0
2022-08-12 09:15,81,45,36,0,0,0
2022-08-12 09:30,78,47,31,0,0,0
2022-08-12 09:45,95,47,48,0,0,0
2022-08-12 10:00,74,37,37,0,0,0
2022-08-12 10:15,73,41,32,0,0,0
2022-08-12 10:30,59,33,26,0,0,0
2022-08-12 10:45,61,39,22,0,0,0
2022-08-12 11:00,56,31,25,0,0,0
2022-08-12 11:15,81,37,44,0,0,0
2022-08-12 11:30,97,53,44,0,0,0
2022-08-12 11:45,91,57,34,0,0,0
2022-08-12 12:00,85,42,43,0,0,0
2022-08-12 12:15,116,45,71,0,0,0
2022-08-12 12:30,97,24,73,0,0,0
2022-08-12 12:45,92,32,60,0,0,0
2022-08-12 13:00,145,41,104,0,0,0
2022-08-12 13:15,131,36,95,0,0,0
2022-08-12 13:30,105,34,71,0,0,0
2022-08-12 13:45,118,56,62,0,0,0
2022-08-12 14:00,135,45,90,0,0,0
2022-08-12 14:15,96,39,57,0,0,0
2022-08-12 14:30,123,69,54,0,0,0
2022-08-12 14:45,106,47,59,0,0,0
2022-08-12 15:00,104,46,58,0,0,0
2022-08-12 15:15,113,70,43,0,0,0
2022-08-12 15:30,116,62,54,0,0,0
2022-08-12 15:45,95,55,40,0,0,0
2022-08-12 16:00,88,48,40,0,0,0
2022-08-12 16:15,107,51,56,0,0,0
2022-08-12 16:30,101,47,54,0,0,0
2022-08-12 16:45,114,70,44,0,0,0
2022-08-12 17:00,86,50,36,0,0,0
2022-08-12 17:15,91,47,44,0,0,0
2022-08-12 17:30,66,28,38,0,0,0
2022-08-12 17:45,98,53,45,0,0,0
2022-08-12 18:00,88,32,56,0,0,0
2022-08-12 18:15,115,62,53,0,0,0
2022-08-12 18:30,72,46,26,0,0,0
2022-08-12 18:45,65,33,32,0,0,0
2022-08-12 19:00,71,38,33,0,0,0
2022-08-12 19:15,60,33,27,0,0,0
2022-08-12 19:30,77,40,37,0,0,0
2022-08-12 19:45,96,61,35,0,0,0
2022-08-12 20:00,70,37,33,0,0,0
2022-08-12 20:15,55,30,25,0,0,0
2022-08-12 20:30,51,25,26,0,0,0
2022-08-12 20:45,49,20,29,0,0,0
2022-08-12 21:00,47,19,28,0,0,0
2022-08-12 21:15,48,30,18,0,0,0
2022-08-12 21:30,34,15,19,0,0,0
2022-08-12 21:45,39,20,19,0,0,0
2022-08-12 22:00,23,6,17,0,0,0
2022-08-12 22:15,30,14,16,0,0,0
2022-08-12 22:30,59,17,42,0,0,0
2022-08-12 22:45,38,6,32,0,0,0
2022-08-12 23:00,22,3,19,0,0,0
2022-08-12 23:15,37,6,31,0,0,0
2022-08-12 23:30,32,2,30,0,0,0
2022-08-12 23:45,31,2,29,0,0,0
2022-08-13 00:00,54,2,52,0,0,0
2022-08-13 00:15,31,2,29,0,0,0
2022-08-13 00:30,12,2,10,0,0,0
2022-08-13 00:45,20,1,19,0,0,0
2022-08-13 01:00,21,5,16,0,0,0
2022-08-13 01:15,18,6,12,0,0,0
2022-08-13 01:30,3,0,3,0,0,0
2022-08-13 01:45,4,1,3,0,0,0
2022-08-13 02:00,8,0,8,0,0,0
2022-08-13 02:15,10,1,9,0,0,0
2022-08-13 02:30,13,0,13,0,0,0
2022-08-13 02:45,3,0,3,0,0,0
2022-08-13 03:00,12,2,10,0,0,0
2022-08-13 03:15,8,1,7,0,0,0
2022-08-13 03:30,2,0,2,0,0,0
2022-08-13 03:45,6,0,6,0,0,0
2022-08-13 04:00,2,1,1,0,0,0
2022-08-13 04:15,3,1,2,0,0,0
2022-08-13 04:30,2,1,1,0,0,0
2022-08-13 04:45,4,2,2,0,0,0
2022-08-13 05:00,6,0,6,0,0,0
2022-08-13 05:15,3,0,3,0,0,0
2022-08-13 05:30,12,3,9,0,0,0
2022-08-13 05:45,8,2,6,0,0,0
2022-08-13 06:00,6,3,3,0,0,0
2022-08-13 06:15,12,5,7,0,0,0
2022-08-13 06:30,6,4,2,0,0,0
2022-08-13 06:45,9,8,1,0,0,0
2022-08-13 07:00,15,9,6,0,0,0
2022-08-13 07:15,10,7,3,0,0,0
2022-08-13 07:30,18,13,5,0,0,0
2022-08-13 07:45,18,4,14,0,0,0
2022-08-13 08:00,47,30,17,0,0,0
2022-08-13 08:15,35,19,16,0,0,0
2022-08-13 08:30,54,36,18,0,0,0
2022-08-13 08:45,58,34,24,0,0,0
2022-08-13 09:00,68,52,16,0,0,0
2022-08-13 09:15,59,42,17,0,0,0
2022-08-13 09:30,77,37,40,0,0,0
2022-08-13 09:45,71,56,15,0,0,0
2022-08-13 10:00,86,50,36,0,0,0
2022-08-13 10:15,92,67,25,0,0,0
2022-08-13 10:30,76,47,29,0,0,0
2022-08-13 10:45,95,58,37,0,0,0
2022-08-13 11:00,80,38,42,0,0,0
2022-08-13 11:15,77,38,39,0,0,0
2022-08-13 11:30,82,30,52,0,0,0
2022-08-13 11:45,81,38,43,0,0,0
2022-08-13 12:00,92,44,48,0,0,0
2022-08-13 12:15,99,38,61,0,0,0
2022-08-13 12:30,86,40,46,0,0,0
2022-08-13 12:45,81,47,34,0,0,0
2022-08-13 13:00,60,17,43,0,0,0
2022-08-13 13:15,98,42,56,0,0,0
2022-08-13 13:30,85,33,52,0,0,0
2022-08-13 13:45,112,42,70,0,0,0
2022-08-13 14:00,75,29,46,0,0,0
2022-08-13 14:15,56,23,33,0,0,0
2022-08-13 14:30,72,21,51,0,0,0
2022-08-13 14:45,81,28,53,0,0,0
2022-08-13 15:00,72,38,34,0,0,0
2022-08-13 15:15,60,31,29,0,0,0
2022-08-13 15:30,93,52,41,0,0,0
2022-08-13 15:45,48,18,30,0,0,0
2022-08-13 16:00,62,30,32,0,0,0
2022-08-13 16:15,45,23,22,0,0,0
2022-08-13 16:30,67,26,41,0,0,0
2022-08-13 16:45,77,38,39,0,0,0
2022-08-13 17:00,67,22,45,0,0,0
2022-08-13 17:15,53,18,35,0,0,0
2022-08-13 17:30,79,33,46,0,0,0
2022-08-13 17:45,75,32,43,0,0,0
2022-08-13 18:00,57,23,34,0,0,0
2022-08-13 18:15,51,17,34,0,0,0
2022-08-13 18:30,58,21,37,0,0,0
2022-08-13 18:45,68,30,38,0,0,0
2022-08-13 19:00,50,20,30,0,0,0
2022-08-13 19:15,52,27,25,0,0,0
2022-08-13 19:30,42,15,27,0,0,0
2022-08-13 19:45,61,24,37,0,0,0
2022-08-13 20:00,54,27,27,0,0,0
2022-08-13 20:15,32,18,14,0,0,0
2022-08-13 20:30,45,22,23,0,0,0
2022-08-13 20:45,23,12,11,0,0,0
2022-08-13 21:00,40,21,19,0,0,0
2022-08-13 21:15,23,13,10,0,0,0
2022-08-13 21:30,34,7,27,0,0,0
2022-08-13 21:45,22,17,5,0,0,0
2022-08-13 22:00,29,8,21,0,0,0
2022-08-13 22:15,30,14,16,0,0,0
2022-08-13 22:30,29,13,16,0,0,0
2022-08-13 22:45,25,9,16,0,0,0
2022-08-13 23:00,21,0,21,0,0,0
2022-08-13 23:15,26,7,19,0,0,0
2022-08-13 23:30,28,7,21,0,0,0
2022-08-13 23:45,48,4,44,0,0,0
2022-08-14 00:00,19,4,15,0,0,0
2022-08-14 00:15,16,1,15,0,0,0
2022-08-14 00:30,19,4,15,0,0,0
2022-08-14 00:45,24,10,14,0,0,0
2022-08-14 01:00,22,14,8,0,0,0
2022-08-14 01:15,13,5,8,0,0,0
2022-08-14 01:30,12,3,9,0,0,0
2022-08-14 01:45,15,4,11,0,0,0
2022-08-14 02:00,18,3,15,0,0,0
2022-08-14 02:15,14,6,8,0,0,0
2022-08-14 02:30,14,1,13,0,0,0
2022-08-14 02:45,25,8,17,0,0,0
2022-08-14 03:00,10,5,5,0,0,0
2022-08-14 03:15,6,1,5,0,0,0
2022-08-14 03:30,8,4,4,0,0,0
2022-08-14 03:45,1,0,1,0,0,0
2022-08-14 04:00,9,3,6,0,0,0
2022-08-14 04:15,4,1,3,0,0,0
2022-08-14 04:30,7,1,6,0,0,0
2022-08-14 04:45,6,3,3,0,0,0
2022-08-14 05:00,4,0,4,0,0,0
2022-08-14 05:15,5,0,5,0,0,0
2022-08-14 05:30,5,1,4,0,0,0
2022-08-14 05:45,8,2,6,0,0,0
2022-08-14 06:00,4,2,2,0,0,0
2022-08-14 06:15,7,1,6,0,0,0
2022-08-14 06:30,10,8,2,0,0,0
2022-08-14 06:45,9,3,6,0,0,0
2022-08-14 07:00,3,2,1,0,0,0
2022-08-14 07:15,10,5,5,0,0,0
2022-08-14 07:30,12,2,10,0,0,0
2022-08-14 07:45,12,5,7,0,0,0
2022-08-14 08:00,18,8,10,0,0,0
2022-08-14 08:15,10,6,4,0,0,0
2022-08-14 08:30,20,8,12,0,0,0
2022-08-14 08:45,18,12,6,0,0,0
2022-08-14 09:00,19,13,6,0,0,0
2022-08-14 09:15,25,13,12,0,0,0
2022-08-14 09:30,29,16,13,0,0,0
2022-08-14 09:45,44,33,11,0,0,0
2022-08-14 10:00,16,11,5,0,0,0
2022-08-14 10:15,27,12,15,0,0,0
2022-08-14 10:30,37,14,23,0,0,0
2022-08-14 10:45,45,33,12,0,0,0
2022-08-14 11:00,40,24,16,0,0,0
2022-08-14 11:15,32,19,13,0,0,0
2022-08-14 11:30,30,13,17,0,0,0
2022-08-14 11:45,47,22,25,0,0,0
2022-08-14 12:00,43,18,25,0,0,0
2022-08-14 12:15,51,29,22,0,0,0
2022-08-14 12:30,34,14,20,0,0,0
2022-08-14 12:45,40,16,24,0,0,0
2022-08-14 13:00,61,24,37,0,0,0
2022-08-14 13:15,29,15,14,0,0,0
2022-08-14 13:30,38,17,21,0,0,0
2022-08-14 13:45,58,24,34,0,0,0
2022-08-14 14:00,40,18,22,0,0,0
2022-08-14 14:15,39,19,20,0,0,0
2022-08-14 14:30,44,27,17,0,0,0
2022-08-14 14:45,64,27,37,0,0,0
2022-08-14 15:00,50,28,22,0,0,0
2022-08-14 15:15,40,13,27,0,0,0
2022-08-14 15:30,51,34,17,0,0,0
2022-08-14 15:45,55,31,24,0,0,0
2022-08-14 16:00,38,19,19,0,0,0
2022-08-14 16:15,38,15,23,0,0,0
2022-08-14 16:30,47,21,26,0,0,0
2022-08-14 16:45,41,20,21,0,0,0
2022-08-14 17:00,48,25,23,0,0,0
2022-08-14 17:15,45,17,28,0,0,0
2022-08-14 17:30,43,13,30,0,0,0
2022-08-14 17:45,45,21,24,0,0,0
2022-08-14 18:00,46,23,23,0,0,0
2022-08-14 18:15,51,16,35,0,0,0
2022-08-14 18:30,29,13,16,0,0,0
2022-08-14 18:45,59,31,28,0,0,0
2022-08-14 19:00,42,15,27,0,0,0
2022-08-14 19:15,44,21,23,0,0,0
2022-08-14 19:30,36,15,21,0,0,0
2022-08-14 19:45,30,19,11,0,0,0
2022-08-14 20:00,39,16,23,0,0,0
2022-08-14 20:15,27,14,13,0,0,0
2022-08-14 20:30,33,9,24,0,0,0
2022-08-14 20:45,24,4,20,0,0,0
2022-08-14 21:00,41,18,23,0,0,0
2022-08-14 21:15,25,7,18,0,0,0
2022-08-14 21:30,27,5,22,0,0,0
2022-08-14 21:45,25,4,21,0,0,0
2022-08-14 22:00,20,4,16,0,0,0
2022-08-14 22:15,16,5,11,0,0,0
2022-08-14 22:30,33,6,27,0,0,0
2022-08-14 22:45,3,0,3,0,0,0
2022-08-14 23:00,24,4,20,0,0,0
2022-08-14 23:15,34,2,32,0,0,0
2022-08-14 23:30,3,0,3,0,0,0
2022-08-14 23:45,3,0,3,0,0,0
2022-08-15 00:00,3,1,2,0,0,0
2022-08-15 00:15,2,0,2,0,0,0
2022-08-15 00:30,1,0,1,0,0,0
2022-08-15 00:45,2,0,2,0,0,0
2022-08-15 01:00,4,2,2,0,0,0
2022-08-15 01:15,2,2,0,0,0,0
2022-08-15 01:30,1,0,1,0,0,0
2022-08-15 01:45,1,0,1,0,0,0
2022-08-15 02:00,1,0,1,0,0,0
2022-08-15 02:15,1,1,0,0,0,0
2022-08-15 02:30,0,0,0,0,0,0
2022-08-15 02:45,0,0,0,0,0,0
2022-08-15 03:00,1,0,1,0,0,0
2022-08-15 03:15,0,0,0,0,0,0
2022-08-15 03:30,0,0,0,0,0,0
2022-08-15 03:45,2,1,1,0,0,0
2022-08-15 04:00,0,0,0,0,0,0
2022-08-15 04:15,1,0,1,0,0,0
2022-08-15 04:30,0,0,0,0,0,0
2022-08-15 04:45,1,1,0,0,0,0
2022-08-15 05:00,3,2,1,0,0,0
2022-08-15 05:15,5,3,2,0,0,0
2022-08-15 05:30,10,2,8,0,0,0
2022-08-15 05:45,17,8,9,0,0,0
2022-08-15 06:00,12,5,7,0,0,0
2022-08-15 06:15,31,10,21,0,0,0
2022-08-15 06:30,45,15,30,0,0,0
2022-08-15 06:45,70,18,52,0,0,0
2022-08-15 07:00,80,22,58,0,0,0
2022-08-15 07:15,109,54,55,0,0,0
2022-08-15 07:30,329,235,94,0,0,0
2022-08-15 07:45,187,78,109,0,0,0
2022-08-15 08:00,172,81,91,0,0,0
2022-08-15 08:15,143,65,78,0,0,0
2022-08-15 08:30,89,30,59,0,0,0
2022-08-15 08:45,143,59,84,0,0,0
2022-08-15 09:00,117,58,59,0,0,0
2022-08-15 09:15,71,36,35,0,0,0
2022-08-15 09:30,89,45,44,0,0,0
2022-08-15 09:45,83,37,46,0,0,0
2022-08-15 10:00,62,27,35,0,0,0
2022-08-15 10:15,49,23,26,0,0,0
2022-08-15 10:30,61,34,27,0,0,0
2022-08-15 10:45,75,32,43,0,0,0
2022-08-15 11:00,71,34,37,0,0,0
2022-08-15 11:15,94,47,47,0,0,0
2022-08-15 11:30,73,37,36,0,0,0
2022-08-15 11:45,88,50,38,0,0,0
2022-08-15 12:00,97,62,35,0,0,0
2022-08-15 12:15,120,55,65,0,0,0
2022-08-15 12:30,98,28,70,0,0,0
2022-08-15 12:45,97,46,51,0,0,0
2022-08-15 13:00,110,37,73,0,0,0
2022-08-15 13:15,118,42,76,0,0,0
2022-08-15 13:30,85,35,50,0,0,0
2022-08-15 13:45,115,65,50,0,0,0
2022-08-15 14:00,149,53,96,0,0,0
2022-08-15 14:15,100,51,49,0,0,0
2022-08-15 14:30,107,59,48,0,0,0
2022-08-15 14:45,136,60,76,0,0,0
2022-08-15 15:00,127,77,50,0,0,0
2022-08-15 15:15,115,68,47,0,0,0
2022-08-15 15:30,130,66,64,0,0,0
2022-08-15 15:45,163,75,88,0,0,0
2022-08-15 16:00,138,91,47,0,0,0
2022-08-15 16:15,140,79,61,0,0,0
2022-08-15 16:30,110,61,49,0,0,0
2022-08-15 16:45,163,83,80,0,0,0
2022-08-15 17:00,141,71,70,0,0,0
2022-08-15 17:15,140,56,84,0,0,0
2022-08-15 17:30,143,71,72,0,0,0
2022-08-15 17:45,139,66,73,0,0,0
2022-08-15 18:00,111,37,74,0,0,0
2022-08-15 18:15,125,41,84,0,0,0
2022-08-15 18:30,80,28,52,0,0,0
2022-08-15 18:45,93,43,50,0,0,0
2022-08-15 19:00,76,36,40,0,0,0
2022-08-15 19:15,64,24,40,0,0,0
2022-08-15 19:30,49,17,32,0,0,0
2022-08-15 19:45,60,21,39,0,0,0
2022-08-15 20:00,63,19,44,0,0,0
2022-08-15 20:15,68,17,51,0,0,0
2022-08-15 20:30,39,18,21,0,0,0
2022-08-15 20:45,44,8,36,0,0,0
2022-08-15 21:00,46,31,15,0,0,0
2022-08-15 21:15,33,8,25,0,0,0
2022-08-15 21:30,36,13,23,0,0,0
2022-08-15 21:45,37,7,30,0,0,0
2022-08-15 22:00,24,2,22,0,0,0
2022-08-15 22:15,27,3,24,0,0,0
2022-08-15 22:30,11,4,7,0,0,0
2022-08-15 22:45,6,2,4,0,0,0
2022-08-15 23:00,19,0,19,0,0,0
2022-08-15 23:15,8,3,5,0,0,0
2022-08-15 23:30,6,1,5,0,0,0
2022-08-15 23:45,8,4,4,0,0,0
2022-08-16 00:00,5,5,0,0,0,0
2022-08-16 00:15,5,3,2,0,0,0
2022-08-16 00:30,1,1,0,0,0,0
2022-08-16 00:45,6,0,6,0,0,0
2022-08-16 01:00,5,0,5,0,0,0
2022-08-16 01:15,1,0,1,0,0,0
2022-08-16 01:30,1,0,1,0,0,0
2022-08-16 01:45,0,0,0,0,0,0
2022-08-16 02:00,4,3,1,0,0,0
2022-08-16 02:15,0,0,0,0,0,0
2022-08-16 02:30,0,0,0,0,0,0
2022-08-16 02:45,0,0,0,0,0,0
2022-08-16 03:00,0,0,0,0,0,0
2022-08-16 03:15,0,0,0,0,0,0
2022-08-16 03:30,0,0,0,0,0,0
2022-08-16 03:45,1,0,1,0,0,0
2022-08-16 04:00,1,0,1,0,0,0
2022-08-16 04:15,0,0,0,0,0,0
2022-08-16 04:30,0,0,0,0,0,0
2022-08-16 04:45,2,0,2,0,0,0
2022-08-16 05:00,2,2,0,0,0,0
2022-08-16 05:15,3,3,0,0,0,0
2022-08-16 05:30,15,6,9,0,0,0
2022-08-16 05:45,15,6,9,0,0,0
2022-08-16 06:00,18,8,10,0,0,0
2022-08-16 06:15,28,8,20,0,0,0
2022-08-16 06:30,44,17,27,0,0,0
2022-08-16 06:45,62,16,46,0,0,0
2022-08-16 07:00,80,25,55,0,0,0
2022-08-16 07:15,136,65,71,0,0,0
2022-08-16 07:30,284,199,85,0,0,0
2022-08-16 07:45,186,80,106,0,0,0
2022-08-16 08:00,179,86,93,0,0,0
2022-08-16 08:15,161,67,94,0,0,0
2022-08-16 08:30,160,79,81,0,0,0
2022-08-16 08:45,134,52,82,0,0,0
2022-08-16 09:00,93,37,56,0,0,0
2022-08-16 09:15,88,45,43,0,0,0
2022-08-16 09:30,97,48,49,0,0,0
2022-08-16 09:45,115,66,49,0,0,0
2022-08-16 10:00,60,36,24,0,0,0
2022-08-16 10:15,57,39,18,0,0,0
2022-08-16 10:30,79,52,27,0,0,0
2022-08-16 10:45,67,31,36,0,0,0
2022-08-16 11:00,77,37,40,0,0,0
2022-08-16 11:15,100,60,40,0,0,0
2022-08-16 11:30,85,28,57,0,0,0
2022-08-16 11:45,77,33,44,0,0,0
2022-08-16 12:00,102,47,55,0,0,0
2022-08-16 12:15,71,33,38,0,0,0
2022-08-16 12:30,106,44,62,0,0,0
2022-08-16 12:45,118,51,67,0,0,0
2022-08-16 13:00,126,35,91,0,0,0
2022-08-16 13:15,130,43,87,0,0,0
2022-08-16 13:30,102,37,65,0,0,0
2022-08-16 13:45,110,54,56,0,0,0
2022-08-16 14:00,129,54,75,0,0,0
2022-08-16 14:15,93,48,45,0,0,0
2022-08-16 14:30,91,39,52,0,0,0
2022-08-16 14:45,151,71,80,0,0,0
2022-08-16 15:00,122,56,66,0,0,0
2022-08-16 15:15,135,86,49,0,0,0
2022-08-16 15:30,125,60,65,0,0,0
2022-08-16 15:45,163,81,82,0,0,0
2022-08-16 16:00,156,85,71,0,0,0
2022-08-16 16:15,165,93,72,0,0,0
2022-08-16 16:30,152,68,84,0,0,0
2022-08-16 16:45,144,64,80,0,0,0
2022-08-16 17:00,140,79,61,0,0,0
2022-08-16 17:15,104,47,57,0,0,0
2022-08-16 17:30,141,73,68,0,0,0
2022-08-16 17:45,111,44,67,0,0,0
2022-08-16 18:00,121,50,71,0,0,0
2022-08-16 18:15,104,36,68,0,0,0
2022-08-16 18:30,92,43,49,0,0,0
2022-08-16 18:45,88,36,52,0,0,0
2022-08-16 19:00,69,21,48,0,0,0
2022-08-16 19:15,94,46,48,0,0,0
2022-08-16 19:30,79,26,53,0,0,0
2022-08-16 19:45,77,35,42,0,0,0
2022-08-16 20:00,57,19,38,0,0,0
2022-08-16 20:15,50,11,39,0,0,0
2022-08-16 20:30,34,6,28,0,0,0
2022-08-16 20:45,42,12,30,0,0,0
2022-08-16 21:00,52,19,33,0,0,0
2022-08-16 21:15,40,8,32,0,0,0
2022-08-16 21:30,40,13,27,0,0,0
2022-08-16 21:45,38,12,26,0,0,0
2022-08-16 22:00,34,8,26,0,0,0
2022-08-16 22:15,27,3,24,0,0,0
2022-08-16 22:30,21,7,14,0,0,0
2022-08-16 22:45,31,4,27,0,0,0
2022-08-16 23:00,15,4,11,0,0,0
2022-08-16 23:15,21,7,14,0,0,0
2022-08-16 23:30,16,10,6,0,0,0
2022-08-16 23:45,10,0,10,0,0,0
2022-08-17 00:00,11,6,5,0,0,0
2022-08-17 00:15,5,0,5,0,0,0
2022-08-17 00:30,2,2,0,0,0,0
2022-08-17 00:45,6,3,3,0,0,0
2022-08-17 01:00,0,0,0,0,0,0
2022-08-17 01:15,6,1,5,0,0,0
2022-08-17 01:30,2,0,2,0,0,0
2022-08-17 01:45,3,1,2,0,0,0
2022-08-17 02:00,1,0,1,0,0,0
2022-08-17 02:15,0,0,0,0,0,0
2022-08-17 02:30,1,1,0,0,0,0
2022-08-17 02:45,0,0,0,0,0,0
2022-08-17 03:00,1,1,0,0,0,0
2022-08-17 03:15,1,1,0,0,0,0
2022-08-17 03:30,1,0,1,0,0,0
2022-08-17 03:45,2,1,1,0,0,0
2022-08-17 04:00,0,0,0,0,0,0
2022-08-17 04:15,0,0,0,0,0,0
2022-08-17 04:30,2,0,2,0,0,0
2022-08-17 04:45,0,0,0,0,0,0
2022-08-17 05:00,4,2,2,0,0,0
2022-08-17 05:15,4,4,0,0,0,0
2022-08-17 05:30,9,6,3,0,0,0
2022-08-17 05:45,14,7,7,0,0,0
2022-08-17 06:00,16,7,9,0,0,0
2022-08-17 06:15,22,6,16,0,0,0
2022-08-17 06:30,49,17,32,0,0,0
2022-08-17 06:45,50,13,37,0,0,0
2022-08-17 07:00,69,22,47,0,0,0
2022-08-17 07:15,140,76,64,0,0,0
2022-08-17 07:30,288,201,87,0,0,0
2022-08-17 07:45,165,57,108,0,0,0
2022-08-17 08:00,147,58,89,0,0,0
2022-08-17 08:15,141,57,84,0,0,0
2022-08-17 08:30,124,57,67,0,0,0
2022-08-17 08:45,154,65,89,0,0,0
2022-08-17 09:00,103,49,54,0,0,0
2022-08-17 09:15,97,63,34,0,0,0
2022-08-17 09:30,110,56,54,0,0,0
2022-08-17 09:45,132,61,71,0,0,0
2022-08-17 10:00,86,55,31,0,0,0
2022-08-17 10:15,86,49,37,0,0,0
2022-08-17 10:30,86,56,30,0,0,0
2022-08-17 10:45,98,53,45,0,0,0
2022-08-17 11:00,112,49,63,0,0,0
2022-08-17 11:15,100,40,60,0,0,0
2022-08-17 11:30,99,42,57,0,0,0
2022-08-17 11:45,101,50,51,0,0,0
2022-08-17 12:00,105,48,57,0,0,0
2022-08-17 12:15,113,46,67,0,0,0
2022-08-17 12:30,114,44,70,0,0,0
2022-08-17 12:45,124,58,66,0,0,0
2022-08-17 13:00,161,51,110,0,0,0
2022-08-17 13:15,113,37,76,0,0,0
2022-08-17 13:30,122,56,66,0,0,0
2022-08-17 13:45,140,67,73,0,0,0
2022-08-17 14:00,141,50,91,0,0,0
2022-08-17 14:15,138,57,81,0,0,0
2022-08-17 14:30,111,46,65,0,0,0
2022-08-17 14:45,107,40,67,0,0,0
2022-08-17 15:00,118,52,66,0,0,0
2022-08-17 15:15,139,83,56,0,0,0
2022-08-17 15:30,159,53,106,0,0,0
2022-08-17 15:45,145,74,71,0,0,0
2022-08-17 16:00,127,73,54,0,0,0
2022-08-17 16:15,144,78,66,0,0,0
2022-08-17 16:30,112,59,53,0,0,0
2022-08-17 16:45,161,86,75,0,0,0
2022-08-17 17:00,100,47,53,0,0,0
2022-08-17 17:15,154,69,85,0,0,0
2022-08-17 17:30,101,44,57,0,0,0
2022-08-17 17:45,151,74,77,0,0,0
2022-08-17 18:00,121,45,76,0,0,0
2022-08-17 18:15,101,44,57,0,0,0
2022-08-17 18:30,80,33,47,0,0,0
2022-08-17 18:45,91,30,61,0,0,0
2022-08-17 19:00,65,29,36,0,0,0
2022-08-17 19:15,76,44,32,0,0,0
2022-08-17 19:30,57,28,29,0,0,0
2022-08-17 19:45,96,46,50,0,0,0
2022-08-17 20:00,51,18,33,0,0,0
2022-08-17 20:15,55,10,45,0,0,0
2022-08-17 20:30,45,20,25,0,0,0
2022-08-17 20:45,42,20,22,0,0,0
2022-08-17 21:00,44,10,34,0,0,0
2022-08-17 21:15,56,15,41,0,0,0
2022-08-17 21:30,39,16,23,0,0,0
2022-08-17 21:45,39,15,24,0,0,0
2022-08-17 22:00,29,12,17,0,0,0
2022-08-17 22:15,27,7,20,0,0,0
2022-08-17 22:30,29,7,22,0,0,0
2022-08-17 22:45,33,18,15,0,0,0
2022-08-17 23:00,27,6,21,0,0,0
2022-08-17 23:15,20,7,13,0,0,0
2022-08-17 23:30,16,6,10,0,0,0
2022-08-17 23:45,12,4,8,0,0,0
2022-08-18 00:00,15,3,12,0,0,0
2022-08-18 00:15,4,3,1,0,0,0
2022-08-18 00:30,10,0,10,0,0,0
2022-08-18 00:45,17,5,12,0,0,0
2022-08-18 01:00,8,2,6,0,0,0
2022-08-18 01:15,2,1,1,0,0,0
2022-08-18 01:30,11,0,11,0,0,0
2022-08-18 01:45,7,1,6,0,0,0
2022-08-18 02:00,7,0,7,0,0,0
2022-08-18 02:15,8,1,7,0,0,0
2022-08-18 02:30,9,0,9,0,0,0
2022-08-18 02:45,3,0,3,0,0,0
2022-08-18 03:00,3,0,3,0,0,0
2022-08-18 03:15,1,0,1,0,0,0
2022-08-18 03:30,8,0,8,0,0,0
2022-08-18 03:45,7,2,5,0,0,0
2022-08-18 04:00,3,0,3,0,0,0
2022-08-18 04:15,3,1,2,0,0,0
2022-08-18 04:30,3,0,3,0,0,0
2022-08-18 04:45,3,0,3,0,0,0
2022-08-18 05:00,0,0,0,0,0,0
2022-08-18 05:15,3,3,0,0,0,0
2022-08-18 05:30,12,3,9,0,0,0
2022-08-18 05:45,13,8,5,0,0,0
2022-08-18 06:00,13,8,5,0,0,0
2022-08-18 06:15,16,3,13,0,0,0
2022-08-18 06:30,46,16,30,0,0,0
2022-08-18 06:45,60,17,43,0,0,0
2022-08-18 07:00,65,22,43,0,0,0
2022-08-18 07:15,91,45,46,0,0,0
2022-08-18 07:30,317,244,73,0,0,0
2022-08-18 07:45,197,68,129,0,0,0
2022-08-18 08:00,157,72,85,0,0,0
2022-08-18 08:15,151,64,87,0,0,0
2022-08-18 08:30,129,70,59,0,0,0
2022-08-18 08:45,147,57,90,0,0,0
2022-08-18 09:00,102,39,63,0,0,0
2022-08-18 09:15,88,55,33,0,0,0
2022-08-18 09:30,91,41,50,0,0,0
2022-08-18 09:45,97,55,42,0,0,0
2022-08-18 10:00,65,35,30,0,0,0
2022-08-18 10:15,55,32,23,0,0,0
2022-08-18 10:30,75,42,33,0,0,0
2022-08-18 10:45,80,40,40,0,0,0
2022-08-18 11:00,87,53,34,0,0,0
2022-08-18 11:15,49,27,22,0,0,0
2022-08-18 11:30,79,41,38,0,0,0
2022-08-18 11:45,96,47,49,0,0,0
2022-08-18 12:00,83,28,55,0,0,0
2022-08-18 12:15,81,30,51,0,0,0
2022-08-18 12:30,75,38,37,0,0,0
2022-08-18 12:45,90,37,53,0,0,0
2022-08-18 13:00,139,44,95,0,0,0
2022-08-18 13:15,132,41,91,0,0,0
2022-08-18 13:30,93,44,49,0,0,0
2022-08-18 13:45,85,32,53,0,0,0
2022-08-18 14:00,121,62,59,0,0,0
2022-08-18 14:15,117,60,57,0,0,0
2022-08-18 14:30,94,41,53,0,0,0
2022-08-18 14:45,147,84,63,0,0,0
2022-08-18 15:00,112,51,61,0,0,0
2022-08-18 15:15,126,74,52,0,0,0
2022-08-18 15:30,141,63,78,0,0,0
2022-08-18 15:45,136,84,52,0,0,0
2022-08-18 16:00,140,71,69,0,0,0
2022-08-18 16:15,124,64,60,0,0,0
2022-08-18 16:30,151,77,74,0,0,0
2022-08-18 16:45,134,70,64,0,0,0
2022-08-18 17:00,145,63,82,0,0,0
2022-08-18 17:15,106,53,53,0,0,0
2022-08-18 17:30,133,58,75,0,0,0
2022-08-18 17:45,130,63,67,0,0,0
2022-08-18 18:00,142,60,82,0,0,0
2022-08-18 18:15,103,52,51,0,0,0
2022-08-18 18:30,93,43,50,0,0,0
2022-08-18 18:45,101,46,55,0,0,0
2022-08-18 19:00,88,39,49,0,0,0
2022-08-18 19:15,70,35,35,0,0,0
2022-08-18 19:30,71,32,39,0,0,0
2022-08-18 19:45,59,19,40,0,0,0
2022-08-18 20:00,65,21,44,0,0,0
2022-08-18 20:15,55,17,38,0,0,0
2022-08-18 20:30,49,20,29,0,0,0
2022-08-18 20:45,34,11,23,0,0,0
2022-08-18 21:00,38,13,25,0,0,0
2022-08-18 21:15,36,12,24,0,0,0
2022-08-18 21:30,45,12,33,0,0,0
2022-08-18 21:45,35,9,26,0,0,0
2022-08-18 22:00,48,12,36,0,0,0
2022-08-18 22:15,39,10,29,0,0,0
2022-08-18 22:30,33,10,23,0,0,0
2022-08-18 22:45,32,4,28,0,0,0
2022-08-18 23:00,16,6,10,0,0,0
2022-08-18 23:15,22,10,12,0,0,0
2022-08-18 23:30,12,6,6,0,0,0
2022-08-18 23:45,16,4,12,0,0,0
2022-08-19 00:00,12,1,11,0,0,0
2022-08-19 00:15,3,1,2,0,0,0
2022-08-19 00:30,2,0,2,0,0,0
2022-08-19 00:45,5,3,2,0,0,0
2022-08-19 01:00,6,2,4,0,0,0
2022-08-19 01:15,7,3,4,0,0,0
2022-08-19 01:30,3,0,3,0,0,0
2022-08-19 01:45,4,1,3,0,0,0
2022-08-19 02:00,1,1,0,0,0,0
2022-08-19 02:15,3,0,3,0,0,0
2022-08-19 02:30,2,0,2,0,0,0
2022-08-19 02:45,2,0,2,0,0,0
2022-08-19 03:00,2,0,2,0,0,0
2022-08-19 03:15,2,0,2,0,0,0
2022-08-19 03:30,1,0,1,0,0,0
2022-08-19 03:45,1,0,1,0,0,0
2022-08-19 04:00,0,0,0,0,0,0
2022-08-19 04:15,1,1,0,0,0,0
2022-08-19 04:30,0,0,0,0,0,0
2022-08-19 04:45,1,0,1,0,0,0
2022-08-19 05:00,0,0,0,0,0,0
2022-08-19 05:15,1,1,0,0,0,0
2022-08-19 05:30,16,4,12,0,0,0
2022-08-19 05:45,11,4,7,0,0,0
2022-08-19 06:00,8,4,4,0,0,0
2022-08-19 06:15,14,5,9,0,0,0
2022-08-19 06:30,38,9,29,0,0,0
2022-08-19 06:45,58,16,42,0,0,0
2022-08-19 07:00,61,18,43,0,0,0
2022-08-19 07:15,99,60,39,0,0,0
2022-08-19 07:30,314,248,66,0,0,0
2022-08-19 07:45,153,62,91,0,0,0
2022-08-19 08:00,130,38,92,0,0,0
2022-08-19 08:15,139,64,75,0,0,0
2022-08-19 08:30,113,44,69,0,0,0
2022-08-19 08:45,110,59,51,0,0,0
2022-08-19 09:00,80,38,42,0,0,0
2022-08-19 09:15,65,37,28,0,0,0
2022-08-19 09:30,79,51,28,0,0,0
2022-08-19 09:45,90,65,25,0,0,0
2022-08-19 10:00,61,40,21,0,0,0
2022-08-19 10:15,66,37,29,0,0,0
2022-08-19 10:30,73,32,41,0,0,0
2022-08-19 10:45,69,32,37,0,0,0
2022-08-19 11:00,84,46,38,0,0,0
2022-08-19 11:15,69,31,38,0,0,0
2022-08-19 11:30,78,36,42,0,0,0
2022-08-19 11:45,131,71,60,0,0,0
2022-08-19 12:00,104,47,57,0,0,0
2022-08-19 12:15,136,62,74,0,0,0
2022-08-19 12:30,110,70,40,0,0,0
2022-08-19 12:45,104,63,41,0,0,0
2022-08-19 13:00,150,42,108,0,0,0
2022-08-19 13:15,125,45,80,0,0,0
2022-08-19 13:30,101,46,55,0,0,0
2022-08-19 13:45,110,48,62,0,0,0
2022-08-19 14:00,153,45,108,0,0,0
2022-08-19 14:15,124,65,59,0,0,0
2022-08-19 14:30,103,51,52,0,0,0
2022-08-19 14:45,119,60,59,0,0,0
2022-08-19 15:00,114,54,60,0,0,0
2022-08-19 15:15,142,85,57,0,0,0
2022-08-19 15:30,95,43,52,0,0,0
2022-08-19 15:45,104,51,53,0,0,0
2022-08-19 16:00,118,55,63,0,0,0
2022-08-19 16:15,124,72,52,0,0,0
2022-08-19 16:30,124,68,56,0,0,0
2022-08-19 16:45,107,59,48,0,0,0
2022-08-19 17:00,108,50,58,0,0,0
2022-08-19 17:15,99,56,43,0,0,0
2022-08-19 17:30,109,48,61,0,0,0
2022-08-19 17:45,124,67,57,0,0,0
2022-08-19 18:00,101,50,51,0,0,0
2022-08-19 18:15,94,48,46,0,0,0
2022-08-19 18:30,87,35,52,0,0,0
2022-08-19 18:45,118,68,50,0,0,0
2022-08-19 19:00,89,44,45,0,0,0
2022-08-19 19:15,125,88,37,0,0,0
2022-08-19 19:30,79,43,36,0,0,0
2022-08-19 19:45,92,56,36,0,0,0
2022-08-19 20:00,95,61,34,0,0,0
2022-08-19 20:15,99,55,44,0,0,0
2022-08-19 20:30,61,35,26,0,0,0
2022-08-19 20:45,65,41,24,0,0,0
2022-08-19 21:00,60,34,26,0,0,0
2022-08-19 21:15,46,24,22,0,0,0
2022-08-19 21:30,39,20,19,0,0,0
2022-08-19 21:45,57,26,31,0,0,0
2022-08-19 22:00,33,11,22,0,0,0
2022-08-19 22:15,45,20,25,0,0,0
2022-08-19 22:30,23,3,20,0,0,0
2022-08-19 22:45,41,10,31,0,0,0
2022-08-19 23:00,28,1,27,0,0,0
2022-08-19 23:15,38,3,35,0,0,0
2022-08-19 23:30,30,4,26,0,0,0
2022-08-19 23:45,54,3,51,0,0,0
2022-08-20 00:00,75,3,72,0,0,0
2022-08-20 00:15,113,7,106,0,0,0
2022-08-20 00:30,83,11,72,0,0,0
2022-08-20 00:45,36,7,29,0,0,0
2022-08-20 01:00,26,4,22,0,0,0
2022-08-20 01:15,35,2,33,0,0,0
2022-08-20 01:30,15,0,15,0,0,0
2022-08-20 01:45,13,3,10,0,0,0
2022-08-20 02:00,19,1,18,0,0,0
2022-08-20 02:15,15,2,13,0,0,0
2022-08-20 02:30,8,1,7,0,0,0
2022-08-20 02:45,7,1,6,0,0,0
2022-08-20 03:00,8,0,8,0,0,0
2022-08-20 03:15,9,1,8,0,0,0
2022-08-20 03:30,6,0,6,0,0,0
2022-08-20 03:45,12,2,10,0,0,0
2022-08-20 04:00,6,0,6,0,0,0
2022-08-20 04:15,1,0,1,0,0,0
2022-08-20 04:30,4,0,4,0,0,0
2022-08-20 04:45,4,1,3,0,0,0
2022-08-20 05:00,2,0,2,0,0,0
2022-08-20 05:15,1,0,1,0,0,0
2022-08-20 05:30,10,3,7,0,0,0
2022-08-20 05:45,14,6,8,0,0,0
2022-08-20 06:00,6,0,6,0,0,0
2022-08-20 06:15,3,1,2,0,0,0
2022-08-20 06:30,8,5,3,0,0,0
2022-08-20 06:45,13,8,5,0,0,0
2022-08-20 07:00,13,12,1,0,0,0
2022-08-20 07:15,16,12,4,0,0,0
2022-08-20 07:30,18,7,11,0,0,0
2022-08-20 07:45,24,15,9,0,0,0
2022-08-20 08:00,17,12,5,0,0,0
2022-08-20 08:15,24,12,12,0,0,0
2022-08-20 08:30,28,19,9,0,0,0
2022-08-20 08:45,45,34,11,0,0,0
2022-08-20 09:00,40,30,10,0,0,0
2022-08-20 09:15,53,31,22,0,0,0
2022-08-20 09:30,28,16,12,0,0,0
2022-08-20 09:45,74,56,18,0,0,0
2022-08-20 10:00,63,43,20,0,0,0
2022-08-20 10:15,61,38,23,0,0,0
2022-08-20 10:30,75,50,25,0,0,0
2022-08-20 10:45,81,57,24,0,0,0
2022-08-20 11:00,64,30,34,0,0,0
2022-08-20 11:15,93,55,38,0,0,0
2022-08-20 11:30,84,51,33,0,0,0
2022-08-20 11:45,69,40,29,0,0,0
2022-08-20 12:00,95,57,38,0,0,0
2022-08-20 12:15,97,48,49,0,0,0
2022-08-20 12:30,72,36,36,0,0,0
2022-08-20 12:45,91,41,50,0,0,0
2022-08-20 13:00,98,37,61,0,0,0
2022-08-20 13:15,76,34,42,0,0,0
2022-08-20 13:30,117,61,56,0,0,0
2022-08-20 13:45,81,43,38,0,0,0
2022-08-20 14:00,93,44,49,0,0,0
2022-08-20 14:15,75,32,43,0,0,0
2022-08-20 14:30,90,29,61,0,0,0
2022-08-20 14:45,94,42,52,0,0,0
2022-08-20 15:00,86,34,52,0,0,0
2022-08-20 15:15,88,29,59,0,0,0
2022-08-20 15:30,73,41,32,0,0,0
2022-08-20 15:45,89,30,59,0,0,0
2022-08-20 16:00,94,24,70,0,0,0
2022-08-20 16:15,91,31,60,0,0,0
2022-08-20 16:30,90,34,56,0,0,0
2022-08-20 16:45,82,44,38,0,0,0
2022-08-20 17:00,116,56,60,0,0,0
2022-08-20 17:15,90,47,43,0,0,0
2022-08-20 17:30,75,39,36,0,0,0
2022-08-20 17:45,93,48,45,0,0,0
2022-08-20 18:00,89,39,50,0,0,0
2022-08-20 18:15,85,48,37,0,0,0
2022-08-20 18:30,83,45,38,0,0,0
2022-08-20 18:45,86,46,40,0,0,0
2022-08-20 19:00,62,27,35,0,0,0
2022-08-20 19:15,79,37,42,0,0,0
2022-08-20 19:30,94,61,33,0,0,0
2022-08-20 19:45,72,39,33,0,0,0
2022-08-20 20:00,97,55,42,0,0,0
2022-08-20 20:15,66,40,26,0,0,0
2022-08-20 20:30,57,24,33,0,0,0
2022-08-20 20:45,36,16,20,0,0,0
2022-08-20 21:00,72,23,49,0,0,0
2022-08-20 21:15,38,17,21,0,0,0
2022-08-20 21:30,52,22,30,0,0,0
2022-08-20 21:45,32,5,27,0,0,0
2022-08-20 22:00,53,15,38,0,0,0
2022-08-20 22:15,55,10,45,0,0,0
2022-08-20 22:30,43,11,32,0,0,0
2022-08-20 22:45,44,8,36,0,0,0
2022-08-20 23:00,54,11,43,0,0,0
2022-08-20 23:15,27,5,22,0,0,0
2022-08-20 23:30,41,13,28,0,0,0
2022-08-20 23:45,32,5,27,0,0,0
2022-08-21 00:00,78,7,71,0,0,0
2022-08-21 00:15,59,3,56,0,0,0
2022-08-21 00:30,36,3,33,0,0,0
2022-08-21 00:45,47,8,39,0,0,0
2022-08-21 01:00,51,2,49,0,0,0
2022-08-21 01:15,19,5,14,0,0,0
2022-08-21 01:30,20,4,16,0,0,0
2022-08-21 01:45,18,2,16,0,0,0
2022-08-21 02:00,13,2,11,0,0,0
2022-08-21 02:15,19,3,16,0,0,0
2022-08-21 02:30,12,0,12,0,0,0
2022-08-21 02:45,14,1,13,0,0,0
2022-08-21 03:00,7,0,7,0,0,0
2022-08-21 03:15,11,0,11,0,0,0
2022-08-21 03:30,6,0,6,0,0,0
2022-08-21 03:45,9,0,9,0,0,0
2022-08-21 04:00,5,0,5,0,0,0
2022-08-21 04:15,6,0,6,0,0,0
2022-08-21 04:30,5,0,5,0,0,0
2022-08-21 04:45,3,0,3,0,0,0
2022-08-21 05:00,1,0,1,0,0,0
2022-08-21 05:15,2,0,2,0,0,0
2022-08-21 05:30,8,1,7,0,0,0
2022-08-21 05:45,5,0,5,0,0,0
2022-08-21 06:00,4,2,2,0,0,0
2022-08-21 06:15,4,1,3,0,0,0
2022-08-21 06:30,2,1,1,0,0,0
2022-08-21 06:45,5,4,1,0,0,0
2022-08-21 07:00,6,1,5,0,0,0
2022-08-21 07:15,0,0,0,0,0,0
2022-08-21 07:30,12,3,9,0,0,0
2022-08-21 07:45,10,1,9,0,0,0
2022-08-21 08:00,6,4,2,0,0,0
2022-08-21 08:15,6,3,3,0,0,0
2022-08-21 08:30,9,4,5,0,0,0
2022-08-21 08:45,16,9,7,0,0,0
2022-08-21 09:00,16,9,7,0,0,0
2022-08-21 09:15,30,23,7,0,0,0
2022-08-21 09:30,20,9,11,0,0,0
2022-08-21 09:45,35,31,4,0,0,0
2022-08-21 10:00,21,16,5,0,0,0
2022-08-21 10:15,22,10,12,0,0,0
2022-08-21 10:30,22,15,7,0,0,0
2022-08-21 10:45,37,14,23,0,0,0
2022-08-21 11:00,27,15,12,0,0,0
2022-08-21 11:15,44,22,22,0,0,0
2022-08-21 11:30,52,30,22,0,0,0
2022-08-21 11:45,39,14,25,0,0,0
2022-08-21 12:00,50,29,21,0,0,0
2022-08-21 12:15,49,27,22,0,0,0
2022-08-21 12:30,52,23,29,0,0,0
2022-08-21 12:45,56,21,35,0,0,0
2022-08-21 13:00,54,27,27,0,0,0
2022-08-21 13:15,83,40,43,0,0,0
2022-08-21 13:30,79,48,31,0,0,0
2022-08-21 13:45,83,58,25,0,0,0
2022-08-21 14:00,53,33,20,0,0,0
2022-08-21 14:15,73,26,47,0,0,0
2022-08-21 14:30,95,53,42,0,0,0
2022-08-21 14:45,66,34,32,0,0,0
2022-08-21 15:00,101,49,52,0,0,0
2022-08-21 15:15,85,49,36,0,0,0
2022-08-21 15:30,73,26,47,0,0,0
2022-08-21 15:45,76,48,28,0,0,0
2022-08-21 16:00,61,35,26,0,0,0
2022-08-21 16:15,75,31,44,0,0,0
2022-08-21 16:30,79,29,50,0,0,0
2022-08-21 16:45,112,54,58,0,0,0
2022-08-21 17:00,107,48,59,0,0,0
2022-08-21 17:15,89,34,55,0,0,0
2022-08-21 17:30,85,32,53,0,0,0
2022-08-21 17:45,87,42,45,0,0,0
2022-08-21 18:00,83,43,40,0,0,0
2022-08-21 18:15,115,65,50,0,0,0
2022-08-21 18:30,79,44,35,0,0,0
2022-08-21 18:45,73,51,22,0,0,0
2022-08-21 19:00,64,27,37,0,0,0
2022-08-21 19:15,82,47,35,0,0,0
2022-08-21 19:30,63,32,31,0,0,0
2022-08-21 19:45,74,32,42,0,0,0
2022-08-21 20:00,50,24,26,0,0,0
2022-08-21 20:15,69,15,54,0,0,0
2022-08-21 20:30,25,4,21,0,0,0
2022-08-21 20:45,38,12,26,0,0,0
2022-08-21 21:00,45,11,34,0,0,0
2022-08-21 21:15,29,15,14,0,0,0
2022-08-21 21:30,50,6,44,0,0,0
2022-08-21 21:45,51,7,44,0,0,0
2022-08-21 22:00,34,3,31,0,0,0
2022-08-21 22:15,33,6,27,0,0,0
2022-08-21 22:30,100,6,94,0,0,0
2022-08-21 22:45,61,4,57,0,0,0
2022-08-21 23:00,30,2,28,0,0,0
2022-08-21 23:15,17,1,16,0,0,0
2022-08-21 23:30,19,2,17,0,0,0
2022-08-21 23:45,17,0,17,0,0,0
2022-08-22 00:00,4,0,4,0,0,0
2022-08-22 00:15,7,1,6,0,0,0
2022-08-22 00:30,1,0,1,0,0,0
2022-08-22 00:45,6,1,5,0,0,0
2022-08-22 01:00,4,1,3,0,0,0
2022-08-22 01:15,2,2,0,0,0,0
2022-08-22 01:30,1,1,0,0,0,0
2022-08-22 01:45,3,0,3,0,0,0
2022-08-22 02:00,1,0,1,0,0,0
2022-08-22 02:15,0,0,0,0,0,0
2022-08-22 02:30,3,0,3,0,0,0
2022-08-22 02:45,0,0,0,0,0,0
2022-08-22 03:00,0,0,0,0,0,0
2022-08-22 03:15,0,0,0,0,0,0
2022-08-22 03:30,0,0,0,0,0,0
2022-08-22 03:45,0,0,0,0,0,0
2022-08-22 04:00,1,0,1,0,0,0
2022-08-22 04:15,0,0,0,0,0,0
2022-08-22 04:30,0,0,0,0,0,0
2022-08-22 04:45,0,0,0,0,0,0
2022-08-22 05:00,0,0,0,0,0,0
2022-08-22 05:15,3,2,1,0,0,0
2022-08-22 05:30,15,4,11,0,0,0
2022-08-22 05:45,10,3,7,0,0,0
2022-08-22 06:00,16,2,14,0,0,0
2022-08-22 06:15,17,4,13,0,0,0
2022-08-22 06:30,41,13,28,0,0,0
2022-08-22 06:45,64,22,42,0,0,0
2022-08-22 07:00,81,26,55,0,0,0
2022-08-22 07:15,102,54,48,0,0,0
2022-08-22 07:30,257,196,61,0,0,0
2022-08-22 07:45,203,92,111,0,0,0
2022-08-22 08:00,169,93,76,0,0,0
2022-08-22 08:15,133,61,72,0,0,0
2022-08-22 08:30,89,37,52,0,0,0
2022-08-22 08:45,125,49,76,0,0,0
2022-08-22 09:00,88,51,37,0,0,0
2022-08-22 09:15,73,42,31,0,0,0
2022-08-22 09:30,72,34,38,0,0,0
2022-08-22 09:45,77,43,34,0,0,0
2022-08-22 10:00,47,20,27,0,0,0
2022-08-22 10:15,53,27,26,0,0,0
2022-08-22 10:30,80,46,34,0,0,0
2022-08-22 10:45,62,35,27,0,0,0
2022-08-22 11:00,77,38,39,0,0,0
2022-08-22 11:15,89,50,39,0,0,0
2022-08-22 11:30,70,31,39,0,0,0
2022-08-22 11:45,69,36,33,0,0,0
2022-08-22 12:00,95,36,59,0,0,0
2022-08-22 12:15,95,23,72,0,0,0
2022-08-22 12:30,92,25,67,0,0,0
2022-08-22 12:45,93,41,52,0,0,0
2022-08-22 13:00,119,40,79,0,0,0
2022-08-22 13:15,102,42,60,0,0,0
2022-08-22 13:30,84,37,47,0,0,0
2022-08-22 13:45,113,49,64,0,0,0
2022-08-22 14:00,119,49,70,0,0,0
2022-08-22 14:15,105,45,60,0,0,0
2022-08-22 14:30,102,43,59,0,0,0
2022-08-22 14:45,109,49,60,0,0,0
2022-08-22 15:00,124,79,45,0,0,0
2022-08-22 15:15,121,74,47,0,0,0
2022-08-22 15:30,113,53,60,0,0,0
2022-08-22 15:45,132,76,56,0,0,0
2022-08-22 16:00,155,75,80,0,0,0
2022-08-22 16:15,150,72,78,0,0,0
2022-08-22 16:30,130,71,59,0,0,0
2022-08-22 16:45,152,67,85,0,0,0
2022-08-22 17:00,151,79,72,0,0,0
2022-08-22 17:15,116,48,68,0,0,0
2022-08-22 17:30,124,59,65,0,0,0
2022-08-22 17:45,126,53,73,0,0,0
2022-08-22 18:00,125,52,73,0,0,0
2022-08-22 18:15,94,47,47,0,0,0
2022-08-22 18:30,104,31,73,0,0,0
2022-08-22 18:45,97,36,61,0,0,0
2022-08-22 19:00,64,23,41,0,0,0
2022-08-22 19:15,79,28,51,0,0,0
2022-08-22 19:30,75,28,47,0,0,0
2022-08-22 19:45,54,26,28,0,0,0
2022-08-22 20:00,64,19,45,0,0,0
2022-08-22 20:15,48,16,32,0,0,0
2022-08-22 20:30,48,9,39,0,0,0
2022-08-22 20:45,45,21,24,0,0,0
2022-08-22 21:00,40,18,22,0,0,0
2022-08-22 21:15,43,13,30,0,0,0
2022-08-22 21:30,30,4,26,0,0,0
2022-08-22 21:45,33,5,28,0,0,0
2022-08-22 22:00,40,6,34,0,0,0
2022-08-22 22:15,17,7,10,0,0,0
2022-08-22 22:30,24,8,16,0,0,0
2022-08-22 22:45,17,6,11,0,0,0
2022-08-22 23:00,15,3,12,0,0,0
2022-08-22 23:15,14,7,7,0,0,0
2022-08-22 23:30,13,1,12,0,0,0
2022-08-22 23:45,7,2,5,0,0,0
2022-08-23 00:00,7,2,5,0,0,0
2022-08-23 00:15,2,1,1,0,0,0
2022-08-23 00:30,5,4,1,0,0,0
2022-08-23 00:45,3,1,2,0,0,0
2022-08-23 01:00,2,0,2,0,0,0
2022-08-23 01:15,4,0,4,0,0,0
2022-08-23 01:30,2,0,2,0,0,0
2022-08-23 01:45,1,0,1,0,0,0
2022-08-23 02:00,0,0,0,0,0,0
2022-08-23 02:15,0,0,0,0,0,0
2022-08-23 02:30,0,0,0,0,0,0
2022-08-23 02:45,2,0,2,0,0,0
2022-08-23 03:00,0,0,0,0,0,0
2022-08-23 03:15,1,0,1,0,0,0
2022-08-23 03:30,2,1,1,0,0,0
2022-08-23 03:45,0,0,0,0,0,0
2022-08-23 04:00,0,0,0,0,0,0
2022-08-23 04:15,0,0,0,0,0,0
2022-08-23 04:30,0,0,0,0,0,0
2022-08-23 04:45,0,0,0,0,0,0
2022-08-23 05:00,1,1,0,0,0,0
2022-08-23 05:15,4,2,2,0,0,0
2022-08-23 05:30,10,4,6,0,0,0
2022-08-23 05:45,14,5,9,0,0,0
2022-08-23 06:00,13,6,7,0,0,0
2022-08-23 06:15,19,4,15,0,0,0
2022-08-23 06:30,46,20,26,0,0,0
2022-08-23 06:45,77,28,49,0,0,0
2022-08-23 07:00,77,21,56,0,0,0
2022-08-23 07:15,106,45,61,0,0,0
2022-08-23 07:30,278,200,78,0,0,0
2022-08-23 07:45,208,79,129,0,0,0
2022-08-23 08:00,168,81,87,0,0,0
2022-08-23 08:15,144,66,78,0,0,0
2022-08-23 08:30,116,57,59,0,0,0
2022-08-23 08:45,132,64,68,0,0,0
2022-08-23 09:00,94,49,45,0,0,0
2022-08-23 09:15,85,43,42,0,0,0
2022-08-23 09:30,96,43,53,0,0,0
2022-08-23 09:45,76,42,34,0,0,0
2022-08-23 10:00,69,27,42,0,0,0
2022-08-23 10:15,70,31,39,0,0,0
2022-08-23 10:30,63,38,25,0,0,0
2022-08-23 10:45,95,49,46,0,0,0
2022-08-23 11:00,89,46,43,0,0,0
2022-08-23 11:15,88,48,40,0,0,0
2022-08-23 11:30,69,31,38,0,0,0
2022-08-23 11:45,78,52,26,0,0,0
2022-08-23 12:00,131,50,81,0,0,0
2022-08-23 12:15,109,44,65,0,0,0
2022-08-23 12:30,95,33,62,0,0,0
2022-08-23 12:45,102,49,53,0,0,0
2022-08-23 13:00,108,46,62,0,0,0
2022-08-23 13:15,147,46,101,0,0,0
2022-08-23 13:30,93,49,44,0,0,0
2022-08-23 13:45,124,55,69,0,0,0
2022-08-23 14:00,140,56,84,0,0,0
2022-08-23 14:15,114,70,44,0,0,0
2022-08-23 14:30,121,48,73,0,0,0
2022-08-23 14:45,124,64,60,0,0,0
2022-08-23 15:00,127,53,74,0,0,0
2022-08-23 15:15,99,56,43,0,0,0
2022-08-23 15:30,155,73,82,0,0,0
2022-08-23 15:45,138,74,64,0,0,0
2022-08-23 16:00,147,84,63,0,0,0
2022-08-23 16:15,122,77,45,0,0,0
2022-08-23 16:30,145,72,73,0,0,0
2022-08-23 16:45,155,80,75,0,0,0
2022-08-23 17:00,126,62,64,0,0,0
2022-08-23 17:15,168,75,93,0,0,0
2022-08-23 17:30,138,70,68,0,0,0
2022-08-23 17:45,112,48,64,0,0,0
2022-08-23 18:00,127,53,74,0,0,0
2022-08-23 18:15,97,43,54,0,0,0
2022-08-23 18:30,99,29,70,0,0,0
2022-08-23 18:45,85,35,50,0,0,0
2022-08-23 19:00,77,43,34,0,0,0
2022-08-23 19:15,94,38,56,0,0,0
2022-08-23 19:30,74,23,51,0,0,0
2022-08-23 19:45,87,30,57,0,0,0
2022-08-23 20:00,62,16,46,0,0,0
2022-08-23 20:15,40,17,23,0,0,0
2022-08-23 20:30,27,8,19,0,0,0
2022-08-23 20:45,45,13,32,0,0,0
2022-08-23 21:00,40,14,26,0,0,0
2022-08-23 21:15,31,9,22,0,0,0
2022-08-23 21:30,48,9,39,0,0,0
2022-08-23 21:45,35,11,24,0,0,0
2022-08-23 22:00,36,20,16,0,0,0
2022-08-23 22:15,34,10,24,0,0,0
2022-08-23 22:30,34,9,25,0,0,0
2022-08-23 22:45,32,5,27,0,0,0
2022-08-23 23:00,23,4,19,0,0,0
2022-08-23 23:15,24,7,17,0,0,0
2022-08-23 23:30,8,4,4,0,0,0
2022-08-23 23:45,2,0,2,0,0,0
2022-08-24 00:00,10,1,9,0,0,0
2022-08-24 00:15,5,0,5,0,0,0
2022-08-24 00:30,3,1,2,0,0,0
2022-08-24 00:45,3,0,3,0,0,0
2022-08-24 01:00,3,1,2,0,0,0
2022-08-24 01:15,2,0,2,0,0,0
2022-08-24 01:30,7,3,4,0,0,0
2022-08-24 01:45,1,0,1,0,0,0
2022-08-24 02:00,0,0,0,0,0,0
2022-08-24 02:15,0,0,0,0,0,0
2022-08-24 02:30,1,0,1,0,0,0
2022-08-24 02:45,3,2,1,0,0,0
2022-08-24 03:00,0,0,0,0,0,0
2022-08-24 03:15,0,0,0,0,0,0
2022-08-24 03:30,1,1,0,0,0,0
2022-08-24 03:45,1,0,1,0,0,0
2022-08-24 04:00,0,0,0,0,0,0
2022-08-24 04:15,2,0,2,0,0,0
2022-08-24 04:30,1,0,1,0,0,0
2022-08-24 04:45,1,0,1,0,0,0
2022-08-24 05:00,3,2,1,0,0,0
2022-08-24 05:15,4,3,1,0,0,0
2022-08-24 05:30,16,9,7,0,0,0
2022-08-24 05:45,25,6,19,0,0,0
2022-08-24 06:00,13,5,8,0,0,0
2022-08-24 06:15,16,3,13,0,0,0
2022-08-24 06:30,35,12,23,0,0,0
2022-08-24 06:45,55,22,33,0,0,0
2022-08-24 07:00,77,21,56,0,0,0
2022-08-24 07:15,104,43,61,0,0,0
2022-08-24 07:30,293,197,96,0,0,0
2022-08-24 07:45,198,71,127,0,0,0
2022-08-24 08:00,158,63,95,0,0,0
2022-08-24 08:15,169,76,93,0,0,0
2022-08-24 08:30,150,83,67,0,0,0
2022-08-24 08:45,151,77,74,0,0,0
2022-08-24 09:00,109,43,66,0,0,0
2022-08-24 09:15,92,44,48,0,0,0
2022-08-24 09:30,130,70,60,0,0,0
2022-08-24 09:45,112,48,64,0,0,0
2022-08-24 10:00,75,47,28,0,0,0
2022-08-24 10:15,94,49,45,0,0,0
2022-08-24 10:30,105,61,44,0,0,0
2022-08-24 10:45,90,46,44,0,0,0
2022-08-24 11:00,94,54,40,0,0,0
2022-08-24 11:15,118,68,50,0,0,0
2022-08-24 11:30,102,60,42,0,0,0
2022-08-24 11:45,114,58,56,0,0,0
2022-08-24 12:00,130,54,76,0,0,0
2022-08-24 12:15,171,43,128,0,0,0
2022-08-24 12:30,162,59,103,0,0,0
2022-08-24 12:45,127,57,70,0,0,0
2022-08-24 13:00,127,51,76,0,0,0
2022-08-24 13:15,119,43,76,0,0,0
2022-08-24 13:30,115,58,57,0,0,0
2022-08-24 13:45,137,56,81,0,0,0
2022-08-24 14:00,132,47,85,0,0,0
2022-08-24 14:15,106,54,52,0,0,0
2022-08-24 14:30,117,52,65,0,0,0
2022-08-24 14:45,127,68,59,0,0,0
2022-08-24 15:00,115,51,64,0,0,0
2022-08-24 15:15,135,67,68,0,0,0
2022-08-24 15:30,137,59,78,0,0,0
2022-08-24 15:45,123,66,57,0,0,0
2022-08-24 16:00,146,87,59,0,0,0
2022-08-24 16:15,127,67,60,0,0,0
2022-08-24 16:30,118,66,52,0,0,0
2022-08-24 16:45,161,96,65,0,0,0
2022-08-24 17:00,147,70,77,0,0,0
2022-08-24 17:15,153,80,73,0,0,0
2022-08-24 17:30,101,48,53,0,0,0
2022-08-24 17:45,125,46,79,0,0,0
2022-08-24 18:00,129,56,73,0,0,0
2022-08-24 18:15,108,55,53,0,0,0
2022-08-24 18:30,78,33,45,0,0,0
2022-08-24 18:45,104,36,68,0,0,0
2022-08-24 19:00,67,29,38,0,0,0
2022-08-24 19:15,104,56,48,0,0,0
2022-08-24 19:30,74,38,36,0,0,0
2022-08-24 19:45,60,26,34,0,0,0
2022-08-24 20:00,69,37,32,0,0,0
2022-08-24 20:15,62,31,31,0,0,0
2022-08-24 20:30,64,22,42,0,0,0
2022-08-24 20:45,41,13,28,0,0,0
2022-08-24 21:00,56,26,30,0,0,0
2022-08-24 21:15,50,25,25,0,0,0
2022-08-24 21:30,51,13,38,0,0,0
2022-08-24 21:45,35,10,25,0,0,0
2022-08-24 22:00,30,7,23,0,0,0
2022-08-24 22:15,67,23,44,0,0,0
2022-08-24 22:30,38,7,31,0,0,0
2022-08-24 22:45,25,8,17,0,0,0
2022-08-24 23:00,39,12,27,0,0,0
2022-08-24 23:15,41,17,24,0,0,0
2022-08-24 23:30,16,3,13,0,0,0
2022-08-24 23:45,30,15,15,0,0,0
2022-08-25 00:00,14,4,10,0,0,0
2022-08-25 00:15,14,3,11,0,0,0
2022-08-25 00:30,8,2,6,0,0,0
2022-08-25 00:45,6,1,5,0,0,0
2022-08-25 01:00,12,5,7,0,0,0
2022-08-25 01:15,5,0,5,0,0,0
2022-08-25 01:30,5,0,5,0,0,0
2022-08-25 01:45,2,0,2,0,0,0
2022-08-25 02:00,3,1,2,0,0,0
2022-08-25 02:15,9,6,3,0,0,0
2022-08-25 02:30,2,0,2,0,0,0
2022-08-25 02:45,3,0,3,0,0,0
2022-08-25 03:00,1,1,0,0,0,0
2022-08-25 03:15,4,2,2,0,0,0
2022-08-25 03:30,3,0,3,0,0,0
2022-08-25 03:45,4,0,4,0,0,0
2022-08-25 04:00,2,0,2,0,0,0
2022-08-25 04:15,2,0,2,0,0,0
2022-08-25 04:30,4,0,4,0,0,0
2022-08-25 04:45,4,0,4,0,0,0
2022-08-25 05:00,0,0,0,0,0,0
2022-08-25 05:15,8,6,2,0,0,0
2022-08-25 05:30,11,2,9,0,0,0
2022-08-25 05:45,16,7,9,0,0,0
2022-08-25 06:00,19,8,11,0,0,0
2022-08-25 06:15,20,5,15,0,0,0
2022-08-25 06:30,45,16,29,0,0,0
2022-08-25 06:45,48,11,37,0,0,0
2022-08-25 07:00,82,24,58,0,0,0
2022-08-25 07:15,92,44,48,0,0,0
2022-08-25 07:30,272,200,72,0,0,0
2022-08-25 07:45,211,89,122,0,0,0
2022-08-25 08:00,136,52,84,0,0,0
2022-08-25 08:15,109,49,60,0,0,0
2022-08-25 08:30,150,84,66,0,0,0
2022-08-25 08:45,155,62,93,0,0,0
2022-08-25 09:00,89,39,50,0,0,0
2022-08-25 09:15,94,54,40,0,0,0
2022-08-25 09:30,106,54,52,0,0,0
2022-08-25 09:45,98,53,45,0,0,0
2022-08-25 10:00,60,31,29,0,0,0
2022-08-25 10:15,75,39,36,0,0,0
2022-08-25 10:30,69,40,29,0,0,0
2022-08-25 10:45,80,49,31,0,0,0
2022-08-25 11:00,68,27,41,0,0,0
2022-08-25 11:15,133,37,96,0,0,0
2022-08-25 11:30,72,37,35,0,0,0
2022-08-25 11:45,75,44,31,0,0,0
2022-08-25 12:00,92,45,47,0,0,0
2022-08-25 12:15,105,51,54,0,0,0
2022-08-25 12:30,116,29,87,0,0,0
2022-08-25 12:45,106,35,71,0,0,0
2022-08-25 13:00,125,38,87,0,0,0
2022-08-25 13:15,97,34,63,0,0,0
2022-08-25 13:30,95,42,53,0,0,0
2022-08-25 13:45,114,48,66,0,0,0
2022-08-25 14:00,109,41,68,0,0,0
2022-08-25 14:15,95,47,48,0,0,0
2022-08-25 14:30,123,47,76,0,0,0
2022-08-25 14:45,129,63,66,0,0,0
2022-08-25 15:00,115,62,53,0,0,0
2022-08-25 15:15,150,98,52,0,0,0
2022-08-25 15:30,137,67,70,0,0,0
2022-08-25 15:45,142,71,71,0,0,0
2022-08-25 16:00,138,70,68,0,0,0
2022-08-25 16:15,130,68,62,0,0,0
2022-08-25 16:30,160,104,56,0,0,0
2022-08-25 16:45,142,84,58,0,0,0
2022-08-25 17:00,154,81,73,0,0,0
2022-08-25 17:15,117,55,62,0,0,0
2022-08-25 17:30,110,57,53,0,0,0
2022-08-25 17:45,127,70,57,0,0,0
2022-08-25 18:00,111,62,49,0,0,0
2022-08-25 18:15,115,54,61,0,0,0
2022-08-25 18:30,111,54,57,0,0,0
2022-08-25 18:45,101,35,66,0,0,0
2022-08-25 19:00,71,32,39,0,0,0
2022-08-25 19:15,92,49,43,0,0,0
2022-08-25 19:30,80,24,56,0,0,0
2022-08-25 19:45,60,24,36,0,0,0
2022-08-25 20:00,67,24,43,0,0,0
2022-08-25 20:15,53,22,31,0,0,0
2022-08-25 20:30,49,16,33,0,0,0
2022-08-25 20:45,40,14,26,0,0,0
2022-08-25 21:00,51,21,30,0,0,0
2022-08-25 21:15,45,14,31,0,0,0
2022-08-25 21:30,75,10,65,0,0,0
2022-08-25 21:45,66,14,52,0,0,0
2022-08-25 22:00,42,12,30,0,0,0
2022-08-25 22:15,46,13,33,0,0,0
2022-08-25 22:30,38,10,28,0,0,0
2022-08-25 22:45,33,7,26,0,0,0
2022-08-25 23:00,31,9,22,0,0,0
2022-08-25 23:15,21,1,20,0,0,0
2022-08-25 23:30,16,4,12,0,0,0
2022-08-25 23:45,18,5,13,0,0,0
2022-08-26 00:00,8,1,7,0,0,0
2022-08-26 00:15,7,1,6,0,0,0
2022-08-26 00:30,10,0,10,0,0,0
2022-08-26 00:45,3,0,3,0,0,0
2022-08-26 01:00,5,0,5,0,0,0
2022-08-26 01:15,6,2,4,0,0,0
2022-08-26 01:30,5,0,5,0,0,0
2022-08-26 01:45,5,1,4,0,0,0
2022-08-26 02:00,1,0,1,0,0,0
2022-08-26 02:15,3,0,3,0,0,0
2022-08-26 02:30,3,0,3,0,0,0
2022-08-26 02:45,0,0,0,0,0,0
2022-08-26 03:00,0,0,0,0,0,0
2022-08-26 03:15,0,0,0,0,0,0
2022-08-26 03:30,0,0,0,0,0,0
2022-08-26 03:45,0,0,0,0,0,0
2022-08-26 04:00,1,0,1,0,0,0
2022-08-26 04:15,0,0,0,0,0,0
2022-08-26 04:30,0,0,0,0,0,0
2022-08-26 04:45,1,1,0,0,0,0
2022-08-26 05:00,4,3,1,0,0,0
2022-08-26 05:15,4,3,1,0,0,0
2022-08-26 05:30,10,2,8,0,0,0
2022-08-26 05:45,15,3,12,0,0,0
2022-08-26 06:00,15,8,7,0,0,0
2022-08-26 06:15,23,5,18,0,0,0
2022-08-26 06:30,28,11,17,0,0,0
2022-08-26 06:45,38,12,26,0,0,0
2022-08-26 07:00,78,21,57,0,0,0
2022-08-26 07:15,101,47,54,0,0,0
2022-08-26 07:30,226,173,53,0,0,0
2022-08-26 07:45,150,62,88,0,0,0
2022-08-26 08:00,114,50,64,0,0,0
2022-08-26 08:15,141,75,66,0,0,0
2022-08-26 08:30,97,54,43,0,0,0
2022-08-26 08:45,112,40,72,0,0,0
2022-08-26 09:00,90,38,52,0,0,0
2022-08-26 09:15,70,41,29,0,0,0
2022-08-26 09:30,86,40,46,0,0,0
2022-08-26 09:45,92,41,51,0,0,0
2022-08-26 10:00,71,50,21,0,0,0
2022-08-26 10:15,50,4,46,0,0,0
2022-08-26 10:30,44,16,28,0,0,0
2022-08-26 10:45,75,45,30,0,0,0
2022-08-26 11:00,66,31,35,0,0,0
2022-08-26 11:15,103,39,64,0,0,0
2022-08-26 11:30,95,37,58,0,0,0
2022-08-26 11:45,100,45,55,0,0,0
2022-08-26 12:00,115,49,66,0,0,0
2022-08-26 12:15,140,64,76,0,0,0
2022-08-26 12:30,116,45,71,0,0,0
2022-08-26 12:45,91,46,45,0,0,0
2022-08-26 13:00,179,69,110,0,0,0
2022-08-26 13:15,134,67,67,0,0,0
2022-08-26 13:30,107,42,65,0,0,0
2022-08-26 13:45,124,63,61,0,0,0
2022-08-26 14:00,119,39,80,0,0,0
2022-08-26 14:15,116,54,62,0,0,0
2022-08-26 14:30,105,51,54,0,0,0
2022-08-26 14:45,121,46,75,0,0,0
2022-08-26 15:00,113,61,52,0,0,0
2022-08-26 15:15,130,63,67,0,0,0
2022-08-26 15:30,116,54,62,0,0,0
2022-08-26 15:45,132,72,60,0,0,0
2022-08-26 16:00,94,48,46,0,0,0
2022-08-26 16:15,80,56,24,0,0,0
2022-08-26 16:30,114,56,58,0,0,0
2022-08-26 16:45,116,72,44,0,0,0
2022-08-26 17:00,99,49,50,0,0,0
2022-08-26 17:15,80,46,34,0,0,0
2022-08-26 17:30,93,37,56,0,0,0
2022-08-26 17:45,111,56,55,0,0,0
2022-08-26 18:00,83,25,58,0,0,0
2022-08-26 18:15,81,29,52,0,0,0
2022-08-26 18:30,88,39,49,0,0,0
2022-08-26 18:45,82,45,37,0,0,0
2022-08-26 19:00,80,36,44,0,0,0
2022-08-26 19:15,66,22,44,0,0,0
2022-08-26 19:30,59,23,36,0,0,0
2022-08-26 19:45,55,20,35,0,0,0
2022-08-26 20:00,67,23,44,0,0,0
2022-08-26 20:15,67,29,38,0,0,0
2022-08-26 20:30,30,14,16,0,0,0
2022-08-26 20:45,67,18,49,0,0,0
2022-08-26 21:00,55,24,31,0,0,0
2022-08-26 21:15,54,23,31,0,0,0
2022-08-26 21:30,33,15,18,0,0,0
2022-08-26 21:45,43,18,25,0,0,0
2022-08-26 22:00,30,15,15,0,0,0
2022-08-26 22:15,36,9,27,0,0,0
2022-08-26 22:30,39,12,27,0,0,0
2022-08-26 22:45,22,7,15,0,0,0
2022-08-26 23:00,19,7,12,0,0,0
2022-08-26 23:15,44,20,24,0,0,0
2022-08-26 23:30,22,5,17,0,0,0
2022-08-26 23:45,14,9,5,0,0,0
2022-08-27 00:00,10,0,10,0,0,0
2022-08-27 00:15,15,5,10,0,0,0
2022-08-27 00:30,29,5,24,0,0,0
2022-08-27 00:45,15,4,11,0,0,0
2022-08-27 01:00,9,2,7,0,0,0
2022-08-27 01:15,13,4,9,0,0,0
2022-08-27 01:30,11,0,11,0,0,0
2022-08-27 01:45,12,4,8,0,0,0
2022-08-27 02:00,9,0,9,0,0,0
2022-08-27 02:15,8,1,7,0,0,0
2022-08-27 02:30,2,1,1,0,0,0
2022-08-27 02:45,3,0,3,0,0,0
2022-08-27 03:00,3,1,2,0,0,0
2022-08-27 03:15,5,0,5,0,0,0
2022-08-27 03:30,5,0,5,0,0,0
2022-08-27 03:45,2,2,0,0,0,0
2022-08-27 04:00,5,0,5,0,0,0
2022-08-27 04:15,0,0,0,0,0,0
2022-08-27 04:30,1,0,1,0,0,0
2022-08-27 04:45,6,1,5,0,0,0
2022-08-27 05:00,0,0,0,0,0,0
2022-08-27 05:15,3,1,2,0,0,0
2022-08-27 05:30,7,1,6,0,0,0
2022-08-27 05:45,4,0,4,0,0,0
2022-08-27 06:00,7,3,4,0,0,0
2022-08-27 06:15,7,4,3,0,0,0
2022-08-27 06:30,7,3,4,0,0,0
2022-08-27 06:45,12,4,8,0,0,0
2022-08-27 07:00,15,13,2,0,0,0
2022-08-27 07:15,5,5,0,0,0,0
2022-08-27 07:30,13,7,6,0,0,0
2022-08-27 07:45,23,10,13,0,0,0
2022-08-27 08:00,16,12,4,0,0,0
2022-08-27 08:15,25,19,6,0,0,0
2022-08-27 08:30,36,23,13,0,0,0
2022-08-27 08:45,45,27,18,0,0,0
2022-08-27 09:00,43,32,11,0,0,0
2022-08-27 09:15,48,37,11,0,0,0
2022-08-27 09:30,49,35,14,0,0,0
2022-08-27 09:45,79,58,21,0,0,0
2022-08-27 10:00,60,40,20,0,0,0
2022-08-27 10:15,80,49,31,0,0,0
2022-08-27 10:30,72,37,35,0,0,0
2022-08-27 10:45,107,87,20,0,0,0
2022-08-27 11:00,78,57,21,0,0,0
2022-08-27 11:15,59,31,28,0,0,0
2022-08-27 11:30,73,45,28,0,0,0
2022-08-27 11:45,113,49,64,0,0,0
2022-08-27 12:00,85,53,32,0,0,0
2022-08-27 12:15,99,38,61,0,0,0
2022-08-27 12:30,89,41,48,0,0,0
2022-08-27 12:45,102,52,50,0,0,0
2022-08-27 13:00,79,45,34,0,0,0
2022-08-27 13:15,98,51,47,0,0,0
2022-08-27 13:30,117,50,67,0,0,0
2022-08-27 13:45,100,55,45,0,0,0
2022-08-27 14:00,92,49,43,0,0,0
2022-08-27 14:15,86,43,43,0,0,0
2022-08-27 14:30,80,32,48,0,0,0
2022-08-27 14:45,109,39,70,0,0,0
2022-08-27 15:00,112,32,80,0,0,0
2022-08-27 15:15,80,38,42,0,0,0
2022-08-27 15:30,67,25,42,0,0,0
2022-08-27 15:45,68,27,41,0,0,0
2022-08-27 16:00,72,32,40,0,0,0
2022-08-27 16:15,82,29,53,0,0,0
2022-08-27 16:30,91,30,61,0,0,0
2022-08-27 16:45,73,36,37,0,0,0
2022-08-27 17:00,61,20,41,0,0,0
2022-08-27 17:15,89,41,48,0,0,0
2022-08-27 17:30,67,29,38,0,0,0
2022-08-27 17:45,70,35,35,0,0,0
2022-08-27 18:00,81,28,53,0,0,0
2022-08-27 18:15,81,26,55,0,0,0
2022-08-27 18:30,69,29,40,0,0,0
2022-08-27 18:45,89,43,46,0,0,0
2022-08-27 19:00,109,42,67,0,0,0
2022-08-27 19:15,48,27,21,0,0,0
2022-08-27 19:30,30,10,20,0,0,0
2022-08-27 19:45,59,30,29,0,0,0
2022-08-27 20:00,35,10,25,0,0,0
2022-08-27 20:15,49,23,26,0,0,0
2022-08-27 20:30,33,8,25,0,0,0
2022-08-27 20:45,31,15,16,0,0,0
2022-08-27 21:00,26,13,13,0,0,0
2022-08-27 21:15,34,12,22,0,0,0
2022-08-27 21:30,30,9,21,0,0,0
2022-08-27 21:45,38,8,30,0,0,0
2022-08-27 22:00,19,8,11,0,0,0
2022-08-27 22:15,30,11,19,0,0,0
2022-08-27 22:30,29,15,14,0,0,0
2022-08-27 22:45,27,6,21,0,0,0
2022-08-27 23:00,23,8,15,0,0,0
2022-08-27 23:15,28,4,24,0,0,0
2022-08-27 23:30,72,10,62,0,0,0
2022-08-27 23:45,46,12,34,0,0,0
2022-08-28 00:00,22,6,16,0,0,0
2022-08-28 00:15,21,15,6,0,0,0
2022-08-28 00:30,26,6,20,0,0,0
2022-08-28 00:45,13,4,9,0,0,0
2022-08-28 01:00,24,5,19,0,0,0
2022-08-28 01:15,9,1,8,0,0,0
2022-08-28 01:30,1,0,1,0,0,0
2022-08-28 01:45,16,4,12,0,0,0
2022-08-28 02:00,19,6,13,0,0,0
2022-08-28 02:15,8,0,8,0,0,0
2022-08-28 02:30,12,0,12,0,0,0
2022-08-28 02:45,9,4,5,0,0,0
2022-08-28 03:00,14,4,10,0,0,0
2022-08-28 03:15,8,0,8,0,0,0
2022-08-28 03:30,14,3,11,0,0,0
2022-08-28 03:45,7,0,7,0,0,0
2022-08-28 04:00,2,0,2,0,0,0
2022-08-28 04:15,8,0,8,0,0,0
2022-08-28 04:30,3,2,1,0,0,0
2022-08-28 04:45,3,0,3,0,0,0
2022-08-28 05:00,0,0,0,0,0,0
2022-08-28 05:15,4,2,2,0,0,0
2022-08-28 05:30,2,1,1,0,0,0
2022-08-28 05:45,10,0,10,0,0,0
2022-08-28 06:00,9,5,4,0,0,0
2022-08-28 06:15,1,1,0,0,0,0
2022-08-28 06:30,14,4,10,0,0,0
2022-08-28 06:45,9,1,8,0,0,0
2022-08-28 07:00,3,2,1,0,0,0
2022-08-28 07:15,3,1,2,0,0,0
2022-08-28 07:30,10,6,4,0,0,0
2022-08-28 07:45,9,6,3,0,0,0
2022-08-28 08:00,5,2,3,0,0,0
2022-08-28 08:15,15,7,8,0,0,0
2022-08-28 08:30,12,6,6,0,0,0
2022-08-28 08:45,26,21,5,0,0,0
2022-08-28 09:00,9,8,1,0,0,0
2022-08-28 09:15,33,21,12,0,0,0
2022-08-28 09:30,27,15,12,0,0,0
2022-08-28 09:45,36,31,5,0,0,0
2022-08-28 10:00,25,12,13,0,0,0
2022-08-28 10:15,21,13,8,0,0,0
2022-08-28 10:30,32,17,15,0,0,0
2022-08-28 10:45,41,19,22,0,0,0
2022-08-28 11:00,36,14,22,0,0,0
2022-08-28 11:15,48,19,29,0,0,0
2022-08-28 11:30,71,37,34,0,0,0
2022-08-28 11:45,65,27,38,0,0,0
2022-08-28 12:00,50,21,29,0,0,0
2022-08-28 12:15,44,17,27,0,0,0
2022-08-28 12:30,40,15,25,0,0,0
2022-08-28 12:45,58,31,27,0,0,0
2022-08-28 13:00,38,13,25,0,0,0
2022-08-28 13:15,68,26,42,0,0,0
2022-08-28 13:30,70,40,30,0,0,0
2022-08-28 13:45,84,45,39,0,0,0
2022-08-28 14:00,60,25,35,0,0,0
2022-08-28 14:15,66,47,19,0,0,0
2022-08-28 14:30,69,41,28,0,0,0
2022-08-28 14:45,62,20,42,0,0,0
2022-08-28 15:00,94,54,40,0,0,0
2022-08-28 15:15,55,31,24,0,0,0
2022-08-28 15:30,83,46,37,0,0,0
2022-08-28 15:45,65,20,45,0,0,0
2022-08-28 16:00,49,26,23,0,0,0
2022-08-28 16:15,85,36,49,0,0,0
2022-08-28 16:30,77,32,45,0,0,0
2022-08-28 16:45,77,28,49,0,0,0
2022-08-28 17:00,74,35,39,0,0,0
2022-08-28 17:15,54,14,40,0,0,0
2022-08-28 17:30,85,22,63,0,0,0
2022-08-28 17:45,77,21,56,0,0,0
2022-08-28 18:00,64,19,45,0,0,0
2022-08-28 18:15,80,23,57,0,0,0
2022-08-28 18:30,65,18,47,0,0,0
2022-08-28 18:45,81,30,51,0,0,0
2022-08-28 19:00,45,18,27,0,0,0
2022-08-28 19:15,38,17,21,0,0,0
2022-08-28 19:30,49,17,32,0,0,0
2022-08-28 19:45,57,21,36,0,0,0
2022-08-28 20:00,38,12,26,0,0,0
2022-08-28 20:15,22,12,10,0,0,0
2022-08-28 20:30,16,6,10,0,0,0
2022-08-28 20:45,17,3,14,0,0,0
2022-08-28 21:00,30,15,15,0,0,0
2022-08-28 21:15,22,8,14,0,0,0
2022-08-28 21:30,21,5,16,0,0,0
2022-08-28 21:45,16,6,10,0,0,0
2022-08-28 22:00,22,7,15,0,0,0
2022-08-28 22:15,15,5,10,0,0,0
2022-08-28 22:30,16,1,15,0,0,0
2022-08-28 22:45,6,2,4,0,0,0
2022-08-28 23:00,7,2,5,0,0,0
2022-08-28 23:15,8,2,6,0,0,0
2022-08-28 23:30,4,2,2,0,0,0
2022-08-28 23:45,4,0,4,0,0,0
2022-08-29 00:00,4,2,2,0,0,0
2022-08-29 00:15,3,0,3,0,0,0
2022-08-29 00:30,6,0,6,0,0,0
2022-08-29 00:45,1,0,1,0,0,0
2022-08-29 01:00,2,0,2,0,0,0
2022-08-29 01:15,0,0,0,0,0,0
2022-08-29 01:30,2,0,2,0,0,0
2022-08-29 01:45,0,0,0,0,0,0
2022-08-29 02:00,0,0,0,0,0,0
2022-08-29 02:15,2,0,2,0,0,0
2022-08-29 02:30,0,0,0,0,0,0
2022-08-29 02:45,4,0,4,0,0,0
2022-08-29 03:00,0,0,0,0,0,0
2022-08-29 03:15,1,1,0,0,0,0
2022-08-29 03:30,0,0,0,0,0,0
2022-08-29 03:45,0,0,0,0,0,0
2022-08-29 04:00,1,0,1,0,0,0
2022-08-29 04:15,0,0,0,0,0,0
2022-08-29 04:30,0,0,0,0,0,0
2022-08-29 04:45,0,0,0,0,0,0
2022-08-29 05:00,3,1,2,0,0,0
2022-08-29 05:15,3,1,2,0,0,0
2022-08-29 05:30,16,8,8,0,0,0
2022-08-29 05:45,13,4,9,0,0,0
2022-08-29 06:00,7,1,6,0,0,0
2022-08-29 06:15,22,5,17,0,0,0
2022-08-29 06:30,49,16,33,0,0,0
2022-08-29 06:45,59,17,42,0,0,0
2022-08-29 07:00,59,14,45,0,0,0
2022-08-29 07:15,111,57,54,0,0,0
2022-08-29 07:30,264,197,67,0,0,0
2022-08-29 07:45,156,67,89,0,0,0
2022-08-29 08:00,143,76,67,0,0,0
2022-08-29 08:15,159,82,77,0,0,0
2022-08-29 08:30,121,53,68,0,0,0
2022-08-29 08:45,119,53,66,0,0,0
2022-08-29 09:00,86,36,50,0,0,0
2022-08-29 09:15,59,25,34,0,0,0
2022-08-29 09:30,66,36,30,0,0,0
2022-08-29 09:45,65,30,35,0,0,0
2022-08-29 10:00,62,36,26,0,0,0
2022-08-29 10:15,60,32,28,0,0,0
2022-08-29 10:30,43,27,16,0,0,0
2022-08-29 10:45,80,41,39,0,0,0
2022-08-29 11:00,69,39,30,0,0,0
2022-08-29 11:15,89,48,41,0,0,0
2022-08-29 11:30,79,45,34,0,0,0
2022-08-29 11:45,76,35,41,0,0,0
2022-08-29 12:00,105,37,68,0,0,0
2022-08-29 12:15,110,43,67,0,0,0
2022-08-29 12:30,112,39,73,0,0,0
2022-08-29 12:45,90,36,54,0,0,0
2022-08-29 13:00,103,34,69,0,0,0
2022-08-29 13:15,137,63,74,0,0,0
2022-08-29 13:30,74,39,35,0,0,0
2022-08-29 13:45,101,47,54,0,0,0
2022-08-29 14:00,148,46,102,0,0,0
2022-08-29 14:15,104,46,58,0,0,0
2022-08-29 14:30,99,55,44,0,0,0
2022-08-29 14:45,129,54,75,0,0,0
2022-08-29 15:00,141,78,63,0,0,0
2022-08-29 15:15,126,73,53,0,0,0
2022-08-29 15:30,123,49,74,0,0,0
2022-08-29 15:45,126,66,60,0,0,0
2022-08-29 16:00,129,63,66,0,0,0
2022-08-29 16:15,126,60,66,0,0,0
2022-08-29 16:30,120,58,62,0,0,0
2022-08-29 16:45,132,70,62,0,0,0
2022-08-29 17:00,118,52,66,0,0,0
2022-08-29 17:15,165,64,101,0,0,0
2022-08-29 17:30,108,50,58,0,0,0
2022-08-29 17:45,126,66,60,0,0,0
2022-08-29 18:00,117,42,75,0,0,0
2022-08-29 18:15,96,37,59,0,0,0
2022-08-29 18:30,90,32,58,0,0,0
2022-08-29 18:45,117,44,73,0,0,0
2022-08-29 19:00,79,27,52,0,0,0
2022-08-29 19:15,79,36,43,0,0,0
2022-08-29 19:30,79,22,57,0,0,0
2022-08-29 19:45,65,40,25,0,0,0
2022-08-29 20:00,74,26,48,0,0,0
2022-08-29 20:15,48,14,34,0,0,0
2022-08-29 20:30,34,11,23,0,0,0
2022-08-29 20:45,53,16,37,0,0,0
2022-08-29 21:00,29,12,17,0,0,0
2022-08-29 21:15,43,17,26,0,0,0
2022-08-29 21:30,30,6,24,0,0,0
2022-08-29 21:45,37,13,24,0,0,0
2022-08-29 22:00,21,6,15,0,0,0
2022-08-29 22:15,30,13,17,0,0,0
2022-08-29 22:30,11,4,7,0,0,0
2022-08-29 22:45,11,8,3,0,0,0
2022-08-29 23:00,10,0,10,0,0,0
2022-08-29 23:15,14,3,11,0,0,0
2022-08-29 23:30,8,2,6,0,0,0
2022-08-29 23:45,1,0,1,0,0,0
2022-08-30 00:00,11,1,10,0,0,0
2022-08-30 00:15,3,0,3,0,0,0
2022-08-30 00:30,6,0,6,0,0,0
2022-08-30 00:45,2,0,2,0,0,0
2022-08-30 01:00,2,0,2,0,0,0
2022-08-30 01:15,5,1,4,0,0,0
2022-08-30 01:30,2,0,2,0,0,0
2022-08-30 01:45,0,0,0,0,0,0
2022-08-30 02:00,0,0,0,0,0,0
2022-08-30 02:15,0,0,0,0,0,0
2022-08-30 02:30,0,0,0,0,0,0
2022-08-30 02:45,2,2,0,0,0,0
2022-08-30 03:00,1,1,0,0,0,0
2022-08-30 03:15,0,0,0,0,0,0
2022-08-30 03:30,0,0,0,0,0,0
2022-08-30 03:45,0,0,0,0,0,0
2022-08-30 04:00,1,0,1,0,0,0
2022-08-30 04:15,2,2,0,0,0,0
2022-08-30 04:30,0,0,0,0,0,0
2022-08-30 04:45,1,1,0,0,0,0
2022-08-30 05:00,1,0,1,0,0,0
2022-08-30 05:15,7,4,3,0,0,0
2022-08-30 05:30,12,5,7,0,0,0
2022-08-30 05:45,26,12,14,0,0,0
2022-08-30 06:00,8,2,6,0,0,0
2022-08-30 06:15,25,6,19,0,0,0
2022-08-30 06:30,46,25,21,0,0,0
2022-08-30 06:45,50,15,35,0,0,0
2022-08-30 07:00,74,36,38,0,0,0
2022-08-30 07:15,108,43,65,0,0,0
2022-08-30 07:30,252,201,51,0,0,0
2022-08-30 07:45,174,78,96,0,0,0
2022-08-30 08:00,159,62,97,0,0,0
2022-08-30 08:15,143,70,73,0,0,0
2022-08-30 08:30,130,63,67,0,0,0
2022-08-30 08:45,141,51,90,0,0,0
2022-08-30 09:00,83,40,43,0,0,0
2022-08-30 09:15,92,48,44,0,0,0
2022-08-30 09:30,85,52,33,0,0,0
2022-08-30 09:45,81,51,30,0,0,0
2022-08-30 10:00,60,28,32,0,0,0
2022-08-30 10:15,57,38,19,0,0,0
2022-08-30 10:30,67,33,34,0,0,0
2022-08-30 10:45,76,43,33,0,0,0
2022-08-30 11:00,69,43,26,0,0,0
2022-08-30 11:15,76,29,47,0,0,0
2022-08-30 11:30,76,32,44,0,0,0
2022-08-30 11:45,106,59,47,0,0,0
2022-08-30 12:00,110,57,53,0,0,0
2022-08-30 12:15,90,47,43,0,0,0
2022-08-30 12:30,84,34,50,0,0,0
2022-08-30 12:45,97,44,53,0,0,0
2022-08-30 13:00,152,49,103,0,0,0
2022-08-30 13:15,145,54,91,0,0,0
2022-08-30 13:30,88,44,44,0,0,0
2022-08-30 13:45,108,54,54,0,0,0
2022-08-30 14:00,125,54,71,0,0,0
2022-08-30 14:15,97,46,51,0,0,0
2022-08-30 14:30,105,55,50,0,0,0
2022-08-30 14:45,133,58,75,0,0,0
2022-08-30 15:00,116,64,52,0,0,0
2022-08-30 15:15,135,63,72,0,0,0
2022-08-30 15:30,158,54,104,0,0,0
2022-08-30 15:45,127,77,50,0,0,0
2022-08-30 16:00,118,57,61,0,0,0
2022-08-30 16:15,153,85,68,0,0,0
2022-08-30 16:30,146,64,82,0,0,0
2022-08-30 16:45,151,77,74,0,0,0
2022-08-30 17:00,131,64,67,0,0,0
2022-08-30 17:15,117,51,66,0,0,0
2022-08-30 17:30,119,64,55,0,0,0
2022-08-30 17:45,132,51,81,0,0,0
2022-08-30 18:00,113,41,72,0,0,0
2022-08-30 18:15,124,46,78,0,0,0
2022-08-30 18:30,70,18,52,0,0,0
2022-08-30 18:45,112,43,69,0,0,0
2022-08-30 19:00,88,44,44,0,0,0
2022-08-30 19:15,81,37,44,0,0,0
2022-08-30 19:30,64,19,45,0,0,0
2022-08-30 19:45,60,26,34,0,0,0
2022-08-30 20:00,49,21,28,0,0,0
2022-08-30 20:15,47,23,24,0,0,0
2022-08-30 20:30,55,22,33,0,0,0
2022-08-30 20:45,50,18,32,0,0,0
2022-08-30 21:00,58,10,48,0,0,0
2022-08-30 21:15,29,9,20,0,0,0
2022-08-30 21:30,41,4,37,0,0,0
2022-08-30 21:45,42,14,28,0,0,0
2022-08-30 22:00,33,8,25,0,0,0
2022-08-30 22:15,21,5,16,0,0,0
2022-08-30 22:30,20,3,17,0,0,0
2022-08-30 22:45,26,6,20,0,0,0
2022-08-30 23:00,28,1,27,0,0,0
2022-08-30 23:15,28,3,25,0,0,0
2022-08-30 23:30,16,1,15,0,0,0
2022-08-30 23:45,11,0,11,0,0,0
