Datetime,100034982 (Hüfferstraße),101034982 (Hüfferstraße stadteinwärts),102034982 (Hüfferstraße stadtauswärts),100034982-status,101034982-status,102034982-status
2023-03-01 00:00,11,1,10,0,0,0
2023-03-01 00:15,3,0,3,0,0,0
2023-03-01 00:30,2,1,1,0,0,0
2023-03-01 00:45,7,2,5,0,0,0
2023-03-01 01:00,2,0,2,0,0,0
2023-03-01 01:15,8,3,5,0,0,0
2023-03-01 01:30,1,1,0,0,0,0
2023-03-01 01:45,0,0,0,0,0,0
2023-03-01 02:00,1,1,0,0,0,0
2023-03-01 02:15,0,0,0,0,0,0
2023-03-01 02:30,2,0,2,0,0,0
2023-03-01 02:45,0,0,0,0,0,0
2023-03-01 03:00,0,0,0,0,0,0
2023-03-01 03:15,2,2,0,0,0,0
2023-03-01 03:30,0,0,0,0,0,0
2023-03-01 03:45,0,0,0,0,0,0
2023-03-01 04:00,0,0,0,0,0,0
2023-03-01 04:15,0,0,0,0,0,0
2023-03-01 04:30,1,1,0,0,0,0
2023-03-01 04:45,0,0,0,0,0,0
2023-03-01 05:00,2,0,2,0,0,0
2023-03-01 05:15,3,2,1,0,0,0
2023-03-01 05:30,16,6,10,0,0,0
2023-03-01 05:45,12,4,8,0,0,0
2023-03-01 06:00,5,3,2,0,0,0
2023-03-01 06:15,24,11,13,0,0,0
2023-03-01 06:30,49,19,30,0,0,0
2023-03-01 06:45,71,32,39,0,0,0
2023-03-01 07:00,75,26,49,0,0,0
2023-03-01 07:15,81,36,45,0,0,0
2023-03-01 07:30,235,155,80,0,0,0
2023-03-01 07:45,215,84,131,0,0,0
2023-03-01 08:00,141,52,89,0,0,0
2023-03-01 08:15,134,66,68,0,0,0
2023-03-01 08:30,123,60,63,0,0,0
2023-03-01 08:45,162,73,89,0,0,0
2023-03-01 09:00,131,61,70,0,0,0
2023-03-01 09:15,90,55,35,0,0,0
2023-03-01 09:30,102,46,56,0,0,0
2023-03-01 09:45,89,38,51,0,0,0
2023-03-01 10:00,71,50,21,0,0,0
2023-03-01 10:15,68,45,23,0,0,0
2023-03-01 10:30,75,42,33,0,0,0
2023-03-01 10:45,89,41,48,0,0,0
2023-03-01 11:00,67,34,33,0,0,0
2023-03-01 11:15,59,13,46,0,0,0
2023-03-01 11:30,104,53,51,0,0,0
2023-03-01 11:45,94,54,40,0,0,0
2023-03-01 12:00,104,63,41,0,0,0
2023-03-01 12:15,122,66,56,0,0,0
2023-03-01 12:30,117,50,67,0,0,0
2023-03-01 12:45,126,54,72,0,0,0
2023-03-01 13:00,154,49,105,0,0,0
2023-03-01 13:15,92,29,63,0,0,0
2023-03-01 13:30,111,55,56,0,0,0
2023-03-01 13:45,132,66,66,0,0,0
2023-03-01 14:00,137,46,91,0,0,0
2023-03-01 14:15,97,31,66,0,0,0
2023-03-01 14:30,106,41,65,0,0,0
2023-03-01 14:45,121,69,52,0,0,0
2023-03-01 15:00,116,61,55,0,0,0
2023-03-01 15:15,111,67,44,0,0,0
2023-03-01 15:30,160,70,90,0,0,0
2023-03-01 15:45,141,59,82,0,0,0
2023-03-01 16:00,142,72,70,0,0,0
2023-03-01 16:15,145,71,74,0,0,0
2023-03-01 16:30,144,64,80,0,0,0
2023-03-01 16:45,136,72,64,0,0,0
2023-03-01 17:00,137,77,60,0,0,0
2023-03-01 17:15,132,69,63,0,0,0
2023-03-01 17:30,143,76,67,0,0,0
2023-03-01 17:45,135,57,78,0,0,0
2023-03-01 18:00,120,47,73,0,0,0
2023-03-01 18:15,100,43,57,0,0,0
2023-03-01 18:30,88,35,53,0,0,0
2023-03-01 18:45,86,39,47,0,0,0
2023-03-01 19:00,66,29,37,0,0,0
2023-03-01 19:15,75,40,35,0,0,0
2023-03-01 19:30,59,21,38,0,0,0
2023-03-01 19:45,61,26,35,0,0,0
2023-03-01 20:00,41,17,24,0,0,0
2023-03-01 20:15,36,18,18,0,0,0
2023-03-01 20:30,40,16,24,0,0,0
2023-03-01 20:45,42,11,31,0,0,0
2023-03-01 21:00,26,7,19,0,0,0
2023-03-01 21:15,29,6,23,0,0,0
2023-03-01 21:30,26,12,14,0,0,0
2023-03-01 21:45,27,4,23,0,0,0
2023-03-01 22:00,21,7,14,0,0,0
2023-03-01 22:15,21,9,12,0,0,0
2023-03-01 22:30,30,7,23,0,0,0
2023-03-01 22:45,26,5,21,0,0,0
2023-03-01 23:00,25,3,22,0,0,0
2023-03-01 23:15,16,2,14,0,0,0
2023-03-01 23:30,9,4,5,0,0,0
2023-03-01 23:45,9,4,5,0,0,0
2023-03-02 00:00,11,5,6,0,0,0
2023-03-02 00:15,3,1,2,0,0,0
2023-03-02 00:30,5,1,4,0,0,0
2023-03-02 00:45,7,3,4,0,0,0
2023-03-02 01:00,2,0,2,0,0,0
2023-03-02 01:15,6,1,5,0,0,0
2023-03-02 01:30,6,2,4,0,0,0
2023-03-02 01:45,3,1,2,0,0,0
2023-03-02 02:00,2,0,2,0,0,0
2023-03-02 02:15,0,0,0,0,0,0
2023-03-02 02:30,1,0,1,0,0,0
2023-03-02 02:45,0,0,0,0,0,0
2023-03-02 03:00,4,0,4,0,0,0
2023-03-02 03:15,4,0,4,0,0,0
2023-03-02 03:30,0,0,0,0,0,0
2023-03-02 03:45,0,0,0,0,0,0
2023-03-02 04:00,6,0,6,0,0,0
2023-03-02 04:15,1,0,1,0,0,0
2023-03-02 04:30,3,0,3,0,0,0
2023-03-02 04:45,1,0,1,0,0,0
2023-03-02 05:00,0,0,0,0,0,0
2023-03-02 05:15,3,2,1,0,0,0
2023-03-02 05:30,21,5,16,0,0,0
2023-03-02 05:45,11,4,7,0,0,0
2023-03-02 06:00,12,8,4,0,0,0
2023-03-02 06:15,26,14,12,0,0,0
2023-03-02 06:30,43,13,30,0,0,0
2023-03-02 06:45,58,17,41,0,0,0
2023-03-02 07:00,63,20,43,0,0,0
2023-03-02 07:15,111,52,59,0,0,0
2023-03-02 07:30,228,165,63,0,0,0
2023-03-02 07:45,197,84,113,0,0,0
2023-03-02 08:00,155,61,94,0,0,0
2023-03-02 08:15,124,52,72,0,0,0
2023-03-02 08:30,123,63,60,0,0,0
2023-03-02 08:45,128,60,68,0,0,0
2023-03-02 09:00,108,54,54,0,0,0
2023-03-02 09:15,69,36,33,0,0,0
2023-03-02 09:30,78,38,40,0,0,0
2023-03-02 09:45,80,43,37,0,0,0
2023-03-02 10:00,73,44,29,0,0,0
2023-03-02 10:15,60,32,28,0,0,0
2023-03-02 10:30,64,37,27,0,0,0
2023-03-02 10:45,78,45,33,0,0,0
2023-03-02 11:00,69,33,36,0,0,0
2023-03-02 11:15,75,31,44,0,0,0
2023-03-02 11:30,86,39,47,0,0,0
2023-03-02 11:45,70,39,31,0,0,0
2023-03-02 12:00,93,36,57,0,0,0
2023-03-02 12:15,93,37,56,0,0,0
2023-03-02 12:30,84,20,64,0,0,0
2023-03-02 12:45,99,44,55,0,0,0
2023-03-02 13:00,112,31,81,0,0,0
2023-03-02 13:15,120,35,85,0,0,0
2023-03-02 13:30,105,46,59,0,0,0
2023-03-02 13:45,98,52,46,0,0,0
2023-03-02 14:00,115,58,57,0,0,0
2023-03-02 14:15,100,47,53,0,0,0
2023-03-02 14:30,99,48,51,0,0,0
2023-03-02 14:45,124,66,58,0,0,0
2023-03-02 15:00,128,56,72,0,0,0
2023-03-02 15:15,125,66,59,0,0,0
2023-03-02 15:30,138,55,83,0,0,0
2023-03-02 15:45,121,56,65,0,0,0
2023-03-02 16:00,133,73,60,0,0,0
2023-03-02 16:15,113,56,57,0,0,0
2023-03-02 16:30,133,64,69,0,0,0
2023-03-02 16:45,137,69,68,0,0,0
2023-03-02 17:00,112,61,51,0,0,0
2023-03-02 17:15,130,73,57,0,0,0
2023-03-02 17:30,115,47,68,0,0,0
2023-03-02 17:45,124,54,70,0,0,0
2023-03-02 18:00,99,42,57,0,0,0
2023-03-02 18:15,100,43,57,0,0,0
2023-03-02 18:30,90,36,54,0,0,0
2023-03-02 18:45,102,41,61,0,0,0
2023-03-02 19:00,81,47,34,0,0,0
2023-03-02 19:15,71,41,30,0,0,0
2023-03-02 19:30,49,15,34,0,0,0
2023-03-02 19:45,67,24,43,0,0,0
2023-03-02 20:00,38,13,25,0,0,0
2023-03-02 20:15,39,13,26,0,0,0
2023-03-02 20:30,41,11,30,0,0,0
2023-03-02 20:45,25,7,18,0,0,0
2023-03-02 21:00,30,12,18,0,0,0
2023-03-02 21:15,19,7,12,0,0,0
2023-03-02 21:30,17,2,15,0,0,0
2023-03-02 21:45,24,9,15,0,0,0
2023-03-02 22:00,31,11,20,0,0,0
2023-03-02 22:15,16,4,12,0,0,0
2023-03-02 22:30,29,9,20,0,0,0
2023-03-02 22:45,19,3,16,0,0,0
2023-03-02 23:00,10,3,7,0,0,0
2023-03-02 23:15,20,6,14,0,0,0
2023-03-02 23:30,6,2,4,0,0,0
2023-03-02 23:45,10,1,9,0,0,0
2023-03-03 00:00,9,2,7,0,0,0
2023-03-03 00:15,2,1,1,0,0,0
2023-03-03 00:30,4,1,3,0,0,0
2023-03-03 00:45,6,2,4,0,0,0
2023-03-03 01:00,2,0,2,0,0,0
2023-03-03 01:15,8,3,5,0,0,0
2023-03-03 01:30,0,0,0,0,0,0
2023-03-03 01:45,0,0,0,0,0,0
2023-03-03 02:00,1,1,0,0,0,0
2023-03-03 02:15,1,1,0,0,0,0
2023-03-03 02:30,0,0,0,0,0,0
2023-03-03 02:45,0,0,0,0,0,0
2023-03-03 03:00,2,0,2,0,0,0
2023-03-03 03:15,0,0,0,0,0,0
2023-03-03 03:30,0,0,0,0,0,0
2023-03-03 03:45,1,1,0,0,0,0
2023-03-03 04:00,3,0,3,0,0,0
2023-03-03 04:15,0,0,0,0,0,0
2023-03-03 04:30,0,0,0,0,0,0
2023-03-03 04:45,0,0,0,0,0,0
2023-03-03 05:00,0,0,0,0,0,0
2023-03-03 05:15,3,3,0,0,0,0
2023-03-03 05:30,24,7,17,0,0,0
2023-03-03 05:45,10,3,7,0,0,0
2023-03-03 06:00,10,4,6,0,0,0
2023-03-03 06:15,20,7,13,0,0,0
2023-03-03 06:30,47,18,29,0,0,0
2023-03-03 06:45,43,12,31,0,0,0
2023-03-03 07:00,70,27,43,0,0,0
2023-03-03 07:15,113,48,65,0,0,0
2023-03-03 07:30,265,185,80,0,0,0
2023-03-03 07:45,172,70,102,0,0,0
2023-03-03 08:00,118,43,75,0,0,0
2023-03-03 08:15,119,50,69,0,0,0
2023-03-03 08:30,111,52,59,0,0,0
2023-03-03 08:45,156,77,79,0,0,0
2023-03-03 09:00,112,48,64,0,0,0
2023-03-03 09:15,70,43,27,0,0,0
2023-03-03 09:30,82,47,35,0,0,0
2023-03-03 09:45,72,38,34,0,0,0
2023-03-03 10:00,60,31,29,0,0,0
2023-03-03 10:15,51,26,25,0,0,0
2023-03-03 10:30,90,53,37,0,0,0
2023-03-03 10:45,74,44,30,0,0,0
2023-03-03 11:00,67,36,31,0,0,0
2023-03-03 11:15,74,38,36,0,0,0
2023-03-03 11:30,69,37,32,0,0,0
2023-03-03 11:45,90,43,47,0,0,0
2023-03-03 12:00,71,47,24,0,0,0
2023-03-03 12:15,101,38,63,0,0,0
2023-03-03 12:30,107,44,63,0,0,0
2023-03-03 12:45,105,49,56,0,0,0
2023-03-03 13:00,175,57,118,0,0,0
2023-03-03 13:15,154,45,109,0,0,0
2023-03-03 13:30,106,60,46,0,0,0
2023-03-03 13:45,108,56,52,0,0,0
2023-03-03 14:00,122,51,71,0,0,0
2023-03-03 14:15,106,60,46,0,0,0
2023-03-03 14:30,108,65,43,0,0,0
2023-03-03 14:45,131,84,47,0,0,0
2023-03-03 15:00,142,80,62,0,0,0
2023-03-03 15:15,129,84,45,0,0,0
2023-03-03 15:30,119,58,61,0,0,0
2023-03-03 15:45,128,70,58,0,0,0
2023-03-03 16:00,107,70,37,0,0,0
2023-03-03 16:15,123,78,45,0,0,0
2023-03-03 16:30,97,51,46,0,0,0
2023-03-03 16:45,93,43,50,0,0,0
2023-03-03 17:00,120,49,71,0,0,0
2023-03-03 17:15,129,53,76,0,0,0
2023-03-03 17:30,106,36,70,0,0,0
2023-03-03 17:45,111,46,65,0,0,0
2023-03-03 18:00,95,40,55,0,0,0
2023-03-03 18:15,85,27,58,0,0,0
2023-03-03 18:30,61,28,33,0,0,0
2023-03-03 18:45,88,43,45,0,0,0
2023-03-03 19:00,52,21,31,0,0,0
2023-03-03 19:15,63,29,34,0,0,0
2023-03-03 19:30,37,14,23,0,0,0
2023-03-03 19:45,62,24,38,0,0,0
2023-03-03 20:00,55,27,28,0,0,0
2023-03-03 20:15,35,10,25,0,0,0
2023-03-03 20:30,29,13,16,0,0,0
2023-03-03 20:45,22,6,16,0,0,0
2023-03-03 21:00,25,7,18,0,0,0
2023-03-03 21:15,42,20,22,0,0,0
2023-03-03 21:30,35,9,26,0,0,0
2023-03-03 21:45,10,4,6,0,0,0
2023-03-03 22:00,24,6,18,0,0,0
2023-03-03 22:15,21,10,11,0,0,0
2023-03-03 22:30,28,7,21,0,0,0
2023-03-03 22:45,18,2,16,0,0,0
2023-03-03 23:00,40,14,26,0,0,0
2023-03-03 23:15,14,2,12,0,0,0
2023-03-03 23:30,16,5,11,0,0,0
2023-03-03 23:45,24,13,11,0,0,0
2023-03-04 00:00,24,9,15,0,0,0
2023-03-04 00:15,16,6,10,0,0,0
2023-03-04 00:30,15,3,12,0,0,0
2023-03-04 00:45,27,11,16,0,0,0
2023-03-04 01:00,13,1,12,0,0,0
2023-03-04 01:15,9,2,7,0,0,0
2023-03-04 01:30,9,1,8,0,0,0
2023-03-04 01:45,5,1,4,0,0,0
2023-03-04 02:00,9,0,9,0,0,0
2023-03-04 02:15,10,2,8,0,0,0
2023-03-04 02:30,1,0,1,0,0,0
2023-03-04 02:45,8,2,6,0,0,0
2023-03-04 03:00,6,0,6,0,0,0
2023-03-04 03:15,7,0,7,0,0,0
2023-03-04 03:30,7,2,5,0,0,0
2023-03-04 03:45,2,0,2,0,0,0
2023-03-04 04:00,4,0,4,0,0,0
2023-03-04 04:15,0,0,0,0,0,0
2023-03-04 04:30,2,0,2,0,0,0
2023-03-04 04:45,5,4,1,0,0,0
2023-03-04 05:00,1,0,1,0,0,0
2023-03-04 05:15,2,0,2,0,0,0
2023-03-04 05:30,9,0,9,0,0,0
2023-03-04 05:45,12,4,8,0,0,0
2023-03-04 06:00,4,0,4,0,0,0
2023-03-04 06:15,7,4,3,0,0,0
2023-03-04 06:30,5,4,1,0,0,0
2023-03-04 06:45,8,5,3,0,0,0
2023-03-04 07:00,11,5,6,0,0,0
2023-03-04 07:15,7,5,2,0,0,0
2023-03-04 07:30,12,7,5,0,0,0
2023-03-04 07:45,22,13,9,0,0,0
2023-03-04 08:00,19,13,6,0,0,0
2023-03-04 08:15,20,13,7,0,0,0
2023-03-04 08:30,26,19,7,0,0,0
2023-03-04 08:45,39,29,10,0,0,0
2023-03-04 09:00,34,26,8,0,0,0
2023-03-04 09:15,39,31,8,0,0,0
2023-03-04 09:30,41,23,18,0,0,0
2023-03-04 09:45,69,46,23,0,0,0
2023-03-04 10:00,65,50,15,0,0,0
2023-03-04 10:15,56,42,14,0,0,0
2023-03-04 10:30,51,36,15,0,0,0
2023-03-04 10:45,71,43,28,0,0,0
2023-03-04 11:00,67,33,34,0,0,0
2023-03-04 11:15,62,31,31,0,0,0
2023-03-04 11:30,64,35,29,0,0,0
2023-03-04 11:45,97,52,45,0,0,0
2023-03-04 12:00,75,35,40,0,0,0
2023-03-04 12:15,68,28,40,0,0,0
2023-03-04 12:30,92,43,49,0,0,0
2023-03-04 12:45,83,48,35,0,0,0
2023-03-04 13:00,71,36,35,0,0,0
2023-03-04 13:15,67,17,50,0,0,0
2023-03-04 13:30,65,23,42,0,0,0
2023-03-04 13:45,60,31,29,0,0,0
2023-03-04 14:00,53,24,29,0,0,0
2023-03-04 14:15,87,31,56,0,0,0
2023-03-04 14:30,43,18,25,0,0,0
2023-03-04 14:45,63,22,41,0,0,0
2023-03-04 15:00,55,11,44,0,0,0
2023-03-04 15:15,69,37,32,0,0,0
2023-03-04 15:30,53,25,28,0,0,0
2023-03-04 15:45,51,21,30,0,0,0
2023-03-04 16:00,33,13,20,0,0,0
2023-03-04 16:15,52,16,36,0,0,0
2023-03-04 16:30,35,19,16,0,0,0
2023-03-04 16:45,39,18,21,0,0,0
2023-03-04 17:00,52,20,32,0,0,0
2023-03-04 17:15,38,16,22,0,0,0
2023-03-04 17:30,31,13,18,0,0,0
2023-03-04 17:45,64,32,32,0,0,0
2023-03-04 18:00,47,11,36,0,0,0
2023-03-04 18:15,44,15,29,0,0,0
2023-03-04 18:30,38,18,20,0,0,0
2023-03-04 18:45,37,20,17,0,0,0
2023-03-04 19:00,57,31,26,0,0,0
2023-03-04 19:15,30,12,18,0,0,0
2023-03-04 19:30,35,19,16,0,0,0
2023-03-04 19:45,50,25,25,0,0,0
2023-03-04 20:00,37,9,28,0,0,0
2023-03-04 20:15,24,9,15,0,0,0
2023-03-04 20:30,25,14,11,0,0,0
2023-03-04 20:45,24,8,16,0,0,0
2023-03-04 21:00,28,19,9,0,0,0
2023-03-04 21:15,19,7,12,0,0,0
2023-03-04 21:30,23,9,14,0,0,0
2023-03-04 21:45,16,5,11,0,0,0
2023-03-04 22:00,26,10,16,0,0,0
2023-03-04 22:15,23,8,15,0,0,0
2023-03-04 22:30,11,3,8,0,0,0
2023-03-04 22:45,8,3,5,0,0,0
2023-03-04 23:00,9,0,9,0,0,0
2023-03-04 23:15,11,5,6,0,0,0
2023-03-04 23:30,21,3,18,0,0,0
2023-03-04 23:45,17,4,13,0,0,0
2023-03-05 00:00,14,5,9,0,0,0
2023-03-05 00:15,23,15,8,0,0,0
2023-03-05 00:30,14,4,10,0,0,0
2023-03-05 00:45,17,3,14,0,0,0
2023-03-05 01:00,12,0,12,0,0,0
2023-03-05 01:15,15,2,13,0,0,0
2023-03-05 01:30,7,3,4,0,0,0
2023-03-05 01:45,12,1,11,0,0,0
2023-03-05 02:00,5,1,4,0,0,0
2023-03-05 02:15,14,0,14,0,0,0
2023-03-05 02:30,9,2,7,0,0,0
2023-03-05 02:45,9,3,6,0,0,0
2023-03-05 03:00,0,0,0,0,0,0
2023-03-05 03:15,12,4,8,0,0,0
2023-03-05 03:30,4,1,3,0,0,0
2023-03-05 03:45,3,0,3,0,0,0
2023-03-05 04:00,4,0,4,0,0,0
2023-03-05 04:15,11,0,11,0,0,0
2023-03-05 04:30,2,1,1,0,0,0
2023-03-05 04:45,1,0,1,0,0,0
2023-03-05 05:00,2,0,2,0,0,0
2023-03-05 05:15,0,0,0,0,0,0
2023-03-05 05:30,10,0,10,0,0,0
2023-03-05 05:45,8,3,5,0,0,0
2023-03-05 06:00,6,1,5,0,0,0
2023-03-05 06:15,2,2,0,0,0,0
2023-03-05 06:30,5,3,2,0,0,0
2023-03-05 06:45,5,2,3,0,0,0
2023-03-05 07:00,2,1,1,0,0,0
2023-03-05 07:15,2,1,1,0,0,0
2023-03-05 07:30,2,0,2,0,0,0
2023-03-05 07:45,8,2,6,0,0,0
2023-03-05 08:00,3,2,1,0,0,0
2023-03-05 08:15,4,1,3,0,0,0
2023-03-05 08:30,6,2,4,0,0,0
2023-03-05 08:45,11,7,4,0,0,0
2023-03-05 09:00,11,6,5,0,0,0
2023-03-05 09:15,11,9,2,0,0,0
2023-03-05 09:30,15,6,9,0,0,0
2023-03-05 09:45,25,18,7,0,0,0
2023-03-05 10:00,26,18,8,0,0,0
2023-03-05 10:15,23,14,9,0,0,0
2023-03-05 10:30,18,17,1,0,0,0
2023-03-05 10:45,21,15,6,0,0,0
2023-03-05 11:00,16,13,3,0,0,0
2023-03-05 11:15,15,6,9,0,0,0
2023-03-05 11:30,34,20,14,0,0,0
2023-03-05 11:45,23,4,19,0,0,0
2023-03-05 12:00,32,18,14,0,0,0
2023-03-05 12:15,31,18,13,0,0,0
2023-03-05 12:30,42,16,26,0,0,0
2023-03-05 12:45,36,14,22,0,0,0
2023-03-05 13:00,37,18,19,0,0,0
2023-03-05 13:15,33,16,17,0,0,0
2023-03-05 13:30,27,7,20,0,0,0
2023-03-05 13:45,34,18,16,0,0,0
2023-03-05 14:00,45,20,25,0,0,0
2023-03-05 14:15,40,17,23,0,0,0
2023-03-05 14:30,39,15,24,0,0,0
2023-03-05 14:45,39,19,20,0,0,0
2023-03-05 15:00,42,14,28,0,0,0
2023-03-05 15:15,30,10,20,0,0,0
2023-03-05 15:30,53,23,30,0,0,0
2023-03-05 15:45,33,14,19,0,0,0
2023-03-05 16:00,33,16,17,0,0,0
2023-03-05 16:15,38,16,22,0,0,0
2023-03-05 16:30,29,12,17,0,0,0
2023-03-05 16:45,37,17,20,0,0,0
2023-03-05 17:00,32,12,20,0,0,0
2023-03-05 17:15,36,11,25,0,0,0
2023-03-05 17:30,49,27,22,0,0,0
2023-03-05 17:45,48,15,33,0,0,0
2023-03-05 18:00,26,6,20,0,0,0
2023-03-05 18:15,35,9,26,0,0,0
2023-03-05 18:30,24,5,19,0,0,0
2023-03-05 18:45,28,12,16,0,0,0
2023-03-05 19:00,24,8,16,0,0,0
2023-03-05 19:15,20,3,17,0,0,0
2023-03-05 19:30,19,9,10,0,0,0
2023-03-05 19:45,35,15,20,0,0,0
2023-03-05 20:00,31,11,20,0,0,0
2023-03-05 20:15,27,15,12,0,0,0
2023-03-05 20:30,33,4,29,0,0,0
2023-03-05 20:45,23,5,18,0,0,0
2023-03-05 21:00,18,9,9,0,0,0
2023-03-05 21:15,6,5,1,0,0,0
2023-03-05 21:30,9,4,5,0,0,0
2023-03-05 21:45,6,5,1,0,0,0
2023-03-05 22:00,10,5,5,0,0,0
2023-03-05 22:15,9,3,6,0,0,0
2023-03-05 22:30,10,3,7,0,0,0
2023-03-05 22:45,15,3,12,0,0,0
2023-03-05 23:00,7,3,4,0,0,0
2023-03-05 23:15,6,4,2,0,0,0
2023-03-05 23:30,5,1,4,0,0,0
2023-03-05 23:45,2,1,1,0,0,0
2023-03-06 00:00,2,1,1,0,0,0
2023-03-06 00:15,1,0,1,0,0,0
2023-03-06 00:30,2,0,2,0,0,0
2023-03-06 00:45,0,0,0,0,0,0
2023-03-06 01:00,3,1,2,0,0,0
2023-03-06 01:15,2,2,0,0,0,0
2023-03-06 01:30,0,0,0,0,0,0
2023-03-06 01:45,0,0,0,0,0,0
2023-03-06 02:00,0,0,0,0,0,0
2023-03-06 02:15,0,0,0,0,0,0
2023-03-06 02:30,0,0,0,0,0,0
2023-03-06 02:45,0,0,0,0,0,0
2023-03-06 03:00,0,0,0,0,0,0
2023-03-06 03:15,0,0,0,0,0,0
2023-03-06 03:30,0,0,0,0,0,0
2023-03-06 03:45,1,0,1,0,0,0
2023-03-06 04:00,0,0,0,0,0,0
2023-03-06 04:15,0,0,0,0,0,0
2023-03-06 04:30,0,0,0,0,0,0
2023-03-06 04:45,0,0,0,0,0,0
2023-03-06 05:00,0,0,0,0,0,0
2023-03-06 05:15,3,1,2,0,0,0
2023-03-06 05:30,10,1,9,0,0,0
2023-03-06 05:45,19,8,11,0,0,0
2023-03-06 06:00,9,6,3,0,0,0
2023-03-06 06:15,19,4,15,0,0,0
2023-03-06 06:30,51,16,35,0,0,0
2023-03-06 06:45,60,13,47,0,0,0
2023-03-06 07:00,65,21,44,0,0,0
2023-03-06 07:15,73,32,41,0,0,0
2023-03-06 07:30,224,167,57,0,0,0
2023-03-06 07:45,179,72,107,0,0,0
2023-03-06 08:00,116,48,68,0,0,0
2023-03-06 08:15,109,41,68,0,0,0
2023-03-06 08:30,116,48,68,0,0,0
2023-03-06 08:45,138,68,70,0,0,0
2023-03-06 09:00,99,61,38,0,0,0
2023-03-06 09:15,57,24,33,0,0,0
2023-03-06 09:30,83,44,39,0,0,0
2023-03-06 09:45,55,19,36,0,0,0
2023-03-06 10:00,53,24,29,0,0,0
2023-03-06 10:15,45,24,21,0,0,0
2023-03-06 10:30,43,17,26,0,0,0
2023-03-06 10:45,58,25,33,0,0,0
2023-03-06 11:00,52,22,30,0,0,0
2023-03-06 11:15,51,28,23,0,0,0
2023-03-06 11:30,50,27,23,0,0,0
2023-03-06 11:45,57,26,31,0,0,0
2023-03-06 12:00,59,27,32,0,0,0
2023-03-06 12:15,85,26,59,0,0,0
2023-03-06 12:30,71,18,53,0,0,0
2023-03-06 12:45,76,43,33,0,0,0
2023-03-06 13:00,92,28,64,0,0,0
2023-03-06 13:15,87,35,52,0,0,0
2023-03-06 13:30,81,37,44,0,0,0
2023-03-06 13:45,74,41,33,0,0,0
2023-03-06 14:00,110,35,75,0,0,0
2023-03-06 14:15,83,46,37,0,0,0
2023-03-06 14:30,77,39,38,0,0,0
2023-03-06 14:45,109,55,54,0,0,0
2023-03-06 15:00,83,48,35,0,0,0
2023-03-06 15:15,91,59,32,0,0,0
2023-03-06 15:30,132,54,78,0,0,0
2023-03-06 15:45,95,55,40,0,0,0
2023-03-06 16:00,130,70,60,0,0,0
2023-03-06 16:15,114,57,57,0,0,0
2023-03-06 16:30,103,61,42,0,0,0
2023-03-06 16:45,115,71,44,0,0,0
2023-03-06 17:00,116,52,64,0,0,0
2023-03-06 17:15,94,55,39,0,0,0
2023-03-06 17:30,128,61,67,0,0,0
2023-03-06 17:45,88,43,45,0,0,0
2023-03-06 18:00,90,41,49,0,0,0
2023-03-06 18:15,89,35,54,0,0,0
2023-03-06 18:30,86,36,50,0,0,0
2023-03-06 18:45,87,41,46,0,0,0
2023-03-06 19:00,66,25,41,0,0,0
2023-03-06 19:15,63,29,34,0,0,0
2023-03-06 19:30,40,14,26,0,0,0
2023-03-06 19:45,38,15,23,0,0,0
2023-03-06 20:00,38,7,31,0,0,0
2023-03-06 20:15,46,12,34,0,0,0
2023-03-06 20:30,27,12,15,0,0,0
2023-03-06 20:45,20,10,10,0,0,0
2023-03-06 21:00,28,14,14,0,0,0
2023-03-06 21:15,11,3,8,0,0,0
2023-03-06 21:30,17,7,10,0,0,0
2023-03-06 21:45,15,5,10,0,0,0
2023-03-06 22:00,25,9,16,0,0,0
2023-03-06 22:15,21,4,17,0,0,0
2023-03-06 22:30,16,11,5,0,0,0
2023-03-06 22:45,18,4,14,0,0,0
2023-03-06 23:00,7,5,2,0,0,0
2023-03-06 23:15,5,1,4,0,0,0
2023-03-06 23:30,10,6,4,0,0,0
2023-03-06 23:45,2,2,0,0,0,0
2023-03-07 00:00,1,1,0,0,0,0
2023-03-07 00:15,5,3,2,0,0,0
2023-03-07 00:30,4,0,4,0,0,0
2023-03-07 00:45,2,0,2,0,0,0
2023-03-07 01:00,3,0,3,0,0,0
2023-03-07 01:15,1,1,0,0,0,0
2023-03-07 01:30,2,2,0,0,0,0
2023-03-07 01:45,0,0,0,0,0,0
2023-03-07 02:00,1,0,1,0,0,0
2023-03-07 02:15,0,0,0,0,0,0
2023-03-07 02:30,0,0,0,0,0,0
2023-03-07 02:45,0,0,0,0,0,0
2023-03-07 03:00,0,0,0,0,0,0
2023-03-07 03:15,0,0,0,0,0,0
2023-03-07 03:30,1,0,1,0,0,0
2023-03-07 03:45,2,2,0,0,0,0
2023-03-07 04:00,0,0,0,0,0,0
2023-03-07 04:15,1,1,0,0,0,0
2023-03-07 04:30,0,0,0,0,0,0
2023-03-07 04:45,0,0,0,0,0,0
2023-03-07 05:00,3,0,3,0,0,0
2023-03-07 05:15,3,1,2,0,0,0
2023-03-07 05:30,8,0,8,0,0,0
2023-03-07 05:45,15,6,9,0,0,0
2023-03-07 06:00,14,10,4,0,0,0
2023-03-07 06:15,25,10,15,0,0,0
2023-03-07 06:30,27,9,18,0,0,0
2023-03-07 06:45,65,13,52,0,0,0
2023-03-07 07:00,50,14,36,0,0,0
2023-03-07 07:15,73,37,36,0,0,0
2023-03-07 07:30,198,123,75,0,0,0
2023-03-07 07:45,182,77,105,0,0,0
2023-03-07 08:00,125,41,84,0,0,0
2023-03-07 08:15,107,49,58,0,0,0
2023-03-07 08:30,102,49,53,0,0,0
2023-03-07 08:45,127,52,75,0,0,0
2023-03-07 09:00,70,31,39,0,0,0
2023-03-07 09:15,61,28,33,0,0,0
2023-03-07 09:30,56,18,38,0,0,0
2023-03-07 09:45,53,24,29,0,0,0
2023-03-07 10:00,20,8,12,0,0,0
2023-03-07 10:15,33,18,15,0,0,0
2023-03-07 10:30,37,14,23,0,0,0
2023-03-07 10:45,29,14,15,0,0,0
2023-03-07 11:00,34,19,15,0,0,0
2023-03-07 11:15,42,28,14,0,0,0
2023-03-07 11:30,36,19,17,0,0,0
2023-03-07 11:45,51,29,22,0,0,0
2023-03-07 12:00,45,33,12,0,0,0
2023-03-07 12:15,55,26,29,0,0,0
2023-03-07 12:30,69,29,40,0,0,0
2023-03-07 12:45,49,25,24,0,0,0
2023-03-07 13:00,83,18,65,0,0,0
2023-03-07 13:15,75,33,42,0,0,0
2023-03-07 13:30,59,32,27,0,0,0
2023-03-07 13:45,82,38,44,0,0,0
2023-03-07 14:00,81,48,33,0,0,0
2023-03-07 14:15,74,37,37,0,0,0
2023-03-07 14:30,71,39,32,0,0,0
2023-03-07 14:45,75,23,52,0,0,0
2023-03-07 15:00,90,54,36,0,0,0
2023-03-07 15:15,110,69,41,0,0,0
2023-03-07 15:30,92,47,45,0,0,0
2023-03-07 15:45,91,48,43,0,0,0
2023-03-07 16:00,97,59,38,0,0,0
2023-03-07 16:15,107,58,49,0,0,0
2023-03-07 16:30,88,48,40,0,0,0
2023-03-07 16:45,84,43,41,0,0,0
2023-03-07 17:00,80,41,39,0,0,0
2023-03-07 17:15,81,48,33,0,0,0
2023-03-07 17:30,106,57,49,0,0,0
2023-03-07 17:45,81,32,49,0,0,0
2023-03-07 18:00,87,36,51,0,0,0
2023-03-07 18:15,69,30,39,0,0,0
2023-03-07 18:30,60,20,40,0,0,0
2023-03-07 18:45,51,29,22,0,0,0
2023-03-07 19:00,55,30,25,0,0,0
2023-03-07 19:15,63,35,28,0,0,0
2023-03-07 19:30,54,22,32,0,0,0
2023-03-07 19:45,49,27,22,0,0,0
2023-03-07 20:00,48,19,29,0,0,0
2023-03-07 20:15,37,15,22,0,0,0
2023-03-07 20:30,8,3,5,0,0,0
2023-03-07 20:45,25,15,10,0,0,0
2023-03-07 21:00,19,9,10,0,0,0
2023-03-07 21:15,23,6,17,0,0,0
2023-03-07 21:30,26,10,16,0,0,0
2023-03-07 21:45,17,2,15,0,0,0
2023-03-07 22:00,27,10,17,0,0,0
2023-03-07 22:15,19,5,14,0,0,0
2023-03-07 22:30,15,7,8,0,0,0
2023-03-07 22:45,14,6,8,0,0,0
2023-03-07 23:00,11,5,6,0,0,0
2023-03-07 23:15,14,4,10,0,0,0
2023-03-07 23:30,7,1,6,0,0,0
2023-03-07 23:45,12,2,10,0,0,0
2023-03-08 00:00,6,4,2,0,0,0
2023-03-08 00:15,2,1,1,0,0,0
2023-03-08 00:30,2,0,2,0,0,0
2023-03-08 00:45,3,1,2,0,0,0
2023-03-08 01:00,0,0,0,0,0,0
2023-03-08 01:15,2,1,1,0,0,0
2023-03-08 01:30,0,0,0,0,0,0
2023-03-08 01:45,0,0,0,0,0,0
2023-03-08 02:00,0,0,0,0,0,0
2023-03-08 02:15,0,0,0,0,0,0
2023-03-08 02:30,3,0,3,0,0,0
2023-03-08 02:45,0,0,0,0,0,0
2023-03-08 03:00,1,0,1,0,0,0
2023-03-08 03:15,0,0,0,0,0,0
2023-03-08 03:30,1,0,1,0,0,0
2023-03-08 03:45,1,1,0,0,0,0
2023-03-08 04:00,0,0,0,0,0,0
2023-03-08 04:15,0,0,0,0,0,0
2023-03-08 04:30,0,0,0,0,0,0
2023-03-08 04:45,0,0,0,0,0,0
2023-03-08 05:00,0,0,0,0,0,0
2023-03-08 05:15,4,2,2,0,0,0
2023-03-08 05:30,5,1,4,0,0,0
2023-03-08 05:45,19,3,16,0,0,0
2023-03-08 06:00,5,2,3,0,0,0
2023-03-08 06:15,21,9,12,0,0,0
2023-03-08 06:30,38,15,23,0,0,0
2023-03-08 06:45,64,22,42,0,0,0
2023-03-08 07:00,62,19,43,0,0,0
2023-03-08 07:15,86,41,45,0,0,0
2023-03-08 07:30,214,138,76,0,0,0
2023-03-08 07:45,160,60,100,0,0,0
2023-03-08 08:00,123,33,90,0,0,0
2023-03-08 08:15,133,66,67,0,0,0
2023-03-08 08:30,142,60,82,0,0,0
2023-03-08 08:45,127,52,75,0,0,0
2023-03-08 09:00,102,45,57,0,0,0
2023-03-08 09:15,73,37,36,0,0,0
2023-03-08 09:30,66,31,35,0,0,0
2023-03-08 09:45,112,61,51,0,0,0
2023-03-08 10:00,66,32,34,0,0,0
2023-03-08 10:15,41,23,18,0,0,0
2023-03-08 10:30,57,21,36,0,0,0
2023-03-08 10:45,47,23,24,0,0,0
2023-03-08 11:00,41,25,16,0,0,0
2023-03-08 11:15,46,17,29,0,0,0
2023-03-08 11:30,58,28,30,0,0,0
2023-03-08 11:45,63,39,24,0,0,0
2023-03-08 12:00,100,46,54,0,0,0
2023-03-08 12:15,72,20,52,0,0,0
2023-03-08 12:30,72,31,41,0,0,0
2023-03-08 12:45,90,36,54,0,0,0
2023-03-08 13:00,114,39,75,0,0,0
2023-03-08 13:15,86,29,57,0,0,0
2023-03-08 13:30,79,30,49,0,0,0
2023-03-08 13:45,74,38,36,0,0,0
2023-03-08 14:00,112,45,67,0,0,0
2023-03-08 14:15,85,35,50,0,0,0
2023-03-08 14:30,72,30,42,0,0,0
2023-03-08 14:45,106,49,57,0,0,0
2023-03-08 15:00,97,53,44,0,0,0
2023-03-08 15:15,93,41,52,0,0,0
2023-03-08 15:30,114,53,61,0,0,0
2023-03-08 15:45,110,71,39,0,0,0
2023-03-08 16:00,128,79,49,0,0,0
2023-03-08 16:15,130,82,48,0,0,0
2023-03-08 16:30,107,57,50,0,0,0
2023-03-08 16:45,107,60,47,0,0,0
2023-03-08 17:00,98,45,53,0,0,0
2023-03-08 17:15,92,38,54,0,0,0
2023-03-08 17:30,95,55,40,0,0,0
2023-03-08 17:45,98,48,50,0,0,0
2023-03-08 18:00,119,72,47,0,0,0
2023-03-08 18:15,76,32,44,0,0,0
2023-03-08 18:30,65,22,43,0,0,0
2023-03-08 18:45,71,33,38,0,0,0
2023-03-08 19:00,31,22,9,0,0,0
2023-03-08 19:15,69,40,29,0,0,0
2023-03-08 19:30,45,20,25,0,0,0
2023-03-08 19:45,49,18,31,0,0,0
2023-03-08 20:00,52,24,28,0,0,0
2023-03-08 20:15,33,8,25,0,0,0
2023-03-08 20:30,37,13,24,0,0,0
2023-03-08 20:45,23,8,15,0,0,0
2023-03-08 21:00,36,13,23,0,0,0
2023-03-08 21:15,19,5,14,0,0,0
2023-03-08 21:30,18,7,11,0,0,0
2023-03-08 21:45,22,5,17,0,0,0
2023-03-08 22:00,22,8,14,0,0,0
2023-03-08 22:15,16,3,13,0,0,0
2023-03-08 22:30,22,13,9,0,0,0
2023-03-08 22:45,17,9,8,0,0,0
2023-03-08 23:00,13,4,9,0,0,0
2023-03-08 23:15,14,1,13,0,0,0
2023-03-08 23:30,11,7,4,0,0,0
2023-03-08 23:45,17,5,12,0,0,0
2023-03-09 00:00,7,3,4,0,0,0
2023-03-09 00:15,8,1,7,0,0,0
2023-03-09 00:30,0,0,0,0,0,0
2023-03-09 00:45,4,1,3,0,0,0
2023-03-09 01:00,5,0,5,0,0,0
2023-03-09 01:15,5,0,5,0,0,0
2023-03-09 01:30,7,2,5,0,0,0
2023-03-09 01:45,4,0,4,0,0,0
2023-03-09 02:00,4,0,4,0,0,0
2023-03-09 02:15,0,0,0,0,0,0
2023-03-09 02:30,1,0,1,0,0,0
2023-03-09 02:45,2,0,2,0,0,0
2023-03-09 03:00,2,1,1,0,0,0
2023-03-09 03:15,1,0,1,0,0,0
2023-03-09 03:30,1,1,0,0,0,0
2023-03-09 03:45,1,1,0,0,0,0
2023-03-09 04:00,0,0,0,0,0,0
2023-03-09 04:15,0,0,0,0,0,0
2023-03-09 04:30,1,0,1,0,0,0
2023-03-09 04:45,2,0,2,0,0,0
2023-03-09 05:00,1,1,0,0,0,0
2023-03-09 05:15,3,1,2,0,0,0
2023-03-09 05:30,12,3,9,0,0,0
2023-03-09 05:45,17,3,14,0,0,0
2023-03-09 06:00,9,5,4,0,0,0
2023-03-09 06:15,23,7,16,0,0,0
2023-03-09 06:30,25,9,16,0,0,0
2023-03-09 06:45,60,19,41,0,0,0
2023-03-09 07:00,45,13,32,0,0,0
2023-03-09 07:15,80,31,49,0,0,0
2023-03-09 07:30,194,130,64,0,0,0
2023-03-09 07:45,189,91,98,0,0,0
2023-03-09 08:00,127,48,79,0,0,0
2023-03-09 08:15,91,40,51,0,0,0
2023-03-09 08:30,100,47,53,0,0,0
2023-03-09 08:45,143,52,91,0,0,0
2023-03-09 09:00,87,49,38,0,0,0
2023-03-09 09:15,56,27,29,0,0,0
2023-03-09 09:30,75,36,39,0,0,0
2023-03-09 09:45,85,43,42,0,0,0
2023-03-09 10:00,71,38,33,0,0,0
2023-03-09 10:15,66,31,35,0,0,0
2023-03-09 10:30,52,27,25,0,0,0
2023-03-09 10:45,65,38,27,0,0,0
2023-03-09 11:00,46,16,30,0,0,0
2023-03-09 11:15,67,43,24,0,0,0
2023-03-09 11:30,64,30,34,0,0,0
2023-03-09 11:45,61,35,26,0,0,0
2023-03-09 12:00,63,36,27,0,0,0
2023-03-09 12:15,105,41,64,0,0,0
2023-03-09 12:30,73,29,44,0,0,0
2023-03-09 12:45,66,24,42,0,0,0
2023-03-09 13:00,103,31,72,0,0,0
2023-03-09 13:15,87,23,64,0,0,0
2023-03-09 13:30,69,39,30,0,0,0
2023-03-09 13:45,81,40,41,0,0,0
2023-03-09 14:00,85,32,53,0,0,0
2023-03-09 14:15,87,48,39,0,0,0
2023-03-09 14:30,68,37,31,0,0,0
2023-03-09 14:45,91,43,48,0,0,0
2023-03-09 15:00,89,50,39,0,0,0
2023-03-09 15:15,76,51,25,0,0,0
2023-03-09 15:30,83,45,38,0,0,0
2023-03-09 15:45,115,57,58,0,0,0
2023-03-09 16:00,91,61,30,0,0,0
2023-03-09 16:15,117,60,57,0,0,0
2023-03-09 16:30,107,51,56,0,0,0
2023-03-09 16:45,80,45,35,0,0,0
2023-03-09 17:00,69,27,42,0,0,0
2023-03-09 17:15,78,37,41,0,0,0
2023-03-09 17:30,73,39,34,0,0,0
2023-03-09 17:45,77,38,39,0,0,0
2023-03-09 18:00,66,33,33,0,0,0
2023-03-09 18:15,62,33,29,0,0,0
2023-03-09 18:30,60,25,35,0,0,0
2023-03-09 18:45,77,29,48,0,0,0
2023-03-09 19:00,63,37,26,0,0,0
2023-03-09 19:15,54,22,32,0,0,0
2023-03-09 19:30,45,24,21,0,0,0
2023-03-09 19:45,48,23,25,0,0,0
2023-03-09 20:00,43,14,29,0,0,0
2023-03-09 20:15,42,15,27,0,0,0
2023-03-09 20:30,19,7,12,0,0,0
2023-03-09 20:45,12,4,8,0,0,0
2023-03-09 21:00,12,5,7,0,0,0
2023-03-09 21:15,25,14,11,0,0,0
2023-03-09 21:30,23,10,13,0,0,0
2023-03-09 21:45,24,7,17,0,0,0
2023-03-09 22:00,32,16,16,0,0,0
2023-03-09 22:15,21,8,13,0,0,0
2023-03-09 22:30,25,10,15,0,0,0
2023-03-09 22:45,14,2,12,0,0,0
2023-03-09 23:00,7,2,5,0,0,0
2023-03-09 23:15,18,8,10,0,0,0
2023-03-09 23:30,6,2,4,0,0,0
2023-03-09 23:45,6,2,4,0,0,0
2023-03-10 00:00,6,5,1,0,0,0
2023-03-10 00:15,8,4,4,0,0,0
2023-03-10 00:30,1,1,0,0,0,0
2023-03-10 00:45,2,1,1,0,0,0
2023-03-10 01:00,5,2,3,0,0,0
2023-03-10 01:15,0,0,0,0,0,0
2023-03-10 01:30,0,0,0,0,0,0
2023-03-10 01:45,5,0,5,0,0,0
2023-03-10 02:00,1,0,1,0,0,0
2023-03-10 02:15,0,0,0,0,0,0
2023-03-10 02:30,0,0,0,0,0,0
2023-03-10 02:45,1,0,1,0,0,0
2023-03-10 03:00,0,0,0,0,0,0
2023-03-10 03:15,0,0,0,0,0,0
2023-03-10 03:30,1,0,1,0,0,0
2023-03-10 03:45,0,0,0,0,0,0
2023-03-10 04:00,1,0,1,0,0,0
2023-03-10 04:15,0,0,0,0,0,0
2023-03-10 04:30,1,0,1,0,0,0
2023-03-10 04:45,3,1,2,0,0,0
2023-03-10 05:00,0,0,0,0,0,0
2023-03-10 05:15,3,1,2,0,0,0
2023-03-10 05:30,14,2,12,0,0,0
2023-03-10 05:45,10,4,6,0,0,0
2023-03-10 06:00,10,5,5,0,0,0
2023-03-10 06:15,16,4,12,0,0,0
2023-03-10 06:30,21,9,12,0,0,0
2023-03-10 06:45,39,19,20,0,0,0
2023-03-10 07:00,45,17,28,0,0,0
2023-03-10 07:15,70,28,42,0,0,0
2023-03-10 07:30,194,130,64,0,0,0
2023-03-10 07:45,154,70,84,0,0,0
2023-03-10 08:00,100,36,64,0,0,0
2023-03-10 08:15,96,41,55,0,0,0
2023-03-10 08:30,97,50,47,0,0,0
2023-03-10 08:45,115,52,63,0,0,0
2023-03-10 09:00,70,31,39,0,0,0
2023-03-10 09:15,59,32,27,0,0,0
2023-03-10 09:30,68,31,37,0,0,0
2023-03-10 09:45,67,44,23,0,0,0
2023-03-10 10:00,51,27,24,0,0,0
2023-03-10 10:15,42,21,21,0,0,0
2023-03-10 10:30,37,21,16,0,0,0
2023-03-10 10:45,38,21,17,0,0,0
2023-03-10 11:00,64,37,27,0,0,0
2023-03-10 11:15,59,31,28,0,0,0
2023-03-10 11:30,55,21,34,0,0,0
2023-03-10 11:45,73,40,33,0,0,0
2023-03-10 12:00,61,34,27,0,0,0
2023-03-10 12:15,78,34,44,0,0,0
2023-03-10 12:30,84,44,40,0,0,0
2023-03-10 12:45,71,38,33,0,0,0
2023-03-10 13:00,110,31,79,0,0,0
2023-03-10 13:15,100,38,62,0,0,0
2023-03-10 13:30,90,43,47,0,0,0
2023-03-10 13:45,70,40,30,0,0,0
2023-03-10 14:00,99,30,69,0,0,0
2023-03-10 14:15,93,54,39,0,0,0
2023-03-10 14:30,65,30,35,0,0,0
2023-03-10 14:45,91,38,53,0,0,0
2023-03-10 15:00,89,45,44,0,0,0
2023-03-10 15:15,79,45,34,0,0,0
2023-03-10 15:30,65,37,28,0,0,0
2023-03-10 15:45,66,37,29,0,0,0
2023-03-10 16:00,66,36,30,0,0,0
2023-03-10 16:15,53,25,28,0,0,0
2023-03-10 16:30,43,18,25,0,0,0
2023-03-10 16:45,65,37,28,0,0,0
2023-03-10 17:00,50,28,22,0,0,0
2023-03-10 17:15,36,15,21,0,0,0
2023-03-10 17:30,36,24,12,0,0,0
2023-03-10 17:45,44,28,16,0,0,0
2023-03-10 18:00,31,17,14,0,0,0
2023-03-10 18:15,26,12,14,0,0,0
2023-03-10 18:30,26,11,15,0,0,0
2023-03-10 18:45,38,23,15,0,0,0
2023-03-10 19:00,25,12,13,0,0,0
2023-03-10 19:15,29,19,10,0,0,0
2023-03-10 19:30,26,12,14,0,0,0
2023-03-10 19:45,23,5,18,0,0,0
2023-03-10 20:00,16,11,5,0,0,0
2023-03-10 20:15,26,12,14,0,0,0
2023-03-10 20:30,16,4,12,0,0,0
2023-03-10 20:45,4,1,3,0,0,0
2023-03-10 21:00,31,16,15,0,0,0
2023-03-10 21:15,14,8,6,0,0,0
2023-03-10 21:30,16,10,6,0,0,0
2023-03-10 21:45,6,2,4,0,0,0
2023-03-10 22:00,12,6,6,0,0,0
2023-03-10 22:15,11,3,8,0,0,0
2023-03-10 22:30,10,2,8,0,0,0
2023-03-10 22:45,10,6,4,0,0,0
2023-03-10 23:00,4,0,4,0,0,0
2023-03-10 23:15,4,0,4,0,0,0
2023-03-10 23:30,9,4,5,0,0,0
2023-03-10 23:45,2,0,2,0,0,0
2023-03-11 00:00,10,5,5,0,0,0
2023-03-11 00:15,6,0,6,0,0,0
2023-03-11 00:30,4,0,4,0,0,0
2023-03-11 00:45,14,5,9,0,0,0
2023-03-11 01:00,11,8,3,0,0,0
2023-03-11 01:15,8,4,4,0,0,0
2023-03-11 01:30,5,2,3,0,0,0
2023-03-11 01:45,6,0,6,0,0,0
2023-03-11 02:00,4,1,3,0,0,0
2023-03-11 02:15,5,1,4,0,0,0
2023-03-11 02:30,0,0,0,0,0,0
2023-03-11 02:45,5,2,3,0,0,0
2023-03-11 03:00,3,0,3,0,0,0
2023-03-11 03:15,11,2,9,0,0,0
2023-03-11 03:30,2,0,2,0,0,0
2023-03-11 03:45,2,0,2,0,0,0
2023-03-11 04:00,1,0,1,0,0,0
2023-03-11 04:15,1,0,1,0,0,0
2023-03-11 04:30,1,1,0,0,0,0
2023-03-11 04:45,5,0,5,0,0,0
2023-03-11 05:00,0,0,0,0,0,0
2023-03-11 05:15,1,0,1,0,0,0
2023-03-11 05:30,6,0,6,0,0,0
2023-03-11 05:45,7,2,5,0,0,0
2023-03-11 06:00,3,1,2,0,0,0
2023-03-11 06:15,6,5,1,0,0,0
2023-03-11 06:30,5,5,0,0,0,0
2023-03-11 06:45,9,5,4,0,0,0
2023-03-11 07:00,9,6,3,0,0,0
2023-03-11 07:15,6,3,3,0,0,0
2023-03-11 07:30,19,9,10,0,0,0
2023-03-11 07:45,11,7,4,0,0,0
2023-03-11 08:00,15,8,7,0,0,0
2023-03-11 08:15,17,11,6,0,0,0
2023-03-11 08:30,19,13,6,0,0,0
2023-03-11 08:45,28,18,10,0,0,0
2023-03-11 09:00,33,20,13,0,0,0
2023-03-11 09:15,36,28,8,0,0,0
2023-03-11 09:30,56,43,13,0,0,0
2023-03-11 09:45,67,49,18,0,0,0
2023-03-11 10:00,63,44,19,0,0,0
2023-03-11 10:15,54,36,18,0,0,0
2023-03-11 10:30,57,34,23,0,0,0
2023-03-11 10:45,82,50,32,0,0,0
2023-03-11 11:00,67,53,14,0,0,0
2023-03-11 11:15,70,39,31,0,0,0
2023-03-11 11:30,71,47,24,0,0,0
2023-03-11 11:45,101,59,42,0,0,0
2023-03-11 12:00,94,52,42,0,0,0
2023-03-11 12:15,99,49,50,0,0,0
2023-03-11 12:30,71,40,31,0,0,0
2023-03-11 12:45,112,39,73,0,0,0
2023-03-11 13:00,69,32,37,0,0,0
2023-03-11 13:15,94,46,48,0,0,0
2023-03-11 13:30,77,30,47,0,0,0
2023-03-11 13:45,83,33,50,0,0,0
2023-03-11 14:00,94,45,49,0,0,0
2023-03-11 14:15,107,52,55,0,0,0
2023-03-11 14:30,92,27,65,0,0,0
2023-03-11 14:45,99,39,60,0,0,0
2023-03-11 15:00,78,36,42,0,0,0
2023-03-11 15:15,95,35,60,0,0,0
2023-03-11 15:30,67,32,35,0,0,0
2023-03-11 15:45,100,62,38,0,0,0
2023-03-11 16:00,60,22,38,0,0,0
2023-03-11 16:15,60,25,35,0,0,0
2023-03-11 16:30,56,24,32,0,0,0
2023-03-11 16:45,59,29,30,0,0,0
2023-03-11 17:00,71,17,54,0,0,0
2023-03-11 17:15,74,37,37,0,0,0
2023-03-11 17:30,57,30,27,0,0,0
2023-03-11 17:45,65,21,44,0,0,0
2023-03-11 18:00,68,28,40,0,0,0
2023-03-11 18:15,72,34,38,0,0,0
2023-03-11 18:30,36,15,21,0,0,0
2023-03-11 18:45,47,19,28,0,0,0
2023-03-11 19:00,60,18,42,0,0,0
2023-03-11 19:15,39,16,23,0,0,0
2023-03-11 19:30,46,23,23,0,0,0
2023-03-11 19:45,43,18,25,0,0,0
2023-03-11 20:00,39,12,27,0,0,0
2023-03-11 20:15,40,18,22,0,0,0
2023-03-11 20:30,45,9,36,0,0,0
2023-03-11 20:45,23,15,8,0,0,0
2023-03-11 21:00,22,13,9,0,0,0
2023-03-11 21:15,8,0,8,0,0,0
2023-03-11 21:30,25,4,21,0,0,0
2023-03-11 21:45,22,3,19,0,0,0
2023-03-11 22:00,30,11,19,0,0,0
2023-03-11 22:15,23,5,18,0,0,0
2023-03-11 22:30,16,3,13,0,0,0
2023-03-11 22:45,9,2,7,0,0,0
2023-03-11 23:00,19,4,15,0,0,0
2023-03-11 23:15,24,7,17,0,0,0
2023-03-11 23:30,19,6,13,0,0,0
2023-03-11 23:45,31,15,16,0,0,0
2023-03-12 00:00,20,10,10,0,0,0
2023-03-12 00:15,20,9,11,0,0,0
2023-03-12 00:30,10,1,9,0,0,0
2023-03-12 00:45,19,9,10,0,0,0
2023-03-12 01:00,14,4,10,0,0,0
2023-03-12 01:15,17,9,8,0,0,0
2023-03-12 01:30,6,4,2,0,0,0
2023-03-12 01:45,10,4,6,0,0,0
2023-03-12 02:00,8,1,7,0,0,0
2023-03-12 02:15,12,1,11,0,0,0
2023-03-12 02:30,6,1,5,0,0,0
2023-03-12 02:45,3,2,1,0,0,0
2023-03-12 03:00,6,2,4,0,0,0
2023-03-12 03:15,1,0,1,0,0,0
2023-03-12 03:30,19,7,12,0,0,0
2023-03-12 03:45,13,6,7,0,0,0
2023-03-12 04:00,3,1,2,0,0,0
2023-03-12 04:15,3,0,3,0,0,0
2023-03-12 04:30,1,0,1,0,0,0
2023-03-12 04:45,4,0,4,0,0,0
2023-03-12 05:00,6,1,5,0,0,0
2023-03-12 05:15,2,0,2,0,0,0
2023-03-12 05:30,7,1,6,0,0,0
2023-03-12 05:45,2,0,2,0,0,0
2023-03-12 06:00,6,2,4,0,0,0
2023-03-12 06:15,4,2,2,0,0,0
2023-03-12 06:30,5,3,2,0,0,0
2023-03-12 06:45,4,2,2,0,0,0
2023-03-12 07:00,2,2,0,0,0,0
2023-03-12 07:15,6,4,2,0,0,0
2023-03-12 07:30,2,0,2,0,0,0
2023-03-12 07:45,5,3,2,0,0,0
2023-03-12 08:00,2,1,1,0,0,0
2023-03-12 08:15,8,7,1,0,0,0
2023-03-12 08:30,5,3,2,0,0,0
2023-03-12 08:45,7,4,3,0,0,0
2023-03-12 09:00,4,2,2,0,0,0
2023-03-12 09:15,18,17,1,0,0,0
2023-03-12 09:30,12,5,7,0,0,0
2023-03-12 09:45,36,21,15,0,0,0
2023-03-12 10:00,21,19,2,0,0,0
2023-03-12 10:15,16,10,6,0,0,0
2023-03-12 10:30,19,10,9,0,0,0
2023-03-12 10:45,21,19,2,0,0,0
2023-03-12 11:00,24,18,6,0,0,0
2023-03-12 11:15,21,11,10,0,0,0
2023-03-12 11:30,20,6,14,0,0,0
2023-03-12 11:45,21,12,9,0,0,0
2023-03-12 12:00,23,12,11,0,0,0
2023-03-12 12:15,43,13,30,0,0,0
2023-03-12 12:30,24,10,14,0,0,0
2023-03-12 12:45,37,12,25,0,0,0
2023-03-12 13:00,27,13,14,0,0,0
2023-03-12 13:15,25,6,19,0,0,0
2023-03-12 13:30,26,11,15,0,0,0
2023-03-12 13:45,15,1,14,0,0,0
2023-03-12 14:00,28,9,19,0,0,0
2023-03-12 14:15,37,20,17,0,0,0
2023-03-12 14:30,44,15,29,0,0,0
2023-03-12 14:45,34,17,17,0,0,0
2023-03-12 15:00,38,20,18,0,0,0
2023-03-12 15:15,32,18,14,0,0,0
2023-03-12 15:30,46,25,21,0,0,0
2023-03-12 15:45,48,30,18,0,0,0
2023-03-12 16:00,42,21,21,0,0,0
2023-03-12 16:15,45,24,21,0,0,0
2023-03-12 16:30,42,20,22,0,0,0
2023-03-12 16:45,43,30,13,0,0,0
2023-03-12 17:00,35,13,22,0,0,0
2023-03-12 17:15,42,19,23,0,0,0
2023-03-12 17:30,37,20,17,0,0,0
2023-03-12 17:45,20,10,10,0,0,0
2023-03-12 18:00,36,15,21,0,0,0
2023-03-12 18:15,41,29,12,0,0,0
2023-03-12 18:30,37,15,22,0,0,0
2023-03-12 18:45,33,11,22,0,0,0
2023-03-12 19:00,37,22,15,0,0,0
2023-03-12 19:15,33,15,18,0,0,0
2023-03-12 19:30,23,8,15,0,0,0
2023-03-12 19:45,46,19,27,0,0,0
2023-03-12 20:00,26,7,19,0,0,0
2023-03-12 20:15,20,4,16,0,0,0
2023-03-12 20:30,20,3,17,0,0,0
2023-03-12 20:45,14,4,10,0,0,0
2023-03-12 21:00,20,5,15,0,0,0
2023-03-12 21:15,14,11,3,0,0,0
2023-03-12 21:30,17,7,10,0,0,0
2023-03-12 21:45,17,4,13,0,0,0
2023-03-12 22:00,14,2,12,0,0,0
2023-03-12 22:15,5,1,4,0,0,0
2023-03-12 22:30,5,1,4,0,0,0
2023-03-12 22:45,14,1,13,0,0,0
2023-03-12 23:00,7,2,5,0,0,0
2023-03-12 23:15,9,0,9,0,0,0
2023-03-12 23:30,3,0,3,0,0,0
2023-03-12 23:45,2,1,1,0,0,0
2023-03-13 00:00,5,2,3,0,0,0
2023-03-13 00:15,0,0,0,0,0,0
2023-03-13 00:30,0,0,0,0,0,0
2023-03-13 00:45,2,0,2,0,0,0
2023-03-13 01:00,0,0,0,0,0,0
2023-03-13 01:15,0,0,0,0,0,0
2023-03-13 01:30,0,0,0,0,0,0
2023-03-13 01:45,3,2,1,0,0,0
2023-03-13 02:00,1,1,0,0,0,0
2023-03-13 02:15,0,0,0,0,0,0
2023-03-13 02:30,2,0,2,0,0,0
2023-03-13 02:45,0,0,0,0,0,0
2023-03-13 03:00,0,0,0,0,0,0
2023-03-13 03:15,1,0,1,0,0,0
2023-03-13 03:30,0,0,0,0,0,0
2023-03-13 03:45,0,0,0,0,0,0
2023-03-13 04:00,0,0,0,0,0,0
2023-03-13 04:15,0,0,0,0,0,0
2023-03-13 04:30,0,0,0,0,0,0
2023-03-13 04:45,0,0,0,0,0,0
2023-03-13 05:00,0,0,0,0,0,0
2023-03-13 05:15,4,3,1,0,0,0
2023-03-13 05:30,12,2,10,0,0,0
2023-03-13 05:45,9,4,5,0,0,0
2023-03-13 06:00,13,8,5,0,0,0
2023-03-13 06:15,19,5,14,0,0,0
2023-03-13 06:30,36,14,22,0,0,0
2023-03-13 06:45,56,18,38,0,0,0
2023-03-13 07:00,61,24,37,0,0,0
2023-03-13 07:15,72,36,36,0,0,0
2023-03-13 07:30,207,134,73,0,0,0
2023-03-13 07:45,178,72,106,0,0,0
2023-03-13 08:00,120,40,80,0,0,0
2023-03-13 08:15,118,57,61,0,0,0
2023-03-13 08:30,117,51,66,0,0,0
2023-03-13 08:45,158,73,85,0,0,0
2023-03-13 09:00,76,44,32,0,0,0
2023-03-13 09:15,55,33,22,0,0,0
2023-03-13 09:30,74,37,37,0,0,0
2023-03-13 09:45,100,53,47,0,0,0
2023-03-13 10:00,70,35,35,0,0,0
2023-03-13 10:15,52,28,24,0,0,0
2023-03-13 10:30,61,35,26,0,0,0
2023-03-13 10:45,71,42,29,0,0,0
2023-03-13 11:00,60,36,24,0,0,0
2023-03-13 11:15,60,29,31,0,0,0
2023-03-13 11:30,65,27,38,0,0,0
2023-03-13 11:45,73,34,39,0,0,0
2023-03-13 12:00,77,32,45,0,0,0
2023-03-13 12:15,92,27,65,0,0,0
2023-03-13 12:30,86,43,43,0,0,0
2023-03-13 12:45,72,37,35,0,0,0
2023-03-13 13:00,84,29,55,0,0,0
2023-03-13 13:15,91,38,53,0,0,0
2023-03-13 13:30,76,42,34,0,0,0
2023-03-13 13:45,83,45,38,0,0,0
2023-03-13 14:00,113,37,76,0,0,0
2023-03-13 14:15,96,53,43,0,0,0
2023-03-13 14:30,86,46,40,0,0,0
2023-03-13 14:45,110,48,62,0,0,0
2023-03-13 15:00,87,36,51,0,0,0
2023-03-13 15:15,113,50,63,0,0,0
2023-03-13 15:30,120,62,58,0,0,0
2023-03-13 15:45,131,57,74,0,0,0
2023-03-13 16:00,131,86,45,0,0,0
2023-03-13 16:15,116,62,54,0,0,0
2023-03-13 16:30,113,58,55,0,0,0
2023-03-13 16:45,141,60,81,0,0,0
2023-03-13 17:00,123,66,57,0,0,0
2023-03-13 17:15,122,65,57,0,0,0
2023-03-13 17:30,110,56,54,0,0,0
2023-03-13 17:45,129,53,76,0,0,0
2023-03-13 18:00,104,41,63,0,0,0
2023-03-13 18:15,98,47,51,0,0,0
2023-03-13 18:30,80,43,37,0,0,0
2023-03-13 18:45,105,49,56,0,0,0
2023-03-13 19:00,74,27,47,0,0,0
2023-03-13 19:15,89,37,52,0,0,0
2023-03-13 19:30,44,26,18,0,0,0
2023-03-13 19:45,47,23,24,0,0,0
2023-03-13 20:00,64,26,38,0,0,0
2023-03-13 20:15,35,8,27,0,0,0
2023-03-13 20:30,27,5,22,0,0,0
2023-03-13 20:45,22,8,14,0,0,0
2023-03-13 21:00,51,23,28,0,0,0
2023-03-13 21:15,34,11,23,0,0,0
2023-03-13 21:30,34,3,31,0,0,0
2023-03-13 21:45,13,1,12,0,0,0
2023-03-13 22:00,21,6,15,0,0,0
2023-03-13 22:15,14,1,13,0,0,0
2023-03-13 22:30,13,7,6,0,0,0
2023-03-13 22:45,19,2,17,0,0,0
2023-03-13 23:00,17,1,16,0,0,0
2023-03-13 23:15,12,4,8,0,0,0
2023-03-13 23:30,8,2,6,0,0,0
2023-03-13 23:45,8,2,6,0,0,0
2023-03-14 00:00,3,2,1,0,0,0
2023-03-14 00:15,5,1,4,0,0,0
2023-03-14 00:30,8,5,3,0,0,0
2023-03-14 00:45,1,0,1,0,0,0
2023-03-14 01:00,1,0,1,0,0,0
2023-03-14 01:15,1,0,1,0,0,0
2023-03-14 01:30,2,0,2,0,0,0
2023-03-14 01:45,5,1,4,0,0,0
2023-03-14 02:00,0,0,0,0,0,0
2023-03-14 02:15,2,0,2,0,0,0
2023-03-14 02:30,0,0,0,0,0,0
2023-03-14 02:45,1,0,1,0,0,0
2023-03-14 03:00,0,0,0,0,0,0
2023-03-14 03:15,1,0,1,0,0,0
2023-03-14 03:30,0,0,0,0,0,0
2023-03-14 03:45,1,1,0,0,0,0
2023-03-14 04:00,0,0,0,0,0,0
2023-03-14 04:15,1,0,1,0,0,0
2023-03-14 04:30,0,0,0,0,0,0
2023-03-14 04:45,0,0,0,0,0,0
2023-03-14 05:00,0,0,0,0,0,0
2023-03-14 05:15,3,1,2,0,0,0
2023-03-14 05:30,14,4,10,0,0,0
2023-03-14 05:45,13,4,9,0,0,0
2023-03-14 06:00,15,5,10,0,0,0
2023-03-14 06:15,17,10,7,0,0,0
2023-03-14 06:30,46,20,26,0,0,0
2023-03-14 06:45,58,19,39,0,0,0
2023-03-14 07:00,72,24,48,0,0,0
2023-03-14 07:15,91,30,61,0,0,0
2023-03-14 07:30,221,163,58,0,0,0
2023-03-14 07:45,201,88,113,0,0,0
2023-03-14 08:00,146,49,97,0,0,0
2023-03-14 08:15,129,44,85,0,0,0
2023-03-14 08:30,131,55,76,0,0,0
2023-03-14 08:45,170,73,97,0,0,0
2023-03-14 09:00,88,43,45,0,0,0
2023-03-14 09:15,59,28,31,0,0,0
2023-03-14 09:30,71,42,29,0,0,0
2023-03-14 09:45,52,27,25,0,0,0
2023-03-14 10:00,58,26,32,0,0,0
2023-03-14 10:15,40,17,23,0,0,0
2023-03-14 10:30,29,17,12,0,0,0
2023-03-14 10:45,40,17,23,0,0,0
2023-03-14 11:00,36,22,14,0,0,0
2023-03-14 11:15,50,26,24,0,0,0
2023-03-14 11:30,63,39,24,0,0,0
2023-03-14 11:45,58,28,30,0,0,0
2023-03-14 12:00,60,32,28,0,0,0
2023-03-14 12:15,83,36,47,0,0,0
2023-03-14 12:30,79,29,50,0,0,0
2023-03-14 12:45,91,36,55,0,0,0
2023-03-14 13:00,71,18,53,0,0,0
2023-03-14 13:15,88,30,58,0,0,0
2023-03-14 13:30,84,45,39,0,0,0
2023-03-14 13:45,82,44,38,0,0,0
2023-03-14 14:00,83,43,40,0,0,0
2023-03-14 14:15,83,39,44,0,0,0
2023-03-14 14:30,93,55,38,0,0,0
2023-03-14 14:45,98,53,45,0,0,0
2023-03-14 15:00,91,51,40,0,0,0
2023-03-14 15:15,94,52,42,0,0,0
2023-03-14 15:30,133,63,70,0,0,0
2023-03-14 15:45,109,74,35,0,0,0
2023-03-14 16:00,113,60,53,0,0,0
2023-03-14 16:15,140,77,63,0,0,0
2023-03-14 16:30,123,58,65,0,0,0
2023-03-14 16:45,122,67,55,0,0,0
2023-03-14 17:00,101,47,54,0,0,0
2023-03-14 17:15,101,58,43,0,0,0
2023-03-14 17:30,99,60,39,0,0,0
2023-03-14 17:45,116,61,55,0,0,0
2023-03-14 18:00,115,55,60,0,0,0
2023-03-14 18:15,93,46,47,0,0,0
2023-03-14 18:30,93,31,62,0,0,0
2023-03-14 18:45,75,36,39,0,0,0
2023-03-14 19:00,66,22,44,0,0,0
2023-03-14 19:15,76,38,38,0,0,0
2023-03-14 19:30,67,33,34,0,0,0
2023-03-14 19:45,71,40,31,0,0,0
2023-03-14 20:00,46,8,38,0,0,0
2023-03-14 20:15,36,13,23,0,0,0
2023-03-14 20:30,29,12,17,0,0,0
2023-03-14 20:45,31,6,25,0,0,0
2023-03-14 21:00,40,12,28,0,0,0
2023-03-14 21:15,23,12,11,0,0,0
2023-03-14 21:30,28,8,20,0,0,0
2023-03-14 21:45,31,6,25,0,0,0
2023-03-14 22:00,25,8,17,0,0,0
2023-03-14 22:15,20,4,16,0,0,0
2023-03-14 22:30,20,10,10,0,0,0
2023-03-14 22:45,19,2,17,0,0,0
2023-03-14 23:00,12,1,11,0,0,0
2023-03-14 23:15,10,3,7,0,0,0
2023-03-14 23:30,16,5,11,0,0,0
2023-03-14 23:45,5,0,5,0,0,0
2023-03-15 00:00,2,0,2,0,0,0
2023-03-15 00:15,2,2,0,0,0,0
2023-03-15 00:30,1,0,1,0,0,0
2023-03-15 00:45,4,1,3,0,0,0
2023-03-15 01:00,4,0,4,0,0,0
2023-03-15 01:15,2,2,0,0,0,0
2023-03-15 01:30,0,0,0,0,0,0
2023-03-15 01:45,0,0,0,0,0,0
2023-03-15 02:00,0,0,0,0,0,0
2023-03-15 02:15,0,0,0,0,0,0
2023-03-15 02:30,0,0,0,0,0,0
2023-03-15 02:45,0,0,0,0,0,0
2023-03-15 03:00,2,0,2,0,0,0
2023-03-15 03:15,2,0,2,0,0,0
2023-03-15 03:30,0,0,0,0,0,0
2023-03-15 03:45,2,2,0,0,0,0
2023-03-15 04:00,0,0,0,0,0,0
2023-03-15 04:15,0,0,0,0,0,0
2023-03-15 04:30,0,0,0,0,0,0
2023-03-15 04:45,1,0,1,0,0,0
2023-03-15 05:00,0,0,0,0,0,0
2023-03-15 05:15,8,5,3,0,0,0
2023-03-15 05:30,19,8,11,0,0,0
2023-03-15 05:45,12,4,8,0,0,0
2023-03-15 06:00,13,6,7,0,0,0
2023-03-15 06:15,19,8,11,0,0,0
2023-03-15 06:30,40,18,22,0,0,0
2023-03-15 06:45,69,24,45,0,0,0
2023-03-15 07:00,62,26,36,0,0,0
2023-03-15 07:15,90,37,53,0,0,0
2023-03-15 07:30,237,158,79,0,0,0
2023-03-15 07:45,180,88,92,0,0,0
2023-03-15 08:00,180,60,120,0,0,0
2023-03-15 08:15,128,54,74,0,0,0
2023-03-15 08:30,122,53,69,0,0,0
2023-03-15 08:45,148,71,77,0,0,0
2023-03-15 09:00,119,63,56,0,0,0
2023-03-15 09:15,92,55,37,0,0,0
2023-03-15 09:30,99,56,43,0,0,0
2023-03-15 09:45,110,65,45,0,0,0
2023-03-15 10:00,91,50,41,0,0,0
2023-03-15 10:15,73,39,34,0,0,0
2023-03-15 10:30,80,41,39,0,0,0
2023-03-15 10:45,114,62,52,0,0,0
2023-03-15 11:00,75,46,29,0,0,0
2023-03-15 11:15,97,54,43,0,0,0
2023-03-15 11:30,83,35,48,0,0,0
2023-03-15 11:45,95,56,39,0,0,0
2023-03-15 12:00,119,55,64,0,0,0
2023-03-15 12:15,102,39,63,0,0,0
2023-03-15 12:30,112,38,74,0,0,0
2023-03-15 12:45,115,55,60,0,0,0
2023-03-15 13:00,138,52,86,0,0,0
2023-03-15 13:15,119,51,68,0,0,0
2023-03-15 13:30,105,40,65,0,0,0
2023-03-15 13:45,119,59,60,0,0,0
2023-03-15 14:00,116,42,74,0,0,0
2023-03-15 14:15,118,56,62,0,0,0
2023-03-15 14:30,117,43,74,0,0,0
2023-03-15 14:45,126,60,66,0,0,0
2023-03-15 15:00,120,57,63,0,0,0
2023-03-15 15:15,109,61,48,0,0,0
2023-03-15 15:30,157,76,81,0,0,0
2023-03-15 15:45,120,66,54,0,0,0
2023-03-15 16:00,121,85,36,0,0,0
2023-03-15 16:15,147,74,73,0,0,0
2023-03-15 16:30,129,62,67,0,0,0
2023-03-15 16:45,153,68,85,0,0,0
2023-03-15 17:00,113,51,62,0,0,0
2023-03-15 17:15,158,89,69,0,0,0
2023-03-15 17:30,118,57,61,0,0,0
2023-03-15 17:45,118,46,72,0,0,0
2023-03-15 18:00,110,50,60,0,0,0
2023-03-15 18:15,120,67,53,0,0,0
2023-03-15 18:30,98,43,55,0,0,0
2023-03-15 18:45,103,59,44,0,0,0
2023-03-15 19:00,67,31,36,0,0,0
2023-03-15 19:15,72,28,44,0,0,0
2023-03-15 19:30,64,24,40,0,0,0
2023-03-15 19:45,52,28,24,0,0,0
2023-03-15 20:00,43,18,25,0,0,0
2023-03-15 20:15,60,21,39,0,0,0
2023-03-15 20:30,50,24,26,0,0,0
2023-03-15 20:45,42,12,30,0,0,0
2023-03-15 21:00,37,10,27,0,0,0
2023-03-15 21:15,35,11,24,0,0,0
2023-03-15 21:30,43,9,34,0,0,0
2023-03-15 21:45,56,18,38,0,0,0
2023-03-15 22:00,32,6,26,0,0,0
2023-03-15 22:15,29,2,27,0,0,0
2023-03-15 22:30,36,17,19,0,0,0
2023-03-15 22:45,33,8,25,0,0,0
2023-03-15 23:00,21,5,16,0,0,0
2023-03-15 23:15,27,14,13,0,0,0
2023-03-15 23:30,10,4,6,0,0,0
2023-03-15 23:45,14,2,12,0,0,0
2023-03-16 00:00,11,5,6,0,0,0
2023-03-16 00:15,6,4,2,0,0,0
2023-03-16 00:30,6,1,5,0,0,0
2023-03-16 00:45,17,15,2,0,0,0
2023-03-16 01:00,7,2,5,0,0,0
2023-03-16 01:15,4,1,3,0,0,0
2023-03-16 01:30,3,0,3,0,0,0
2023-03-16 01:45,1,0,1,0,0,0
2023-03-16 02:00,4,1,3,0,0,0
2023-03-16 02:15,7,0,7,0,0,0
2023-03-16 02:30,2,0,2,0,0,0
2023-03-16 02:45,3,0,3,0,0,0
2023-03-16 03:00,6,0,6,0,0,0
2023-03-16 03:15,7,1,6,0,0,0
2023-03-16 03:30,1,0,1,0,0,0
2023-03-16 03:45,2,0,2,0,0,0
2023-03-16 04:00,3,0,3,0,0,0
2023-03-16 04:15,1,0,1,0,0,0
2023-03-16 04:30,2,0,2,0,0,0
2023-03-16 04:45,0,0,0,0,0,0
2023-03-16 05:00,2,0,2,0,0,0
2023-03-16 05:15,2,0,2,0,0,0
2023-03-16 05:30,18,3,15,0,0,0
2023-03-16 05:45,13,5,8,0,0,0
2023-03-16 06:00,13,7,6,0,0,0
2023-03-16 06:15,19,8,11,0,0,0
2023-03-16 06:30,38,12,26,0,0,0
2023-03-16 06:45,62,22,40,0,0,0
2023-03-16 07:00,57,25,32,0,0,0
2023-03-16 07:15,95,27,68,0,0,0
2023-03-16 07:30,236,154,82,0,0,0
2023-03-16 07:45,231,99,132,0,0,0
2023-03-16 08:00,141,48,93,0,0,0
2023-03-16 08:15,114,48,66,0,0,0
2023-03-16 08:30,118,57,61,0,0,0
2023-03-16 08:45,151,77,74,0,0,0
2023-03-16 09:00,97,51,46,0,0,0
2023-03-16 09:15,84,53,31,0,0,0
2023-03-16 09:30,89,40,49,0,0,0
2023-03-16 09:45,79,37,42,0,0,0
2023-03-16 10:00,83,41,42,0,0,0
2023-03-16 10:15,69,37,32,0,0,0
2023-03-16 10:30,76,37,39,0,0,0
2023-03-16 10:45,77,42,35,0,0,0
2023-03-16 11:00,54,31,23,0,0,0
2023-03-16 11:15,80,39,41,0,0,0
2023-03-16 11:30,74,29,45,0,0,0
2023-03-16 11:45,80,32,48,0,0,0
2023-03-16 12:00,80,42,38,0,0,0
2023-03-16 12:15,86,30,56,0,0,0
2023-03-16 12:30,96,35,61,0,0,0
2023-03-16 12:45,89,42,47,0,0,0
2023-03-16 13:00,151,60,91,0,0,0
2023-03-16 13:15,124,41,83,0,0,0
2023-03-16 13:30,73,38,35,0,0,0
2023-03-16 13:45,94,49,45,0,0,0
2023-03-16 14:00,81,34,47,0,0,0
2023-03-16 14:15,95,50,45,0,0,0
2023-03-16 14:30,96,50,46,0,0,0
2023-03-16 14:45,134,65,69,0,0,0
2023-03-16 15:00,125,61,64,0,0,0
2023-03-16 15:15,103,65,38,0,0,0
2023-03-16 15:30,107,44,63,0,0,0
2023-03-16 15:45,129,85,44,0,0,0
2023-03-16 16:00,131,80,51,0,0,0
2023-03-16 16:15,138,73,65,0,0,0
2023-03-16 16:30,134,69,65,0,0,0
2023-03-16 16:45,120,65,55,0,0,0
2023-03-16 17:00,126,64,62,0,0,0
2023-03-16 17:15,129,65,64,0,0,0
2023-03-16 17:30,133,60,73,0,0,0
2023-03-16 17:45,120,57,63,0,0,0
2023-03-16 18:00,124,54,70,0,0,0
2023-03-16 18:15,102,42,60,0,0,0
2023-03-16 18:30,125,38,87,0,0,0
2023-03-16 18:45,88,39,49,0,0,0
2023-03-16 19:00,97,45,52,0,0,0
2023-03-16 19:15,74,40,34,0,0,0
2023-03-16 19:30,88,35,53,0,0,0
2023-03-16 19:45,56,28,28,0,0,0
2023-03-16 20:00,51,24,27,0,0,0
2023-03-16 20:15,64,25,39,0,0,0
2023-03-16 20:30,32,12,20,0,0,0
2023-03-16 20:45,26,7,19,0,0,0
2023-03-16 21:00,29,9,20,0,0,0
2023-03-16 21:15,42,15,27,0,0,0
2023-03-16 21:30,20,3,17,0,0,0
2023-03-16 21:45,30,8,22,0,0,0
2023-03-16 22:00,32,13,19,0,0,0
2023-03-16 22:15,27,8,19,0,0,0
2023-03-16 22:30,30,12,18,0,0,0
2023-03-16 22:45,34,4,30,0,0,0
2023-03-16 23:00,21,4,17,0,0,0
2023-03-16 23:15,18,4,14,0,0,0
2023-03-16 23:30,15,6,9,0,0,0
2023-03-16 23:45,23,10,13,0,0,0
2023-03-17 00:00,9,0,9,0,0,0
2023-03-17 00:15,5,1,4,0,0,0
2023-03-17 00:30,1,0,1,0,0,0
2023-03-17 00:45,3,1,2,0,0,0
2023-03-17 01:00,0,0,0,0,0,0
2023-03-17 01:15,0,0,0,0,0,0
2023-03-17 01:30,3,2,1,0,0,0
2023-03-17 01:45,3,1,2,0,0,0
2023-03-17 02:00,1,1,0,0,0,0
2023-03-17 02:15,0,0,0,0,0,0
2023-03-17 02:30,3,1,2,0,0,0
2023-03-17 02:45,0,0,0,0,0,0
2023-03-17 03:00,2,1,1,0,0,0
2023-03-17 03:15,0,0,0,0,0,0
2023-03-17 03:30,1,0,1,0,0,0
2023-03-17 03:45,4,0,4,0,0,0
2023-03-17 04:00,0,0,0,0,0,0
2023-03-17 04:15,1,0,1,0,0,0
2023-03-17 04:30,0,0,0,0,0,0
2023-03-17 04:45,2,1,1,0,0,0
2023-03-17 05:00,1,1,0,0,0,0
2023-03-17 05:15,2,2,0,0,0,0
2023-03-17 05:30,12,5,7,0,0,0
2023-03-17 05:45,17,7,10,0,0,0
2023-03-17 06:00,10,5,5,0,0,0
2023-03-17 06:15,27,10,17,0,0,0
2023-03-17 06:30,41,22,19,0,0,0
2023-03-17 06:45,45,9,36,0,0,0
2023-03-17 07:00,56,26,30,0,0,0
2023-03-17 07:15,79,21,58,0,0,0
2023-03-17 07:30,238,160,78,0,0,0
2023-03-17 07:45,179,70,109,0,0,0
2023-03-17 08:00,131,40,91,0,0,0
2023-03-17 08:15,137,56,81,0,0,0
2023-03-17 08:30,117,60,57,0,0,0
2023-03-17 08:45,133,59,74,0,0,0
2023-03-17 09:00,97,55,42,0,0,0
2023-03-17 09:15,74,41,33,0,0,0
2023-03-17 09:30,78,47,31,0,0,0
2023-03-17 09:45,94,56,38,0,0,0
2023-03-17 10:00,66,38,28,0,0,0
2023-03-17 10:15,63,47,16,0,0,0
2023-03-17 10:30,51,27,24,0,0,0
2023-03-17 10:45,72,37,35,0,0,0
2023-03-17 11:00,60,19,41,0,0,0
2023-03-17 11:15,78,40,38,0,0,0
2023-03-17 11:30,77,37,40,0,0,0
2023-03-17 11:45,77,44,33,0,0,0
2023-03-17 12:00,88,59,29,0,0,0
2023-03-17 12:15,127,54,73,0,0,0
2023-03-17 12:30,121,58,63,0,0,0
2023-03-17 12:45,82,42,40,0,0,0
2023-03-17 13:00,142,59,83,0,0,0
2023-03-17 13:15,132,46,86,0,0,0
2023-03-17 13:30,111,58,53,0,0,0
2023-03-17 13:45,117,57,60,0,0,0
2023-03-17 14:00,140,69,71,0,0,0
2023-03-17 14:15,125,63,62,0,0,0
2023-03-17 14:30,105,54,51,0,0,0
2023-03-17 14:45,127,63,64,0,0,0
2023-03-17 15:00,128,57,71,0,0,0
2023-03-17 15:15,120,79,41,0,0,0
2023-03-17 15:30,115,74,41,0,0,0
2023-03-17 15:45,119,65,54,0,0,0
2023-03-17 16:00,127,68,59,0,0,0
2023-03-17 16:15,122,63,59,0,0,0
2023-03-17 16:30,105,60,45,0,0,0
2023-03-17 16:45,112,48,64,0,0,0
2023-03-17 17:00,101,35,66,0,0,0
2023-03-17 17:15,100,49,51,0,0,0
2023-03-17 17:30,113,54,59,0,0,0
2023-03-17 17:45,109,59,50,0,0,0
2023-03-17 18:00,101,52,49,0,0,0
2023-03-17 18:15,88,40,48,0,0,0
2023-03-17 18:30,96,47,49,0,0,0
2023-03-17 18:45,97,60,37,0,0,0
2023-03-17 19:00,103,58,45,0,0,0
2023-03-17 19:15,97,60,37,0,0,0
2023-03-17 19:30,79,42,37,0,0,0
2023-03-17 19:45,89,48,41,0,0,0
2023-03-17 20:00,75,40,35,0,0,0
2023-03-17 20:15,71,47,24,0,0,0
2023-03-17 20:30,73,38,35,0,0,0
2023-03-17 20:45,48,32,16,0,0,0
2023-03-17 21:00,31,16,15,0,0,0
2023-03-17 21:15,38,8,30,0,0,0
2023-03-17 21:30,33,23,10,0,0,0
2023-03-17 21:45,101,22,79,0,0,0
2023-03-17 22:00,54,20,34,0,0,0
2023-03-17 22:15,33,5,28,0,0,0
2023-03-17 22:30,43,9,34,0,0,0
2023-03-17 22:45,39,3,36,0,0,0
2023-03-17 23:00,45,1,44,0,0,0
2023-03-17 23:15,36,7,29,0,0,0
2023-03-17 23:30,19,0,19,0,0,0
2023-03-17 23:45,27,4,23,0,0,0
2023-03-18 00:00,29,1,28,0,0,0
2023-03-18 00:15,25,5,20,0,0,0
2023-03-18 00:30,35,18,17,0,0,0
2023-03-18 00:45,28,6,22,0,0,0
2023-03-18 01:00,10,0,10,0,0,0
2023-03-18 01:15,17,6,11,0,0,0
2023-03-18 01:30,5,1,4,0,0,0
2023-03-18 01:45,10,1,9,0,0,0
2023-03-18 02:00,8,2,6,0,0,0
2023-03-18 02:15,4,0,4,0,0,0
2023-03-18 02:30,4,4,0,0,0,0
2023-03-18 02:45,11,1,10,0,0,0
2023-03-18 03:00,1,0,1,0,0,0
2023-03-18 03:15,6,0,6,0,0,0
2023-03-18 03:30,10,1,9,0,0,0
2023-03-18 03:45,2,0,2,0,0,0
2023-03-18 04:00,6,1,5,0,0,0
2023-03-18 04:15,0,0,0,0,0,0
2023-03-18 04:30,3,0,3,0,0,0
2023-03-18 04:45,3,2,1,0,0,0
2023-03-18 05:00,4,1,3,0,0,0
2023-03-18 05:15,2,0,2,0,0,0
2023-03-18 05:30,7,2,5,0,0,0
2023-03-18 05:45,8,2,6,0,0,0
2023-03-18 06:00,2,0,2,0,0,0
2023-03-18 06:15,5,4,1,0,0,0
2023-03-18 06:30,10,4,6,0,0,0
2023-03-18 06:45,13,11,2,0,0,0
2023-03-18 07:00,8,6,2,0,0,0
2023-03-18 07:15,14,11,3,0,0,0
2023-03-18 07:30,15,6,9,0,0,0
2023-03-18 07:45,20,13,7,0,0,0
2023-03-18 08:00,20,9,11,0,0,0
2023-03-18 08:15,21,13,8,0,0,0
2023-03-18 08:30,41,23,18,0,0,0
2023-03-18 08:45,32,23,9,0,0,0
2023-03-18 09:00,27,16,11,0,0,0
2023-03-18 09:15,42,27,15,0,0,0
2023-03-18 09:30,52,37,15,0,0,0
2023-03-18 09:45,77,54,23,0,0,0
2023-03-18 10:00,59,34,25,0,0,0
2023-03-18 10:15,87,68,19,0,0,0
2023-03-18 10:30,78,52,26,0,0,0
2023-03-18 10:45,91,63,28,0,0,0
2023-03-18 11:00,71,45,26,0,0,0
2023-03-18 11:15,78,45,33,0,0,0
2023-03-18 11:30,84,52,32,0,0,0
2023-03-18 11:45,118,81,37,0,0,0
2023-03-18 12:00,85,47,38,0,0,0
2023-03-18 12:15,99,57,42,0,0,0
2023-03-18 12:30,113,61,52,0,0,0
2023-03-18 12:45,100,35,65,0,0,0
2023-03-18 13:00,110,63,47,0,0,0
2023-03-18 13:15,97,49,48,0,0,0
2023-03-18 13:30,78,40,38,0,0,0
2023-03-18 13:45,104,59,45,0,0,0
2023-03-18 14:00,84,37,47,0,0,0
2023-03-18 14:15,91,42,49,0,0,0
2023-03-18 14:30,119,58,61,0,0,0
2023-03-18 14:45,85,40,45,0,0,0
2023-03-18 15:00,102,47,55,0,0,0
2023-03-18 15:15,133,73,60,0,0,0
2023-03-18 15:30,96,51,45,0,0,0
2023-03-18 15:45,120,57,63,0,0,0
2023-03-18 16:00,68,24,44,0,0,0
2023-03-18 16:15,112,36,76,0,0,0
2023-03-18 16:30,98,43,55,0,0,0
2023-03-18 16:45,89,30,59,0,0,0
2023-03-18 17:00,72,25,47,0,0,0
2023-03-18 17:15,20,11,9,0,0,0
2023-03-18 17:30,46,25,21,0,0,0
2023-03-18 17:45,106,33,73,0,0,0
2023-03-18 18:00,82,41,41,0,0,0
2023-03-18 18:15,100,37,63,0,0,0
2023-03-18 18:30,74,26,48,0,0,0
2023-03-18 18:45,56,28,28,0,0,0
2023-03-18 19:00,60,25,35,0,0,0
2023-03-18 19:15,58,37,21,0,0,0
2023-03-18 19:30,40,21,19,0,0,0
2023-03-18 19:45,57,24,33,0,0,0
2023-03-18 20:00,50,19,31,0,0,0
2023-03-18 20:15,44,20,24,0,0,0
2023-03-18 20:30,43,25,18,0,0,0
2023-03-18 20:45,21,11,10,0,0,0
2023-03-18 21:00,53,27,26,0,0,0
2023-03-18 21:15,26,10,16,0,0,0
2023-03-18 21:30,43,15,28,0,0,0
2023-03-18 21:45,31,9,22,0,0,0
2023-03-18 22:00,23,7,16,0,0,0
2023-03-18 22:15,13,2,11,0,0,0
2023-03-18 22:30,25,13,12,0,0,0
2023-03-18 22:45,36,13,23,0,0,0
2023-03-18 23:00,17,5,12,0,0,0
2023-03-18 23:15,15,6,9,0,0,0
2023-03-18 23:30,17,2,15,0,0,0
2023-03-18 23:45,28,5,23,0,0,0
2023-03-19 00:00,14,1,13,0,0,0
2023-03-19 00:15,9,9,0,0,0,0
2023-03-19 00:30,15,3,12,0,0,0
2023-03-19 00:45,15,2,13,0,0,0
2023-03-19 01:00,8,3,5,0,0,0
2023-03-19 01:15,11,6,5,0,0,0
2023-03-19 01:30,10,2,8,0,0,0
2023-03-19 01:45,10,2,8,0,0,0
2023-03-19 02:00,17,0,17,0,0,0
2023-03-19 02:15,8,2,6,0,0,0
2023-03-19 02:30,6,0,6,0,0,0
2023-03-19 02:45,5,1,4,0,0,0
2023-03-19 03:00,5,1,4,0,0,0
2023-03-19 03:15,4,1,3,0,0,0
2023-03-19 03:30,5,0,5,0,0,0
2023-03-19 03:45,9,1,8,0,0,0
2023-03-19 04:00,4,3,1,0,0,0
2023-03-19 04:15,1,0,1,0,0,0
2023-03-19 04:30,2,0,2,0,0,0
2023-03-19 04:45,4,0,4,0,0,0
2023-03-19 05:00,3,0,3,0,0,0
2023-03-19 05:15,3,3,0,0,0,0
2023-03-19 05:30,6,0,6,0,0,0
2023-03-19 05:45,5,2,3,0,0,0
2023-03-19 06:00,2,1,1,0,0,0
2023-03-19 06:15,4,3,1,0,0,0
2023-03-19 06:30,8,4,4,0,0,0
2023-03-19 06:45,5,3,2,0,0,0
2023-03-19 07:00,4,1,3,0,0,0
2023-03-19 07:15,1,0,1,0,0,0
2023-03-19 07:30,3,2,1,0,0,0
2023-03-19 07:45,10,3,7,0,0,0
2023-03-19 08:00,5,3,2,0,0,0
2023-03-19 08:15,12,8,4,0,0,0
2023-03-19 08:30,14,7,7,0,0,0
2023-03-19 08:45,22,17,5,0,0,0
2023-03-19 09:00,8,7,1,0,0,0
2023-03-19 09:15,15,13,2,0,0,0
2023-03-19 09:30,16,9,7,0,0,0
2023-03-19 09:45,23,21,2,0,0,0
2023-03-19 10:00,30,20,10,0,0,0
2023-03-19 10:15,18,10,8,0,0,0
2023-03-19 10:30,32,23,9,0,0,0
2023-03-19 10:45,35,23,12,0,0,0
2023-03-19 11:00,19,10,9,0,0,0
2023-03-19 11:15,40,15,25,0,0,0
2023-03-19 11:30,32,15,17,0,0,0
2023-03-19 11:45,33,21,12,0,0,0
2023-03-19 12:00,29,22,7,0,0,0
2023-03-19 12:15,50,16,34,0,0,0
2023-03-19 12:30,56,25,31,0,0,0
2023-03-19 12:45,39,17,22,0,0,0
2023-03-19 13:00,49,26,23,0,0,0
2023-03-19 13:15,47,25,22,0,0,0
2023-03-19 13:30,53,18,35,0,0,0
2023-03-19 13:45,41,22,19,0,0,0
2023-03-19 14:00,38,11,27,0,0,0
2023-03-19 14:15,57,31,26,0,0,0
2023-03-19 14:30,52,24,28,0,0,0
2023-03-19 14:45,55,28,27,0,0,0
2023-03-19 15:00,56,26,30,0,0,0
2023-03-19 15:15,54,36,18,0,0,0
2023-03-19 15:30,55,27,28,0,0,0
2023-03-19 15:45,43,22,21,0,0,0
2023-03-19 16:00,47,21,26,0,0,0
2023-03-19 16:15,43,24,19,0,0,0
2023-03-19 16:30,56,16,40,0,0,0
2023-03-19 16:45,45,15,30,0,0,0
2023-03-19 17:00,79,28,51,0,0,0
2023-03-19 17:15,50,14,36,0,0,0
2023-03-19 17:30,56,15,41,0,0,0
2023-03-19 17:45,43,17,26,0,0,0
2023-03-19 18:00,49,8,41,0,0,0
2023-03-19 18:15,45,32,13,0,0,0
2023-03-19 18:30,49,20,29,0,0,0
2023-03-19 18:45,44,26,18,0,0,0
2023-03-19 19:00,35,19,16,0,0,0
2023-03-19 19:15,17,9,8,0,0,0
2023-03-19 19:30,36,15,21,0,0,0
2023-03-19 19:45,24,7,17,0,0,0
2023-03-19 20:00,30,12,18,0,0,0
2023-03-19 20:15,23,4,19,0,0,0
2023-03-19 20:30,22,6,16,0,0,0
2023-03-19 20:45,16,7,9,0,0,0
2023-03-19 21:00,17,4,13,0,0,0
2023-03-19 21:15,21,2,19,0,0,0
2023-03-19 21:30,18,6,12,0,0,0
2023-03-19 21:45,9,6,3,0,0,0
2023-03-19 22:00,9,3,6,0,0,0
2023-03-19 22:15,7,1,6,0,0,0
2023-03-19 22:30,10,2,8,0,0,0
2023-03-19 22:45,8,3,5,0,0,0
2023-03-19 23:00,5,3,2,0,0,0
2023-03-19 23:15,6,3,3,0,0,0
2023-03-19 23:30,4,0,4,0,0,0
2023-03-19 23:45,5,3,2,0,0,0
2023-03-20 00:00,0,0,0,0,0,0
2023-03-20 00:15,2,1,1,0,0,0
2023-03-20 00:30,0,0,0,0,0,0
2023-03-20 00:45,6,2,4,0,0,0
2023-03-20 01:00,2,2,0,0,0,0
2023-03-20 01:15,4,4,0,0,0,0
2023-03-20 01:30,2,1,1,0,0,0
2023-03-20 01:45,1,0,1,0,0,0
2023-03-20 02:00,0,0,0,0,0,0
2023-03-20 02:15,0,0,0,0,0,0
2023-03-20 02:30,0,0,0,0,0,0
2023-03-20 02:45,0,0,0,0,0,0
2023-03-20 03:00,0,0,0,0,0,0
2023-03-20 03:15,0,0,0,0,0,0
2023-03-20 03:30,1,0,1,0,0,0
2023-03-20 03:45,0,0,0,0,0,0
2023-03-20 04:00,0,0,0,0,0,0
2023-03-20 04:15,0,0,0,0,0,0
2023-03-20 04:30,4,4,0,0,0,0
2023-03-20 04:45,0,0,0,0,0,0
2023-03-20 05:00,0,0,0,0,0,0
2023-03-20 05:15,3,3,0,0,0,0
2023-03-20 05:30,14,6,8,0,0,0
2023-03-20 05:45,16,6,10,0,0,0
2023-03-20 06:00,13,6,7,0,0,0
2023-03-20 06:15,25,13,12,0,0,0
2023-03-20 06:30,39,11,28,0,0,0
2023-03-20 06:45,51,15,36,0,0,0
2023-03-20 07:00,70,26,44,0,0,0
2023-03-20 07:15,80,36,44,0,0,0
2023-03-20 07:30,231,153,78,0,0,0
2023-03-20 07:45,213,86,127,0,0,0
2023-03-20 08:00,137,44,93,0,0,0
2023-03-20 08:15,131,56,75,0,0,0
2023-03-20 08:30,110,51,59,0,0,0
2023-03-20 08:45,138,65,73,0,0,0
2023-03-20 09:00,113,58,55,0,0,0
2023-03-20 09:15,70,41,29,0,0,0
2023-03-20 09:30,92,49,43,0,0,0
2023-03-20 09:45,89,46,43,0,0,0
2023-03-20 10:00,80,40,40,0,0,0
2023-03-20 10:15,58,30,28,0,0,0
2023-03-20 10:30,48,21,27,0,0,0
2023-03-20 10:45,68,45,23,0,0,0
2023-03-20 11:00,66,32,34,0,0,0
2023-03-20 11:15,82,41,41,0,0,0
2023-03-20 11:30,72,39,33,0,0,0
2023-03-20 11:45,92,48,44,0,0,0
2023-03-20 12:00,62,31,31,0,0,0
2023-03-20 12:15,84,24,60,0,0,0
2023-03-20 12:30,79,20,59,0,0,0
2023-03-20 12:45,84,30,54,0,0,0
2023-03-20 13:00,101,31,70,0,0,0
2023-03-20 13:15,87,34,53,0,0,0
2023-03-20 13:30,101,65,36,0,0,0
2023-03-20 13:45,106,52,54,0,0,0
2023-03-20 14:00,145,52,93,0,0,0
2023-03-20 14:15,110,57,53,0,0,0
2023-03-20 14:30,70,32,38,0,0,0
2023-03-20 14:45,105,43,62,0,0,0
2023-03-20 15:00,82,43,39,0,0,0
2023-03-20 15:15,112,72,40,0,0,0
2023-03-20 15:30,140,64,76,0,0,0
2023-03-20 15:45,131,65,66,0,0,0
2023-03-20 16:00,122,81,41,0,0,0
2023-03-20 16:15,136,86,50,0,0,0
2023-03-20 16:30,113,59,54,0,0,0
2023-03-20 16:45,123,58,65,0,0,0
2023-03-20 17:00,99,47,52,0,0,0
2023-03-20 17:15,115,52,63,0,0,0
2023-03-20 17:30,130,80,50,0,0,0
2023-03-20 17:45,93,48,45,0,0,0
2023-03-20 18:00,83,34,49,0,0,0
2023-03-20 18:15,77,34,43,0,0,0
2023-03-20 18:30,62,31,31,0,0,0
2023-03-20 18:45,63,24,39,0,0,0
2023-03-20 19:00,55,27,28,0,0,0
2023-03-20 19:15,60,22,38,0,0,0
2023-03-20 19:30,42,16,26,0,0,0
2023-03-20 19:45,45,19,26,0,0,0
2023-03-20 20:00,40,14,26,0,0,0
2023-03-20 20:15,37,22,15,0,0,0
2023-03-20 20:30,26,7,19,0,0,0
2023-03-20 20:45,23,6,17,0,0,0
2023-03-20 21:00,17,9,8,0,0,0
2023-03-20 21:15,22,9,13,0,0,0
2023-03-20 21:30,18,4,14,0,0,0
2023-03-20 21:45,21,6,15,0,0,0
2023-03-20 22:00,29,6,23,0,0,0
2023-03-20 22:15,20,7,13,0,0,0
2023-03-20 22:30,17,7,10,0,0,0
2023-03-20 22:45,20,2,18,0,0,0
2023-03-20 23:00,7,3,4,0,0,0
2023-03-20 23:15,4,1,3,0,0,0
2023-03-20 23:30,9,2,7,0,0,0
2023-03-20 23:45,6,1,5,0,0,0
2023-03-21 00:00,3,1,2,0,0,0
2023-03-21 00:15,2,2,0,0,0,0
2023-03-21 00:30,1,1,0,0,0,0
2023-03-21 00:45,4,4,0,0,0,0
2023-03-21 01:00,2,1,1,0,0,0
2023-03-21 01:15,4,2,2,0,0,0
2023-03-21 01:30,0,0,0,0,0,0
2023-03-21 01:45,0,0,0,0,0,0
2023-03-21 02:00,5,0,5,0,0,0
2023-03-21 02:15,3,0,3,0,0,0
2023-03-21 02:30,1,0,1,0,0,0
2023-03-21 02:45,0,0,0,0,0,0
2023-03-21 03:00,0,0,0,0,0,0
2023-03-21 03:15,1,0,1,0,0,0
2023-03-21 03:30,0,0,0,0,0,0
2023-03-21 03:45,0,0,0,0,0,0
2023-03-21 04:00,1,0,1,0,0,0
2023-03-21 04:15,0,0,0,0,0,0
2023-03-21 04:30,0,0,0,0,0,0
2023-03-21 04:45,0,0,0,0,0,0
2023-03-21 05:00,0,0,0,0,0,0
2023-03-21 05:15,5,4,1,0,0,0
2023-03-21 05:30,13,7,6,0,0,0
2023-03-21 05:45,16,3,13,0,0,0
2023-03-21 06:00,17,11,6,0,0,0
2023-03-21 06:15,22,12,10,0,0,0
2023-03-21 06:30,36,15,21,0,0,0
2023-03-21 06:45,72,25,47,0,0,0
2023-03-21 07:00,52,20,32,0,0,0
2023-03-21 07:15,90,41,49,0,0,0
2023-03-21 07:30,213,144,69,0,0,0
2023-03-21 07:45,195,96,99,0,0,0
2023-03-21 08:00,151,49,102,0,0,0
2023-03-21 08:15,137,60,77,0,0,0
2023-03-21 08:30,103,49,54,0,0,0
2023-03-21 08:45,134,56,78,0,0,0
2023-03-21 09:00,80,33,47,0,0,0
2023-03-21 09:15,59,32,27,0,0,0
2023-03-21 09:30,43,18,25,0,0,0
2023-03-21 09:45,74,41,33,0,0,0
2023-03-21 10:00,63,31,32,0,0,0
2023-03-21 10:15,48,27,21,0,0,0
2023-03-21 10:30,45,22,23,0,0,0
2023-03-21 10:45,62,24,38,0,0,0
2023-03-21 11:00,53,27,26,0,0,0
2023-03-21 11:15,74,33,41,0,0,0
2023-03-21 11:30,55,25,30,0,0,0
2023-03-21 11:45,70,33,37,0,0,0
2023-03-21 12:00,53,20,33,0,0,0
2023-03-21 12:15,81,47,34,0,0,0
2023-03-21 12:30,55,27,28,0,0,0
2023-03-21 12:45,77,31,46,0,0,0
2023-03-21 13:00,126,37,89,0,0,0
2023-03-21 13:15,100,33,67,0,0,0
2023-03-21 13:30,93,51,42,0,0,0
2023-03-21 13:45,82,48,34,0,0,0
2023-03-21 14:00,85,43,42,0,0,0
2023-03-21 14:15,79,45,34,0,0,0
2023-03-21 14:30,95,47,48,0,0,0
2023-03-21 14:45,90,42,48,0,0,0
2023-03-21 15:00,107,46,61,0,0,0
2023-03-21 15:15,124,79,45,0,0,0
2023-03-21 15:30,114,44,70,0,0,0
2023-03-21 15:45,123,74,49,0,0,0
2023-03-21 16:00,130,81,49,0,0,0
2023-03-21 16:15,112,63,49,0,0,0
2023-03-21 16:30,114,66,48,0,0,0
2023-03-21 16:45,117,66,51,0,0,0
2023-03-21 17:00,104,64,40,0,0,0
2023-03-21 17:15,120,61,59,0,0,0
2023-03-21 17:30,132,76,56,0,0,0
2023-03-21 17:45,123,62,61,0,0,0
2023-03-21 18:00,102,47,55,0,0,0
2023-03-21 18:15,93,40,53,0,0,0
2023-03-21 18:30,79,46,33,0,0,0
2023-03-21 18:45,90,51,39,0,0,0
2023-03-21 19:00,87,28,59,0,0,0
2023-03-21 19:15,65,28,37,0,0,0
2023-03-21 19:30,61,25,36,0,0,0
2023-03-21 19:45,50,24,26,0,0,0
2023-03-21 20:00,59,26,33,0,0,0
2023-03-21 20:15,34,11,23,0,0,0
2023-03-21 20:30,30,14,16,0,0,0
2023-03-21 20:45,20,10,10,0,0,0
2023-03-21 21:00,23,10,13,0,0,0
2023-03-21 21:15,28,11,17,0,0,0
2023-03-21 21:30,13,6,7,0,0,0
2023-03-21 21:45,34,5,29,0,0,0
2023-03-21 22:00,15,4,11,0,0,0
2023-03-21 22:15,24,11,13,0,0,0
2023-03-21 22:30,12,3,9,0,0,0
2023-03-21 22:45,25,11,14,0,0,0
2023-03-21 23:00,23,5,18,0,0,0
2023-03-21 23:15,12,2,10,0,0,0
2023-03-21 23:30,8,1,7,0,0,0
2023-03-21 23:45,8,4,4,0,0,0
2023-03-22 00:00,6,1,5,0,0,0
2023-03-22 00:15,2,2,0,0,0,0
2023-03-22 00:30,1,1,0,0,0,0
2023-03-22 00:45,1,0,1,0,0,0
2023-03-22 01:00,2,0,2,0,0,0
2023-03-22 01:15,5,0,5,0,0,0
2023-03-22 01:30,2,0,2,0,0,0
2023-03-22 01:45,0,0,0,0,0,0
2023-03-22 02:00,0,0,0,0,0,0
2023-03-22 02:15,0,0,0,0,0,0
2023-03-22 02:30,0,0,0,0,0,0
2023-03-22 02:45,0,0,0,0,0,0
2023-03-22 03:00,1,1,0,0,0,0
2023-03-22 03:15,0,0,0,0,0,0
2023-03-22 03:30,1,0,1,0,0,0
2023-03-22 03:45,0,0,0,0,0,0
2023-03-22 04:00,0,0,0,0,0,0
2023-03-22 04:15,0,0,0,0,0,0
2023-03-22 04:30,0,0,0,0,0,0
2023-03-22 04:45,0,0,0,0,0,0
2023-03-22 05:00,1,0,1,0,0,0
2023-03-22 05:15,4,3,1,0,0,0
2023-03-22 05:30,12,4,8,0,0,0
2023-03-22 05:45,16,4,12,0,0,0
2023-03-22 06:00,7,2,5,0,0,0
2023-03-22 06:15,24,14,10,0,0,0
2023-03-22 06:30,47,22,25,0,0,0
2023-03-22 06:45,54,21,33,0,0,0
2023-03-22 07:00,74,25,49,0,0,0
2023-03-22 07:15,109,48,61,0,0,0
2023-03-22 07:30,205,139,66,0,0,0
2023-03-22 07:45,217,96,121,0,0,0
2023-03-22 08:00,158,50,108,0,0,0
2023-03-22 08:15,134,54,80,0,0,0
2023-03-22 08:30,121,64,57,0,0,0
2023-03-22 08:45,178,79,99,0,0,0
2023-03-22 09:00,121,65,56,0,0,0
2023-03-22 09:15,117,74,43,0,0,0
2023-03-22 09:30,119,64,55,0,0,0
2023-03-22 09:45,105,58,47,0,0,0
2023-03-22 10:00,80,35,45,0,0,0
2023-03-22 10:15,75,39,36,0,0,0
2023-03-22 10:30,86,53,33,0,0,0
2023-03-22 10:45,82,45,37,0,0,0
2023-03-22 11:00,76,43,33,0,0,0
2023-03-22 11:15,120,68,52,0,0,0
2023-03-22 11:30,106,56,50,0,0,0
2023-03-22 11:45,101,56,45,0,0,0
2023-03-22 12:00,95,52,43,0,0,0
2023-03-22 12:15,131,60,71,0,0,0
2023-03-22 12:30,139,63,76,0,0,0
2023-03-22 12:45,102,39,63,0,0,0
2023-03-22 13:00,154,62,92,0,0,0
2023-03-22 13:15,142,44,98,0,0,0
2023-03-22 13:30,132,65,67,0,0,0
2023-03-22 13:45,111,62,49,0,0,0
2023-03-22 14:00,142,77,65,0,0,0
2023-03-22 14:15,136,60,76,0,0,0
2023-03-22 14:30,85,46,39,0,0,0
2023-03-22 14:45,83,43,40,0,0,0
2023-03-22 15:00,103,56,47,0,0,0
2023-03-22 15:15,153,72,81,0,0,0
2023-03-22 15:30,124,59,65,0,0,0
2023-03-22 15:45,161,101,60,0,0,0
2023-03-22 16:00,125,70,55,0,0,0
2023-03-22 16:15,132,69,63,0,0,0
2023-03-22 16:30,139,75,64,0,0,0
2023-03-22 16:45,142,71,71,0,0,0
2023-03-22 17:00,101,48,53,0,0,0
2023-03-22 17:15,109,64,45,0,0,0
2023-03-22 17:30,106,59,47,0,0,0
2023-03-22 17:45,133,69,64,0,0,0
2023-03-22 18:00,119,63,56,0,0,0
2023-03-22 18:15,103,53,50,0,0,0
2023-03-22 18:30,92,51,41,0,0,0
2023-03-22 18:45,92,50,42,0,0,0
2023-03-22 19:00,63,29,34,0,0,0
2023-03-22 19:15,68,35,33,0,0,0
2023-03-22 19:30,53,21,32,0,0,0
2023-03-22 19:45,48,22,26,0,0,0
2023-03-22 20:00,72,27,45,0,0,0
2023-03-22 20:15,39,13,26,0,0,0
2023-03-22 20:30,34,10,24,0,0,0
2023-03-22 20:45,37,7,30,0,0,0
2023-03-22 21:00,48,14,34,0,0,0
2023-03-22 21:15,39,9,30,0,0,0
2023-03-22 21:30,29,9,20,0,0,0
2023-03-22 21:45,26,9,17,0,0,0
2023-03-22 22:00,28,7,21,0,0,0
2023-03-22 22:15,10,1,9,0,0,0
2023-03-22 22:30,20,7,13,0,0,0
2023-03-22 22:45,21,9,12,0,0,0
2023-03-22 23:00,8,0,8,0,0,0
2023-03-22 23:15,18,12,6,0,0,0
2023-03-22 23:30,9,0,9,0,0,0
2023-03-22 23:45,8,3,5,0,0,0
2023-03-23 00:00,5,0,5,0,0,0
2023-03-23 00:15,16,12,4,0,0,0
2023-03-23 00:30,7,1,6,0,0,0
2023-03-23 00:45,9,3,6,0,0,0
2023-03-23 01:00,9,0,9,0,0,0
2023-03-23 01:15,4,0,4,0,0,0
2023-03-23 01:30,3,2,1,0,0,0
2023-03-23 01:45,5,0,5,0,0,0
2023-03-23 02:00,4,1,3,0,0,0
2023-03-23 02:15,4,0,4,0,0,0
2023-03-23 02:30,5,2,3,0,0,0
2023-03-23 02:45,9,0,9,0,0,0
2023-03-23 03:00,8,2,6,0,0,0
2023-03-23 03:15,4,0,4,0,0,0
2023-03-23 03:30,3,0,3,0,0,0
2023-03-23 03:45,3,1,2,0,0,0
2023-03-23 04:00,3,2,1,0,0,0
2023-03-23 04:15,0,0,0,0,0,0
2023-03-23 04:30,3,0,3,0,0,0
2023-03-23 04:45,4,2,2,0,0,0
2023-03-23 05:00,1,0,1,0,0,0
2023-03-23 05:15,6,6,0,0,0,0
2023-03-23 05:30,10,2,8,0,0,0
2023-03-23 05:45,16,6,10,0,0,0
2023-03-23 06:00,14,8,6,0,0,0
2023-03-23 06:15,15,4,11,0,0,0
2023-03-23 06:30,36,20,16,0,0,0
2023-03-23 06:45,56,16,40,0,0,0
2023-03-23 07:00,64,21,43,0,0,0
2023-03-23 07:15,90,38,52,0,0,0
2023-03-23 07:30,245,168,77,0,0,0
2023-03-23 07:45,215,93,122,0,0,0
2023-03-23 08:00,151,55,96,0,0,0
2023-03-23 08:15,132,54,78,0,0,0
2023-03-23 08:30,103,50,53,0,0,0
2023-03-23 08:45,141,67,74,0,0,0
2023-03-23 09:00,71,27,44,0,0,0
2023-03-23 09:15,73,43,30,0,0,0
2023-03-23 09:30,78,43,35,0,0,0
2023-03-23 09:45,88,50,38,0,0,0
2023-03-23 10:00,67,38,29,0,0,0
2023-03-23 10:15,27,13,14,0,0,0
2023-03-23 10:30,41,15,26,0,0,0
2023-03-23 10:45,43,23,20,0,0,0
2023-03-23 11:00,42,23,19,0,0,0
2023-03-23 11:15,51,27,24,0,0,0
2023-03-23 11:30,65,36,29,0,0,0
2023-03-23 11:45,73,38,35,0,0,0
2023-03-23 12:00,71,42,29,0,0,0
2023-03-23 12:15,96,47,49,0,0,0
2023-03-23 12:30,58,22,36,0,0,0
2023-03-23 12:45,51,22,29,0,0,0
2023-03-23 13:00,113,31,82,0,0,0
2023-03-23 13:15,83,29,54,0,0,0
2023-03-23 13:30,62,31,31,0,0,0
2023-03-23 13:45,82,37,45,0,0,0
2023-03-23 14:00,93,48,45,0,0,0
2023-03-23 14:15,95,46,49,0,0,0
2023-03-23 14:30,82,47,35,0,0,0
2023-03-23 14:45,78,36,42,0,0,0
2023-03-23 15:00,97,47,50,0,0,0
2023-03-23 15:15,102,58,44,0,0,0
2023-03-23 15:30,97,53,44,0,0,0
2023-03-23 15:45,129,82,47,0,0,0
2023-03-23 16:00,105,65,40,0,0,0
2023-03-23 16:15,121,68,53,0,0,0
2023-03-23 16:30,107,66,41,0,0,0
2023-03-23 16:45,137,65,72,0,0,0
2023-03-23 17:00,122,65,57,0,0,0
2023-03-23 17:15,103,42,61,0,0,0
2023-03-23 17:30,109,44,65,0,0,0
2023-03-23 17:45,97,41,56,0,0,0
2023-03-23 18:00,99,39,60,0,0,0
2023-03-23 18:15,90,42,48,0,0,0
2023-03-23 18:30,82,32,50,0,0,0
2023-03-23 18:45,90,37,53,0,0,0
2023-03-23 19:00,53,17,36,0,0,0
2023-03-23 19:15,78,36,42,0,0,0
2023-03-23 19:30,60,25,35,0,0,0
2023-03-23 19:45,55,21,34,0,0,0
2023-03-23 20:00,61,27,34,0,0,0
2023-03-23 20:15,40,26,14,0,0,0
2023-03-23 20:30,33,12,21,0,0,0
2023-03-23 20:45,31,3,28,0,0,0
2023-03-23 21:00,29,16,13,0,0,0
2023-03-23 21:15,27,12,15,0,0,0
2023-03-23 21:30,27,7,20,0,0,0
2023-03-23 21:45,20,6,14,0,0,0
2023-03-23 22:00,22,10,12,0,0,0
2023-03-23 22:15,20,8,12,0,0,0
2023-03-23 22:30,29,7,22,0,0,0
2023-03-23 22:45,19,6,13,0,0,0
2023-03-23 23:00,17,4,13,0,0,0
2023-03-23 23:15,14,4,10,0,0,0
2023-03-23 23:30,15,1,14,0,0,0
2023-03-23 23:45,7,5,2,0,0,0
2023-03-24 00:00,5,2,3,0,0,0
2023-03-24 00:15,10,2,8,0,0,0
2023-03-24 00:30,3,1,2,0,0,0
2023-03-24 00:45,4,1,3,0,0,0
2023-03-24 01:00,4,0,4,0,0,0
2023-03-24 01:15,2,1,1,0,0,0
2023-03-24 01:30,8,6,2,0,0,0
2023-03-24 01:45,2,0,2,0,0,0
2023-03-24 02:00,3,0,3,0,0,0
2023-03-24 02:15,1,0,1,0,0,0
2023-03-24 02:30,0,0,0,0,0,0
2023-03-24 02:45,0,0,0,0,0,0
2023-03-24 03:00,0,0,0,0,0,0
2023-03-24 03:15,1,0,1,0,0,0
2023-03-24 03:30,0,0,0,0,0,0
2023-03-24 03:45,2,1,1,0,0,0
2023-03-24 04:00,5,0,5,0,0,0
2023-03-24 04:15,0,0,0,0,0,0
2023-03-24 04:30,1,0,1,0,0,0
2023-03-24 04:45,1,0,1,0,0,0
2023-03-24 05:00,0,0,0,0,0,0
2023-03-24 05:15,5,3,2,0,0,0
2023-03-24 05:30,11,2,9,0,0,0
2023-03-24 05:45,13,5,8,0,0,0
2023-03-24 06:00,9,2,7,0,0,0
2023-03-24 06:15,20,11,9,0,0,0
2023-03-24 06:30,30,14,16,0,0,0
2023-03-24 06:45,50,18,32,0,0,0
2023-03-24 07:00,57,18,39,0,0,0
2023-03-24 07:15,76,43,33,0,0,0
2023-03-24 07:30,204,140,64,0,0,0
2023-03-24 07:45,186,91,95,0,0,0
2023-03-24 08:00,123,46,77,0,0,0
2023-03-24 08:15,103,40,63,0,0,0
2023-03-24 08:30,94,46,48,0,0,0
2023-03-24 08:45,141,70,71,0,0,0
2023-03-24 09:00,75,38,37,0,0,0
2023-03-24 09:15,86,45,41,0,0,0
2023-03-24 09:30,83,52,31,0,0,0
2023-03-24 09:45,99,48,51,0,0,0
2023-03-24 10:00,72,38,34,0,0,0
2023-03-24 10:15,73,48,25,0,0,0
2023-03-24 10:30,50,25,25,0,0,0
2023-03-24 10:45,70,34,36,0,0,0
2023-03-24 11:00,72,34,38,0,0,0
2023-03-24 11:15,68,33,35,0,0,0
2023-03-24 11:30,83,56,27,0,0,0
2023-03-24 11:45,85,52,33,0,0,0
2023-03-24 12:00,75,35,40,0,0,0
2023-03-24 12:15,102,47,55,0,0,0
2023-03-24 12:30,75,36,39,0,0,0
2023-03-24 12:45,109,72,37,0,0,0
2023-03-24 13:00,147,47,100,0,0,0
2023-03-24 13:15,115,55,60,0,0,0
2023-03-24 13:30,87,38,49,0,0,0
2023-03-24 13:45,115,62,53,0,0,0
2023-03-24 14:00,121,41,80,0,0,0
2023-03-24 14:15,98,53,45,0,0,0
2023-03-24 14:30,100,53,47,0,0,0
2023-03-24 14:45,115,50,65,0,0,0
2023-03-24 15:00,109,56,53,0,0,0
2023-03-24 15:15,90,53,37,0,0,0
2023-03-24 15:30,69,37,32,0,0,0
2023-03-24 15:45,87,52,35,0,0,0
2023-03-24 16:00,106,71,35,0,0,0
2023-03-24 16:15,88,63,25,0,0,0
2023-03-24 16:30,93,50,43,0,0,0
2023-03-24 16:45,68,31,37,0,0,0
2023-03-24 17:00,82,44,38,0,0,0
2023-03-24 17:15,79,39,40,0,0,0
2023-03-24 17:30,51,27,24,0,0,0
2023-03-24 17:45,78,28,50,0,0,0
2023-03-24 18:00,67,32,35,0,0,0
2023-03-24 18:15,63,24,39,0,0,0
2023-03-24 18:30,81,44,37,0,0,0
2023-03-24 18:45,77,50,27,0,0,0
2023-03-24 19:00,55,19,36,0,0,0
2023-03-24 19:15,51,26,25,0,0,0
2023-03-24 19:30,61,36,25,0,0,0
2023-03-24 19:45,50,30,20,0,0,0
2023-03-24 20:00,52,39,13,0,0,0
2023-03-24 20:15,33,7,26,0,0,0
2023-03-24 20:30,30,16,14,0,0,0
2023-03-24 20:45,32,17,15,0,0,0
2023-03-24 21:00,25,16,9,0,0,0
2023-03-24 21:15,32,19,13,0,0,0
2023-03-24 21:30,27,9,18,0,0,0
2023-03-24 21:45,16,4,12,0,0,0
2023-03-24 22:00,22,14,8,0,0,0
2023-03-24 22:15,21,6,15,0,0,0
2023-03-24 22:30,29,6,23,0,0,0
2023-03-24 22:45,17,6,11,0,0,0
2023-03-24 23:00,17,2,15,0,0,0
2023-03-24 23:15,30,2,28,0,0,0
2023-03-24 23:30,13,6,7,0,0,0
2023-03-24 23:45,15,0,15,0,0,0
2023-03-25 00:00,12,4,8,0,0,0
2023-03-25 00:15,20,4,16,0,0,0
2023-03-25 00:30,12,3,9,0,0,0
2023-03-25 00:45,15,2,13,0,0,0
2023-03-25 01:00,10,0,10,0,0,0
2023-03-25 01:15,16,4,12,0,0,0
2023-03-25 01:30,7,1,6,0,0,0
2023-03-25 01:45,9,1,8,0,0,0
2023-03-25 02:00,3,1,2,0,0,0
2023-03-25 02:15,4,0,4,0,0,0
2023-03-25 02:30,0,0,0,0,0,0
2023-03-25 02:45,7,4,3,0,0,0
2023-03-25 03:00,6,0,6,0,0,0
2023-03-25 03:15,4,0,4,0,0,0
2023-03-25 03:30,5,0,5,0,0,0
2023-03-25 03:45,2,1,1,0,0,0
2023-03-25 04:00,6,1,5,0,0,0
2023-03-25 04:15,2,0,2,0,0,0
2023-03-25 04:30,1,0,1,0,0,0
2023-03-25 04:45,3,1,2,0,0,0
2023-03-25 05:00,2,0,2,0,0,0
2023-03-25 05:15,6,0,6,0,0,0
2023-03-25 05:30,11,3,8,0,0,0
2023-03-25 05:45,6,1,5,0,0,0
2023-03-25 06:00,6,0,6,0,0,0
2023-03-25 06:15,5,3,2,0,0,0
2023-03-25 06:30,11,7,4,0,0,0
2023-03-25 06:45,13,9,4,0,0,0
2023-03-25 07:00,10,8,2,0,0,0
2023-03-25 07:15,7,3,4,0,0,0
2023-03-25 07:30,14,7,7,0,0,0
2023-03-25 07:45,23,12,11,0,0,0
2023-03-25 08:00,9,6,3,0,0,0
2023-03-25 08:15,18,11,7,0,0,0
2023-03-25 08:30,29,20,9,0,0,0
2023-03-25 08:45,37,27,10,0,0,0
2023-03-25 09:00,26,18,8,0,0,0
2023-03-25 09:15,46,31,15,0,0,0
2023-03-25 09:30,43,32,11,0,0,0
2023-03-25 09:45,65,51,14,0,0,0
2023-03-25 10:00,48,34,14,0,0,0
2023-03-25 10:15,44,31,13,0,0,0
2023-03-25 10:30,40,18,22,0,0,0
2023-03-25 10:45,91,47,44,0,0,0
2023-03-25 11:00,62,43,19,0,0,0
2023-03-25 11:15,59,32,27,0,0,0
2023-03-25 11:30,45,27,18,0,0,0
2023-03-25 11:45,73,53,20,0,0,0
2023-03-25 12:00,65,47,18,0,0,0
2023-03-25 12:15,55,29,26,0,0,0
2023-03-25 12:30,77,40,37,0,0,0
2023-03-25 12:45,52,24,28,0,0,0
2023-03-25 13:00,48,19,29,0,0,0
2023-03-25 13:15,80,27,53,0,0,0
2023-03-25 13:30,66,26,40,0,0,0
2023-03-25 13:45,58,26,32,0,0,0
2023-03-25 14:00,59,26,33,0,0,0
2023-03-25 14:15,78,31,47,0,0,0
2023-03-25 14:30,54,23,31,0,0,0
2023-03-25 14:45,42,17,25,0,0,0
2023-03-25 15:00,52,11,41,0,0,0
2023-03-25 15:15,42,14,28,0,0,0
2023-03-25 15:30,28,4,24,0,0,0
2023-03-25 15:45,35,19,16,0,0,0
2023-03-25 16:00,38,16,22,0,0,0
2023-03-25 16:15,57,23,34,0,0,0
2023-03-25 16:30,37,20,17,0,0,0
2023-03-25 16:45,29,11,18,0,0,0
2023-03-25 17:00,24,13,11,0,0,0
2023-03-25 17:15,23,9,14,0,0,0
2023-03-25 17:30,37,18,19,0,0,0
2023-03-25 17:45,34,16,18,0,0,0
2023-03-25 18:00,32,11,21,0,0,0
2023-03-25 18:15,24,6,18,0,0,0
2023-03-25 18:30,30,17,13,0,0,0
2023-03-25 18:45,38,20,18,0,0,0
2023-03-25 19:00,25,8,17,0,0,0
2023-03-25 19:15,14,7,7,0,0,0
2023-03-25 19:30,22,9,13,0,0,0
2023-03-25 19:45,24,16,8,0,0,0
2023-03-25 20:00,29,13,16,0,0,0
2023-03-25 20:15,19,13,6,0,0,0
2023-03-25 20:30,20,7,13,0,0,0
2023-03-25 20:45,24,13,11,0,0,0
2023-03-25 21:00,18,7,11,0,0,0
2023-03-25 21:15,23,12,11,0,0,0
2023-03-25 21:30,13,1,12,0,0,0
2023-03-25 21:45,24,10,14,0,0,0
2023-03-25 22:00,8,3,5,0,0,0
2023-03-25 22:15,24,10,14,0,0,0
2023-03-25 22:30,16,3,13,0,0,0
2023-03-25 22:45,16,5,11,0,0,0
2023-03-25 23:00,9,3,6,0,0,0
2023-03-25 23:15,10,5,5,0,0,0
2023-03-25 23:30,10,2,8,0,0,0
2023-03-25 23:45,7,0,7,0,0,0
2023-03-26 00:00,13,0,13,0,0,0
2023-03-26 00:15,8,1,7,0,0,0
2023-03-26 00:30,11,4,7,0,0,0
2023-03-26 00:45,12,3,9,0,0,0
2023-03-26 01:00,6,1,5,0,0,0
2023-03-26 01:15,12,5,7,0,0,0
2023-03-26 01:30,15,6,9,0,0,0
2023-03-26 01:45,12,3,9,0,0,0
2023-03-26 03:00,8,2,6,0,0,0
2023-03-26 03:15,11,4,7,0,0,0
2023-03-26 03:30,15,9,6,0,0,0
2023-03-26 03:45,4,3,1,0,0,0
2023-03-26 04:00,7,4,3,0,0,0
2023-03-26 04:15,5,1,4,0,0,0
2023-03-26 04:30,5,3,2,0,0,0
2023-03-26 04:45,6,2,4,0,0,0
2023-03-26 05:00,5,2,3,0,0,0
2023-03-26 05:15,4,3,1,0,0,0
2023-03-26 05:30,7,2,5,0,0,0
2023-03-26 05:45,5,1,4,0,0,0
2023-03-26 06:00,7,1,6,0,0,0
2023-03-26 06:15,9,5,4,0,0,0
2023-03-26 06:30,5,3,2,0,0,0
2023-03-26 06:45,4,3,1,0,0,0
2023-03-26 07:00,3,3,0,0,0,0
2023-03-26 07:15,3,2,1,0,0,0
2023-03-26 07:30,2,1,1,0,0,0
2023-03-26 07:45,5,4,1,0,0,0
2023-03-26 08:00,4,1,3,0,0,0
2023-03-26 08:15,2,2,0,0,0,0
2023-03-26 08:30,6,5,1,0,0,0
2023-03-26 08:45,7,5,2,0,0,0
2023-03-26 09:00,9,7,2,0,0,0
2023-03-26 09:15,16,11,5,0,0,0
2023-03-26 09:30,6,4,2,0,0,0
2023-03-26 09:45,29,22,7,0,0,0
2023-03-26 10:00,18,9,9,0,0,0
2023-03-26 10:15,16,13,3,0,0,0
2023-03-26 10:30,13,8,5,0,0,0
2023-03-26 10:45,14,7,7,0,0,0
2023-03-26 11:00,13,9,4,0,0,0
2023-03-26 11:15,18,9,9,0,0,0
2023-03-26 11:30,16,5,11,0,0,0
2023-03-26 11:45,15,9,6,0,0,0
2023-03-26 12:00,21,7,14,0,0,0
2023-03-26 12:15,21,8,13,0,0,0
2023-03-26 12:30,39,22,17,0,0,0
2023-03-26 12:45,25,15,10,0,0,0
2023-03-26 13:00,17,11,6,0,0,0
2023-03-26 13:15,12,4,8,0,0,0
2023-03-26 13:30,27,15,12,0,0,0
2023-03-26 13:45,36,11,25,0,0,0
2023-03-26 14:00,17,11,6,0,0,0
2023-03-26 14:15,18,7,11,0,0,0
2023-03-26 14:30,17,5,12,0,0,0
2023-03-26 14:45,29,19,10,0,0,0
2023-03-26 15:00,14,3,11,0,0,0
2023-03-26 15:15,12,5,7,0,0,0
2023-03-26 15:30,25,6,19,0,0,0
2023-03-26 15:45,38,24,14,0,0,0
2023-03-26 16:00,9,4,5,0,0,0
2023-03-26 16:15,15,10,5,0,0,0
2023-03-26 16:30,15,2,13,0,0,0
2023-03-26 16:45,34,16,18,0,0,0
2023-03-26 17:00,20,10,10,0,0,0
2023-03-26 17:15,24,15,9,0,0,0
2023-03-26 17:30,35,20,15,0,0,0
2023-03-26 17:45,19,8,11,0,0,0
2023-03-26 18:00,25,11,14,0,0,0
2023-03-26 18:15,23,13,10,0,0,0
2023-03-26 18:30,21,7,14,0,0,0
2023-03-26 18:45,24,13,11,0,0,0
2023-03-26 19:00,18,10,8,0,0,0
2023-03-26 19:15,16,6,10,0,0,0
2023-03-26 19:30,21,7,14,0,0,0
2023-03-26 19:45,28,14,14,0,0,0
2023-03-26 20:00,33,2,31,0,0,0
2023-03-26 20:15,24,4,20,0,0,0
2023-03-26 20:30,22,9,13,0,0,0
2023-03-26 20:45,21,7,14,0,0,0
2023-03-26 21:00,20,7,13,0,0,0
2023-03-26 21:15,8,3,5,0,0,0
2023-03-26 21:30,12,6,6,0,0,0
2023-03-26 21:45,5,2,3,0,0,0
2023-03-26 22:00,6,1,5,0,0,0
2023-03-26 22:15,6,1,5,0,0,0
2023-03-26 22:30,10,1,9,0,0,0
2023-03-26 22:45,11,2,9,0,0,0
2023-03-26 23:00,6,2,4,0,0,0
2023-03-26 23:15,2,0,2,0,0,0
2023-03-26 23:30,6,1,5,0,0,0
2023-03-26 23:45,4,1,3,0,0,0
2023-03-27 00:00,4,2,2,0,0,0
2023-03-27 00:15,1,0,1,0,0,0
2023-03-27 00:30,1,1,0,0,0,0
2023-03-27 00:45,0,0,0,0,0,0
2023-03-27 01:00,1,1,0,0,0,0
2023-03-27 01:15,2,0,2,0,0,0
2023-03-27 01:30,1,0,1,0,0,0
2023-03-27 01:45,1,0,1,0,0,0
2023-03-27 02:00,1,0,1,0,0,0
2023-03-27 02:15,0,0,0,0,0,0
2023-03-27 02:30,1,1,0,0,0,0
2023-03-27 02:45,0,0,0,0,0,0
2023-03-27 03:00,0,0,0,0,0,0
2023-03-27 03:15,0,0,0,0,0,0
2023-03-27 03:30,0,0,0,0,0,0
2023-03-27 03:45,0,0,0,0,0,0
2023-03-27 04:00,1,0,1,0,0,0
2023-03-27 04:15,1,0,1,0,0,0
2023-03-27 04:30,0,0,0,0,0,0
2023-03-27 04:45,0,0,0,0,0,0
2023-03-27 05:00,1,0,1,0,0,0
2023-03-27 05:15,3,3,0,0,0,0
2023-03-27 05:30,7,1,6,0,0,0
2023-03-27 05:45,11,6,5,0,0,0
2023-03-27 06:00,12,9,3,0,0,0
2023-03-27 06:15,19,8,11,0,0,0
2023-03-27 06:30,35,13,22,0,0,0
2023-03-27 06:45,56,16,40,0,0,0
2023-03-27 07:00,54,19,35,0,0,0
2023-03-27 07:15,78,43,35,0,0,0
2023-03-27 07:30,251,187,64,0,0,0
2023-03-27 07:45,212,82,130,0,0,0
2023-03-27 08:00,131,48,83,0,0,0
2023-03-27 08:15,124,56,68,0,0,0
2023-03-27 08:30,135,74,61,0,0,0
2023-03-27 08:45,147,80,67,0,0,0
2023-03-27 09:00,118,71,47,0,0,0
2023-03-27 09:15,88,53,35,0,0,0
2023-03-27 09:30,90,52,38,0,0,0
2023-03-27 09:45,120,66,54,0,0,0
2023-03-27 10:00,84,47,37,0,0,0
2023-03-27 10:15,78,41,37,0,0,0
2023-03-27 10:30,55,27,28,0,0,0
2023-03-27 10:45,60,34,26,0,0,0
2023-03-27 11:00,54,26,28,0,0,0
2023-03-27 11:15,83,44,39,0,0,0
2023-03-27 11:30,74,34,40,0,0,0
2023-03-27 11:45,99,40,59,0,0,0
2023-03-27 12:00,89,50,39,0,0,0
2023-03-27 12:15,112,45,67,0,0,0
2023-03-27 12:30,78,30,48,0,0,0
2023-03-27 12:45,112,51,61,0,0,0
2023-03-27 13:00,100,35,65,0,0,0
2023-03-27 13:15,124,39,85,0,0,0
2023-03-27 13:30,80,41,39,0,0,0
2023-03-27 13:45,82,31,51,0,0,0
2023-03-27 14:00,119,56,63,0,0,0
2023-03-27 14:15,104,52,52,0,0,0
2023-03-27 14:30,85,43,42,0,0,0
2023-03-27 14:45,100,46,54,0,0,0
2023-03-27 15:00,104,58,46,0,0,0
2023-03-27 15:15,101,54,47,0,0,0
2023-03-27 15:30,154,69,85,0,0,0
2023-03-27 15:45,115,59,56,0,0,0
2023-03-27 16:00,96,66,30,0,0,0
2023-03-27 16:15,127,67,60,0,0,0
2023-03-27 16:30,102,47,55,0,0,0
2023-03-27 16:45,109,62,47,0,0,0
2023-03-27 17:00,96,36,60,0,0,0
2023-03-27 17:15,122,69,53,0,0,0
2023-03-27 17:30,127,75,52,0,0,0
2023-03-27 17:45,110,52,58,0,0,0
2023-03-27 18:00,90,52,38,0,0,0
2023-03-27 18:15,89,42,47,0,0,0
2023-03-27 18:30,106,64,42,0,0,0
2023-03-27 18:45,80,39,41,0,0,0
2023-03-27 19:00,66,31,35,0,0,0
2023-03-27 19:15,84,38,46,0,0,0
2023-03-27 19:30,46,17,29,0,0,0
2023-03-27 19:45,61,25,36,0,0,0
2023-03-27 20:00,60,20,40,0,0,0
2023-03-27 20:15,43,22,21,0,0,0
2023-03-27 20:30,29,10,19,0,0,0
2023-03-27 20:45,33,8,25,0,0,0
2023-03-27 21:00,33,14,19,0,0,0
2023-03-27 21:15,29,18,11,0,0,0
2023-03-27 21:30,17,5,12,0,0,0
2023-03-27 21:45,33,17,16,0,0,0
2023-03-27 22:00,28,7,21,0,0,0
2023-03-27 22:15,11,5,6,0,0,0
2023-03-27 22:30,19,9,10,0,0,0
2023-03-27 22:45,18,3,15,0,0,0
2023-03-27 23:00,11,1,10,0,0,0
2023-03-27 23:15,13,4,9,0,0,0
2023-03-27 23:30,15,5,10,0,0,0
2023-03-27 23:45,9,7,2,0,0,0
2023-03-28 00:00,19,7,12,0,0,0
2023-03-28 00:15,5,0,5,0,0,0
2023-03-28 00:30,0,0,0,0,0,0
2023-03-28 00:45,5,0,5,0,0,0
2023-03-28 01:00,6,0,6,0,0,0
2023-03-28 01:15,1,0,1,0,0,0
2023-03-28 01:30,4,0,4,0,0,0
2023-03-28 01:45,3,0,3,0,0,0
2023-03-28 02:00,0,0,0,0,0,0
2023-03-28 02:15,2,0,2,0,0,0
2023-03-28 02:30,3,0,3,0,0,0
2023-03-28 02:45,2,1,1,0,0,0
2023-03-28 03:00,0,0,0,0,0,0
2023-03-28 03:15,0,0,0,0,0,0
2023-03-28 03:30,5,0,5,0,0,0
2023-03-28 03:45,0,0,0,0,0,0
2023-03-28 04:00,1,0,1,0,0,0
2023-03-28 04:15,0,0,0,0,0,0
2023-03-28 04:30,0,0,0,0,0,0
2023-03-28 04:45,1,1,0,0,0,0
2023-03-28 05:00,1,0,1,0,0,0
2023-03-28 05:15,4,3,1,0,0,0
2023-03-28 05:30,11,1,10,0,0,0
2023-03-28 05:45,14,7,7,0,0,0
2023-03-28 06:00,10,5,5,0,0,0
2023-03-28 06:15,23,8,15,0,0,0
2023-03-28 06:30,34,14,20,0,0,0
2023-03-28 06:45,57,22,35,0,0,0
2023-03-28 07:00,54,13,41,0,0,0
2023-03-28 07:15,87,34,53,0,0,0
2023-03-28 07:30,253,158,95,0,0,0
2023-03-28 07:45,205,87,118,0,0,0
2023-03-28 08:00,158,59,99,0,0,0
2023-03-28 08:15,135,56,79,0,0,0
2023-03-28 08:30,146,74,72,0,0,0
2023-03-28 08:45,196,74,122,0,0,0
2023-03-28 09:00,110,52,58,0,0,0
2023-03-28 09:15,84,46,38,0,0,0
2023-03-28 09:30,91,37,54,0,0,0
2023-03-28 09:45,80,34,46,0,0,0
2023-03-28 10:00,62,30,32,0,0,0
2023-03-28 10:15,77,35,42,0,0,0
2023-03-28 10:30,65,41,24,0,0,0
2023-03-28 10:45,71,38,33,0,0,0
2023-03-28 11:00,64,29,35,0,0,0
2023-03-28 11:15,63,37,26,0,0,0
2023-03-28 11:30,68,35,33,0,0,0
2023-03-28 11:45,96,51,45,0,0,0
2023-03-28 12:00,80,36,44,0,0,0
2023-03-28 12:15,89,39,50,0,0,0
2023-03-28 12:30,93,40,53,0,0,0
2023-03-28 12:45,78,42,36,0,0,0
2023-03-28 13:00,140,45,95,0,0,0
2023-03-28 13:15,121,47,74,0,0,0
2023-03-28 13:30,107,45,62,0,0,0
2023-03-28 13:45,119,53,66,0,0,0
2023-03-28 14:00,104,47,57,0,0,0
2023-03-28 14:15,93,51,42,0,0,0
2023-03-28 14:30,97,52,45,0,0,0
2023-03-28 14:45,93,49,44,0,0,0
2023-03-28 15:00,109,50,59,0,0,0
2023-03-28 15:15,103,60,43,0,0,0
2023-03-28 15:30,153,58,95,0,0,0
2023-03-28 15:45,124,75,49,0,0,0
2023-03-28 16:00,129,88,41,0,0,0
2023-03-28 16:15,138,63,75,0,0,0
2023-03-28 16:30,175,99,76,0,0,0
2023-03-28 16:45,109,51,58,0,0,0
2023-03-28 17:00,117,56,61,0,0,0
2023-03-28 17:15,130,63,67,0,0,0
2023-03-28 17:30,117,56,61,0,0,0
2023-03-28 17:45,142,70,72,0,0,0
2023-03-28 18:00,121,71,50,0,0,0
2023-03-28 18:15,95,50,45,0,0,0
2023-03-28 18:30,75,34,41,0,0,0
2023-03-28 18:45,96,48,48,0,0,0
2023-03-28 19:00,93,48,45,0,0,0
2023-03-28 19:15,73,30,43,0,0,0
2023-03-28 19:30,71,34,37,0,0,0
2023-03-28 19:45,76,34,42,0,0,0
2023-03-28 20:00,41,20,21,0,0,0
2023-03-28 20:15,43,15,28,0,0,0
2023-03-28 20:30,35,15,20,0,0,0
2023-03-28 20:45,36,12,24,0,0,0
2023-03-28 21:00,42,20,22,0,0,0
2023-03-28 21:15,28,12,16,0,0,0
2023-03-28 21:30,36,7,29,0,0,0
2023-03-28 21:45,33,11,22,0,0,0
2023-03-28 22:00,25,6,19,0,0,0
2023-03-28 22:15,28,7,21,0,0,0
2023-03-28 22:30,30,20,10,0,0,0
2023-03-28 22:45,26,8,18,0,0,0
2023-03-28 23:00,16,7,9,0,0,0
2023-03-28 23:15,24,0,24,0,0,0
2023-03-28 23:30,13,2,11,0,0,0
2023-03-28 23:45,7,2,5,0,0,0
2023-03-29 00:00,6,0,6,0,0,0
2023-03-29 00:15,2,1,1,0,0,0
2023-03-29 00:30,9,0,9,0,0,0
2023-03-29 00:45,3,1,2,0,0,0
2023-03-29 01:00,5,0,5,0,0,0
2023-03-29 01:15,2,0,2,0,0,0
2023-03-29 01:30,8,0,8,0,0,0
2023-03-29 01:45,2,0,2,0,0,0
2023-03-29 02:00,1,0,1,0,0,0
2023-03-29 02:15,1,0,1,0,0,0
2023-03-29 02:30,1,0,1,0,0,0
2023-03-29 02:45,0,0,0,0,0,0
2023-03-29 03:00,0,0,0,0,0,0
2023-03-29 03:15,0,0,0,0,0,0
2023-03-29 03:30,1,0,1,0,0,0
2023-03-29 03:45,2,1,1,0,0,0
2023-03-29 04:00,0,0,0,0,0,0
2023-03-29 04:15,1,1,0,0,0,0
2023-03-29 04:30,2,0,2,0,0,0
2023-03-29 04:45,1,0,1,0,0,0
2023-03-29 05:00,2,1,1,0,0,0
2023-03-29 05:15,4,3,1,0,0,0
2023-03-29 05:30,17,2,15,0,0,0
2023-03-29 05:45,15,5,10,0,0,0
2023-03-29 06:00,5,3,2,0,0,0
2023-03-29 06:15,27,15,12,0,0,0
2023-03-29 06:30,44,14,30,0,0,0
2023-03-29 06:45,68,26,42,0,0,0
2023-03-29 07:00,70,29,41,0,0,0
2023-03-29 07:15,86,39,47,0,0,0
2023-03-29 07:30,229,149,80,0,0,0
2023-03-29 07:45,203,91,112,0,0,0
2023-03-29 08:00,164,57,107,0,0,0
2023-03-29 08:15,146,57,89,0,0,0
2023-03-29 08:30,129,63,66,0,0,0
2023-03-29 08:45,181,67,114,0,0,0
2023-03-29 09:00,119,45,74,0,0,0
2023-03-29 09:15,119,52,67,0,0,0
2023-03-29 09:30,123,82,41,0,0,0
2023-03-29 09:45,135,90,45,0,0,0
2023-03-29 10:00,124,79,45,0,0,0
2023-03-29 10:15,100,65,35,0,0,0
2023-03-29 10:30,96,48,48,0,0,0
2023-03-29 10:45,115,57,58,0,0,0
2023-03-29 11:00,88,44,44,0,0,0
2023-03-29 11:15,103,55,48,0,0,0
2023-03-29 11:30,118,56,62,0,0,0
2023-03-29 11:45,120,52,68,0,0,0
2023-03-29 12:00,104,57,47,0,0,0
2023-03-29 12:15,101,48,53,0,0,0
2023-03-29 12:30,118,47,71,0,0,0
2023-03-29 12:45,104,57,47,0,0,0
2023-03-29 13:00,147,54,93,0,0,0
2023-03-29 13:15,115,41,74,0,0,0
2023-03-29 13:30,91,45,46,0,0,0
2023-03-29 13:45,140,77,63,0,0,0
2023-03-29 14:00,131,66,65,0,0,0
2023-03-29 14:15,103,57,46,0,0,0
2023-03-29 14:30,107,56,51,0,0,0
2023-03-29 14:45,92,53,39,0,0,0
2023-03-29 15:00,121,46,75,0,0,0
2023-03-29 15:15,107,75,32,0,0,0
2023-03-29 15:30,134,51,83,0,0,0
2023-03-29 15:45,125,79,46,0,0,0
2023-03-29 16:00,118,68,50,0,0,0
2023-03-29 16:15,145,63,82,0,0,0
2023-03-29 16:30,150,86,64,0,0,0
2023-03-29 16:45,138,77,61,0,0,0
2023-03-29 17:00,105,55,50,0,0,0
2023-03-29 17:15,114,56,58,0,0,0
2023-03-29 17:30,130,57,73,0,0,0
2023-03-29 17:45,128,71,57,0,0,0
2023-03-29 18:00,105,57,48,0,0,0
2023-03-29 18:15,86,43,43,0,0,0
2023-03-29 18:30,84,44,40,0,0,0
2023-03-29 18:45,85,42,43,0,0,0
2023-03-29 19:00,77,39,38,0,0,0
2023-03-29 19:15,76,42,34,0,0,0
2023-03-29 19:30,73,27,46,0,0,0
2023-03-29 19:45,46,15,31,0,0,0
2023-03-29 20:00,59,18,41,0,0,0
2023-03-29 20:15,43,18,25,0,0,0
2023-03-29 20:30,28,12,16,0,0,0
2023-03-29 20:45,44,19,25,0,0,0
2023-03-29 21:00,33,17,16,0,0,0
2023-03-29 21:15,33,11,22,0,0,0
2023-03-29 21:30,27,7,20,0,0,0
2023-03-29 21:45,28,9,19,0,0,0
2023-03-29 22:00,36,17,19,0,0,0
2023-03-29 22:15,39,13,26,0,0,0
2023-03-29 22:30,47,17,30,0,0,0
2023-03-29 22:45,22,7,15,0,0,0
2023-03-29 23:00,29,10,19,0,0,0
2023-03-29 23:15,20,7,13,0,0,0
2023-03-29 23:30,13,7,6,0,0,0
2023-03-29 23:45,7,1,6,0,0,0
2023-03-30 00:00,4,2,2,0,0,0
2023-03-30 00:15,11,7,4,0,0,0
2023-03-30 00:30,12,2,10,0,0,0
2023-03-30 00:45,3,0,3,0,0,0
2023-03-30 01:00,6,0,6,0,0,0
2023-03-30 01:15,5,3,2,0,0,0
2023-03-30 01:30,4,2,2,0,0,0
2023-03-30 01:45,6,0,6,0,0,0
2023-03-30 02:00,4,0,4,0,0,0
2023-03-30 02:15,4,0,4,0,0,0
2023-03-30 02:30,8,0,8,0,0,0
2023-03-30 02:45,5,0,5,0,0,0
2023-03-30 03:00,6,1,5,0,0,0
2023-03-30 03:15,3,1,2,0,0,0
2023-03-30 03:30,5,0,5,0,0,0
2023-03-30 03:45,9,1,8,0,0,0
2023-03-30 04:00,1,1,0,0,0,0
2023-03-30 04:15,3,0,3,0,0,0
2023-03-30 04:30,1,0,1,0,0,0
2023-03-30 04:45,1,0,1,0,0,0
2023-03-30 05:00,1,0,1,0,0,0
2023-03-30 05:15,8,3,5,0,0,0
2023-03-30 05:30,12,2,10,0,0,0
2023-03-30 05:45,15,8,7,0,0,0
2023-03-30 06:00,7,5,2,0,0,0
2023-03-30 06:15,16,9,7,0,0,0
2023-03-30 06:30,35,14,21,0,0,0
2023-03-30 06:45,53,16,37,0,0,0
2023-03-30 07:00,62,38,24,0,0,0
2023-03-30 07:15,92,46,46,0,0,0
2023-03-30 07:30,220,155,65,0,0,0
2023-03-30 07:45,170,81,89,0,0,0
2023-03-30 08:00,114,37,77,0,0,0
2023-03-30 08:15,137,61,76,0,0,0
2023-03-30 08:30,118,64,54,0,0,0
2023-03-30 08:45,171,60,111,0,0,0
2023-03-30 09:00,84,38,46,0,0,0
2023-03-30 09:15,90,37,53,0,0,0
2023-03-30 09:30,93,50,43,0,0,0
2023-03-30 09:45,112,41,71,0,0,0
2023-03-30 10:00,61,32,29,0,0,0
2023-03-30 10:15,46,26,20,0,0,0
2023-03-30 10:30,48,22,26,0,0,0
2023-03-30 10:45,47,21,26,0,0,0
2023-03-30 11:00,64,36,28,0,0,0
2023-03-30 11:15,77,36,41,0,0,0
2023-03-30 11:30,69,24,45,0,0,0
2023-03-30 11:45,64,40,24,0,0,0
2023-03-30 12:00,73,44,29,0,0,0
2023-03-30 12:15,88,51,37,0,0,0
2023-03-30 12:30,80,36,44,0,0,0
2023-03-30 12:45,96,51,45,0,0,0
2023-03-30 13:00,138,37,101,0,0,0
2023-03-30 13:15,111,38,73,0,0,0
2023-03-30 13:30,88,44,44,0,0,0
2023-03-30 13:45,101,55,46,0,0,0
2023-03-30 14:00,111,48,63,0,0,0
2023-03-30 14:15,73,34,39,0,0,0
2023-03-30 14:30,83,38,45,0,0,0
2023-03-30 14:45,96,51,45,0,0,0
2023-03-30 15:00,97,50,47,0,0,0
2023-03-30 15:15,121,70,51,0,0,0
2023-03-30 15:30,120,47,73,0,0,0
2023-03-30 15:45,133,66,67,0,0,0
2023-03-30 16:00,95,56,39,0,0,0
2023-03-30 16:15,126,75,51,0,0,0
2023-03-30 16:30,174,100,74,0,0,0
2023-03-30 16:45,112,51,61,0,0,0
2023-03-30 17:00,121,68,53,0,0,0
2023-03-30 17:15,107,62,45,0,0,0
2023-03-30 17:30,112,48,64,0,0,0
2023-03-30 17:45,122,47,75,0,0,0
2023-03-30 18:00,128,76,52,0,0,0
2023-03-30 18:15,103,48,55,0,0,0
2023-03-30 18:30,81,46,35,0,0,0
2023-03-30 18:45,88,38,50,0,0,0
2023-03-30 19:00,66,30,36,0,0,0
2023-03-30 19:15,67,33,34,0,0,0
2023-03-30 19:30,50,23,27,0,0,0
2023-03-30 19:45,55,14,41,0,0,0
2023-03-30 20:00,54,18,36,0,0,0
2023-03-30 20:15,55,16,39,0,0,0
2023-03-30 20:30,55,23,32,0,0,0
2023-03-30 20:45,37,19,18,0,0,0
2023-03-30 21:00,39,12,27,0,0,0
2023-03-30 21:15,38,24,14,0,0,0
2023-03-30 21:30,29,9,20,0,0,0
2023-03-30 21:45,32,16,16,0,0,0
2023-03-30 22:00,39,14,25,0,0,0
2023-03-30 22:15,30,7,23,0,0,0
2023-03-30 22:30,62,40,22,0,0,0
2023-03-30 22:45,35,11,24,0,0,0
2023-03-30 23:00,22,13,9,0,0,0
2023-03-30 23:15,13,8,5,0,0,0
2023-03-30 23:30,14,11,3,0,0,0
2023-03-30 23:45,8,5,3,0,0,0
