Datetime,100034982 (Hüfferstraße),101034982 (Hüfferstraße stadteinwärts),102034982 (Hüfferstraße stadtauswärts),100034982-status,101034982-status,102034982-status
2023-02-01 00:00,8,6,2,0,0,0
2023-02-01 00:15,13,10,3,0,0,0
2023-02-01 00:30,3,1,2,0,0,0
2023-02-01 00:45,8,7,1,0,0,0
2023-02-01 01:00,2,2,0,0,0,0
2023-02-01 01:15,3,3,0,0,0,0
2023-02-01 01:30,2,2,0,0,0,0
2023-02-01 01:45,3,0,3,0,0,0
2023-02-01 02:00,7,6,1,0,0,0
2023-02-01 02:15,4,3,1,0,0,0
2023-02-01 02:30,7,7,0,0,0,0
2023-02-01 02:45,4,4,0,0,0,0
2023-02-01 03:00,12,12,0,0,0,0
2023-02-01 03:15,3,2,1,0,0,0
2023-02-01 03:30,10,9,1,0,0,0
2023-02-01 03:45,5,3,2,0,0,0
2023-02-01 04:00,1,1,0,0,0,0
2023-02-01 04:15,3,3,0,0,0,0
2023-02-01 04:30,2,2,0,0,0,0
2023-02-01 04:45,7,7,0,0,0,0
2023-02-01 05:00,3,3,0,0,0,0
2023-02-01 05:15,7,7,0,0,0,0
2023-02-01 05:30,18,8,10,0,0,0
2023-02-01 05:45,14,4,10,0,0,0
2023-02-01 06:00,10,4,6,0,0,0
2023-02-01 06:15,41,28,13,0,0,0
2023-02-01 06:30,35,11,24,0,0,0
2023-02-01 06:45,64,22,42,0,0,0
2023-02-01 07:00,71,22,49,0,0,0
2023-02-01 07:15,117,39,78,0,0,0
2023-02-01 07:30,253,138,115,0,0,0
2023-02-01 07:45,222,93,129,0,0,0
2023-02-01 08:00,169,63,106,0,0,0
2023-02-01 08:15,126,63,63,0,0,0
2023-02-01 08:30,159,101,58,0,0,0
2023-02-01 08:45,153,66,87,0,0,0
2023-02-01 09:00,112,61,51,0,0,0
2023-02-01 09:15,133,86,47,0,0,0
2023-02-01 09:30,103,59,44,0,0,0
2023-02-01 09:45,121,73,48,0,0,0
2023-02-01 10:00,127,74,53,0,0,0
2023-02-01 10:15,94,53,41,0,0,0
2023-02-01 10:30,80,36,44,0,0,0
2023-02-01 10:45,80,42,38,0,0,0
2023-02-01 11:00,92,49,43,0,0,0
2023-02-01 11:15,132,77,55,0,0,0
2023-02-01 11:30,105,52,53,0,0,0
2023-02-01 11:45,121,65,56,0,0,0
2023-02-01 12:00,147,80,67,0,0,0
2023-02-01 12:15,119,50,69,0,0,0
2023-02-01 12:30,106,44,62,0,0,0
2023-02-01 12:45,112,56,56,0,0,0
2023-02-01 13:00,112,63,49,0,0,0
2023-02-01 13:15,115,49,66,0,0,0
2023-02-01 13:30,102,45,57,0,0,0
2023-02-01 13:45,108,45,63,0,0,0
2023-02-01 14:00,132,52,80,0,0,0
2023-02-01 14:15,95,55,40,0,0,0
2023-02-01 14:30,102,66,36,0,0,0
2023-02-01 14:45,105,56,49,0,0,0
2023-02-01 15:00,87,45,42,0,0,0
2023-02-01 15:15,135,94,41,0,0,0
2023-02-01 15:30,108,49,59,0,0,0
2023-02-01 15:45,140,74,66,0,0,0
2023-02-01 16:00,126,70,56,0,0,0
2023-02-01 16:15,131,61,70,0,0,0
2023-02-01 16:30,129,73,56,0,0,0
2023-02-01 16:45,124,82,42,0,0,0
2023-02-01 17:00,101,52,49,0,0,0
2023-02-01 17:15,121,62,59,0,0,0
2023-02-01 17:30,92,46,46,0,0,0
2023-02-01 17:45,115,78,37,0,0,0
2023-02-01 18:00,101,49,52,0,0,0
2023-02-01 18:15,100,59,41,0,0,0
2023-02-01 18:30,85,50,35,0,0,0
2023-02-01 18:45,81,45,36,0,0,0
2023-02-01 19:00,83,58,25,0,0,0
2023-02-01 19:15,86,42,44,0,0,0
2023-02-01 19:30,62,32,30,0,0,0
2023-02-01 19:45,64,30,34,0,0,0
2023-02-01 20:00,61,21,40,0,0,0
2023-02-01 20:15,40,12,28,0,0,0
2023-02-01 20:30,31,17,14,0,0,0
2023-02-01 20:45,35,17,18,0,0,0
2023-02-01 21:00,32,11,21,0,0,0
2023-02-01 21:15,23,10,13,0,0,0
2023-02-01 21:30,39,11,28,0,0,0
2023-02-01 21:45,26,13,13,0,0,0
2023-02-01 22:00,39,19,20,0,0,0
2023-02-01 22:15,25,12,13,0,0,0
2023-02-01 22:30,23,12,11,0,0,0
2023-02-01 22:45,20,7,13,0,0,0
2023-02-01 23:00,13,5,8,0,0,0
2023-02-01 23:15,31,21,10,0,0,0
2023-02-01 23:30,16,11,5,0,0,0
2023-02-01 23:45,20,16,4,0,0,0
2023-02-02 00:00,22,17,5,0,0,0
2023-02-02 00:15,12,6,6,0,0,0
2023-02-02 00:30,8,5,3,0,0,0
2023-02-02 00:45,9,8,1,0,0,0
2023-02-02 01:00,7,4,3,0,0,0
2023-02-02 01:15,15,13,2,0,0,0
2023-02-02 01:30,6,5,1,0,0,0
2023-02-02 01:45,3,3,0,0,0,0
2023-02-02 02:00,10,7,3,0,0,0
2023-02-02 02:15,9,0,9,0,0,0
2023-02-02 02:30,7,5,2,0,0,0
2023-02-02 02:45,6,4,2,0,0,0
2023-02-02 03:00,9,4,5,0,0,0
2023-02-02 03:15,7,2,5,0,0,0
2023-02-02 03:30,5,3,2,0,0,0
2023-02-02 03:45,11,5,6,0,0,0
2023-02-02 04:00,15,8,7,0,0,0
2023-02-02 04:15,8,5,3,0,0,0
2023-02-02 04:30,11,6,5,0,0,0
2023-02-02 04:45,6,1,5,0,0,0
2023-02-02 05:00,4,4,0,0,0,0
2023-02-02 05:15,5,5,0,0,0,0
2023-02-02 05:30,14,7,7,0,0,0
2023-02-02 05:45,18,8,10,0,0,0
2023-02-02 06:00,17,11,6,0,0,0
2023-02-02 06:15,25,8,17,0,0,0
2023-02-02 06:30,38,15,23,0,0,0
2023-02-02 06:45,63,20,43,0,0,0
2023-02-02 07:00,52,19,33,0,0,0
2023-02-02 07:15,73,32,41,0,0,0
2023-02-02 07:30,158,73,85,0,0,0
2023-02-02 07:45,175,77,98,0,0,0
2023-02-02 08:00,132,53,79,0,0,0
2023-02-02 08:15,106,50,56,0,0,0
2023-02-02 08:30,106,39,67,0,0,0
2023-02-02 08:45,125,57,68,0,0,0
2023-02-02 09:00,67,31,36,0,0,0
2023-02-02 09:15,58,38,20,0,0,0
2023-02-02 09:30,68,29,39,0,0,0
2023-02-02 09:45,87,45,42,0,0,0
2023-02-02 10:00,63,30,33,0,0,0
2023-02-02 10:15,56,35,21,0,0,0
2023-02-02 10:30,59,33,26,0,0,0
2023-02-02 10:45,52,33,19,0,0,0
2023-02-02 11:00,48,30,18,0,0,0
2023-02-02 11:15,54,28,26,0,0,0
2023-02-02 11:30,57,24,33,0,0,0
2023-02-02 11:45,81,47,34,0,0,0
2023-02-02 12:00,75,36,39,0,0,0
2023-02-02 12:15,76,45,31,0,0,0
2023-02-02 12:30,52,28,24,0,0,0
2023-02-02 12:45,57,24,33,0,0,0
2023-02-02 13:00,87,41,46,0,0,0
2023-02-02 13:15,96,39,57,0,0,0
2023-02-02 13:30,61,26,35,0,0,0
2023-02-02 13:45,77,43,34,0,0,0
2023-02-02 14:00,95,53,42,0,0,0
2023-02-02 14:15,77,49,28,0,0,0
2023-02-02 14:30,79,44,35,0,0,0
2023-02-02 14:45,109,60,49,0,0,0
2023-02-02 15:00,88,49,39,0,0,0
2023-02-02 15:15,82,58,24,0,0,0
2023-02-02 15:30,96,51,45,0,0,0
2023-02-02 15:45,85,49,36,0,0,0
2023-02-02 16:00,136,92,44,0,0,0
2023-02-02 16:15,100,54,46,0,0,0
2023-02-02 16:30,90,53,37,0,0,0
2023-02-02 16:45,115,76,39,0,0,0
2023-02-02 17:00,93,63,30,0,0,0
2023-02-02 17:15,79,46,33,0,0,0
2023-02-02 17:30,82,51,31,0,0,0
2023-02-02 17:45,86,35,51,0,0,0
2023-02-02 18:00,117,66,51,0,0,0
2023-02-02 18:15,75,41,34,0,0,0
2023-02-02 18:30,63,33,30,0,0,0
2023-02-02 18:45,76,41,35,0,0,0
2023-02-02 19:00,83,53,30,0,0,0
2023-02-02 19:15,55,29,26,0,0,0
2023-02-02 19:30,45,23,22,0,0,0
2023-02-02 19:45,48,23,25,0,0,0
2023-02-02 20:00,42,23,19,0,0,0
2023-02-02 20:15,47,20,27,0,0,0
2023-02-02 20:30,31,13,18,0,0,0
2023-02-02 20:45,22,10,12,0,0,0
2023-02-02 21:00,34,22,12,0,0,0
2023-02-02 21:15,24,11,13,0,0,0
2023-02-02 21:30,34,26,8,0,0,0
2023-02-02 21:45,28,13,15,0,0,0
2023-02-02 22:00,22,13,9,0,0,0
2023-02-02 22:15,39,15,24,0,0,0
2023-02-02 22:30,24,12,12,0,0,0
2023-02-02 22:45,26,15,11,0,0,0
2023-02-02 23:00,21,12,9,0,0,0
2023-02-02 23:15,13,9,4,0,0,0
2023-02-02 23:30,12,8,4,0,0,0
2023-02-02 23:45,11,5,6,0,0,0
2023-02-03 00:00,17,8,9,0,0,0
2023-02-03 00:15,7,4,3,0,0,0
2023-02-03 00:30,10,4,6,0,0,0
2023-02-03 00:45,13,12,1,0,0,0
2023-02-03 01:00,2,2,0,0,0,0
2023-02-03 01:15,8,6,2,0,0,0
2023-02-03 01:30,4,3,1,0,0,0
2023-02-03 01:45,3,3,0,0,0,0
2023-02-03 02:00,10,8,2,0,0,0
2023-02-03 02:15,14,13,1,0,0,0
2023-02-03 02:30,8,8,0,0,0,0
2023-02-03 02:45,9,9,0,0,0,0
2023-02-03 03:00,6,6,0,0,0,0
2023-02-03 03:15,5,4,1,0,0,0
2023-02-03 03:30,3,2,1,0,0,0
2023-02-03 03:45,7,7,0,0,0,0
2023-02-03 04:00,6,3,3,0,0,0
2023-02-03 04:15,7,7,0,0,0,0
2023-02-03 04:30,6,6,0,0,0,0
2023-02-03 04:45,7,7,0,0,0,0
2023-02-03 05:00,2,1,1,0,0,0
2023-02-03 05:15,3,3,0,0,0,0
2023-02-03 05:30,11,6,5,0,0,0
2023-02-03 05:45,18,10,8,0,0,0
2023-02-03 06:00,13,7,6,0,0,0
2023-02-03 06:15,26,16,10,0,0,0
2023-02-03 06:30,46,19,27,0,0,0
2023-02-03 06:45,54,23,31,0,0,0
2023-02-03 07:00,65,29,36,0,0,0
2023-02-03 07:15,85,37,48,0,0,0
2023-02-03 07:30,170,113,57,0,0,0
2023-02-03 07:45,175,97,78,0,0,0
2023-02-03 08:00,133,52,81,0,0,0
2023-02-03 08:15,122,76,46,0,0,0
2023-02-03 08:30,115,64,51,0,0,0
2023-02-03 08:45,108,53,55,0,0,0
2023-02-03 09:00,107,67,40,0,0,0
2023-02-03 09:15,98,46,52,0,0,0
2023-02-03 09:30,87,44,43,0,0,0
2023-02-03 09:45,102,50,52,0,0,0
2023-02-03 10:00,108,69,39,0,0,0
2023-02-03 10:15,76,39,37,0,0,0
2023-02-03 10:30,70,37,33,0,0,0
2023-02-03 10:45,79,51,28,0,0,0
2023-02-03 11:00,92,49,43,0,0,0
2023-02-03 11:15,78,50,28,0,0,0
2023-02-03 11:30,68,32,36,0,0,0
2023-02-03 11:45,133,81,52,0,0,0
2023-02-03 12:00,77,37,40,0,0,0
2023-02-03 12:15,117,49,68,0,0,0
2023-02-03 12:30,80,29,51,0,0,0
2023-02-03 12:45,114,71,43,0,0,0
2023-02-03 13:00,136,55,81,0,0,0
2023-02-03 13:15,106,50,56,0,0,0
2023-02-03 13:30,97,47,50,0,0,0
2023-02-03 13:45,98,55,43,0,0,0
2023-02-03 14:00,139,57,82,0,0,0
2023-02-03 14:15,115,57,58,0,0,0
2023-02-03 14:30,117,66,51,0,0,0
2023-02-03 14:45,105,51,54,0,0,0
2023-02-03 15:00,102,50,52,0,0,0
2023-02-03 15:15,129,87,42,0,0,0
2023-02-03 15:30,105,59,46,0,0,0
2023-02-03 15:45,124,71,53,0,0,0
2023-02-03 16:00,101,69,32,0,0,0
2023-02-03 16:15,104,56,48,0,0,0
2023-02-03 16:30,85,39,46,0,0,0
2023-02-03 16:45,113,69,44,0,0,0
2023-02-03 17:00,97,45,52,0,0,0
2023-02-03 17:15,94,56,38,0,0,0
2023-02-03 17:30,77,40,37,0,0,0
2023-02-03 17:45,92,50,42,0,0,0
2023-02-03 18:00,92,49,43,0,0,0
2023-02-03 18:15,78,31,47,0,0,0
2023-02-03 18:30,74,35,39,0,0,0
2023-02-03 18:45,95,61,34,0,0,0
2023-02-03 19:00,80,44,36,0,0,0
2023-02-03 19:15,87,43,44,0,0,0
2023-02-03 19:30,61,31,30,0,0,0
2023-02-03 19:45,63,41,22,0,0,0
2023-02-03 20:00,56,29,27,0,0,0
2023-02-03 20:15,65,41,24,0,0,0
2023-02-03 20:30,47,23,24,0,0,0
2023-02-03 20:45,30,19,11,0,0,0
2023-02-03 21:00,37,20,17,0,0,0
2023-02-03 21:15,27,12,15,0,0,0
2023-02-03 21:30,37,25,12,0,0,0
2023-02-03 21:45,38,14,24,0,0,0
2023-02-03 22:00,21,4,17,0,0,0
2023-02-03 22:15,22,7,15,0,0,0
2023-02-03 22:30,24,10,14,0,0,0
2023-02-03 22:45,20,8,12,0,0,0
2023-02-03 23:00,40,15,25,0,0,0
2023-02-03 23:15,23,14,9,0,0,0
2023-02-03 23:30,26,9,17,0,0,0
2023-02-03 23:45,27,15,12,0,0,0
2023-02-04 00:00,18,5,13,0,0,0
2023-02-04 00:15,13,5,8,0,0,0
2023-02-04 00:30,23,11,12,0,0,0
2023-02-04 00:45,19,14,5,0,0,0
2023-02-04 01:00,9,5,4,0,0,0
2023-02-04 01:15,14,10,4,0,0,0
2023-02-04 01:30,17,10,7,0,0,0
2023-02-04 01:45,20,15,5,0,0,0
2023-02-04 02:00,10,8,2,0,0,0
2023-02-04 02:15,9,7,2,0,0,0
2023-02-04 02:30,13,10,3,0,0,0
2023-02-04 02:45,6,4,2,0,0,0
2023-02-04 03:00,13,9,4,0,0,0
2023-02-04 03:15,5,2,3,0,0,0
2023-02-04 03:30,13,4,9,0,0,0
2023-02-04 03:45,18,8,10,0,0,0
2023-02-04 04:00,4,2,2,0,0,0
2023-02-04 04:15,8,6,2,0,0,0
2023-02-04 04:30,8,7,1,0,0,0
2023-02-04 04:45,3,2,1,0,0,0
2023-02-04 05:00,2,1,1,0,0,0
2023-02-04 05:15,7,5,2,0,0,0
2023-02-04 05:30,19,7,12,0,0,0
2023-02-04 05:45,6,3,3,0,0,0
2023-02-04 06:00,1,0,1,0,0,0
2023-02-04 06:15,8,8,0,0,0,0
2023-02-04 06:30,4,3,1,0,0,0
2023-02-04 06:45,11,11,0,0,0,0
2023-02-04 07:00,7,5,2,0,0,0
2023-02-04 07:15,20,12,8,0,0,0
2023-02-04 07:30,14,8,6,0,0,0
2023-02-04 07:45,31,25,6,0,0,0
2023-02-04 08:00,27,23,4,0,0,0
2023-02-04 08:15,31,25,6,0,0,0
2023-02-04 08:30,41,32,9,0,0,0
2023-02-04 08:45,50,37,13,0,0,0
2023-02-04 09:00,47,35,12,0,0,0
2023-02-04 09:15,59,41,18,0,0,0
2023-02-04 09:30,61,43,18,0,0,0
2023-02-04 09:45,86,57,29,0,0,0
2023-02-04 10:00,71,52,19,0,0,0
2023-02-04 10:15,73,46,27,0,0,0
2023-02-04 10:30,88,56,32,0,0,0
2023-02-04 10:45,99,71,28,0,0,0
2023-02-04 11:00,93,67,26,0,0,0
2023-02-04 11:15,86,52,34,0,0,0
2023-02-04 11:30,66,40,26,0,0,0
2023-02-04 11:45,119,75,44,0,0,0
2023-02-04 12:00,110,68,42,0,0,0
2023-02-04 12:15,111,60,51,0,0,0
2023-02-04 12:30,85,31,54,0,0,0
2023-02-04 12:45,93,51,42,0,0,0
2023-02-04 13:00,96,56,40,0,0,0
2023-02-04 13:15,102,46,56,0,0,0
2023-02-04 13:30,98,54,44,0,0,0
2023-02-04 13:45,92,40,52,0,0,0
2023-02-04 14:00,93,45,48,0,0,0
2023-02-04 14:15,86,39,47,0,0,0
2023-02-04 14:30,110,27,83,0,0,0
2023-02-04 14:45,82,37,45,0,0,0
2023-02-04 15:00,96,40,56,0,0,0
2023-02-04 15:15,88,40,48,0,0,0
2023-02-04 15:30,64,30,34,0,0,0
2023-02-04 15:45,84,45,39,0,0,0
2023-02-04 16:00,83,42,41,0,0,0
2023-02-04 16:15,38,11,27,0,0,0
2023-02-04 16:30,60,27,33,0,0,0
2023-02-04 16:45,92,46,46,0,0,0
2023-02-04 17:00,55,24,31,0,0,0
2023-02-04 17:15,62,32,30,0,0,0
2023-02-04 17:30,73,24,49,0,0,0
2023-02-04 17:45,54,23,31,0,0,0
2023-02-04 18:00,66,21,45,0,0,0
2023-02-04 18:15,55,19,36,0,0,0
2023-02-04 18:30,68,31,37,0,0,0
2023-02-04 18:45,56,34,22,0,0,0
2023-02-04 19:00,54,28,26,0,0,0
2023-02-04 19:15,59,36,23,0,0,0
2023-02-04 19:30,41,21,20,0,0,0
2023-02-04 19:45,22,13,9,0,0,0
2023-02-04 20:00,43,19,24,0,0,0
2023-02-04 20:15,47,28,19,0,0,0
2023-02-04 20:30,41,18,23,0,0,0
2023-02-04 20:45,48,36,12,0,0,0
2023-02-04 21:00,42,25,17,0,0,0
2023-02-04 21:15,44,22,22,0,0,0
2023-02-04 21:30,25,11,14,0,0,0
2023-02-04 21:45,31,21,10,0,0,0
2023-02-04 22:00,39,17,22,0,0,0
2023-02-04 22:15,25,11,14,0,0,0
2023-02-04 22:30,36,11,25,0,0,0
2023-02-04 22:45,37,16,21,0,0,0
2023-02-04 23:00,28,10,18,0,0,0
2023-02-04 23:15,21,9,12,0,0,0
2023-02-04 23:30,13,6,7,0,0,0
2023-02-04 23:45,17,8,9,0,0,0
2023-02-05 00:00,15,12,3,0,0,0
2023-02-05 00:15,18,7,11,0,0,0
2023-02-05 00:30,17,4,13,0,0,0
2023-02-05 00:45,12,7,5,0,0,0
2023-02-05 01:00,16,5,11,0,0,0
2023-02-05 01:15,18,7,11,0,0,0
2023-02-05 01:30,14,8,6,0,0,0
2023-02-05 01:45,4,0,4,0,0,0
2023-02-05 02:00,11,2,9,0,0,0
2023-02-05 02:15,8,2,6,0,0,0
2023-02-05 02:30,10,2,8,0,0,0
2023-02-05 02:45,4,4,0,0,0,0
2023-02-05 03:00,8,2,6,0,0,0
2023-02-05 03:15,12,5,7,0,0,0
2023-02-05 03:30,12,7,5,0,0,0
2023-02-05 03:45,10,6,4,0,0,0
2023-02-05 04:00,6,3,3,0,0,0
2023-02-05 04:15,6,2,4,0,0,0
2023-02-05 04:30,5,3,2,0,0,0
2023-02-05 04:45,3,1,2,0,0,0
2023-02-05 05:00,8,2,6,0,0,0
2023-02-05 05:15,3,2,1,0,0,0
2023-02-05 05:30,9,4,5,0,0,0
2023-02-05 05:45,12,7,5,0,0,0
2023-02-05 06:00,5,2,3,0,0,0
2023-02-05 06:15,3,2,1,0,0,0
2023-02-05 06:30,12,10,2,0,0,0
2023-02-05 06:45,10,6,4,0,0,0
2023-02-05 07:00,17,17,0,0,0,0
2023-02-05 07:15,13,11,2,0,0,0
2023-02-05 07:30,14,10,4,0,0,0
2023-02-05 07:45,18,11,7,0,0,0
2023-02-05 08:00,7,6,1,0,0,0
2023-02-05 08:15,9,8,1,0,0,0
2023-02-05 08:30,10,10,0,0,0,0
2023-02-05 08:45,19,12,7,0,0,0
2023-02-05 09:00,12,9,3,0,0,0
2023-02-05 09:15,11,8,3,0,0,0
2023-02-05 09:30,17,12,5,0,0,0
2023-02-05 09:45,34,29,5,0,0,0
2023-02-05 10:00,20,14,6,0,0,0
2023-02-05 10:15,15,6,9,0,0,0
2023-02-05 10:30,19,12,7,0,0,0
2023-02-05 10:45,37,31,6,0,0,0
2023-02-05 11:00,32,17,15,0,0,0
2023-02-05 11:15,17,12,5,0,0,0
2023-02-05 11:30,25,15,10,0,0,0
2023-02-05 11:45,36,31,5,0,0,0
2023-02-05 12:00,20,10,10,0,0,0
2023-02-05 12:15,23,13,10,0,0,0
2023-02-05 12:30,33,18,15,0,0,0
2023-02-05 12:45,42,21,21,0,0,0
2023-02-05 13:00,27,18,9,0,0,0
2023-02-05 13:15,30,17,13,0,0,0
2023-02-05 13:30,37,16,21,0,0,0
2023-02-05 13:45,47,25,22,0,0,0
2023-02-05 14:00,18,11,7,0,0,0
2023-02-05 14:15,30,21,9,0,0,0
2023-02-05 14:30,22,12,10,0,0,0
2023-02-05 14:45,36,18,18,0,0,0
2023-02-05 15:00,38,18,20,0,0,0
2023-02-05 15:15,29,11,18,0,0,0
2023-02-05 15:30,28,9,19,0,0,0
2023-02-05 15:45,42,22,20,0,0,0
2023-02-05 16:00,36,15,21,0,0,0
2023-02-05 16:15,32,13,19,0,0,0
2023-02-05 16:30,35,17,18,0,0,0
2023-02-05 16:45,50,27,23,0,0,0
2023-02-05 17:00,43,17,26,0,0,0
2023-02-05 17:15,27,7,20,0,0,0
2023-02-05 17:30,34,19,15,0,0,0
2023-02-05 17:45,24,18,6,0,0,0
2023-02-05 18:00,47,19,28,0,0,0
2023-02-05 18:15,34,14,20,0,0,0
2023-02-05 18:30,28,10,18,0,0,0
2023-02-05 18:45,36,10,26,0,0,0
2023-02-05 19:00,29,15,14,0,0,0
2023-02-05 19:15,34,26,8,0,0,0
2023-02-05 19:30,16,5,11,0,0,0
2023-02-05 19:45,45,28,17,0,0,0
2023-02-05 20:00,32,12,20,0,0,0
2023-02-05 20:15,23,10,13,0,0,0
2023-02-05 20:30,32,13,19,0,0,0
2023-02-05 20:45,21,8,13,0,0,0
2023-02-05 21:00,24,12,12,0,0,0
2023-02-05 21:15,20,10,10,0,0,0
2023-02-05 21:30,14,3,11,0,0,0
2023-02-05 21:45,19,7,12,0,0,0
2023-02-05 22:00,16,10,6,0,0,0
2023-02-05 22:15,20,10,10,0,0,0
2023-02-05 22:30,20,9,11,0,0,0
2023-02-05 22:45,15,12,3,0,0,0
2023-02-05 23:00,10,2,8,0,0,0
2023-02-05 23:15,9,5,4,0,0,0
2023-02-05 23:30,8,7,1,0,0,0
2023-02-05 23:45,6,4,2,0,0,0
2023-02-06 00:00,3,1,2,0,0,0
2023-02-06 00:15,3,2,1,0,0,0
2023-02-06 00:30,6,5,1,0,0,0
2023-02-06 00:45,6,4,2,0,0,0
2023-02-06 01:00,4,3,1,0,0,0
2023-02-06 01:15,5,4,1,0,0,0
2023-02-06 01:30,4,4,0,0,0,0
2023-02-06 01:45,4,4,0,0,0,0
2023-02-06 02:00,11,10,1,0,0,0
2023-02-06 02:15,5,5,0,0,0,0
2023-02-06 02:30,2,2,0,0,0,0
2023-02-06 02:45,7,7,0,0,0,0
2023-02-06 03:00,2,2,0,0,0,0
2023-02-06 03:15,0,0,0,0,0,0
2023-02-06 03:30,2,1,1,0,0,0
2023-02-06 03:45,5,5,0,0,0,0
2023-02-06 04:00,6,6,0,0,0,0
2023-02-06 04:15,2,2,0,0,0,0
2023-02-06 04:30,2,2,0,0,0,0
2023-02-06 04:45,3,3,0,0,0,0
2023-02-06 05:00,3,3,0,0,0,0
2023-02-06 05:15,4,4,0,0,0,0
2023-02-06 05:30,16,7,9,0,0,0
2023-02-06 05:45,13,7,6,0,0,0
2023-02-06 06:00,15,6,9,0,0,0
2023-02-06 06:15,25,14,11,0,0,0
2023-02-06 06:30,54,14,40,0,0,0
2023-02-06 06:45,60,19,41,0,0,0
2023-02-06 07:00,69,26,43,0,0,0
2023-02-06 07:15,93,46,47,0,0,0
2023-02-06 07:30,237,157,80,0,0,0
2023-02-06 07:45,209,99,110,0,0,0
2023-02-06 08:00,164,73,91,0,0,0
2023-02-06 08:15,124,59,65,0,0,0
2023-02-06 08:30,122,51,71,0,0,0
2023-02-06 08:45,198,98,100,0,0,0
2023-02-06 09:00,117,58,59,0,0,0
2023-02-06 09:15,86,42,44,0,0,0
2023-02-06 09:30,94,51,43,0,0,0
2023-02-06 09:45,105,65,40,0,0,0
2023-02-06 10:00,66,25,41,0,0,0
2023-02-06 10:15,62,36,26,0,0,0
2023-02-06 10:30,64,31,33,0,0,0
2023-02-06 10:45,85,50,35,0,0,0
2023-02-06 11:00,81,42,39,0,0,0
2023-02-06 11:15,86,43,43,0,0,0
2023-02-06 11:30,64,32,32,0,0,0
2023-02-06 11:45,89,48,41,0,0,0
2023-02-06 12:00,120,74,46,0,0,0
2023-02-06 12:15,100,39,61,0,0,0
2023-02-06 12:30,91,37,54,0,0,0
2023-02-06 12:45,110,66,44,0,0,0
2023-02-06 13:00,129,62,67,0,0,0
2023-02-06 13:15,118,33,85,0,0,0
2023-02-06 13:30,75,25,50,0,0,0
2023-02-06 13:45,101,50,51,0,0,0
2023-02-06 14:00,136,57,79,0,0,0
2023-02-06 14:15,81,44,37,0,0,0
2023-02-06 14:30,103,47,56,0,0,0
2023-02-06 14:45,118,61,57,0,0,0
2023-02-06 15:00,131,89,42,0,0,0
2023-02-06 15:15,157,96,61,0,0,0
2023-02-06 15:30,143,71,72,0,0,0
2023-02-06 15:45,107,52,55,0,0,0
2023-02-06 16:00,122,81,41,0,0,0
2023-02-06 16:15,151,91,60,0,0,0
2023-02-06 16:30,148,76,72,0,0,0
2023-02-06 16:45,153,85,68,0,0,0
2023-02-06 17:00,121,70,51,0,0,0
2023-02-06 17:15,120,56,64,0,0,0
2023-02-06 17:30,129,63,66,0,0,0
2023-02-06 17:45,137,90,47,0,0,0
2023-02-06 18:00,111,53,58,0,0,0
2023-02-06 18:15,91,40,51,0,0,0
2023-02-06 18:30,71,29,42,0,0,0
2023-02-06 18:45,94,46,48,0,0,0
2023-02-06 19:00,57,20,37,0,0,0
2023-02-06 19:15,63,28,35,0,0,0
2023-02-06 19:30,45,19,26,0,0,0
2023-02-06 19:45,54,16,38,0,0,0
2023-02-06 20:00,46,14,32,0,0,0
2023-02-06 20:15,31,12,19,0,0,0
2023-02-06 20:30,44,8,36,0,0,0
2023-02-06 20:45,21,6,15,0,0,0
2023-02-06 21:00,26,12,14,0,0,0
2023-02-06 21:15,29,12,17,0,0,0
2023-02-06 21:30,23,6,17,0,0,0
2023-02-06 21:45,21,4,17,0,0,0
2023-02-06 22:00,24,5,19,0,0,0
2023-02-06 22:15,20,12,8,0,0,0
2023-02-06 22:30,16,5,11,0,0,0
2023-02-06 22:45,16,2,14,0,0,0
2023-02-06 23:00,15,7,8,0,0,0
2023-02-06 23:15,4,1,3,0,0,0
2023-02-06 23:30,6,4,2,0,0,0
2023-02-06 23:45,9,1,8,0,0,0
2023-02-07 00:00,11,5,6,0,0,0
2023-02-07 00:15,5,2,3,0,0,0
2023-02-07 00:30,17,13,4,0,0,0
2023-02-07 00:45,10,9,1,0,0,0
2023-02-07 01:00,3,2,1,0,0,0
2023-02-07 01:15,2,1,1,0,0,0
2023-02-07 01:30,2,1,1,0,0,0
2023-02-07 01:45,4,2,2,0,0,0
2023-02-07 02:00,8,1,7,0,0,0
2023-02-07 02:15,3,0,3,0,0,0
2023-02-07 02:30,0,0,0,0,0,0
2023-02-07 02:45,0,0,0,0,0,0
2023-02-07 03:00,2,0,2,0,0,0
2023-02-07 03:15,0,0,0,0,0,0
2023-02-07 03:30,0,0,0,0,0,0
2023-02-07 03:45,0,0,0,0,0,0
2023-02-07 04:00,0,0,0,0,0,0
2023-02-07 04:15,1,0,1,0,0,0
2023-02-07 04:30,0,0,0,0,0,0
2023-02-07 04:45,0,0,0,0,0,0
2023-02-07 05:00,0,0,0,0,0,0
2023-02-07 05:15,4,4,0,0,0,0
2023-02-07 05:30,16,4,12,0,0,0
2023-02-07 05:45,11,2,9,0,0,0
2023-02-07 06:00,15,8,7,0,0,0
2023-02-07 06:15,23,10,13,0,0,0
2023-02-07 06:30,52,19,33,0,0,0
2023-02-07 06:45,60,23,37,0,0,0
2023-02-07 07:00,55,18,37,0,0,0
2023-02-07 07:15,83,41,42,0,0,0
2023-02-07 07:30,246,161,85,0,0,0
2023-02-07 07:45,231,127,104,0,0,0
2023-02-07 08:00,171,80,91,0,0,0
2023-02-07 08:15,161,76,85,0,0,0
2023-02-07 08:30,161,88,73,0,0,0
2023-02-07 08:45,143,68,75,0,0,0
2023-02-07 09:00,97,49,48,0,0,0
2023-02-07 09:15,77,35,42,0,0,0
2023-02-07 09:30,79,28,51,0,0,0
2023-02-07 09:45,99,52,47,0,0,0
2023-02-07 10:00,66,29,37,0,0,0
2023-02-07 10:15,55,21,34,0,0,0
2023-02-07 10:30,68,33,35,0,0,0
2023-02-07 10:45,76,44,32,0,0,0
2023-02-07 11:00,67,41,26,0,0,0
2023-02-07 11:15,103,61,42,0,0,0
2023-02-07 11:30,84,44,40,0,0,0
2023-02-07 11:45,71,47,24,0,0,0
2023-02-07 12:00,88,51,37,0,0,0
2023-02-07 12:15,102,45,57,0,0,0
2023-02-07 12:30,89,38,51,0,0,0
2023-02-07 12:45,86,42,44,0,0,0
2023-02-07 13:00,148,50,98,0,0,0
2023-02-07 13:15,120,57,63,0,0,0
2023-02-07 13:30,85,38,47,0,0,0
2023-02-07 13:45,114,52,62,0,0,0
2023-02-07 14:00,138,70,68,0,0,0
2023-02-07 14:15,103,58,45,0,0,0
2023-02-07 14:30,112,66,46,0,0,0
2023-02-07 14:45,134,55,79,0,0,0
2023-02-07 15:00,142,69,73,0,0,0
2023-02-07 15:15,142,85,57,0,0,0
2023-02-07 15:30,112,58,54,0,0,0
2023-02-07 15:45,138,84,54,0,0,0
2023-02-07 16:00,136,89,47,0,0,0
2023-02-07 16:15,133,66,67,0,0,0
2023-02-07 16:30,147,81,66,0,0,0
2023-02-07 16:45,120,60,60,0,0,0
2023-02-07 17:00,116,63,53,0,0,0
2023-02-07 17:15,122,65,57,0,0,0
2023-02-07 17:30,99,37,62,0,0,0
2023-02-07 17:45,138,63,75,0,0,0
2023-02-07 18:00,102,47,55,0,0,0
2023-02-07 18:15,100,50,50,0,0,0
2023-02-07 18:30,59,24,35,0,0,0
2023-02-07 18:45,95,50,45,0,0,0
2023-02-07 19:00,69,32,37,0,0,0
2023-02-07 19:15,87,38,49,0,0,0
2023-02-07 19:30,47,14,33,0,0,0
2023-02-07 19:45,54,22,32,0,0,0
2023-02-07 20:00,50,13,37,0,0,0
2023-02-07 20:15,32,13,19,0,0,0
2023-02-07 20:30,32,16,16,0,0,0
2023-02-07 20:45,18,8,10,0,0,0
2023-02-07 21:00,30,21,9,0,0,0
2023-02-07 21:15,29,8,21,0,0,0
2023-02-07 21:30,16,3,13,0,0,0
2023-02-07 21:45,30,8,22,0,0,0
2023-02-07 22:00,29,9,20,0,0,0
2023-02-07 22:15,22,4,18,0,0,0
2023-02-07 22:30,18,8,10,0,0,0
2023-02-07 22:45,26,12,14,0,0,0
2023-02-07 23:00,23,11,12,0,0,0
2023-02-07 23:15,7,3,4,0,0,0
2023-02-07 23:30,4,0,4,0,0,0
2023-02-07 23:45,13,6,7,0,0,0
2023-02-08 00:00,12,5,7,0,0,0
2023-02-08 00:15,8,1,7,0,0,0
2023-02-08 00:30,4,2,2,0,0,0
2023-02-08 00:45,2,1,1,0,0,0
2023-02-08 01:00,2,1,1,0,0,0
2023-02-08 01:15,1,1,0,0,0,0
2023-02-08 01:30,0,0,0,0,0,0
2023-02-08 01:45,0,0,0,0,0,0
2023-02-08 02:00,0,0,0,0,0,0
2023-02-08 02:15,2,0,2,0,0,0
2023-02-08 02:30,3,3,0,0,0,0
2023-02-08 02:45,2,0,2,0,0,0
2023-02-08 03:00,0,0,0,0,0,0
2023-02-08 03:15,2,0,2,0,0,0
2023-02-08 03:30,1,0,1,0,0,0
2023-02-08 03:45,0,0,0,0,0,0
2023-02-08 04:00,3,0,3,0,0,0
2023-02-08 04:15,0,0,0,0,0,0
2023-02-08 04:30,0,0,0,0,0,0
2023-02-08 04:45,3,0,3,0,0,0
2023-02-08 05:00,0,0,0,0,0,0
2023-02-08 05:15,8,5,3,0,0,0
2023-02-08 05:30,15,5,10,0,0,0
2023-02-08 05:45,8,0,8,0,0,0
2023-02-08 06:00,10,3,7,0,0,0
2023-02-08 06:15,26,9,17,0,0,0
2023-02-08 06:30,40,16,24,0,0,0
2023-02-08 06:45,77,26,51,0,0,0
2023-02-08 07:00,72,23,49,0,0,0
2023-02-08 07:15,104,56,48,0,0,0
2023-02-08 07:30,239,146,93,0,0,0
2023-02-08 07:45,229,108,121,0,0,0
2023-02-08 08:00,150,61,89,0,0,0
2023-02-08 08:15,139,56,83,0,0,0
2023-02-08 08:30,128,62,66,0,0,0
2023-02-08 08:45,156,60,96,0,0,0
2023-02-08 09:00,129,68,61,0,0,0
2023-02-08 09:15,116,57,59,0,0,0
2023-02-08 09:30,134,70,64,0,0,0
2023-02-08 09:45,125,60,65,0,0,0
2023-02-08 10:00,113,65,48,0,0,0
2023-02-08 10:15,81,49,32,0,0,0
2023-02-08 10:30,94,52,42,0,0,0
2023-02-08 10:45,85,41,44,0,0,0
2023-02-08 11:00,80,32,48,0,0,0
2023-02-08 11:15,124,68,56,0,0,0
2023-02-08 11:30,119,66,53,0,0,0
2023-02-08 11:45,113,55,58,0,0,0
2023-02-08 12:00,129,63,66,0,0,0
2023-02-08 12:15,126,58,68,0,0,0
2023-02-08 12:30,129,51,78,0,0,0
2023-02-08 12:45,136,51,85,0,0,0
2023-02-08 13:00,199,86,113,0,0,0
2023-02-08 13:15,154,51,103,0,0,0
2023-02-08 13:30,113,57,56,0,0,0
2023-02-08 13:45,139,67,72,0,0,0
2023-02-08 14:00,161,84,77,0,0,0
2023-02-08 14:15,110,42,68,0,0,0
2023-02-08 14:30,127,49,78,0,0,0
2023-02-08 14:45,136,59,77,0,0,0
2023-02-08 15:00,127,59,68,0,0,0
2023-02-08 15:15,143,77,66,0,0,0
2023-02-08 15:30,180,78,102,0,0,0
2023-02-08 15:45,139,77,62,0,0,0
2023-02-08 16:00,148,81,67,0,0,0
2023-02-08 16:15,180,90,90,0,0,0
2023-02-08 16:30,143,84,59,0,0,0
2023-02-08 16:45,130,72,58,0,0,0
2023-02-08 17:00,112,61,51,0,0,0
2023-02-08 17:15,121,58,63,0,0,0
2023-02-08 17:30,99,43,56,0,0,0
2023-02-08 17:45,148,86,62,0,0,0
2023-02-08 18:00,164,102,62,0,0,0
2023-02-08 18:15,111,58,53,0,0,0
2023-02-08 18:30,70,37,33,0,0,0
2023-02-08 18:45,89,47,42,0,0,0
2023-02-08 19:00,68,39,29,0,0,0
2023-02-08 19:15,73,40,33,0,0,0
2023-02-08 19:30,58,30,28,0,0,0
2023-02-08 19:45,45,18,27,0,0,0
2023-02-08 20:00,53,18,35,0,0,0
2023-02-08 20:15,50,19,31,0,0,0
2023-02-08 20:30,44,14,30,0,0,0
2023-02-08 20:45,35,11,24,0,0,0
2023-02-08 21:00,22,12,10,0,0,0
2023-02-08 21:15,24,6,18,0,0,0
2023-02-08 21:30,29,11,18,0,0,0
2023-02-08 21:45,31,7,24,0,0,0
2023-02-08 22:00,33,10,23,0,0,0
2023-02-08 22:15,31,10,21,0,0,0
2023-02-08 22:30,18,5,13,0,0,0
2023-02-08 22:45,24,6,18,0,0,0
2023-02-08 23:00,17,4,13,0,0,0
2023-02-08 23:15,15,5,10,0,0,0
2023-02-08 23:30,11,8,3,0,0,0
2023-02-08 23:45,8,3,5,0,0,0
2023-02-09 00:00,4,3,1,0,0,0
2023-02-09 00:15,8,3,5,0,0,0
2023-02-09 00:30,4,4,0,0,0,0
2023-02-09 00:45,6,1,5,0,0,0
2023-02-09 01:00,3,0,3,0,0,0
2023-02-09 01:15,9,1,8,0,0,0
2023-02-09 01:30,2,0,2,0,0,0
2023-02-09 01:45,2,1,1,0,0,0
2023-02-09 02:00,1,0,1,0,0,0
2023-02-09 02:15,3,0,3,0,0,0
2023-02-09 02:30,2,0,2,0,0,0
2023-02-09 02:45,1,0,1,0,0,0
2023-02-09 03:00,3,0,3,0,0,0
2023-02-09 03:15,4,0,4,0,0,0
2023-02-09 03:30,2,0,2,0,0,0
2023-02-09 03:45,1,1,0,0,0,0
2023-02-09 04:00,2,0,2,0,0,0
2023-02-09 04:15,1,0,1,0,0,0
2023-02-09 04:30,4,1,3,0,0,0
2023-02-09 04:45,2,0,2,0,0,0
2023-02-09 05:00,0,0,0,0,0,0
2023-02-09 05:15,2,1,1,0,0,0
2023-02-09 05:30,9,3,6,0,0,0
2023-02-09 05:45,11,2,9,0,0,0
2023-02-09 06:00,9,4,5,0,0,0
2023-02-09 06:15,22,9,13,0,0,0
2023-02-09 06:30,36,12,24,0,0,0
2023-02-09 06:45,75,16,59,0,0,0
2023-02-09 07:00,63,28,35,0,0,0
2023-02-09 07:15,117,61,56,0,0,0
2023-02-09 07:30,223,159,64,0,0,0
2023-02-09 07:45,213,101,112,0,0,0
2023-02-09 08:00,163,70,93,0,0,0
2023-02-09 08:15,143,58,85,0,0,0
2023-02-09 08:30,110,63,47,0,0,0
2023-02-09 08:45,174,51,123,0,0,0
2023-02-09 09:00,105,46,59,0,0,0
2023-02-09 09:15,109,46,63,0,0,0
2023-02-09 09:30,126,53,73,0,0,0
2023-02-09 09:45,102,47,55,0,0,0
2023-02-09 10:00,97,55,42,0,0,0
2023-02-09 10:15,96,53,43,0,0,0
2023-02-09 10:30,69,38,31,0,0,0
2023-02-09 10:45,75,40,35,0,0,0
2023-02-09 11:00,84,38,46,0,0,0
2023-02-09 11:15,101,53,48,0,0,0
2023-02-09 11:30,110,48,62,0,0,0
2023-02-09 11:45,109,56,53,0,0,0
2023-02-09 12:00,90,53,37,0,0,0
2023-02-09 12:15,114,48,66,0,0,0
2023-02-09 12:30,106,34,72,0,0,0
2023-02-09 12:45,87,43,44,0,0,0
2023-02-09 13:00,143,41,102,0,0,0
2023-02-09 13:15,98,32,66,0,0,0
2023-02-09 13:30,103,53,50,0,0,0
2023-02-09 13:45,98,51,47,0,0,0
2023-02-09 14:00,132,51,81,0,0,0
2023-02-09 14:15,105,48,57,0,0,0
2023-02-09 14:30,94,47,47,0,0,0
2023-02-09 14:45,139,58,81,0,0,0
2023-02-09 15:00,112,56,56,0,0,0
2023-02-09 15:15,112,71,41,0,0,0
2023-02-09 15:30,134,66,68,0,0,0
2023-02-09 15:45,120,67,53,0,0,0
2023-02-09 16:00,128,84,44,0,0,0
2023-02-09 16:15,118,75,43,0,0,0
2023-02-09 16:30,131,79,52,0,0,0
2023-02-09 16:45,128,50,78,0,0,0
2023-02-09 17:00,106,53,53,0,0,0
2023-02-09 17:15,79,43,36,0,0,0
2023-02-09 17:30,105,65,40,0,0,0
2023-02-09 17:45,90,42,48,0,0,0
2023-02-09 18:00,104,57,47,0,0,0
2023-02-09 18:15,100,39,61,0,0,0
2023-02-09 18:30,72,31,41,0,0,0
2023-02-09 18:45,108,54,54,0,0,0
2023-02-09 19:00,58,23,35,0,0,0
2023-02-09 19:15,62,26,36,0,0,0
2023-02-09 19:30,56,28,28,0,0,0
2023-02-09 19:45,57,23,34,0,0,0
2023-02-09 20:00,41,16,25,0,0,0
2023-02-09 20:15,35,10,25,0,0,0
2023-02-09 20:30,19,6,13,0,0,0
2023-02-09 20:45,32,13,19,0,0,0
2023-02-09 21:00,25,8,17,0,0,0
2023-02-09 21:15,21,7,14,0,0,0
2023-02-09 21:30,14,5,9,0,0,0
2023-02-09 21:45,26,5,21,0,0,0
2023-02-09 22:00,29,10,19,0,0,0
2023-02-09 22:15,26,13,13,0,0,0
2023-02-09 22:30,21,4,17,0,0,0
2023-02-09 22:45,9,3,6,0,0,0
2023-02-09 23:00,17,9,8,0,0,0
2023-02-09 23:15,16,3,13,0,0,0
2023-02-09 23:30,10,2,8,0,0,0
2023-02-09 23:45,11,6,5,0,0,0
2023-02-10 00:00,7,4,3,0,0,0
2023-02-10 00:15,6,3,3,0,0,0
2023-02-10 00:30,3,2,1,0,0,0
2023-02-10 00:45,3,0,3,0,0,0
2023-02-10 01:00,8,1,7,0,0,0
2023-02-10 01:15,4,1,3,0,0,0
2023-02-10 01:30,1,1,0,0,0,0
2023-02-10 01:45,2,0,2,0,0,0
2023-02-10 02:00,3,1,2,0,0,0
2023-02-10 02:15,1,1,0,0,0,0
2023-02-10 02:30,2,0,2,0,0,0
2023-02-10 02:45,0,0,0,0,0,0
2023-02-10 03:00,3,0,3,0,0,0
2023-02-10 03:15,3,0,3,0,0,0
2023-02-10 03:30,1,0,1,0,0,0
2023-02-10 03:45,0,0,0,0,0,0
2023-02-10 04:00,0,0,0,0,0,0
2023-02-10 04:15,0,0,0,0,0,0
2023-02-10 04:30,0,0,0,0,0,0
2023-02-10 04:45,0,0,0,0,0,0
2023-02-10 05:00,0,0,0,0,0,0
2023-02-10 05:15,4,4,0,0,0,0
2023-02-10 05:30,12,3,9,0,0,0
2023-02-10 05:45,10,5,5,0,0,0
2023-02-10 06:00,8,3,5,0,0,0
2023-02-10 06:15,34,16,18,0,0,0
2023-02-10 06:30,22,8,14,0,0,0
2023-02-10 06:45,56,19,37,0,0,0
2023-02-10 07:00,64,27,37,0,0,0
2023-02-10 07:15,96,44,52,0,0,0
2023-02-10 07:30,220,156,64,0,0,0
2023-02-10 07:45,147,80,67,0,0,0
2023-02-10 08:00,117,45,72,0,0,0
2023-02-10 08:15,117,53,64,0,0,0
2023-02-10 08:30,111,61,50,0,0,0
2023-02-10 08:45,132,67,65,0,0,0
2023-02-10 09:00,93,51,42,0,0,0
2023-02-10 09:15,56,27,29,0,0,0
2023-02-10 09:30,70,34,36,0,0,0
2023-02-10 09:45,107,57,50,0,0,0
2023-02-10 10:00,62,37,25,0,0,0
2023-02-10 10:15,67,40,27,0,0,0
2023-02-10 10:30,78,51,27,0,0,0
2023-02-10 10:45,85,53,32,0,0,0
2023-02-10 11:00,64,36,28,0,0,0
2023-02-10 11:15,65,38,27,0,0,0
2023-02-10 11:30,70,47,23,0,0,0
2023-02-10 11:45,73,34,39,0,0,0
2023-02-10 12:00,102,58,44,0,0,0
2023-02-10 12:15,101,48,53,0,0,0
2023-02-10 12:30,90,38,52,0,0,0
2023-02-10 12:45,136,61,75,0,0,0
2023-02-10 13:00,118,50,68,0,0,0
2023-02-10 13:15,157,49,108,0,0,0
2023-02-10 13:30,110,50,60,0,0,0
2023-02-10 13:45,113,57,56,0,0,0
2023-02-10 14:00,148,83,65,0,0,0
2023-02-10 14:15,115,63,52,0,0,0
2023-02-10 14:30,91,48,43,0,0,0
2023-02-10 14:45,118,40,78,0,0,0
2023-02-10 15:00,121,73,48,0,0,0
2023-02-10 15:15,136,70,66,0,0,0
2023-02-10 15:30,98,61,37,0,0,0
2023-02-10 15:45,114,76,38,0,0,0
2023-02-10 16:00,121,60,61,0,0,0
2023-02-10 16:15,118,68,50,0,0,0
2023-02-10 16:30,102,62,40,0,0,0
2023-02-10 16:45,98,61,37,0,0,0
2023-02-10 17:00,96,52,44,0,0,0
2023-02-10 17:15,70,32,38,0,0,0
2023-02-10 17:30,82,42,40,0,0,0
2023-02-10 17:45,91,51,40,0,0,0
2023-02-10 18:00,85,39,46,0,0,0
2023-02-10 18:15,79,34,45,0,0,0
2023-02-10 18:30,75,37,38,0,0,0
2023-02-10 18:45,65,37,28,0,0,0
2023-02-10 19:00,60,36,24,0,0,0
2023-02-10 19:15,77,39,38,0,0,0
2023-02-10 19:30,66,33,33,0,0,0
2023-02-10 19:45,60,37,23,0,0,0
2023-02-10 20:00,46,22,24,0,0,0
2023-02-10 20:15,48,12,36,0,0,0
2023-02-10 20:30,47,23,24,0,0,0
2023-02-10 20:45,35,23,12,0,0,0
2023-02-10 21:00,35,16,19,0,0,0
2023-02-10 21:15,26,12,14,0,0,0
2023-02-10 21:30,22,4,18,0,0,0
2023-02-10 21:45,40,16,24,0,0,0
2023-02-10 22:00,26,3,23,0,0,0
2023-02-10 22:15,14,3,11,0,0,0
2023-02-10 22:30,24,8,16,0,0,0
2023-02-10 22:45,20,6,14,0,0,0
2023-02-10 23:00,19,6,13,0,0,0
2023-02-10 23:15,12,2,10,0,0,0
2023-02-10 23:30,24,13,11,0,0,0
2023-02-10 23:45,24,8,16,0,0,0
2023-02-11 00:00,16,4,12,0,0,0
2023-02-11 00:15,26,13,13,0,0,0
2023-02-11 00:30,15,6,9,0,0,0
2023-02-11 00:45,8,3,5,0,0,0
2023-02-11 01:00,15,4,11,0,0,0
2023-02-11 01:15,12,5,7,0,0,0
2023-02-11 01:30,17,10,7,0,0,0
2023-02-11 01:45,6,1,5,0,0,0
2023-02-11 02:00,7,2,5,0,0,0
2023-02-11 02:15,5,2,3,0,0,0
2023-02-11 02:30,4,3,1,0,0,0
2023-02-11 02:45,10,0,10,0,0,0
2023-02-11 03:00,8,0,8,0,0,0
2023-02-11 03:15,16,0,16,0,0,0
2023-02-11 03:30,11,1,10,0,0,0
2023-02-11 03:45,7,3,4,0,0,0
2023-02-11 04:00,6,1,5,0,0,0
2023-02-11 04:15,9,0,9,0,0,0
2023-02-11 04:30,9,2,7,0,0,0
2023-02-11 04:45,0,0,0,0,0,0
2023-02-11 05:00,1,1,0,0,0,0
2023-02-11 05:15,5,4,1,0,0,0
2023-02-11 05:30,6,1,5,0,0,0
2023-02-11 05:45,7,2,5,0,0,0
2023-02-11 06:00,1,1,0,0,0,0
2023-02-11 06:15,6,6,0,0,0,0
2023-02-11 06:30,5,4,1,0,0,0
2023-02-11 06:45,15,11,4,0,0,0
2023-02-11 07:00,13,8,5,0,0,0
2023-02-11 07:15,10,7,3,0,0,0
2023-02-11 07:30,30,10,20,0,0,0
2023-02-11 07:45,41,27,14,0,0,0
2023-02-11 08:00,10,7,3,0,0,0
2023-02-11 08:15,36,32,4,0,0,0
2023-02-11 08:30,34,27,7,0,0,0
2023-02-11 08:45,40,30,10,0,0,0
2023-02-11 09:00,36,24,12,0,0,0
2023-02-11 09:15,31,24,7,0,0,0
2023-02-11 09:30,36,26,10,0,0,0
2023-02-11 09:45,62,53,9,0,0,0
2023-02-11 10:00,50,34,16,0,0,0
2023-02-11 10:15,65,48,17,0,0,0
2023-02-11 10:30,81,49,32,0,0,0
2023-02-11 10:45,90,52,38,0,0,0
2023-02-11 11:00,76,43,33,0,0,0
2023-02-11 11:15,83,52,31,0,0,0
2023-02-11 11:30,77,49,28,0,0,0
2023-02-11 11:45,107,67,40,0,0,0
2023-02-11 12:00,104,61,43,0,0,0
2023-02-11 12:15,75,37,38,0,0,0
2023-02-11 12:30,75,46,29,0,0,0
2023-02-11 12:45,93,53,40,0,0,0
2023-02-11 13:00,75,30,45,0,0,0
2023-02-11 13:15,71,35,36,0,0,0
2023-02-11 13:30,72,33,39,0,0,0
2023-02-11 13:45,77,39,38,0,0,0
2023-02-11 14:00,86,46,40,0,0,0
2023-02-11 14:15,84,38,46,0,0,0
2023-02-11 14:30,67,27,40,0,0,0
2023-02-11 14:45,74,22,52,0,0,0
2023-02-11 15:00,51,23,28,0,0,0
2023-02-11 15:15,47,9,38,0,0,0
2023-02-11 15:30,68,33,35,0,0,0
2023-02-11 15:45,59,28,31,0,0,0
2023-02-11 16:00,68,19,49,0,0,0
2023-02-11 16:15,46,20,26,0,0,0
2023-02-11 16:30,62,29,33,0,0,0
2023-02-11 16:45,75,26,49,0,0,0
2023-02-11 17:00,30,14,16,0,0,0
2023-02-11 17:15,64,29,35,0,0,0
2023-02-11 17:30,44,15,29,0,0,0
2023-02-11 17:45,72,36,36,0,0,0
2023-02-11 18:00,71,31,40,0,0,0
2023-02-11 18:15,39,14,25,0,0,0
2023-02-11 18:30,40,18,22,0,0,0
2023-02-11 18:45,55,36,19,0,0,0
2023-02-11 19:00,49,24,25,0,0,0
2023-02-11 19:15,24,12,12,0,0,0
2023-02-11 19:30,35,18,17,0,0,0
2023-02-11 19:45,38,19,19,0,0,0
2023-02-11 20:00,51,29,22,0,0,0
2023-02-11 20:15,32,6,26,0,0,0
2023-02-11 20:30,43,22,21,0,0,0
2023-02-11 20:45,33,15,18,0,0,0
2023-02-11 21:00,28,8,20,0,0,0
2023-02-11 21:15,22,12,10,0,0,0
2023-02-11 21:30,26,9,17,0,0,0
2023-02-11 21:45,17,3,14,0,0,0
2023-02-11 22:00,19,7,12,0,0,0
2023-02-11 22:15,21,10,11,0,0,0
2023-02-11 22:30,18,8,10,0,0,0
2023-02-11 22:45,17,3,14,0,0,0
2023-02-11 23:00,6,0,6,0,0,0
2023-02-11 23:15,14,5,9,0,0,0
2023-02-11 23:30,9,3,6,0,0,0
2023-02-11 23:45,23,7,16,0,0,0
2023-02-12 00:00,17,5,12,0,0,0
2023-02-12 00:15,6,2,4,0,0,0
2023-02-12 00:30,5,0,5,0,0,0
2023-02-12 00:45,12,6,6,0,0,0
2023-02-12 01:00,12,0,12,0,0,0
2023-02-12 01:15,17,9,8,0,0,0
2023-02-12 01:30,16,4,12,0,0,0
2023-02-12 01:45,10,1,9,0,0,0
2023-02-12 02:00,8,0,8,0,0,0
2023-02-12 02:15,8,0,8,0,0,0
2023-02-12 02:30,6,1,5,0,0,0
2023-02-12 02:45,3,1,2,0,0,0
2023-02-12 03:00,4,0,4,0,0,0
2023-02-12 03:15,3,1,2,0,0,0
2023-02-12 03:30,4,2,2,0,0,0
2023-02-12 03:45,3,2,1,0,0,0
2023-02-12 04:00,4,1,3,0,0,0
2023-02-12 04:15,0,0,0,0,0,0
2023-02-12 04:30,0,0,0,0,0,0
2023-02-12 04:45,2,0,2,0,0,0
2023-02-12 05:00,1,0,1,0,0,0
2023-02-12 05:15,5,2,3,0,0,0
2023-02-12 05:30,7,1,6,0,0,0
2023-02-12 05:45,5,0,5,0,0,0
2023-02-12 06:00,10,6,4,0,0,0
2023-02-12 06:15,6,3,3,0,0,0
2023-02-12 06:30,7,6,1,0,0,0
2023-02-12 06:45,7,5,2,0,0,0
2023-02-12 07:00,2,1,1,0,0,0
2023-02-12 07:15,6,2,4,0,0,0
2023-02-12 07:30,4,1,3,0,0,0
2023-02-12 07:45,5,4,1,0,0,0
2023-02-12 08:00,6,3,3,0,0,0
2023-02-12 08:15,6,6,0,0,0,0
2023-02-12 08:30,15,10,5,0,0,0
2023-02-12 08:45,14,9,5,0,0,0
2023-02-12 09:00,21,17,4,0,0,0
2023-02-12 09:15,7,4,3,0,0,0
2023-02-12 09:30,13,10,3,0,0,0
2023-02-12 09:45,32,25,7,0,0,0
2023-02-12 10:00,22,12,10,0,0,0
2023-02-12 10:15,29,17,12,0,0,0
2023-02-12 10:30,27,21,6,0,0,0
2023-02-12 10:45,27,19,8,0,0,0
2023-02-12 11:00,33,24,9,0,0,0
2023-02-12 11:15,21,11,10,0,0,0
2023-02-12 11:30,17,7,10,0,0,0
2023-02-12 11:45,32,22,10,0,0,0
2023-02-12 12:00,42,22,20,0,0,0
2023-02-12 12:15,39,17,22,0,0,0
2023-02-12 12:30,41,22,19,0,0,0
2023-02-12 12:45,23,10,13,0,0,0
2023-02-12 13:00,28,9,19,0,0,0
2023-02-12 13:15,24,9,15,0,0,0
2023-02-12 13:30,53,15,38,0,0,0
2023-02-12 13:45,53,23,30,0,0,0
2023-02-12 14:00,39,15,24,0,0,0
2023-02-12 14:15,43,22,21,0,0,0
2023-02-12 14:30,40,21,19,0,0,0
2023-02-12 14:45,55,28,27,0,0,0
2023-02-12 15:00,46,19,27,0,0,0
2023-02-12 15:15,45,27,18,0,0,0
2023-02-12 15:30,34,14,20,0,0,0
2023-02-12 15:45,51,19,32,0,0,0
2023-02-12 16:00,31,19,12,0,0,0
2023-02-12 16:15,50,10,40,0,0,0
2023-02-12 16:30,53,20,33,0,0,0
2023-02-12 16:45,42,19,23,0,0,0
2023-02-12 17:00,33,13,20,0,0,0
2023-02-12 17:15,33,10,23,0,0,0
2023-02-12 17:30,31,10,21,0,0,0
2023-02-12 17:45,34,12,22,0,0,0
2023-02-12 18:00,33,16,17,0,0,0
2023-02-12 18:15,30,16,14,0,0,0
2023-02-12 18:30,19,4,15,0,0,0
2023-02-12 18:45,27,10,17,0,0,0
2023-02-12 19:00,27,9,18,0,0,0
2023-02-12 19:15,28,12,16,0,0,0
2023-02-12 19:30,26,9,17,0,0,0
2023-02-12 19:45,26,16,10,0,0,0
2023-02-12 20:00,26,4,22,0,0,0
2023-02-12 20:15,32,3,29,0,0,0
2023-02-12 20:30,16,8,8,0,0,0
2023-02-12 20:45,12,1,11,0,0,0
2023-02-12 21:00,16,5,11,0,0,0
2023-02-12 21:15,16,6,10,0,0,0
2023-02-12 21:30,10,2,8,0,0,0
2023-02-12 21:45,11,6,5,0,0,0
2023-02-12 22:00,13,9,4,0,0,0
2023-02-12 22:15,9,7,2,0,0,0
2023-02-12 22:30,9,5,4,0,0,0
2023-02-12 22:45,15,6,9,0,0,0
2023-02-12 23:00,11,2,9,0,0,0
2023-02-12 23:15,13,4,9,0,0,0
2023-02-12 23:30,2,0,2,0,0,0
2023-02-12 23:45,4,3,1,0,0,0
2023-02-13 00:00,2,2,0,0,0,0
2023-02-13 00:15,3,0,3,0,0,0
2023-02-13 00:30,0,0,0,0,0,0
2023-02-13 00:45,1,1,0,0,0,0
2023-02-13 01:00,1,0,1,0,0,0
2023-02-13 01:15,2,0,2,0,0,0
2023-02-13 01:30,1,0,1,0,0,0
2023-02-13 01:45,2,0,2,0,0,0
2023-02-13 02:00,0,0,0,0,0,0
2023-02-13 02:15,0,0,0,0,0,0
2023-02-13 02:30,2,0,2,0,0,0
2023-02-13 02:45,2,0,2,0,0,0
2023-02-13 03:00,0,0,0,0,0,0
2023-02-13 03:15,3,2,1,0,0,0
2023-02-13 03:30,1,0,1,0,0,0
2023-02-13 03:45,0,0,0,0,0,0
2023-02-13 04:00,0,0,0,0,0,0
2023-02-13 04:15,6,6,0,0,0,0
2023-02-13 04:30,9,5,4,0,0,0
2023-02-13 04:45,2,0,2,0,0,0
2023-02-13 05:00,4,3,1,0,0,0
2023-02-13 05:15,2,2,0,0,0,0
2023-02-13 05:30,10,5,5,0,0,0
2023-02-13 05:45,10,3,7,0,0,0
2023-02-13 06:00,6,3,3,0,0,0
2023-02-13 06:15,26,11,15,0,0,0
2023-02-13 06:30,54,19,35,0,0,0
2023-02-13 06:45,58,19,39,0,0,0
2023-02-13 07:00,55,19,36,0,0,0
2023-02-13 07:15,101,58,43,0,0,0
2023-02-13 07:30,262,174,88,0,0,0
2023-02-13 07:45,221,112,109,0,0,0
2023-02-13 08:00,133,53,80,0,0,0
2023-02-13 08:15,120,50,70,0,0,0
2023-02-13 08:30,120,51,69,0,0,0
2023-02-13 08:45,168,86,82,0,0,0
2023-02-13 09:00,106,58,48,0,0,0
2023-02-13 09:15,77,43,34,0,0,0
2023-02-13 09:30,91,48,43,0,0,0
2023-02-13 09:45,84,44,40,0,0,0
2023-02-13 10:00,85,46,39,0,0,0
2023-02-13 10:15,67,40,27,0,0,0
2023-02-13 10:30,70,29,41,0,0,0
2023-02-13 10:45,90,44,46,0,0,0
2023-02-13 11:00,60,35,25,0,0,0
2023-02-13 11:15,57,31,26,0,0,0
2023-02-13 11:30,58,22,36,0,0,0
2023-02-13 11:45,94,52,42,0,0,0
2023-02-13 12:00,103,50,53,0,0,0
2023-02-13 12:15,72,22,50,0,0,0
2023-02-13 12:30,83,23,60,0,0,0
2023-02-13 12:45,95,50,45,0,0,0
2023-02-13 13:00,107,40,67,0,0,0
2023-02-13 13:15,95,37,58,0,0,0
2023-02-13 13:30,84,41,43,0,0,0
2023-02-13 13:45,80,43,37,0,0,0
2023-02-13 14:00,129,61,68,0,0,0
2023-02-13 14:15,101,48,53,0,0,0
2023-02-13 14:30,98,46,52,0,0,0
2023-02-13 14:45,105,50,55,0,0,0
2023-02-13 15:00,91,52,39,0,0,0
2023-02-13 15:15,128,82,46,0,0,0
2023-02-13 15:30,132,61,71,0,0,0
2023-02-13 15:45,141,78,63,0,0,0
2023-02-13 16:00,140,81,59,0,0,0
2023-02-13 16:15,162,98,64,0,0,0
2023-02-13 16:30,131,67,64,0,0,0
2023-02-13 16:45,160,89,71,0,0,0
2023-02-13 17:00,112,64,48,0,0,0
2023-02-13 17:15,126,61,65,0,0,0
2023-02-13 17:30,127,69,58,0,0,0
2023-02-13 17:45,112,44,68,0,0,0
2023-02-13 18:00,122,52,70,0,0,0
2023-02-13 18:15,101,33,68,0,0,0
2023-02-13 18:30,90,51,39,0,0,0
2023-02-13 18:45,111,53,58,0,0,0
2023-02-13 19:00,65,23,42,0,0,0
2023-02-13 19:15,83,24,59,0,0,0
2023-02-13 19:30,37,12,25,0,0,0
2023-02-13 19:45,47,17,30,0,0,0
2023-02-13 20:00,44,10,34,0,0,0
2023-02-13 20:15,40,11,29,0,0,0
2023-02-13 20:30,40,11,29,0,0,0
2023-02-13 20:45,25,9,16,0,0,0
2023-02-13 21:00,30,12,18,0,0,0
2023-02-13 21:15,28,16,12,0,0,0
2023-02-13 21:30,22,8,14,0,0,0
2023-02-13 21:45,32,7,25,0,0,0
2023-02-13 22:00,21,3,18,0,0,0
2023-02-13 22:15,22,8,14,0,0,0
2023-02-13 22:30,20,4,16,0,0,0
2023-02-13 22:45,8,1,7,0,0,0
2023-02-13 23:00,16,6,10,0,0,0
2023-02-13 23:15,11,6,5,0,0,0
2023-02-13 23:30,6,2,4,0,0,0
2023-02-13 23:45,8,3,5,0,0,0
2023-02-14 00:00,8,1,7,0,0,0
2023-02-14 00:15,4,0,4,0,0,0
2023-02-14 00:30,5,3,2,0,0,0
2023-02-14 00:45,8,3,5,0,0,0
2023-02-14 01:00,3,1,2,0,0,0
2023-02-14 01:15,1,0,1,0,0,0
2023-02-14 01:30,0,0,0,0,0,0
2023-02-14 01:45,2,0,2,0,0,0
2023-02-14 02:00,2,0,2,0,0,0
2023-02-14 02:15,1,1,0,0,0,0
2023-02-14 02:30,1,0,1,0,0,0
2023-02-14 02:45,0,0,0,0,0,0
2023-02-14 03:00,0,0,0,0,0,0
2023-02-14 03:15,1,0,1,0,0,0
2023-02-14 03:30,1,1,0,0,0,0
2023-02-14 03:45,0,0,0,0,0,0
2023-02-14 04:00,0,0,0,0,0,0
2023-02-14 04:15,0,0,0,0,0,0
2023-02-14 04:30,1,0,1,0,0,0
2023-02-14 04:45,0,0,0,0,0,0
2023-02-14 05:00,1,1,0,0,0,0
2023-02-14 05:15,4,4,0,0,0,0
2023-02-14 05:30,12,5,7,0,0,0
2023-02-14 05:45,6,3,3,0,0,0
2023-02-14 06:00,6,4,2,0,0,0
2023-02-14 06:15,25,13,12,0,0,0
2023-02-14 06:30,39,17,22,0,0,0
2023-02-14 06:45,86,41,45,0,0,0
2023-02-14 07:00,83,29,54,0,0,0
2023-02-14 07:15,89,45,44,0,0,0
2023-02-14 07:30,265,183,82,0,0,0
2023-02-14 07:45,192,86,106,0,0,0
2023-02-14 08:00,137,60,77,0,0,0
2023-02-14 08:15,142,75,67,0,0,0
2023-02-14 08:30,142,66,76,0,0,0
2023-02-14 08:45,156,70,86,0,0,0
2023-02-14 09:00,107,55,52,0,0,0
2023-02-14 09:15,86,47,39,0,0,0
2023-02-14 09:30,83,40,43,0,0,0
2023-02-14 09:45,94,52,42,0,0,0
2023-02-14 10:00,68,26,42,0,0,0
2023-02-14 10:15,73,33,40,0,0,0
2023-02-14 10:30,74,45,29,0,0,0
2023-02-14 10:45,73,41,32,0,0,0
2023-02-14 11:00,84,49,35,0,0,0
2023-02-14 11:15,68,34,34,0,0,0
2023-02-14 11:30,66,29,37,0,0,0
2023-02-14 11:45,100,63,37,0,0,0
2023-02-14 12:00,78,35,43,0,0,0
2023-02-14 12:15,80,38,42,0,0,0
2023-02-14 12:30,102,47,55,0,0,0
2023-02-14 12:45,91,39,52,0,0,0
2023-02-14 13:00,133,39,94,0,0,0
2023-02-14 13:15,118,45,73,0,0,0
2023-02-14 13:30,91,46,45,0,0,0
2023-02-14 13:45,106,50,56,0,0,0
2023-02-14 14:00,129,73,56,0,0,0
2023-02-14 14:15,122,57,65,0,0,0
2023-02-14 14:30,134,78,56,0,0,0
2023-02-14 14:45,122,66,56,0,0,0
2023-02-14 15:00,143,66,77,0,0,0
2023-02-14 15:15,122,71,51,0,0,0
2023-02-14 15:30,127,79,48,0,0,0
2023-02-14 15:45,146,84,62,0,0,0
2023-02-14 16:00,159,88,71,0,0,0
2023-02-14 16:15,125,72,53,0,0,0
2023-02-14 16:30,127,62,65,0,0,0
2023-02-14 16:45,152,71,81,0,0,0
2023-02-14 17:00,152,81,71,0,0,0
2023-02-14 17:15,146,82,64,0,0,0
2023-02-14 17:30,149,74,75,0,0,0
2023-02-14 17:45,125,67,58,0,0,0
2023-02-14 18:00,113,54,59,0,0,0
2023-02-14 18:15,104,40,64,0,0,0
2023-02-14 18:30,91,36,55,0,0,0
2023-02-14 18:45,94,34,60,0,0,0
2023-02-14 19:00,73,28,45,0,0,0
2023-02-14 19:15,54,29,25,0,0,0
2023-02-14 19:30,65,27,38,0,0,0
2023-02-14 19:45,53,15,38,0,0,0
2023-02-14 20:00,53,15,38,0,0,0
2023-02-14 20:15,41,19,22,0,0,0
2023-02-14 20:30,42,10,32,0,0,0
2023-02-14 20:45,25,9,16,0,0,0
2023-02-14 21:00,28,15,13,0,0,0
2023-02-14 21:15,34,12,22,0,0,0
2023-02-14 21:30,24,7,17,0,0,0
2023-02-14 21:45,37,8,29,0,0,0
2023-02-14 22:00,37,11,26,0,0,0
2023-02-14 22:15,23,8,15,0,0,0
2023-02-14 22:30,16,2,14,0,0,0
2023-02-14 22:45,23,7,16,0,0,0
2023-02-14 23:00,18,2,16,0,0,0
2023-02-14 23:15,23,8,15,0,0,0
2023-02-14 23:30,10,5,5,0,0,0
2023-02-14 23:45,6,5,1,0,0,0
2023-02-15 00:00,5,2,3,0,0,0
2023-02-15 00:15,9,2,7,0,0,0
2023-02-15 00:30,3,1,2,0,0,0
2023-02-15 00:45,3,0,3,0,0,0
2023-02-15 01:00,0,0,0,0,0,0
2023-02-15 01:15,0,0,0,0,0,0
2023-02-15 01:30,0,0,0,0,0,0
2023-02-15 01:45,1,0,1,0,0,0
2023-02-15 02:00,2,0,2,0,0,0
2023-02-15 02:15,0,0,0,0,0,0
2023-02-15 02:30,0,0,0,0,0,0
2023-02-15 02:45,0,0,0,0,0,0
2023-02-15 03:00,0,0,0,0,0,0
2023-02-15 03:15,1,0,1,0,0,0
2023-02-15 03:30,0,0,0,0,0,0
2023-02-15 03:45,1,1,0,0,0,0
2023-02-15 04:00,0,0,0,0,0,0
2023-02-15 04:15,0,0,0,0,0,0
2023-02-15 04:30,0,0,0,0,0,0
2023-02-15 04:45,0,0,0,0,0,0
2023-02-15 05:00,1,1,0,0,0,0
2023-02-15 05:15,5,3,2,0,0,0
2023-02-15 05:30,16,7,9,0,0,0
2023-02-15 05:45,8,3,5,0,0,0
2023-02-15 06:00,17,9,8,0,0,0
2023-02-15 06:15,23,16,7,0,0,0
2023-02-15 06:30,54,26,28,0,0,0
2023-02-15 06:45,61,29,32,0,0,0
2023-02-15 07:00,76,27,49,0,0,0
2023-02-15 07:15,86,38,48,0,0,0
2023-02-15 07:30,235,161,74,0,0,0
2023-02-15 07:45,202,93,109,0,0,0
2023-02-15 08:00,126,41,85,0,0,0
2023-02-15 08:15,149,72,77,0,0,0
2023-02-15 08:30,132,65,67,0,0,0
2023-02-15 08:45,183,108,75,0,0,0
2023-02-15 09:00,90,38,52,0,0,0
2023-02-15 09:15,104,61,43,0,0,0
2023-02-15 09:30,96,61,35,0,0,0
2023-02-15 09:45,109,71,38,0,0,0
2023-02-15 10:00,88,43,45,0,0,0
2023-02-15 10:15,85,41,44,0,0,0
2023-02-15 10:30,84,42,42,0,0,0
2023-02-15 10:45,99,66,33,0,0,0
2023-02-15 11:00,77,43,34,0,0,0
2023-02-15 11:15,101,53,48,0,0,0
2023-02-15 11:30,73,34,39,0,0,0
2023-02-15 11:45,118,65,53,0,0,0
2023-02-15 12:00,102,61,41,0,0,0
2023-02-15 12:15,124,60,64,0,0,0
2023-02-15 12:30,130,53,77,0,0,0
2023-02-15 12:45,119,49,70,0,0,0
2023-02-15 13:00,183,57,126,0,0,0
2023-02-15 13:15,139,45,94,0,0,0
2023-02-15 13:30,143,70,73,0,0,0
2023-02-15 13:45,112,42,70,0,0,0
2023-02-15 14:00,129,55,74,0,0,0
2023-02-15 14:15,105,49,56,0,0,0
2023-02-15 14:30,108,55,53,0,0,0
2023-02-15 14:45,108,43,65,0,0,0
2023-02-15 15:00,115,68,47,0,0,0
2023-02-15 15:15,128,68,60,0,0,0
2023-02-15 15:30,170,78,92,0,0,0
2023-02-15 15:45,135,74,61,0,0,0
2023-02-15 16:00,112,70,42,0,0,0
2023-02-15 16:15,130,72,58,0,0,0
2023-02-15 16:30,139,78,61,0,0,0
2023-02-15 16:45,144,79,65,0,0,0
2023-02-15 17:00,146,84,62,0,0,0
2023-02-15 17:15,118,61,57,0,0,0
2023-02-15 17:30,135,53,82,0,0,0
2023-02-15 17:45,122,59,63,0,0,0
2023-02-15 18:00,96,42,54,0,0,0
2023-02-15 18:15,90,45,45,0,0,0
2023-02-15 18:30,72,28,44,0,0,0
2023-02-15 18:45,99,51,48,0,0,0
2023-02-15 19:00,69,39,30,0,0,0
2023-02-15 19:15,67,32,35,0,0,0
2023-02-15 19:30,66,31,35,0,0,0
2023-02-15 19:45,67,23,44,0,0,0
2023-02-15 20:00,56,17,39,0,0,0
2023-02-15 20:15,39,16,23,0,0,0
2023-02-15 20:30,34,12,22,0,0,0
2023-02-15 20:45,36,14,22,0,0,0
2023-02-15 21:00,38,15,23,0,0,0
2023-02-15 21:15,32,12,20,0,0,0
2023-02-15 21:30,32,4,28,0,0,0
2023-02-15 21:45,22,8,14,0,0,0
2023-02-15 22:00,29,10,19,0,0,0
2023-02-15 22:15,22,8,14,0,0,0
2023-02-15 22:30,16,4,12,0,0,0
2023-02-15 22:45,16,4,12,0,0,0
2023-02-15 23:00,10,3,7,0,0,0
2023-02-15 23:15,11,1,10,0,0,0
2023-02-15 23:30,15,10,5,0,0,0
2023-02-15 23:45,16,9,7,0,0,0
2023-02-16 00:00,8,1,7,0,0,0
2023-02-16 00:15,7,0,7,0,0,0
2023-02-16 00:30,3,0,3,0,0,0
2023-02-16 00:45,3,1,2,0,0,0
2023-02-16 01:00,1,0,1,0,0,0
2023-02-16 01:15,3,0,3,0,0,0
2023-02-16 01:30,1,0,1,0,0,0
2023-02-16 01:45,3,0,3,0,0,0
2023-02-16 02:00,0,0,0,0,0,0
2023-02-16 02:15,1,0,1,0,0,0
2023-02-16 02:30,2,0,2,0,0,0
2023-02-16 02:45,1,0,1,0,0,0
2023-02-16 03:00,2,0,2,0,0,0
2023-02-16 03:15,1,0,1,0,0,0
2023-02-16 03:30,0,0,0,0,0,0
2023-02-16 03:45,1,0,1,0,0,0
2023-02-16 04:00,1,0,1,0,0,0
2023-02-16 04:15,2,0,2,0,0,0
2023-02-16 04:30,0,0,0,0,0,0
2023-02-16 04:45,1,0,1,0,0,0
2023-02-16 05:00,1,0,1,0,0,0
2023-02-16 05:15,3,1,2,0,0,0
2023-02-16 05:30,12,5,7,0,0,0
2023-02-16 05:45,12,7,5,0,0,0
2023-02-16 06:00,9,6,3,0,0,0
2023-02-16 06:15,20,10,10,0,0,0
2023-02-16 06:30,28,16,12,0,0,0
2023-02-16 06:45,55,16,39,0,0,0
2023-02-16 07:00,76,34,42,0,0,0
2023-02-16 07:15,78,34,44,0,0,0
2023-02-16 07:30,227,166,61,0,0,0
2023-02-16 07:45,185,90,95,0,0,0
2023-02-16 08:00,128,46,82,0,0,0
2023-02-16 08:15,126,65,61,0,0,0
2023-02-16 08:30,120,59,61,0,0,0
2023-02-16 08:45,142,75,67,0,0,0
2023-02-16 09:00,103,63,40,0,0,0
2023-02-16 09:15,111,55,56,0,0,0
2023-02-16 09:30,90,40,50,0,0,0
2023-02-16 09:45,118,63,55,0,0,0
2023-02-16 10:00,75,33,42,0,0,0
2023-02-16 10:15,45,25,20,0,0,0
2023-02-16 10:30,52,33,19,0,0,0
2023-02-16 10:45,48,28,20,0,0,0
2023-02-16 11:00,48,27,21,0,0,0
2023-02-16 11:15,65,33,32,0,0,0
2023-02-16 11:30,68,30,38,0,0,0
2023-02-16 11:45,68,31,37,0,0,0
2023-02-16 12:00,67,37,30,0,0,0
2023-02-16 12:15,98,44,54,0,0,0
2023-02-16 12:30,82,32,50,0,0,0
2023-02-16 12:45,81,42,39,0,0,0
2023-02-16 13:00,119,42,77,0,0,0
2023-02-16 13:15,116,49,67,0,0,0
2023-02-16 13:30,73,32,41,0,0,0
2023-02-16 13:45,112,62,50,0,0,0
2023-02-16 14:00,104,60,44,0,0,0
2023-02-16 14:15,100,52,48,0,0,0
2023-02-16 14:30,100,62,38,0,0,0
2023-02-16 14:45,108,52,56,0,0,0
2023-02-16 15:00,118,57,61,0,0,0
2023-02-16 15:15,113,71,42,0,0,0
2023-02-16 15:30,104,55,49,0,0,0
2023-02-16 15:45,115,64,51,0,0,0
2023-02-16 16:00,94,63,31,0,0,0
2023-02-16 16:15,105,53,52,0,0,0
2023-02-16 16:30,103,56,47,0,0,0
2023-02-16 16:45,107,60,47,0,0,0
2023-02-16 17:00,103,62,41,0,0,0
2023-02-16 17:15,101,55,46,0,0,0
2023-02-16 17:30,101,61,40,0,0,0
2023-02-16 17:45,112,49,63,0,0,0
2023-02-16 18:00,117,53,64,0,0,0
2023-02-16 18:15,106,54,52,0,0,0
2023-02-16 18:30,94,48,46,0,0,0
2023-02-16 18:45,85,44,41,0,0,0
2023-02-16 19:00,62,31,31,0,0,0
2023-02-16 19:15,65,33,32,0,0,0
2023-02-16 19:30,64,29,35,0,0,0
2023-02-16 19:45,66,37,29,0,0,0
2023-02-16 20:00,46,14,32,0,0,0
2023-02-16 20:15,60,18,42,0,0,0
2023-02-16 20:30,35,16,19,0,0,0
2023-02-16 20:45,26,6,20,0,0,0
2023-02-16 21:00,36,17,19,0,0,0
2023-02-16 21:15,21,11,10,0,0,0
2023-02-16 21:30,28,11,17,0,0,0
2023-02-16 21:45,18,4,14,0,0,0
2023-02-16 22:00,52,26,26,0,0,0
2023-02-16 22:15,30,3,27,0,0,0
2023-02-16 22:30,28,6,22,0,0,0
2023-02-16 22:45,26,7,19,0,0,0
2023-02-16 23:00,27,6,21,0,0,0
2023-02-16 23:15,11,4,7,0,0,0
2023-02-16 23:30,15,6,9,0,0,0
2023-02-16 23:45,18,5,13,0,0,0
2023-02-17 00:00,12,6,6,0,0,0
2023-02-17 00:15,7,3,4,0,0,0
2023-02-17 00:30,7,1,6,0,0,0
2023-02-17 00:45,6,1,5,0,0,0
2023-02-17 01:00,7,2,5,0,0,0
2023-02-17 01:15,5,0,5,0,0,0
2023-02-17 01:30,0,0,0,0,0,0
2023-02-17 01:45,3,0,3,0,0,0
2023-02-17 02:00,1,1,0,0,0,0
2023-02-17 02:15,2,1,1,0,0,0
2023-02-17 02:30,3,0,3,0,0,0
2023-02-17 02:45,2,0,2,0,0,0
2023-02-17 03:00,3,1,2,0,0,0
2023-02-17 03:15,2,0,2,0,0,0
2023-02-17 03:30,1,0,1,0,0,0
2023-02-17 03:45,0,0,0,0,0,0
2023-02-17 04:00,1,0,1,0,0,0
2023-02-17 04:15,0,0,0,0,0,0
2023-02-17 04:30,0,0,0,0,0,0
2023-02-17 04:45,1,0,1,0,0,0
2023-02-17 05:00,1,1,0,0,0,0
2023-02-17 05:15,2,2,0,0,0,0
2023-02-17 05:30,14,5,9,0,0,0
2023-02-17 05:45,9,3,6,0,0,0
2023-02-17 06:00,4,3,1,0,0,0
2023-02-17 06:15,18,10,8,0,0,0
2023-02-17 06:30,35,18,17,0,0,0
2023-02-17 06:45,47,9,38,0,0,0
2023-02-17 07:00,46,16,30,0,0,0
2023-02-17 07:15,50,20,30,0,0,0
2023-02-17 07:30,100,52,48,0,0,0
2023-02-17 07:45,124,46,78,0,0,0
2023-02-17 08:00,106,34,72,0,0,0
2023-02-17 08:15,102,54,48,0,0,0
2023-02-17 08:30,110,53,57,0,0,0
2023-02-17 08:45,127,69,58,0,0,0
2023-02-17 09:00,88,58,30,0,0,0
2023-02-17 09:15,61,39,22,0,0,0
2023-02-17 09:30,79,36,43,0,0,0
2023-02-17 09:45,65,37,28,0,0,0
2023-02-17 10:00,65,26,39,0,0,0
2023-02-17 10:15,54,25,29,0,0,0
2023-02-17 10:30,54,24,30,0,0,0
2023-02-17 10:45,46,15,31,0,0,0
2023-02-17 11:00,49,29,20,0,0,0
2023-02-17 11:15,61,32,29,0,0,0
2023-02-17 11:30,59,30,29,0,0,0
2023-02-17 11:45,60,26,34,0,0,0
2023-02-17 12:00,62,28,34,0,0,0
2023-02-17 12:15,76,40,36,0,0,0
2023-02-17 12:30,81,43,38,0,0,0
2023-02-17 12:45,77,32,45,0,0,0
2023-02-17 13:00,75,32,43,0,0,0
2023-02-17 13:15,120,52,68,0,0,0
2023-02-17 13:30,70,23,47,0,0,0
2023-02-17 13:45,97,44,53,0,0,0
2023-02-17 14:00,138,61,77,0,0,0
2023-02-17 14:15,102,54,48,0,0,0
2023-02-17 14:30,107,62,45,0,0,0
2023-02-17 14:45,78,39,39,0,0,0
2023-02-17 15:00,60,31,29,0,0,0
2023-02-17 15:15,77,47,30,0,0,0
2023-02-17 15:30,83,38,45,0,0,0
2023-02-17 15:45,68,41,27,0,0,0
2023-02-17 16:00,74,45,29,0,0,0
2023-02-17 16:15,68,40,28,0,0,0
2023-02-17 16:30,88,41,47,0,0,0
2023-02-17 16:45,66,39,27,0,0,0
2023-02-17 17:00,90,46,44,0,0,0
2023-02-17 17:15,57,29,28,0,0,0
2023-02-17 17:30,57,24,33,0,0,0
2023-02-17 17:45,67,24,43,0,0,0
2023-02-17 18:00,52,22,30,0,0,0
2023-02-17 18:15,60,23,37,0,0,0
2023-02-17 18:30,49,18,31,0,0,0
2023-02-17 18:45,57,20,37,0,0,0
2023-02-17 19:00,48,18,30,0,0,0
2023-02-17 19:15,50,19,31,0,0,0
2023-02-17 19:30,36,18,18,0,0,0
2023-02-17 19:45,48,27,21,0,0,0
2023-02-17 20:00,48,17,31,0,0,0
2023-02-17 20:15,29,10,19,0,0,0
2023-02-17 20:30,18,5,13,0,0,0
2023-02-17 20:45,25,13,12,0,0,0
2023-02-17 21:00,27,16,11,0,0,0
2023-02-17 21:15,30,16,14,0,0,0
2023-02-17 21:30,21,10,11,0,0,0
2023-02-17 21:45,13,2,11,0,0,0
2023-02-17 22:00,15,4,11,0,0,0
2023-02-17 22:15,13,3,10,0,0,0
2023-02-17 22:30,12,2,10,0,0,0
2023-02-17 22:45,21,6,15,0,0,0
2023-02-17 23:00,6,3,3,0,0,0
2023-02-17 23:15,9,6,3,0,0,0
2023-02-17 23:30,8,4,4,0,0,0
2023-02-17 23:45,13,5,8,0,0,0
2023-02-18 00:00,22,11,11,0,0,0
2023-02-18 00:15,10,4,6,0,0,0
2023-02-18 00:30,7,1,6,0,0,0
2023-02-18 00:45,4,0,4,0,0,0
2023-02-18 01:00,4,2,2,0,0,0
2023-02-18 01:15,1,1,0,0,0,0
2023-02-18 01:30,5,0,5,0,0,0
2023-02-18 01:45,8,2,6,0,0,0
2023-02-18 02:00,1,0,1,0,0,0
2023-02-18 02:15,9,0,9,0,0,0
2023-02-18 02:30,0,0,0,0,0,0
2023-02-18 02:45,2,0,2,0,0,0
2023-02-18 03:00,3,1,2,0,0,0
2023-02-18 03:15,5,0,5,0,0,0
2023-02-18 03:30,3,0,3,0,0,0
2023-02-18 03:45,2,0,2,0,0,0
2023-02-18 04:00,4,0,4,0,0,0
2023-02-18 04:15,4,0,4,0,0,0
2023-02-18 04:30,5,0,5,0,0,0
2023-02-18 04:45,4,1,3,0,0,0
2023-02-18 05:00,1,0,1,0,0,0
2023-02-18 05:15,0,0,0,0,0,0
2023-02-18 05:30,7,0,7,0,0,0
2023-02-18 05:45,6,1,5,0,0,0
2023-02-18 06:00,3,1,2,0,0,0
2023-02-18 06:15,4,2,2,0,0,0
2023-02-18 06:30,8,7,1,0,0,0
2023-02-18 06:45,6,4,2,0,0,0
2023-02-18 07:00,6,5,1,0,0,0
2023-02-18 07:15,2,1,1,0,0,0
2023-02-18 07:30,9,2,7,0,0,0
2023-02-18 07:45,26,15,11,0,0,0
2023-02-18 08:00,5,5,0,0,0,0
2023-02-18 08:15,20,15,5,0,0,0
2023-02-18 08:30,17,11,6,0,0,0
2023-02-18 08:45,21,16,5,0,0,0
2023-02-18 09:00,29,21,8,0,0,0
2023-02-18 09:15,34,23,11,0,0,0
2023-02-18 09:30,32,23,9,0,0,0
2023-02-18 09:45,36,22,14,0,0,0
2023-02-18 10:00,28,19,9,0,0,0
2023-02-18 10:15,26,9,17,0,0,0
2023-02-18 10:30,27,22,5,0,0,0
2023-02-18 10:45,43,33,10,0,0,0
2023-02-18 11:00,34,20,14,0,0,0
2023-02-18 11:15,29,15,14,0,0,0
2023-02-18 11:30,29,17,12,0,0,0
2023-02-18 11:45,25,12,13,0,0,0
2023-02-18 12:00,35,22,13,0,0,0
2023-02-18 12:15,33,20,13,0,0,0
2023-02-18 12:30,30,15,15,0,0,0
2023-02-18 12:45,28,15,13,0,0,0
2023-02-18 13:00,20,10,10,0,0,0
2023-02-18 13:15,38,18,20,0,0,0
2023-02-18 13:30,44,28,16,0,0,0
2023-02-18 13:45,44,18,26,0,0,0
2023-02-18 14:00,45,15,30,0,0,0
2023-02-18 14:15,36,15,21,0,0,0
2023-02-18 14:30,25,12,13,0,0,0
2023-02-18 14:45,31,13,18,0,0,0
2023-02-18 15:00,21,8,13,0,0,0
2023-02-18 15:15,25,12,13,0,0,0
2023-02-18 15:30,38,15,23,0,0,0
2023-02-18 15:45,36,15,21,0,0,0
2023-02-18 16:00,34,12,22,0,0,0
2023-02-18 16:15,33,15,18,0,0,0
2023-02-18 16:30,28,11,17,0,0,0
2023-02-18 16:45,28,11,17,0,0,0
2023-02-18 17:00,31,15,16,0,0,0
2023-02-18 17:15,27,13,14,0,0,0
2023-02-18 17:30,39,13,26,0,0,0
2023-02-18 17:45,29,9,20,0,0,0
2023-02-18 18:00,30,10,20,0,0,0
2023-02-18 18:15,29,6,23,0,0,0
2023-02-18 18:30,34,11,23,0,0,0
2023-02-18 18:45,31,11,20,0,0,0
2023-02-18 19:00,22,8,14,0,0,0
2023-02-18 19:15,30,14,16,0,0,0
2023-02-18 19:30,22,6,16,0,0,0
2023-02-18 19:45,19,8,11,0,0,0
2023-02-18 20:00,26,6,20,0,0,0
2023-02-18 20:15,18,6,12,0,0,0
2023-02-18 20:30,14,4,10,0,0,0
2023-02-18 20:45,16,10,6,0,0,0
2023-02-18 21:00,10,3,7,0,0,0
2023-02-18 21:15,11,4,7,0,0,0
2023-02-18 21:30,7,1,6,0,0,0
2023-02-18 21:45,8,4,4,0,0,0
2023-02-18 22:00,10,6,4,0,0,0
2023-02-18 22:15,8,7,1,0,0,0
2023-02-18 22:30,21,1,20,0,0,0
2023-02-18 22:45,13,7,6,0,0,0
2023-02-18 23:00,4,0,4,0,0,0
2023-02-18 23:15,11,5,6,0,0,0
2023-02-18 23:30,17,4,13,0,0,0
2023-02-18 23:45,6,4,2,0,0,0
2023-02-19 00:00,3,2,1,0,0,0
2023-02-19 00:15,5,3,2,0,0,0
2023-02-19 00:30,6,2,4,0,0,0
2023-02-19 00:45,9,2,7,0,0,0
2023-02-19 01:00,6,2,4,0,0,0
2023-02-19 01:15,12,10,2,0,0,0
2023-02-19 01:30,5,2,3,0,0,0
2023-02-19 01:45,6,0,6,0,0,0
2023-02-19 02:00,4,0,4,0,0,0
2023-02-19 02:15,4,2,2,0,0,0
2023-02-19 02:30,4,2,2,0,0,0
2023-02-19 02:45,1,0,1,0,0,0
2023-02-19 03:00,0,0,0,0,0,0
2023-02-19 03:15,2,0,2,0,0,0
2023-02-19 03:30,4,0,4,0,0,0
2023-02-19 03:45,1,0,1,0,0,0
2023-02-19 04:00,3,0,3,0,0,0
2023-02-19 04:15,2,0,2,0,0,0
2023-02-19 04:30,4,0,4,0,0,0
2023-02-19 04:45,0,0,0,0,0,0
2023-02-19 05:00,0,0,0,0,0,0
2023-02-19 05:15,3,3,0,0,0,0
2023-02-19 05:30,4,1,3,0,0,0
2023-02-19 05:45,7,1,6,0,0,0
2023-02-19 06:00,1,1,0,0,0,0
2023-02-19 06:15,1,0,1,0,0,0
2023-02-19 06:30,6,4,2,0,0,0
2023-02-19 06:45,5,4,1,0,0,0
2023-02-19 07:00,1,1,0,0,0,0
2023-02-19 07:15,3,2,1,0,0,0
2023-02-19 07:30,7,3,4,0,0,0
2023-02-19 07:45,10,4,6,0,0,0
2023-02-19 08:00,4,2,2,0,0,0
2023-02-19 08:15,5,4,1,0,0,0
2023-02-19 08:30,10,6,4,0,0,0
2023-02-19 08:45,9,7,2,0,0,0
2023-02-19 09:00,9,6,3,0,0,0
2023-02-19 09:15,9,7,2,0,0,0
2023-02-19 09:30,8,3,5,0,0,0
2023-02-19 09:45,16,9,7,0,0,0
2023-02-19 10:00,14,10,4,0,0,0
2023-02-19 10:15,9,7,2,0,0,0
2023-02-19 10:30,12,6,6,0,0,0
2023-02-19 10:45,26,11,15,0,0,0
2023-02-19 11:00,17,12,5,0,0,0
2023-02-19 11:15,29,18,11,0,0,0
2023-02-19 11:30,22,14,8,0,0,0
2023-02-19 11:45,19,14,5,0,0,0
2023-02-19 12:00,18,10,8,0,0,0
2023-02-19 12:15,29,9,20,0,0,0
2023-02-19 12:30,23,13,10,0,0,0
2023-02-19 12:45,33,13,20,0,0,0
2023-02-19 13:00,16,9,7,0,0,0
2023-02-19 13:15,29,10,19,0,0,0
2023-02-19 13:30,33,16,17,0,0,0
2023-02-19 13:45,30,11,19,0,0,0
2023-02-19 14:00,37,18,19,0,0,0
2023-02-19 14:15,39,19,20,0,0,0
2023-02-19 14:30,39,17,22,0,0,0
2023-02-19 14:45,28,16,12,0,0,0
2023-02-19 15:00,20,7,13,0,0,0
2023-02-19 15:15,23,8,15,0,0,0
2023-02-19 15:30,28,16,12,0,0,0
2023-02-19 15:45,35,17,18,0,0,0
2023-02-19 16:00,42,20,22,0,0,0
2023-02-19 16:15,29,14,15,0,0,0
2023-02-19 16:30,37,18,19,0,0,0
2023-02-19 16:45,42,16,26,0,0,0
2023-02-19 17:00,25,10,15,0,0,0
2023-02-19 17:15,37,10,27,0,0,0
2023-02-19 17:30,16,5,11,0,0,0
2023-02-19 17:45,20,12,8,0,0,0
2023-02-19 18:00,15,9,6,0,0,0
2023-02-19 18:15,22,8,14,0,0,0
2023-02-19 18:30,30,9,21,0,0,0
2023-02-19 18:45,34,19,15,0,0,0
2023-02-19 19:00,19,5,14,0,0,0
2023-02-19 19:15,14,6,8,0,0,0
2023-02-19 19:30,18,5,13,0,0,0
2023-02-19 19:45,21,5,16,0,0,0
2023-02-19 20:00,33,9,24,0,0,0
2023-02-19 20:15,30,9,21,0,0,0
2023-02-19 20:30,14,7,7,0,0,0
2023-02-19 20:45,17,11,6,0,0,0
2023-02-19 21:00,19,8,11,0,0,0
2023-02-19 21:15,8,4,4,0,0,0
2023-02-19 21:30,9,4,5,0,0,0
2023-02-19 21:45,10,2,8,0,0,0
2023-02-19 22:00,8,6,2,0,0,0
2023-02-19 22:15,7,4,3,0,0,0
2023-02-19 22:30,7,4,3,0,0,0
2023-02-19 22:45,10,4,6,0,0,0
2023-02-19 23:00,7,0,7,0,0,0
2023-02-19 23:15,8,2,6,0,0,0
2023-02-19 23:30,6,2,4,0,0,0
2023-02-19 23:45,8,0,8,0,0,0
2023-02-20 00:00,5,1,4,0,0,0
2023-02-20 00:15,7,5,2,0,0,0
2023-02-20 00:30,2,0,2,0,0,0
2023-02-20 00:45,0,0,0,0,0,0
2023-02-20 01:00,0,0,0,0,0,0
2023-02-20 01:15,1,1,0,0,0,0
2023-02-20 01:30,4,4,0,0,0,0
2023-02-20 01:45,0,0,0,0,0,0
2023-02-20 02:00,2,0,2,0,0,0
2023-02-20 02:15,3,0,3,0,0,0
2023-02-20 02:30,0,0,0,0,0,0
2023-02-20 02:45,3,2,1,0,0,0
2023-02-20 03:00,0,0,0,0,0,0
2023-02-20 03:15,1,0,1,0,0,0
2023-02-20 03:30,0,0,0,0,0,0
2023-02-20 03:45,0,0,0,0,0,0
2023-02-20 04:00,0,0,0,0,0,0
2023-02-20 04:15,1,1,0,0,0,0
2023-02-20 04:30,0,0,0,0,0,0
2023-02-20 04:45,3,0,3,0,0,0
2023-02-20 05:00,0,0,0,0,0,0
2023-02-20 05:15,0,0,0,0,0,0
2023-02-20 05:30,6,1,5,0,0,0
2023-02-20 05:45,3,1,2,0,0,0
2023-02-20 06:00,5,3,2,0,0,0
2023-02-20 06:15,6,3,3,0,0,0
2023-02-20 06:30,20,20,0,0,0,0
2023-02-20 06:45,22,5,17,0,0,0
2023-02-20 07:00,17,11,6,0,0,0
2023-02-20 07:15,21,11,10,0,0,0
2023-02-20 07:30,30,18,12,0,0,0
2023-02-20 07:45,25,16,9,0,0,0
2023-02-20 08:00,37,19,18,0,0,0
2023-02-20 08:15,28,17,11,0,0,0
2023-02-20 08:30,30,15,15,0,0,0
2023-02-20 08:45,33,19,14,0,0,0
2023-02-20 09:00,31,21,10,0,0,0
2023-02-20 09:15,25,17,8,0,0,0
2023-02-20 09:30,32,19,13,0,0,0
2023-02-20 09:45,38,22,16,0,0,0
2023-02-20 10:00,33,24,9,0,0,0
2023-02-20 10:15,18,14,4,0,0,0
2023-02-20 10:30,38,25,13,0,0,0
2023-02-20 10:45,40,19,21,0,0,0
2023-02-20 11:00,51,23,28,0,0,0
2023-02-20 11:15,35,20,15,0,0,0
2023-02-20 11:30,34,15,19,0,0,0
2023-02-20 11:45,56,37,19,0,0,0
2023-02-20 12:00,46,25,21,0,0,0
2023-02-20 12:15,68,46,22,0,0,0
2023-02-20 12:30,102,78,24,0,0,0
2023-02-20 12:45,82,62,20,0,0,0
2023-02-20 13:00,135,114,21,0,0,0
2023-02-20 13:15,58,46,12,0,0,0
2023-02-20 13:30,80,65,15,0,0,0
2023-02-20 13:45,72,54,18,0,0,0
2023-02-20 14:00,95,66,29,0,0,0
2023-02-20 14:15,82,49,33,0,0,0
2023-02-20 14:30,79,30,49,0,0,0
2023-02-20 14:45,98,37,61,0,0,0
2023-02-20 15:00,101,39,62,0,0,0
2023-02-20 15:15,84,21,63,0,0,0
2023-02-20 15:30,58,11,47,0,0,0
2023-02-20 15:45,61,28,33,0,0,0
2023-02-20 16:00,63,22,41,0,0,0
2023-02-20 16:15,75,14,61,0,0,0
2023-02-20 16:30,52,22,30,0,0,0
2023-02-20 16:45,79,9,70,0,0,0
2023-02-20 17:00,60,14,46,0,0,0
2023-02-20 17:15,72,16,56,0,0,0
2023-02-20 17:30,48,15,33,0,0,0
2023-02-20 17:45,57,25,32,0,0,0
2023-02-20 18:00,49,20,29,0,0,0
2023-02-20 18:15,34,12,22,0,0,0
2023-02-20 18:30,25,9,16,0,0,0
2023-02-20 18:45,33,9,24,0,0,0
2023-02-20 19:00,31,10,21,0,0,0
2023-02-20 19:15,23,4,19,0,0,0
2023-02-20 19:30,38,10,28,0,0,0
2023-02-20 19:45,20,7,13,0,0,0
2023-02-20 20:00,25,15,10,0,0,0
2023-02-20 20:15,23,4,19,0,0,0
2023-02-20 20:30,21,4,17,0,0,0
2023-02-20 20:45,14,7,7,0,0,0
2023-02-20 21:00,19,9,10,0,0,0
2023-02-20 21:15,20,5,15,0,0,0
2023-02-20 21:30,18,7,11,0,0,0
2023-02-20 21:45,17,5,12,0,0,0
2023-02-20 22:00,11,4,7,0,0,0
2023-02-20 22:15,10,9,1,0,0,0
2023-02-20 22:30,10,4,6,0,0,0
2023-02-20 22:45,5,4,1,0,0,0
2023-02-20 23:00,9,0,9,0,0,0
2023-02-20 23:15,1,1,0,0,0,0
2023-02-20 23:30,7,3,4,0,0,0
2023-02-20 23:45,6,1,5,0,0,0
2023-02-21 00:00,3,0,3,0,0,0
2023-02-21 00:15,7,3,4,0,0,0
2023-02-21 00:30,10,0,10,0,0,0
2023-02-21 00:45,5,0,5,0,0,0
2023-02-21 01:00,2,0,2,0,0,0
2023-02-21 01:15,2,0,2,0,0,0
2023-02-21 01:30,0,0,0,0,0,0
2023-02-21 01:45,0,0,0,0,0,0
2023-02-21 02:00,2,0,2,0,0,0
2023-02-21 02:15,0,0,0,0,0,0
2023-02-21 02:30,2,0,2,0,0,0
2023-02-21 02:45,1,0,1,0,0,0
2023-02-21 03:00,0,0,0,0,0,0
2023-02-21 03:15,0,0,0,0,0,0
2023-02-21 03:30,0,0,0,0,0,0
2023-02-21 03:45,0,0,0,0,0,0
2023-02-21 04:00,1,0,1,0,0,0
2023-02-21 04:15,0,0,0,0,0,0
2023-02-21 04:30,0,0,0,0,0,0
2023-02-21 04:45,1,0,1,0,0,0
2023-02-21 05:00,0,0,0,0,0,0
2023-02-21 05:15,4,3,1,0,0,0
2023-02-21 05:30,11,7,4,0,0,0
2023-02-21 05:45,13,1,12,0,0,0
2023-02-21 06:00,12,7,5,0,0,0
2023-02-21 06:15,28,15,13,0,0,0
2023-02-21 06:30,44,26,18,0,0,0
2023-02-21 06:45,77,20,57,0,0,0
2023-02-21 07:00,55,17,38,0,0,0
2023-02-21 07:15,80,28,52,0,0,0
2023-02-21 07:30,97,34,63,0,0,0
2023-02-21 07:45,177,69,108,0,0,0
2023-02-21 08:00,156,60,96,0,0,0
2023-02-21 08:15,95,37,58,0,0,0
2023-02-21 08:30,102,44,58,0,0,0
2023-02-21 08:45,125,54,71,0,0,0
2023-02-21 09:00,93,43,50,0,0,0
2023-02-21 09:15,64,25,39,0,0,0
2023-02-21 09:30,73,27,46,0,0,0
2023-02-21 09:45,81,39,42,0,0,0
2023-02-21 10:00,78,36,42,0,0,0
2023-02-21 10:15,85,53,32,0,0,0
2023-02-21 10:30,75,40,35,0,0,0
2023-02-21 10:45,63,33,30,0,0,0
2023-02-21 11:00,56,24,32,0,0,0
2023-02-21 11:15,67,33,34,0,0,0
2023-02-21 11:30,70,24,46,0,0,0
2023-02-21 11:45,80,50,30,0,0,0
2023-02-21 12:00,86,43,43,0,0,0
2023-02-21 12:15,85,45,40,0,0,0
2023-02-21 12:30,94,50,44,0,0,0
2023-02-21 12:45,72,34,38,0,0,0
2023-02-21 13:00,78,37,41,0,0,0
2023-02-21 13:15,60,31,29,0,0,0
2023-02-21 13:30,79,42,37,0,0,0
2023-02-21 13:45,99,54,45,0,0,0
2023-02-21 14:00,67,34,33,0,0,0
2023-02-21 14:15,80,49,31,0,0,0
2023-02-21 14:30,103,66,37,0,0,0
2023-02-21 14:45,99,62,37,0,0,0
2023-02-21 15:00,93,54,39,0,0,0
2023-02-21 15:15,103,59,44,0,0,0
2023-02-21 15:30,130,73,57,0,0,0
2023-02-21 15:45,104,50,54,0,0,0
2023-02-21 16:00,117,76,41,0,0,0
2023-02-21 16:15,125,64,61,0,0,0
2023-02-21 16:30,90,49,41,0,0,0
2023-02-21 16:45,124,70,54,0,0,0
2023-02-21 17:00,118,68,50,0,0,0
2023-02-21 17:15,109,56,53,0,0,0
2023-02-21 17:30,91,44,47,0,0,0
2023-02-21 17:45,86,45,41,0,0,0
2023-02-21 18:00,85,35,50,0,0,0
2023-02-21 18:15,94,40,54,0,0,0
2023-02-21 18:30,72,37,35,0,0,0
2023-02-21 18:45,54,32,22,0,0,0
2023-02-21 19:00,56,20,36,0,0,0
2023-02-21 19:15,65,31,34,0,0,0
2023-02-21 19:30,47,19,28,0,0,0
2023-02-21 19:45,52,14,38,0,0,0
2023-02-21 20:00,42,17,25,0,0,0
2023-02-21 20:15,36,9,27,0,0,0
2023-02-21 20:30,36,17,19,0,0,0
2023-02-21 20:45,23,9,14,0,0,0
2023-02-21 21:00,25,11,14,0,0,0
2023-02-21 21:15,20,9,11,0,0,0
2023-02-21 21:30,13,3,10,0,0,0
2023-02-21 21:45,23,7,16,0,0,0
2023-02-21 22:00,29,7,22,0,0,0
2023-02-21 22:15,23,7,16,0,0,0
2023-02-21 22:30,13,3,10,0,0,0
2023-02-21 22:45,14,8,6,0,0,0
2023-02-21 23:00,8,2,6,0,0,0
2023-02-21 23:15,9,4,5,0,0,0
2023-02-21 23:30,8,3,5,0,0,0
2023-02-21 23:45,6,1,5,0,0,0
2023-02-22 00:00,6,3,3,0,0,0
2023-02-22 00:15,0,0,0,0,0,0
2023-02-22 00:30,2,1,1,0,0,0
2023-02-22 00:45,8,2,6,0,0,0
2023-02-22 01:00,1,1,0,0,0,0
2023-02-22 01:15,1,1,0,0,0,0
2023-02-22 01:30,0,0,0,0,0,0
2023-02-22 01:45,0,0,0,0,0,0
2023-02-22 02:00,0,0,0,0,0,0
2023-02-22 02:15,0,0,0,0,0,0
2023-02-22 02:30,0,0,0,0,0,0
2023-02-22 02:45,0,0,0,0,0,0
2023-02-22 03:00,0,0,0,0,0,0
2023-02-22 03:15,3,1,2,0,0,0
2023-02-22 03:30,3,1,2,0,0,0
2023-02-22 03:45,0,0,0,0,0,0
2023-02-22 04:00,0,0,0,0,0,0
2023-02-22 04:15,0,0,0,0,0,0
2023-02-22 04:30,0,0,0,0,0,0
2023-02-22 04:45,0,0,0,0,0,0
2023-02-22 05:00,0,0,0,0,0,0
2023-02-22 05:15,4,2,2,0,0,0
2023-02-22 05:30,11,7,4,0,0,0
2023-02-22 05:45,9,3,6,0,0,0
2023-02-22 06:00,8,4,4,0,0,0
2023-02-22 06:15,30,18,12,0,0,0
2023-02-22 06:30,49,16,33,0,0,0
2023-02-22 06:45,65,21,44,0,0,0
2023-02-22 07:00,76,24,52,0,0,0
2023-02-22 07:15,86,43,43,0,0,0
2023-02-22 07:30,229,146,83,0,0,0
2023-02-22 07:45,208,99,109,0,0,0
2023-02-22 08:00,141,56,85,0,0,0
2023-02-22 08:15,129,58,71,0,0,0
2023-02-22 08:30,122,59,63,0,0,0
2023-02-22 08:45,169,86,83,0,0,0
2023-02-22 09:00,90,40,50,0,0,0
2023-02-22 09:15,99,61,38,0,0,0
2023-02-22 09:30,105,67,38,0,0,0
2023-02-22 09:45,108,54,54,0,0,0
2023-02-22 10:00,108,71,37,0,0,0
2023-02-22 10:15,91,60,31,0,0,0
2023-02-22 10:30,84,41,43,0,0,0
2023-02-22 10:45,96,51,45,0,0,0
2023-02-22 11:00,91,56,35,0,0,0
2023-02-22 11:15,96,51,45,0,0,0
2023-02-22 11:30,95,56,39,0,0,0
2023-02-22 11:45,94,56,38,0,0,0
2023-02-22 12:00,127,62,65,0,0,0
2023-02-22 12:15,124,54,70,0,0,0
2023-02-22 12:30,116,55,61,0,0,0
2023-02-22 12:45,106,39,67,0,0,0
2023-02-22 13:00,160,69,91,0,0,0
2023-02-22 13:15,134,55,79,0,0,0
2023-02-22 13:30,111,60,51,0,0,0
2023-02-22 13:45,132,57,75,0,0,0
2023-02-22 14:00,114,50,64,0,0,0
2023-02-22 14:15,95,46,49,0,0,0
2023-02-22 14:30,109,56,53,0,0,0
2023-02-22 14:45,132,62,70,0,0,0
2023-02-22 15:00,109,58,51,0,0,0
2023-02-22 15:15,136,76,60,0,0,0
2023-02-22 15:30,157,63,94,0,0,0
2023-02-22 15:45,145,72,73,0,0,0
2023-02-22 16:00,129,77,52,0,0,0
2023-02-22 16:15,138,59,79,0,0,0
2023-02-22 16:30,124,63,61,0,0,0
2023-02-22 16:45,129,68,61,0,0,0
2023-02-22 17:00,99,47,52,0,0,0
2023-02-22 17:15,132,55,77,0,0,0
2023-02-22 17:30,100,45,55,0,0,0
2023-02-22 17:45,113,46,67,0,0,0
2023-02-22 18:00,91,33,58,0,0,0
2023-02-22 18:15,78,36,42,0,0,0
2023-02-22 18:30,83,37,46,0,0,0
2023-02-22 18:45,68,27,41,0,0,0
2023-02-22 19:00,90,44,46,0,0,0
2023-02-22 19:15,54,21,33,0,0,0
2023-02-22 19:30,51,27,24,0,0,0
2023-02-22 19:45,72,30,42,0,0,0
2023-02-22 20:00,54,15,39,0,0,0
2023-02-22 20:15,36,11,25,0,0,0
2023-02-22 20:30,43,21,22,0,0,0
2023-02-22 20:45,19,6,13,0,0,0
2023-02-22 21:00,42,20,22,0,0,0
2023-02-22 21:15,37,18,19,0,0,0
2023-02-22 21:30,48,18,30,0,0,0
2023-02-22 21:45,28,2,26,0,0,0
2023-02-22 22:00,18,8,10,0,0,0
2023-02-22 22:15,29,11,18,0,0,0
2023-02-22 22:30,30,6,24,0,0,0
2023-02-22 22:45,21,7,14,0,0,0
2023-02-22 23:00,10,3,7,0,0,0
2023-02-22 23:15,8,1,7,0,0,0
2023-02-22 23:30,3,0,3,0,0,0
2023-02-22 23:45,6,0,6,0,0,0
2023-02-23 00:00,5,3,2,0,0,0
2023-02-23 00:15,0,0,0,0,0,0
2023-02-23 00:30,4,1,3,0,0,0
2023-02-23 00:45,8,5,3,0,0,0
2023-02-23 01:00,4,1,3,0,0,0
2023-02-23 01:15,7,2,5,0,0,0
2023-02-23 01:30,1,0,1,0,0,0
2023-02-23 01:45,0,0,0,0,0,0
2023-02-23 02:00,3,0,3,0,0,0
2023-02-23 02:15,2,0,2,0,0,0
2023-02-23 02:30,0,0,0,0,0,0
2023-02-23 02:45,7,3,4,0,0,0
2023-02-23 03:00,0,0,0,0,0,0
2023-02-23 03:15,3,0,3,0,0,0
2023-02-23 03:30,2,0,2,0,0,0
2023-02-23 03:45,2,1,1,0,0,0
2023-02-23 04:00,2,1,1,0,0,0
2023-02-23 04:15,0,0,0,0,0,0
2023-02-23 04:30,1,0,1,0,0,0
2023-02-23 04:45,4,0,4,0,0,0
2023-02-23 05:00,2,2,0,0,0,0
2023-02-23 05:15,5,2,3,0,0,0
2023-02-23 05:30,10,7,3,0,0,0
2023-02-23 05:45,8,4,4,0,0,0
2023-02-23 06:00,10,7,3,0,0,0
2023-02-23 06:15,25,10,15,0,0,0
2023-02-23 06:30,49,22,27,0,0,0
2023-02-23 06:45,58,15,43,0,0,0
2023-02-23 07:00,64,17,47,0,0,0
2023-02-23 07:15,77,30,47,0,0,0
2023-02-23 07:30,233,167,66,0,0,0
2023-02-23 07:45,199,80,119,0,0,0
2023-02-23 08:00,119,45,74,0,0,0
2023-02-23 08:15,108,51,57,0,0,0
2023-02-23 08:30,111,47,64,0,0,0
2023-02-23 08:45,151,67,84,0,0,0
2023-02-23 09:00,104,48,56,0,0,0
2023-02-23 09:15,75,35,40,0,0,0
2023-02-23 09:30,67,42,25,0,0,0
2023-02-23 09:45,72,27,45,0,0,0
2023-02-23 10:00,61,38,23,0,0,0
2023-02-23 10:15,48,33,15,0,0,0
2023-02-23 10:30,46,25,21,0,0,0
2023-02-23 10:45,58,31,27,0,0,0
2023-02-23 11:00,42,22,20,0,0,0
2023-02-23 11:15,55,24,31,0,0,0
2023-02-23 11:30,51,23,28,0,0,0
2023-02-23 11:45,71,37,34,0,0,0
2023-02-23 12:00,59,29,30,0,0,0
2023-02-23 12:15,74,24,50,0,0,0
2023-02-23 12:30,82,36,46,0,0,0
2023-02-23 12:45,65,30,35,0,0,0
2023-02-23 13:00,104,25,79,0,0,0
2023-02-23 13:15,87,21,66,0,0,0
2023-02-23 13:30,61,27,34,0,0,0
2023-02-23 13:45,89,55,34,0,0,0
2023-02-23 14:00,97,40,57,0,0,0
2023-02-23 14:15,81,44,37,0,0,0
2023-02-23 14:30,79,48,31,0,0,0
2023-02-23 14:45,126,71,55,0,0,0
2023-02-23 15:00,90,53,37,0,0,0
2023-02-23 15:15,103,61,42,0,0,0
2023-02-23 15:30,114,54,60,0,0,0
2023-02-23 15:45,109,61,48,0,0,0
2023-02-23 16:00,100,67,33,0,0,0
2023-02-23 16:15,110,56,54,0,0,0
2023-02-23 16:30,71,41,30,0,0,0
2023-02-23 16:45,94,44,50,0,0,0
2023-02-23 17:00,128,62,66,0,0,0
2023-02-23 17:15,107,55,52,0,0,0
2023-02-23 17:30,87,48,39,0,0,0
2023-02-23 17:45,92,47,45,0,0,0
2023-02-23 18:00,71,28,43,0,0,0
2023-02-23 18:15,76,40,36,0,0,0
2023-02-23 18:30,73,29,44,0,0,0
2023-02-23 18:45,95,48,47,0,0,0
2023-02-23 19:00,69,37,32,0,0,0
2023-02-23 19:15,57,19,38,0,0,0
2023-02-23 19:30,38,19,19,0,0,0
2023-02-23 19:45,62,26,36,0,0,0
2023-02-23 20:00,40,18,22,0,0,0
2023-02-23 20:15,36,11,25,0,0,0
2023-02-23 20:30,33,14,19,0,0,0
2023-02-23 20:45,19,5,14,0,0,0
2023-02-23 21:00,16,8,8,0,0,0
2023-02-23 21:15,28,5,23,0,0,0
2023-02-23 21:30,23,8,15,0,0,0
2023-02-23 21:45,25,4,21,0,0,0
2023-02-23 22:00,25,11,14,0,0,0
2023-02-23 22:15,34,11,23,0,0,0
2023-02-23 22:30,21,3,18,0,0,0
2023-02-23 22:45,14,3,11,0,0,0
2023-02-23 23:00,17,5,12,0,0,0
2023-02-23 23:15,15,7,8,0,0,0
2023-02-23 23:30,16,5,11,0,0,0
2023-02-23 23:45,27,20,7,0,0,0
2023-02-24 00:00,17,11,6,0,0,0
2023-02-24 00:15,7,0,7,0,0,0
2023-02-24 00:30,6,0,6,0,0,0
2023-02-24 00:45,1,1,0,0,0,0
2023-02-24 01:00,7,1,6,0,0,0
2023-02-24 01:15,4,1,3,0,0,0
2023-02-24 01:30,2,0,2,0,0,0
2023-02-24 01:45,2,0,2,0,0,0
2023-02-24 02:00,5,0,5,0,0,0
2023-02-24 02:15,1,0,1,0,0,0
2023-02-24 02:30,1,0,1,0,0,0
2023-02-24 02:45,2,0,2,0,0,0
2023-02-24 03:00,1,0,1,0,0,0
2023-02-24 03:15,0,0,0,0,0,0
2023-02-24 03:30,0,0,0,0,0,0
2023-02-24 03:45,2,0,2,0,0,0
2023-02-24 04:00,2,1,1,0,0,0
2023-02-24 04:15,0,0,0,0,0,0
2023-02-24 04:30,0,0,0,0,0,0
2023-02-24 04:45,0,0,0,0,0,0
2023-02-24 05:00,2,0,2,0,0,0
2023-02-24 05:15,5,4,1,0,0,0
2023-02-24 05:30,11,3,8,0,0,0
2023-02-24 05:45,6,1,5,0,0,0
2023-02-24 06:00,7,5,2,0,0,0
2023-02-24 06:15,27,15,12,0,0,0
2023-02-24 06:30,33,10,23,0,0,0
2023-02-24 06:45,56,14,42,0,0,0
2023-02-24 07:00,44,15,29,0,0,0
2023-02-24 07:15,62,33,29,0,0,0
2023-02-24 07:30,186,131,55,0,0,0
2023-02-24 07:45,147,57,90,0,0,0
2023-02-24 08:00,93,36,57,0,0,0
2023-02-24 08:15,120,57,63,0,0,0
2023-02-24 08:30,123,71,52,0,0,0
2023-02-24 08:45,114,53,61,0,0,0
2023-02-24 09:00,80,40,40,0,0,0
2023-02-24 09:15,78,43,35,0,0,0
2023-02-24 09:30,85,55,30,0,0,0
2023-02-24 09:45,76,44,32,0,0,0
2023-02-24 10:00,59,39,20,0,0,0
2023-02-24 10:15,43,26,17,0,0,0
2023-02-24 10:30,51,27,24,0,0,0
2023-02-24 10:45,30,17,13,0,0,0
2023-02-24 11:00,57,30,27,0,0,0
2023-02-24 11:15,52,26,26,0,0,0
2023-02-24 11:30,65,37,28,0,0,0
2023-02-24 11:45,65,40,25,0,0,0
2023-02-24 12:00,67,38,29,0,0,0
2023-02-24 12:15,99,40,59,0,0,0
2023-02-24 12:30,84,28,56,0,0,0
2023-02-24 12:45,65,26,39,0,0,0
2023-02-24 13:00,96,24,72,0,0,0
2023-02-24 13:15,76,27,49,0,0,0
2023-02-24 13:30,67,38,29,0,0,0
2023-02-24 13:45,86,49,37,0,0,0
2023-02-24 14:00,83,29,54,0,0,0
2023-02-24 14:15,74,40,34,0,0,0
2023-02-24 14:30,87,57,30,0,0,0
2023-02-24 14:45,119,57,62,0,0,0
2023-02-24 15:00,116,69,47,0,0,0
2023-02-24 15:15,121,72,49,0,0,0
2023-02-24 15:30,93,45,48,0,0,0
2023-02-24 15:45,89,58,31,0,0,0
2023-02-24 16:00,77,47,30,0,0,0
2023-02-24 16:15,107,54,53,0,0,0
2023-02-24 16:30,82,50,32,0,0,0
2023-02-24 16:45,74,42,32,0,0,0
2023-02-24 17:00,73,45,28,0,0,0
2023-02-24 17:15,76,41,35,0,0,0
2023-02-24 17:30,64,32,32,0,0,0
2023-02-24 17:45,63,26,37,0,0,0
2023-02-24 18:00,72,25,47,0,0,0
2023-02-24 18:15,61,28,33,0,0,0
2023-02-24 18:30,60,33,27,0,0,0
2023-02-24 18:45,53,31,22,0,0,0
2023-02-24 19:00,47,22,25,0,0,0
2023-02-24 19:15,74,24,50,0,0,0
2023-02-24 19:30,43,23,20,0,0,0
2023-02-24 19:45,38,17,21,0,0,0
2023-02-24 20:00,43,19,24,0,0,0
2023-02-24 20:15,37,15,22,0,0,0
2023-02-24 20:30,30,21,9,0,0,0
2023-02-24 20:45,25,16,9,0,0,0
2023-02-24 21:00,18,13,5,0,0,0
2023-02-24 21:15,28,8,20,0,0,0
2023-02-24 21:30,19,11,8,0,0,0
2023-02-24 21:45,17,5,12,0,0,0
2023-02-24 22:00,22,6,16,0,0,0
2023-02-24 22:15,8,4,4,0,0,0
2023-02-24 22:30,10,3,7,0,0,0
2023-02-24 22:45,23,10,13,0,0,0
2023-02-24 23:00,26,6,20,0,0,0
2023-02-24 23:15,13,7,6,0,0,0
2023-02-24 23:30,21,9,12,0,0,0
2023-02-24 23:45,14,5,9,0,0,0
2023-02-25 00:00,15,5,10,0,0,0
2023-02-25 00:15,15,7,8,0,0,0
2023-02-25 00:30,12,0,12,0,0,0
2023-02-25 00:45,10,4,6,0,0,0
2023-02-25 01:00,15,1,14,0,0,0
2023-02-25 01:15,8,2,6,0,0,0
2023-02-25 01:30,9,2,7,0,0,0
2023-02-25 01:45,10,3,7,0,0,0
2023-02-25 02:00,10,1,9,0,0,0
2023-02-25 02:15,10,7,3,0,0,0
2023-02-25 02:30,7,2,5,0,0,0
2023-02-25 02:45,12,0,12,0,0,0
2023-02-25 03:00,12,1,11,0,0,0
2023-02-25 03:15,6,0,6,0,0,0
2023-02-25 03:30,7,2,5,0,0,0
2023-02-25 03:45,16,2,14,0,0,0
2023-02-25 04:00,4,1,3,0,0,0
2023-02-25 04:15,3,1,2,0,0,0
2023-02-25 04:30,4,0,4,0,0,0
2023-02-25 04:45,4,0,4,0,0,0
2023-02-25 05:00,2,2,0,0,0,0
2023-02-25 05:15,2,0,2,0,0,0
2023-02-25 05:30,12,3,9,0,0,0
2023-02-25 05:45,4,2,2,0,0,0
2023-02-25 06:00,4,0,4,0,0,0
2023-02-25 06:15,2,2,0,0,0,0
2023-02-25 06:30,18,11,7,0,0,0
2023-02-25 06:45,8,6,2,0,0,0
2023-02-25 07:00,4,0,4,0,0,0
2023-02-25 07:15,9,6,3,0,0,0
2023-02-25 07:30,13,6,7,0,0,0
2023-02-25 07:45,16,7,9,0,0,0
2023-02-25 08:00,9,6,3,0,0,0
2023-02-25 08:15,21,16,5,0,0,0
2023-02-25 08:30,23,13,10,0,0,0
2023-02-25 08:45,37,29,8,0,0,0
2023-02-25 09:00,36,23,13,0,0,0
2023-02-25 09:15,32,22,10,0,0,0
2023-02-25 09:30,44,29,15,0,0,0
2023-02-25 09:45,54,30,24,0,0,0
2023-02-25 10:00,67,52,15,0,0,0
2023-02-25 10:15,60,48,12,0,0,0
2023-02-25 10:30,56,42,14,0,0,0
2023-02-25 10:45,66,44,22,0,0,0
2023-02-25 11:00,58,37,21,0,0,0
2023-02-25 11:15,67,45,22,0,0,0
2023-02-25 11:30,71,49,22,0,0,0
2023-02-25 11:45,78,44,34,0,0,0
2023-02-25 12:00,72,46,26,0,0,0
2023-02-25 12:15,79,44,35,0,0,0
2023-02-25 12:30,71,33,38,0,0,0
2023-02-25 12:45,95,50,45,0,0,0
2023-02-25 13:00,82,53,29,0,0,0
2023-02-25 13:15,87,48,39,0,0,0
2023-02-25 13:30,84,49,35,0,0,0
2023-02-25 13:45,63,33,30,0,0,0
2023-02-25 14:00,74,42,32,0,0,0
2023-02-25 14:15,87,44,43,0,0,0
2023-02-25 14:30,77,27,50,0,0,0
2023-02-25 14:45,70,32,38,0,0,0
2023-02-25 15:00,73,34,39,0,0,0
2023-02-25 15:15,73,40,33,0,0,0
2023-02-25 15:30,87,53,34,0,0,0
2023-02-25 15:45,75,32,43,0,0,0
2023-02-25 16:00,49,24,25,0,0,0
2023-02-25 16:15,50,19,31,0,0,0
2023-02-25 16:30,39,13,26,0,0,0
2023-02-25 16:45,50,29,21,0,0,0
2023-02-25 17:00,54,18,36,0,0,0
2023-02-25 17:15,49,18,31,0,0,0
2023-02-25 17:30,54,13,41,0,0,0
2023-02-25 17:45,64,27,37,0,0,0
2023-02-25 18:00,47,11,36,0,0,0
2023-02-25 18:15,50,13,37,0,0,0
2023-02-25 18:30,25,7,18,0,0,0
2023-02-25 18:45,49,30,19,0,0,0
2023-02-25 19:00,42,22,20,0,0,0
2023-02-25 19:15,31,15,16,0,0,0
2023-02-25 19:30,39,13,26,0,0,0
2023-02-25 19:45,37,14,23,0,0,0
2023-02-25 20:00,34,17,17,0,0,0
2023-02-25 20:15,42,17,25,0,0,0
2023-02-25 20:30,37,8,29,0,0,0
2023-02-25 20:45,15,12,3,0,0,0
2023-02-25 21:00,25,13,12,0,0,0
2023-02-25 21:15,22,14,8,0,0,0
2023-02-25 21:30,11,4,7,0,0,0
2023-02-25 21:45,6,0,6,0,0,0
2023-02-25 22:00,19,2,17,0,0,0
2023-02-25 22:15,9,2,7,0,0,0
2023-02-25 22:30,16,0,16,0,0,0
2023-02-25 22:45,13,2,11,0,0,0
2023-02-25 23:00,13,6,7,0,0,0
2023-02-25 23:15,21,7,14,0,0,0
2023-02-25 23:30,14,5,9,0,0,0
2023-02-25 23:45,8,0,8,0,0,0
2023-02-26 00:00,9,4,5,0,0,0
2023-02-26 00:15,11,1,10,0,0,0
2023-02-26 00:30,15,1,14,0,0,0
2023-02-26 00:45,6,3,3,0,0,0
2023-02-26 01:00,10,0,10,0,0,0
2023-02-26 01:15,10,0,10,0,0,0
2023-02-26 01:30,4,3,1,0,0,0
2023-02-26 01:45,8,0,8,0,0,0
2023-02-26 02:00,8,2,6,0,0,0
2023-02-26 02:15,9,3,6,0,0,0
2023-02-26 02:30,3,2,1,0,0,0
2023-02-26 02:45,0,0,0,0,0,0
2023-02-26 03:00,7,2,5,0,0,0
2023-02-26 03:15,5,1,4,0,0,0
2023-02-26 03:30,4,0,4,0,0,0
2023-02-26 03:45,7,3,4,0,0,0
2023-02-26 04:00,2,1,1,0,0,0
2023-02-26 04:15,4,0,4,0,0,0
2023-02-26 04:30,2,1,1,0,0,0
2023-02-26 04:45,7,1,6,0,0,0
2023-02-26 05:00,0,0,0,0,0,0
2023-02-26 05:15,6,3,3,0,0,0
2023-02-26 05:30,6,2,4,0,0,0
2023-02-26 05:45,7,0,7,0,0,0
2023-02-26 06:00,3,1,2,0,0,0
2023-02-26 06:15,2,0,2,0,0,0
2023-02-26 06:30,5,3,2,0,0,0
2023-02-26 06:45,6,4,2,0,0,0
2023-02-26 07:00,7,2,5,0,0,0
2023-02-26 07:15,2,1,1,0,0,0
2023-02-26 07:30,7,2,5,0,0,0
2023-02-26 07:45,3,1,2,0,0,0
2023-02-26 08:00,4,4,0,0,0,0
2023-02-26 08:15,8,8,0,0,0,0
2023-02-26 08:30,11,10,1,0,0,0
2023-02-26 08:45,17,8,9,0,0,0
2023-02-26 09:00,9,7,2,0,0,0
2023-02-26 09:15,13,10,3,0,0,0
2023-02-26 09:30,23,17,6,0,0,0
2023-02-26 09:45,31,23,8,0,0,0
2023-02-26 10:00,34,22,12,0,0,0
2023-02-26 10:15,23,17,6,0,0,0
2023-02-26 10:30,24,13,11,0,0,0
2023-02-26 10:45,40,26,14,0,0,0
2023-02-26 11:00,31,20,11,0,0,0
2023-02-26 11:15,25,13,12,0,0,0
2023-02-26 11:30,16,7,9,0,0,0
2023-02-26 11:45,50,27,23,0,0,0
2023-02-26 12:00,33,11,22,0,0,0
2023-02-26 12:15,40,12,28,0,0,0
2023-02-26 12:30,45,23,22,0,0,0
2023-02-26 12:45,46,24,22,0,0,0
2023-02-26 13:00,45,20,25,0,0,0
2023-02-26 13:15,40,11,29,0,0,0
2023-02-26 13:30,44,14,30,0,0,0
2023-02-26 13:45,49,19,30,0,0,0
2023-02-26 14:00,51,23,28,0,0,0
2023-02-26 14:15,46,19,27,0,0,0
2023-02-26 14:30,42,28,14,0,0,0
2023-02-26 14:45,59,27,32,0,0,0
2023-02-26 15:00,36,16,20,0,0,0
2023-02-26 15:15,34,15,19,0,0,0
2023-02-26 15:30,57,23,34,0,0,0
2023-02-26 15:45,47,25,22,0,0,0
2023-02-26 16:00,43,16,27,0,0,0
2023-02-26 16:15,38,20,18,0,0,0
2023-02-26 16:30,35,20,15,0,0,0
2023-02-26 16:45,36,16,20,0,0,0
2023-02-26 17:00,39,11,28,0,0,0
2023-02-26 17:15,31,11,20,0,0,0
2023-02-26 17:30,36,16,20,0,0,0
2023-02-26 17:45,32,17,15,0,0,0
2023-02-26 18:00,43,16,27,0,0,0
2023-02-26 18:15,30,10,20,0,0,0
2023-02-26 18:30,28,10,18,0,0,0
2023-02-26 18:45,29,10,19,0,0,0
2023-02-26 19:00,29,13,16,0,0,0
2023-02-26 19:15,15,5,10,0,0,0
2023-02-26 19:30,15,7,8,0,0,0
2023-02-26 19:45,15,8,7,0,0,0
2023-02-26 20:00,18,7,11,0,0,0
2023-02-26 20:15,22,8,14,0,0,0
2023-02-26 20:30,19,1,18,0,0,0
2023-02-26 20:45,25,11,14,0,0,0
2023-02-26 21:00,11,4,7,0,0,0
2023-02-26 21:15,13,5,8,0,0,0
2023-02-26 21:30,15,3,12,0,0,0
2023-02-26 21:45,6,2,4,0,0,0
2023-02-26 22:00,25,5,20,0,0,0
2023-02-26 22:15,22,12,10,0,0,0
2023-02-26 22:30,5,1,4,0,0,0
2023-02-26 22:45,4,0,4,0,0,0
2023-02-26 23:00,2,1,1,0,0,0
2023-02-26 23:15,4,1,3,0,0,0
2023-02-26 23:30,3,3,0,0,0,0
2023-02-26 23:45,4,0,4,0,0,0
2023-02-27 00:00,3,2,1,0,0,0
2023-02-27 00:15,1,1,0,0,0,0
2023-02-27 00:30,2,1,1,0,0,0
2023-02-27 00:45,0,0,0,0,0,0
2023-02-27 01:00,1,1,0,0,0,0
2023-02-27 01:15,0,0,0,0,0,0
2023-02-27 01:30,0,0,0,0,0,0
2023-02-27 01:45,2,0,2,0,0,0
2023-02-27 02:00,1,0,1,0,0,0
2023-02-27 02:15,1,0,1,0,0,0
2023-02-27 02:30,0,0,0,0,0,0
2023-02-27 02:45,0,0,0,0,0,0
2023-02-27 03:00,1,0,1,0,0,0
2023-02-27 03:15,0,0,0,0,0,0
2023-02-27 03:30,0,0,0,0,0,0
2023-02-27 03:45,0,0,0,0,0,0
2023-02-27 04:00,1,0,1,0,0,0
2023-02-27 04:15,0,0,0,0,0,0
2023-02-27 04:30,0,0,0,0,0,0
2023-02-27 04:45,0,0,0,0,0,0
2023-02-27 05:00,0,0,0,0,0,0
2023-02-27 05:15,3,3,0,0,0,0
2023-02-27 05:30,12,2,10,0,0,0
2023-02-27 05:45,12,8,4,0,0,0
2023-02-27 06:00,6,5,1,0,0,0
2023-02-27 06:15,26,9,17,0,0,0
2023-02-27 06:30,48,20,28,0,0,0
2023-02-27 06:45,48,14,34,0,0,0
2023-02-27 07:00,54,23,31,0,0,0
2023-02-27 07:15,98,40,58,0,0,0
2023-02-27 07:30,253,183,70,0,0,0
2023-02-27 07:45,196,93,103,0,0,0
2023-02-27 08:00,129,40,89,0,0,0
2023-02-27 08:15,115,55,60,0,0,0
2023-02-27 08:30,121,63,58,0,0,0
2023-02-27 08:45,178,78,100,0,0,0
2023-02-27 09:00,106,52,54,0,0,0
2023-02-27 09:15,65,40,25,0,0,0
2023-02-27 09:30,107,54,53,0,0,0
2023-02-27 09:45,115,36,79,0,0,0
2023-02-27 10:00,76,45,31,0,0,0
2023-02-27 10:15,52,33,19,0,0,0
2023-02-27 10:30,53,27,26,0,0,0
2023-02-27 10:45,67,42,25,0,0,0
2023-02-27 11:00,45,28,17,0,0,0
2023-02-27 11:15,86,49,37,0,0,0
2023-02-27 11:30,59,26,33,0,0,0
2023-02-27 11:45,73,40,33,0,0,0
2023-02-27 12:00,91,44,47,0,0,0
2023-02-27 12:15,99,31,68,0,0,0
2023-02-27 12:30,93,40,53,0,0,0
2023-02-27 12:45,99,59,40,0,0,0
2023-02-27 13:00,96,39,57,0,0,0
2023-02-27 13:15,105,34,71,0,0,0
2023-02-27 13:30,74,41,33,0,0,0
2023-02-27 13:45,107,45,62,0,0,0
2023-02-27 14:00,129,43,86,0,0,0
2023-02-27 14:15,108,50,58,0,0,0
2023-02-27 14:30,93,45,48,0,0,0
2023-02-27 14:45,118,45,73,0,0,0
2023-02-27 15:00,113,58,55,0,0,0
2023-02-27 15:15,117,83,34,0,0,0
2023-02-27 15:30,138,56,82,0,0,0
2023-02-27 15:45,132,70,62,0,0,0
2023-02-27 16:00,130,79,51,0,0,0
2023-02-27 16:15,113,70,43,0,0,0
2023-02-27 16:30,127,67,60,0,0,0
2023-02-27 16:45,116,80,36,0,0,0
2023-02-27 17:00,120,63,57,0,0,0
2023-02-27 17:15,141,68,73,0,0,0
2023-02-27 17:30,111,61,50,0,0,0
2023-02-27 17:45,99,43,56,0,0,0
2023-02-27 18:00,106,41,65,0,0,0
2023-02-27 18:15,98,46,52,0,0,0
2023-02-27 18:30,71,29,42,0,0,0
2023-02-27 18:45,93,55,38,0,0,0
2023-02-27 19:00,47,16,31,0,0,0
2023-02-27 19:15,59,24,35,0,0,0
2023-02-27 19:30,45,24,21,0,0,0
2023-02-27 19:45,60,26,34,0,0,0
2023-02-27 20:00,44,12,32,0,0,0
2023-02-27 20:15,30,5,25,0,0,0
2023-02-27 20:30,32,14,18,0,0,0
2023-02-27 20:45,29,8,21,0,0,0
2023-02-27 21:00,23,8,15,0,0,0
2023-02-27 21:15,23,13,10,0,0,0
2023-02-27 21:30,24,2,22,0,0,0
2023-02-27 21:45,32,5,27,0,0,0
2023-02-27 22:00,25,7,18,0,0,0
2023-02-27 22:15,31,6,25,0,0,0
2023-02-27 22:30,20,5,15,0,0,0
2023-02-27 22:45,12,2,10,0,0,0
2023-02-27 23:00,12,2,10,0,0,0
2023-02-27 23:15,11,4,7,0,0,0
2023-02-27 23:30,11,2,9,0,0,0
2023-02-27 23:45,8,4,4,0,0,0
