Datetime,100034982 (Hüfferstraße),101034982 (Hüfferstraße stadteinwärts),102034982 (Hüfferstraße stadtauswärts),100034982-status,101034982-status,102034982-status
2024-02-01 00:00,14,5,9,0,0,0
2024-02-01 00:15,3,0,3,0,0,0
2024-02-01 00:30,4,0,4,0,0,0
2024-02-01 00:45,6,3,3,0,0,0
2024-02-01 01:00,2,0,2,0,0,0
2024-02-01 01:15,12,5,7,0,0,0
2024-02-01 01:30,2,0,2,0,0,0
2024-02-01 01:45,2,0,2,0,0,0
2024-02-01 02:00,3,1,2,0,0,0
2024-02-01 02:15,2,1,1,0,0,0
2024-02-01 02:30,1,0,1,0,0,0
2024-02-01 02:45,1,0,1,0,0,0
2024-02-01 03:00,2,0,2,0,0,0
2024-02-01 03:15,3,1,2,0,0,0
2024-02-01 03:30,3,2,1,0,0,0
2024-02-01 03:45,2,0,2,0,0,0
2024-02-01 04:00,2,2,0,0,0,0
2024-02-01 04:15,0,0,0,0,0,0
2024-02-01 04:30,0,0,0,0,0,0
2024-02-01 04:45,3,0,3,0,0,0
2024-02-01 05:00,0,0,0,0,0,0
2024-02-01 05:15,4,2,2,0,0,0
2024-02-01 05:30,11,5,6,0,0,0
2024-02-01 05:45,12,3,9,0,0,0
2024-02-01 06:00,17,7,10,0,0,0
2024-02-01 06:15,12,8,4,0,0,0
2024-02-01 06:30,33,10,23,0,0,0
2024-02-01 06:45,46,9,37,0,0,0
2024-02-01 07:00,78,39,39,0,0,0
2024-02-01 07:15,93,29,64,0,0,0
2024-02-01 07:30,250,165,85,0,0,0
2024-02-01 07:45,245,114,131,0,0,0
2024-02-01 08:00,129,52,77,0,0,0
2024-02-01 08:15,160,65,95,0,0,0
2024-02-01 08:30,141,61,80,0,0,0
2024-02-01 08:45,163,80,83,0,0,0
2024-02-01 09:00,125,56,69,0,0,0
2024-02-01 09:15,92,43,49,0,0,0
2024-02-01 09:30,110,42,68,0,0,0
2024-02-01 09:45,170,84,86,0,0,0
2024-02-01 10:00,120,54,66,0,0,0
2024-02-01 10:15,59,29,30,0,0,0
2024-02-01 10:30,78,36,42,0,0,0
2024-02-01 10:45,90,46,44,0,0,0
2024-02-01 11:00,88,41,47,0,0,0
2024-02-01 11:15,81,46,35,0,0,0
2024-02-01 11:30,100,49,51,0,0,0
2024-02-01 11:45,111,76,35,0,0,0
2024-02-01 12:00,119,51,68,0,0,0
2024-02-01 12:15,101,43,58,0,0,0
2024-02-01 12:30,119,49,70,0,0,0
2024-02-01 12:45,129,69,60,0,0,0
2024-02-01 13:00,145,59,86,0,0,0
2024-02-01 13:15,164,45,119,0,0,0
2024-02-01 13:30,137,55,82,0,0,0
2024-02-01 13:45,166,76,90,0,0,0
2024-02-01 14:00,142,48,94,0,0,0
2024-02-01 14:15,111,58,53,0,0,0
2024-02-01 14:30,111,63,48,0,0,0
2024-02-01 14:45,161,89,72,0,0,0
2024-02-01 15:00,134,65,69,0,0,0
2024-02-01 15:15,125,72,53,0,0,0
2024-02-01 15:30,165,83,82,0,0,0
2024-02-01 15:45,168,75,93,0,0,0
2024-02-01 16:00,176,94,82,0,0,0
2024-02-01 16:15,134,70,64,0,0,0
2024-02-01 16:30,147,70,77,0,0,0
2024-02-01 16:45,163,74,89,0,0,0
2024-02-01 17:00,152,84,68,0,0,0
2024-02-01 17:15,158,75,83,0,0,0
2024-02-01 17:30,152,72,80,0,0,0
2024-02-01 17:45,162,88,74,0,0,0
2024-02-01 18:00,124,56,68,0,0,0
2024-02-01 18:15,120,41,79,0,0,0
2024-02-01 18:30,79,30,49,0,0,0
2024-02-01 18:45,93,54,39,0,0,0
2024-02-01 19:00,85,46,39,0,0,0
2024-02-01 19:15,67,44,23,0,0,0
2024-02-01 19:30,60,21,39,0,0,0
2024-02-01 19:45,66,25,41,0,0,0
2024-02-01 20:00,56,16,40,0,0,0
2024-02-01 20:15,43,18,25,0,0,0
2024-02-01 20:30,40,16,24,0,0,0
2024-02-01 20:45,28,8,20,0,0,0
2024-02-01 21:00,31,9,22,0,0,0
2024-02-01 21:15,38,15,23,0,0,0
2024-02-01 21:30,46,12,34,0,0,0
2024-02-01 21:45,45,19,26,0,0,0
2024-02-01 22:00,39,4,35,0,0,0
2024-02-01 22:15,30,8,22,0,0,0
2024-02-01 22:30,32,7,25,0,0,0
2024-02-01 22:45,20,6,14,0,0,0
2024-02-01 23:00,21,4,17,0,0,0
2024-02-01 23:15,16,3,13,0,0,0
2024-02-01 23:30,13,3,10,0,0,0
2024-02-01 23:45,14,6,8,0,0,0
2024-02-02 00:00,8,0,8,0,0,0
2024-02-02 00:15,5,1,4,0,0,0
2024-02-02 00:30,13,2,11,0,0,0
2024-02-02 00:45,9,4,5,0,0,0
2024-02-02 01:00,9,0,9,0,0,0
2024-02-02 01:15,3,1,2,0,0,0
2024-02-02 01:30,7,0,7,0,0,0
2024-02-02 01:45,1,0,1,0,0,0
2024-02-02 02:00,0,0,0,0,0,0
2024-02-02 02:15,1,0,1,0,0,0
2024-02-02 02:30,1,0,1,0,0,0
2024-02-02 02:45,1,1,0,0,0,0
2024-02-02 03:00,2,0,2,0,0,0
2024-02-02 03:15,0,0,0,0,0,0
2024-02-02 03:30,1,1,0,0,0,0
2024-02-02 03:45,0,0,0,0,0,0
2024-02-02 04:00,2,2,0,0,0,0
2024-02-02 04:15,1,0,1,0,0,0
2024-02-02 04:30,3,2,1,0,0,0
2024-02-02 04:45,2,0,2,0,0,0
2024-02-02 05:00,0,0,0,0,0,0
2024-02-02 05:15,6,4,2,0,0,0
2024-02-02 05:30,18,2,16,0,0,0
2024-02-02 05:45,9,1,8,0,0,0
2024-02-02 06:00,18,11,7,0,0,0
2024-02-02 06:15,18,9,9,0,0,0
2024-02-02 06:30,23,8,15,0,0,0
2024-02-02 06:45,48,19,29,0,0,0
2024-02-02 07:00,57,22,35,0,0,0
2024-02-02 07:15,98,43,55,0,0,0
2024-02-02 07:30,237,171,66,0,0,0
2024-02-02 07:45,232,97,135,0,0,0
2024-02-02 08:00,159,46,113,0,0,0
2024-02-02 08:15,144,55,89,0,0,0
2024-02-02 08:30,140,66,74,0,0,0
2024-02-02 08:45,145,65,80,0,0,0
2024-02-02 09:00,110,48,62,0,0,0
2024-02-02 09:15,75,33,42,0,0,0
2024-02-02 09:30,86,39,47,0,0,0
2024-02-02 09:45,124,49,75,0,0,0
2024-02-02 10:00,130,55,75,0,0,0
2024-02-02 10:15,66,39,27,0,0,0
2024-02-02 10:30,77,42,35,0,0,0
2024-02-02 10:45,79,49,30,0,0,0
2024-02-02 11:00,82,37,45,0,0,0
2024-02-02 11:15,88,60,28,0,0,0
2024-02-02 11:30,109,73,36,0,0,0
2024-02-02 11:45,117,66,51,0,0,0
2024-02-02 12:00,100,51,49,0,0,0
2024-02-02 12:15,108,46,62,0,0,0
2024-02-02 12:30,114,54,60,0,0,0
2024-02-02 12:45,115,53,62,0,0,0
2024-02-02 13:00,145,59,86,0,0,0
2024-02-02 13:15,188,53,135,0,0,0
2024-02-02 13:30,137,61,76,0,0,0
2024-02-02 13:45,146,78,68,0,0,0
2024-02-02 14:00,160,61,99,0,0,0
2024-02-02 14:15,123,62,61,0,0,0
2024-02-02 14:30,83,36,47,0,0,0
2024-02-02 14:45,136,60,76,0,0,0
2024-02-02 15:00,125,68,57,0,0,0
2024-02-02 15:15,110,47,63,0,0,0
2024-02-02 15:30,117,60,57,0,0,0
2024-02-02 15:45,119,72,47,0,0,0
2024-02-02 16:00,127,71,56,0,0,0
2024-02-02 16:15,103,44,59,0,0,0
2024-02-02 16:30,113,60,53,0,0,0
2024-02-02 16:45,106,56,50,0,0,0
2024-02-02 17:00,91,48,43,0,0,0
2024-02-02 17:15,93,50,43,0,0,0
2024-02-02 17:30,88,47,41,0,0,0
2024-02-02 17:45,89,45,44,0,0,0
2024-02-02 18:00,66,25,41,0,0,0
2024-02-02 18:15,64,33,31,0,0,0
2024-02-02 18:30,89,27,62,0,0,0
2024-02-02 18:45,103,43,60,0,0,0
2024-02-02 19:00,93,44,49,0,0,0
2024-02-02 19:15,74,35,39,0,0,0
2024-02-02 19:30,50,19,31,0,0,0
2024-02-02 19:45,53,27,26,0,0,0
2024-02-02 20:00,60,21,39,0,0,0
2024-02-02 20:15,51,21,30,0,0,0
2024-02-02 20:30,35,13,22,0,0,0
2024-02-02 20:45,22,3,19,0,0,0
2024-02-02 21:00,46,23,23,0,0,0
2024-02-02 21:15,36,14,22,0,0,0
2024-02-02 21:30,38,8,30,0,0,0
2024-02-02 21:45,34,5,29,0,0,0
2024-02-02 22:00,42,22,20,0,0,0
2024-02-02 22:15,23,9,14,0,0,0
2024-02-02 22:30,27,6,21,0,0,0
2024-02-02 22:45,25,2,23,0,0,0
2024-02-02 23:00,22,7,15,0,0,0
2024-02-02 23:15,17,8,9,0,0,0
2024-02-02 23:30,18,6,12,0,0,0
2024-02-02 23:45,21,7,14,0,0,0
2024-02-03 00:00,29,13,16,0,0,0
2024-02-03 00:15,18,3,15,0,0,0
2024-02-03 00:30,14,5,9,0,0,0
2024-02-03 00:45,5,1,4,0,0,0
2024-02-03 01:00,19,8,11,0,0,0
2024-02-03 01:15,14,7,7,0,0,0
2024-02-03 01:30,8,1,7,0,0,0
2024-02-03 01:45,4,0,4,0,0,0
2024-02-03 02:00,10,4,6,0,0,0
2024-02-03 02:15,7,5,2,0,0,0
2024-02-03 02:30,13,6,7,0,0,0
2024-02-03 02:45,3,2,1,0,0,0
2024-02-03 03:00,7,1,6,0,0,0
2024-02-03 03:15,12,2,10,0,0,0
2024-02-03 03:30,1,0,1,0,0,0
2024-02-03 03:45,1,0,1,0,0,0
2024-02-03 04:00,3,0,3,0,0,0
2024-02-03 04:15,2,0,2,0,0,0
2024-02-03 04:30,6,1,5,0,0,0
2024-02-03 04:45,0,0,0,0,0,0
2024-02-03 05:00,6,1,5,0,0,0
2024-02-03 05:15,1,1,0,0,0,0
2024-02-03 05:30,7,1,6,0,0,0
2024-02-03 05:45,7,2,5,0,0,0
2024-02-03 06:00,5,4,1,0,0,0
2024-02-03 06:15,5,1,4,0,0,0
2024-02-03 06:30,8,6,2,0,0,0
2024-02-03 06:45,11,11,0,0,0,0
2024-02-03 07:00,14,6,8,0,0,0
2024-02-03 07:15,17,2,15,0,0,0
2024-02-03 07:30,24,8,16,0,0,0
2024-02-03 07:45,28,12,16,0,0,0
2024-02-03 08:00,31,18,13,0,0,0
2024-02-03 08:15,28,23,5,0,0,0
2024-02-03 08:30,32,23,9,0,0,0
2024-02-03 08:45,36,23,13,0,0,0
2024-02-03 09:00,24,14,10,0,0,0
2024-02-03 09:15,29,25,4,0,0,0
2024-02-03 09:30,53,37,16,0,0,0
2024-02-03 09:45,58,37,21,0,0,0
2024-02-03 10:00,60,38,22,0,0,0
2024-02-03 10:15,60,43,17,0,0,0
2024-02-03 10:30,72,37,35,0,0,0
2024-02-03 10:45,75,46,29,0,0,0
2024-02-03 11:00,58,37,21,0,0,0
2024-02-03 11:15,53,37,16,0,0,0
2024-02-03 11:30,64,39,25,0,0,0
2024-02-03 11:45,93,50,43,0,0,0
2024-02-03 12:00,103,48,55,0,0,0
2024-02-03 12:15,81,44,37,0,0,0
2024-02-03 12:30,79,39,40,0,0,0
2024-02-03 12:45,96,39,57,0,0,0
2024-02-03 13:00,87,36,51,0,0,0
2024-02-03 13:15,66,37,29,0,0,0
2024-02-03 13:30,97,61,36,0,0,0
2024-02-03 13:45,98,39,59,0,0,0
2024-02-03 14:00,88,43,45,0,0,0
2024-02-03 14:15,71,31,40,0,0,0
2024-02-03 14:30,57,17,40,0,0,0
2024-02-03 14:45,68,25,43,0,0,0
2024-02-03 15:00,57,21,36,0,0,0
2024-02-03 15:15,80,27,53,0,0,0
2024-02-03 15:30,63,20,43,0,0,0
2024-02-03 15:45,65,27,38,0,0,0
2024-02-03 16:00,35,13,22,0,0,0
2024-02-03 16:15,48,14,34,0,0,0
2024-02-03 16:30,62,32,30,0,0,0
2024-02-03 16:45,54,23,31,0,0,0
2024-02-03 17:00,42,19,23,0,0,0
2024-02-03 17:15,58,20,38,0,0,0
2024-02-03 17:30,51,30,21,0,0,0
2024-02-03 17:45,43,17,26,0,0,0
2024-02-03 18:00,45,26,19,0,0,0
2024-02-03 18:15,55,25,30,0,0,0
2024-02-03 18:30,27,13,14,0,0,0
2024-02-03 18:45,47,26,21,0,0,0
2024-02-03 19:00,45,27,18,0,0,0
2024-02-03 19:15,43,17,26,0,0,0
2024-02-03 19:30,36,11,25,0,0,0
2024-02-03 19:45,18,5,13,0,0,0
2024-02-03 20:00,62,39,23,0,0,0
2024-02-03 20:15,22,11,11,0,0,0
2024-02-03 20:30,26,12,14,0,0,0
2024-02-03 20:45,14,7,7,0,0,0
2024-02-03 21:00,25,15,10,0,0,0
2024-02-03 21:15,22,11,11,0,0,0
2024-02-03 21:30,18,9,9,0,0,0
2024-02-03 21:45,30,12,18,0,0,0
2024-02-03 22:00,36,21,15,0,0,0
2024-02-03 22:15,17,8,9,0,0,0
2024-02-03 22:30,16,2,14,0,0,0
2024-02-03 22:45,20,6,14,0,0,0
2024-02-03 23:00,29,16,13,0,0,0
2024-02-03 23:15,8,3,5,0,0,0
2024-02-03 23:30,13,3,10,0,0,0
2024-02-03 23:45,20,10,10,0,0,0
2024-02-04 00:00,19,5,14,0,0,0
2024-02-04 00:15,9,2,7,0,0,0
2024-02-04 00:30,14,6,8,0,0,0
2024-02-04 00:45,9,0,9,0,0,0
2024-02-04 01:00,8,2,6,0,0,0
2024-02-04 01:15,7,1,6,0,0,0
2024-02-04 01:30,12,5,7,0,0,0
2024-02-04 01:45,8,0,8,0,0,0
2024-02-04 02:00,10,2,8,0,0,0
2024-02-04 02:15,4,0,4,0,0,0
2024-02-04 02:30,6,1,5,0,0,0
2024-02-04 02:45,6,0,6,0,0,0
2024-02-04 03:00,6,0,6,0,0,0
2024-02-04 03:15,3,2,1,0,0,0
2024-02-04 03:30,7,0,7,0,0,0
2024-02-04 03:45,4,0,4,0,0,0
2024-02-04 04:00,0,0,0,0,0,0
2024-02-04 04:15,4,0,4,0,0,0
2024-02-04 04:30,0,0,0,0,0,0
2024-02-04 04:45,0,0,0,0,0,0
2024-02-04 05:00,2,1,1,0,0,0
2024-02-04 05:15,0,0,0,0,0,0
2024-02-04 05:30,11,2,9,0,0,0
2024-02-04 05:45,4,1,3,0,0,0
2024-02-04 06:00,2,1,1,0,0,0
2024-02-04 06:15,3,1,2,0,0,0
2024-02-04 06:30,3,2,1,0,0,0
2024-02-04 06:45,6,2,4,0,0,0
2024-02-04 07:00,3,2,1,0,0,0
2024-02-04 07:15,3,0,3,0,0,0
2024-02-04 07:30,7,5,2,0,0,0
2024-02-04 07:45,17,10,7,0,0,0
2024-02-04 08:00,7,7,0,0,0,0
2024-02-04 08:15,8,4,4,0,0,0
2024-02-04 08:30,10,7,3,0,0,0
2024-02-04 08:45,21,15,6,0,0,0
2024-02-04 09:00,19,4,15,0,0,0
2024-02-04 09:15,14,11,3,0,0,0
2024-02-04 09:30,23,21,2,0,0,0
2024-02-04 09:45,36,18,18,0,0,0
2024-02-04 10:00,24,9,15,0,0,0
2024-02-04 10:15,22,15,7,0,0,0
2024-02-04 10:30,22,14,8,0,0,0
2024-02-04 10:45,33,21,12,0,0,0
2024-02-04 11:00,32,19,13,0,0,0
2024-02-04 11:15,25,11,14,0,0,0
2024-02-04 11:30,34,15,19,0,0,0
2024-02-04 11:45,30,10,20,0,0,0
2024-02-04 12:00,28,7,21,0,0,0
2024-02-04 12:15,23,7,16,0,0,0
2024-02-04 12:30,39,14,25,0,0,0
2024-02-04 12:45,29,14,15,0,0,0
2024-02-04 13:00,44,20,24,0,0,0
2024-02-04 13:15,19,10,9,0,0,0
2024-02-04 13:30,40,17,23,0,0,0
2024-02-04 13:45,34,23,11,0,0,0
2024-02-04 14:00,38,19,19,0,0,0
2024-02-04 14:15,54,32,22,0,0,0
2024-02-04 14:30,37,14,23,0,0,0
2024-02-04 14:45,45,24,21,0,0,0
2024-02-04 15:00,38,18,20,0,0,0
2024-02-04 15:15,28,14,14,0,0,0
2024-02-04 15:30,24,7,17,0,0,0
2024-02-04 15:45,33,11,22,0,0,0
2024-02-04 16:00,26,14,12,0,0,0
2024-02-04 16:15,24,14,10,0,0,0
2024-02-04 16:30,22,9,13,0,0,0
2024-02-04 16:45,35,15,20,0,0,0
2024-02-04 17:00,16,3,13,0,0,0
2024-02-04 17:15,25,10,15,0,0,0
2024-02-04 17:30,30,15,15,0,0,0
2024-02-04 17:45,20,4,16,0,0,0
2024-02-04 18:00,34,21,13,0,0,0
2024-02-04 18:15,30,14,16,0,0,0
2024-02-04 18:30,19,8,11,0,0,0
2024-02-04 18:45,21,9,12,0,0,0
2024-02-04 19:00,30,11,19,0,0,0
2024-02-04 19:15,15,4,11,0,0,0
2024-02-04 19:30,22,5,17,0,0,0
2024-02-04 19:45,14,7,7,0,0,0
2024-02-04 20:00,18,10,8,0,0,0
2024-02-04 20:15,12,2,10,0,0,0
2024-02-04 20:30,16,3,13,0,0,0
2024-02-04 20:45,15,8,7,0,0,0
2024-02-04 21:00,15,7,8,0,0,0
2024-02-04 21:15,6,3,3,0,0,0
2024-02-04 21:30,12,0,12,0,0,0
2024-02-04 21:45,11,3,8,0,0,0
2024-02-04 22:00,6,2,4,0,0,0
2024-02-04 22:15,7,2,5,0,0,0
2024-02-04 22:30,5,1,4,0,0,0
2024-02-04 22:45,13,0,13,0,0,0
2024-02-04 23:00,6,4,2,0,0,0
2024-02-04 23:15,3,1,2,0,0,0
2024-02-04 23:30,1,0,1,0,0,0
2024-02-04 23:45,1,1,0,0,0,0
2024-02-05 00:00,4,2,2,0,0,0
2024-02-05 00:15,0,0,0,0,0,0
2024-02-05 00:30,1,0,1,0,0,0
2024-02-05 00:45,6,1,5,0,0,0
2024-02-05 01:00,0,0,0,0,0,0
2024-02-05 01:15,1,1,0,0,0,0
2024-02-05 01:30,0,0,0,0,0,0
2024-02-05 01:45,1,0,1,0,0,0
2024-02-05 02:00,1,0,1,0,0,0
2024-02-05 02:15,0,0,0,0,0,0
2024-02-05 02:30,1,1,0,0,0,0
2024-02-05 02:45,1,0,1,0,0,0
2024-02-05 03:00,0,0,0,0,0,0
2024-02-05 03:15,0,0,0,0,0,0
2024-02-05 03:30,2,2,0,0,0,0
2024-02-05 03:45,1,1,0,0,0,0
2024-02-05 04:00,1,1,0,0,0,0
2024-02-05 04:15,0,0,0,0,0,0
2024-02-05 04:30,0,0,0,0,0,0
2024-02-05 04:45,2,0,2,0,0,0
2024-02-05 05:00,0,0,0,0,0,0
2024-02-05 05:15,2,1,1,0,0,0
2024-02-05 05:30,14,6,8,0,0,0
2024-02-05 05:45,14,9,5,0,0,0
2024-02-05 06:00,8,3,5,0,0,0
2024-02-05 06:15,18,3,15,0,0,0
2024-02-05 06:30,27,8,19,0,0,0
2024-02-05 06:45,62,26,36,0,0,0
2024-02-05 07:00,63,26,37,0,0,0
2024-02-05 07:15,98,33,65,0,0,0
2024-02-05 07:30,206,145,61,0,0,0
2024-02-05 07:45,218,105,113,0,0,0
2024-02-05 08:00,126,37,89,0,0,0
2024-02-05 08:15,131,59,72,0,0,0
2024-02-05 08:30,153,63,90,0,0,0
2024-02-05 08:45,147,74,73,0,0,0
2024-02-05 09:00,98,48,50,0,0,0
2024-02-05 09:15,101,54,47,0,0,0
2024-02-05 09:30,88,43,45,0,0,0
2024-02-05 09:45,98,52,46,0,0,0
2024-02-05 10:00,57,28,29,0,0,0
2024-02-05 10:15,55,27,28,0,0,0
2024-02-05 10:30,67,26,41,0,0,0
2024-02-05 10:45,45,22,23,0,0,0
2024-02-05 11:00,75,36,39,0,0,0
2024-02-05 11:15,74,41,33,0,0,0
2024-02-05 11:30,80,35,45,0,0,0
2024-02-05 11:45,89,44,45,0,0,0
2024-02-05 12:00,94,54,40,0,0,0
2024-02-05 12:15,96,38,58,0,0,0
2024-02-05 12:30,102,50,52,0,0,0
2024-02-05 12:45,97,42,55,0,0,0
2024-02-05 13:00,143,50,93,0,0,0
2024-02-05 13:15,155,44,111,0,0,0
2024-02-05 13:30,124,43,81,0,0,0
2024-02-05 13:45,125,60,65,0,0,0
2024-02-05 14:00,106,43,63,0,0,0
2024-02-05 14:15,115,52,63,0,0,0
2024-02-05 14:30,97,47,50,0,0,0
2024-02-05 14:45,129,71,58,0,0,0
2024-02-05 15:00,114,57,57,0,0,0
2024-02-05 15:15,127,64,63,0,0,0
2024-02-05 15:30,148,79,69,0,0,0
2024-02-05 15:45,131,77,54,0,0,0
2024-02-05 16:00,130,77,53,0,0,0
2024-02-05 16:15,146,81,65,0,0,0
2024-02-05 16:30,129,62,67,0,0,0
2024-02-05 16:45,124,59,65,0,0,0
2024-02-05 17:00,146,77,69,0,0,0
2024-02-05 17:15,117,60,57,0,0,0
2024-02-05 17:30,81,39,42,0,0,0
2024-02-05 17:45,113,54,59,0,0,0
2024-02-05 18:00,114,58,56,0,0,0
2024-02-05 18:15,108,55,53,0,0,0
2024-02-05 18:30,87,36,51,0,0,0
2024-02-05 18:45,95,44,51,0,0,0
2024-02-05 19:00,75,29,46,0,0,0
2024-02-05 19:15,58,29,29,0,0,0
2024-02-05 19:30,51,22,29,0,0,0
2024-02-05 19:45,48,13,35,0,0,0
2024-02-05 20:00,48,17,31,0,0,0
2024-02-05 20:15,57,22,35,0,0,0
2024-02-05 20:30,39,16,23,0,0,0
2024-02-05 20:45,46,10,36,0,0,0
2024-02-05 21:00,25,11,14,0,0,0
2024-02-05 21:15,30,11,19,0,0,0
2024-02-05 21:30,34,15,19,0,0,0
2024-02-05 21:45,29,6,23,0,0,0
2024-02-05 22:00,32,10,22,0,0,0
2024-02-05 22:15,34,8,26,0,0,0
2024-02-05 22:30,23,9,14,0,0,0
2024-02-05 22:45,16,7,9,0,0,0
2024-02-05 23:00,15,4,11,0,0,0
2024-02-05 23:15,9,3,6,0,0,0
2024-02-05 23:30,3,0,3,0,0,0
2024-02-05 23:45,15,14,1,0,0,0
2024-02-06 00:00,2,0,2,0,0,0
2024-02-06 00:15,9,1,8,0,0,0
2024-02-06 00:30,1,0,1,0,0,0
2024-02-06 00:45,3,2,1,0,0,0
2024-02-06 01:00,6,4,2,0,0,0
2024-02-06 01:15,2,1,1,0,0,0
2024-02-06 01:30,3,1,2,0,0,0
2024-02-06 01:45,1,0,1,0,0,0
2024-02-06 02:00,0,0,0,0,0,0
2024-02-06 02:15,0,0,0,0,0,0
2024-02-06 02:30,0,0,0,0,0,0
2024-02-06 02:45,1,0,1,0,0,0
2024-02-06 03:00,1,0,1,0,0,0
2024-02-06 03:15,5,0,5,0,0,0
2024-02-06 03:30,4,0,4,0,0,0
2024-02-06 03:45,2,0,2,0,0,0
2024-02-06 04:00,3,3,0,0,0,0
2024-02-06 04:15,4,2,2,0,0,0
2024-02-06 04:30,1,0,1,0,0,0
2024-02-06 04:45,5,1,4,0,0,0
2024-02-06 05:00,0,0,0,0,0,0
2024-02-06 05:15,3,3,0,0,0,0
2024-02-06 05:30,12,3,9,0,0,0
2024-02-06 05:45,12,4,8,0,0,0
2024-02-06 06:00,11,5,6,0,0,0
2024-02-06 06:15,17,7,10,0,0,0
2024-02-06 06:30,27,9,18,0,0,0
2024-02-06 06:45,52,20,32,0,0,0
2024-02-06 07:00,59,17,42,0,0,0
2024-02-06 07:15,108,53,55,0,0,0
2024-02-06 07:30,227,159,68,0,0,0
2024-02-06 07:45,209,89,120,0,0,0
2024-02-06 08:00,146,48,98,0,0,0
2024-02-06 08:15,154,71,83,0,0,0
2024-02-06 08:30,153,69,84,0,0,0
2024-02-06 08:45,152,67,85,0,0,0
2024-02-06 09:00,97,38,59,0,0,0
2024-02-06 09:15,98,56,42,0,0,0
2024-02-06 09:30,69,33,36,0,0,0
2024-02-06 09:45,85,49,36,0,0,0
2024-02-06 10:00,56,33,23,0,0,0
2024-02-06 10:15,43,18,25,0,0,0
2024-02-06 10:30,51,38,13,0,0,0
2024-02-06 10:45,77,42,35,0,0,0
2024-02-06 11:00,64,34,30,0,0,0
2024-02-06 11:15,81,52,29,0,0,0
2024-02-06 11:30,59,31,28,0,0,0
2024-02-06 11:45,100,57,43,0,0,0
2024-02-06 12:00,54,28,26,0,0,0
2024-02-06 12:15,84,37,47,0,0,0
2024-02-06 12:30,74,21,53,0,0,0
2024-02-06 12:45,90,41,49,0,0,0
2024-02-06 13:00,124,37,87,0,0,0
2024-02-06 13:15,94,27,67,0,0,0
2024-02-06 13:30,82,42,40,0,0,0
2024-02-06 13:45,110,57,53,0,0,0
2024-02-06 14:00,115,59,56,0,0,0
2024-02-06 14:15,100,55,45,0,0,0
2024-02-06 14:30,79,38,41,0,0,0
2024-02-06 14:45,119,59,60,0,0,0
2024-02-06 15:00,105,52,53,0,0,0
2024-02-06 15:15,110,57,53,0,0,0
2024-02-06 15:30,112,58,54,0,0,0
2024-02-06 15:45,130,76,54,0,0,0
2024-02-06 16:00,124,69,55,0,0,0
2024-02-06 16:15,163,80,83,0,0,0
2024-02-06 16:30,140,72,68,0,0,0
2024-02-06 16:45,116,68,48,0,0,0
2024-02-06 17:00,130,82,48,0,0,0
2024-02-06 17:15,130,84,46,0,0,0
2024-02-06 17:30,104,54,50,0,0,0
2024-02-06 17:45,108,49,59,0,0,0
2024-02-06 18:00,100,46,54,0,0,0
2024-02-06 18:15,89,35,54,0,0,0
2024-02-06 18:30,82,26,56,0,0,0
2024-02-06 18:45,76,24,52,0,0,0
2024-02-06 19:00,61,23,38,0,0,0
2024-02-06 19:15,62,28,34,0,0,0
2024-02-06 19:30,36,9,27,0,0,0
2024-02-06 19:45,70,43,27,0,0,0
2024-02-06 20:00,54,15,39,0,0,0
2024-02-06 20:15,37,8,29,0,0,0
2024-02-06 20:30,49,24,25,0,0,0
2024-02-06 20:45,30,13,17,0,0,0
2024-02-06 21:00,27,16,11,0,0,0
2024-02-06 21:15,27,9,18,0,0,0
2024-02-06 21:30,22,7,15,0,0,0
2024-02-06 21:45,22,10,12,0,0,0
2024-02-06 22:00,25,5,20,0,0,0
2024-02-06 22:15,19,8,11,0,0,0
2024-02-06 22:30,19,5,14,0,0,0
2024-02-06 22:45,16,3,13,0,0,0
2024-02-06 23:00,13,6,7,0,0,0
2024-02-06 23:15,11,2,9,0,0,0
2024-02-06 23:30,6,1,5,0,0,0
2024-02-06 23:45,5,3,2,0,0,0
2024-02-07 00:00,14,6,8,0,0,0
2024-02-07 00:15,5,1,4,0,0,0
2024-02-07 00:30,2,1,1,0,0,0
2024-02-07 00:45,2,1,1,0,0,0
2024-02-07 01:00,0,0,0,0,0,0
2024-02-07 01:15,2,0,2,0,0,0
2024-02-07 01:30,2,2,0,0,0,0
2024-02-07 01:45,2,0,2,0,0,0
2024-02-07 02:00,0,0,0,0,0,0
2024-02-07 02:15,1,1,0,0,0,0
2024-02-07 02:30,0,0,0,0,0,0
2024-02-07 02:45,0,0,0,0,0,0
2024-02-07 03:00,0,0,0,0,0,0
2024-02-07 03:15,0,0,0,0,0,0
2024-02-07 03:30,1,0,1,0,0,0
2024-02-07 03:45,0,0,0,0,0,0
2024-02-07 04:00,1,0,1,0,0,0
2024-02-07 04:15,0,0,0,0,0,0
2024-02-07 04:30,0,0,0,0,0,0
2024-02-07 04:45,2,0,2,0,0,0
2024-02-07 05:00,1,0,1,0,0,0
2024-02-07 05:15,2,1,1,0,0,0
2024-02-07 05:30,12,3,9,0,0,0
2024-02-07 05:45,11,2,9,0,0,0
2024-02-07 06:00,10,4,6,0,0,0
2024-02-07 06:15,15,10,5,0,0,0
2024-02-07 06:30,34,11,23,0,0,0
2024-02-07 06:45,51,20,31,0,0,0
2024-02-07 07:00,57,28,29,0,0,0
2024-02-07 07:15,88,38,50,0,0,0
2024-02-07 07:30,225,146,79,0,0,0
2024-02-07 07:45,223,108,115,0,0,0
2024-02-07 08:00,163,54,109,0,0,0
2024-02-07 08:15,123,43,80,0,0,0
2024-02-07 08:30,123,55,68,0,0,0
2024-02-07 08:45,152,61,91,0,0,0
2024-02-07 09:00,105,54,51,0,0,0
2024-02-07 09:15,99,45,54,0,0,0
2024-02-07 09:30,118,61,57,0,0,0
2024-02-07 09:45,114,59,55,0,0,0
2024-02-07 10:00,83,49,34,0,0,0
2024-02-07 10:15,70,39,31,0,0,0
2024-02-07 10:30,93,54,39,0,0,0
2024-02-07 10:45,68,37,31,0,0,0
2024-02-07 11:00,76,41,35,0,0,0
2024-02-07 11:15,98,47,51,0,0,0
2024-02-07 11:30,97,47,50,0,0,0
2024-02-07 11:45,108,65,43,0,0,0
2024-02-07 12:00,126,74,52,0,0,0
2024-02-07 12:15,103,47,56,0,0,0
2024-02-07 12:30,124,45,79,0,0,0
2024-02-07 12:45,122,60,62,0,0,0
2024-02-07 13:00,153,64,89,0,0,0
2024-02-07 13:15,134,47,87,0,0,0
2024-02-07 13:30,93,44,49,0,0,0
2024-02-07 13:45,137,83,54,0,0,0
2024-02-07 14:00,111,45,66,0,0,0
2024-02-07 14:15,113,58,55,0,0,0
2024-02-07 14:30,106,43,63,0,0,0
2024-02-07 14:45,102,44,58,0,0,0
2024-02-07 15:00,109,61,48,0,0,0
2024-02-07 15:15,149,76,73,0,0,0
2024-02-07 15:30,159,73,86,0,0,0
2024-02-07 15:45,129,54,75,0,0,0
2024-02-07 16:00,144,83,61,0,0,0
2024-02-07 16:15,148,81,67,0,0,0
2024-02-07 16:30,117,58,59,0,0,0
2024-02-07 16:45,111,64,47,0,0,0
2024-02-07 17:00,118,53,65,0,0,0
2024-02-07 17:15,124,63,61,0,0,0
2024-02-07 17:30,135,69,66,0,0,0
2024-02-07 17:45,114,57,57,0,0,0
2024-02-07 18:00,130,73,57,0,0,0
2024-02-07 18:15,112,60,52,0,0,0
2024-02-07 18:30,89,34,55,0,0,0
2024-02-07 18:45,107,47,60,0,0,0
2024-02-07 19:00,73,38,35,0,0,0
2024-02-07 19:15,64,27,37,0,0,0
2024-02-07 19:30,50,18,32,0,0,0
2024-02-07 19:45,67,31,36,0,0,0
2024-02-07 20:00,48,12,36,0,0,0
2024-02-07 20:15,47,18,29,0,0,0
2024-02-07 20:30,46,23,23,0,0,0
2024-02-07 20:45,37,16,21,0,0,0
2024-02-07 21:00,54,18,36,0,0,0
2024-02-07 21:15,29,9,20,0,0,0
2024-02-07 21:30,28,7,21,0,0,0
2024-02-07 21:45,24,9,15,0,0,0
2024-02-07 22:00,26,8,18,0,0,0
2024-02-07 22:15,29,15,14,0,0,0
2024-02-07 22:30,26,13,13,0,0,0
2024-02-07 22:45,27,8,19,0,0,0
2024-02-07 23:00,9,2,7,0,0,0
2024-02-07 23:15,13,2,11,0,0,0
2024-02-07 23:30,16,10,6,0,0,0
2024-02-07 23:45,21,16,5,0,0,0
2024-02-08 00:00,4,2,2,0,0,0
2024-02-08 00:15,17,5,12,0,0,0
2024-02-08 00:30,3,0,3,0,0,0
2024-02-08 00:45,8,0,8,0,0,0
2024-02-08 01:00,9,1,8,0,0,0
2024-02-08 01:15,4,2,2,0,0,0
2024-02-08 01:30,6,1,5,0,0,0
2024-02-08 01:45,3,0,3,0,0,0
2024-02-08 02:00,1,0,1,0,0,0
2024-02-08 02:15,4,0,4,0,0,0
2024-02-08 02:30,5,0,5,0,0,0
2024-02-08 02:45,1,0,1,0,0,0
2024-02-08 03:00,0,0,0,0,0,0
2024-02-08 03:15,2,0,2,0,0,0
2024-02-08 03:30,3,0,3,0,0,0
2024-02-08 03:45,1,0,1,0,0,0
2024-02-08 04:00,0,0,0,0,0,0
2024-02-08 04:15,1,0,1,0,0,0
2024-02-08 04:30,0,0,0,0,0,0
2024-02-08 04:45,5,2,3,0,0,0
2024-02-08 05:00,4,4,0,0,0,0
2024-02-08 05:15,2,2,0,0,0,0
2024-02-08 05:30,14,5,9,0,0,0
2024-02-08 05:45,13,1,12,0,0,0
2024-02-08 06:00,14,7,7,0,0,0
2024-02-08 06:15,18,6,12,0,0,0
2024-02-08 06:30,26,11,15,0,0,0
2024-02-08 06:45,50,15,35,0,0,0
2024-02-08 07:00,57,21,36,0,0,0
2024-02-08 07:15,90,32,58,0,0,0
2024-02-08 07:30,220,161,59,0,0,0
2024-02-08 07:45,204,86,118,0,0,0
2024-02-08 08:00,135,47,88,0,0,0
2024-02-08 08:15,128,50,78,0,0,0
2024-02-08 08:30,126,72,54,0,0,0
2024-02-08 08:45,128,56,72,0,0,0
2024-02-08 09:00,99,49,50,0,0,0
2024-02-08 09:15,61,28,33,0,0,0
2024-02-08 09:30,91,42,49,0,0,0
2024-02-08 09:45,74,43,31,0,0,0
2024-02-08 10:00,63,39,24,0,0,0
2024-02-08 10:15,53,17,36,0,0,0
2024-02-08 10:30,68,34,34,0,0,0
2024-02-08 10:45,60,39,21,0,0,0
2024-02-08 11:00,61,24,37,0,0,0
2024-02-08 11:15,82,62,20,0,0,0
2024-02-08 11:30,65,35,30,0,0,0
2024-02-08 11:45,78,41,37,0,0,0
2024-02-08 12:00,94,52,42,0,0,0
2024-02-08 12:15,78,33,45,0,0,0
2024-02-08 12:30,74,35,39,0,0,0
2024-02-08 12:45,81,42,39,0,0,0
2024-02-08 13:00,111,37,74,0,0,0
2024-02-08 13:15,101,35,66,0,0,0
2024-02-08 13:30,76,31,45,0,0,0
2024-02-08 13:45,75,34,41,0,0,0
2024-02-08 14:00,119,52,67,0,0,0
2024-02-08 14:15,70,42,28,0,0,0
2024-02-08 14:30,85,56,29,0,0,0
2024-02-08 14:45,89,46,43,0,0,0
2024-02-08 15:00,84,44,40,0,0,0
2024-02-08 15:15,103,46,57,0,0,0
2024-02-08 15:30,98,52,46,0,0,0
2024-02-08 15:45,98,49,49,0,0,0
2024-02-08 16:00,111,78,33,0,0,0
2024-02-08 16:15,93,51,42,0,0,0
2024-02-08 16:30,75,39,36,0,0,0
2024-02-08 16:45,66,39,27,0,0,0
2024-02-08 17:00,96,44,52,0,0,0
2024-02-08 17:15,82,50,32,0,0,0
2024-02-08 17:30,75,41,34,0,0,0
2024-02-08 17:45,79,39,40,0,0,0
2024-02-08 18:00,92,38,54,0,0,0
2024-02-08 18:15,68,30,38,0,0,0
2024-02-08 18:30,57,33,24,0,0,0
2024-02-08 18:45,51,28,23,0,0,0
2024-02-08 19:00,51,29,22,0,0,0
2024-02-08 19:15,29,14,15,0,0,0
2024-02-08 19:30,48,25,23,0,0,0
2024-02-08 19:45,54,17,37,0,0,0
2024-02-08 20:00,54,26,28,0,0,0
2024-02-08 20:15,51,27,24,0,0,0
2024-02-08 20:30,21,6,15,0,0,0
2024-02-08 20:45,21,7,14,0,0,0
2024-02-08 21:00,25,5,20,0,0,0
2024-02-08 21:15,27,7,20,0,0,0
2024-02-08 21:30,22,9,13,0,0,0
2024-02-08 21:45,16,4,12,0,0,0
2024-02-08 22:00,22,5,17,0,0,0
2024-02-08 22:15,17,1,16,0,0,0
2024-02-08 22:30,15,2,13,0,0,0
2024-02-08 22:45,13,2,11,0,0,0
2024-02-08 23:00,13,4,9,0,0,0
2024-02-08 23:15,17,4,13,0,0,0
2024-02-08 23:30,14,5,9,0,0,0
2024-02-08 23:45,7,2,5,0,0,0
2024-02-09 00:00,6,2,4,0,0,0
2024-02-09 00:15,13,8,5,0,0,0
2024-02-09 00:30,9,0,9,0,0,0
2024-02-09 00:45,2,1,1,0,0,0
2024-02-09 01:00,3,1,2,0,0,0
2024-02-09 01:15,5,4,1,0,0,0
2024-02-09 01:30,6,0,6,0,0,0
2024-02-09 01:45,2,0,2,0,0,0
2024-02-09 02:00,2,0,2,0,0,0
2024-02-09 02:15,3,0,3,0,0,0
2024-02-09 02:30,0,0,0,0,0,0
2024-02-09 02:45,3,0,3,0,0,0
2024-02-09 03:00,1,0,1,0,0,0
2024-02-09 03:15,3,0,3,0,0,0
2024-02-09 03:30,0,0,0,0,0,0
2024-02-09 03:45,0,0,0,0,0,0
2024-02-09 04:00,3,3,0,0,0,0
2024-02-09 04:15,3,0,3,0,0,0
2024-02-09 04:30,0,0,0,0,0,0
2024-02-09 04:45,1,0,1,0,0,0
2024-02-09 05:00,0,0,0,0,0,0
2024-02-09 05:15,1,0,1,0,0,0
2024-02-09 05:30,6,3,3,0,0,0
2024-02-09 05:45,10,1,9,0,0,0
2024-02-09 06:00,10,6,4,0,0,0
2024-02-09 06:15,9,4,5,0,0,0
2024-02-09 06:30,22,8,14,0,0,0
2024-02-09 06:45,34,15,19,0,0,0
2024-02-09 07:00,43,21,22,0,0,0
2024-02-09 07:15,69,22,47,0,0,0
2024-02-09 07:30,189,117,72,0,0,0
2024-02-09 07:45,148,62,86,0,0,0
2024-02-09 08:00,115,39,76,0,0,0
2024-02-09 08:15,96,55,41,0,0,0
2024-02-09 08:30,71,49,22,0,0,0
2024-02-09 08:45,104,52,52,0,0,0
2024-02-09 09:00,98,55,43,0,0,0
2024-02-09 09:15,86,38,48,0,0,0
2024-02-09 09:30,65,34,31,0,0,0
2024-02-09 09:45,77,37,40,0,0,0
2024-02-09 10:00,73,34,39,0,0,0
2024-02-09 10:15,48,25,23,0,0,0
2024-02-09 10:30,55,33,22,0,0,0
2024-02-09 10:45,48,26,22,0,0,0
2024-02-09 11:00,50,32,18,0,0,0
2024-02-09 11:15,54,28,26,0,0,0
2024-02-09 11:30,54,32,22,0,0,0
2024-02-09 11:45,80,44,36,0,0,0
2024-02-09 12:00,56,31,25,0,0,0
2024-02-09 12:15,93,49,44,0,0,0
2024-02-09 12:30,98,51,47,0,0,0
2024-02-09 12:45,114,58,56,0,0,0
2024-02-09 13:00,123,47,76,0,0,0
2024-02-09 13:15,112,33,79,0,0,0
2024-02-09 13:30,79,43,36,0,0,0
2024-02-09 13:45,88,49,39,0,0,0
2024-02-09 14:00,92,46,46,0,0,0
2024-02-09 14:15,86,45,41,0,0,0
2024-02-09 14:30,66,37,29,0,0,0
2024-02-09 14:45,81,43,38,0,0,0
2024-02-09 15:00,93,48,45,0,0,0
2024-02-09 15:15,117,54,63,0,0,0
2024-02-09 15:30,111,50,61,0,0,0
2024-02-09 15:45,78,44,34,0,0,0
2024-02-09 16:00,95,58,37,0,0,0
2024-02-09 16:15,81,50,31,0,0,0
2024-02-09 16:30,66,37,29,0,0,0
2024-02-09 16:45,73,41,32,0,0,0
2024-02-09 17:00,73,40,33,0,0,0
2024-02-09 17:15,99,63,36,0,0,0
2024-02-09 17:30,69,30,39,0,0,0
2024-02-09 17:45,115,61,54,0,0,0
2024-02-09 18:00,71,33,38,0,0,0
2024-02-09 18:15,117,64,53,0,0,0
2024-02-09 18:30,53,23,30,0,0,0
2024-02-09 18:45,79,39,40,0,0,0
2024-02-09 19:00,67,26,41,0,0,0
2024-02-09 19:15,47,23,24,0,0,0
2024-02-09 19:30,62,31,31,0,0,0
2024-02-09 19:45,43,23,20,0,0,0
2024-02-09 20:00,35,11,24,0,0,0
2024-02-09 20:15,40,12,28,0,0,0
2024-02-09 20:30,34,10,24,0,0,0
2024-02-09 20:45,28,16,12,0,0,0
2024-02-09 21:00,51,18,33,0,0,0
2024-02-09 21:15,28,9,19,0,0,0
2024-02-09 21:30,40,12,28,0,0,0
2024-02-09 21:45,29,10,19,0,0,0
2024-02-09 22:00,23,4,19,0,0,0
2024-02-09 22:15,15,3,12,0,0,0
2024-02-09 22:30,27,4,23,0,0,0
2024-02-09 22:45,17,3,14,0,0,0
2024-02-09 23:00,21,4,17,0,0,0
2024-02-09 23:15,18,8,10,0,0,0
2024-02-09 23:30,15,5,10,0,0,0
2024-02-09 23:45,34,25,9,0,0,0
2024-02-10 00:00,13,5,8,0,0,0
2024-02-10 00:15,13,2,11,0,0,0
2024-02-10 00:30,18,9,9,0,0,0
2024-02-10 00:45,14,2,12,0,0,0
2024-02-10 01:00,14,1,13,0,0,0
2024-02-10 01:15,5,4,1,0,0,0
2024-02-10 01:30,8,2,6,0,0,0
2024-02-10 01:45,5,2,3,0,0,0
2024-02-10 02:00,8,2,6,0,0,0
2024-02-10 02:15,6,0,6,0,0,0
2024-02-10 02:30,5,3,2,0,0,0
2024-02-10 02:45,9,2,7,0,0,0
2024-02-10 03:00,5,0,5,0,0,0
2024-02-10 03:15,7,3,4,0,0,0
2024-02-10 03:30,2,0,2,0,0,0
2024-02-10 03:45,1,1,0,0,0,0
2024-02-10 04:00,0,0,0,0,0,0
2024-02-10 04:15,3,0,3,0,0,0
2024-02-10 04:30,2,2,0,0,0,0
2024-02-10 04:45,0,0,0,0,0,0
2024-02-10 05:00,1,0,1,0,0,0
2024-02-10 05:15,2,1,1,0,0,0
2024-02-10 05:30,6,3,3,0,0,0
2024-02-10 05:45,8,2,6,0,0,0
2024-02-10 06:00,0,0,0,0,0,0
2024-02-10 06:15,3,2,1,0,0,0
2024-02-10 06:30,10,7,3,0,0,0
2024-02-10 06:45,7,6,1,0,0,0
2024-02-10 07:00,12,8,4,0,0,0
2024-02-10 07:15,7,4,3,0,0,0
2024-02-10 07:30,29,10,19,0,0,0
2024-02-10 07:45,31,14,17,0,0,0
2024-02-10 08:00,27,25,2,0,0,0
2024-02-10 08:15,28,21,7,0,0,0
2024-02-10 08:30,30,20,10,0,0,0
2024-02-10 08:45,50,32,18,0,0,0
2024-02-10 09:00,36,31,5,0,0,0
2024-02-10 09:15,51,37,14,0,0,0
2024-02-10 09:30,37,32,5,0,0,0
2024-02-10 09:45,69,51,18,0,0,0
2024-02-10 10:00,59,39,20,0,0,0
2024-02-10 10:15,62,43,19,0,0,0
2024-02-10 10:30,65,37,28,0,0,0
2024-02-10 10:45,102,72,30,0,0,0
2024-02-10 11:00,90,57,33,0,0,0
2024-02-10 11:15,76,50,26,0,0,0
2024-02-10 11:30,121,73,48,0,0,0
2024-02-10 11:45,87,52,35,0,0,0
2024-02-10 12:00,96,53,43,0,0,0
2024-02-10 12:15,79,54,25,0,0,0
2024-02-10 12:30,82,41,41,0,0,0
2024-02-10 12:45,98,43,55,0,0,0
2024-02-10 13:00,88,39,49,0,0,0
2024-02-10 13:15,89,29,60,0,0,0
2024-02-10 13:30,60,30,30,0,0,0
2024-02-10 13:45,70,23,47,0,0,0
2024-02-10 14:00,109,38,71,0,0,0
2024-02-10 14:15,89,35,54,0,0,0
2024-02-10 14:30,65,32,33,0,0,0
2024-02-10 14:45,89,33,56,0,0,0
2024-02-10 15:00,72,28,44,0,0,0
2024-02-10 15:15,72,23,49,0,0,0
2024-02-10 15:30,97,42,55,0,0,0
2024-02-10 15:45,52,15,37,0,0,0
2024-02-10 16:00,64,28,36,0,0,0
2024-02-10 16:15,62,26,36,0,0,0
2024-02-10 16:30,63,24,39,0,0,0
2024-02-10 16:45,77,33,44,0,0,0
2024-02-10 17:00,64,26,38,0,0,0
2024-02-10 17:15,63,29,34,0,0,0
2024-02-10 17:30,61,23,38,0,0,0
2024-02-10 17:45,60,24,36,0,0,0
2024-02-10 18:00,51,19,32,0,0,0
2024-02-10 18:15,43,22,21,0,0,0
2024-02-10 18:30,37,17,20,0,0,0
2024-02-10 18:45,40,23,17,0,0,0
2024-02-10 19:00,38,21,17,0,0,0
2024-02-10 19:15,22,9,13,0,0,0
2024-02-10 19:30,49,16,33,0,0,0
2024-02-10 19:45,40,13,27,0,0,0
2024-02-10 20:00,37,12,25,0,0,0
2024-02-10 20:15,33,14,19,0,0,0
2024-02-10 20:30,14,8,6,0,0,0
2024-02-10 20:45,27,13,14,0,0,0
2024-02-10 21:00,21,13,8,0,0,0
2024-02-10 21:15,16,9,7,0,0,0
2024-02-10 21:30,18,11,7,0,0,0
2024-02-10 21:45,10,2,8,0,0,0
2024-02-10 22:00,13,5,8,0,0,0
2024-02-10 22:15,24,5,19,0,0,0
2024-02-10 22:30,15,2,13,0,0,0
2024-02-10 22:45,14,5,9,0,0,0
2024-02-10 23:00,21,12,9,0,0,0
2024-02-10 23:15,21,9,12,0,0,0
2024-02-10 23:30,15,7,8,0,0,0
2024-02-10 23:45,11,4,7,0,0,0
2024-02-11 00:00,11,1,10,0,0,0
2024-02-11 00:15,15,1,14,0,0,0
2024-02-11 00:30,11,4,7,0,0,0
2024-02-11 00:45,12,3,9,0,0,0
2024-02-11 01:00,8,3,5,0,0,0
2024-02-11 01:15,10,6,4,0,0,0
2024-02-11 01:30,8,1,7,0,0,0
2024-02-11 01:45,5,1,4,0,0,0
2024-02-11 02:00,2,0,2,0,0,0
2024-02-11 02:15,5,0,5,0,0,0
2024-02-11 02:30,1,0,1,0,0,0
2024-02-11 02:45,4,0,4,0,0,0
2024-02-11 03:00,10,0,10,0,0,0
2024-02-11 03:15,3,0,3,0,0,0
2024-02-11 03:30,8,1,7,0,0,0
2024-02-11 03:45,6,0,6,0,0,0
2024-02-11 04:00,2,1,1,0,0,0
2024-02-11 04:15,7,0,7,0,0,0
2024-02-11 04:30,1,0,1,0,0,0
2024-02-11 04:45,1,0,1,0,0,0
2024-02-11 05:00,5,0,5,0,0,0
2024-02-11 05:15,3,1,2,0,0,0
2024-02-11 05:30,6,2,4,0,0,0
2024-02-11 05:45,6,2,4,0,0,0
2024-02-11 06:00,1,0,1,0,0,0
2024-02-11 06:15,1,0,1,0,0,0
2024-02-11 06:30,7,4,3,0,0,0
2024-02-11 06:45,6,3,3,0,0,0
2024-02-11 07:00,4,0,4,0,0,0
2024-02-11 07:15,2,1,1,0,0,0
2024-02-11 07:30,9,1,8,0,0,0
2024-02-11 07:45,9,5,4,0,0,0
2024-02-11 08:00,4,4,0,0,0,0
2024-02-11 08:15,7,6,1,0,0,0
2024-02-11 08:30,11,9,2,0,0,0
2024-02-11 08:45,13,10,3,0,0,0
2024-02-11 09:00,13,7,6,0,0,0
2024-02-11 09:15,8,6,2,0,0,0
2024-02-11 09:30,15,10,5,0,0,0
2024-02-11 09:45,22,15,7,0,0,0
2024-02-11 10:00,13,6,7,0,0,0
2024-02-11 10:15,18,14,4,0,0,0
2024-02-11 10:30,16,13,3,0,0,0
2024-02-11 10:45,16,14,2,0,0,0
2024-02-11 11:00,22,13,9,0,0,0
2024-02-11 11:15,15,5,10,0,0,0
2024-02-11 11:30,21,10,11,0,0,0
2024-02-11 11:45,34,19,15,0,0,0
2024-02-11 12:00,21,13,8,0,0,0
2024-02-11 12:15,38,14,24,0,0,0
2024-02-11 12:30,23,10,13,0,0,0
2024-02-11 12:45,23,6,17,0,0,0
2024-02-11 13:00,24,8,16,0,0,0
2024-02-11 13:15,29,6,23,0,0,0
2024-02-11 13:30,24,13,11,0,0,0
2024-02-11 13:45,36,14,22,0,0,0
2024-02-11 14:00,33,12,21,0,0,0
2024-02-11 14:15,39,16,23,0,0,0
2024-02-11 14:30,26,9,17,0,0,0
2024-02-11 14:45,30,19,11,0,0,0
2024-02-11 15:00,28,18,10,0,0,0
2024-02-11 15:15,31,6,25,0,0,0
2024-02-11 15:30,36,12,24,0,0,0
2024-02-11 15:45,39,19,20,0,0,0
2024-02-11 16:00,36,15,21,0,0,0
2024-02-11 16:15,37,15,22,0,0,0
2024-02-11 16:30,44,21,23,0,0,0
2024-02-11 16:45,46,25,21,0,0,0
2024-02-11 17:00,27,17,10,0,0,0
2024-02-11 17:15,65,22,43,0,0,0
2024-02-11 17:30,38,15,23,0,0,0
2024-02-11 17:45,32,17,15,0,0,0
2024-02-11 18:00,43,16,27,0,0,0
2024-02-11 18:15,12,6,6,0,0,0
2024-02-11 18:30,29,10,19,0,0,0
2024-02-11 18:45,24,9,15,0,0,0
2024-02-11 19:00,21,8,13,0,0,0
2024-02-11 19:15,19,10,9,0,0,0
2024-02-11 19:30,23,6,17,0,0,0
2024-02-11 19:45,24,11,13,0,0,0
2024-02-11 20:00,34,23,11,0,0,0
2024-02-11 20:15,19,8,11,0,0,0
2024-02-11 20:30,33,11,22,0,0,0
2024-02-11 20:45,20,4,16,0,0,0
2024-02-11 21:00,32,10,22,0,0,0
2024-02-11 21:15,9,8,1,0,0,0
2024-02-11 21:30,14,3,11,0,0,0
2024-02-11 21:45,13,3,10,0,0,0
2024-02-11 22:00,28,9,19,0,0,0
2024-02-11 22:15,15,4,11,0,0,0
2024-02-11 22:30,6,1,5,0,0,0
2024-02-11 22:45,10,3,7,0,0,0
2024-02-11 23:00,7,2,5,0,0,0
2024-02-11 23:15,13,8,5,0,0,0
2024-02-11 23:30,12,10,2,0,0,0
2024-02-11 23:45,8,8,0,0,0,0
2024-02-12 00:00,1,0,1,0,0,0
2024-02-12 00:15,5,2,3,0,0,0
2024-02-12 00:30,3,0,3,0,0,0
2024-02-12 00:45,1,0,1,0,0,0
2024-02-12 01:00,0,0,0,0,0,0
2024-02-12 01:15,1,0,1,0,0,0
2024-02-12 01:30,0,0,0,0,0,0
2024-02-12 01:45,0,0,0,0,0,0
2024-02-12 02:00,3,1,2,0,0,0
2024-02-12 02:15,5,1,4,0,0,0
2024-02-12 02:30,0,0,0,0,0,0
2024-02-12 02:45,0,0,0,0,0,0
2024-02-12 03:00,1,0,1,0,0,0
2024-02-12 03:15,0,0,0,0,0,0
2024-02-12 03:30,1,1,0,0,0,0
2024-02-12 03:45,0,0,0,0,0,0
2024-02-12 04:00,0,0,0,0,0,0
2024-02-12 04:15,1,1,0,0,0,0
2024-02-12 04:30,1,0,1,0,0,0
2024-02-12 04:45,0,0,0,0,0,0
2024-02-12 05:00,5,3,2,0,0,0
2024-02-12 05:15,2,0,2,0,0,0
2024-02-12 05:30,8,3,5,0,0,0
2024-02-12 05:45,3,2,1,0,0,0
2024-02-12 06:00,7,4,3,0,0,0
2024-02-12 06:15,13,10,3,0,0,0
2024-02-12 06:30,11,9,2,0,0,0
2024-02-12 06:45,11,8,3,0,0,0
2024-02-12 07:00,21,14,7,0,0,0
2024-02-12 07:15,21,14,7,0,0,0
2024-02-12 07:30,30,14,16,0,0,0
2024-02-12 07:45,20,10,10,0,0,0
2024-02-12 08:00,22,12,10,0,0,0
2024-02-12 08:15,24,14,10,0,0,0
2024-02-12 08:30,23,16,7,0,0,0
2024-02-12 08:45,23,14,9,0,0,0
2024-02-12 09:00,28,17,11,0,0,0
2024-02-12 09:15,17,12,5,0,0,0
2024-02-12 09:30,34,20,14,0,0,0
2024-02-12 09:45,33,23,10,0,0,0
2024-02-12 10:00,37,21,16,0,0,0
2024-02-12 10:15,43,24,19,0,0,0
2024-02-12 10:30,28,16,12,0,0,0
2024-02-12 10:45,55,31,24,0,0,0
2024-02-12 11:00,33,17,16,0,0,0
2024-02-12 11:15,45,32,13,0,0,0
2024-02-12 11:30,42,24,18,0,0,0
2024-02-12 11:45,58,44,14,0,0,0
2024-02-12 12:00,85,73,12,0,0,0
2024-02-12 12:15,87,75,12,0,0,0
2024-02-12 12:30,73,51,22,0,0,0
2024-02-12 12:45,63,44,19,0,0,0
2024-02-12 13:00,81,53,28,0,0,0
2024-02-12 13:15,83,52,31,0,0,0
2024-02-12 13:30,85,64,21,0,0,0
2024-02-12 13:45,80,44,36,0,0,0
2024-02-12 14:00,75,41,34,0,0,0
2024-02-12 14:15,93,51,42,0,0,0
2024-02-12 14:30,59,27,32,0,0,0
2024-02-12 14:45,73,32,41,0,0,0
2024-02-12 15:00,70,22,48,0,0,0
2024-02-12 15:15,64,27,37,0,0,0
2024-02-12 15:30,52,26,26,0,0,0
2024-02-12 15:45,69,25,44,0,0,0
2024-02-12 16:00,47,14,33,0,0,0
2024-02-12 16:15,57,16,41,0,0,0
2024-02-12 16:30,73,15,58,0,0,0
2024-02-12 16:45,58,12,46,0,0,0
2024-02-12 17:00,64,20,44,0,0,0
2024-02-12 17:15,44,16,28,0,0,0
2024-02-12 17:30,67,22,45,0,0,0
2024-02-12 17:45,35,10,25,0,0,0
2024-02-12 18:00,45,15,30,0,0,0
2024-02-12 18:15,20,5,15,0,0,0
2024-02-12 18:30,29,8,21,0,0,0
2024-02-12 18:45,45,16,29,0,0,0
2024-02-12 19:00,26,11,15,0,0,0
2024-02-12 19:15,31,9,22,0,0,0
2024-02-12 19:30,29,7,22,0,0,0
2024-02-12 19:45,23,8,15,0,0,0
2024-02-12 20:00,24,15,9,0,0,0
2024-02-12 20:15,32,8,24,0,0,0
2024-02-12 20:30,28,12,16,0,0,0
2024-02-12 20:45,11,5,6,0,0,0
2024-02-12 21:00,20,8,12,0,0,0
2024-02-12 21:15,17,8,9,0,0,0
2024-02-12 21:30,11,3,8,0,0,0
2024-02-12 21:45,27,10,17,0,0,0
2024-02-12 22:00,7,4,3,0,0,0
2024-02-12 22:15,20,5,15,0,0,0
2024-02-12 22:30,14,2,12,0,0,0
2024-02-12 22:45,13,4,9,0,0,0
2024-02-12 23:00,15,4,11,0,0,0
2024-02-12 23:15,12,1,11,0,0,0
2024-02-12 23:30,10,1,9,0,0,0
2024-02-12 23:45,6,1,5,0,0,0
2024-02-13 00:00,7,3,4,0,0,0
2024-02-13 00:15,7,0,7,0,0,0
2024-02-13 00:30,3,1,2,0,0,0
2024-02-13 00:45,4,3,1,0,0,0
2024-02-13 01:00,3,1,2,0,0,0
2024-02-13 01:15,4,3,1,0,0,0
2024-02-13 01:30,1,1,0,0,0,0
2024-02-13 01:45,0,0,0,0,0,0
2024-02-13 02:00,3,0,3,0,0,0
2024-02-13 02:15,0,0,0,0,0,0
2024-02-13 02:30,1,0,1,0,0,0
2024-02-13 02:45,0,0,0,0,0,0
2024-02-13 03:00,0,0,0,0,0,0
2024-02-13 03:15,0,0,0,0,0,0
2024-02-13 03:30,1,1,0,0,0,0
2024-02-13 03:45,0,0,0,0,0,0
2024-02-13 04:00,1,1,0,0,0,0
2024-02-13 04:15,2,0,2,0,0,0
2024-02-13 04:30,0,0,0,0,0,0
2024-02-13 04:45,0,0,0,0,0,0
2024-02-13 05:00,2,2,0,0,0,0
2024-02-13 05:15,2,1,1,0,0,0
2024-02-13 05:30,7,2,5,0,0,0
2024-02-13 05:45,6,1,5,0,0,0
2024-02-13 06:00,17,6,11,0,0,0
2024-02-13 06:15,20,7,13,0,0,0
2024-02-13 06:30,27,8,19,0,0,0
2024-02-13 06:45,43,11,32,0,0,0
2024-02-13 07:00,51,20,31,0,0,0
2024-02-13 07:15,82,29,53,0,0,0
2024-02-13 07:30,107,36,71,0,0,0
2024-02-13 07:45,179,77,102,0,0,0
2024-02-13 08:00,105,43,62,0,0,0
2024-02-13 08:15,94,40,54,0,0,0
2024-02-13 08:30,126,61,65,0,0,0
2024-02-13 08:45,108,57,51,0,0,0
2024-02-13 09:00,87,42,45,0,0,0
2024-02-13 09:15,86,32,54,0,0,0
2024-02-13 09:30,78,45,33,0,0,0
2024-02-13 09:45,81,53,28,0,0,0
2024-02-13 10:00,83,56,27,0,0,0
2024-02-13 10:15,47,12,35,0,0,0
2024-02-13 10:30,51,30,21,0,0,0
2024-02-13 10:45,58,26,32,0,0,0
2024-02-13 11:00,65,30,35,0,0,0
2024-02-13 11:15,56,28,28,0,0,0
2024-02-13 11:30,61,30,31,0,0,0
2024-02-13 11:45,77,39,38,0,0,0
2024-02-13 12:00,82,37,45,0,0,0
2024-02-13 12:15,78,37,41,0,0,0
2024-02-13 12:30,88,44,44,0,0,0
2024-02-13 12:45,77,32,45,0,0,0
2024-02-13 13:00,84,36,48,0,0,0
2024-02-13 13:15,90,32,58,0,0,0
2024-02-13 13:30,111,42,69,0,0,0
2024-02-13 13:45,106,43,63,0,0,0
2024-02-13 14:00,90,47,43,0,0,0
2024-02-13 14:15,96,54,42,0,0,0
2024-02-13 14:30,112,64,48,0,0,0
2024-02-13 14:45,97,49,48,0,0,0
2024-02-13 15:00,108,44,64,0,0,0
2024-02-13 15:15,109,63,46,0,0,0
2024-02-13 15:30,102,61,41,0,0,0
2024-02-13 15:45,136,80,56,0,0,0
2024-02-13 16:00,129,71,58,0,0,0
2024-02-13 16:15,111,68,43,0,0,0
2024-02-13 16:30,130,64,66,0,0,0
2024-02-13 16:45,126,70,56,0,0,0
2024-02-13 17:00,107,57,50,0,0,0
2024-02-13 17:15,106,57,49,0,0,0
2024-02-13 17:30,122,56,66,0,0,0
2024-02-13 17:45,114,51,63,0,0,0
2024-02-13 18:00,111,49,62,0,0,0
2024-02-13 18:15,88,40,48,0,0,0
2024-02-13 18:30,73,29,44,0,0,0
2024-02-13 18:45,69,26,43,0,0,0
2024-02-13 19:00,71,27,44,0,0,0
2024-02-13 19:15,60,24,36,0,0,0
2024-02-13 19:30,47,9,38,0,0,0
2024-02-13 19:45,61,23,38,0,0,0
2024-02-13 20:00,51,18,33,0,0,0
2024-02-13 20:15,47,12,35,0,0,0
2024-02-13 20:30,22,9,13,0,0,0
2024-02-13 20:45,31,9,22,0,0,0
2024-02-13 21:00,26,10,16,0,0,0
2024-02-13 21:15,21,8,13,0,0,0
2024-02-13 21:30,29,9,20,0,0,0
2024-02-13 21:45,26,10,16,0,0,0
2024-02-13 22:00,29,4,25,0,0,0
2024-02-13 22:15,33,19,14,0,0,0
2024-02-13 22:30,12,2,10,0,0,0
2024-02-13 22:45,15,3,12,0,0,0
2024-02-13 23:00,20,9,11,0,0,0
2024-02-13 23:15,14,4,10,0,0,0
2024-02-13 23:30,5,2,3,0,0,0
2024-02-13 23:45,9,6,3,0,0,0
2024-02-14 00:00,4,1,3,0,0,0
2024-02-14 00:15,8,2,6,0,0,0
2024-02-14 00:30,3,0,3,0,0,0
2024-02-14 00:45,3,1,2,0,0,0
2024-02-14 01:00,5,1,4,0,0,0
2024-02-14 01:15,0,0,0,0,0,0
2024-02-14 01:30,0,0,0,0,0,0
2024-02-14 01:45,0,0,0,0,0,0
2024-02-14 02:00,0,0,0,0,0,0
2024-02-14 02:15,0,0,0,0,0,0
2024-02-14 02:30,2,0,2,0,0,0
2024-02-14 02:45,0,0,0,0,0,0
2024-02-14 03:00,0,0,0,0,0,0
2024-02-14 03:15,0,0,0,0,0,0
2024-02-14 03:30,1,0,1,0,0,0
2024-02-14 03:45,0,0,0,0,0,0
2024-02-14 04:00,2,2,0,0,0,0
2024-02-14 04:15,0,0,0,0,0,0
2024-02-14 04:30,0,0,0,0,0,0
2024-02-14 04:45,1,1,0,0,0,0
2024-02-14 05:00,2,0,2,0,0,0
2024-02-14 05:15,1,1,0,0,0,0
2024-02-14 05:30,10,5,5,0,0,0
2024-02-14 05:45,13,7,6,0,0,0
2024-02-14 06:00,12,1,11,0,0,0
2024-02-14 06:15,19,8,11,0,0,0
2024-02-14 06:30,26,11,15,0,0,0
2024-02-14 06:45,41,23,18,0,0,0
2024-02-14 07:00,63,17,46,0,0,0
2024-02-14 07:15,91,30,61,0,0,0
2024-02-14 07:30,186,123,63,0,0,0
2024-02-14 07:45,179,76,103,0,0,0
2024-02-14 08:00,129,42,87,0,0,0
2024-02-14 08:15,108,47,61,0,0,0
2024-02-14 08:30,110,55,55,0,0,0
2024-02-14 08:45,146,72,74,0,0,0
2024-02-14 09:00,104,44,60,0,0,0
2024-02-14 09:15,83,45,38,0,0,0
2024-02-14 09:30,105,62,43,0,0,0
2024-02-14 09:45,106,68,38,0,0,0
2024-02-14 10:00,80,43,37,0,0,0
2024-02-14 10:15,80,38,42,0,0,0
2024-02-14 10:30,66,38,28,0,0,0
2024-02-14 10:45,86,57,29,0,0,0
2024-02-14 11:00,68,46,22,0,0,0
2024-02-14 11:15,90,31,59,0,0,0
2024-02-14 11:30,83,29,54,0,0,0
2024-02-14 11:45,111,57,54,0,0,0
2024-02-14 12:00,108,50,58,0,0,0
2024-02-14 12:15,84,38,46,0,0,0
2024-02-14 12:30,85,35,50,0,0,0
2024-02-14 12:45,102,51,51,0,0,0
2024-02-14 13:00,116,41,75,0,0,0
2024-02-14 13:15,97,37,60,0,0,0
2024-02-14 13:30,95,54,41,0,0,0
2024-02-14 13:45,88,31,57,0,0,0
2024-02-14 14:00,119,55,64,0,0,0
2024-02-14 14:15,108,49,59,0,0,0
2024-02-14 14:30,75,37,38,0,0,0
2024-02-14 14:45,101,51,50,0,0,0
2024-02-14 15:00,114,44,70,0,0,0
2024-02-14 15:15,87,38,49,0,0,0
2024-02-14 15:30,115,46,69,0,0,0
2024-02-14 15:45,137,67,70,0,0,0
2024-02-14 16:00,102,52,50,0,0,0
2024-02-14 16:15,99,45,54,0,0,0
2024-02-14 16:30,90,38,52,0,0,0
2024-02-14 16:45,111,62,49,0,0,0
2024-02-14 17:00,113,51,62,0,0,0
2024-02-14 17:15,96,50,46,0,0,0
2024-02-14 17:30,93,33,60,0,0,0
2024-02-14 17:45,90,52,38,0,0,0
2024-02-14 18:00,84,41,43,0,0,0
2024-02-14 18:15,88,48,40,0,0,0
2024-02-14 18:30,65,29,36,0,0,0
2024-02-14 18:45,73,37,36,0,0,0
2024-02-14 19:00,55,26,29,0,0,0
2024-02-14 19:15,49,28,21,0,0,0
2024-02-14 19:30,41,17,24,0,0,0
2024-02-14 19:45,49,18,31,0,0,0
2024-02-14 20:00,45,11,34,0,0,0
2024-02-14 20:15,43,17,26,0,0,0
2024-02-14 20:30,21,9,12,0,0,0
2024-02-14 20:45,27,13,14,0,0,0
2024-02-14 21:00,21,9,12,0,0,0
2024-02-14 21:15,24,7,17,0,0,0
2024-02-14 21:30,18,4,14,0,0,0
2024-02-14 21:45,15,3,12,0,0,0
2024-02-14 22:00,19,6,13,0,0,0
2024-02-14 22:15,26,14,12,0,0,0
2024-02-14 22:30,13,5,8,0,0,0
2024-02-14 22:45,10,5,5,0,0,0
2024-02-14 23:00,9,2,7,0,0,0
2024-02-14 23:15,10,4,6,0,0,0
2024-02-14 23:30,14,9,5,0,0,0
2024-02-14 23:45,17,7,10,0,0,0
