Datetime,100034982 (Hüfferstraße),101034982 (Hüfferstraße stadteinwärts),102034982 (Hüfferstraße stadtauswärts),100034982-status,101034982-status,102034982-status
2024-12-01 00:00,33,12,21,0,0,0
2024-12-01 00:15,19,6,13,0,0,0
2024-12-01 00:30,17,10,7,0,0,0
2024-12-01 00:45,12,3,9,0,0,0
2024-12-01 01:00,21,4,17,0,0,0
2024-12-01 01:15,6,0,6,0,0,0
2024-12-01 01:30,7,0,7,0,0,0
2024-12-01 01:45,12,0,12,0,0,0
2024-12-01 02:00,7,0,7,0,0,0
2024-12-01 02:15,5,0,5,0,0,0
2024-12-01 02:30,3,1,2,0,0,0
2024-12-01 02:45,9,0,9,0,0,0
2024-12-01 03:00,9,1,8,0,0,0
2024-12-01 03:15,6,0,6,0,0,0
2024-12-01 03:30,3,1,2,0,0,0
2024-12-01 03:45,8,0,8,0,0,0
2024-12-01 04:00,2,0,2,0,0,0
2024-12-01 04:15,4,0,4,0,0,0
2024-12-01 04:30,3,1,2,0,0,0
2024-12-01 04:45,2,0,2,0,0,0
2024-12-01 05:00,1,1,0,0,0,0
2024-12-01 05:15,2,0,2,0,0,0
2024-12-01 05:30,9,3,6,0,0,0
2024-12-01 05:45,7,2,5,0,0,0
2024-12-01 06:00,1,0,1,0,0,0
2024-12-01 06:15,5,3,2,0,0,0
2024-12-01 06:30,2,2,0,0,0,0
2024-12-01 06:45,5,3,2,0,0,0
2024-12-01 07:00,1,1,0,0,0,0
2024-12-01 07:15,4,2,2,0,0,0
2024-12-01 07:30,3,1,2,0,0,0
2024-12-01 07:45,11,3,8,0,0,0
2024-12-01 08:00,8,7,1,0,0,0
2024-12-01 08:15,3,3,0,0,0,0
2024-12-01 08:30,8,7,1,0,0,0
2024-12-01 08:45,13,8,5,0,0,0
2024-12-01 09:00,12,9,3,0,0,0
2024-12-01 09:15,21,12,9,0,0,0
2024-12-01 09:30,22,18,4,0,0,0
2024-12-01 09:45,30,18,12,0,0,0
2024-12-01 10:00,34,19,15,0,0,0
2024-12-01 10:15,33,24,9,0,0,0
2024-12-01 10:30,21,10,11,0,0,0
2024-12-01 10:45,41,24,17,0,0,0
2024-12-01 11:00,39,20,19,0,0,0
2024-12-01 11:15,36,21,15,0,0,0
2024-12-01 11:30,32,17,15,0,0,0
2024-12-01 11:45,56,22,34,0,0,0
2024-12-01 12:00,44,21,23,0,0,0
2024-12-01 12:15,48,24,24,0,0,0
2024-12-01 12:30,39,16,23,0,0,0
2024-12-01 12:45,38,14,24,0,0,0
2024-12-01 13:00,58,30,28,0,0,0
2024-12-01 13:15,54,20,34,0,0,0
2024-12-01 13:30,51,18,33,0,0,0
2024-12-01 13:45,73,25,48,0,0,0
2024-12-01 14:00,55,25,30,0,0,0
2024-12-01 14:15,79,28,51,0,0,0
2024-12-01 14:30,74,33,41,0,0,0
2024-12-01 14:45,72,30,42,0,0,0
2024-12-01 15:00,56,27,29,0,0,0
2024-12-01 15:15,73,24,49,0,0,0
2024-12-01 15:30,58,23,35,0,0,0
2024-12-01 15:45,66,32,34,0,0,0
2024-12-01 16:00,69,41,28,0,0,0
2024-12-01 16:15,70,34,36,0,0,0
2024-12-01 16:30,64,40,24,0,0,0
2024-12-01 16:45,79,34,45,0,0,0
2024-12-01 17:00,47,24,23,0,0,0
2024-12-01 17:15,68,46,22,0,0,0
2024-12-01 17:30,84,35,49,0,0,0
2024-12-01 17:45,67,25,42,0,0,0
2024-12-01 18:00,43,13,30,0,0,0
2024-12-01 18:15,52,18,34,0,0,0
2024-12-01 18:30,53,19,34,0,0,0
2024-12-01 18:45,55,17,38,0,0,0
2024-12-01 19:00,46,9,37,0,0,0
2024-12-01 19:15,45,8,37,0,0,0
2024-12-01 19:30,42,7,35,0,0,0
2024-12-01 19:45,44,12,32,0,0,0
2024-12-01 20:00,75,26,49,0,0,0
2024-12-01 20:15,44,9,35,0,0,0
2024-12-01 20:30,38,16,22,0,0,0
2024-12-01 20:45,23,10,13,0,0,0
2024-12-01 21:00,19,5,14,0,0,0
2024-12-01 21:15,23,7,16,0,0,0
2024-12-01 21:30,20,6,14,0,0,0
2024-12-01 21:45,16,4,12,0,0,0
2024-12-01 22:00,12,3,9,0,0,0
2024-12-01 22:15,18,3,15,0,0,0
2024-12-01 22:30,15,1,14,0,0,0
2024-12-01 22:45,7,2,5,0,0,0
2024-12-01 23:00,5,4,1,0,0,0
2024-12-01 23:15,9,3,6,0,0,0
2024-12-01 23:30,3,0,3,0,0,0
2024-12-01 23:45,6,4,2,0,0,0
2024-12-02 00:00,3,2,1,0,0,0
2024-12-02 00:15,3,0,3,0,0,0
2024-12-02 00:30,1,0,1,0,0,0
2024-12-02 00:45,1,0,1,0,0,0
2024-12-02 01:00,1,0,1,0,0,0
2024-12-02 01:15,1,0,1,0,0,0
2024-12-02 01:30,4,3,1,0,0,0
2024-12-02 01:45,0,0,0,0,0,0
2024-12-02 02:00,0,0,0,0,0,0
2024-12-02 02:15,1,0,1,0,0,0
2024-12-02 02:30,0,0,0,0,0,0
2024-12-02 02:45,0,0,0,0,0,0
2024-12-02 03:00,0,0,0,0,0,0
2024-12-02 03:15,0,0,0,0,0,0
2024-12-02 03:30,0,0,0,0,0,0
2024-12-02 03:45,0,0,0,0,0,0
2024-12-02 04:00,1,1,0,0,0,0
2024-12-02 04:15,0,0,0,0,0,0
2024-12-02 04:30,3,3,0,0,0,0
2024-12-02 04:45,0,0,0,0,0,0
2024-12-02 05:00,0,0,0,0,0,0
2024-12-02 05:15,0,0,0,0,0,0
2024-12-02 05:30,7,5,2,0,0,0
2024-12-02 05:45,13,3,10,0,0,0
2024-12-02 06:00,23,15,8,0,0,0
2024-12-02 06:15,18,8,10,0,0,0
2024-12-02 06:30,50,14,36,0,0,0
2024-12-02 06:45,43,12,31,0,0,0
2024-12-02 07:00,48,22,26,0,0,0
2024-12-02 07:15,82,37,45,0,0,0
2024-12-02 07:30,263,182,81,0,0,0
2024-12-02 07:45,227,103,124,0,0,0
2024-12-02 08:00,201,75,126,0,0,0
2024-12-02 08:15,210,81,129,0,0,0
2024-12-02 08:30,126,50,76,0,0,0
2024-12-02 08:45,128,57,71,0,0,0
2024-12-02 09:00,136,48,88,0,0,0
2024-12-02 09:15,90,44,46,0,0,0
2024-12-02 09:30,102,44,58,0,0,0
2024-12-02 09:45,200,65,135,0,0,0
2024-12-02 10:00,204,81,123,0,0,0
2024-12-02 10:15,90,47,43,0,0,0
2024-12-02 10:30,57,23,34,0,0,0
2024-12-02 10:45,80,41,39,0,0,0
2024-12-02 11:00,88,25,63,0,0,0
2024-12-02 11:15,82,38,44,0,0,0
2024-12-02 11:30,108,49,59,0,0,0
2024-12-02 11:45,153,76,77,0,0,0
2024-12-02 12:00,242,107,135,0,0,0
2024-12-02 12:15,103,27,76,0,0,0
2024-12-02 12:30,101,25,76,0,0,0
2024-12-02 12:45,116,41,75,0,0,0
2024-12-02 13:00,151,57,94,0,0,0
2024-12-02 13:15,142,52,90,0,0,0
2024-12-02 13:30,100,41,59,0,0,0
2024-12-02 13:45,255,93,162,0,0,0
2024-12-02 14:00,205,105,100,0,0,0
2024-12-02 14:15,118,65,53,0,0,0
2024-12-02 14:30,104,50,54,0,0,0
2024-12-02 14:45,134,72,62,0,0,0
2024-12-02 15:00,134,57,77,0,0,0
2024-12-02 15:15,131,79,52,0,0,0
2024-12-02 15:30,144,67,77,0,0,0
2024-12-02 15:45,340,190,150,0,0,0
2024-12-02 16:00,218,127,91,0,0,0
2024-12-02 16:15,174,99,75,0,0,0
2024-12-02 16:30,176,95,81,0,0,0
2024-12-02 16:45,164,85,79,0,0,0
2024-12-02 17:00,144,87,57,0,0,0
2024-12-02 17:15,167,85,82,0,0,0
2024-12-02 17:30,155,93,62,0,0,0
2024-12-02 17:45,196,117,79,0,0,0
2024-12-02 18:00,177,95,82,0,0,0
2024-12-02 18:15,152,76,76,0,0,0
2024-12-02 18:30,119,58,61,0,0,0
2024-12-02 18:45,115,49,66,0,0,0
2024-12-02 19:00,91,42,49,0,0,0
2024-12-02 19:15,119,63,56,0,0,0
2024-12-02 19:30,94,29,65,0,0,0
2024-12-02 19:45,123,33,90,0,0,0
2024-12-02 20:00,98,37,61,0,0,0
2024-12-02 20:15,67,13,54,0,0,0
2024-12-02 20:30,45,10,35,0,0,0
2024-12-02 20:45,47,19,28,0,0,0
2024-12-02 21:00,38,3,35,0,0,0
2024-12-02 21:15,43,17,26,0,0,0
2024-12-02 21:30,32,7,25,0,0,0
2024-12-02 21:45,43,9,34,0,0,0
2024-12-02 22:00,28,11,17,0,0,0
2024-12-02 22:15,27,15,12,0,0,0
2024-12-02 22:30,31,8,23,0,0,0
2024-12-02 22:45,32,9,23,0,0,0
2024-12-02 23:00,25,4,21,0,0,0
2024-12-02 23:15,19,5,14,0,0,0
2024-12-02 23:30,11,4,7,0,0,0
2024-12-02 23:45,5,1,4,0,0,0
2024-12-03 00:00,7,1,6,0,0,0
2024-12-03 00:15,3,1,2,0,0,0
2024-12-03 00:30,10,2,8,0,0,0
2024-12-03 00:45,2,0,2,0,0,0
2024-12-03 01:00,1,0,1,0,0,0
2024-12-03 01:15,3,3,0,0,0,0
2024-12-03 01:30,0,0,0,0,0,0
2024-12-03 01:45,0,0,0,0,0,0
2024-12-03 02:00,0,0,0,0,0,0
2024-12-03 02:15,1,0,1,0,0,0
2024-12-03 02:30,1,1,0,0,0,0
2024-12-03 02:45,1,0,1,0,0,0
2024-12-03 03:00,1,0,1,0,0,0
2024-12-03 03:15,0,0,0,0,0,0
2024-12-03 03:30,0,0,0,0,0,0
2024-12-03 03:45,0,0,0,0,0,0
2024-12-03 04:00,4,4,0,0,0,0
2024-12-03 04:15,1,1,0,0,0,0
2024-12-03 04:30,3,3,0,0,0,0
2024-12-03 04:45,0,0,0,0,0,0
2024-12-03 05:00,4,2,2,0,0,0
2024-12-03 05:15,4,1,3,0,0,0
2024-12-03 05:30,14,4,10,0,0,0
2024-12-03 05:45,16,5,11,0,0,0
2024-12-03 06:00,17,10,7,0,0,0
2024-12-03 06:15,16,7,9,0,0,0
2024-12-03 06:30,46,18,28,0,0,0
2024-12-03 06:45,52,16,36,0,0,0
2024-12-03 07:00,59,25,34,0,0,0
2024-12-03 07:15,97,45,52,0,0,0
2024-12-03 07:30,205,130,75,0,0,0
2024-12-03 07:45,225,64,161,0,0,0
2024-12-03 08:00,237,92,145,0,0,0
2024-12-03 08:15,178,63,115,0,0,0
2024-12-03 08:30,128,63,65,0,0,0
2024-12-03 08:45,165,59,106,0,0,0
2024-12-03 09:00,138,58,80,0,0,0
2024-12-03 09:15,84,34,50,0,0,0
2024-12-03 09:30,79,44,35,0,0,0
2024-12-03 09:45,198,68,130,0,0,0
2024-12-03 10:00,267,113,154,0,0,0
2024-12-03 10:15,71,24,47,0,0,0
2024-12-03 10:30,94,44,50,0,0,0
2024-12-03 10:45,69,37,32,0,0,0
2024-12-03 11:00,103,50,53,0,0,0
2024-12-03 11:15,90,42,48,0,0,0
2024-12-03 11:30,96,45,51,0,0,0
2024-12-03 11:45,230,109,121,0,0,0
2024-12-03 12:00,255,118,137,0,0,0
2024-12-03 12:15,159,50,109,0,0,0
2024-12-03 12:30,128,55,73,0,0,0
2024-12-03 12:45,152,75,77,0,0,0
2024-12-03 13:00,208,59,149,0,0,0
2024-12-03 13:15,165,43,122,0,0,0
2024-12-03 13:30,147,58,89,0,0,0
2024-12-03 13:45,312,134,178,0,0,0
2024-12-03 14:00,324,137,187,0,0,0
2024-12-03 14:15,163,70,93,0,0,0
2024-12-03 14:30,143,69,74,0,0,0
2024-12-03 14:45,183,85,98,0,0,0
2024-12-03 15:00,150,75,75,0,0,0
2024-12-03 15:15,111,54,57,0,0,0
2024-12-03 15:30,138,73,65,0,0,0
2024-12-03 15:45,349,213,136,0,0,0
2024-12-03 16:00,300,201,99,0,0,0
2024-12-03 16:15,187,106,81,0,0,0
2024-12-03 16:30,177,95,82,0,0,0
2024-12-03 16:45,187,117,70,0,0,0
2024-12-03 17:00,149,93,56,0,0,0
2024-12-03 17:15,186,108,78,0,0,0
2024-12-03 17:30,179,104,75,0,0,0
2024-12-03 17:45,218,113,105,0,0,0
2024-12-03 18:00,190,100,90,0,0,0
2024-12-03 18:15,140,64,76,0,0,0
2024-12-03 18:30,135,63,72,0,0,0
2024-12-03 18:45,131,53,78,0,0,0
2024-12-03 19:00,109,33,76,0,0,0
2024-12-03 19:15,91,34,57,0,0,0
2024-12-03 19:30,88,33,55,0,0,0
2024-12-03 19:45,127,47,80,0,0,0
2024-12-03 20:00,126,31,95,0,0,0
2024-12-03 20:15,104,23,81,0,0,0
2024-12-03 20:30,68,19,49,0,0,0
2024-12-03 20:45,63,19,44,0,0,0
2024-12-03 21:00,45,11,34,0,0,0
2024-12-03 21:15,47,10,37,0,0,0
2024-12-03 21:30,38,6,32,0,0,0
2024-12-03 21:45,42,7,35,0,0,0
2024-12-03 22:00,37,7,30,0,0,0
2024-12-03 22:15,53,19,34,0,0,0
2024-12-03 22:30,37,15,22,0,0,0
2024-12-03 22:45,30,4,26,0,0,0
2024-12-03 23:00,31,15,16,0,0,0
2024-12-03 23:15,21,5,16,0,0,0
2024-12-03 23:30,21,3,18,0,0,0
2024-12-03 23:45,12,3,9,0,0,0
2024-12-04 00:00,14,4,10,0,0,0
2024-12-04 00:15,5,2,3,0,0,0
2024-12-04 00:30,1,0,1,0,0,0
2024-12-04 00:45,3,2,1,0,0,0
2024-12-04 01:00,2,1,1,0,0,0
2024-12-04 01:15,4,0,4,0,0,0
2024-12-04 01:30,6,2,4,0,0,0
2024-12-04 01:45,0,0,0,0,0,0
2024-12-04 02:00,1,1,0,0,0,0
2024-12-04 02:15,1,0,1,0,0,0
2024-12-04 02:30,2,2,0,0,0,0
2024-12-04 02:45,0,0,0,0,0,0
2024-12-04 03:00,0,0,0,0,0,0
2024-12-04 03:15,0,0,0,0,0,0
2024-12-04 03:30,1,1,0,0,0,0
2024-12-04 03:45,0,0,0,0,0,0
2024-12-04 04:00,1,1,0,0,0,0
2024-12-04 04:15,1,1,0,0,0,0
2024-12-04 04:30,0,0,0,0,0,0
2024-12-04 04:45,1,1,0,0,0,0
2024-12-04 05:00,3,1,2,0,0,0
2024-12-04 05:15,3,1,2,0,0,0
2024-12-04 05:30,13,4,9,0,0,0
2024-12-04 05:45,11,2,9,0,0,0
2024-12-04 06:00,18,10,8,0,0,0
2024-12-04 06:15,13,6,7,0,0,0
2024-12-04 06:30,50,18,32,0,0,0
2024-12-04 06:45,60,24,36,0,0,0
2024-12-04 07:00,60,28,32,0,0,0
2024-12-04 07:15,97,42,55,0,0,0
2024-12-04 07:30,228,147,81,0,0,0
2024-12-04 07:45,277,111,166,0,0,0
2024-12-04 08:00,277,86,191,0,0,0
2024-12-04 08:15,198,79,119,0,0,0
2024-12-04 08:30,134,59,75,0,0,0
2024-12-04 08:45,153,57,96,0,0,0
2024-12-04 09:00,165,61,104,0,0,0
2024-12-04 09:15,108,47,61,0,0,0
2024-12-04 09:30,97,43,54,0,0,0
2024-12-04 09:45,214,87,127,0,0,0
2024-12-04 10:00,271,105,166,0,0,0
2024-12-04 10:15,113,53,60,0,0,0
2024-12-04 10:30,88,48,40,0,0,0
2024-12-04 10:45,102,56,46,0,0,0
2024-12-04 11:00,90,39,51,0,0,0
2024-12-04 11:15,107,41,66,0,0,0
2024-12-04 11:30,110,47,63,0,0,0
2024-12-04 11:45,226,94,132,0,0,0
2024-12-04 12:00,252,118,134,0,0,0
2024-12-04 12:15,177,81,96,0,0,0
2024-12-04 12:30,140,60,80,0,0,0
2024-12-04 12:45,162,55,107,0,0,0
2024-12-04 13:00,165,54,111,0,0,0
2024-12-04 13:15,176,68,108,0,0,0
2024-12-04 13:30,190,69,121,0,0,0
2024-12-04 13:45,267,125,142,0,0,0
2024-12-04 14:00,227,77,150,0,0,0
2024-12-04 14:15,145,60,85,0,0,0
2024-12-04 14:30,128,54,74,0,0,0
2024-12-04 14:45,143,56,87,0,0,0
2024-12-04 15:00,149,71,78,0,0,0
2024-12-04 15:15,166,87,79,0,0,0
2024-12-04 15:30,168,89,79,0,0,0
2024-12-04 15:45,241,120,121,0,0,0
2024-12-04 16:00,259,133,126,0,0,0
2024-12-04 16:15,183,100,83,0,0,0
2024-12-04 16:30,154,86,68,0,0,0
2024-12-04 16:45,204,98,106,0,0,0
2024-12-04 17:00,153,94,59,0,0,0
2024-12-04 17:15,188,91,97,0,0,0
2024-12-04 17:30,193,103,90,0,0,0
2024-12-04 17:45,215,115,100,0,0,0
2024-12-04 18:00,201,109,92,0,0,0
2024-12-04 18:15,184,93,91,0,0,0
2024-12-04 18:30,133,66,67,0,0,0
2024-12-04 18:45,115,49,66,0,0,0
2024-12-04 19:00,94,50,44,0,0,0
2024-12-04 19:15,93,37,56,0,0,0
2024-12-04 19:30,99,29,70,0,0,0
2024-12-04 19:45,118,40,78,0,0,0
2024-12-04 20:00,103,36,67,0,0,0
2024-12-04 20:15,110,34,76,0,0,0
2024-12-04 20:30,68,21,47,0,0,0
2024-12-04 20:45,56,19,37,0,0,0
2024-12-04 21:00,56,22,34,0,0,0
2024-12-04 21:15,59,20,39,0,0,0
2024-12-04 21:30,52,14,38,0,0,0
2024-12-04 21:45,40,8,32,0,0,0
2024-12-04 22:00,47,10,37,0,0,0
2024-12-04 22:15,49,18,31,0,0,0
2024-12-04 22:30,30,4,26,0,0,0
2024-12-04 22:45,38,7,31,0,0,0
2024-12-04 23:00,41,7,34,0,0,0
2024-12-04 23:15,40,12,28,0,0,0
2024-12-04 23:30,32,6,26,0,0,0
2024-12-04 23:45,22,4,18,0,0,0
2024-12-05 00:00,15,4,11,0,0,0
2024-12-05 00:15,15,1,14,0,0,0
2024-12-05 00:30,11,1,10,0,0,0
2024-12-05 00:45,11,9,2,0,0,0
2024-12-05 01:00,11,1,10,0,0,0
2024-12-05 01:15,4,4,0,0,0,0
2024-12-05 01:30,5,0,5,0,0,0
2024-12-05 01:45,4,0,4,0,0,0
2024-12-05 02:00,3,0,3,0,0,0
2024-12-05 02:15,4,1,3,0,0,0
2024-12-05 02:30,3,1,2,0,0,0
2024-12-05 02:45,2,0,2,0,0,0
2024-12-05 03:00,0,0,0,0,0,0
2024-12-05 03:15,4,1,3,0,0,0
2024-12-05 03:30,6,1,5,0,0,0
2024-12-05 03:45,4,0,4,0,0,0
2024-12-05 04:00,2,0,2,0,0,0
2024-12-05 04:15,4,1,3,0,0,0
2024-12-05 04:30,3,3,0,0,0,0
2024-12-05 04:45,2,1,1,0,0,0
2024-12-05 05:00,0,0,0,0,0,0
2024-12-05 05:15,6,1,5,0,0,0
2024-12-05 05:30,12,4,8,0,0,0
2024-12-05 05:45,12,1,11,0,0,0
2024-12-05 06:00,11,8,3,0,0,0
2024-12-05 06:15,13,4,9,0,0,0
2024-12-05 06:30,26,7,19,0,0,0
2024-12-05 06:45,61,24,37,0,0,0
2024-12-05 07:00,62,23,39,0,0,0
2024-12-05 07:15,76,35,41,0,0,0
2024-12-05 07:30,244,150,94,0,0,0
2024-12-05 07:45,284,101,183,0,0,0
2024-12-05 08:00,278,95,183,0,0,0
2024-12-05 08:15,165,70,95,0,0,0
2024-12-05 08:30,119,51,68,0,0,0
2024-12-05 08:45,194,70,124,0,0,0
2024-12-05 09:00,133,54,79,0,0,0
2024-12-05 09:15,83,33,50,0,0,0
2024-12-05 09:30,93,33,60,0,0,0
2024-12-05 09:45,194,76,118,0,0,0
2024-12-05 10:00,251,104,147,0,0,0
2024-12-05 10:15,103,49,54,0,0,0
2024-12-05 10:30,75,38,37,0,0,0
2024-12-05 10:45,96,54,42,0,0,0
2024-12-05 11:00,90,34,56,0,0,0
2024-12-05 11:15,90,37,53,0,0,0
2024-12-05 11:30,101,41,60,0,0,0
2024-12-05 11:45,241,131,110,0,0,0
2024-12-05 12:00,204,102,102,0,0,0
2024-12-05 12:15,153,41,112,0,0,0
2024-12-05 12:30,129,42,87,0,0,0
2024-12-05 12:45,126,53,73,0,0,0
2024-12-05 13:00,165,45,120,0,0,0
2024-12-05 13:15,133,47,86,0,0,0
2024-12-05 13:30,89,43,46,0,0,0
2024-12-05 13:45,192,81,111,0,0,0
2024-12-05 14:00,204,76,128,0,0,0
2024-12-05 14:15,124,62,62,0,0,0
2024-12-05 14:30,83,52,31,0,0,0
2024-12-05 14:45,116,54,62,0,0,0
2024-12-05 15:00,92,41,51,0,0,0
2024-12-05 15:15,110,51,59,0,0,0
2024-12-05 15:30,124,52,72,0,0,0
2024-12-05 15:45,218,111,107,0,0,0
2024-12-05 16:00,216,134,82,0,0,0
2024-12-05 16:15,154,94,60,0,0,0
2024-12-05 16:30,118,73,45,0,0,0
2024-12-05 16:45,147,100,47,0,0,0
2024-12-05 17:00,139,85,54,0,0,0
2024-12-05 17:15,160,103,57,0,0,0
2024-12-05 17:30,126,77,49,0,0,0
2024-12-05 17:45,190,115,75,0,0,0
2024-12-05 18:00,137,70,67,0,0,0
2024-12-05 18:15,125,67,58,0,0,0
2024-12-05 18:30,84,39,45,0,0,0
2024-12-05 18:45,93,36,57,0,0,0
2024-12-05 19:00,67,23,44,0,0,0
2024-12-05 19:15,59,26,33,0,0,0
2024-12-05 19:30,86,19,67,0,0,0
2024-12-05 19:45,86,33,53,0,0,0
2024-12-05 20:00,58,19,39,0,0,0
2024-12-05 20:15,75,12,63,0,0,0
2024-12-05 20:30,56,15,41,0,0,0
2024-12-05 20:45,40,18,22,0,0,0
2024-12-05 21:00,32,12,20,0,0,0
2024-12-05 21:15,38,6,32,0,0,0
2024-12-05 21:30,39,10,29,0,0,0
2024-12-05 21:45,34,4,30,0,0,0
2024-12-05 22:00,32,11,21,0,0,0
2024-12-05 22:15,43,15,28,0,0,0
2024-12-05 22:30,34,5,29,0,0,0
2024-12-05 22:45,29,2,27,0,0,0
2024-12-05 23:00,13,2,11,0,0,0
2024-12-05 23:15,24,7,17,0,0,0
2024-12-05 23:30,14,2,12,0,0,0
2024-12-05 23:45,14,2,12,0,0,0
2024-12-06 00:00,10,3,7,0,0,0
2024-12-06 00:15,8,2,6,0,0,0
2024-12-06 00:30,1,0,1,0,0,0
2024-12-06 00:45,5,0,5,0,0,0
2024-12-06 01:00,10,0,10,0,0,0
2024-12-06 01:15,4,2,2,0,0,0
2024-12-06 01:30,1,0,1,0,0,0
2024-12-06 01:45,6,0,6,0,0,0
2024-12-06 02:00,4,0,4,0,0,0
2024-12-06 02:15,1,0,1,0,0,0
2024-12-06 02:30,2,2,0,0,0,0
2024-12-06 02:45,1,1,0,0,0,0
2024-12-06 03:00,1,0,1,0,0,0
2024-12-06 03:15,1,1,0,0,0,0
2024-12-06 03:30,0,0,0,0,0,0
2024-12-06 03:45,2,2,0,0,0,0
2024-12-06 04:00,0,0,0,0,0,0
2024-12-06 04:15,0,0,0,0,0,0
2024-12-06 04:30,2,1,1,0,0,0
2024-12-06 04:45,2,2,0,0,0,0
2024-12-06 05:00,2,2,0,0,0,0
2024-12-06 05:15,3,1,2,0,0,0
2024-12-06 05:30,10,4,6,0,0,0
2024-12-06 05:45,7,0,7,0,0,0
2024-12-06 06:00,13,9,4,0,0,0
2024-12-06 06:15,12,4,8,0,0,0
2024-12-06 06:30,24,8,16,0,0,0
2024-12-06 06:45,51,17,34,0,0,0
2024-12-06 07:00,42,16,26,0,0,0
2024-12-06 07:15,71,27,44,0,0,0
2024-12-06 07:30,182,118,64,0,0,0
2024-12-06 07:45,173,54,119,0,0,0
2024-12-06 08:00,207,52,155,0,0,0
2024-12-06 08:15,119,29,90,0,0,0
2024-12-06 08:30,100,37,63,0,0,0
2024-12-06 08:45,106,42,64,0,0,0
2024-12-06 09:00,82,32,50,0,0,0
2024-12-06 09:15,69,25,44,0,0,0
2024-12-06 09:30,97,49,48,0,0,0
2024-12-06 09:45,129,38,91,0,0,0
2024-12-06 10:00,130,52,78,0,0,0
2024-12-06 10:15,61,29,32,0,0,0
2024-12-06 10:30,61,32,29,0,0,0
2024-12-06 10:45,51,14,37,0,0,0
2024-12-06 11:00,71,31,40,0,0,0
2024-12-06 11:15,52,29,23,0,0,0
2024-12-06 11:30,49,30,19,0,0,0
2024-12-06 11:45,122,67,55,0,0,0
2024-12-06 12:00,93,43,50,0,0,0
2024-12-06 12:15,84,47,37,0,0,0
2024-12-06 12:30,72,27,45,0,0,0
2024-12-06 12:45,88,33,55,0,0,0
2024-12-06 13:00,141,47,94,0,0,0
2024-12-06 13:15,103,30,73,0,0,0
2024-12-06 13:30,87,32,55,0,0,0
2024-12-06 13:45,85,42,43,0,0,0
2024-12-06 14:00,106,44,62,0,0,0
2024-12-06 14:15,83,52,31,0,0,0
2024-12-06 14:30,71,38,33,0,0,0
2024-12-06 14:45,87,44,43,0,0,0
2024-12-06 15:00,99,52,47,0,0,0
2024-12-06 15:15,73,40,33,0,0,0
2024-12-06 15:30,98,44,54,0,0,0
2024-12-06 15:45,102,51,51,0,0,0
2024-12-06 16:00,110,63,47,0,0,0
2024-12-06 16:15,82,53,29,0,0,0
2024-12-06 16:30,97,45,52,0,0,0
2024-12-06 16:45,86,49,37,0,0,0
2024-12-06 17:00,91,65,26,0,0,0
2024-12-06 17:15,79,47,32,0,0,0
2024-12-06 17:30,91,57,34,0,0,0
2024-12-06 17:45,89,58,31,0,0,0
2024-12-06 18:00,106,72,34,0,0,0
2024-12-06 18:15,72,33,39,0,0,0
2024-12-06 18:30,68,34,34,0,0,0
2024-12-06 18:45,81,30,51,0,0,0
2024-12-06 19:00,57,34,23,0,0,0
2024-12-06 19:15,47,21,26,0,0,0
2024-12-06 19:30,34,18,16,0,0,0
2024-12-06 19:45,48,20,28,0,0,0
2024-12-06 20:00,46,15,31,0,0,0
2024-12-06 20:15,41,13,28,0,0,0
2024-12-06 20:30,54,17,37,0,0,0
2024-12-06 20:45,38,15,23,0,0,0
2024-12-06 21:00,42,15,27,0,0,0
2024-12-06 21:15,52,8,44,0,0,0
2024-12-06 21:30,52,10,42,0,0,0
2024-12-06 21:45,43,7,36,0,0,0
2024-12-06 22:00,30,6,24,0,0,0
2024-12-06 22:15,25,4,21,0,0,0
2024-12-06 22:30,28,5,23,0,0,0
2024-12-06 22:45,27,7,20,0,0,0
2024-12-06 23:00,35,7,28,0,0,0
2024-12-06 23:15,29,5,24,0,0,0
2024-12-06 23:30,34,7,27,0,0,0
2024-12-06 23:45,30,7,23,0,0,0
2024-12-07 00:00,23,3,20,0,0,0
2024-12-07 00:15,16,7,9,0,0,0
2024-12-07 00:30,25,4,21,0,0,0
2024-12-07 00:45,13,4,9,0,0,0
2024-12-07 01:00,9,7,2,0,0,0
2024-12-07 01:15,20,2,18,0,0,0
2024-12-07 01:30,10,1,9,0,0,0
2024-12-07 01:45,11,7,4,0,0,0
2024-12-07 02:00,23,7,16,0,0,0
2024-12-07 02:15,14,8,6,0,0,0
2024-12-07 02:30,20,14,6,0,0,0
2024-12-07 02:45,11,4,7,0,0,0
2024-12-07 03:00,7,5,2,0,0,0
2024-12-07 03:15,17,14,3,0,0,0
2024-12-07 03:30,11,4,7,0,0,0
2024-12-07 03:45,11,6,5,0,0,0
2024-12-07 04:00,4,3,1,0,0,0
2024-12-07 04:15,3,3,0,0,0,0
2024-12-07 04:30,4,4,0,0,0,0
2024-12-07 04:45,4,0,4,0,0,0
2024-12-07 05:00,2,2,0,0,0,0
2024-12-07 05:15,3,3,0,0,0,0
2024-12-07 05:30,13,2,11,0,0,0
2024-12-07 05:45,6,1,5,0,0,0
2024-12-07 06:00,5,2,3,0,0,0
2024-12-07 06:15,3,1,2,0,0,0
2024-12-07 06:30,6,1,5,0,0,0
2024-12-07 06:45,14,7,7,0,0,0
2024-12-07 07:00,3,3,0,0,0,0
2024-12-07 07:15,5,4,1,0,0,0
2024-12-07 07:30,13,7,6,0,0,0
2024-12-07 07:45,20,10,10,0,0,0
2024-12-07 08:00,15,10,5,0,0,0
2024-12-07 08:15,12,7,5,0,0,0
2024-12-07 08:30,21,13,8,0,0,0
2024-12-07 08:45,48,25,23,0,0,0
2024-12-07 09:00,19,11,8,0,0,0
2024-12-07 09:15,39,24,15,0,0,0
2024-12-07 09:30,38,24,14,0,0,0
2024-12-07 09:45,61,49,12,0,0,0
2024-12-07 10:00,58,42,16,0,0,0
2024-12-07 10:15,41,32,9,0,0,0
2024-12-07 10:30,76,56,20,0,0,0
2024-12-07 10:45,70,50,20,0,0,0
2024-12-07 11:00,56,29,27,0,0,0
2024-12-07 11:15,80,42,38,0,0,0
2024-12-07 11:30,48,27,21,0,0,0
2024-12-07 11:45,86,55,31,0,0,0
2024-12-07 12:00,72,39,33,0,0,0
2024-12-07 12:15,82,37,45,0,0,0
2024-12-07 12:30,90,43,47,0,0,0
2024-12-07 12:45,81,41,40,0,0,0
2024-12-07 13:00,103,54,49,0,0,0
2024-12-07 13:15,83,43,40,0,0,0
2024-12-07 13:30,99,41,58,0,0,0
2024-12-07 13:45,89,33,56,0,0,0
2024-12-07 14:00,88,29,59,0,0,0
2024-12-07 14:15,91,38,53,0,0,0
2024-12-07 14:30,63,25,38,0,0,0
2024-12-07 14:45,81,46,35,0,0,0
2024-12-07 15:00,92,33,59,0,0,0
2024-12-07 15:15,67,29,38,0,0,0
2024-12-07 15:30,84,36,48,0,0,0
2024-12-07 15:45,92,43,49,0,0,0
2024-12-07 16:00,64,26,38,0,0,0
2024-12-07 16:15,75,33,42,0,0,0
2024-12-07 16:30,69,27,42,0,0,0
2024-12-07 16:45,75,23,52,0,0,0
2024-12-07 17:00,60,30,30,0,0,0
2024-12-07 17:15,53,24,29,0,0,0
2024-12-07 17:30,69,41,28,0,0,0
2024-12-07 17:45,88,39,49,0,0,0
2024-12-07 18:00,67,12,55,0,0,0
2024-12-07 18:15,77,45,32,0,0,0
2024-12-07 18:30,69,26,43,0,0,0
2024-12-07 18:45,67,28,39,0,0,0
2024-12-07 19:00,56,15,41,0,0,0
2024-12-07 19:15,59,19,40,0,0,0
2024-12-07 19:30,57,26,31,0,0,0
2024-12-07 19:45,48,21,27,0,0,0
2024-12-07 20:00,48,18,30,0,0,0
2024-12-07 20:15,30,6,24,0,0,0
2024-12-07 20:30,50,21,29,0,0,0
2024-12-07 20:45,34,3,31,0,0,0
2024-12-07 21:00,33,11,22,0,0,0
2024-12-07 21:15,28,3,25,0,0,0
2024-12-07 21:30,29,8,21,0,0,0
2024-12-07 21:45,16,2,14,0,0,0
2024-12-07 22:00,31,7,24,0,0,0
2024-12-07 22:15,23,5,18,0,0,0
2024-12-07 22:30,30,8,22,0,0,0
2024-12-07 22:45,23,1,22,0,0,0
2024-12-07 23:00,32,2,30,0,0,0
2024-12-07 23:15,27,2,25,0,0,0
2024-12-07 23:30,22,5,17,0,0,0
2024-12-07 23:45,30,8,22,0,0,0
2024-12-08 00:00,7,7,,0,0,
2024-12-08 00:15,4,4,,0,0,
2024-12-08 00:30,8,8,,0,0,
2024-12-08 00:45,7,7,,0,0,
2024-12-08 01:00,16,16,,0,0,
2024-12-08 01:15,5,5,,0,0,
2024-12-08 01:30,6,6,,0,0,
2024-12-08 01:45,5,5,,0,0,
2024-12-08 02:00,7,7,,0,0,
2024-12-08 02:15,0,0,,0,0,
2024-12-08 02:30,4,4,,0,0,
2024-12-08 02:45,3,3,,0,0,
2024-12-08 03:00,8,8,,0,0,
2024-12-08 03:15,2,2,,0,0,
2024-12-08 03:30,9,9,,0,0,
2024-12-08 03:45,6,6,,0,0,
2024-12-08 04:00,2,2,,0,0,
2024-12-08 04:15,6,6,,0,0,
2024-12-08 04:30,1,1,,0,0,
2024-12-08 04:45,1,1,,0,0,
2024-12-08 05:00,3,3,,0,0,
2024-12-08 05:15,2,2,,0,0,
2024-12-08 05:30,6,6,,0,0,
2024-12-08 05:45,1,1,,0,0,
2024-12-08 06:00,3,3,,0,0,
2024-12-08 06:15,1,1,,0,0,
2024-12-08 06:30,3,3,,0,0,
2024-12-08 06:45,3,3,,0,0,
2024-12-08 07:00,1,1,,0,0,
2024-12-08 07:15,6,6,,0,0,
2024-12-08 07:30,5,5,,0,0,
2024-12-08 07:45,2,2,,0,0,
2024-12-08 08:00,3,3,,0,0,
2024-12-08 08:15,0,0,,0,0,
2024-12-08 08:30,3,3,,0,0,
2024-12-08 08:45,12,12,,0,0,
2024-12-08 09:00,11,11,,0,0,
2024-12-08 09:15,10,10,,0,0,
2024-12-08 09:30,16,16,,0,0,
2024-12-08 09:45,28,28,,0,0,
2024-12-08 10:00,26,26,,0,0,
2024-12-08 10:15,17,17,,0,0,
2024-12-08 10:30,15,15,,0,0,
2024-12-08 10:45,29,29,,0,0,
2024-12-08 11:00,28,28,,0,0,
2024-12-08 11:15,20,20,,0,0,
2024-12-08 11:30,14,14,,0,0,
2024-12-08 11:45,14,14,,0,0,
2024-12-08 12:00,6,6,,0,0,
2024-12-08 12:15,25,25,,0,0,
2024-12-08 12:30,30,30,,0,0,
2024-12-08 12:45,15,15,,0,0,
2024-12-08 13:00,13,13,,0,0,
2024-12-08 13:15,20,20,,0,0,
2024-12-08 13:30,23,23,,0,0,
2024-12-08 13:45,26,26,,0,0,
2024-12-08 14:00,17,17,,0,0,
2024-12-08 14:15,22,22,,0,0,
2024-12-08 14:30,25,25,,0,0,
2024-12-08 14:45,36,36,,0,0,
2024-12-08 15:00,30,30,,0,0,
2024-12-08 15:15,43,43,,0,0,
2024-12-08 15:30,28,28,,0,0,
2024-12-08 15:45,53,53,,0,0,
2024-12-08 16:00,95,95,,0,0,
2024-12-08 16:15,93,93,,0,0,
2024-12-08 16:30,52,52,,0,0,
2024-12-08 16:45,31,31,,0,0,
2024-12-08 17:00,17,17,,0,0,
2024-12-08 17:15,44,44,,0,0,
2024-12-08 17:30,26,26,,0,0,
2024-12-08 17:45,31,31,,0,0,
2024-12-08 18:00,13,13,,0,0,
2024-12-08 18:15,19,19,,0,0,
2024-12-08 18:30,24,24,,0,0,
2024-12-08 18:45,30,30,,0,0,
2024-12-08 19:00,7,7,,0,0,
2024-12-08 19:15,7,7,,0,0,
2024-12-08 19:30,12,12,,0,0,
2024-12-08 19:45,15,15,,0,0,
2024-12-08 20:00,7,7,,0,0,
2024-12-08 20:15,8,8,,0,0,
2024-12-08 20:30,3,3,,0,0,
2024-12-08 20:45,7,7,,0,0,
2024-12-08 21:00,2,2,,0,0,
2024-12-08 21:15,8,8,,0,0,
2024-12-08 21:30,4,4,,0,0,
2024-12-08 21:45,4,4,,0,0,
2024-12-08 22:00,1,1,,0,0,
2024-12-08 22:15,7,7,,0,0,
2024-12-08 22:30,7,7,,0,0,
2024-12-08 22:45,4,4,,0,0,
2024-12-08 23:00,2,2,,0,0,
2024-12-08 23:15,0,0,,0,0,
2024-12-08 23:30,1,1,,0,0,
2024-12-08 23:45,3,3,,0,0,
2024-12-09 00:00,1,1,,0,0,
2024-12-09 00:15,2,2,,0,0,
2024-12-09 00:30,0,0,,0,0,
2024-12-09 00:45,1,1,,0,0,
2024-12-09 01:00,0,0,,0,0,
2024-12-09 01:15,1,1,,0,0,
2024-12-09 01:30,1,1,,0,0,
2024-12-09 01:45,1,1,,0,0,
2024-12-09 02:00,3,3,,0,0,
2024-12-09 02:15,1,1,,0,0,
2024-12-09 02:30,0,0,,0,0,
2024-12-09 02:45,0,0,,0,0,
2024-12-09 03:00,1,1,,0,0,
2024-12-09 03:15,0,0,,0,0,
2024-12-09 03:30,1,1,,0,0,
2024-12-09 03:45,0,0,,0,0,
2024-12-09 04:00,0,0,,0,0,
2024-12-09 04:15,0,0,,0,0,
2024-12-09 04:30,0,0,,0,0,
2024-12-09 04:45,2,2,,0,0,
2024-12-09 05:00,1,1,0,0,0,0
2024-12-09 05:15,2,0,2,0,0,0
2024-12-09 05:30,7,4,3,0,0,0
2024-12-09 05:45,6,3,3,0,0,0
2024-12-09 06:00,12,4,8,0,0,0
2024-12-09 06:15,19,2,17,0,0,0
2024-12-09 06:30,41,7,34,0,0,0
2024-12-09 06:45,43,17,26,0,0,0
2024-12-09 07:00,47,19,28,0,0,0
2024-12-09 07:15,82,35,47,0,0,0
2024-12-09 07:30,225,145,80,0,0,0
2024-12-09 07:45,248,93,155,0,0,0
2024-12-09 08:00,229,82,147,0,0,0
2024-12-09 08:15,182,69,113,0,0,0
2024-12-09 08:30,130,49,81,0,0,0
2024-12-09 08:45,133,45,88,0,0,0
2024-12-09 09:00,168,56,112,0,0,0
2024-12-09 09:15,75,29,46,0,0,0
2024-12-09 09:30,108,50,58,0,0,0
2024-12-09 09:45,187,75,112,0,0,0
2024-12-09 10:00,189,83,106,0,0,0
2024-12-09 10:15,96,46,50,0,0,0
2024-12-09 10:30,63,31,32,0,0,0
2024-12-09 10:45,64,29,35,0,0,0
2024-12-09 11:00,74,30,44,0,0,0
2024-12-09 11:15,64,33,31,0,0,0
2024-12-09 11:30,110,49,61,0,0,0
2024-12-09 11:45,182,98,84,0,0,0
2024-12-09 12:00,159,82,77,0,0,0
2024-12-09 12:15,140,50,90,0,0,0
2024-12-09 12:30,117,33,84,0,0,0
2024-12-09 12:45,103,42,61,0,0,0
2024-12-09 13:00,157,51,106,0,0,0
2024-12-09 13:15,167,46,121,0,0,0
2024-12-09 13:30,103,44,59,0,0,0
2024-12-09 13:45,193,75,118,0,0,0
2024-12-09 14:00,188,90,98,0,0,0
2024-12-09 14:15,102,57,45,0,0,0
2024-12-09 14:30,116,52,64,0,0,0
2024-12-09 14:45,135,58,77,0,0,0
2024-12-09 15:00,126,60,66,0,0,0
2024-12-09 15:15,126,75,51,0,0,0
2024-12-09 15:30,170,94,76,0,0,0
2024-12-09 15:45,263,138,125,0,0,0
2024-12-09 16:00,209,109,100,0,0,0
2024-12-09 16:15,170,85,85,0,0,0
2024-12-09 16:30,163,82,81,0,0,0
2024-12-09 16:45,159,88,71,0,0,0
2024-12-09 17:00,150,84,66,0,0,0
2024-12-09 17:15,162,77,85,0,0,0
2024-12-09 17:30,147,73,74,0,0,0
2024-12-09 17:45,244,142,102,0,0,0
2024-12-09 18:00,172,106,66,0,0,0
2024-12-09 18:15,130,61,69,0,0,0
2024-12-09 18:30,107,58,49,0,0,0
2024-12-09 18:45,105,35,70,0,0,0
2024-12-09 19:00,81,43,38,0,0,0
2024-12-09 19:15,88,45,43,0,0,0
2024-12-09 19:30,85,30,55,0,0,0
2024-12-09 19:45,134,32,102,0,0,0
2024-12-09 20:00,112,28,84,0,0,0
2024-12-09 20:15,77,17,60,0,0,0
2024-12-09 20:30,49,17,32,0,0,0
2024-12-09 20:45,57,19,38,0,0,0
2024-12-09 21:00,40,15,25,0,0,0
2024-12-09 21:15,39,13,26,0,0,0
2024-12-09 21:30,38,6,32,0,0,0
2024-12-09 21:45,42,10,32,0,0,0
2024-12-09 22:00,49,10,39,0,0,0
2024-12-09 22:15,47,21,26,0,0,0
2024-12-09 22:30,29,4,25,0,0,0
2024-12-09 22:45,13,4,9,0,0,0
2024-12-09 23:00,25,10,15,0,0,0
2024-12-09 23:15,16,5,11,0,0,0
2024-12-09 23:30,13,6,7,0,0,0
2024-12-09 23:45,11,7,4,0,0,0
2024-12-10 00:00,11,7,4,0,0,0
2024-12-10 00:15,6,1,5,0,0,0
2024-12-10 00:30,8,3,5,0,0,0
2024-12-10 00:45,0,0,0,0,0,0
2024-12-10 01:00,6,3,3,0,0,0
2024-12-10 01:15,1,1,0,0,0,0
2024-12-10 01:30,7,5,2,0,0,0
2024-12-10 01:45,4,4,0,0,0,0
2024-12-10 02:00,1,0,1,0,0,0
2024-12-10 02:15,0,0,0,0,0,0
2024-12-10 02:30,1,1,0,0,0,0
2024-12-10 02:45,3,0,3,0,0,0
2024-12-10 03:00,1,1,0,0,0,0
2024-12-10 03:15,0,0,0,0,0,0
2024-12-10 03:30,0,0,0,0,0,0
2024-12-10 03:45,1,1,0,0,0,0
2024-12-10 04:00,0,0,0,0,0,0
2024-12-10 04:15,0,0,0,0,0,0
2024-12-10 04:30,1,0,1,0,0,0
2024-12-10 04:45,1,1,0,0,0,0
2024-12-10 05:00,1,1,0,0,0,0
2024-12-10 05:15,4,2,2,0,0,0
2024-12-10 05:30,8,3,5,0,0,0
2024-12-10 05:45,14,5,9,0,0,0
2024-12-10 06:00,21,12,9,0,0,0
2024-12-10 06:15,10,5,5,0,0,0
2024-12-10 06:30,42,14,28,0,0,0
2024-12-10 06:45,50,18,32,0,0,0
2024-12-10 07:00,53,15,38,0,0,0
2024-12-10 07:15,96,42,54,0,0,0
2024-12-10 07:30,215,153,62,0,0,0
2024-12-10 07:45,268,84,184,0,0,0
2024-12-10 08:00,242,80,162,0,0,0
2024-12-10 08:15,175,74,101,0,0,0
2024-12-10 08:30,166,85,81,0,0,0
2024-12-10 08:45,181,71,110,0,0,0
2024-12-10 09:00,163,58,105,0,0,0
2024-12-10 09:15,86,31,55,0,0,0
2024-12-10 09:30,102,39,63,0,0,0
2024-12-10 09:45,201,70,131,0,0,0
2024-12-10 10:00,248,103,145,0,0,0
2024-12-10 10:15,87,46,41,0,0,0
2024-12-10 10:30,87,56,31,0,0,0
2024-12-10 10:45,86,41,45,0,0,0
2024-12-10 11:00,69,25,44,0,0,0
2024-12-10 11:15,76,41,35,0,0,0
2024-12-10 11:30,98,44,54,0,0,0
2024-12-10 11:45,265,109,156,0,0,0
2024-12-10 12:00,289,150,139,0,0,0
2024-12-10 12:15,151,51,100,0,0,0
2024-12-10 12:30,95,39,56,0,0,0
2024-12-10 12:45,164,70,94,0,0,0
2024-12-10 13:00,207,83,124,0,0,0
2024-12-10 13:15,158,41,117,0,0,0
2024-12-10 13:30,164,57,107,0,0,0
2024-12-10 13:45,346,148,198,0,0,0
2024-12-10 14:00,280,119,161,0,0,0
2024-12-10 14:15,141,68,73,0,0,0
2024-12-10 14:30,103,58,45,0,0,0
2024-12-10 14:45,150,57,93,0,0,0
2024-12-10 15:00,137,81,56,0,0,0
2024-12-10 15:15,173,76,97,0,0,0
2024-12-10 15:30,169,68,101,0,0,0
2024-12-10 15:45,341,212,129,0,0,0
2024-12-10 16:00,267,162,105,0,0,0
2024-12-10 16:15,227,141,86,0,0,0
2024-12-10 16:30,156,91,65,0,0,0
2024-12-10 16:45,179,99,80,0,0,0
2024-12-10 17:00,163,88,75,0,0,0
2024-12-10 17:15,207,123,84,0,0,0
2024-12-10 17:30,185,96,89,0,0,0
2024-12-10 17:45,218,115,103,0,0,0
2024-12-10 18:00,190,106,84,0,0,0
2024-12-10 18:15,138,59,79,0,0,0
2024-12-10 18:30,119,53,66,0,0,0
2024-12-10 18:45,115,41,74,0,0,0
2024-12-10 19:00,113,48,65,0,0,0
2024-12-10 19:15,82,31,51,0,0,0
2024-12-10 19:30,98,26,72,0,0,0
2024-12-10 19:45,115,32,83,0,0,0
2024-12-10 20:00,123,32,91,0,0,0
2024-12-10 20:15,75,13,62,0,0,0
2024-12-10 20:30,61,3,58,0,0,0
2024-12-10 20:45,52,11,41,0,0,0
2024-12-10 21:00,57,11,46,0,0,0
2024-12-10 21:15,49,13,36,0,0,0
2024-12-10 21:30,27,3,24,0,0,0
2024-12-10 21:45,32,3,29,0,0,0
2024-12-10 22:00,33,11,22,0,0,0
2024-12-10 22:15,43,14,29,0,0,0
2024-12-10 22:30,28,4,24,0,0,0
2024-12-10 22:45,25,5,20,0,0,0
2024-12-10 23:00,33,8,25,0,0,0
2024-12-10 23:15,22,9,13,0,0,0
2024-12-10 23:30,21,4,17,0,0,0
2024-12-10 23:45,8,2,6,0,0,0
2024-12-11 00:00,3,0,3,0,0,0
2024-12-11 00:15,9,4,5,0,0,0
2024-12-11 00:30,3,0,3,0,0,0
2024-12-11 00:45,7,3,4,0,0,0
2024-12-11 01:00,2,0,2,0,0,0
2024-12-11 01:15,2,2,0,0,0,0
2024-12-11 01:30,1,1,0,0,0,0
2024-12-11 01:45,5,2,3,0,0,0
2024-12-11 02:00,2,0,2,0,0,0
2024-12-11 02:15,2,1,1,0,0,0
2024-12-11 02:30,0,0,0,0,0,0
2024-12-11 02:45,2,1,1,0,0,0
2024-12-11 03:00,1,0,1,0,0,0
2024-12-11 03:15,0,0,0,0,0,0
2024-12-11 03:30,1,0,1,0,0,0
2024-12-11 03:45,2,1,1,0,0,0
2024-12-11 04:00,2,1,1,0,0,0
2024-12-11 04:15,0,0,0,0,0,0
2024-12-11 04:30,2,1,1,0,0,0
2024-12-11 04:45,2,2,0,0,0,0
2024-12-11 05:00,1,1,0,0,0,0
2024-12-11 05:15,3,1,2,0,0,0
2024-12-11 05:30,15,6,9,0,0,0
2024-12-11 05:45,10,2,8,0,0,0
2024-12-11 06:00,14,8,6,0,0,0
2024-12-11 06:15,20,9,11,0,0,0
2024-12-11 06:30,22,8,14,0,0,0
2024-12-11 06:45,64,19,45,0,0,0
2024-12-11 07:00,52,22,30,0,0,0
2024-12-11 07:15,89,42,47,0,0,0
2024-12-11 07:30,242,161,81,0,0,0
2024-12-11 07:45,263,101,162,0,0,0
2024-12-11 08:00,261,85,176,0,0,0
2024-12-11 08:15,166,75,91,0,0,0
2024-12-11 08:30,164,73,91,0,0,0
2024-12-11 08:45,143,71,72,0,0,0
2024-12-11 09:00,155,58,97,0,0,0
2024-12-11 09:15,105,35,70,0,0,0
2024-12-11 09:30,135,59,76,0,0,0
2024-12-11 09:45,201,99,102,0,0,0
2024-12-11 10:00,289,123,166,0,0,0
2024-12-11 10:15,132,61,71,0,0,0
2024-12-11 10:30,81,39,42,0,0,0
2024-12-11 10:45,108,46,62,0,0,0
2024-12-11 11:00,105,44,61,0,0,0
2024-12-11 11:15,92,39,53,0,0,0
2024-12-11 11:30,123,49,74,0,0,0
2024-12-11 11:45,232,103,129,0,0,0
2024-12-11 12:00,209,106,103,0,0,0
2024-12-11 12:15,179,68,111,0,0,0
2024-12-11 12:30,159,65,94,0,0,0
2024-12-11 12:45,143,64,79,0,0,0
2024-12-11 13:00,172,75,97,0,0,0
2024-12-11 13:15,185,68,117,0,0,0
2024-12-11 13:30,151,62,89,0,0,0
2024-12-11 13:45,241,84,157,0,0,0
2024-12-11 14:00,237,88,149,0,0,0
2024-12-11 14:15,141,55,86,0,0,0
2024-12-11 14:30,116,50,66,0,0,0
2024-12-11 14:45,118,54,64,0,0,0
2024-12-11 15:00,142,72,70,0,0,0
2024-12-11 15:15,143,74,69,0,0,0
2024-12-11 15:30,145,61,84,0,0,0
2024-12-11 15:45,207,110,97,0,0,0
2024-12-11 16:00,209,112,97,0,0,0
2024-12-11 16:15,178,87,91,0,0,0
2024-12-11 16:30,173,94,79,0,0,0
2024-12-11 16:45,169,95,74,0,0,0
2024-12-11 17:00,139,93,46,0,0,0
2024-12-11 17:15,160,80,80,0,0,0
2024-12-11 17:30,192,104,88,0,0,0
2024-12-11 17:45,256,138,118,0,0,0
2024-12-11 18:00,183,82,101,0,0,0
2024-12-11 18:15,151,64,87,0,0,0
2024-12-11 18:30,127,50,77,0,0,0
2024-12-11 18:45,127,73,54,0,0,0
2024-12-11 19:00,117,50,67,0,0,0
2024-12-11 19:15,104,35,69,0,0,0
2024-12-11 19:30,128,46,82,0,0,0
2024-12-11 19:45,93,30,63,0,0,0
2024-12-11 20:00,116,30,86,0,0,0
2024-12-11 20:15,103,15,88,0,0,0
2024-12-11 20:30,78,21,57,0,0,0
2024-12-11 20:45,85,36,49,0,0,0
2024-12-11 21:00,59,17,42,0,0,0
2024-12-11 21:15,66,13,53,0,0,0
2024-12-11 21:30,56,18,38,0,0,0
2024-12-11 21:45,45,16,29,0,0,0
2024-12-11 22:00,57,21,36,0,0,0
2024-12-11 22:15,52,16,36,0,0,0
2024-12-11 22:30,36,14,22,0,0,0
2024-12-11 22:45,68,26,42,0,0,0
2024-12-11 23:00,45,14,31,0,0,0
2024-12-11 23:15,35,20,15,0,0,0
2024-12-11 23:30,21,10,11,0,0,0
2024-12-11 23:45,13,5,8,0,0,0
2024-12-12 00:00,12,1,11,0,0,0
2024-12-12 00:15,13,3,10,0,0,0
2024-12-12 00:30,10,5,5,0,0,0
2024-12-12 00:45,16,4,12,0,0,0
2024-12-12 01:00,8,2,6,0,0,0
2024-12-12 01:15,11,0,11,0,0,0
2024-12-12 01:30,4,0,4,0,0,0
2024-12-12 01:45,5,1,4,0,0,0
2024-12-12 02:00,7,6,1,0,0,0
2024-12-12 02:15,4,2,2,0,0,0
2024-12-12 02:30,5,1,4,0,0,0
2024-12-12 02:45,3,2,1,0,0,0
2024-12-12 03:00,1,0,1,0,0,0
2024-12-12 03:15,0,0,0,0,0,0
2024-12-12 03:30,9,0,9,0,0,0
2024-12-12 03:45,9,1,8,0,0,0
2024-12-12 04:00,1,0,1,0,0,0
2024-12-12 04:15,1,1,0,0,0,0
2024-12-12 04:30,6,1,5,0,0,0
2024-12-12 04:45,1,1,0,0,0,0
2024-12-12 05:00,0,0,0,0,0,0
2024-12-12 05:15,0,0,0,0,0,0
2024-12-12 05:30,14,5,9,0,0,0
2024-12-12 05:45,16,2,14,0,0,0
2024-12-12 06:00,12,4,8,0,0,0
2024-12-12 06:15,13,10,3,0,0,0
2024-12-12 06:30,24,7,17,0,0,0
2024-12-12 06:45,51,16,35,0,0,0
2024-12-12 07:00,57,18,39,0,0,0
2024-12-12 07:15,91,36,55,0,0,0
2024-12-12 07:30,239,158,81,0,0,0
2024-12-12 07:45,245,80,165,0,0,0
2024-12-12 08:00,216,65,151,0,0,0
2024-12-12 08:15,190,82,108,0,0,0
2024-12-12 08:30,118,38,80,0,0,0
2024-12-12 08:45,173,70,103,0,0,0
2024-12-12 09:00,112,46,66,0,0,0
2024-12-12 09:15,95,34,61,0,0,0
2024-12-12 09:30,131,49,82,0,0,0
2024-12-12 09:45,186,68,118,0,0,0
2024-12-12 10:00,252,88,164,0,0,0
2024-12-12 10:15,106,44,62,0,0,0
2024-12-12 10:30,84,41,43,0,0,0
2024-12-12 10:45,94,43,51,0,0,0
2024-12-12 11:00,89,49,40,0,0,0
2024-12-12 11:15,87,43,44,0,0,0
2024-12-12 11:30,112,53,59,0,0,0
2024-12-12 11:45,185,89,96,0,0,0
2024-12-12 12:00,195,83,112,0,0,0
2024-12-12 12:15,172,49,123,0,0,0
2024-12-12 12:30,139,59,80,0,0,0
2024-12-12 12:45,119,50,69,0,0,0
2024-12-12 13:00,147,42,105,0,0,0
2024-12-12 13:15,158,46,112,0,0,0
2024-12-12 13:30,154,62,92,0,0,0
2024-12-12 13:45,181,97,84,0,0,0
2024-12-12 14:00,200,93,107,0,0,0
2024-12-12 14:15,156,75,81,0,0,0
2024-12-12 14:30,117,49,68,0,0,0
2024-12-12 14:45,121,46,75,0,0,0
2024-12-12 15:00,136,67,69,0,0,0
2024-12-12 15:15,128,58,70,0,0,0
2024-12-12 15:30,164,66,98,0,0,0
2024-12-12 15:45,237,123,114,0,0,0
2024-12-12 16:00,233,141,92,0,0,0
2024-12-12 16:15,149,82,67,0,0,0
2024-12-12 16:30,141,85,56,0,0,0
2024-12-12 16:45,156,90,66,0,0,0
2024-12-12 17:00,176,108,68,0,0,0
2024-12-12 17:15,153,81,72,0,0,0
2024-12-12 17:30,152,83,69,0,0,0
2024-12-12 17:45,245,147,98,0,0,0
2024-12-12 18:00,176,106,70,0,0,0
2024-12-12 18:15,164,91,73,0,0,0
2024-12-12 18:30,135,66,69,0,0,0
2024-12-12 18:45,130,61,69,0,0,0
2024-12-12 19:00,85,38,47,0,0,0
2024-12-12 19:15,106,57,49,0,0,0
2024-12-12 19:30,77,24,53,0,0,0
2024-12-12 19:45,106,36,70,0,0,0
2024-12-12 20:00,103,26,77,0,0,0
2024-12-12 20:15,85,19,66,0,0,0
2024-12-12 20:30,71,25,46,0,0,0
2024-12-12 20:45,46,15,31,0,0,0
2024-12-12 21:00,50,24,26,0,0,0
2024-12-12 21:15,49,18,31,0,0,0
2024-12-12 21:30,43,11,32,0,0,0
2024-12-12 21:45,58,10,48,0,0,0
2024-12-12 22:00,59,9,50,0,0,0
2024-12-12 22:15,51,14,37,0,0,0
2024-12-12 22:30,35,10,25,0,0,0
2024-12-12 22:45,25,6,19,0,0,0
2024-12-12 23:00,40,11,29,0,0,0
2024-12-12 23:15,19,7,12,0,0,0
2024-12-12 23:30,34,7,27,0,0,0
2024-12-12 23:45,27,8,19,0,0,0
2024-12-13 00:00,14,5,9,0,0,0
2024-12-13 00:15,12,3,9,0,0,0
2024-12-13 00:30,9,1,8,0,0,0
2024-12-13 00:45,6,1,5,0,0,0
2024-12-13 01:00,6,1,5,0,0,0
2024-12-13 01:15,7,1,6,0,0,0
2024-12-13 01:30,12,2,10,0,0,0
2024-12-13 01:45,5,3,2,0,0,0
2024-12-13 02:00,8,0,8,0,0,0
2024-12-13 02:15,2,0,2,0,0,0
2024-12-13 02:30,9,2,7,0,0,0
2024-12-13 02:45,12,0,12,0,0,0
2024-12-13 03:00,17,0,17,0,0,0
2024-12-13 03:15,4,0,4,0,0,0
2024-12-13 03:30,8,1,7,0,0,0
2024-12-13 03:45,9,0,9,0,0,0
2024-12-13 04:00,6,1,5,0,0,0
2024-12-13 04:15,3,0,3,0,0,0
2024-12-13 04:30,4,0,4,0,0,0
2024-12-13 04:45,3,3,0,0,0,0
2024-12-13 05:00,2,2,0,0,0,0
2024-12-13 05:15,11,1,10,0,0,0
2024-12-13 05:30,2,1,1,0,0,0
2024-12-13 05:45,22,5,17,0,0,0
2024-12-13 06:00,13,5,8,0,0,0
2024-12-13 06:15,16,5,11,0,0,0
2024-12-13 06:30,38,18,20,0,0,0
2024-12-13 06:45,32,15,17,0,0,0
2024-12-13 07:00,51,20,31,0,0,0
2024-12-13 07:15,86,40,46,0,0,0
2024-12-13 07:30,241,163,78,0,0,0
2024-12-13 07:45,226,81,145,0,0,0
2024-12-13 08:00,225,70,155,0,0,0
2024-12-13 08:15,129,51,78,0,0,0
2024-12-13 08:30,124,62,62,0,0,0
2024-12-13 08:45,131,58,73,0,0,0
2024-12-13 09:00,99,45,54,0,0,0
2024-12-13 09:15,81,42,39,0,0,0
2024-12-13 09:30,107,51,56,0,0,0
2024-12-13 09:45,202,87,115,0,0,0
2024-12-13 10:00,194,95,99,0,0,0
2024-12-13 10:15,106,59,47,0,0,0
2024-12-13 10:30,92,47,45,0,0,0
2024-12-13 10:45,75,42,33,0,0,0
2024-12-13 11:00,83,35,48,0,0,0
2024-12-13 11:15,100,58,42,0,0,0
2024-12-13 11:30,115,51,64,0,0,0
2024-12-13 11:45,198,130,68,0,0,0
2024-12-13 12:00,193,85,108,0,0,0
2024-12-13 12:15,153,79,74,0,0,0
2024-12-13 12:30,132,53,79,0,0,0
2024-12-13 12:45,140,62,78,0,0,0
2024-12-13 13:00,168,48,120,0,0,0
2024-12-13 13:15,145,40,105,0,0,0
2024-12-13 13:30,156,64,92,0,0,0
2024-12-13 13:45,181,94,87,0,0,0
2024-12-13 14:00,203,78,125,0,0,0
2024-12-13 14:15,146,73,73,0,0,0
2024-12-13 14:30,127,65,62,0,0,0
2024-12-13 14:45,158,69,89,0,0,0
2024-12-13 15:00,149,79,70,0,0,0
2024-12-13 15:15,164,80,84,0,0,0
2024-12-13 15:30,135,86,49,0,0,0
2024-12-13 15:45,184,108,76,0,0,0
2024-12-13 16:00,150,79,71,0,0,0
2024-12-13 16:15,147,94,53,0,0,0
2024-12-13 16:30,126,69,57,0,0,0
2024-12-13 16:45,149,82,67,0,0,0
2024-12-13 17:00,116,72,44,0,0,0
2024-12-13 17:15,156,87,69,0,0,0
2024-12-13 17:30,119,63,56,0,0,0
2024-12-13 17:45,149,81,68,0,0,0
2024-12-13 18:00,127,55,72,0,0,0
2024-12-13 18:15,122,63,59,0,0,0
2024-12-13 18:30,105,51,54,0,0,0
2024-12-13 18:45,107,66,41,0,0,0
2024-12-13 19:00,74,37,37,0,0,0
2024-12-13 19:15,107,48,59,0,0,0
2024-12-13 19:30,103,44,59,0,0,0
2024-12-13 19:45,67,23,44,0,0,0
2024-12-13 20:00,54,25,29,0,0,0
2024-12-13 20:15,84,21,63,0,0,0
2024-12-13 20:30,68,21,47,0,0,0
2024-12-13 20:45,51,19,32,0,0,0
2024-12-13 21:00,58,18,40,0,0,0
2024-12-13 21:15,48,15,33,0,0,0
2024-12-13 21:30,65,11,54,0,0,0
2024-12-13 21:45,43,10,33,0,0,0
2024-12-13 22:00,36,10,26,0,0,0
2024-12-13 22:15,38,10,28,0,0,0
2024-12-13 22:30,36,9,27,0,0,0
2024-12-13 22:45,41,6,35,0,0,0
2024-12-13 23:00,29,7,22,0,0,0
2024-12-13 23:15,22,10,12,0,0,0
2024-12-13 23:30,33,5,28,0,0,0
2024-12-13 23:45,48,16,32,0,0,0
2024-12-14 00:00,28,9,19,0,0,0
2024-12-14 00:15,26,7,19,0,0,0
2024-12-14 00:30,23,5,18,0,0,0
2024-12-14 00:45,11,1,10,0,0,0
2024-12-14 01:00,24,4,20,0,0,0
2024-12-14 01:15,11,1,10,0,0,0
2024-12-14 01:30,11,2,9,0,0,0
2024-12-14 01:45,11,3,8,0,0,0
2024-12-14 02:00,8,1,7,0,0,0
2024-12-14 02:15,19,3,16,0,0,0
2024-12-14 02:30,8,0,8,0,0,0
2024-12-14 02:45,16,7,9,0,0,0
2024-12-14 03:00,12,0,12,0,0,0
2024-12-14 03:15,7,5,2,0,0,0
2024-12-14 03:30,10,4,6,0,0,0
2024-12-14 03:45,8,3,5,0,0,0
2024-12-14 04:00,5,0,5,0,0,0
2024-12-14 04:15,5,1,4,0,0,0
2024-12-14 04:30,10,1,9,0,0,0
2024-12-14 04:45,1,0,1,0,0,0
2024-12-14 05:00,0,0,0,0,0,0
2024-12-14 05:15,1,1,0,0,0,0
2024-12-14 05:30,9,0,9,0,0,0
2024-12-14 05:45,5,2,3,0,0,0
2024-12-14 06:00,2,0,2,0,0,0
2024-12-14 06:15,9,3,6,0,0,0
2024-12-14 06:30,3,1,2,0,0,0
2024-12-14 06:45,12,7,5,0,0,0
2024-12-14 07:00,12,5,7,0,0,0
2024-12-14 07:15,9,8,1,0,0,0
2024-12-14 07:30,13,11,2,0,0,0
2024-12-14 07:45,17,10,7,0,0,0
2024-12-14 08:00,15,10,5,0,0,0
2024-12-14 08:15,19,15,4,0,0,0
2024-12-14 08:30,31,21,10,0,0,0
2024-12-14 08:45,33,23,10,0,0,0
2024-12-14 09:00,45,31,14,0,0,0
2024-12-14 09:15,34,20,14,0,0,0
2024-12-14 09:30,33,17,16,0,0,0
2024-12-14 09:45,97,72,25,0,0,0
2024-12-14 10:00,70,40,30,0,0,0
2024-12-14 10:15,77,51,26,0,0,0
2024-12-14 10:30,56,33,23,0,0,0
2024-12-14 10:45,87,61,26,0,0,0
2024-12-14 11:00,58,36,22,0,0,0
2024-12-14 11:15,80,53,27,0,0,0
2024-12-14 11:30,86,43,43,0,0,0
2024-12-14 11:45,81,53,28,0,0,0
2024-12-14 12:00,85,45,40,0,0,0
2024-12-14 12:15,83,42,41,0,0,0
2024-12-14 12:30,69,43,26,0,0,0
2024-12-14 12:45,74,38,36,0,0,0
2024-12-14 13:00,73,39,34,0,0,0
2024-12-14 13:15,72,35,37,0,0,0
2024-12-14 13:30,88,37,51,0,0,0
2024-12-14 13:45,85,34,51,0,0,0
2024-12-14 14:00,96,41,55,0,0,0
2024-12-14 14:15,65,30,35,0,0,0
2024-12-14 14:30,55,20,35,0,0,0
2024-12-14 14:45,73,40,33,0,0,0
2024-12-14 15:00,60,22,38,0,0,0
2024-12-14 15:15,80,38,42,0,0,0
2024-12-14 15:30,84,31,53,0,0,0
2024-12-14 15:45,117,60,57,0,0,0
2024-12-14 16:00,76,46,30,0,0,0
2024-12-14 16:15,78,38,40,0,0,0
2024-12-14 16:30,77,43,34,0,0,0
2024-12-14 16:45,54,31,23,0,0,0
2024-12-14 17:00,57,23,34,0,0,0
2024-12-14 17:15,65,33,32,0,0,0
2024-12-14 17:30,59,19,40,0,0,0
2024-12-14 17:45,88,50,38,0,0,0
2024-12-14 18:00,49,20,29,0,0,0
2024-12-14 18:15,90,29,61,0,0,0
2024-12-14 18:30,51,26,25,0,0,0
2024-12-14 18:45,45,25,20,0,0,0
2024-12-14 19:00,78,52,26,0,0,0
2024-12-14 19:15,77,34,43,0,0,0
2024-12-14 19:30,49,15,34,0,0,0
2024-12-14 19:45,46,23,23,0,0,0
2024-12-14 20:00,48,13,35,0,0,0
2024-12-14 20:15,36,6,30,0,0,0
2024-12-14 20:30,30,9,21,0,0,0
2024-12-14 20:45,24,2,22,0,0,0
2024-12-14 21:00,40,14,26,0,0,0
2024-12-14 21:15,55,13,42,0,0,0
2024-12-14 21:30,26,8,18,0,0,0
2024-12-14 21:45,52,8,44,0,0,0
2024-12-14 22:00,21,8,13,0,0,0
2024-12-14 22:15,39,5,34,0,0,0
2024-12-14 22:30,39,9,30,0,0,0
2024-12-14 22:45,33,2,31,0,0,0
2024-12-14 23:00,33,11,22,0,0,0
2024-12-14 23:15,15,4,11,0,0,0
2024-12-14 23:30,17,3,14,0,0,0
2024-12-14 23:45,13,1,12,0,0,0
2024-12-15 00:00,23,9,14,0,0,0
2024-12-15 00:15,7,2,5,0,0,0
2024-12-15 00:30,25,4,21,0,0,0
2024-12-15 00:45,14,0,14,0,0,0
2024-12-15 01:00,19,2,17,0,0,0
2024-12-15 01:15,21,4,17,0,0,0
2024-12-15 01:30,31,13,18,0,0,0
2024-12-15 01:45,18,7,11,0,0,0
2024-12-15 02:00,3,1,2,0,0,0
2024-12-15 02:15,14,7,7,0,0,0
2024-12-15 02:30,7,0,7,0,0,0
2024-12-15 02:45,6,4,2,0,0,0
2024-12-15 03:00,6,1,5,0,0,0
2024-12-15 03:15,2,1,1,0,0,0
2024-12-15 03:30,7,1,6,0,0,0
2024-12-15 03:45,0,0,0,0,0,0
2024-12-15 04:00,7,3,4,0,0,0
2024-12-15 04:15,4,0,4,0,0,0
2024-12-15 04:30,1,0,1,0,0,0
2024-12-15 04:45,2,0,2,0,0,0
2024-12-15 05:00,2,0,2,0,0,0
2024-12-15 05:15,1,0,1,0,0,0
2024-12-15 05:30,8,3,5,0,0,0
2024-12-15 05:45,3,2,1,0,0,0
2024-12-15 06:00,3,1,2,0,0,0
2024-12-15 06:15,6,1,5,0,0,0
2024-12-15 06:30,2,2,0,0,0,0
2024-12-15 06:45,7,3,4,0,0,0
2024-12-15 07:00,0,0,0,0,0,0
2024-12-15 07:15,5,3,2,0,0,0
2024-12-15 07:30,1,0,1,0,0,0
2024-12-15 07:45,4,1,3,0,0,0
2024-12-15 08:00,7,2,5,0,0,0
2024-12-15 08:15,7,2,5,0,0,0
2024-12-15 08:30,5,3,2,0,0,0
2024-12-15 08:45,15,5,10,0,0,0
2024-12-15 09:00,11,6,5,0,0,0
2024-12-15 09:15,12,8,4,0,0,0
2024-12-15 09:30,12,9,3,0,0,0
2024-12-15 09:45,40,23,17,0,0,0
2024-12-15 10:00,37,24,13,0,0,0
2024-12-15 10:15,23,17,6,0,0,0
2024-12-15 10:30,27,17,10,0,0,0
2024-12-15 10:45,33,25,8,0,0,0
2024-12-15 11:00,24,18,6,0,0,0
2024-12-15 11:15,32,14,18,0,0,0
2024-12-15 11:30,28,19,9,0,0,0
2024-12-15 11:45,44,19,25,0,0,0
2024-12-15 12:00,48,27,21,0,0,0
2024-12-15 12:15,50,20,30,0,0,0
2024-12-15 12:30,57,29,28,0,0,0
2024-12-15 12:45,31,16,15,0,0,0
2024-12-15 13:00,33,20,13,0,0,0
2024-12-15 13:15,45,27,18,0,0,0
2024-12-15 13:30,36,16,20,0,0,0
2024-12-15 13:45,67,33,34,0,0,0
2024-12-15 14:00,41,25,16,0,0,0
2024-12-15 14:15,57,24,33,0,0,0
2024-12-15 14:30,39,17,22,0,0,0
2024-12-15 14:45,81,39,42,0,0,0
2024-12-15 15:00,46,18,28,0,0,0
2024-12-15 15:15,38,15,23,0,0,0
2024-12-15 15:30,39,13,26,0,0,0
2024-12-15 15:45,77,31,46,0,0,0
2024-12-15 16:00,51,26,25,0,0,0
2024-12-15 16:15,47,22,25,0,0,0
2024-12-15 16:30,65,37,28,0,0,0
2024-12-15 16:45,64,33,31,0,0,0
2024-12-15 17:00,59,24,35,0,0,0
2024-12-15 17:15,44,19,25,0,0,0
2024-12-15 17:30,64,31,33,0,0,0
2024-12-15 17:45,60,33,27,0,0,0
2024-12-15 18:00,54,25,29,0,0,0
2024-12-15 18:15,77,23,54,0,0,0
2024-12-15 18:30,43,24,19,0,0,0
2024-12-15 18:45,61,20,41,0,0,0
2024-12-15 19:00,33,10,23,0,0,0
2024-12-15 19:15,42,13,29,0,0,0
2024-12-15 19:30,42,10,32,0,0,0
2024-12-15 19:45,42,8,34,0,0,0
2024-12-15 20:00,48,11,37,0,0,0
2024-12-15 20:15,29,6,23,0,0,0
2024-12-15 20:30,37,5,32,0,0,0
2024-12-15 20:45,24,4,20,0,0,0
2024-12-15 21:00,22,11,11,0,0,0
2024-12-15 21:15,19,7,12,0,0,0
2024-12-15 21:30,14,2,12,0,0,0
2024-12-15 21:45,28,9,19,0,0,0
2024-12-15 22:00,16,5,11,0,0,0
2024-12-15 22:15,19,1,18,0,0,0
2024-12-15 22:30,6,2,4,0,0,0
2024-12-15 22:45,23,8,15,0,0,0
2024-12-15 23:00,13,8,5,0,0,0
2024-12-15 23:15,3,1,2,0,0,0
2024-12-15 23:30,7,5,2,0,0,0
2024-12-15 23:45,5,1,4,0,0,0
2024-12-16 00:00,5,1,4,0,0,0
2024-12-16 00:15,2,0,2,0,0,0
2024-12-16 00:30,2,2,0,0,0,0
2024-12-16 00:45,0,0,0,0,0,0
2024-12-16 01:00,0,0,0,0,0,0
2024-12-16 01:15,1,0,1,0,0,0
2024-12-16 01:30,1,1,0,0,0,0
2024-12-16 01:45,0,0,0,0,0,0
2024-12-16 02:00,0,0,0,0,0,0
2024-12-16 02:15,2,2,0,0,0,0
2024-12-16 02:30,3,2,1,0,0,0
2024-12-16 02:45,0,0,0,0,0,0
2024-12-16 03:00,0,0,0,0,0,0
2024-12-16 03:15,2,0,2,0,0,0
2024-12-16 03:30,1,1,0,0,0,0
2024-12-16 03:45,0,0,0,0,0,0
2024-12-16 04:00,1,0,1,0,0,0
2024-12-16 04:15,0,0,0,0,0,0
2024-12-16 04:30,5,1,4,0,0,0
2024-12-16 04:45,1,1,0,0,0,0
2024-12-16 05:00,2,2,0,0,0,0
2024-12-16 05:15,2,2,0,0,0,0
2024-12-16 05:30,6,4,2,0,0,0
2024-12-16 05:45,13,3,10,0,0,0
2024-12-16 06:00,10,5,5,0,0,0
2024-12-16 06:15,18,5,13,0,0,0
2024-12-16 06:30,54,16,38,0,0,0
2024-12-16 06:45,50,20,30,0,0,0
2024-12-16 07:00,60,29,31,0,0,0
2024-12-16 07:15,92,32,60,0,0,0
2024-12-16 07:30,266,156,110,0,0,0
2024-12-16 07:45,215,89,126,0,0,0
2024-12-16 08:00,171,46,125,0,0,0
2024-12-16 08:15,154,62,92,0,0,0
2024-12-16 08:30,117,54,63,0,0,0
2024-12-16 08:45,154,50,104,0,0,0
2024-12-16 09:00,131,50,81,0,0,0
2024-12-16 09:15,90,30,60,0,0,0
2024-12-16 09:30,102,42,60,0,0,0
2024-12-16 09:45,195,95,100,0,0,0
2024-12-16 10:00,221,86,135,0,0,0
2024-12-16 10:15,84,40,44,0,0,0
2024-12-16 10:30,75,41,34,0,0,0
2024-12-16 10:45,102,54,48,0,0,0
2024-12-16 11:00,85,28,57,0,0,0
2024-12-16 11:15,78,36,42,0,0,0
2024-12-16 11:30,99,35,64,0,0,0
2024-12-16 11:45,212,108,104,0,0,0
2024-12-16 12:00,171,74,97,0,0,0
2024-12-16 12:15,138,43,95,0,0,0
2024-12-16 12:30,116,39,77,0,0,0
2024-12-16 12:45,126,52,74,0,0,0
2024-12-16 13:00,177,57,120,0,0,0
2024-12-16 13:15,137,38,99,0,0,0
2024-12-16 13:30,119,40,79,0,0,0
2024-12-16 13:45,192,84,108,0,0,0
2024-12-16 14:00,256,123,133,0,0,0
2024-12-16 14:15,119,58,61,0,0,0
2024-12-16 14:30,114,51,63,0,0,0
2024-12-16 14:45,112,58,54,0,0,0
2024-12-16 15:00,87,42,45,0,0,0
2024-12-16 15:15,117,46,71,0,0,0
2024-12-16 15:30,145,74,71,0,0,0
2024-12-16 15:45,224,123,101,0,0,0
2024-12-16 16:00,209,103,106,0,0,0
2024-12-16 16:15,204,110,94,0,0,0
2024-12-16 16:30,163,97,66,0,0,0
2024-12-16 16:45,157,82,75,0,0,0
2024-12-16 17:00,159,77,82,0,0,0
2024-12-16 17:15,173,100,73,0,0,0
2024-12-16 17:30,184,96,88,0,0,0
2024-12-16 17:45,230,123,107,0,0,0
2024-12-16 18:00,139,65,74,0,0,0
2024-12-16 18:15,134,57,77,0,0,0
2024-12-16 18:30,125,52,73,0,0,0
2024-12-16 18:45,122,48,74,0,0,0
2024-12-16 19:00,87,24,63,0,0,0
2024-12-16 19:15,59,26,33,0,0,0
2024-12-16 19:30,74,23,51,0,0,0
2024-12-16 19:45,90,28,62,0,0,0
2024-12-16 20:00,87,16,71,0,0,0
2024-12-16 20:15,84,13,71,0,0,0
2024-12-16 20:30,49,14,35,0,0,0
2024-12-16 20:45,35,4,31,0,0,0
2024-12-16 21:00,60,18,42,0,0,0
2024-12-16 21:15,43,11,32,0,0,0
2024-12-16 21:30,30,6,24,0,0,0
2024-12-16 21:45,27,11,16,0,0,0
2024-12-16 22:00,35,9,26,0,0,0
2024-12-16 22:15,20,7,13,0,0,0
2024-12-16 22:30,22,7,15,0,0,0
2024-12-16 22:45,26,7,19,0,0,0
2024-12-16 23:00,18,1,17,0,0,0
2024-12-16 23:15,48,32,16,0,0,0
2024-12-16 23:30,30,17,13,0,0,0
2024-12-16 23:45,19,9,10,0,0,0
2024-12-17 00:00,20,10,10,0,0,0
2024-12-17 00:15,6,3,3,0,0,0
2024-12-17 00:30,7,1,6,0,0,0
2024-12-17 00:45,7,0,7,0,0,0
2024-12-17 01:00,4,3,1,0,0,0
2024-12-17 01:15,4,1,3,0,0,0
2024-12-17 01:30,6,2,4,0,0,0
2024-12-17 01:45,2,2,0,0,0,0
2024-12-17 02:00,1,0,1,0,0,0
2024-12-17 02:15,0,0,0,0,0,0
2024-12-17 02:30,0,0,0,0,0,0
2024-12-17 02:45,1,0,1,0,0,0
2024-12-17 03:00,0,0,0,0,0,0
2024-12-17 03:15,1,0,1,0,0,0
2024-12-17 03:30,3,3,0,0,0,0
2024-12-17 03:45,0,0,0,0,0,0
2024-12-17 04:00,1,1,0,0,0,0
2024-12-17 04:15,1,1,0,0,0,0
2024-12-17 04:30,1,1,0,0,0,0
2024-12-17 04:45,2,2,0,0,0,0
2024-12-17 05:00,3,3,0,0,0,0
2024-12-17 05:15,2,2,0,0,0,0
2024-12-17 05:30,6,2,4,0,0,0
2024-12-17 05:45,14,4,10,0,0,0
2024-12-17 06:00,9,5,4,0,0,0
2024-12-17 06:15,10,2,8,0,0,0
2024-12-17 06:30,37,10,27,0,0,0
2024-12-17 06:45,43,15,28,0,0,0
2024-12-17 07:00,61,20,41,0,0,0
2024-12-17 07:15,98,51,47,0,0,0
2024-12-17 07:30,229,153,76,0,0,0
2024-12-17 07:45,233,70,163,0,0,0
2024-12-17 08:00,224,65,159,0,0,0
2024-12-17 08:15,186,67,119,0,0,0
2024-12-17 08:30,125,51,74,0,0,0
2024-12-17 08:45,207,72,135,0,0,0
2024-12-17 09:00,131,38,93,0,0,0
2024-12-17 09:15,92,46,46,0,0,0
2024-12-17 09:30,123,51,72,0,0,0
2024-12-17 09:45,227,84,143,0,0,0
2024-12-17 10:00,271,95,176,0,0,0
2024-12-17 10:15,102,42,60,0,0,0
2024-12-17 10:30,75,36,39,0,0,0
2024-12-17 10:45,88,56,32,0,0,0
2024-12-17 11:00,82,30,52,0,0,0
2024-12-17 11:15,121,75,46,0,0,0
2024-12-17 11:30,121,73,48,0,0,0
2024-12-17 11:45,245,102,143,0,0,0
2024-12-17 12:00,225,91,134,0,0,0
2024-12-17 12:15,146,77,69,0,0,0
2024-12-17 12:30,129,48,81,0,0,0
2024-12-17 12:45,150,80,70,0,0,0
2024-12-17 13:00,178,70,108,0,0,0
2024-12-17 13:15,169,58,111,0,0,0
2024-12-17 13:30,135,68,67,0,0,0
2024-12-17 13:45,312,135,177,0,0,0
2024-12-17 14:00,225,93,132,0,0,0
2024-12-17 14:15,144,63,81,0,0,0
2024-12-17 14:30,134,60,74,0,0,0
2024-12-17 14:45,139,57,82,0,0,0
2024-12-17 15:00,150,72,78,0,0,0
2024-12-17 15:15,136,75,61,0,0,0
2024-12-17 15:30,165,67,98,0,0,0
2024-12-17 15:45,293,191,102,0,0,0
2024-12-17 16:00,272,165,107,0,0,0
2024-12-17 16:15,200,107,93,0,0,0
2024-12-17 16:30,192,124,68,0,0,0
2024-12-17 16:45,198,112,86,0,0,0
2024-12-17 17:00,203,127,76,0,0,0
2024-12-17 17:15,177,93,84,0,0,0
2024-12-17 17:30,207,126,81,0,0,0
2024-12-17 17:45,268,158,110,0,0,0
2024-12-17 18:00,199,92,107,0,0,0
2024-12-17 18:15,139,78,61,0,0,0
2024-12-17 18:30,128,41,87,0,0,0
2024-12-17 18:45,135,60,75,0,0,0
2024-12-17 19:00,136,42,94,0,0,0
2024-12-17 19:15,112,37,75,0,0,0
2024-12-17 19:30,88,23,65,0,0,0
2024-12-17 19:45,109,22,87,0,0,0
2024-12-17 20:00,170,26,144,0,0,0
2024-12-17 20:15,105,20,85,0,0,0
2024-12-17 20:30,87,15,72,0,0,0
2024-12-17 20:45,63,6,57,0,0,0
2024-12-17 21:00,60,7,53,0,0,0
2024-12-17 21:15,51,22,29,0,0,0
2024-12-17 21:30,65,8,57,0,0,0
2024-12-17 21:45,58,9,49,0,0,0
2024-12-17 22:00,38,4,34,0,0,0
2024-12-17 22:15,42,7,35,0,0,0
2024-12-17 22:30,45,17,28,0,0,0
2024-12-17 22:45,40,11,29,0,0,0
2024-12-17 23:00,33,5,28,0,0,0
2024-12-17 23:15,34,7,27,0,0,0
2024-12-17 23:30,20,7,13,0,0,0
2024-12-17 23:45,21,5,16,0,0,0
2024-12-18 00:00,23,15,8,0,0,0
2024-12-18 00:15,13,1,12,0,0,0
2024-12-18 00:30,15,2,13,0,0,0
2024-12-18 00:45,10,2,8,0,0,0
2024-12-18 01:00,11,2,9,0,0,0
2024-12-18 01:15,10,6,4,0,0,0
2024-12-18 01:30,9,2,7,0,0,0
2024-12-18 01:45,8,6,2,0,0,0
2024-12-18 02:00,4,1,3,0,0,0
2024-12-18 02:15,4,0,4,0,0,0
2024-12-18 02:30,4,2,2,0,0,0
2024-12-18 02:45,2,0,2,0,0,0
2024-12-18 03:00,0,0,0,0,0,0
2024-12-18 03:15,1,0,1,0,0,0
2024-12-18 03:30,1,1,0,0,0,0
2024-12-18 03:45,1,0,1,0,0,0
2024-12-18 04:00,2,0,2,0,0,0
2024-12-18 04:15,3,1,2,0,0,0
2024-12-18 04:30,0,0,0,0,0,0
2024-12-18 04:45,1,1,0,0,0,0
2024-12-18 05:00,1,1,0,0,0,0
2024-12-18 05:15,4,2,2,0,0,0
2024-12-18 05:30,6,4,2,0,0,0
2024-12-18 05:45,15,4,11,0,0,0
2024-12-18 06:00,6,4,2,0,0,0
2024-12-18 06:15,14,9,5,0,0,0
2024-12-18 06:30,39,11,28,0,0,0
2024-12-18 06:45,44,18,26,0,0,0
2024-12-18 07:00,70,26,44,0,0,0
2024-12-18 07:15,93,38,55,0,0,0
2024-12-18 07:30,245,155,90,0,0,0
2024-12-18 07:45,236,100,136,0,0,0
2024-12-18 08:00,220,53,167,0,0,0
2024-12-18 08:15,147,60,87,0,0,0
2024-12-18 08:30,141,57,84,0,0,0
2024-12-18 08:45,159,70,89,0,0,0
2024-12-18 09:00,109,61,48,0,0,0
2024-12-18 09:15,96,45,51,0,0,0
2024-12-18 09:30,138,69,69,0,0,0
2024-12-18 09:45,214,125,89,0,0,0
2024-12-18 10:00,207,98,109,0,0,0
2024-12-18 10:15,132,66,66,0,0,0
2024-12-18 10:30,110,48,62,0,0,0
2024-12-18 10:45,116,60,56,0,0,0
2024-12-18 11:00,104,50,54,0,0,0
2024-12-18 11:15,129,59,70,0,0,0
2024-12-18 11:30,119,58,61,0,0,0
2024-12-18 11:45,212,99,113,0,0,0
2024-12-18 12:00,226,101,125,0,0,0
2024-12-18 12:15,185,80,105,0,0,0
2024-12-18 12:30,140,52,88,0,0,0
2024-12-18 12:45,189,63,126,0,0,0
2024-12-18 13:00,182,59,123,0,0,0
2024-12-18 13:15,163,71,92,0,0,0
2024-12-18 13:30,145,59,86,0,0,0
2024-12-18 13:45,239,100,139,0,0,0
2024-12-18 14:00,198,71,127,0,0,0
2024-12-18 14:15,149,66,83,0,0,0
2024-12-18 14:30,146,63,83,0,0,0
2024-12-18 14:45,138,61,77,0,0,0
2024-12-18 15:00,162,89,73,0,0,0
2024-12-18 15:15,198,94,104,0,0,0
2024-12-18 15:30,177,68,109,0,0,0
2024-12-18 15:45,269,124,145,0,0,0
2024-12-18 16:00,203,104,99,0,0,0
2024-12-18 16:15,165,70,95,0,0,0
2024-12-18 16:30,182,88,94,0,0,0
2024-12-18 16:45,185,101,84,0,0,0
2024-12-18 17:00,176,85,91,0,0,0
2024-12-18 17:15,165,81,84,0,0,0
2024-12-18 17:30,148,86,62,0,0,0
2024-12-18 17:45,223,124,99,0,0,0
2024-12-18 18:00,169,92,77,0,0,0
2024-12-18 18:15,160,87,73,0,0,0
2024-12-18 18:30,155,79,76,0,0,0
2024-12-18 18:45,120,63,57,0,0,0
2024-12-18 19:00,112,58,54,0,0,0
2024-12-18 19:15,137,57,80,0,0,0
2024-12-18 19:30,95,27,68,0,0,0
2024-12-18 19:45,107,27,80,0,0,0
2024-12-18 20:00,86,25,61,0,0,0
2024-12-18 20:15,80,22,58,0,0,0
2024-12-18 20:30,81,19,62,0,0,0
2024-12-18 20:45,68,17,51,0,0,0
2024-12-18 21:00,51,9,42,0,0,0
2024-12-18 21:15,64,13,51,0,0,0
2024-12-18 21:30,51,17,34,0,0,0
2024-12-18 21:45,41,8,33,0,0,0
2024-12-18 22:00,38,6,32,0,0,0
2024-12-18 22:15,37,6,31,0,0,0
2024-12-18 22:30,45,12,33,0,0,0
2024-12-18 22:45,61,17,44,0,0,0
2024-12-18 23:00,42,9,33,0,0,0
2024-12-18 23:15,42,13,29,0,0,0
2024-12-18 23:30,22,12,10,0,0,0
2024-12-18 23:45,22,11,11,0,0,0
2024-12-19 00:00,19,2,17,0,0,0
2024-12-19 00:15,26,5,21,0,0,0
2024-12-19 00:30,17,5,12,0,0,0
2024-12-19 00:45,8,5,3,0,0,0
2024-12-19 01:00,17,3,14,0,0,0
2024-12-19 01:15,8,2,6,0,0,0
2024-12-19 01:30,10,1,9,0,0,0
2024-12-19 01:45,12,2,10,0,0,0
2024-12-19 02:00,1,0,1,0,0,0
2024-12-19 02:15,7,0,7,0,0,0
2024-12-19 02:30,19,8,11,0,0,0
2024-12-19 02:45,9,1,8,0,0,0
2024-12-19 03:00,8,1,7,0,0,0
2024-12-19 03:15,6,0,6,0,0,0
2024-12-19 03:30,7,1,6,0,0,0
2024-12-19 03:45,8,3,5,0,0,0
2024-12-19 04:00,7,1,6,0,0,0
2024-12-19 04:15,6,1,5,0,0,0
2024-12-19 04:30,5,1,4,0,0,0
2024-12-19 04:45,4,1,3,0,0,0
2024-12-19 05:00,1,1,0,0,0,0
2024-12-19 05:15,2,0,2,0,0,0
2024-12-19 05:30,9,4,5,0,0,0
2024-12-19 05:45,23,7,16,0,0,0
2024-12-19 06:00,12,6,6,0,0,0
2024-12-19 06:15,12,2,10,0,0,0
2024-12-19 06:30,27,9,18,0,0,0
2024-12-19 06:45,37,12,25,0,0,0
2024-12-19 07:00,55,20,35,0,0,0
2024-12-19 07:15,84,34,50,0,0,0
2024-12-19 07:30,207,122,85,0,0,0
2024-12-19 07:45,183,61,122,0,0,0
2024-12-19 08:00,171,52,119,0,0,0
2024-12-19 08:15,145,57,88,0,0,0
2024-12-19 08:30,107,51,56,0,0,0
2024-12-19 08:45,131,46,85,0,0,0
2024-12-19 09:00,106,32,74,0,0,0
2024-12-19 09:15,73,39,34,0,0,0
2024-12-19 09:30,123,48,75,0,0,0
2024-12-19 09:45,152,70,82,0,0,0
2024-12-19 10:00,179,65,114,0,0,0
2024-12-19 10:15,98,39,59,0,0,0
2024-12-19 10:30,74,46,28,0,0,0
2024-12-19 10:45,70,31,39,0,0,0
2024-12-19 11:00,71,32,39,0,0,0
2024-12-19 11:15,90,49,41,0,0,0
2024-12-19 11:30,117,55,62,0,0,0
2024-12-19 11:45,178,101,77,0,0,0
2024-12-19 12:00,154,48,106,0,0,0
2024-12-19 12:15,119,33,86,0,0,0
2024-12-19 12:30,97,52,45,0,0,0
2024-12-19 12:45,131,51,80,0,0,0
2024-12-19 13:00,136,56,80,0,0,0
2024-12-19 13:15,137,55,82,0,0,0
2024-12-19 13:30,134,59,75,0,0,0
2024-12-19 13:45,202,93,109,0,0,0
2024-12-19 14:00,190,82,108,0,0,0
2024-12-19 14:15,133,69,64,0,0,0
2024-12-19 14:30,109,59,50,0,0,0
2024-12-19 14:45,123,60,63,0,0,0
2024-12-19 15:00,139,66,73,0,0,0
2024-12-19 15:15,144,76,68,0,0,0
2024-12-19 15:30,139,62,77,0,0,0
2024-12-19 15:45,206,107,99,0,0,0
2024-12-19 16:00,167,82,85,0,0,0
2024-12-19 16:15,128,73,55,0,0,0
2024-12-19 16:30,105,44,61,0,0,0
2024-12-19 16:45,127,65,62,0,0,0
2024-12-19 17:00,104,56,48,0,0,0
2024-12-19 17:15,157,82,75,0,0,0
2024-12-19 17:30,128,82,46,0,0,0
2024-12-19 17:45,165,105,60,0,0,0
2024-12-19 18:00,154,65,89,0,0,0
2024-12-19 18:15,126,70,56,0,0,0
2024-12-19 18:30,97,44,53,0,0,0
2024-12-19 18:45,102,45,57,0,0,0
2024-12-19 19:00,135,72,63,0,0,0
2024-12-19 19:15,85,38,47,0,0,0
2024-12-19 19:30,85,33,52,0,0,0
2024-12-19 19:45,72,14,58,0,0,0
2024-12-19 20:00,58,13,45,0,0,0
2024-12-19 20:15,77,18,59,0,0,0
2024-12-19 20:30,60,17,43,0,0,0
2024-12-19 20:45,45,23,22,0,0,0
2024-12-19 21:00,38,9,29,0,0,0
2024-12-19 21:15,24,5,19,0,0,0
2024-12-19 21:30,39,6,33,0,0,0
2024-12-19 21:45,36,7,29,0,0,0
2024-12-19 22:00,64,23,41,0,0,0
2024-12-19 22:15,31,8,23,0,0,0
2024-12-19 22:30,45,6,39,0,0,0
2024-12-19 22:45,22,3,19,0,0,0
2024-12-19 23:00,16,10,6,0,0,0
2024-12-19 23:15,26,5,21,0,0,0
2024-12-19 23:30,24,9,15,0,0,0
2024-12-19 23:45,24,4,20,0,0,0
