Datetime,100034982 (Hüfferstraße),101034982 (Hüfferstraße stadteinwärts),102034982 (Hüfferstraße stadtauswärts),100034982-status,101034982-status,102034982-status
2025-02-01 00:00,14,7,7,0,0,0
2025-02-01 00:15,27,14,13,0,0,0
2025-02-01 00:30,22,7,15,0,0,0
2025-02-01 00:45,26,10,16,0,0,0
2025-02-01 01:00,7,2,5,0,0,0
2025-02-01 01:15,12,4,8,0,0,0
2025-02-01 01:30,16,12,4,0,0,0
2025-02-01 01:45,9,5,4,0,0,0
2025-02-01 02:00,17,4,13,0,0,0
2025-02-01 02:15,17,12,5,0,0,0
2025-02-01 02:30,6,1,5,0,0,0
2025-02-01 02:45,6,4,2,0,0,0
2025-02-01 03:00,6,5,1,0,0,0
2025-02-01 03:15,5,0,5,0,0,0
2025-02-01 03:30,8,0,8,0,0,0
2025-02-01 03:45,7,2,5,0,0,0
2025-02-01 04:00,1,0,1,0,0,0
2025-02-01 04:15,1,0,1,0,0,0
2025-02-01 04:30,2,0,2,0,0,0
2025-02-01 04:45,6,0,6,0,0,0
2025-02-01 05:00,1,0,1,0,0,0
2025-02-01 05:15,5,1,4,0,0,0
2025-02-01 05:30,19,11,8,0,0,0
2025-02-01 05:45,5,0,5,0,0,0
2025-02-01 06:00,3,3,0,0,0,0
2025-02-01 06:15,2,2,0,0,0,0
2025-02-01 06:30,8,7,1,0,0,0
2025-02-01 06:45,15,10,5,0,0,0
2025-02-01 07:00,4,2,2,0,0,0
2025-02-01 07:15,13,5,8,0,0,0
2025-02-01 07:30,20,9,11,0,0,0
2025-02-01 07:45,30,26,4,0,0,0
2025-02-01 08:00,32,23,9,0,0,0
2025-02-01 08:15,32,16,16,0,0,0
2025-02-01 08:30,58,25,33,0,0,0
2025-02-01 08:45,51,27,24,0,0,0
2025-02-01 09:00,38,22,16,0,0,0
2025-02-01 09:15,47,33,14,0,0,0
2025-02-01 09:30,53,30,23,0,0,0
2025-02-01 09:45,98,52,46,0,0,0
2025-02-01 10:00,117,68,49,0,0,0
2025-02-01 10:15,99,60,39,0,0,0
2025-02-01 10:30,107,58,49,0,0,0
2025-02-01 10:45,110,61,49,0,0,0
2025-02-01 11:00,98,67,31,0,0,0
2025-02-01 11:15,97,71,26,0,0,0
2025-02-01 11:30,94,57,37,0,0,0
2025-02-01 11:45,143,82,61,0,0,0
2025-02-01 12:00,108,62,46,0,0,0
2025-02-01 12:15,115,66,49,0,0,0
2025-02-01 12:30,95,48,47,0,0,0
2025-02-01 12:45,165,86,79,0,0,0
2025-02-01 13:00,144,66,78,0,0,0
2025-02-01 13:15,120,66,54,0,0,0
2025-02-01 13:30,131,62,69,0,0,0
2025-02-01 13:45,121,63,58,0,0,0
2025-02-01 14:00,137,71,66,0,0,0
2025-02-01 14:15,122,56,66,0,0,0
2025-02-01 14:30,123,40,83,0,0,0
2025-02-01 14:45,109,53,56,0,0,0
2025-02-01 15:00,92,28,64,0,0,0
2025-02-01 15:15,108,33,75,0,0,0
2025-02-01 15:30,88,30,58,0,0,0
2025-02-01 15:45,72,23,49,0,0,0
2025-02-01 16:00,82,18,64,0,0,0
2025-02-01 16:15,119,38,81,0,0,0
2025-02-01 16:30,70,19,51,0,0,0
2025-02-01 16:45,98,40,58,0,0,0
2025-02-01 17:00,75,24,51,0,0,0
2025-02-01 17:15,88,34,54,0,0,0
2025-02-01 17:30,55,14,41,0,0,0
2025-02-01 17:45,68,33,35,0,0,0
2025-02-01 18:00,78,19,59,0,0,0
2025-02-01 18:15,64,27,37,0,0,0
2025-02-01 18:30,56,17,39,0,0,0
2025-02-01 18:45,65,27,38,0,0,0
2025-02-01 19:00,69,34,35,0,0,0
2025-02-01 19:15,60,26,34,0,0,0
2025-02-01 19:30,42,11,31,0,0,0
2025-02-01 19:45,39,16,23,0,0,0
2025-02-01 20:00,37,10,27,0,0,0
2025-02-01 20:15,44,15,29,0,0,0
2025-02-01 20:30,15,9,6,0,0,0
2025-02-01 20:45,33,13,20,0,0,0
2025-02-01 21:00,34,16,18,0,0,0
2025-02-01 21:15,40,23,17,0,0,0
2025-02-01 21:30,29,10,19,0,0,0
2025-02-01 21:45,27,7,20,0,0,0
2025-02-01 22:00,29,8,21,0,0,0
2025-02-01 22:15,29,10,19,0,0,0
2025-02-01 22:30,20,6,14,0,0,0
2025-02-01 22:45,18,4,14,0,0,0
2025-02-01 23:00,18,8,10,0,0,0
2025-02-01 23:15,15,4,11,0,0,0
2025-02-01 23:30,15,5,10,0,0,0
2025-02-01 23:45,14,4,10,0,0,0
2025-02-02 00:00,17,6,11,0,0,0
2025-02-02 00:15,14,4,10,0,0,0
2025-02-02 00:30,16,1,15,0,0,0
2025-02-02 00:45,20,4,16,0,0,0
2025-02-02 01:00,8,0,8,0,0,0
2025-02-02 01:15,8,2,6,0,0,0
2025-02-02 01:30,7,1,6,0,0,0
2025-02-02 01:45,9,1,8,0,0,0
2025-02-02 02:00,11,3,8,0,0,0
2025-02-02 02:15,6,0,6,0,0,0
2025-02-02 02:30,6,2,4,0,0,0
2025-02-02 02:45,10,6,4,0,0,0
2025-02-02 03:00,8,2,6,0,0,0
2025-02-02 03:15,5,1,4,0,0,0
2025-02-02 03:30,2,0,2,0,0,0
2025-02-02 03:45,5,0,5,0,0,0
2025-02-02 04:00,3,0,3,0,0,0
2025-02-02 04:15,4,0,4,0,0,0
2025-02-02 04:30,0,0,0,0,0,0
2025-02-02 04:45,3,2,1,0,0,0
2025-02-02 05:00,0,0,0,0,0,0
2025-02-02 05:15,2,2,0,0,0,0
2025-02-02 05:30,6,3,3,0,0,0
2025-02-02 05:45,5,0,5,0,0,0
2025-02-02 06:00,6,2,4,0,0,0
2025-02-02 06:15,0,0,0,0,0,0
2025-02-02 06:30,5,3,2,0,0,0
2025-02-02 06:45,6,5,1,0,0,0
2025-02-02 07:00,2,2,0,0,0,0
2025-02-02 07:15,5,4,1,0,0,0
2025-02-02 07:30,4,1,3,0,0,0
2025-02-02 07:45,21,15,6,0,0,0
2025-02-02 08:00,17,16,1,0,0,0
2025-02-02 08:15,7,4,3,0,0,0
2025-02-02 08:30,15,7,8,0,0,0
2025-02-02 08:45,17,11,6,0,0,0
2025-02-02 09:00,16,9,7,0,0,0
2025-02-02 09:15,8,8,0,0,0,0
2025-02-02 09:30,36,23,13,0,0,0
2025-02-02 09:45,52,23,29,0,0,0
2025-02-02 10:00,44,30,14,0,0,0
2025-02-02 10:15,36,24,12,0,0,0
2025-02-02 10:30,35,16,19,0,0,0
2025-02-02 10:45,39,24,15,0,0,0
2025-02-02 11:00,32,18,14,0,0,0
2025-02-02 11:15,28,15,13,0,0,0
2025-02-02 11:30,42,13,29,0,0,0
2025-02-02 11:45,42,8,34,0,0,0
2025-02-02 12:00,34,18,16,0,0,0
2025-02-02 12:15,45,21,24,0,0,0
2025-02-02 12:30,42,17,25,0,0,0
2025-02-02 12:45,58,24,34,0,0,0
2025-02-02 13:00,45,12,33,0,0,0
2025-02-02 13:15,41,19,22,0,0,0
2025-02-02 13:30,55,23,32,0,0,0
2025-02-02 13:45,65,28,37,0,0,0
2025-02-02 14:00,56,32,24,0,0,0
2025-02-02 14:15,78,25,53,0,0,0
2025-02-02 14:30,72,30,42,0,0,0
2025-02-02 14:45,47,16,31,0,0,0
2025-02-02 15:00,77,42,35,0,0,0
2025-02-02 15:15,81,41,40,0,0,0
2025-02-02 15:30,62,37,25,0,0,0
2025-02-02 15:45,52,27,25,0,0,0
2025-02-02 16:00,52,21,31,0,0,0
2025-02-02 16:15,57,28,29,0,0,0
2025-02-02 16:30,52,17,35,0,0,0
2025-02-02 16:45,67,31,36,0,0,0
2025-02-02 17:00,53,27,26,0,0,0
2025-02-02 17:15,49,29,20,0,0,0
2025-02-02 17:30,59,23,36,0,0,0
2025-02-02 17:45,62,26,36,0,0,0
2025-02-02 18:00,80,21,59,0,0,0
2025-02-02 18:15,39,13,26,0,0,0
2025-02-02 18:30,38,18,20,0,0,0
2025-02-02 18:45,32,12,20,0,0,0
2025-02-02 19:00,37,15,22,0,0,0
2025-02-02 19:15,35,11,24,0,0,0
2025-02-02 19:30,29,10,19,0,0,0
2025-02-02 19:45,30,13,17,0,0,0
2025-02-02 20:00,46,17,29,0,0,0
2025-02-02 20:15,39,12,27,0,0,0
2025-02-02 20:30,22,6,16,0,0,0
2025-02-02 20:45,28,7,21,0,0,0
2025-02-02 21:00,16,6,10,0,0,0
2025-02-02 21:15,24,4,20,0,0,0
2025-02-02 21:30,17,3,14,0,0,0
2025-02-02 21:45,17,7,10,0,0,0
2025-02-02 22:00,16,7,9,0,0,0
2025-02-02 22:15,6,1,5,0,0,0
2025-02-02 22:30,9,1,8,0,0,0
2025-02-02 22:45,12,6,6,0,0,0
2025-02-02 23:00,11,4,7,0,0,0
2025-02-02 23:15,13,5,8,0,0,0
2025-02-02 23:30,4,2,2,0,0,0
2025-02-02 23:45,2,1,1,0,0,0
2025-02-03 00:00,6,3,3,0,0,0
2025-02-03 00:15,2,0,2,0,0,0
2025-02-03 00:30,3,1,2,0,0,0
2025-02-03 00:45,2,0,2,0,0,0
2025-02-03 01:00,0,0,0,0,0,0
2025-02-03 01:15,2,2,0,0,0,0
2025-02-03 01:30,1,1,0,0,0,0
2025-02-03 01:45,2,0,2,0,0,0
2025-02-03 02:00,0,0,0,0,0,0
2025-02-03 02:15,0,0,0,0,0,0
2025-02-03 02:30,1,1,0,0,0,0
2025-02-03 02:45,0,0,0,0,0,0
2025-02-03 03:00,0,0,0,0,0,0
2025-02-03 03:15,0,0,0,0,0,0
2025-02-03 03:30,1,1,0,0,0,0
2025-02-03 03:45,0,0,0,0,0,0
2025-02-03 04:00,0,0,0,0,0,0
2025-02-03 04:15,2,2,0,0,0,0
2025-02-03 04:30,0,0,0,0,0,0
2025-02-03 04:45,2,2,0,0,0,0
2025-02-03 05:00,1,1,0,0,0,0
2025-02-03 05:15,6,2,4,0,0,0
2025-02-03 05:30,20,8,12,0,0,0
2025-02-03 05:45,22,10,12,0,0,0
2025-02-03 06:00,15,6,9,0,0,0
2025-02-03 06:15,21,5,16,0,0,0
2025-02-03 06:30,46,13,33,0,0,0
2025-02-03 06:45,74,23,51,0,0,0
2025-02-03 07:00,78,35,43,0,0,0
2025-02-03 07:15,114,55,59,0,0,0
2025-02-03 07:30,214,142,72,0,0,0
2025-02-03 07:45,231,127,104,0,0,0
2025-02-03 08:00,148,65,83,0,0,0
2025-02-03 08:15,133,66,67,0,0,0
2025-02-03 08:30,165,77,88,0,0,0
2025-02-03 08:45,205,81,124,0,0,0
2025-02-03 09:00,157,65,92,0,0,0
2025-02-03 09:15,137,53,84,0,0,0
2025-02-03 09:30,141,53,88,0,0,0
2025-02-03 09:45,110,66,44,0,0,0
2025-02-03 10:00,75,32,43,0,0,0
2025-02-03 10:15,70,25,45,0,0,0
2025-02-03 10:30,66,35,31,0,0,0
2025-02-03 10:45,85,55,30,0,0,0
2025-02-03 11:00,87,38,49,0,0,0
2025-02-03 11:15,102,49,53,0,0,0
2025-02-03 11:30,86,36,50,0,0,0
2025-02-03 11:45,121,45,76,0,0,0
2025-02-03 12:00,135,77,58,0,0,0
2025-02-03 12:15,115,49,66,0,0,0
2025-02-03 12:30,148,68,80,0,0,0
2025-02-03 12:45,105,39,66,0,0,0
2025-02-03 13:00,182,49,133,0,0,0
2025-02-03 13:15,131,32,99,0,0,0
2025-02-03 13:30,134,50,84,0,0,0
2025-02-03 13:45,114,65,49,0,0,0
2025-02-03 14:00,117,66,51,0,0,0
2025-02-03 14:15,140,64,76,0,0,0
2025-02-03 14:30,112,43,69,0,0,0
2025-02-03 14:45,125,54,71,0,0,0
2025-02-03 15:00,151,80,71,0,0,0
2025-02-03 15:15,182,132,50,0,0,0
2025-02-03 15:30,128,57,71,0,0,0
2025-02-03 15:45,173,100,73,0,0,0
2025-02-03 16:00,157,82,75,0,0,0
2025-02-03 16:15,157,72,85,0,0,0
2025-02-03 16:30,129,61,68,0,0,0
2025-02-03 16:45,155,75,80,0,0,0
2025-02-03 17:00,176,58,118,0,0,0
2025-02-03 17:15,163,70,93,0,0,0
2025-02-03 17:30,152,74,78,0,0,0
2025-02-03 17:45,121,65,56,0,0,0
2025-02-03 18:00,112,51,61,0,0,0
2025-02-03 18:15,98,44,54,0,0,0
2025-02-03 18:30,96,40,56,0,0,0
2025-02-03 18:45,84,29,55,0,0,0
2025-02-03 19:00,74,36,38,0,0,0
2025-02-03 19:15,60,31,29,0,0,0
2025-02-03 19:30,67,29,38,0,0,0
2025-02-03 19:45,49,20,29,0,0,0
2025-02-03 20:00,44,17,27,0,0,0
2025-02-03 20:15,40,16,24,0,0,0
2025-02-03 20:30,33,9,24,0,0,0
2025-02-03 20:45,32,10,22,0,0,0
2025-02-03 21:00,32,12,20,0,0,0
2025-02-03 21:15,28,7,21,0,0,0
2025-02-03 21:30,28,7,21,0,0,0
2025-02-03 21:45,43,9,34,0,0,0
2025-02-03 22:00,30,11,19,0,0,0
2025-02-03 22:15,33,10,23,0,0,0
2025-02-03 22:30,11,3,8,0,0,0
2025-02-03 22:45,19,5,14,0,0,0
2025-02-03 23:00,16,7,9,0,0,0
2025-02-03 23:15,9,5,4,0,0,0
2025-02-03 23:30,11,2,9,0,0,0
2025-02-03 23:45,13,6,7,0,0,0
2025-02-04 00:00,10,2,8,0,0,0
2025-02-04 00:15,1,0,1,0,0,0
2025-02-04 00:30,0,0,0,0,0,0
2025-02-04 00:45,1,0,1,0,0,0
2025-02-04 01:00,1,1,0,0,0,0
2025-02-04 01:15,1,0,1,0,0,0
2025-02-04 01:30,3,1,2,0,0,0
2025-02-04 01:45,1,0,1,0,0,0
2025-02-04 02:00,4,0,4,0,0,0
2025-02-04 02:15,0,0,0,0,0,0
2025-02-04 02:30,1,0,1,0,0,0
2025-02-04 02:45,3,3,0,0,0,0
2025-02-04 03:00,4,4,0,0,0,0
2025-02-04 03:15,0,0,0,0,0,0
2025-02-04 03:30,1,1,0,0,0,0
2025-02-04 03:45,1,1,0,0,0,0
2025-02-04 04:00,0,0,0,0,0,0
2025-02-04 04:15,0,0,0,0,0,0
2025-02-04 04:30,0,0,0,0,0,0
2025-02-04 04:45,3,1,2,0,0,0
2025-02-04 05:00,0,0,0,0,0,0
2025-02-04 05:15,3,2,1,0,0,0
2025-02-04 05:30,13,7,6,0,0,0
2025-02-04 05:45,16,4,12,0,0,0
2025-02-04 06:00,25,8,17,0,0,0
2025-02-04 06:15,28,9,19,0,0,0
2025-02-04 06:30,50,20,30,0,0,0
2025-02-04 06:45,83,16,67,0,0,0
2025-02-04 07:00,86,31,55,0,0,0
2025-02-04 07:15,91,43,48,0,0,0
2025-02-04 07:30,270,153,117,0,0,0
2025-02-04 07:45,270,149,121,0,0,0
2025-02-04 08:00,161,77,84,0,0,0
2025-02-04 08:15,203,84,119,0,0,0
2025-02-04 08:30,144,64,80,0,0,0
2025-02-04 08:45,184,73,111,0,0,0
2025-02-04 09:00,129,59,70,0,0,0
2025-02-04 09:15,108,57,51,0,0,0
2025-02-04 09:30,111,50,61,0,0,0
2025-02-04 09:45,126,60,66,0,0,0
2025-02-04 10:00,58,25,33,0,0,0
2025-02-04 10:15,74,25,49,0,0,0
2025-02-04 10:30,81,38,43,0,0,0
2025-02-04 10:45,91,43,48,0,0,0
2025-02-04 11:00,84,45,39,0,0,0
2025-02-04 11:15,78,35,43,0,0,0
2025-02-04 11:30,83,43,40,0,0,0
2025-02-04 11:45,120,70,50,0,0,0
2025-02-04 12:00,134,56,78,0,0,0
2025-02-04 12:15,107,43,64,0,0,0
2025-02-04 12:30,96,45,51,0,0,0
2025-02-04 12:45,110,39,71,0,0,0
2025-02-04 13:00,137,43,94,0,0,0
2025-02-04 13:15,144,31,113,0,0,0
2025-02-04 13:30,129,60,69,0,0,0
2025-02-04 13:45,96,43,53,0,0,0
2025-02-04 14:00,115,49,66,0,0,0
2025-02-04 14:15,140,69,71,0,0,0
2025-02-04 14:30,98,54,44,0,0,0
2025-02-04 14:45,120,45,75,0,0,0
2025-02-04 15:00,116,57,59,0,0,0
2025-02-04 15:15,117,69,48,0,0,0
2025-02-04 15:30,140,77,63,0,0,0
2025-02-04 15:45,133,75,58,0,0,0
2025-02-04 16:00,144,86,58,0,0,0
2025-02-04 16:15,150,81,69,0,0,0
2025-02-04 16:30,173,84,89,0,0,0
2025-02-04 16:45,152,70,82,0,0,0
2025-02-04 17:00,143,82,61,0,0,0
2025-02-04 17:15,151,71,80,0,0,0
2025-02-04 17:30,130,55,75,0,0,0
2025-02-04 17:45,133,61,72,0,0,0
2025-02-04 18:00,128,49,79,0,0,0
2025-02-04 18:15,108,36,72,0,0,0
2025-02-04 18:30,93,36,57,0,0,0
2025-02-04 18:45,117,45,72,0,0,0
2025-02-04 19:00,86,43,43,0,0,0
2025-02-04 19:15,58,20,38,0,0,0
2025-02-04 19:30,68,27,41,0,0,0
2025-02-04 19:45,63,26,37,0,0,0
2025-02-04 20:00,51,16,35,0,0,0
2025-02-04 20:15,37,19,18,0,0,0
2025-02-04 20:30,39,14,25,0,0,0
2025-02-04 20:45,33,15,18,0,0,0
2025-02-04 21:00,25,8,17,0,0,0
2025-02-04 21:15,27,12,15,0,0,0
2025-02-04 21:30,25,7,18,0,0,0
2025-02-04 21:45,23,3,20,0,0,0
2025-02-04 22:00,34,5,29,0,0,0
2025-02-04 22:15,27,9,18,0,0,0
2025-02-04 22:30,41,11,30,0,0,0
2025-02-04 22:45,25,6,19,0,0,0
2025-02-04 23:00,22,6,16,0,0,0
2025-02-04 23:15,16,3,13,0,0,0
2025-02-04 23:30,14,4,10,0,0,0
2025-02-04 23:45,14,7,7,0,0,0
2025-02-05 00:00,6,4,2,0,0,0
2025-02-05 00:15,5,4,1,0,0,0
2025-02-05 00:30,4,0,4,0,0,0
2025-02-05 00:45,2,0,2,0,0,0
2025-02-05 01:00,9,1,8,0,0,0
2025-02-05 01:15,5,3,2,0,0,0
2025-02-05 01:30,2,1,1,0,0,0
2025-02-05 01:45,2,2,0,0,0,0
2025-02-05 02:00,2,2,0,0,0,0
2025-02-05 02:15,1,0,1,0,0,0
2025-02-05 02:30,2,2,0,0,0,0
2025-02-05 02:45,2,2,0,0,0,0
2025-02-05 03:00,6,5,1,0,0,0
2025-02-05 03:15,2,2,0,0,0,0
2025-02-05 03:30,1,0,1,0,0,0
2025-02-05 03:45,1,1,0,0,0,0
2025-02-05 04:00,5,3,2,0,0,0
2025-02-05 04:15,0,0,0,0,0,0
2025-02-05 04:30,2,1,1,0,0,0
2025-02-05 04:45,5,3,2,0,0,0
2025-02-05 05:00,1,1,0,0,0,0
2025-02-05 05:15,1,0,1,0,0,0
2025-02-05 05:30,24,11,13,0,0,0
2025-02-05 05:45,16,2,14,0,0,0
2025-02-05 06:00,13,7,6,0,0,0
2025-02-05 06:15,19,7,12,0,0,0
2025-02-05 06:30,50,12,38,0,0,0
2025-02-05 06:45,77,25,52,0,0,0
2025-02-05 07:00,65,22,43,0,0,0
2025-02-05 07:15,118,50,68,0,0,0
2025-02-05 07:30,247,155,92,0,0,0
2025-02-05 07:45,278,143,135,0,0,0
2025-02-05 08:00,169,68,101,0,0,0
2025-02-05 08:15,191,80,111,0,0,0
2025-02-05 08:30,137,69,68,0,0,0
2025-02-05 08:45,203,102,101,0,0,0
2025-02-05 09:00,114,50,64,0,0,0
2025-02-05 09:15,127,76,51,0,0,0
2025-02-05 09:30,112,51,61,0,0,0
2025-02-05 09:45,136,61,75,0,0,0
2025-02-05 10:00,116,49,67,0,0,0
2025-02-05 10:15,107,58,49,0,0,0
2025-02-05 10:30,65,44,21,0,0,0
2025-02-05 10:45,125,67,58,0,0,0
2025-02-05 11:00,85,38,47,0,0,0
2025-02-05 11:15,109,51,58,0,0,0
2025-02-05 11:30,96,37,59,0,0,0
2025-02-05 11:45,141,82,59,0,0,0
2025-02-05 12:00,140,61,79,0,0,0
2025-02-05 12:15,161,81,80,0,0,0
2025-02-05 12:30,119,35,84,0,0,0
2025-02-05 12:45,124,48,76,0,0,0
2025-02-05 13:00,140,43,97,0,0,0
2025-02-05 13:15,157,50,107,0,0,0
2025-02-05 13:30,131,57,74,0,0,0
2025-02-05 13:45,127,72,55,0,0,0
2025-02-05 14:00,130,45,85,0,0,0
2025-02-05 14:15,147,77,70,0,0,0
2025-02-05 14:30,136,80,56,0,0,0
2025-02-05 14:45,134,72,62,0,0,0
2025-02-05 15:00,133,57,76,0,0,0
2025-02-05 15:15,143,62,81,0,0,0
2025-02-05 15:30,151,53,98,0,0,0
2025-02-05 15:45,139,65,74,0,0,0
2025-02-05 16:00,149,81,68,0,0,0
2025-02-05 16:15,154,76,78,0,0,0
2025-02-05 16:30,120,51,69,0,0,0
2025-02-05 16:45,130,68,62,0,0,0
2025-02-05 17:00,123,63,60,0,0,0
2025-02-05 17:15,147,96,51,0,0,0
2025-02-05 17:30,139,55,84,0,0,0
2025-02-05 17:45,173,80,93,0,0,0
2025-02-05 18:00,163,90,73,0,0,0
2025-02-05 18:15,118,60,58,0,0,0
2025-02-05 18:30,88,40,48,0,0,0
2025-02-05 18:45,99,54,45,0,0,0
2025-02-05 19:00,93,37,56,0,0,0
2025-02-05 19:15,68,28,40,0,0,0
2025-02-05 19:30,79,25,54,0,0,0
2025-02-05 19:45,69,29,40,0,0,0
2025-02-05 20:00,85,28,57,0,0,0
2025-02-05 20:15,52,19,33,0,0,0
2025-02-05 20:30,43,15,28,0,0,0
2025-02-05 20:45,43,15,28,0,0,0
2025-02-05 21:00,31,10,21,0,0,0
2025-02-05 21:15,28,10,18,0,0,0
2025-02-05 21:30,45,11,34,0,0,0
2025-02-05 21:45,33,4,29,0,0,0
2025-02-05 22:00,31,4,27,0,0,0
2025-02-05 22:15,32,7,25,0,0,0
2025-02-05 22:30,28,10,18,0,0,0
2025-02-05 22:45,18,4,14,0,0,0
2025-02-05 23:00,10,1,9,0,0,0
2025-02-05 23:15,12,1,11,0,0,0
2025-02-05 23:30,13,1,12,0,0,0
2025-02-05 23:45,25,7,18,0,0,0
2025-02-06 00:00,17,6,11,0,0,0
2025-02-06 00:15,4,1,3,0,0,0
2025-02-06 00:30,3,1,2,0,0,0
2025-02-06 00:45,5,0,5,0,0,0
2025-02-06 01:00,4,1,3,0,0,0
2025-02-06 01:15,6,2,4,0,0,0
2025-02-06 01:30,1,0,1,0,0,0
2025-02-06 01:45,2,0,2,0,0,0
2025-02-06 02:00,8,0,8,0,0,0
2025-02-06 02:15,2,2,0,0,0,0
2025-02-06 02:30,1,0,1,0,0,0
2025-02-06 02:45,3,1,2,0,0,0
2025-02-06 03:00,7,3,4,0,0,0
2025-02-06 03:15,5,1,4,0,0,0
2025-02-06 03:30,2,1,1,0,0,0
2025-02-06 03:45,0,0,0,0,0,0
2025-02-06 04:00,0,0,0,0,0,0
2025-02-06 04:15,0,0,0,0,0,0
2025-02-06 04:30,1,0,1,0,0,0
2025-02-06 04:45,3,1,2,0,0,0
2025-02-06 05:00,1,1,0,0,0,0
2025-02-06 05:15,3,2,1,0,0,0
2025-02-06 05:30,13,6,7,0,0,0
2025-02-06 05:45,17,5,12,0,0,0
2025-02-06 06:00,20,8,12,0,0,0
2025-02-06 06:15,18,9,9,0,0,0
2025-02-06 06:30,59,24,35,0,0,0
2025-02-06 06:45,58,16,42,0,0,0
2025-02-06 07:00,70,24,46,0,0,0
2025-02-06 07:15,91,50,41,0,0,0
2025-02-06 07:30,219,140,79,0,0,0
2025-02-06 07:45,239,113,126,0,0,0
2025-02-06 08:00,150,66,84,0,0,0
2025-02-06 08:15,136,52,84,0,0,0
2025-02-06 08:30,155,61,94,0,0,0
2025-02-06 08:45,152,68,84,0,0,0
2025-02-06 09:00,111,41,70,0,0,0
2025-02-06 09:15,68,30,38,0,0,0
2025-02-06 09:30,122,53,69,0,0,0
2025-02-06 09:45,129,39,90,0,0,0
2025-02-06 10:00,77,45,32,0,0,0
2025-02-06 10:15,63,28,35,0,0,0
2025-02-06 10:30,96,57,39,0,0,0
2025-02-06 10:45,103,40,63,0,0,0
2025-02-06 11:00,86,44,42,0,0,0
2025-02-06 11:15,107,52,55,0,0,0
2025-02-06 11:30,103,53,50,0,0,0
2025-02-06 11:45,112,49,63,0,0,0
2025-02-06 12:00,121,75,46,0,0,0
2025-02-06 12:15,149,56,93,0,0,0
2025-02-06 12:30,113,44,69,0,0,0
2025-02-06 12:45,118,50,68,0,0,0
2025-02-06 13:00,152,38,114,0,0,0
2025-02-06 13:15,143,42,101,0,0,0
2025-02-06 13:30,142,67,75,0,0,0
2025-02-06 13:45,136,67,69,0,0,0
2025-02-06 14:00,125,58,67,0,0,0
2025-02-06 14:15,123,59,64,0,0,0
2025-02-06 14:30,109,52,57,0,0,0
2025-02-06 14:45,134,70,64,0,0,0
2025-02-06 15:00,133,88,45,0,0,0
2025-02-06 15:15,156,100,56,0,0,0
2025-02-06 15:30,116,44,72,0,0,0
2025-02-06 15:45,143,88,55,0,0,0
2025-02-06 16:00,170,83,87,0,0,0
2025-02-06 16:15,189,104,85,0,0,0
2025-02-06 16:30,129,63,66,0,0,0
2025-02-06 16:45,132,65,67,0,0,0
2025-02-06 17:00,137,79,58,0,0,0
2025-02-06 17:15,143,73,70,0,0,0
2025-02-06 17:30,135,45,90,0,0,0
2025-02-06 17:45,128,57,71,0,0,0
2025-02-06 18:00,152,64,88,0,0,0
2025-02-06 18:15,115,50,65,0,0,0
2025-02-06 18:30,83,42,41,0,0,0
2025-02-06 18:45,97,50,47,0,0,0
2025-02-06 19:00,84,30,54,0,0,0
2025-02-06 19:15,50,22,28,0,0,0
2025-02-06 19:30,78,36,42,0,0,0
2025-02-06 19:45,62,21,41,0,0,0
2025-02-06 20:00,49,18,31,0,0,0
2025-02-06 20:15,39,12,27,0,0,0
2025-02-06 20:30,46,17,29,0,0,0
2025-02-06 20:45,24,5,19,0,0,0
2025-02-06 21:00,44,19,25,0,0,0
2025-02-06 21:15,38,17,21,0,0,0
2025-02-06 21:30,58,12,46,0,0,0
2025-02-06 21:45,44,10,34,0,0,0
2025-02-06 22:00,31,10,21,0,0,0
2025-02-06 22:15,45,10,35,0,0,0
2025-02-06 22:30,32,11,21,0,0,0
2025-02-06 22:45,30,5,25,0,0,0
2025-02-06 23:00,9,5,4,0,0,0
2025-02-06 23:15,6,4,2,0,0,0
2025-02-06 23:30,16,3,13,0,0,0
2025-02-06 23:45,11,3,8,0,0,0
2025-02-07 00:00,9,1,8,0,0,0
2025-02-07 00:15,15,0,15,0,0,0
2025-02-07 00:30,3,1,2,0,0,0
2025-02-07 00:45,6,1,5,0,0,0
2025-02-07 01:00,2,0,2,0,0,0
2025-02-07 01:15,5,1,4,0,0,0
2025-02-07 01:30,2,0,2,0,0,0
2025-02-07 01:45,4,0,4,0,0,0
2025-02-07 02:00,3,0,3,0,0,0
2025-02-07 02:15,3,1,2,0,0,0
2025-02-07 02:30,2,2,0,0,0,0
2025-02-07 02:45,0,0,0,0,0,0
2025-02-07 03:00,1,1,0,0,0,0
2025-02-07 03:15,3,3,0,0,0,0
2025-02-07 03:30,2,2,0,0,0,0
2025-02-07 03:45,1,0,1,0,0,0
2025-02-07 04:00,4,3,1,0,0,0
2025-02-07 04:15,1,0,1,0,0,0
2025-02-07 04:30,0,0,0,0,0,0
2025-02-07 04:45,3,1,2,0,0,0
2025-02-07 05:00,0,0,0,0,0,0
2025-02-07 05:15,0,0,0,0,0,0
2025-02-07 05:30,11,3,8,0,0,0
2025-02-07 05:45,11,5,6,0,0,0
2025-02-07 06:00,6,1,5,0,0,0
2025-02-07 06:15,13,6,7,0,0,0
2025-02-07 06:30,52,17,35,0,0,0
2025-02-07 06:45,54,15,39,0,0,0
2025-02-07 07:00,52,20,32,0,0,0
2025-02-07 07:15,93,45,48,0,0,0
2025-02-07 07:30,245,154,91,0,0,0
2025-02-07 07:45,227,122,105,0,0,0
2025-02-07 08:00,157,59,98,0,0,0
2025-02-07 08:15,144,59,85,0,0,0
2025-02-07 08:30,107,48,59,0,0,0
2025-02-07 08:45,131,73,58,0,0,0
2025-02-07 09:00,80,36,44,0,0,0
2025-02-07 09:15,103,47,56,0,0,0
2025-02-07 09:30,81,33,48,0,0,0
2025-02-07 09:45,89,40,49,0,0,0
2025-02-07 10:00,85,36,49,0,0,0
2025-02-07 10:15,111,34,77,0,0,0
2025-02-07 10:30,143,61,82,0,0,0
2025-02-07 10:45,97,37,60,0,0,0
2025-02-07 11:00,81,32,49,0,0,0
2025-02-07 11:15,73,35,38,0,0,0
2025-02-07 11:30,88,42,46,0,0,0
2025-02-07 11:45,119,68,51,0,0,0
2025-02-07 12:00,129,56,73,0,0,0
2025-02-07 12:15,130,55,75,0,0,0
2025-02-07 12:30,119,56,63,0,0,0
2025-02-07 12:45,91,42,49,0,0,0
2025-02-07 13:00,116,42,74,0,0,0
2025-02-07 13:15,116,43,73,0,0,0
2025-02-07 13:30,129,74,55,0,0,0
2025-02-07 13:45,160,54,106,0,0,0
2025-02-07 14:00,131,78,53,0,0,0
2025-02-07 14:15,149,72,77,0,0,0
2025-02-07 14:30,138,69,69,0,0,0
2025-02-07 14:45,126,40,86,0,0,0
2025-02-07 15:00,70,3,67,0,0,0
2025-02-07 15:15,109,57,52,0,0,0
2025-02-07 15:30,127,69,58,0,0,0
2025-02-07 15:45,109,58,51,0,0,0
2025-02-07 16:00,101,59,42,0,0,0
2025-02-07 16:15,111,75,36,0,0,0
2025-02-07 16:30,110,64,46,0,0,0
2025-02-07 16:45,116,59,57,0,0,0
2025-02-07 17:00,124,77,47,0,0,0
2025-02-07 17:15,117,61,56,0,0,0
2025-02-07 17:30,95,43,52,0,0,0
2025-02-07 17:45,125,75,50,0,0,0
2025-02-07 18:00,75,46,29,0,0,0
2025-02-07 18:15,82,35,47,0,0,0
2025-02-07 18:30,61,30,31,0,0,0
2025-02-07 18:45,67,34,33,0,0,0
2025-02-07 19:00,57,21,36,0,0,0
2025-02-07 19:15,47,24,23,0,0,0
2025-02-07 19:30,42,16,26,0,0,0
2025-02-07 19:45,45,19,26,0,0,0
2025-02-07 20:00,69,27,42,0,0,0
2025-02-07 20:15,66,18,48,0,0,0
2025-02-07 20:30,44,17,27,0,0,0
2025-02-07 20:45,34,12,22,0,0,0
2025-02-07 21:00,41,15,26,0,0,0
2025-02-07 21:15,27,5,22,0,0,0
2025-02-07 21:30,37,10,27,0,0,0
2025-02-07 21:45,24,13,11,0,0,0
2025-02-07 22:00,13,4,9,0,0,0
2025-02-07 22:15,20,7,13,0,0,0
2025-02-07 22:30,29,6,23,0,0,0
2025-02-07 22:45,30,15,15,0,0,0
2025-02-07 23:00,20,2,18,0,0,0
2025-02-07 23:15,24,7,17,0,0,0
2025-02-07 23:30,14,3,11,0,0,0
2025-02-07 23:45,29,7,22,0,0,0
2025-02-08 00:00,14,2,12,0,0,0
2025-02-08 00:15,12,8,4,0,0,0
2025-02-08 00:30,31,12,19,0,0,0
2025-02-08 00:45,8,0,8,0,0,0
2025-02-08 01:00,11,1,10,0,0,0
2025-02-08 01:15,17,5,12,0,0,0
2025-02-08 01:30,11,1,10,0,0,0
2025-02-08 01:45,9,2,7,0,0,0
2025-02-08 02:00,13,5,8,0,0,0
2025-02-08 02:15,17,5,12,0,0,0
2025-02-08 02:30,14,3,11,0,0,0
2025-02-08 02:45,11,1,10,0,0,0
2025-02-08 03:00,9,2,7,0,0,0
2025-02-08 03:15,3,1,2,0,0,0
2025-02-08 03:30,6,0,6,0,0,0
2025-02-08 03:45,1,0,1,0,0,0
2025-02-08 04:00,1,1,0,0,0,0
2025-02-08 04:15,3,0,3,0,0,0
2025-02-08 04:30,2,0,2,0,0,0
2025-02-08 04:45,9,0,9,0,0,0
2025-02-08 05:00,1,0,1,0,0,0
2025-02-08 05:15,3,3,0,0,0,0
2025-02-08 05:30,10,4,6,0,0,0
2025-02-08 05:45,24,4,20,0,0,0
2025-02-08 06:00,3,1,2,0,0,0
2025-02-08 06:15,10,4,6,0,0,0
2025-02-08 06:30,6,6,0,0,0,0
2025-02-08 06:45,18,9,9,0,0,0
2025-02-08 07:00,3,2,1,0,0,0
2025-02-08 07:15,13,3,10,0,0,0
2025-02-08 07:30,26,12,14,0,0,0
2025-02-08 07:45,21,15,6,0,0,0
2025-02-08 08:00,22,16,6,0,0,0
2025-02-08 08:15,27,17,10,0,0,0
2025-02-08 08:30,22,12,10,0,0,0
2025-02-08 08:45,36,23,13,0,0,0
2025-02-08 09:00,41,35,6,0,0,0
2025-02-08 09:15,39,28,11,0,0,0
2025-02-08 09:30,57,45,12,0,0,0
2025-02-08 09:45,66,45,21,0,0,0
2025-02-08 10:00,63,43,20,0,0,0
2025-02-08 10:15,58,39,19,0,0,0
2025-02-08 10:30,53,27,26,0,0,0
2025-02-08 10:45,87,60,27,0,0,0
2025-02-08 11:00,80,53,27,0,0,0
2025-02-08 11:15,105,67,38,0,0,0
2025-02-08 11:30,114,74,40,0,0,0
2025-02-08 11:45,103,51,52,0,0,0
2025-02-08 12:00,101,71,30,0,0,0
2025-02-08 12:15,97,46,51,0,0,0
2025-02-08 12:30,91,43,48,0,0,0
2025-02-08 12:45,103,55,48,0,0,0
2025-02-08 13:00,138,64,74,0,0,0
2025-02-08 13:15,110,40,70,0,0,0
2025-02-08 13:30,78,31,47,0,0,0
2025-02-08 13:45,83,24,59,0,0,0
2025-02-08 14:00,111,37,74,0,0,0
2025-02-08 14:15,91,30,61,0,0,0
2025-02-08 14:30,75,37,38,0,0,0
2025-02-08 14:45,96,26,70,0,0,0
2025-02-08 15:00,97,32,65,0,0,0
2025-02-08 15:15,85,32,53,0,0,0
2025-02-08 15:30,67,21,46,0,0,0
2025-02-08 15:45,48,13,35,0,0,0
2025-02-08 16:00,73,31,42,0,0,0
2025-02-08 16:15,60,24,36,0,0,0
2025-02-08 16:30,76,27,49,0,0,0
2025-02-08 16:45,68,35,33,0,0,0
2025-02-08 17:00,70,27,43,0,0,0
2025-02-08 17:15,56,17,39,0,0,0
2025-02-08 17:30,47,11,36,0,0,0
2025-02-08 17:45,66,24,42,0,0,0
2025-02-08 18:00,63,22,41,0,0,0
2025-02-08 18:15,44,18,26,0,0,0
2025-02-08 18:30,40,20,20,0,0,0
2025-02-08 18:45,62,36,26,0,0,0
2025-02-08 19:00,68,32,36,0,0,0
2025-02-08 19:15,39,15,24,0,0,0
2025-02-08 19:30,37,20,17,0,0,0
2025-02-08 19:45,38,14,24,0,0,0
2025-02-08 20:00,51,30,21,0,0,0
2025-02-08 20:15,39,12,27,0,0,0
2025-02-08 20:30,32,15,17,0,0,0
2025-02-08 20:45,24,9,15,0,0,0
2025-02-08 21:00,29,12,17,0,0,0
2025-02-08 21:15,42,18,24,0,0,0
2025-02-08 21:30,25,7,18,0,0,0
2025-02-08 21:45,26,7,19,0,0,0
2025-02-08 22:00,10,1,9,0,0,0
2025-02-08 22:15,23,5,18,0,0,0
2025-02-08 22:30,26,12,14,0,0,0
2025-02-08 22:45,20,11,9,0,0,0
2025-02-08 23:00,23,11,12,0,0,0
2025-02-08 23:15,25,8,17,0,0,0
2025-02-08 23:30,10,6,4,0,0,0
2025-02-08 23:45,21,7,14,0,0,0
2025-02-09 00:00,14,0,14,0,0,0
2025-02-09 00:15,10,2,8,0,0,0
2025-02-09 00:30,15,7,8,0,0,0
2025-02-09 00:45,10,3,7,0,0,0
2025-02-09 01:00,15,3,12,0,0,0
2025-02-09 01:15,12,3,9,0,0,0
2025-02-09 01:30,8,3,5,0,0,0
2025-02-09 01:45,9,2,7,0,0,0
2025-02-09 02:00,9,1,8,0,0,0
2025-02-09 02:15,10,5,5,0,0,0
2025-02-09 02:30,6,1,5,0,0,0
2025-02-09 02:45,6,4,2,0,0,0
2025-02-09 03:00,6,0,6,0,0,0
2025-02-09 03:15,8,0,8,0,0,0
2025-02-09 03:30,8,1,7,0,0,0
2025-02-09 03:45,3,1,2,0,0,0
2025-02-09 04:00,4,0,4,0,0,0
2025-02-09 04:15,2,0,2,0,0,0
2025-02-09 04:30,5,2,3,0,0,0
2025-02-09 04:45,0,0,0,0,0,0
2025-02-09 05:00,1,1,0,0,0,0
2025-02-09 05:15,0,0,0,0,0,0
2025-02-09 05:30,8,2,6,0,0,0
2025-02-09 05:45,9,1,8,0,0,0
2025-02-09 06:00,2,1,1,0,0,0
2025-02-09 06:15,3,0,3,0,0,0
2025-02-09 06:30,8,6,2,0,0,0
2025-02-09 06:45,5,1,4,0,0,0
2025-02-09 07:00,1,0,1,0,0,0
2025-02-09 07:15,1,1,0,0,0,0
2025-02-09 07:30,8,0,8,0,0,0
2025-02-09 07:45,15,8,7,0,0,0
2025-02-09 08:00,14,12,2,0,0,0
2025-02-09 08:15,6,4,2,0,0,0
2025-02-09 08:30,11,8,3,0,0,0
2025-02-09 08:45,16,13,3,0,0,0
2025-02-09 09:00,9,6,3,0,0,0
2025-02-09 09:15,21,18,3,0,0,0
2025-02-09 09:30,24,17,7,0,0,0
2025-02-09 09:45,46,29,17,0,0,0
2025-02-09 10:00,31,18,13,0,0,0
2025-02-09 10:15,30,16,14,0,0,0
2025-02-09 10:30,34,30,4,0,0,0
2025-02-09 10:45,36,29,7,0,0,0
2025-02-09 11:00,26,11,15,0,0,0
2025-02-09 11:15,32,17,15,0,0,0
2025-02-09 11:30,37,19,18,0,0,0
2025-02-09 11:45,31,8,23,0,0,0
2025-02-09 12:00,46,15,31,0,0,0
2025-02-09 12:15,37,19,18,0,0,0
2025-02-09 12:30,48,15,33,0,0,0
2025-02-09 12:45,47,17,30,0,0,0
2025-02-09 13:00,38,8,30,0,0,0
2025-02-09 13:15,50,16,34,0,0,0
2025-02-09 13:30,50,27,23,0,0,0
2025-02-09 13:45,59,21,38,0,0,0
2025-02-09 14:00,45,23,22,0,0,0
2025-02-09 14:15,71,35,36,0,0,0
2025-02-09 14:30,63,27,36,0,0,0
2025-02-09 14:45,58,21,37,0,0,0
2025-02-09 15:00,61,28,33,0,0,0
2025-02-09 15:15,40,13,27,0,0,0
2025-02-09 15:30,74,44,30,0,0,0
2025-02-09 15:45,72,19,53,0,0,0
2025-02-09 16:00,49,20,29,0,0,0
2025-02-09 16:15,39,16,23,0,0,0
2025-02-09 16:30,37,19,18,0,0,0
2025-02-09 16:45,44,16,28,0,0,0
2025-02-09 17:00,41,18,23,0,0,0
2025-02-09 17:15,38,15,23,0,0,0
2025-02-09 17:30,52,19,33,0,0,0
2025-02-09 17:45,58,28,30,0,0,0
2025-02-09 18:00,47,21,26,0,0,0
2025-02-09 18:15,36,17,19,0,0,0
2025-02-09 18:30,30,9,21,0,0,0
2025-02-09 18:45,40,22,18,0,0,0
2025-02-09 19:00,36,17,19,0,0,0
2025-02-09 19:15,20,6,14,0,0,0
2025-02-09 19:30,38,18,20,0,0,0
2025-02-09 19:45,44,8,36,0,0,0
2025-02-09 20:00,26,4,22,0,0,0
2025-02-09 20:15,32,4,28,0,0,0
2025-02-09 20:30,21,7,14,0,0,0
2025-02-09 20:45,29,7,22,0,0,0
2025-02-09 21:00,31,14,17,0,0,0
2025-02-09 21:15,31,7,24,0,0,0
2025-02-09 21:30,18,7,11,0,0,0
2025-02-09 21:45,9,2,7,0,0,0
2025-02-09 22:00,12,3,9,0,0,0
2025-02-09 22:15,20,2,18,0,0,0
2025-02-09 22:30,11,4,7,0,0,0
2025-02-09 22:45,10,4,6,0,0,0
2025-02-09 23:00,10,4,6,0,0,0
2025-02-09 23:15,8,2,6,0,0,0
2025-02-09 23:30,6,2,4,0,0,0
2025-02-09 23:45,6,4,2,0,0,0
2025-02-10 00:00,1,1,0,0,0,0
2025-02-10 00:15,5,0,5,0,0,0
2025-02-10 00:30,0,0,0,0,0,0
2025-02-10 00:45,0,0,0,0,0,0
2025-02-10 01:00,1,0,1,0,0,0
2025-02-10 01:15,1,1,0,0,0,0
2025-02-10 01:30,1,1,0,0,0,0
2025-02-10 01:45,1,0,1,0,0,0
2025-02-10 02:00,1,0,1,0,0,0
2025-02-10 02:15,0,0,0,0,0,0
2025-02-10 02:30,0,0,0,0,0,0
2025-02-10 02:45,0,0,0,0,0,0
2025-02-10 03:00,0,0,0,0,0,0
2025-02-10 03:15,0,0,0,0,0,0
2025-02-10 03:30,3,2,1,0,0,0
2025-02-10 03:45,2,0,2,0,0,0
2025-02-10 04:00,0,0,0,0,0,0
2025-02-10 04:15,3,1,2,0,0,0
2025-02-10 04:30,9,6,3,0,0,0
2025-02-10 04:45,4,3,1,0,0,0
2025-02-10 05:00,1,0,1,0,0,0
2025-02-10 05:15,5,1,4,0,0,0
2025-02-10 05:30,11,4,7,0,0,0
2025-02-10 05:45,11,3,8,0,0,0
2025-02-10 06:00,9,2,7,0,0,0
2025-02-10 06:15,14,3,11,0,0,0
2025-02-10 06:30,48,14,34,0,0,0
2025-02-10 06:45,56,22,34,0,0,0
2025-02-10 07:00,65,32,33,0,0,0
2025-02-10 07:15,90,35,55,0,0,0
2025-02-10 07:30,131,59,72,0,0,0
2025-02-10 07:45,213,83,130,0,0,0
2025-02-10 08:00,177,69,108,0,0,0
2025-02-10 08:15,149,49,100,0,0,0
2025-02-10 08:30,147,71,76,0,0,0
2025-02-10 08:45,163,71,92,0,0,0
2025-02-10 09:00,82,39,43,0,0,0
2025-02-10 09:15,89,34,55,0,0,0
2025-02-10 09:30,92,30,62,0,0,0
2025-02-10 09:45,104,55,49,0,0,0
2025-02-10 10:00,73,42,31,0,0,0
2025-02-10 10:15,57,34,23,0,0,0
2025-02-10 10:30,38,15,23,0,0,0
2025-02-10 10:45,88,50,38,0,0,0
2025-02-10 11:00,97,50,47,0,0,0
2025-02-10 11:15,88,43,45,0,0,0
2025-02-10 11:30,69,41,28,0,0,0
2025-02-10 11:45,100,54,46,0,0,0
2025-02-10 12:00,94,54,40,0,0,0
2025-02-10 12:15,79,40,39,0,0,0
2025-02-10 12:30,85,52,33,0,0,0
2025-02-10 12:45,115,45,70,0,0,0
2025-02-10 13:00,98,38,60,0,0,0
2025-02-10 13:15,98,53,45,0,0,0
2025-02-10 13:30,82,39,43,0,0,0
2025-02-10 13:45,88,44,44,0,0,0
2025-02-10 14:00,103,55,48,0,0,0
2025-02-10 14:15,101,58,43,0,0,0
2025-02-10 14:30,96,50,46,0,0,0
2025-02-10 14:45,144,88,56,0,0,0
2025-02-10 15:00,132,70,62,0,0,0
2025-02-10 15:15,96,63,33,0,0,0
2025-02-10 15:30,109,57,52,0,0,0
2025-02-10 15:45,143,71,72,0,0,0
2025-02-10 16:00,146,83,63,0,0,0
2025-02-10 16:15,129,68,61,0,0,0
2025-02-10 16:30,114,59,55,0,0,0
2025-02-10 16:45,135,60,75,0,0,0
2025-02-10 17:00,145,60,85,0,0,0
2025-02-10 17:15,175,79,96,0,0,0
2025-02-10 17:30,135,50,85,0,0,0
2025-02-10 17:45,97,42,55,0,0,0
2025-02-10 18:00,97,36,61,0,0,0
2025-02-10 18:15,93,49,44,0,0,0
2025-02-10 18:30,80,31,49,0,0,0
2025-02-10 18:45,90,39,51,0,0,0
2025-02-10 19:00,84,36,48,0,0,0
2025-02-10 19:15,63,29,34,0,0,0
2025-02-10 19:30,38,8,30,0,0,0
2025-02-10 19:45,57,24,33,0,0,0
2025-02-10 20:00,32,13,19,0,0,0
2025-02-10 20:15,46,15,31,0,0,0
2025-02-10 20:30,27,13,14,0,0,0
2025-02-10 20:45,37,13,24,0,0,0
2025-02-10 21:00,36,9,27,0,0,0
2025-02-10 21:15,25,11,14,0,0,0
2025-02-10 21:30,27,8,19,0,0,0
2025-02-10 21:45,27,4,23,0,0,0
2025-02-10 22:00,26,5,21,0,0,0
2025-02-10 22:15,20,2,18,0,0,0
2025-02-10 22:30,18,5,13,0,0,0
2025-02-10 22:45,18,2,16,0,0,0
2025-02-10 23:00,17,4,13,0,0,0
2025-02-10 23:15,13,2,11,0,0,0
2025-02-10 23:30,4,2,2,0,0,0
2025-02-10 23:45,8,4,4,0,0,0
2025-02-11 00:00,10,4,6,0,0,0
2025-02-11 00:15,5,1,4,0,0,0
2025-02-11 00:30,1,1,0,0,0,0
2025-02-11 00:45,4,1,3,0,0,0
2025-02-11 01:00,0,0,0,0,0,0
2025-02-11 01:15,6,3,3,0,0,0
2025-02-11 01:30,1,0,1,0,0,0
2025-02-11 01:45,4,0,4,0,0,0
2025-02-11 02:00,0,0,0,0,0,0
2025-02-11 02:15,1,0,1,0,0,0
2025-02-11 02:30,0,0,0,0,0,0
2025-02-11 02:45,0,0,0,0,0,0
2025-02-11 03:00,0,0,0,0,0,0
2025-02-11 03:15,2,2,0,0,0,0
2025-02-11 03:30,1,1,0,0,0,0
2025-02-11 03:45,2,2,0,0,0,0
2025-02-11 04:00,1,1,0,0,0,0
2025-02-11 04:15,3,1,2,0,0,0
2025-02-11 04:30,1,1,0,0,0,0
2025-02-11 04:45,5,2,3,0,0,0
2025-02-11 05:00,3,1,2,0,0,0
2025-02-11 05:15,0,0,0,0,0,0
2025-02-11 05:30,15,1,14,0,0,0
2025-02-11 05:45,14,0,14,0,0,0
2025-02-11 06:00,8,4,4,0,0,0
2025-02-11 06:15,18,7,11,0,0,0
2025-02-11 06:30,42,20,22,0,0,0
2025-02-11 06:45,68,26,42,0,0,0
2025-02-11 07:00,73,21,52,0,0,0
2025-02-11 07:15,101,42,59,0,0,0
2025-02-11 07:30,164,80,84,0,0,0
2025-02-11 07:45,196,71,125,0,0,0
2025-02-11 08:00,161,63,98,0,0,0
2025-02-11 08:15,168,85,83,0,0,0
2025-02-11 08:30,157,67,90,0,0,0
2025-02-11 08:45,152,77,75,0,0,0
2025-02-11 09:00,126,44,82,0,0,0
2025-02-11 09:15,90,44,46,0,0,0
2025-02-11 09:30,101,44,57,0,0,0
2025-02-11 09:45,134,76,58,0,0,0
2025-02-11 10:00,72,30,42,0,0,0
2025-02-11 10:15,66,38,28,0,0,0
2025-02-11 10:30,76,44,32,0,0,0
2025-02-11 10:45,92,59,33,0,0,0
2025-02-11 11:00,66,35,31,0,0,0
2025-02-11 11:15,76,44,32,0,0,0
2025-02-11 11:30,105,65,40,0,0,0
2025-02-11 11:45,96,46,50,0,0,0
2025-02-11 12:00,88,38,50,0,0,0
2025-02-11 12:15,108,48,60,0,0,0
2025-02-11 12:30,91,42,49,0,0,0
2025-02-11 12:45,110,53,57,0,0,0
2025-02-11 13:00,99,41,58,0,0,0
2025-02-11 13:15,101,42,59,0,0,0
2025-02-11 13:30,97,42,55,0,0,0
2025-02-11 13:45,125,67,58,0,0,0
2025-02-11 14:00,102,51,51,0,0,0
2025-02-11 14:15,137,70,67,0,0,0
2025-02-11 14:30,90,50,40,0,0,0
2025-02-11 14:45,125,57,68,0,0,0
2025-02-11 15:00,95,49,46,0,0,0
2025-02-11 15:15,121,65,56,0,0,0
2025-02-11 15:30,119,61,58,0,0,0
2025-02-11 15:45,155,87,68,0,0,0
2025-02-11 16:00,156,89,67,0,0,0
2025-02-11 16:15,132,65,67,0,0,0
2025-02-11 16:30,102,46,56,0,0,0
2025-02-11 16:45,125,57,68,0,0,0
2025-02-11 17:00,131,59,72,0,0,0
2025-02-11 17:15,128,54,74,0,0,0
2025-02-11 17:30,110,57,53,0,0,0
2025-02-11 17:45,125,46,79,0,0,0
2025-02-11 18:00,130,59,71,0,0,0
2025-02-11 18:15,112,43,69,0,0,0
2025-02-11 18:30,100,35,65,0,0,0
2025-02-11 18:45,99,36,63,0,0,0
2025-02-11 19:00,73,28,45,0,0,0
2025-02-11 19:15,99,57,42,0,0,0
2025-02-11 19:30,53,11,42,0,0,0
2025-02-11 19:45,43,21,22,0,0,0
2025-02-11 20:00,87,25,62,0,0,0
2025-02-11 20:15,58,26,32,0,0,0
2025-02-11 20:30,28,3,25,0,0,0
2025-02-11 20:45,35,10,25,0,0,0
2025-02-11 21:00,31,16,15,0,0,0
2025-02-11 21:15,29,7,22,0,0,0
2025-02-11 21:30,24,7,17,0,0,0
2025-02-11 21:45,27,13,14,0,0,0
2025-02-11 22:00,21,5,16,0,0,0
2025-02-11 22:15,18,3,15,0,0,0
2025-02-11 22:30,17,9,8,0,0,0
2025-02-11 22:45,18,3,15,0,0,0
2025-02-11 23:00,18,5,13,0,0,0
2025-02-11 23:15,11,5,6,0,0,0
2025-02-11 23:30,7,1,6,0,0,0
2025-02-11 23:45,13,6,7,0,0,0
2025-02-12 00:00,11,4,7,0,0,0
2025-02-12 00:15,3,1,2,0,0,0
2025-02-12 00:30,8,3,5,0,0,0
2025-02-12 00:45,2,1,1,0,0,0
2025-02-12 01:00,2,0,2,0,0,0
2025-02-12 01:15,5,4,1,0,0,0
2025-02-12 01:30,0,0,0,0,0,0
2025-02-12 01:45,0,0,0,0,0,0
2025-02-12 02:00,0,0,0,0,0,0
2025-02-12 02:15,2,0,2,0,0,0
2025-02-12 02:30,0,0,0,0,0,0
2025-02-12 02:45,0,0,0,0,0,0
2025-02-12 03:00,1,1,0,0,0,0
2025-02-12 03:15,2,2,0,0,0,0
2025-02-12 03:30,2,2,0,0,0,0
2025-02-12 03:45,1,0,1,0,0,0
2025-02-12 04:00,1,1,0,0,0,0
2025-02-12 04:15,0,0,0,0,0,0
2025-02-12 04:30,1,1,0,0,0,0
2025-02-12 04:45,2,2,0,0,0,0
2025-02-12 05:00,5,2,3,0,0,0
2025-02-12 05:15,0,0,0,0,0,0
2025-02-12 05:30,14,4,10,0,0,0
2025-02-12 05:45,16,3,13,0,0,0
2025-02-12 06:00,10,5,5,0,0,0
2025-02-12 06:15,23,6,17,0,0,0
2025-02-12 06:30,33,18,15,0,0,0
2025-02-12 06:45,78,27,51,0,0,0
2025-02-12 07:00,58,18,40,0,0,0
2025-02-12 07:15,128,61,67,0,0,0
2025-02-12 07:30,259,182,77,0,0,0
2025-02-12 07:45,230,100,130,0,0,0
2025-02-12 08:00,185,74,111,0,0,0
2025-02-12 08:15,182,92,90,0,0,0
2025-02-12 08:30,177,95,82,0,0,0
2025-02-12 08:45,169,72,97,0,0,0
2025-02-12 09:00,115,38,77,0,0,0
2025-02-12 09:15,119,42,77,0,0,0
2025-02-12 09:30,116,58,58,0,0,0
2025-02-12 09:45,153,89,64,0,0,0
2025-02-12 10:00,80,37,43,0,0,0
2025-02-12 10:15,93,41,52,0,0,0
2025-02-12 10:30,121,71,50,0,0,0
2025-02-12 10:45,83,46,37,0,0,0
2025-02-12 11:00,112,50,62,0,0,0
2025-02-12 11:15,99,51,48,0,0,0
2025-02-12 11:30,95,46,49,0,0,0
2025-02-12 11:45,126,62,64,0,0,0
2025-02-12 12:00,119,53,66,0,0,0
2025-02-12 12:15,153,44,109,0,0,0
2025-02-12 12:30,127,55,72,0,0,0
2025-02-12 12:45,126,50,76,0,0,0
2025-02-12 13:00,141,46,95,0,0,0
2025-02-12 13:15,130,37,93,0,0,0
2025-02-12 13:30,130,39,91,0,0,0
2025-02-12 13:45,142,52,90,0,0,0
2025-02-12 14:00,135,49,86,0,0,0
2025-02-12 14:15,106,52,54,0,0,0
2025-02-12 14:30,96,44,52,0,0,0
2025-02-12 14:45,114,61,53,0,0,0
2025-02-12 15:00,93,49,44,0,0,0
2025-02-12 15:15,113,57,56,0,0,0
2025-02-12 15:30,112,53,59,0,0,0
2025-02-12 15:45,137,65,72,0,0,0
2025-02-12 16:00,142,75,67,0,0,0
2025-02-12 16:15,164,71,93,0,0,0
2025-02-12 16:30,150,70,80,0,0,0
2025-02-12 16:45,131,57,74,0,0,0
2025-02-12 17:00,129,72,57,0,0,0
2025-02-12 17:15,138,62,76,0,0,0
2025-02-12 17:30,127,59,68,0,0,0
2025-02-12 17:45,129,56,73,0,0,0
2025-02-12 18:00,132,65,67,0,0,0
2025-02-12 18:15,130,66,64,0,0,0
2025-02-12 18:30,106,43,63,0,0,0
2025-02-12 18:45,98,45,53,0,0,0
2025-02-12 19:00,80,42,38,0,0,0
2025-02-12 19:15,68,32,36,0,0,0
2025-02-12 19:30,61,28,33,0,0,0
2025-02-12 19:45,71,31,40,0,0,0
2025-02-12 20:00,55,15,40,0,0,0
2025-02-12 20:15,49,22,27,0,0,0
2025-02-12 20:30,65,23,42,0,0,0
2025-02-12 20:45,29,11,18,0,0,0
2025-02-12 21:00,53,26,27,0,0,0
2025-02-12 21:15,37,17,20,0,0,0
2025-02-12 21:30,24,10,14,0,0,0
2025-02-12 21:45,36,4,32,0,0,0
2025-02-12 22:00,27,5,22,0,0,0
2025-02-12 22:15,34,8,26,0,0,0
2025-02-12 22:30,15,5,10,0,0,0
2025-02-12 22:45,25,13,12,0,0,0
2025-02-12 23:00,22,6,16,0,0,0
2025-02-12 23:15,23,5,18,0,0,0
2025-02-12 23:30,24,10,14,0,0,0
2025-02-12 23:45,18,15,3,0,0,0
2025-02-13 00:00,27,20,7,0,0,0
2025-02-13 00:15,11,9,2,0,0,0
2025-02-13 00:30,8,0,8,0,0,0
2025-02-13 00:45,3,1,2,0,0,0
2025-02-13 01:00,5,2,3,0,0,0
2025-02-13 01:15,4,2,2,0,0,0
2025-02-13 01:30,6,0,6,0,0,0
2025-02-13 01:45,8,2,6,0,0,0
2025-02-13 02:00,5,0,5,0,0,0
2025-02-13 02:15,8,0,8,0,0,0
2025-02-13 02:30,6,0,6,0,0,0
2025-02-13 02:45,2,0,2,0,0,0
2025-02-13 03:00,5,2,3,0,0,0
2025-02-13 03:15,4,0,4,0,0,0
2025-02-13 03:30,3,3,0,0,0,0
2025-02-13 03:45,2,1,1,0,0,0
2025-02-13 04:00,1,0,1,0,0,0
2025-02-13 04:15,0,0,0,0,0,0
2025-02-13 04:30,1,1,0,0,0,0
2025-02-13 04:45,1,1,0,0,0,0
2025-02-13 05:00,2,1,1,0,0,0
2025-02-13 05:15,4,1,3,0,0,0
2025-02-13 05:30,10,3,7,0,0,0
2025-02-13 05:45,13,4,9,0,0,0
2025-02-13 06:00,15,4,11,0,0,0
2025-02-13 06:15,12,4,8,0,0,0
2025-02-13 06:30,43,13,30,0,0,0
2025-02-13 06:45,53,17,36,0,0,0
2025-02-13 07:00,82,26,56,0,0,0
2025-02-13 07:15,89,44,45,0,0,0
2025-02-13 07:30,233,162,71,0,0,0
2025-02-13 07:45,214,84,130,0,0,0
2025-02-13 08:00,160,73,87,0,0,0
2025-02-13 08:15,137,55,82,0,0,0
2025-02-13 08:30,134,71,63,0,0,0
2025-02-13 08:45,177,75,102,0,0,0
2025-02-13 09:00,96,50,46,0,0,0
2025-02-13 09:15,93,50,43,0,0,0
2025-02-13 09:30,95,49,46,0,0,0
2025-02-13 09:45,100,38,62,0,0,0
2025-02-13 10:00,72,27,45,0,0,0
2025-02-13 10:15,59,28,31,0,0,0
2025-02-13 10:30,74,31,43,0,0,0
2025-02-13 10:45,71,40,31,0,0,0
2025-02-13 11:00,67,19,48,0,0,0
2025-02-13 11:15,65,39,26,0,0,0
2025-02-13 11:30,84,36,48,0,0,0
2025-02-13 11:45,70,34,36,0,0,0
2025-02-13 12:00,74,39,35,0,0,0
2025-02-13 12:15,87,41,46,0,0,0
2025-02-13 12:30,97,31,66,0,0,0
2025-02-13 12:45,91,37,54,0,0,0
2025-02-13 13:00,111,28,83,0,0,0
2025-02-13 13:15,131,53,78,0,0,0
2025-02-13 13:30,84,31,53,0,0,0
2025-02-13 13:45,120,68,52,0,0,0
2025-02-13 14:00,112,39,73,0,0,0
2025-02-13 14:15,102,37,65,0,0,0
2025-02-13 14:30,76,38,38,0,0,0
2025-02-13 14:45,107,43,64,0,0,0
2025-02-13 15:00,119,50,69,0,0,0
2025-02-13 15:15,88,50,38,0,0,0
2025-02-13 15:30,110,48,62,0,0,0
2025-02-13 15:45,116,71,45,0,0,0
2025-02-13 16:00,120,56,64,0,0,0
2025-02-13 16:15,123,69,54,0,0,0
2025-02-13 16:30,103,51,52,0,0,0
2025-02-13 16:45,144,66,78,0,0,0
2025-02-13 17:00,119,68,51,0,0,0
2025-02-13 17:15,111,49,62,0,0,0
2025-02-13 17:30,128,62,66,0,0,0
2025-02-13 17:45,103,45,58,0,0,0
2025-02-13 18:00,112,43,69,0,0,0
2025-02-13 18:15,99,45,54,0,0,0
2025-02-13 18:30,75,23,52,0,0,0
2025-02-13 18:45,95,46,49,0,0,0
2025-02-13 19:00,60,18,42,0,0,0
2025-02-13 19:15,73,34,39,0,0,0
2025-02-13 19:30,70,32,38,0,0,0
2025-02-13 19:45,49,18,31,0,0,0
2025-02-13 20:00,47,15,32,0,0,0
2025-02-13 20:15,42,15,27,0,0,0
2025-02-13 20:30,33,8,25,0,0,0
2025-02-13 20:45,31,10,21,0,0,0
2025-02-13 21:00,27,5,22,0,0,0
2025-02-13 21:15,29,8,21,0,0,0
2025-02-13 21:30,30,8,22,0,0,0
2025-02-13 21:45,24,4,20,0,0,0
2025-02-13 22:00,29,11,18,0,0,0
2025-02-13 22:15,26,9,17,0,0,0
2025-02-13 22:30,21,2,19,0,0,0
2025-02-13 22:45,23,6,17,0,0,0
2025-02-13 23:00,17,5,12,0,0,0
2025-02-13 23:15,21,9,12,0,0,0
2025-02-13 23:30,9,6,3,0,0,0
2025-02-13 23:45,11,6,5,0,0,0
2025-02-14 00:00,12,6,6,0,0,0
2025-02-14 00:15,5,3,2,0,0,0
2025-02-14 00:30,9,1,8,0,0,0
2025-02-14 00:45,7,1,6,0,0,0
2025-02-14 01:00,2,1,1,0,0,0
2025-02-14 01:15,8,4,4,0,0,0
2025-02-14 01:30,1,1,0,0,0,0
2025-02-14 01:45,7,2,5,0,0,0
2025-02-14 02:00,2,2,0,0,0,0
2025-02-14 02:15,2,0,2,0,0,0
2025-02-14 02:30,2,0,2,0,0,0
2025-02-14 02:45,0,0,0,0,0,0
2025-02-14 03:00,1,1,0,0,0,0
2025-02-14 03:15,3,3,0,0,0,0
2025-02-14 03:30,1,1,0,0,0,0
2025-02-14 03:45,2,2,0,0,0,0
2025-02-14 04:00,1,1,0,0,0,0
2025-02-14 04:15,0,0,0,0,0,0
2025-02-14 04:30,1,1,0,0,0,0
2025-02-14 04:45,0,0,0,0,0,0
2025-02-14 05:00,1,0,1,0,0,0
2025-02-14 05:15,6,3,3,0,0,0
2025-02-14 05:30,12,5,7,0,0,0
2025-02-14 05:45,14,5,9,0,0,0
2025-02-14 06:00,9,5,4,0,0,0
2025-02-14 06:15,18,10,8,0,0,0
2025-02-14 06:30,34,14,20,0,0,0
2025-02-14 06:45,58,14,44,0,0,0
2025-02-14 07:00,55,17,38,0,0,0
2025-02-14 07:15,83,36,47,0,0,0
2025-02-14 07:30,227,154,73,0,0,0
2025-02-14 07:45,186,95,91,0,0,0
2025-02-14 08:00,117,40,77,0,0,0
2025-02-14 08:15,117,57,60,0,0,0
2025-02-14 08:30,107,40,67,0,0,0
2025-02-14 08:45,141,62,79,0,0,0
2025-02-14 09:00,108,43,65,0,0,0
2025-02-14 09:15,93,55,38,0,0,0
2025-02-14 09:30,95,51,44,0,0,0
2025-02-14 09:45,103,50,53,0,0,0
2025-02-14 10:00,61,26,35,0,0,0
2025-02-14 10:15,70,39,31,0,0,0
2025-02-14 10:30,83,39,44,0,0,0
2025-02-14 10:45,63,35,28,0,0,0
2025-02-14 11:00,71,39,32,0,0,0
2025-02-14 11:15,57,28,29,0,0,0
2025-02-14 11:30,69,34,35,0,0,0
2025-02-14 11:45,84,46,38,0,0,0
2025-02-14 12:00,65,25,40,0,0,0
2025-02-14 12:15,96,45,51,0,0,0
2025-02-14 12:30,110,44,66,0,0,0
2025-02-14 12:45,94,34,60,0,0,0
2025-02-14 13:00,155,71,84,0,0,0
2025-02-14 13:15,142,53,89,0,0,0
2025-02-14 13:30,108,47,61,0,0,0
2025-02-14 13:45,123,57,66,0,0,0
2025-02-14 14:00,119,37,82,0,0,0
2025-02-14 14:15,105,52,53,0,0,0
2025-02-14 14:30,134,66,68,0,0,0
2025-02-14 14:45,91,54,37,0,0,0
2025-02-14 15:00,122,62,60,0,0,0
2025-02-14 15:15,79,54,25,0,0,0
2025-02-14 15:30,135,74,61,0,0,0
2025-02-14 15:45,156,100,56,0,0,0
2025-02-14 16:00,162,99,63,0,0,0
2025-02-14 16:15,112,64,48,0,0,0
2025-02-14 16:30,112,63,49,0,0,0
2025-02-14 16:45,109,55,54,0,0,0
2025-02-14 17:00,98,57,41,0,0,0
2025-02-14 17:15,96,52,44,0,0,0
2025-02-14 17:30,90,37,53,0,0,0
2025-02-14 17:45,116,47,69,0,0,0
2025-02-14 18:00,94,38,56,0,0,0
2025-02-14 18:15,94,35,59,0,0,0
2025-02-14 18:30,60,18,42,0,0,0
2025-02-14 18:45,86,32,54,0,0,0
2025-02-14 19:00,68,29,39,0,0,0
2025-02-14 19:15,57,31,26,0,0,0
2025-02-14 19:30,30,10,20,0,0,0
2025-02-14 19:45,57,36,21,0,0,0
2025-02-14 20:00,45,18,27,0,0,0
2025-02-14 20:15,44,18,26,0,0,0
2025-02-14 20:30,27,9,18,0,0,0
2025-02-14 20:45,30,11,19,0,0,0
2025-02-14 21:00,41,16,25,0,0,0
2025-02-14 21:15,37,9,28,0,0,0
2025-02-14 21:30,28,9,19,0,0,0
2025-02-14 21:45,33,2,31,0,0,0
2025-02-14 22:00,27,12,15,0,0,0
2025-02-14 22:15,29,9,20,0,0,0
2025-02-14 22:30,26,5,21,0,0,0
2025-02-14 22:45,15,0,15,0,0,0
2025-02-14 23:00,17,3,14,0,0,0
2025-02-14 23:15,26,8,18,0,0,0
2025-02-14 23:30,25,9,16,0,0,0
2025-02-14 23:45,14,7,7,0,0,0
