Datetime,100020113 (Wolbecker Straße),101020113 (FR stdteinwärts),102020113 (FR stadtauswärts),100020113-status,101020113-status,102020113-status
2023-10-01 00:00,42,23,19,0,0,0
2023-10-01 00:15,49,23,26,0,0,0
2023-10-01 00:30,51,17,34,0,0,0
2023-10-01 00:45,30,10,20,0,0,0
2023-10-01 01:00,51,27,24,0,0,0
2023-10-01 01:15,36,14,22,0,0,0
2023-10-01 01:30,34,20,14,0,0,0
2023-10-01 01:45,33,14,19,0,0,0
2023-10-01 02:00,30,10,20,0,0,0
2023-10-01 02:15,20,6,14,0,0,0
2023-10-01 02:30,32,9,23,0,0,0
2023-10-01 02:45,12,7,5,0,0,0
2023-10-01 03:00,15,5,10,0,0,0
2023-10-01 03:15,15,5,10,0,0,0
2023-10-01 03:30,30,12,18,0,0,0
2023-10-01 03:45,15,3,12,0,0,0
2023-10-01 04:00,12,2,10,0,0,0
2023-10-01 04:15,9,4,5,0,0,0
2023-10-01 04:30,7,2,5,0,0,0
2023-10-01 04:45,8,3,5,0,0,0
2023-10-01 05:00,4,2,2,0,0,0
2023-10-01 05:15,9,3,6,0,0,0
2023-10-01 05:30,16,4,12,0,0,0
2023-10-01 05:45,6,4,2,0,0,0
2023-10-01 06:00,6,2,4,0,0,0
2023-10-01 06:15,16,3,13,0,0,0
2023-10-01 06:30,8,2,6,0,0,0
2023-10-01 06:45,6,1,5,0,0,0
2023-10-01 07:00,10,6,4,0,0,0
2023-10-01 07:15,11,1,10,0,0,0
2023-10-01 07:30,9,6,3,0,0,0
2023-10-01 07:45,16,5,11,0,0,0
2023-10-01 08:00,10,3,7,0,0,0
2023-10-01 08:15,9,3,6,0,0,0
2023-10-01 08:30,11,6,5,0,0,0
2023-10-01 08:45,32,17,15,0,0,0
2023-10-01 09:00,17,7,10,0,0,0
2023-10-01 09:15,35,17,18,0,0,0
2023-10-01 09:30,57,22,35,0,0,0
2023-10-01 09:45,63,22,41,0,0,0
2023-10-01 10:00,34,16,18,0,0,0
2023-10-01 10:15,49,28,21,0,0,0
2023-10-01 10:30,57,27,30,0,0,0
2023-10-01 10:45,75,32,43,0,0,0
2023-10-01 11:00,68,31,37,0,0,0
2023-10-01 11:15,67,37,30,0,0,0
2023-10-01 11:30,56,24,32,0,0,0
2023-10-01 11:45,59,23,36,0,0,0
2023-10-01 12:00,71,29,42,0,0,0
2023-10-01 12:15,82,28,54,0,0,0
2023-10-01 12:30,88,37,51,0,0,0
2023-10-01 12:45,109,48,61,0,0,0
2023-10-01 13:00,108,49,59,0,0,0
2023-10-01 13:15,109,48,61,0,0,0
2023-10-01 13:30,92,38,54,0,0,0
2023-10-01 13:45,109,44,65,0,0,0
2023-10-01 14:00,92,38,54,0,0,0
2023-10-01 14:15,128,71,57,0,0,0
2023-10-01 14:30,110,60,50,0,0,0
2023-10-01 14:45,131,58,73,0,0,0
2023-10-01 15:00,111,47,64,0,0,0
2023-10-01 15:15,135,56,79,0,0,0
2023-10-01 15:30,137,61,76,0,0,0
2023-10-01 15:45,119,51,68,0,0,0
2023-10-01 16:00,122,62,60,0,0,0
2023-10-01 16:15,116,59,57,0,0,0
2023-10-01 16:30,126,61,65,0,0,0
2023-10-01 16:45,136,63,73,0,0,0
2023-10-01 17:00,117,66,51,0,0,0
2023-10-01 17:15,108,48,60,0,0,0
2023-10-01 17:30,123,71,52,0,0,0
2023-10-01 17:45,134,63,71,0,0,0
2023-10-01 18:00,113,61,52,0,0,0
2023-10-01 18:15,110,64,46,0,0,0
2023-10-01 18:30,94,39,55,0,0,0
2023-10-01 18:45,107,46,61,0,0,0
2023-10-01 19:00,105,51,54,0,0,0
2023-10-01 19:15,124,71,53,0,0,0
2023-10-01 19:30,103,69,34,0,0,0
2023-10-01 19:45,79,39,40,0,0,0
2023-10-01 20:00,61,25,36,0,0,0
2023-10-01 20:15,57,27,30,0,0,0
2023-10-01 20:30,58,35,23,0,0,0
2023-10-01 20:45,63,31,32,0,0,0
2023-10-01 21:00,50,15,35,0,0,0
2023-10-01 21:15,51,33,18,0,0,0
2023-10-01 21:30,46,23,23,0,0,0
2023-10-01 21:45,42,23,19,0,0,0
2023-10-01 22:00,30,9,21,0,0,0
2023-10-01 22:15,40,19,21,0,0,0
2023-10-01 22:30,29,9,20,0,0,0
2023-10-01 22:45,21,6,15,0,0,0
2023-10-01 23:00,23,13,10,0,0,0
2023-10-01 23:15,20,9,11,0,0,0
2023-10-01 23:30,19,9,10,0,0,0
2023-10-01 23:45,15,7,8,0,0,0
2023-10-02 00:00,15,10,5,0,0,0
2023-10-02 00:15,11,7,4,0,0,0
2023-10-02 00:30,17,8,9,0,0,0
2023-10-02 00:45,3,1,2,0,0,0
2023-10-02 01:00,7,2,5,0,0,0
2023-10-02 01:15,9,3,6,0,0,0
2023-10-02 01:30,11,10,1,0,0,0
2023-10-02 01:45,2,1,1,0,0,0
2023-10-02 02:00,4,1,3,0,0,0
2023-10-02 02:15,3,2,1,0,0,0
2023-10-02 02:30,2,2,0,0,0,0
2023-10-02 02:45,4,2,2,0,0,0
2023-10-02 03:00,3,1,2,0,0,0
2023-10-02 03:15,0,0,0,0,0,0
2023-10-02 03:30,1,0,1,0,0,0
2023-10-02 03:45,3,3,0,0,0,0
2023-10-02 04:00,1,1,0,0,0,0
2023-10-02 04:15,3,2,1,0,0,0
2023-10-02 04:30,1,1,0,0,0,0
2023-10-02 04:45,7,5,2,0,0,0
2023-10-02 05:00,4,0,4,0,0,0
2023-10-02 05:15,8,8,0,0,0,0
2023-10-02 05:30,21,6,15,0,0,0
2023-10-02 05:45,15,4,11,0,0,0
2023-10-02 06:00,8,0,8,0,0,0
2023-10-02 06:15,30,10,20,0,0,0
2023-10-02 06:30,37,7,30,0,0,0
2023-10-02 06:45,43,14,29,0,0,0
2023-10-02 07:00,57,18,39,0,0,0
2023-10-02 07:15,81,28,53,0,0,0
2023-10-02 07:30,96,30,66,0,0,0
2023-10-02 07:45,129,41,88,0,0,0
2023-10-02 08:00,97,34,63,0,0,0
2023-10-02 08:15,136,42,94,0,0,0
2023-10-02 08:30,157,37,120,0,0,0
2023-10-02 08:45,138,35,103,0,0,0
2023-10-02 09:00,126,44,82,0,0,0
2023-10-02 09:15,106,25,81,0,0,0
2023-10-02 09:30,161,39,122,0,0,0
2023-10-02 09:45,155,49,106,0,0,0
2023-10-02 10:00,128,36,92,0,0,0
2023-10-02 10:15,133,53,80,0,0,0
2023-10-02 10:30,146,37,109,0,0,0
2023-10-02 10:45,129,46,83,0,0,0
2023-10-02 11:00,146,50,96,0,0,0
2023-10-02 11:15,159,59,100,0,0,0
2023-10-02 11:30,189,87,102,0,0,0
2023-10-02 11:45,167,66,101,0,0,0
2023-10-02 12:00,168,65,103,0,0,0
2023-10-02 12:15,164,56,108,0,0,0
2023-10-02 12:30,168,73,95,0,0,0
2023-10-02 12:45,190,67,123,0,0,0
2023-10-02 13:00,188,87,101,0,0,0
2023-10-02 13:15,162,73,89,0,0,0
2023-10-02 13:30,172,77,95,0,0,0
2023-10-02 13:45,208,92,116,0,0,0
2023-10-02 14:00,187,88,99,0,0,0
2023-10-02 14:15,193,98,95,0,0,0
2023-10-02 14:30,173,90,83,0,0,0
2023-10-02 14:45,222,100,122,0,0,0
2023-10-02 15:00,190,95,95,0,0,0
2023-10-02 15:15,214,118,96,0,0,0
2023-10-02 15:30,237,135,102,0,0,0
2023-10-02 15:45,253,135,118,0,0,0
2023-10-02 16:00,186,101,85,0,0,0
2023-10-02 16:15,221,120,101,0,0,0
2023-10-02 16:30,255,155,100,0,0,0
2023-10-02 16:45,248,136,112,0,0,0
2023-10-02 17:00,203,99,104,0,0,0
2023-10-02 17:15,208,116,92,0,0,0
2023-10-02 17:30,221,130,91,0,0,0
2023-10-02 17:45,220,136,84,0,0,0
2023-10-02 18:00,192,102,90,0,0,0
2023-10-02 18:15,182,102,80,0,0,0
2023-10-02 18:30,204,118,86,0,0,0
2023-10-02 18:45,175,102,73,0,0,0
2023-10-02 19:00,172,102,70,0,0,0
2023-10-02 19:15,174,105,69,0,0,0
2023-10-02 19:30,130,72,58,0,0,0
2023-10-02 19:45,118,58,60,0,0,0
2023-10-02 20:00,119,61,58,0,0,0
2023-10-02 20:15,141,76,65,0,0,0
2023-10-02 20:30,126,74,52,0,0,0
2023-10-02 20:45,91,48,43,0,0,0
2023-10-02 21:00,97,57,40,0,0,0
2023-10-02 21:15,71,44,27,0,0,0
2023-10-02 21:30,90,51,39,0,0,0
2023-10-02 21:45,74,43,31,0,0,0
2023-10-02 22:00,85,38,47,0,0,0
2023-10-02 22:15,68,32,36,0,0,0
2023-10-02 22:30,89,56,33,0,0,0
2023-10-02 22:45,65,41,24,0,0,0
2023-10-02 23:00,71,55,16,0,0,0
2023-10-02 23:15,54,38,16,0,0,0
2023-10-02 23:30,51,34,17,0,0,0
2023-10-02 23:45,42,26,16,0,0,0
2023-10-03 00:00,52,32,20,0,0,0
2023-10-03 00:15,40,22,18,0,0,0
2023-10-03 00:30,39,23,16,0,0,0
2023-10-03 00:45,39,21,18,0,0,0
2023-10-03 01:00,51,25,26,0,0,0
2023-10-03 01:15,50,29,21,0,0,0
2023-10-03 01:30,52,20,32,0,0,0
2023-10-03 01:45,38,13,25,0,0,0
2023-10-03 02:00,57,22,35,0,0,0
2023-10-03 02:15,22,6,16,0,0,0
2023-10-03 02:30,32,12,20,0,0,0
2023-10-03 02:45,22,4,18,0,0,0
2023-10-03 03:00,36,11,25,0,0,0
2023-10-03 03:15,26,2,24,0,0,0
2023-10-03 03:30,18,5,13,0,0,0
2023-10-03 03:45,20,9,11,0,0,0
2023-10-03 04:00,12,4,8,0,0,0
2023-10-03 04:15,10,4,6,0,0,0
2023-10-03 04:30,9,2,7,0,0,0
2023-10-03 04:45,5,1,4,0,0,0
2023-10-03 05:00,7,0,7,0,0,0
2023-10-03 05:15,5,2,3,0,0,0
2023-10-03 05:30,19,3,16,0,0,0
2023-10-03 05:45,5,2,3,0,0,0
2023-10-03 06:00,12,4,8,0,0,0
2023-10-03 06:15,6,0,6,0,0,0
2023-10-03 06:30,9,4,5,0,0,0
2023-10-03 06:45,13,7,6,0,0,0
2023-10-03 07:00,7,0,7,0,0,0
2023-10-03 07:15,36,6,30,0,0,0
2023-10-03 07:30,72,9,63,0,0,0
2023-10-03 07:45,40,8,32,0,0,0
2023-10-03 08:00,52,4,48,0,0,0
2023-10-03 08:15,59,12,47,0,0,0
2023-10-03 08:30,39,11,28,0,0,0
2023-10-03 08:45,39,13,26,0,0,0
2023-10-03 09:00,50,19,31,0,0,0
2023-10-03 09:15,61,9,52,0,0,0
2023-10-03 09:30,59,14,45,0,0,0
2023-10-03 09:45,80,31,49,0,0,0
2023-10-03 10:00,56,20,36,0,0,0
2023-10-03 10:15,48,27,21,0,0,0
2023-10-03 10:30,67,30,37,0,0,0
2023-10-03 10:45,86,37,49,0,0,0
2023-10-03 11:00,80,46,34,0,0,0
2023-10-03 11:15,64,28,36,0,0,0
2023-10-03 11:30,62,31,31,0,0,0
2023-10-03 11:45,82,44,38,0,0,0
2023-10-03 12:00,92,28,64,0,0,0
2023-10-03 12:15,127,48,79,0,0,0
2023-10-03 12:30,94,45,49,0,0,0
2023-10-03 12:45,124,72,52,0,0,0
2023-10-03 13:00,115,66,49,0,0,0
2023-10-03 13:15,87,47,40,0,0,0
2023-10-03 13:30,92,46,46,0,0,0
2023-10-03 13:45,79,42,37,0,0,0
2023-10-03 14:00,105,52,53,0,0,0
2023-10-03 14:15,87,44,43,0,0,0
2023-10-03 14:30,90,41,49,0,0,0
2023-10-03 14:45,96,53,43,0,0,0
2023-10-03 15:00,94,50,44,0,0,0
2023-10-03 15:15,85,43,42,0,0,0
2023-10-03 15:30,68,36,32,0,0,0
2023-10-03 15:45,103,59,44,0,0,0
2023-10-03 16:00,73,31,42,0,0,0
2023-10-03 16:15,90,46,44,0,0,0
2023-10-03 16:30,84,25,59,0,0,0
2023-10-03 16:45,87,37,50,0,0,0
2023-10-03 17:00,77,41,36,0,0,0
2023-10-03 17:15,56,24,32,0,0,0
2023-10-03 17:30,100,60,40,0,0,0
2023-10-03 17:45,141,84,57,0,0,0
2023-10-03 18:00,111,65,46,0,0,0
2023-10-03 18:15,112,67,45,0,0,0
2023-10-03 18:30,81,45,36,0,0,0
2023-10-03 18:45,93,46,47,0,0,0
2023-10-03 19:00,100,51,49,0,0,0
2023-10-03 19:15,82,47,35,0,0,0
2023-10-03 19:30,77,42,35,0,0,0
2023-10-03 19:45,86,47,39,0,0,0
2023-10-03 20:00,94,49,45,0,0,0
2023-10-03 20:15,76,45,31,0,0,0
2023-10-03 20:30,62,30,32,0,0,0
2023-10-03 20:45,65,33,32,0,0,0
2023-10-03 21:00,58,38,20,0,0,0
2023-10-03 21:15,47,29,18,0,0,0
2023-10-03 21:30,41,21,20,0,0,0
2023-10-03 21:45,48,25,23,0,0,0
2023-10-03 22:00,40,17,23,0,0,0
2023-10-03 22:15,54,31,23,0,0,0
2023-10-03 22:30,38,14,24,0,0,0
2023-10-03 22:45,35,16,19,0,0,0
2023-10-03 23:00,37,15,22,0,0,0
2023-10-03 23:15,43,15,28,0,0,0
2023-10-03 23:30,34,21,13,0,0,0
2023-10-03 23:45,21,12,9,0,0,0
2023-10-04 00:00,22,17,5,0,0,0
2023-10-04 00:15,14,8,6,0,0,0
2023-10-04 00:30,28,11,17,0,0,0
2023-10-04 00:45,12,6,6,0,0,0
2023-10-04 01:00,12,5,7,0,0,0
2023-10-04 01:15,16,6,10,0,0,0
2023-10-04 01:30,12,7,5,0,0,0
2023-10-04 01:45,18,12,6,0,0,0
2023-10-04 02:00,6,5,1,0,0,0
2023-10-04 02:15,6,4,2,0,0,0
2023-10-04 02:30,7,3,4,0,0,0
2023-10-04 02:45,11,5,6,0,0,0
2023-10-04 03:00,8,2,6,0,0,0
2023-10-04 03:15,11,3,8,0,0,0
2023-10-04 03:30,3,0,3,0,0,0
2023-10-04 03:45,5,2,3,0,0,0
2023-10-04 04:00,4,2,2,0,0,0
2023-10-04 04:15,6,2,4,0,0,0
2023-10-04 04:30,1,1,0,0,0,0
2023-10-04 04:45,7,4,3,0,0,0
2023-10-04 05:00,7,4,3,0,0,0
2023-10-04 05:15,14,10,4,0,0,0
2023-10-04 05:30,27,9,18,0,0,0
2023-10-04 05:45,23,10,13,0,0,0
2023-10-04 06:00,22,5,17,0,0,0
2023-10-04 06:15,32,8,24,0,0,0
2023-10-04 06:30,57,19,38,0,0,0
2023-10-04 06:45,76,28,48,0,0,0
2023-10-04 07:00,83,32,51,0,0,0
2023-10-04 07:15,129,32,97,0,0,0
2023-10-04 07:30,173,46,127,0,0,0
2023-10-04 07:45,215,76,139,0,0,0
2023-10-04 08:00,158,49,109,0,0,0
2023-10-04 08:15,183,61,122,0,0,0
2023-10-04 08:30,207,53,154,0,0,0
2023-10-04 08:45,211,59,152,0,0,0
2023-10-04 09:00,118,36,82,0,0,0
2023-10-04 09:15,140,37,103,0,0,0
2023-10-04 09:30,165,41,124,0,0,0
2023-10-04 09:45,196,49,147,0,0,0
2023-10-04 10:00,158,59,99,0,0,0
2023-10-04 10:15,131,43,88,0,0,0
2023-10-04 10:30,154,60,94,0,0,0
2023-10-04 10:45,178,55,123,0,0,0
2023-10-04 11:00,126,50,76,0,0,0
2023-10-04 11:15,165,48,117,0,0,0
2023-10-04 11:30,165,53,112,0,0,0
2023-10-04 11:45,180,76,104,0,0,0
2023-10-04 12:00,184,83,101,0,0,0
2023-10-04 12:15,191,83,108,0,0,0
2023-10-04 12:30,173,77,96,0,0,0
2023-10-04 12:45,195,83,112,0,0,0
2023-10-04 13:00,211,106,105,0,0,0
2023-10-04 13:15,185,95,90,0,0,0
2023-10-04 13:30,185,103,82,0,0,0
2023-10-04 13:45,193,103,90,0,0,0
2023-10-04 14:00,199,104,95,0,0,0
2023-10-04 14:15,172,83,89,0,0,0
2023-10-04 14:30,169,93,76,0,0,0
2023-10-04 14:45,162,85,77,0,0,0
2023-10-04 15:00,165,74,91,0,0,0
2023-10-04 15:15,173,103,70,0,0,0
2023-10-04 15:30,166,78,88,0,0,0
2023-10-04 15:45,233,114,119,0,0,0
2023-10-04 16:00,211,117,94,0,0,0
2023-10-04 16:15,236,126,110,0,0,0
2023-10-04 16:30,230,127,103,0,0,0
2023-10-04 16:45,235,126,109,0,0,0
2023-10-04 17:00,251,140,111,0,0,0
2023-10-04 17:15,225,120,105,0,0,0
2023-10-04 17:30,232,120,112,0,0,0
2023-10-04 17:45,213,123,90,0,0,0
2023-10-04 18:00,210,140,70,0,0,0
2023-10-04 18:15,212,129,83,0,0,0
2023-10-04 18:30,186,101,85,0,0,0
2023-10-04 18:45,206,121,85,0,0,0
2023-10-04 19:00,193,127,66,0,0,0
2023-10-04 19:15,160,94,66,0,0,0
2023-10-04 19:30,141,79,62,0,0,0
2023-10-04 19:45,123,63,60,0,0,0
2023-10-04 20:00,101,58,43,0,0,0
2023-10-04 20:15,144,76,68,0,0,0
2023-10-04 20:30,121,58,63,0,0,0
2023-10-04 20:45,91,54,37,0,0,0
2023-10-04 21:00,74,40,34,0,0,0
2023-10-04 21:15,91,42,49,0,0,0
2023-10-04 21:30,88,50,38,0,0,0
2023-10-04 21:45,71,37,34,0,0,0
2023-10-04 22:00,78,34,44,0,0,0
2023-10-04 22:15,57,28,29,0,0,0
2023-10-04 22:30,62,29,33,0,0,0
2023-10-04 22:45,59,35,24,0,0,0
2023-10-04 23:00,65,40,25,0,0,0
2023-10-04 23:15,100,82,18,0,0,0
2023-10-04 23:30,45,24,21,0,0,0
2023-10-04 23:45,67,36,31,0,0,0
2023-10-05 00:00,41,24,17,0,0,0
2023-10-05 00:15,58,30,28,0,0,0
2023-10-05 00:30,20,13,7,0,0,0
2023-10-05 00:45,33,15,18,0,0,0
2023-10-05 01:00,33,15,18,0,0,0
2023-10-05 01:15,33,20,13,0,0,0
2023-10-05 01:30,26,8,18,0,0,0
2023-10-05 01:45,31,13,18,0,0,0
2023-10-05 02:00,43,14,29,0,0,0
2023-10-05 02:15,32,14,18,0,0,0
2023-10-05 02:30,47,20,27,0,0,0
2023-10-05 02:45,39,17,22,0,0,0
2023-10-05 03:00,31,9,22,0,0,0
2023-10-05 03:15,40,13,27,0,0,0
2023-10-05 03:30,16,5,11,0,0,0
2023-10-05 03:45,15,2,13,0,0,0
2023-10-05 04:00,13,2,11,0,0,0
2023-10-05 04:15,18,4,14,0,0,0
2023-10-05 04:30,5,2,3,0,0,0
2023-10-05 04:45,6,1,5,0,0,0
2023-10-05 05:00,11,7,4,0,0,0
2023-10-05 05:15,18,9,9,0,0,0
2023-10-05 05:30,15,5,10,0,0,0
2023-10-05 05:45,24,7,17,0,0,0
2023-10-05 06:00,13,4,9,0,0,0
2023-10-05 06:15,35,12,23,0,0,0
2023-10-05 06:30,56,20,36,0,0,0
2023-10-05 06:45,68,29,39,0,0,0
2023-10-05 07:00,69,10,59,0,0,0
2023-10-05 07:15,105,39,66,0,0,0
2023-10-05 07:30,134,36,98,0,0,0
2023-10-05 07:45,208,59,149,0,0,0
2023-10-05 08:00,162,56,106,0,0,0
2023-10-05 08:15,164,51,113,0,0,0
2023-10-05 08:30,178,53,125,0,0,0
2023-10-05 08:45,164,55,109,0,0,0
2023-10-05 09:00,101,36,65,0,0,0
2023-10-05 09:15,115,31,84,0,0,0
2023-10-05 09:30,136,40,96,0,0,0
2023-10-05 09:45,160,43,117,0,0,0
2023-10-05 10:00,113,47,66,0,0,0
2023-10-05 10:15,123,41,82,0,0,0
2023-10-05 10:30,118,42,76,0,0,0
2023-10-05 10:45,123,43,80,0,0,0
2023-10-05 11:00,113,45,68,0,0,0
2023-10-05 11:15,140,53,87,0,0,0
2023-10-05 11:30,124,50,74,0,0,0
2023-10-05 11:45,173,84,89,0,0,0
2023-10-05 12:00,144,65,79,0,0,0
2023-10-05 12:15,133,68,65,0,0,0
2023-10-05 12:30,150,69,81,0,0,0
2023-10-05 12:45,149,69,80,0,0,0
2023-10-05 13:00,144,71,73,0,0,0
2023-10-05 13:15,179,89,90,0,0,0
2023-10-05 13:30,153,70,83,0,0,0
2023-10-05 13:45,174,77,97,0,0,0
2023-10-05 14:00,147,65,82,0,0,0
2023-10-05 14:15,145,65,80,0,0,0
2023-10-05 14:30,176,82,94,0,0,0
2023-10-05 14:45,169,84,85,0,0,0
2023-10-05 15:00,156,79,77,0,0,0
2023-10-05 15:15,198,89,109,0,0,0
2023-10-05 15:30,176,99,77,0,0,0
2023-10-05 15:45,200,104,96,0,0,0
2023-10-05 16:00,183,86,97,0,0,0
2023-10-05 16:15,231,118,113,0,0,0
2023-10-05 16:30,224,122,102,0,0,0
2023-10-05 16:45,207,108,99,0,0,0
2023-10-05 17:00,204,125,79,0,0,0
2023-10-05 17:15,221,121,100,0,0,0
2023-10-05 17:30,196,108,88,0,0,0
2023-10-05 17:45,249,148,101,0,0,0
2023-10-05 18:00,191,99,92,0,0,0
2023-10-05 18:15,182,102,80,0,0,0
2023-10-05 18:30,198,102,96,0,0,0
2023-10-05 18:45,186,90,96,0,0,0
2023-10-05 19:00,189,124,65,0,0,0
2023-10-05 19:15,167,93,74,0,0,0
2023-10-05 19:30,139,81,58,0,0,0
2023-10-05 19:45,124,62,62,0,0,0
2023-10-05 20:00,113,62,51,0,0,0
2023-10-05 20:15,94,46,48,0,0,0
2023-10-05 20:30,76,44,32,0,0,0
2023-10-05 20:45,71,38,33,0,0,0
2023-10-05 21:00,76,45,31,0,0,0
2023-10-05 21:15,93,42,51,0,0,0
2023-10-05 21:30,66,30,36,0,0,0
2023-10-05 21:45,67,35,32,0,0,0
2023-10-05 22:00,83,50,33,0,0,0
2023-10-05 22:15,78,41,37,0,0,0
2023-10-05 22:30,66,38,28,0,0,0
2023-10-05 22:45,58,33,25,0,0,0
2023-10-05 23:00,39,16,23,0,0,0
2023-10-05 23:15,38,24,14,0,0,0
2023-10-05 23:30,34,15,19,0,0,0
2023-10-05 23:45,43,22,21,0,0,0
2023-10-06 00:00,27,13,14,0,0,0
2023-10-06 00:15,31,22,9,0,0,0
2023-10-06 00:30,25,16,9,0,0,0
2023-10-06 00:45,22,14,8,0,0,0
2023-10-06 01:00,12,4,8,0,0,0
2023-10-06 01:15,14,10,4,0,0,0
2023-10-06 01:30,18,12,6,0,0,0
2023-10-06 01:45,22,9,13,0,0,0
2023-10-06 02:00,20,12,8,0,0,0
2023-10-06 02:15,16,11,5,0,0,0
2023-10-06 02:30,10,6,4,0,0,0
2023-10-06 02:45,12,5,7,0,0,0
2023-10-06 03:00,13,9,4,0,0,0
2023-10-06 03:15,11,4,7,0,0,0
2023-10-06 03:30,5,1,4,0,0,0
2023-10-06 03:45,17,5,12,0,0,0
2023-10-06 04:00,8,4,4,0,0,0
2023-10-06 04:15,14,2,12,0,0,0
2023-10-06 04:30,13,4,9,0,0,0
2023-10-06 04:45,4,2,2,0,0,0
2023-10-06 05:00,8,4,4,0,0,0
2023-10-06 05:15,15,11,4,0,0,0
2023-10-06 05:30,11,5,6,0,0,0
2023-10-06 05:45,19,6,13,0,0,0
2023-10-06 06:00,17,2,15,0,0,0
2023-10-06 06:15,33,11,22,0,0,0
2023-10-06 06:30,51,20,31,0,0,0
2023-10-06 06:45,69,26,43,0,0,0
2023-10-06 07:00,63,23,40,0,0,0
2023-10-06 07:15,88,35,53,0,0,0
2023-10-06 07:30,122,37,85,0,0,0
2023-10-06 07:45,155,52,103,0,0,0
2023-10-06 08:00,143,39,104,0,0,0
2023-10-06 08:15,132,42,90,0,0,0
2023-10-06 08:30,159,47,112,0,0,0
2023-10-06 08:45,172,53,119,0,0,0
2023-10-06 09:00,119,40,79,0,0,0
2023-10-06 09:15,113,42,71,0,0,0
2023-10-06 09:30,122,34,88,0,0,0
2023-10-06 09:45,177,54,123,0,0,0
2023-10-06 10:00,138,49,89,0,0,0
2023-10-06 10:15,139,47,92,0,0,0
2023-10-06 10:30,129,48,81,0,0,0
2023-10-06 10:45,153,48,105,0,0,0
2023-10-06 11:00,153,52,101,0,0,0
2023-10-06 11:15,148,61,87,0,0,0
2023-10-06 11:30,146,67,79,0,0,0
2023-10-06 11:45,160,72,88,0,0,0
2023-10-06 12:00,155,66,89,0,0,0
2023-10-06 12:15,172,82,90,0,0,0
2023-10-06 12:30,164,79,85,0,0,0
2023-10-06 12:45,199,80,119,0,0,0
2023-10-06 13:00,224,83,141,0,0,0
2023-10-06 13:15,171,90,81,0,0,0
2023-10-06 13:30,200,96,104,0,0,0
2023-10-06 13:45,214,86,128,0,0,0
2023-10-06 14:00,178,98,80,0,0,0
2023-10-06 14:15,173,88,85,0,0,0
2023-10-06 14:30,171,82,89,0,0,0
2023-10-06 14:45,192,83,109,0,0,0
2023-10-06 15:00,186,91,95,0,0,0
2023-10-06 15:15,184,91,93,0,0,0
2023-10-06 15:30,181,104,77,0,0,0
2023-10-06 15:45,215,111,104,0,0,0
2023-10-06 16:00,182,103,79,0,0,0
2023-10-06 16:15,208,111,97,0,0,0
2023-10-06 16:30,184,95,89,0,0,0
2023-10-06 16:45,217,128,89,0,0,0
2023-10-06 17:00,174,110,64,0,0,0
2023-10-06 17:15,175,106,69,0,0,0
2023-10-06 17:30,191,99,92,0,0,0
2023-10-06 17:45,178,101,77,0,0,0
2023-10-06 18:00,173,116,57,0,0,0
2023-10-06 18:15,177,105,72,0,0,0
2023-10-06 18:30,182,113,69,0,0,0
2023-10-06 18:45,196,118,78,0,0,0
2023-10-06 19:00,154,100,54,0,0,0
2023-10-06 19:15,173,91,82,0,0,0
2023-10-06 19:30,144,89,55,0,0,0
2023-10-06 19:45,122,66,56,0,0,0
2023-10-06 20:00,110,55,55,0,0,0
2023-10-06 20:15,101,46,55,0,0,0
2023-10-06 20:30,112,63,49,0,0,0
2023-10-06 20:45,103,50,53,0,0,0
2023-10-06 21:00,71,31,40,0,0,0
2023-10-06 21:15,86,35,51,0,0,0
2023-10-06 21:30,66,36,30,0,0,0
2023-10-06 21:45,73,38,35,0,0,0
2023-10-06 22:00,77,39,38,0,0,0
2023-10-06 22:15,54,33,21,0,0,0
2023-10-06 22:30,61,40,21,0,0,0
2023-10-06 22:45,82,38,44,0,0,0
2023-10-06 23:00,58,27,31,0,0,0
2023-10-06 23:15,48,30,18,0,0,0
2023-10-06 23:30,58,31,27,0,0,0
2023-10-06 23:45,55,28,27,0,0,0
2023-10-07 00:00,58,19,39,0,0,0
2023-10-07 00:15,62,34,28,0,0,0
2023-10-07 00:30,47,13,34,0,0,0
2023-10-07 00:45,59,24,35,0,0,0
2023-10-07 01:00,38,15,23,0,0,0
2023-10-07 01:15,41,24,17,0,0,0
2023-10-07 01:30,39,13,26,0,0,0
2023-10-07 01:45,45,13,32,0,0,0
2023-10-07 02:00,36,15,21,0,0,0
2023-10-07 02:15,41,19,22,0,0,0
2023-10-07 02:30,22,9,13,0,0,0
2023-10-07 02:45,28,12,16,0,0,0
2023-10-07 03:00,19,8,11,0,0,0
2023-10-07 03:15,20,9,11,0,0,0
2023-10-07 03:30,21,8,13,0,0,0
2023-10-07 03:45,23,3,20,0,0,0
2023-10-07 04:00,30,12,18,0,0,0
2023-10-07 04:15,13,5,8,0,0,0
2023-10-07 04:30,6,1,5,0,0,0
2023-10-07 04:45,9,2,7,0,0,0
2023-10-07 05:00,11,4,7,0,0,0
2023-10-07 05:15,16,6,10,0,0,0
2023-10-07 05:30,16,1,15,0,0,0
2023-10-07 05:45,10,3,7,0,0,0
2023-10-07 06:00,18,5,13,0,0,0
2023-10-07 06:15,9,3,6,0,0,0
2023-10-07 06:30,11,5,6,0,0,0
2023-10-07 06:45,21,6,15,0,0,0
2023-10-07 07:00,16,5,11,0,0,0
2023-10-07 07:15,22,5,17,0,0,0
2023-10-07 07:30,15,3,12,0,0,0
2023-10-07 07:45,21,8,13,0,0,0
2023-10-07 08:00,32,11,21,0,0,0
2023-10-07 08:15,27,10,17,0,0,0
2023-10-07 08:30,47,15,32,0,0,0
2023-10-07 08:45,70,27,43,0,0,0
2023-10-07 09:00,51,15,36,0,0,0
2023-10-07 09:15,71,21,50,0,0,0
2023-10-07 09:30,76,31,45,0,0,0
2023-10-07 09:45,108,29,79,0,0,0
2023-10-07 10:00,112,36,76,0,0,0
2023-10-07 10:15,107,41,66,0,0,0
2023-10-07 10:30,113,38,75,0,0,0
2023-10-07 10:45,130,43,87,0,0,0
2023-10-07 11:00,115,33,82,0,0,0
2023-10-07 11:15,153,59,94,0,0,0
2023-10-07 11:30,165,56,109,0,0,0
2023-10-07 11:45,177,75,102,0,0,0
2023-10-07 12:00,154,54,100,0,0,0
2023-10-07 12:15,165,66,99,0,0,0
2023-10-07 12:30,170,60,110,0,0,0
2023-10-07 12:45,174,76,98,0,0,0
2023-10-07 13:00,174,66,108,0,0,0
2023-10-07 13:15,213,90,123,0,0,0
2023-10-07 13:30,176,80,96,0,0,0
2023-10-07 13:45,182,85,97,0,0,0
2023-10-07 14:00,155,82,73,0,0,0
2023-10-07 14:15,183,95,88,0,0,0
2023-10-07 14:30,145,95,50,0,0,0
2023-10-07 14:45,148,86,62,0,0,0
2023-10-07 15:00,153,86,67,0,0,0
2023-10-07 15:15,154,86,68,0,0,0
2023-10-07 15:30,127,64,63,0,0,0
2023-10-07 15:45,141,74,67,0,0,0
2023-10-07 16:00,122,72,50,0,0,0
2023-10-07 16:15,138,69,69,0,0,0
2023-10-07 16:30,143,90,53,0,0,0
2023-10-07 16:45,157,82,75,0,0,0
2023-10-07 17:00,141,96,45,0,0,0
2023-10-07 17:15,131,64,67,0,0,0
2023-10-07 17:30,142,91,51,0,0,0
2023-10-07 17:45,143,89,54,0,0,0
2023-10-07 18:00,124,71,53,0,0,0
2023-10-07 18:15,163,107,56,0,0,0
2023-10-07 18:30,119,62,57,0,0,0
2023-10-07 18:45,117,64,53,0,0,0
2023-10-07 19:00,120,67,53,0,0,0
2023-10-07 19:15,134,71,63,0,0,0
2023-10-07 19:30,109,60,49,0,0,0
2023-10-07 19:45,100,53,47,0,0,0
2023-10-07 20:00,107,61,46,0,0,0
2023-10-07 20:15,87,53,34,0,0,0
2023-10-07 20:30,71,39,32,0,0,0
2023-10-07 20:45,41,19,22,0,0,0
2023-10-07 21:00,57,33,24,0,0,0
2023-10-07 21:15,49,24,25,0,0,0
2023-10-07 21:30,36,23,13,0,0,0
2023-10-07 21:45,65,38,27,0,0,0
2023-10-07 22:00,69,31,38,0,0,0
2023-10-07 22:15,70,48,22,0,0,0
2023-10-07 22:30,47,21,26,0,0,0
2023-10-07 22:45,69,36,33,0,0,0
2023-10-07 23:00,65,28,37,0,0,0
2023-10-07 23:15,41,18,23,0,0,0
2023-10-07 23:30,44,25,19,0,0,0
2023-10-07 23:45,37,14,23,0,0,0
2023-10-08 00:00,55,21,34,0,0,0
2023-10-08 00:15,41,20,21,0,0,0
2023-10-08 00:30,55,26,29,0,0,0
2023-10-08 00:45,46,13,33,0,0,0
2023-10-08 01:00,37,17,20,0,0,0
2023-10-08 01:15,37,15,22,0,0,0
2023-10-08 01:30,25,9,16,0,0,0
2023-10-08 01:45,41,18,23,0,0,0
2023-10-08 02:00,32,14,18,0,0,0
2023-10-08 02:15,22,11,11,0,0,0
2023-10-08 02:30,29,6,23,0,0,0
2023-10-08 02:45,23,11,12,0,0,0
2023-10-08 03:00,23,10,13,0,0,0
2023-10-08 03:15,17,4,13,0,0,0
2023-10-08 03:30,6,2,4,0,0,0
2023-10-08 03:45,16,5,11,0,0,0
2023-10-08 04:00,14,7,7,0,0,0
2023-10-08 04:15,7,2,5,0,0,0
2023-10-08 04:30,14,4,10,0,0,0
2023-10-08 04:45,13,6,7,0,0,0
2023-10-08 05:00,6,1,5,0,0,0
2023-10-08 05:15,8,4,4,0,0,0
2023-10-08 05:30,6,1,5,0,0,0
2023-10-08 05:45,11,0,11,0,0,0
2023-10-08 06:00,11,3,8,0,0,0
2023-10-08 06:15,7,2,5,0,0,0
2023-10-08 06:30,9,3,6,0,0,0
2023-10-08 06:45,10,6,4,0,0,0
2023-10-08 07:00,6,2,4,0,0,0
2023-10-08 07:15,10,8,2,0,0,0
2023-10-08 07:30,8,2,6,0,0,0
2023-10-08 07:45,9,3,6,0,0,0
2023-10-08 08:00,10,3,7,0,0,0
2023-10-08 08:15,8,5,3,0,0,0
2023-10-08 08:30,11,5,6,0,0,0
2023-10-08 08:45,17,10,7,0,0,0
2023-10-08 09:00,12,4,8,0,0,0
2023-10-08 09:15,17,8,9,0,0,0
2023-10-08 09:30,24,14,10,0,0,0
2023-10-08 09:45,40,14,26,0,0,0
2023-10-08 10:00,36,14,22,0,0,0
2023-10-08 10:15,36,16,20,0,0,0
2023-10-08 10:30,37,27,10,0,0,0
2023-10-08 10:45,41,25,16,0,0,0
2023-10-08 11:00,50,27,23,0,0,0
2023-10-08 11:15,41,16,25,0,0,0
2023-10-08 11:30,48,27,21,0,0,0
2023-10-08 11:45,58,24,34,0,0,0
2023-10-08 12:00,56,28,28,0,0,0
2023-10-08 12:15,68,30,38,0,0,0
2023-10-08 12:30,79,30,49,0,0,0
2023-10-08 12:45,99,33,66,0,0,0
2023-10-08 13:00,75,26,49,0,0,0
2023-10-08 13:15,73,24,49,0,0,0
2023-10-08 13:30,56,24,32,0,0,0
2023-10-08 13:45,97,44,53,0,0,0
2023-10-08 14:00,96,42,54,0,0,0
2023-10-08 14:15,76,32,44,0,0,0
2023-10-08 14:30,104,48,56,0,0,0
2023-10-08 14:45,130,49,81,0,0,0
2023-10-08 15:00,99,43,56,0,0,0
2023-10-08 15:15,87,39,48,0,0,0
2023-10-08 15:30,103,56,47,0,0,0
2023-10-08 15:45,105,42,63,0,0,0
2023-10-08 16:00,132,74,58,0,0,0
2023-10-08 16:15,96,44,52,0,0,0
2023-10-08 16:30,111,52,59,0,0,0
2023-10-08 16:45,97,47,50,0,0,0
2023-10-08 17:00,110,52,58,0,0,0
2023-10-08 17:15,125,71,54,0,0,0
2023-10-08 17:30,126,67,59,0,0,0
2023-10-08 17:45,118,52,66,0,0,0
2023-10-08 18:00,104,52,52,0,0,0
2023-10-08 18:15,108,40,68,0,0,0
2023-10-08 18:30,95,45,50,0,0,0
2023-10-08 18:45,102,51,51,0,0,0
2023-10-08 19:00,103,66,37,0,0,0
2023-10-08 19:15,80,42,38,0,0,0
2023-10-08 19:30,77,32,45,0,0,0
2023-10-08 19:45,76,34,42,0,0,0
2023-10-08 20:00,50,27,23,0,0,0
2023-10-08 20:15,65,32,33,0,0,0
2023-10-08 20:30,60,28,32,0,0,0
2023-10-08 20:45,59,28,31,0,0,0
2023-10-08 21:00,53,26,27,0,0,0
2023-10-08 21:15,43,30,13,0,0,0
2023-10-08 21:30,42,16,26,0,0,0
2023-10-08 21:45,36,16,20,0,0,0
2023-10-08 22:00,45,19,26,0,0,0
2023-10-08 22:15,41,15,26,0,0,0
2023-10-08 22:30,19,7,12,0,0,0
2023-10-08 22:45,21,9,12,0,0,0
2023-10-08 23:00,26,11,15,0,0,0
2023-10-08 23:15,13,2,11,0,0,0
2023-10-08 23:30,11,6,5,0,0,0
2023-10-08 23:45,12,5,7,0,0,0
2023-10-09 00:00,13,4,9,0,0,0
2023-10-09 00:15,12,5,7,0,0,0
2023-10-09 00:30,10,6,4,0,0,0
2023-10-09 00:45,8,5,3,0,0,0
2023-10-09 01:00,6,1,5,0,0,0
2023-10-09 01:15,2,1,1,0,0,0
2023-10-09 01:30,4,2,2,0,0,0
2023-10-09 01:45,0,0,0,0,0,0
2023-10-09 02:00,2,1,1,0,0,0
2023-10-09 02:15,3,3,0,0,0,0
2023-10-09 02:30,0,0,0,0,0,0
2023-10-09 02:45,3,2,1,0,0,0
2023-10-09 03:00,0,0,0,0,0,0
2023-10-09 03:15,2,1,1,0,0,0
2023-10-09 03:30,4,2,2,0,0,0
2023-10-09 03:45,6,1,5,0,0,0
2023-10-09 04:00,0,0,0,0,0,0
2023-10-09 04:15,4,4,0,0,0,0
2023-10-09 04:30,4,3,1,0,0,0
2023-10-09 04:45,4,2,2,0,0,0
2023-10-09 05:00,5,5,0,0,0,0
2023-10-09 05:15,8,4,4,0,0,0
2023-10-09 05:30,21,9,12,0,0,0
2023-10-09 05:45,22,7,15,0,0,0
2023-10-09 06:00,17,7,10,0,0,0
2023-10-09 06:15,34,16,18,0,0,0
2023-10-09 06:30,56,18,38,0,0,0
2023-10-09 06:45,73,30,43,0,0,0
2023-10-09 07:00,87,30,57,0,0,0
2023-10-09 07:15,120,32,88,0,0,0
2023-10-09 07:30,172,45,127,0,0,0
2023-10-09 07:45,216,53,163,0,0,0
2023-10-09 08:00,154,45,109,0,0,0
2023-10-09 08:15,159,48,111,0,0,0
2023-10-09 08:30,164,38,126,0,0,0
2023-10-09 08:45,163,45,118,0,0,0
2023-10-09 09:00,109,30,79,0,0,0
2023-10-09 09:15,115,35,80,0,0,0
2023-10-09 09:30,110,25,85,0,0,0
2023-10-09 09:45,212,36,176,0,0,0
2023-10-09 10:00,139,48,91,0,0,0
2023-10-09 10:15,91,39,52,0,0,0
2023-10-09 10:30,84,29,55,0,0,0
2023-10-09 10:45,125,60,65,0,0,0
2023-10-09 11:00,85,38,47,0,0,0
2023-10-09 11:15,111,39,72,0,0,0
2023-10-09 11:30,123,48,75,0,0,0
2023-10-09 11:45,147,50,97,0,0,0
2023-10-09 12:00,148,66,82,0,0,0
2023-10-09 12:15,132,64,68,0,0,0
2023-10-09 12:30,109,47,62,0,0,0
2023-10-09 12:45,140,74,66,0,0,0
2023-10-09 13:00,111,62,49,0,0,0
2023-10-09 13:15,149,68,81,0,0,0
2023-10-09 13:30,137,62,75,0,0,0
2023-10-09 13:45,177,80,97,0,0,0
2023-10-09 14:00,148,67,81,0,0,0
2023-10-09 14:15,124,73,51,0,0,0
2023-10-09 14:30,136,74,62,0,0,0
2023-10-09 14:45,153,63,90,0,0,0
2023-10-09 15:00,136,80,56,0,0,0
2023-10-09 15:15,157,84,73,0,0,0
2023-10-09 15:30,186,93,93,0,0,0
2023-10-09 15:45,211,107,104,0,0,0
2023-10-09 16:00,210,124,86,0,0,0
2023-10-09 16:15,197,116,81,0,0,0
2023-10-09 16:30,207,123,84,0,0,0
2023-10-09 16:45,218,117,101,0,0,0
2023-10-09 17:00,209,123,86,0,0,0
2023-10-09 17:15,215,123,92,0,0,0
2023-10-09 17:30,211,117,94,0,0,0
2023-10-09 17:45,238,118,120,0,0,0
2023-10-09 18:00,214,121,93,0,0,0
2023-10-09 18:15,193,119,74,0,0,0
2023-10-09 18:30,150,80,70,0,0,0
2023-10-09 18:45,183,100,83,0,0,0
2023-10-09 19:00,165,90,75,0,0,0
2023-10-09 19:15,144,81,63,0,0,0
2023-10-09 19:30,124,69,55,0,0,0
2023-10-09 19:45,121,83,38,0,0,0
2023-10-09 20:00,104,61,43,0,0,0
2023-10-09 20:15,89,48,41,0,0,0
2023-10-09 20:30,85,51,34,0,0,0
2023-10-09 20:45,76,39,37,0,0,0
2023-10-09 21:00,53,22,31,0,0,0
2023-10-09 21:15,70,45,25,0,0,0
2023-10-09 21:30,60,29,31,0,0,0
2023-10-09 21:45,63,34,29,0,0,0
2023-10-09 22:00,67,31,36,0,0,0
2023-10-09 22:15,69,28,41,0,0,0
2023-10-09 22:30,57,20,37,0,0,0
2023-10-09 22:45,37,22,15,0,0,0
2023-10-09 23:00,32,14,18,0,0,0
2023-10-09 23:15,22,8,14,0,0,0
2023-10-09 23:30,24,20,4,0,0,0
2023-10-09 23:45,22,9,13,0,0,0
2023-10-10 00:00,24,19,5,0,0,0
2023-10-10 00:15,10,4,6,0,0,0
2023-10-10 00:30,11,6,5,0,0,0
2023-10-10 00:45,4,0,4,0,0,0
2023-10-10 01:00,5,4,1,0,0,0
2023-10-10 01:15,5,3,2,0,0,0
2023-10-10 01:30,12,9,3,0,0,0
2023-10-10 01:45,2,2,0,0,0,0
2023-10-10 02:00,3,1,2,0,0,0
2023-10-10 02:15,1,0,1,0,0,0
2023-10-10 02:30,6,4,2,0,0,0
2023-10-10 02:45,3,1,2,0,0,0
2023-10-10 03:00,5,2,3,0,0,0
2023-10-10 03:15,3,1,2,0,0,0
2023-10-10 03:30,0,0,0,0,0,0
2023-10-10 03:45,3,0,3,0,0,0
2023-10-10 04:00,2,2,0,0,0,0
2023-10-10 04:15,5,4,1,0,0,0
2023-10-10 04:30,6,4,2,0,0,0
2023-10-10 04:45,5,2,3,0,0,0
2023-10-10 05:00,6,2,4,0,0,0
2023-10-10 05:15,15,12,3,0,0,0
2023-10-10 05:30,18,5,13,0,0,0
2023-10-10 05:45,25,6,19,0,0,0
2023-10-10 06:00,22,6,16,0,0,0
2023-10-10 06:15,35,11,24,0,0,0
2023-10-10 06:30,65,20,45,0,0,0
2023-10-10 06:45,80,35,45,0,0,0
2023-10-10 07:00,103,43,60,0,0,0
2023-10-10 07:15,113,24,89,0,0,0
2023-10-10 07:30,207,49,158,0,0,0
2023-10-10 07:45,281,53,228,0,0,0
2023-10-10 08:00,216,68,148,0,0,0
2023-10-10 08:15,186,65,121,0,0,0
2023-10-10 08:30,174,55,119,0,0,0
2023-10-10 08:45,184,58,126,0,0,0
2023-10-10 09:00,153,39,114,0,0,0
2023-10-10 09:15,111,31,80,0,0,0
2023-10-10 09:30,143,37,106,0,0,0
2023-10-10 09:45,235,66,169,0,0,0
2023-10-10 10:00,167,65,102,0,0,0
2023-10-10 10:15,132,59,73,0,0,0
2023-10-10 10:30,128,51,77,0,0,0
2023-10-10 10:45,131,56,75,0,0,0
2023-10-10 11:00,137,46,91,0,0,0
2023-10-10 11:15,139,50,89,0,0,0
2023-10-10 11:30,161,64,97,0,0,0
2023-10-10 11:45,185,72,113,0,0,0
2023-10-10 12:00,172,85,87,0,0,0
2023-10-10 12:15,190,98,92,0,0,0
2023-10-10 12:30,164,88,76,0,0,0
2023-10-10 12:45,174,87,87,0,0,0
2023-10-10 13:00,152,82,70,0,0,0
2023-10-10 13:15,148,67,81,0,0,0
2023-10-10 13:30,181,75,106,0,0,0
2023-10-10 13:45,236,112,124,0,0,0
2023-10-10 14:00,186,92,94,0,0,0
2023-10-10 14:15,193,92,101,0,0,0
2023-10-10 14:30,162,84,78,0,0,0
2023-10-10 14:45,220,110,110,0,0,0
2023-10-10 15:00,182,92,90,0,0,0
2023-10-10 15:15,215,129,86,0,0,0
2023-10-10 15:30,201,97,104,0,0,0
2023-10-10 15:45,250,133,117,0,0,0
2023-10-10 16:00,252,145,107,0,0,0
2023-10-10 16:15,214,138,76,0,0,0
2023-10-10 16:30,228,120,108,0,0,0
2023-10-10 16:45,242,143,99,0,0,0
2023-10-10 17:00,268,157,111,0,0,0
2023-10-10 17:15,255,152,103,0,0,0
2023-10-10 17:30,257,142,115,0,0,0
2023-10-10 17:45,302,171,131,0,0,0
2023-10-10 18:00,294,194,100,0,0,0
2023-10-10 18:15,208,127,81,0,0,0
2023-10-10 18:30,231,130,101,0,0,0
2023-10-10 18:45,220,121,99,0,0,0
2023-10-10 19:00,168,106,62,0,0,0
2023-10-10 19:15,188,120,68,0,0,0
2023-10-10 19:30,143,82,61,0,0,0
2023-10-10 19:45,149,95,54,0,0,0
2023-10-10 20:00,134,86,48,0,0,0
2023-10-10 20:15,104,51,53,0,0,0
2023-10-10 20:30,91,52,39,0,0,0
2023-10-10 20:45,85,39,46,0,0,0
2023-10-10 21:00,70,35,35,0,0,0
2023-10-10 21:15,59,28,31,0,0,0
2023-10-10 21:30,62,33,29,0,0,0
2023-10-10 21:45,76,45,31,0,0,0
2023-10-10 22:00,61,31,30,0,0,0
2023-10-10 22:15,71,36,35,0,0,0
2023-10-10 22:30,77,36,41,0,0,0
2023-10-10 22:45,55,27,28,0,0,0
2023-10-10 23:00,62,21,41,0,0,0
2023-10-10 23:15,41,13,28,0,0,0
2023-10-10 23:30,44,8,36,0,0,0
2023-10-10 23:45,50,17,33,0,0,0
2023-10-11 00:00,42,11,31,0,0,0
2023-10-11 00:15,55,10,45,0,0,0
2023-10-11 00:30,31,6,25,0,0,0
2023-10-11 00:45,35,8,27,0,0,0
2023-10-11 01:00,26,12,14,0,0,0
2023-10-11 01:15,8,2,6,0,0,0
2023-10-11 01:30,8,2,6,0,0,0
2023-10-11 01:45,10,2,8,0,0,0
2023-10-11 02:00,7,3,4,0,0,0
2023-10-11 02:15,7,2,5,0,0,0
2023-10-11 02:30,3,2,1,0,0,0
2023-10-11 02:45,7,4,3,0,0,0
2023-10-11 03:00,4,1,3,0,0,0
2023-10-11 03:15,3,2,1,0,0,0
2023-10-11 03:30,3,1,2,0,0,0
2023-10-11 03:45,2,1,1,0,0,0
2023-10-11 04:00,2,2,0,0,0,0
2023-10-11 04:15,2,1,1,0,0,0
2023-10-11 04:30,3,1,2,0,0,0
2023-10-11 04:45,6,2,4,0,0,0
2023-10-11 05:00,9,6,3,0,0,0
2023-10-11 05:15,9,6,3,0,0,0
2023-10-11 05:30,25,7,18,0,0,0
2023-10-11 05:45,29,6,23,0,0,0
2023-10-11 06:00,24,10,14,0,0,0
2023-10-11 06:15,39,15,24,0,0,0
2023-10-11 06:30,72,19,53,0,0,0
2023-10-11 06:45,76,33,43,0,0,0
2023-10-11 07:00,101,34,67,0,0,0
2023-10-11 07:15,131,46,85,0,0,0
2023-10-11 07:30,207,55,152,0,0,0
2023-10-11 07:45,279,68,211,0,0,0
2023-10-11 08:00,192,45,147,0,0,0
2023-10-11 08:15,194,59,135,0,0,0
2023-10-11 08:30,182,63,119,0,0,0
2023-10-11 08:45,169,53,116,0,0,0
2023-10-11 09:00,149,51,98,0,0,0
2023-10-11 09:15,169,49,120,0,0,0
2023-10-11 09:30,149,38,111,0,0,0
2023-10-11 09:45,222,58,164,0,0,0
2023-10-11 10:00,163,53,110,0,0,0
2023-10-11 10:15,169,57,112,0,0,0
2023-10-11 10:30,165,56,109,0,0,0
2023-10-11 10:45,176,65,111,0,0,0
2023-10-11 11:00,140,56,84,0,0,0
2023-10-11 11:15,181,65,116,0,0,0
2023-10-11 11:30,190,73,117,0,0,0
2023-10-11 11:45,218,93,125,0,0,0
2023-10-11 12:00,227,90,137,0,0,0
2023-10-11 12:15,188,101,87,0,0,0
2023-10-11 12:30,186,91,95,0,0,0
2023-10-11 12:45,212,88,124,0,0,0
2023-10-11 13:00,184,88,96,0,0,0
2023-10-11 13:15,207,100,107,0,0,0
2023-10-11 13:30,202,88,114,0,0,0
2023-10-11 13:45,227,99,128,0,0,0
2023-10-11 14:00,223,122,101,0,0,0
2023-10-11 14:15,182,104,78,0,0,0
2023-10-11 14:30,202,111,91,0,0,0
2023-10-11 14:45,200,101,99,0,0,0
2023-10-11 15:00,177,87,90,0,0,0
2023-10-11 15:15,175,105,70,0,0,0
2023-10-11 15:30,198,111,87,0,0,0
2023-10-11 15:45,234,111,123,0,0,0
2023-10-11 16:00,265,160,105,0,0,0
2023-10-11 16:15,207,141,66,0,0,0
2023-10-11 16:30,224,120,104,0,0,0
2023-10-11 16:45,212,119,93,0,0,0
2023-10-11 17:00,251,144,107,0,0,0
2023-10-11 17:15,242,127,115,0,0,0
2023-10-11 17:30,269,140,129,0,0,0
2023-10-11 17:45,301,167,134,0,0,0
2023-10-11 18:00,257,156,101,0,0,0
2023-10-11 18:15,242,132,110,0,0,0
2023-10-11 18:30,207,131,76,0,0,0
2023-10-11 18:45,192,104,88,0,0,0
2023-10-11 19:00,186,101,85,0,0,0
2023-10-11 19:15,175,102,73,0,0,0
2023-10-11 19:30,162,97,65,0,0,0
2023-10-11 19:45,140,69,71,0,0,0
2023-10-11 20:00,132,62,70,0,0,0
2023-10-11 20:15,108,66,42,0,0,0
2023-10-11 20:30,113,49,64,0,0,0
2023-10-11 20:45,81,33,48,0,0,0
2023-10-11 21:00,89,40,49,0,0,0
2023-10-11 21:15,65,41,24,0,0,0
2023-10-11 21:30,102,38,64,0,0,0
2023-10-11 21:45,74,47,27,0,0,0
2023-10-11 22:00,88,43,45,0,0,0
2023-10-11 22:15,61,34,27,0,0,0
2023-10-11 22:30,77,35,42,0,0,0
2023-10-11 22:45,45,21,24,0,0,0
2023-10-11 23:00,57,26,31,0,0,0
2023-10-11 23:15,42,21,21,0,0,0
2023-10-11 23:30,35,17,18,0,0,0
2023-10-11 23:45,35,21,14,0,0,0
2023-10-12 00:00,29,18,11,0,0,0
2023-10-12 00:15,25,12,13,0,0,0
2023-10-12 00:30,22,9,13,0,0,0
2023-10-12 00:45,20,7,13,0,0,0
2023-10-12 01:00,17,9,8,0,0,0
2023-10-12 01:15,23,12,11,0,0,0
2023-10-12 01:30,23,16,7,0,0,0
2023-10-12 01:45,11,7,4,0,0,0
2023-10-12 02:00,13,6,7,0,0,0
2023-10-12 02:15,13,8,5,0,0,0
2023-10-12 02:30,11,9,2,0,0,0
2023-10-12 02:45,12,7,5,0,0,0
2023-10-12 03:00,13,8,5,0,0,0
2023-10-12 03:15,6,2,4,0,0,0
2023-10-12 03:30,1,0,1,0,0,0
2023-10-12 03:45,9,7,2,0,0,0
2023-10-12 04:00,0,0,0,0,0,0
2023-10-12 04:15,3,2,1,0,0,0
2023-10-12 04:30,1,0,1,0,0,0
2023-10-12 04:45,6,2,4,0,0,0
2023-10-12 05:00,4,2,2,0,0,0
2023-10-12 05:15,9,7,2,0,0,0
2023-10-12 05:30,9,3,6,0,0,0
2023-10-12 05:45,17,4,13,0,0,0
2023-10-12 06:00,19,2,17,0,0,0
2023-10-12 06:15,21,7,14,0,0,0
2023-10-12 06:30,27,13,14,0,0,0
2023-10-12 06:45,50,22,28,0,0,0
2023-10-12 07:00,52,21,31,0,0,0
2023-10-12 07:15,80,25,55,0,0,0
2023-10-12 07:30,103,24,79,0,0,0
2023-10-12 07:45,173,38,135,0,0,0
2023-10-12 08:00,153,40,113,0,0,0
2023-10-12 08:15,121,25,96,0,0,0
2023-10-12 08:30,132,41,91,0,0,0
2023-10-12 08:45,132,39,93,0,0,0
2023-10-12 09:00,103,30,73,0,0,0
2023-10-12 09:15,89,29,60,0,0,0
2023-10-12 09:30,69,11,58,0,0,0
2023-10-12 09:45,130,35,95,0,0,0
2023-10-12 10:00,89,33,56,0,0,0
2023-10-12 10:15,49,25,24,0,0,0
2023-10-12 10:30,64,35,29,0,0,0
2023-10-12 10:45,77,38,39,0,0,0
2023-10-12 11:00,86,30,56,0,0,0
2023-10-12 11:15,74,31,43,0,0,0
2023-10-12 11:30,94,31,63,0,0,0
2023-10-12 11:45,124,52,72,0,0,0
2023-10-12 12:00,109,43,66,0,0,0
2023-10-12 12:15,79,39,40,0,0,0
2023-10-12 12:30,98,48,50,0,0,0
2023-10-12 12:45,90,40,50,0,0,0
2023-10-12 13:00,86,47,39,0,0,0
2023-10-12 13:15,100,40,60,0,0,0
2023-10-12 13:30,103,54,49,0,0,0
2023-10-12 13:45,138,60,78,0,0,0
2023-10-12 14:00,110,53,57,0,0,0
2023-10-12 14:15,113,59,54,0,0,0
2023-10-12 14:30,104,49,55,0,0,0
2023-10-12 14:45,117,53,64,0,0,0
2023-10-12 15:00,112,69,43,0,0,0
2023-10-12 15:15,121,60,61,0,0,0
2023-10-12 15:30,120,60,60,0,0,0
2023-10-12 15:45,171,102,69,0,0,0
2023-10-12 16:00,173,129,44,0,0,0
2023-10-12 16:15,133,79,54,0,0,0
2023-10-12 16:30,139,89,50,0,0,0
2023-10-12 16:45,152,87,65,0,0,0
2023-10-12 17:00,148,83,65,0,0,0
2023-10-12 17:15,154,93,61,0,0,0
2023-10-12 17:30,145,86,59,0,0,0
2023-10-12 17:45,138,86,52,0,0,0
2023-10-12 18:00,144,96,48,0,0,0
2023-10-12 18:15,99,58,41,0,0,0
2023-10-12 18:30,115,78,37,0,0,0
2023-10-12 18:45,152,94,58,0,0,0
2023-10-12 19:00,103,65,38,0,0,0
2023-10-12 19:15,107,67,40,0,0,0
2023-10-12 19:30,90,51,39,0,0,0
2023-10-12 19:45,79,34,45,0,0,0
2023-10-12 20:00,93,54,39,0,0,0
2023-10-12 20:15,72,40,32,0,0,0
2023-10-12 20:30,67,43,24,0,0,0
2023-10-12 20:45,47,21,26,0,0,0
2023-10-12 21:00,51,29,22,0,0,0
2023-10-12 21:15,57,29,28,0,0,0
2023-10-12 21:30,44,20,24,0,0,0
2023-10-12 21:45,55,31,24,0,0,0
2023-10-12 22:00,55,19,36,0,0,0
2023-10-12 22:15,79,35,44,0,0,0
2023-10-12 22:30,77,20,57,0,0,0
2023-10-12 22:45,51,17,34,0,0,0
2023-10-12 23:00,43,22,21,0,0,0
2023-10-12 23:15,33,9,24,0,0,0
2023-10-12 23:30,33,11,22,0,0,0
2023-10-12 23:45,33,10,23,0,0,0
2023-10-13 00:00,44,7,37,0,0,0
2023-10-13 00:15,28,7,21,0,0,0
2023-10-13 00:30,29,7,22,0,0,0
2023-10-13 00:45,29,11,18,0,0,0
2023-10-13 01:00,14,2,12,0,0,0
2023-10-13 01:15,16,7,9,0,0,0
2023-10-13 01:30,9,5,4,0,0,0
2023-10-13 01:45,3,2,1,0,0,0
2023-10-13 02:00,7,2,5,0,0,0
2023-10-13 02:15,2,1,1,0,0,0
2023-10-13 02:30,6,3,3,0,0,0
2023-10-13 02:45,4,3,1,0,0,0
2023-10-13 03:00,1,0,1,0,0,0
2023-10-13 03:15,1,0,1,0,0,0
2023-10-13 03:30,4,3,1,0,0,0
2023-10-13 03:45,3,2,1,0,0,0
2023-10-13 04:00,4,1,3,0,0,0
2023-10-13 04:15,7,3,4,0,0,0
2023-10-13 04:30,3,2,1,0,0,0
2023-10-13 04:45,4,2,2,0,0,0
2023-10-13 05:00,7,4,3,0,0,0
2023-10-13 05:15,9,4,5,0,0,0
2023-10-13 05:30,12,3,9,0,0,0
2023-10-13 05:45,14,2,12,0,0,0
2023-10-13 06:00,18,5,13,0,0,0
2023-10-13 06:15,27,11,16,0,0,0
2023-10-13 06:30,36,11,25,0,0,0
2023-10-13 06:45,39,17,22,0,0,0
2023-10-13 07:00,60,16,44,0,0,0
2023-10-13 07:15,72,18,54,0,0,0
2023-10-13 07:30,122,26,96,0,0,0
2023-10-13 07:45,138,39,99,0,0,0
2023-10-13 08:00,103,34,69,0,0,0
2023-10-13 08:15,103,31,72,0,0,0
2023-10-13 08:30,114,35,79,0,0,0
2023-10-13 08:45,129,30,99,0,0,0
2023-10-13 09:00,103,30,73,0,0,0
2023-10-13 09:15,84,29,55,0,0,0
2023-10-13 09:30,104,22,82,0,0,0
2023-10-13 09:45,139,36,103,0,0,0
2023-10-13 10:00,101,39,62,0,0,0
2023-10-13 10:15,119,61,58,0,0,0
2023-10-13 10:30,108,45,63,0,0,0
2023-10-13 10:45,121,46,75,0,0,0
2023-10-13 11:00,126,54,72,0,0,0
2023-10-13 11:15,118,48,70,0,0,0
2023-10-13 11:30,141,56,85,0,0,0
2023-10-13 11:45,141,56,85,0,0,0
2023-10-13 12:00,128,62,66,0,0,0
2023-10-13 12:15,153,70,83,0,0,0
2023-10-13 12:30,159,75,84,0,0,0
2023-10-13 12:45,155,67,88,0,0,0
2023-10-13 13:00,171,84,87,0,0,0
2023-10-13 13:15,182,95,87,0,0,0
2023-10-13 13:30,149,66,83,0,0,0
2023-10-13 13:45,184,104,80,0,0,0
2023-10-13 14:00,196,94,102,0,0,0
2023-10-13 14:15,158,80,78,0,0,0
2023-10-13 14:30,163,79,84,0,0,0
2023-10-13 14:45,202,102,100,0,0,0
2023-10-13 15:00,168,84,84,0,0,0
2023-10-13 15:15,166,95,71,0,0,0
2023-10-13 15:30,171,83,88,0,0,0
2023-10-13 15:45,182,92,90,0,0,0
2023-10-13 16:00,210,102,108,0,0,0
2023-10-13 16:15,171,105,66,0,0,0
2023-10-13 16:30,182,99,83,0,0,0
2023-10-13 16:45,179,98,81,0,0,0
2023-10-13 17:00,191,97,94,0,0,0
2023-10-13 17:15,167,81,86,0,0,0
2023-10-13 17:30,177,107,70,0,0,0
2023-10-13 17:45,196,110,86,0,0,0
2023-10-13 18:00,153,91,62,0,0,0
2023-10-13 18:15,155,84,71,0,0,0
2023-10-13 18:30,163,79,84,0,0,0
2023-10-13 18:45,165,78,87,0,0,0
2023-10-13 19:00,132,80,52,0,0,0
2023-10-13 19:15,117,70,47,0,0,0
2023-10-13 19:30,105,57,48,0,0,0
2023-10-13 19:45,117,63,54,0,0,0
2023-10-13 20:00,110,54,56,0,0,0
2023-10-13 20:15,103,60,43,0,0,0
2023-10-13 20:30,75,37,38,0,0,0
2023-10-13 20:45,58,28,30,0,0,0
2023-10-13 21:00,56,35,21,0,0,0
2023-10-13 21:15,61,34,27,0,0,0
2023-10-13 21:30,47,24,23,0,0,0
2023-10-13 21:45,42,20,22,0,0,0
2023-10-13 22:00,40,19,21,0,0,0
2023-10-13 22:15,88,36,52,0,0,0
2023-10-13 22:30,46,15,31,0,0,0
2023-10-13 22:45,38,21,17,0,0,0
2023-10-13 23:00,35,16,19,0,0,0
2023-10-13 23:15,52,37,15,0,0,0
2023-10-13 23:30,44,16,28,0,0,0
2023-10-13 23:45,50,28,22,0,0,0
2023-10-14 00:00,76,45,31,0,0,0
2023-10-14 00:15,54,21,33,0,0,0
2023-10-14 00:30,49,18,31,0,0,0
2023-10-14 00:45,50,20,30,0,0,0
2023-10-14 01:00,23,11,12,0,0,0
2023-10-14 01:15,36,20,16,0,0,0
2023-10-14 01:30,32,12,20,0,0,0
2023-10-14 01:45,31,17,14,0,0,0
2023-10-14 02:00,28,9,19,0,0,0
2023-10-14 02:15,19,8,11,0,0,0
2023-10-14 02:30,20,13,7,0,0,0
2023-10-14 02:45,13,2,11,0,0,0
2023-10-14 03:00,17,9,8,0,0,0
2023-10-14 03:15,17,7,10,0,0,0
2023-10-14 03:30,16,4,12,0,0,0
2023-10-14 03:45,2,1,1,0,0,0
2023-10-14 04:00,19,4,15,0,0,0
2023-10-14 04:15,12,3,9,0,0,0
2023-10-14 04:30,9,2,7,0,0,0
2023-10-14 04:45,13,0,13,0,0,0
2023-10-14 05:00,9,1,8,0,0,0
2023-10-14 05:15,25,8,17,0,0,0
2023-10-14 05:30,16,5,11,0,0,0
2023-10-14 05:45,8,1,7,0,0,0
2023-10-14 06:00,16,0,16,0,0,0
2023-10-14 06:15,12,4,8,0,0,0
2023-10-14 06:30,17,5,12,0,0,0
2023-10-14 06:45,14,8,6,0,0,0
2023-10-14 07:00,12,5,7,0,0,0
2023-10-14 07:15,12,6,6,0,0,0
2023-10-14 07:30,25,7,18,0,0,0
2023-10-14 07:45,24,2,22,0,0,0
2023-10-14 08:00,28,12,16,0,0,0
2023-10-14 08:15,44,15,29,0,0,0
2023-10-14 08:30,41,9,32,0,0,0
2023-10-14 08:45,80,25,55,0,0,0
2023-10-14 09:00,60,29,31,0,0,0
2023-10-14 09:15,74,24,50,0,0,0
2023-10-14 09:30,100,35,65,0,0,0
2023-10-14 09:45,144,46,98,0,0,0
2023-10-14 10:00,105,29,76,0,0,0
2023-10-14 10:15,131,36,95,0,0,0
2023-10-14 10:30,138,39,99,0,0,0
2023-10-14 10:45,175,48,127,0,0,0
2023-10-14 11:00,159,44,115,0,0,0
2023-10-14 11:15,150,49,101,0,0,0
2023-10-14 11:30,190,69,121,0,0,0
2023-10-14 11:45,188,70,118,0,0,0
2023-10-14 12:00,188,74,114,0,0,0
2023-10-14 12:15,175,73,102,0,0,0
2023-10-14 12:30,177,73,104,0,0,0
2023-10-14 12:45,192,80,112,0,0,0
2023-10-14 13:00,205,104,101,0,0,0
2023-10-14 13:15,202,96,106,0,0,0
2023-10-14 13:30,199,97,102,0,0,0
2023-10-14 13:45,184,86,98,0,0,0
2023-10-14 14:00,172,83,89,0,0,0
2023-10-14 14:15,190,98,92,0,0,0
2023-10-14 14:30,170,109,61,0,0,0
2023-10-14 14:45,131,78,53,0,0,0
2023-10-14 15:00,181,130,51,0,0,0
2023-10-14 15:15,149,83,66,0,0,0
2023-10-14 15:30,137,74,63,0,0,0
2023-10-14 15:45,117,71,46,0,0,0
2023-10-14 16:00,130,85,45,0,0,0
2023-10-14 16:15,122,71,51,0,0,0
2023-10-14 16:30,116,74,42,0,0,0
2023-10-14 16:45,119,62,57,0,0,0
2023-10-14 17:00,126,73,53,0,0,0
2023-10-14 17:15,147,89,58,0,0,0
2023-10-14 17:30,141,90,51,0,0,0
2023-10-14 17:45,124,66,58,0,0,0
2023-10-14 18:00,139,80,59,0,0,0
2023-10-14 18:15,137,69,68,0,0,0
2023-10-14 18:30,178,116,62,0,0,0
2023-10-14 18:45,135,72,63,0,0,0
2023-10-14 19:00,138,76,62,0,0,0
2023-10-14 19:15,124,75,49,0,0,0
2023-10-14 19:30,134,64,70,0,0,0
2023-10-14 19:45,95,51,44,0,0,0
2023-10-14 20:00,108,65,43,0,0,0
2023-10-14 20:15,90,43,47,0,0,0
2023-10-14 20:30,66,25,41,0,0,0
2023-10-14 20:45,78,47,31,0,0,0
2023-10-14 21:00,58,31,27,0,0,0
2023-10-14 21:15,60,34,26,0,0,0
2023-10-14 21:30,51,23,28,0,0,0
2023-10-14 21:45,41,23,18,0,0,0
2023-10-14 22:00,87,30,57,0,0,0
2023-10-14 22:15,53,23,30,0,0,0
2023-10-14 22:30,65,35,30,0,0,0
2023-10-14 22:45,45,29,16,0,0,0
2023-10-14 23:00,55,20,35,0,0,0
2023-10-14 23:15,52,16,36,0,0,0
2023-10-14 23:30,46,26,20,0,0,0
2023-10-14 23:45,49,29,20,0,0,0
2023-10-15 00:00,60,30,30,0,0,0
2023-10-15 00:15,40,21,19,0,0,0
2023-10-15 00:30,55,27,28,0,0,0
2023-10-15 00:45,41,19,22,0,0,0
2023-10-15 01:00,37,22,15,0,0,0
2023-10-15 01:15,56,35,21,0,0,0
2023-10-15 01:30,45,18,27,0,0,0
2023-10-15 01:45,23,12,11,0,0,0
2023-10-15 02:00,26,11,15,0,0,0
2023-10-15 02:15,30,23,7,0,0,0
2023-10-15 02:30,26,12,14,0,0,0
2023-10-15 02:45,20,10,10,0,0,0
2023-10-15 03:00,22,6,16,0,0,0
2023-10-15 03:15,20,2,18,0,0,0
2023-10-15 03:30,17,5,12,0,0,0
2023-10-15 03:45,19,3,16,0,0,0
2023-10-15 04:00,14,3,11,0,0,0
2023-10-15 04:15,21,6,15,0,0,0
2023-10-15 04:30,17,3,14,0,0,0
2023-10-15 04:45,9,2,7,0,0,0
2023-10-15 05:00,12,0,12,0,0,0
2023-10-15 05:15,11,4,7,0,0,0
2023-10-15 05:30,11,3,8,0,0,0
2023-10-15 05:45,12,3,9,0,0,0
2023-10-15 06:00,5,2,3,0,0,0
2023-10-15 06:15,9,1,8,0,0,0
2023-10-15 06:30,25,5,20,0,0,0
2023-10-15 06:45,8,4,4,0,0,0
2023-10-15 07:00,3,2,1,0,0,0
2023-10-15 07:15,10,4,6,0,0,0
2023-10-15 07:30,14,6,8,0,0,0
2023-10-15 07:45,8,3,5,0,0,0
2023-10-15 08:00,7,2,5,0,0,0
2023-10-15 08:15,16,7,9,0,0,0
2023-10-15 08:30,18,5,13,0,0,0
2023-10-15 08:45,22,14,8,0,0,0
2023-10-15 09:00,34,16,18,0,0,0
2023-10-15 09:15,29,20,9,0,0,0
2023-10-15 09:30,29,14,15,0,0,0
2023-10-15 09:45,47,20,27,0,0,0
2023-10-15 10:00,67,23,44,0,0,0
2023-10-15 10:15,43,16,27,0,0,0
2023-10-15 10:30,35,22,13,0,0,0
2023-10-15 10:45,61,20,41,0,0,0
2023-10-15 11:00,61,35,26,0,0,0
2023-10-15 11:15,50,23,27,0,0,0
2023-10-15 11:30,63,32,31,0,0,0
2023-10-15 11:45,57,23,34,0,0,0
2023-10-15 12:00,68,37,31,0,0,0
2023-10-15 12:15,60,35,25,0,0,0
2023-10-15 12:30,71,36,35,0,0,0
2023-10-15 12:45,76,40,36,0,0,0
2023-10-15 13:00,72,33,39,0,0,0
2023-10-15 13:15,71,28,43,0,0,0
2023-10-15 13:30,84,39,45,0,0,0
2023-10-15 13:45,93,35,58,0,0,0
2023-10-15 14:00,80,34,46,0,0,0
2023-10-15 14:15,98,41,57,0,0,0
2023-10-15 14:30,99,45,54,0,0,0
2023-10-15 14:45,128,59,69,0,0,0
2023-10-15 15:00,104,42,62,0,0,0
2023-10-15 15:15,93,46,47,0,0,0
2023-10-15 15:30,95,49,46,0,0,0
2023-10-15 15:45,117,56,61,0,0,0
2023-10-15 16:00,65,37,28,0,0,0
2023-10-15 16:15,43,21,22,0,0,0
2023-10-15 16:30,69,36,33,0,0,0
2023-10-15 16:45,115,66,49,0,0,0
2023-10-15 17:00,99,57,42,0,0,0
2023-10-15 17:15,78,38,40,0,0,0
2023-10-15 17:30,88,36,52,0,0,0
2023-10-15 17:45,110,50,60,0,0,0
2023-10-15 18:00,97,48,49,0,0,0
2023-10-15 18:15,73,34,39,0,0,0
2023-10-15 18:30,102,48,54,0,0,0
2023-10-15 18:45,100,44,56,0,0,0
2023-10-15 19:00,78,42,36,0,0,0
2023-10-15 19:15,79,39,40,0,0,0
2023-10-15 19:30,60,28,32,0,0,0
2023-10-15 19:45,66,32,34,0,0,0
2023-10-15 20:00,74,34,40,0,0,0
2023-10-15 20:15,59,32,27,0,0,0
2023-10-15 20:30,50,20,30,0,0,0
2023-10-15 20:45,47,25,22,0,0,0
2023-10-15 21:00,39,19,20,0,0,0
2023-10-15 21:15,38,16,22,0,0,0
2023-10-15 21:30,49,17,32,0,0,0
2023-10-15 21:45,33,15,18,0,0,0
2023-10-15 22:00,41,10,31,0,0,0
2023-10-15 22:15,35,9,26,0,0,0
2023-10-15 22:30,29,12,17,0,0,0
2023-10-15 22:45,14,7,7,0,0,0
2023-10-15 23:00,18,10,8,0,0,0
2023-10-15 23:15,15,6,9,0,0,0
2023-10-15 23:30,11,6,5,0,0,0
2023-10-15 23:45,11,2,9,0,0,0
2023-10-16 00:00,7,1,6,0,0,0
2023-10-16 00:15,6,6,0,0,0,0
2023-10-16 00:30,5,3,2,0,0,0
2023-10-16 00:45,8,3,5,0,0,0
2023-10-16 01:00,1,1,0,0,0,0
2023-10-16 01:15,6,2,4,0,0,0
2023-10-16 01:30,4,2,2,0,0,0
2023-10-16 01:45,1,0,1,0,0,0
2023-10-16 02:00,0,0,0,0,0,0
2023-10-16 02:15,1,0,1,0,0,0
2023-10-16 02:30,1,1,0,0,0,0
2023-10-16 02:45,4,2,2,0,0,0
2023-10-16 03:00,1,0,1,0,0,0
2023-10-16 03:15,0,0,0,0,0,0
2023-10-16 03:30,3,1,2,0,0,0
2023-10-16 03:45,2,1,1,0,0,0
2023-10-16 04:00,0,0,0,0,0,0
2023-10-16 04:15,2,2,0,0,0,0
2023-10-16 04:30,0,0,0,0,0,0
2023-10-16 04:45,4,1,3,0,0,0
2023-10-16 05:00,4,3,1,0,0,0
2023-10-16 05:15,13,8,5,0,0,0
2023-10-16 05:30,17,8,9,0,0,0
2023-10-16 05:45,25,7,18,0,0,0
2023-10-16 06:00,25,8,17,0,0,0
2023-10-16 06:15,56,23,33,0,0,0
2023-10-16 06:30,57,19,38,0,0,0
2023-10-16 06:45,81,27,54,0,0,0
2023-10-16 07:00,101,33,68,0,0,0
2023-10-16 07:15,194,56,138,0,0,0
2023-10-16 07:30,355,93,262,0,0,0
2023-10-16 07:45,327,110,217,0,0,0
2023-10-16 08:00,272,87,185,0,0,0
2023-10-16 08:15,215,60,155,0,0,0
2023-10-16 08:30,195,62,133,0,0,0
2023-10-16 08:45,210,51,159,0,0,0
2023-10-16 09:00,146,46,100,0,0,0
2023-10-16 09:15,130,44,86,0,0,0
2023-10-16 09:30,146,34,112,0,0,0
2023-10-16 09:45,208,47,161,0,0,0
2023-10-16 10:00,145,46,99,0,0,0
2023-10-16 10:15,111,39,72,0,0,0
2023-10-16 10:30,150,62,88,0,0,0
2023-10-16 10:45,136,43,93,0,0,0
2023-10-16 11:00,114,43,71,0,0,0
2023-10-16 11:15,137,60,77,0,0,0
2023-10-16 11:30,160,63,97,0,0,0
2023-10-16 11:45,201,61,140,0,0,0
2023-10-16 12:00,187,82,105,0,0,0
2023-10-16 12:15,145,67,78,0,0,0
2023-10-16 12:30,164,94,70,0,0,0
2023-10-16 12:45,163,80,83,0,0,0
2023-10-16 13:00,174,87,87,0,0,0
2023-10-16 13:15,162,89,73,0,0,0
2023-10-16 13:30,172,83,89,0,0,0
2023-10-16 13:45,218,107,111,0,0,0
2023-10-16 14:00,230,121,109,0,0,0
2023-10-16 14:15,177,98,79,0,0,0
2023-10-16 14:30,182,89,93,0,0,0
2023-10-16 14:45,233,119,114,0,0,0
2023-10-16 15:00,161,98,63,0,0,0
2023-10-16 15:15,182,101,81,0,0,0
2023-10-16 15:30,187,90,97,0,0,0
2023-10-16 15:45,277,138,139,0,0,0
2023-10-16 16:00,279,153,126,0,0,0
2023-10-16 16:15,230,117,113,0,0,0
2023-10-16 16:30,274,140,134,0,0,0
2023-10-16 16:45,222,119,103,0,0,0
2023-10-16 17:00,216,121,95,0,0,0
2023-10-16 17:15,248,129,119,0,0,0
2023-10-16 17:30,229,123,106,0,0,0
2023-10-16 17:45,277,145,132,0,0,0
2023-10-16 18:00,290,179,111,0,0,0
2023-10-16 18:15,218,142,76,0,0,0
2023-10-16 18:30,199,132,67,0,0,0
2023-10-16 18:45,183,111,72,0,0,0
2023-10-16 19:00,169,99,70,0,0,0
2023-10-16 19:15,154,84,70,0,0,0
2023-10-16 19:30,119,65,54,0,0,0
2023-10-16 19:45,142,94,48,0,0,0
2023-10-16 20:00,121,73,48,0,0,0
2023-10-16 20:15,98,54,44,0,0,0
2023-10-16 20:30,99,54,45,0,0,0
2023-10-16 20:45,80,47,33,0,0,0
2023-10-16 21:00,72,40,32,0,0,0
2023-10-16 21:15,68,30,38,0,0,0
2023-10-16 21:30,58,28,30,0,0,0
2023-10-16 21:45,55,31,24,0,0,0
2023-10-16 22:00,61,39,22,0,0,0
2023-10-16 22:15,59,26,33,0,0,0
2023-10-16 22:30,45,18,27,0,0,0
2023-10-16 22:45,36,20,16,0,0,0
2023-10-16 23:00,35,16,19,0,0,0
2023-10-16 23:15,28,17,11,0,0,0
2023-10-16 23:30,24,19,5,0,0,0
2023-10-16 23:45,17,10,7,0,0,0
2023-10-17 00:00,13,8,5,0,0,0
2023-10-17 00:15,18,11,7,0,0,0
2023-10-17 00:30,6,2,4,0,0,0
2023-10-17 00:45,8,4,4,0,0,0
2023-10-17 01:00,5,2,3,0,0,0
2023-10-17 01:15,4,2,2,0,0,0
2023-10-17 01:30,3,1,2,0,0,0
2023-10-17 01:45,3,2,1,0,0,0
2023-10-17 02:00,3,0,3,0,0,0
2023-10-17 02:15,1,0,1,0,0,0
2023-10-17 02:30,0,0,0,0,0,0
2023-10-17 02:45,5,2,3,0,0,0
2023-10-17 03:00,0,0,0,0,0,0
2023-10-17 03:15,3,2,1,0,0,0
2023-10-17 03:30,3,2,1,0,0,0
2023-10-17 03:45,1,0,1,0,0,0
2023-10-17 04:00,2,2,0,0,0,0
2023-10-17 04:15,2,2,0,0,0,0
2023-10-17 04:30,4,3,1,0,0,0
2023-10-17 04:45,2,0,2,0,0,0
2023-10-17 05:00,9,3,6,0,0,0
2023-10-17 05:15,17,13,4,0,0,0
2023-10-17 05:30,17,10,7,0,0,0
2023-10-17 05:45,32,11,21,0,0,0
2023-10-17 06:00,22,6,16,0,0,0
2023-10-17 06:15,51,18,33,0,0,0
2023-10-17 06:30,69,21,48,0,0,0
2023-10-17 06:45,91,32,59,0,0,0
2023-10-17 07:00,98,38,60,0,0,0
2023-10-17 07:15,186,41,145,0,0,0
2023-10-17 07:30,360,91,269,0,0,0
2023-10-17 07:45,387,110,277,0,0,0
2023-10-17 08:00,277,76,201,0,0,0
2023-10-17 08:15,241,83,158,0,0,0
2023-10-17 08:30,197,53,144,0,0,0
2023-10-17 08:45,206,51,155,0,0,0
2023-10-17 09:00,137,46,91,0,0,0
2023-10-17 09:15,139,48,91,0,0,0
2023-10-17 09:30,175,39,136,0,0,0
2023-10-17 09:45,236,52,184,0,0,0
2023-10-17 10:00,176,51,125,0,0,0
2023-10-17 10:15,104,35,69,0,0,0
2023-10-17 10:30,120,47,73,0,0,0
2023-10-17 10:45,165,62,103,0,0,0
2023-10-17 11:00,118,58,60,0,0,0
2023-10-17 11:15,128,60,68,0,0,0
2023-10-17 11:30,141,47,94,0,0,0
2023-10-17 11:45,244,103,141,0,0,0
2023-10-17 12:00,176,71,105,0,0,0
2023-10-17 12:15,197,84,113,0,0,0
2023-10-17 12:30,149,88,61,0,0,0
2023-10-17 12:45,160,77,83,0,0,0
2023-10-17 13:00,188,101,87,0,0,0
2023-10-17 13:15,211,112,99,0,0,0
2023-10-17 13:30,189,96,93,0,0,0
2023-10-17 13:45,240,114,126,0,0,0
2023-10-17 14:00,228,141,87,0,0,0
2023-10-17 14:15,200,108,92,0,0,0
2023-10-17 14:30,180,81,99,0,0,0
2023-10-17 14:45,202,102,100,0,0,0
2023-10-17 15:00,200,113,87,0,0,0
2023-10-17 15:15,180,96,84,0,0,0
2023-10-17 15:30,225,111,114,0,0,0
2023-10-17 15:45,308,150,158,0,0,0
2023-10-17 16:00,301,177,124,0,0,0
2023-10-17 16:15,248,144,104,0,0,0
2023-10-17 16:30,224,112,112,0,0,0
2023-10-17 16:45,263,143,120,0,0,0
2023-10-17 17:00,234,122,112,0,0,0
2023-10-17 17:15,250,136,114,0,0,0
2023-10-17 17:30,284,157,127,0,0,0
2023-10-17 17:45,344,185,159,0,0,0
2023-10-17 18:00,287,170,117,0,0,0
2023-10-17 18:15,277,158,119,0,0,0
2023-10-17 18:30,216,115,101,0,0,0
2023-10-17 18:45,208,125,83,0,0,0
2023-10-17 19:00,197,121,76,0,0,0
2023-10-17 19:15,156,86,70,0,0,0
2023-10-17 19:30,185,104,81,0,0,0
2023-10-17 19:45,174,96,78,0,0,0
2023-10-17 20:00,169,112,57,0,0,0
2023-10-17 20:15,116,63,53,0,0,0
2023-10-17 20:30,113,54,59,0,0,0
2023-10-17 20:45,78,45,33,0,0,0
2023-10-17 21:00,76,48,28,0,0,0
2023-10-17 21:15,68,36,32,0,0,0
2023-10-17 21:30,66,36,30,0,0,0
2023-10-17 21:45,67,38,29,0,0,0
2023-10-17 22:00,104,52,52,0,0,0
2023-10-17 22:15,79,42,37,0,0,0
2023-10-17 22:30,68,34,34,0,0,0
2023-10-17 22:45,59,32,27,0,0,0
2023-10-17 23:00,41,23,18,0,0,0
2023-10-17 23:15,38,20,18,0,0,0
2023-10-17 23:30,26,15,11,0,0,0
2023-10-17 23:45,22,16,6,0,0,0
2023-10-18 00:00,27,14,13,0,0,0
2023-10-18 00:15,12,8,4,0,0,0
2023-10-18 00:30,13,7,6,0,0,0
2023-10-18 00:45,7,3,4,0,0,0
2023-10-18 01:00,7,5,2,0,0,0
2023-10-18 01:15,8,4,4,0,0,0
2023-10-18 01:30,5,3,2,0,0,0
2023-10-18 01:45,1,1,0,0,0,0
2023-10-18 02:00,4,0,4,0,0,0
2023-10-18 02:15,5,4,1,0,0,0
2023-10-18 02:30,1,0,1,0,0,0
2023-10-18 02:45,2,2,0,0,0,0
2023-10-18 03:00,2,1,1,0,0,0
2023-10-18 03:15,2,0,2,0,0,0
2023-10-18 03:30,1,0,1,0,0,0
2023-10-18 03:45,1,0,1,0,0,0
2023-10-18 04:00,2,1,1,0,0,0
2023-10-18 04:15,1,1,0,0,0,0
2023-10-18 04:30,3,2,1,0,0,0
2023-10-18 04:45,5,2,3,0,0,0
2023-10-18 05:00,5,3,2,0,0,0
2023-10-18 05:15,18,9,9,0,0,0
2023-10-18 05:30,12,6,6,0,0,0
2023-10-18 05:45,29,10,19,0,0,0
2023-10-18 06:00,23,11,12,0,0,0
2023-10-18 06:15,40,11,29,0,0,0
2023-10-18 06:30,61,15,46,0,0,0
2023-10-18 06:45,98,40,58,0,0,0
2023-10-18 07:00,99,35,64,0,0,0
2023-10-18 07:15,211,61,150,0,0,0
2023-10-18 07:30,339,89,250,0,0,0
2023-10-18 07:45,383,106,277,0,0,0
2023-10-18 08:00,264,80,184,0,0,0
2023-10-18 08:15,244,66,178,0,0,0
2023-10-18 08:30,243,73,170,0,0,0
2023-10-18 08:45,193,51,142,0,0,0
2023-10-18 09:00,137,51,86,0,0,0
2023-10-18 09:15,155,51,104,0,0,0
2023-10-18 09:30,172,44,128,0,0,0
2023-10-18 09:45,291,63,228,0,0,0
2023-10-18 10:00,181,52,129,0,0,0
2023-10-18 10:15,146,67,79,0,0,0
2023-10-18 10:30,116,45,71,0,0,0
2023-10-18 10:45,160,65,95,0,0,0
2023-10-18 11:00,132,53,79,0,0,0
2023-10-18 11:15,140,58,82,0,0,0
2023-10-18 11:30,181,72,109,0,0,0
2023-10-18 11:45,212,75,137,0,0,0
2023-10-18 12:00,216,100,116,0,0,0
2023-10-18 12:15,189,76,113,0,0,0
2023-10-18 12:30,200,104,96,0,0,0
2023-10-18 12:45,213,101,112,0,0,0
2023-10-18 13:00,216,114,102,0,0,0
2023-10-18 13:15,201,115,86,0,0,0
2023-10-18 13:30,188,102,86,0,0,0
2023-10-18 13:45,269,130,139,0,0,0
2023-10-18 14:00,213,129,84,0,0,0
2023-10-18 14:15,200,105,95,0,0,0
2023-10-18 14:30,190,99,91,0,0,0
2023-10-18 14:45,233,118,115,0,0,0
2023-10-18 15:00,199,107,92,0,0,0
2023-10-18 15:15,197,102,95,0,0,0
2023-10-18 15:30,202,115,87,0,0,0
2023-10-18 15:45,280,137,143,0,0,0
2023-10-18 16:00,264,150,114,0,0,0
2023-10-18 16:15,278,153,125,0,0,0
2023-10-18 16:30,247,133,114,0,0,0
2023-10-18 16:45,240,145,95,0,0,0
2023-10-18 17:00,239,123,116,0,0,0
2023-10-18 17:15,277,147,130,0,0,0
2023-10-18 17:30,274,147,127,0,0,0
2023-10-18 17:45,309,170,139,0,0,0
2023-10-18 18:00,272,178,94,0,0,0
2023-10-18 18:15,228,124,104,0,0,0
2023-10-18 18:30,209,115,94,0,0,0
2023-10-18 18:45,225,133,92,0,0,0
2023-10-18 19:00,151,90,61,0,0,0
2023-10-18 19:15,185,101,84,0,0,0
2023-10-18 19:30,160,102,58,0,0,0
2023-10-18 19:45,188,89,99,0,0,0
2023-10-18 20:00,151,91,60,0,0,0
2023-10-18 20:15,120,71,49,0,0,0
2023-10-18 20:30,94,56,38,0,0,0
2023-10-18 20:45,83,45,38,0,0,0
2023-10-18 21:00,105,58,47,0,0,0
2023-10-18 21:15,88,55,33,0,0,0
2023-10-18 21:30,90,49,41,0,0,0
2023-10-18 21:45,81,42,39,0,0,0
2023-10-18 22:00,84,44,40,0,0,0
2023-10-18 22:15,71,37,34,0,0,0
2023-10-18 22:30,78,41,37,0,0,0
2023-10-18 22:45,65,36,29,0,0,0
2023-10-18 23:00,73,32,41,0,0,0
2023-10-18 23:15,61,21,40,0,0,0
2023-10-18 23:30,40,24,16,0,0,0
2023-10-18 23:45,48,24,24,0,0,0
2023-10-19 00:00,47,20,27,0,0,0
2023-10-19 00:15,34,24,10,0,0,0
2023-10-19 00:30,29,16,13,0,0,0
2023-10-19 00:45,9,6,3,0,0,0
2023-10-19 01:00,21,9,12,0,0,0
2023-10-19 01:15,12,5,7,0,0,0
2023-10-19 01:30,9,5,4,0,0,0
2023-10-19 01:45,17,15,2,0,0,0
2023-10-19 02:00,13,4,9,0,0,0
2023-10-19 02:15,11,5,6,0,0,0
2023-10-19 02:30,11,4,7,0,0,0
2023-10-19 02:45,6,0,6,0,0,0
2023-10-19 03:00,16,8,8,0,0,0
2023-10-19 03:15,11,1,10,0,0,0
2023-10-19 03:30,10,5,5,0,0,0
2023-10-19 03:45,7,3,4,0,0,0
2023-10-19 04:00,4,1,3,0,0,0
2023-10-19 04:15,4,0,4,0,0,0
2023-10-19 04:30,4,2,2,0,0,0
2023-10-19 04:45,3,0,3,0,0,0
2023-10-19 05:00,7,1,6,0,0,0
2023-10-19 05:15,16,11,5,0,0,0
2023-10-19 05:30,19,8,11,0,0,0
2023-10-19 05:45,28,7,21,0,0,0
2023-10-19 06:00,22,8,14,0,0,0
2023-10-19 06:15,46,14,32,0,0,0
2023-10-19 06:30,59,16,43,0,0,0
2023-10-19 06:45,65,25,40,0,0,0
2023-10-19 07:00,100,37,63,0,0,0
2023-10-19 07:15,168,59,109,0,0,0
2023-10-19 07:30,312,75,237,0,0,0
2023-10-19 07:45,343,100,243,0,0,0
2023-10-19 08:00,277,63,214,0,0,0
2023-10-19 08:15,212,70,142,0,0,0
2023-10-19 08:30,177,67,110,0,0,0
2023-10-19 08:45,219,67,152,0,0,0
2023-10-19 09:00,129,36,93,0,0,0
2023-10-19 09:15,118,36,82,0,0,0
2023-10-19 09:30,133,35,98,0,0,0
2023-10-19 09:45,225,44,181,0,0,0
2023-10-19 10:00,161,33,128,0,0,0
2023-10-19 10:15,124,59,65,0,0,0
2023-10-19 10:30,111,47,64,0,0,0
2023-10-19 10:45,135,50,85,0,0,0
2023-10-19 11:00,121,52,69,0,0,0
2023-10-19 11:15,106,38,68,0,0,0
2023-10-19 11:30,128,47,81,0,0,0
2023-10-19 11:45,182,77,105,0,0,0
2023-10-19 12:00,156,77,79,0,0,0
2023-10-19 12:15,164,83,81,0,0,0
2023-10-19 12:30,156,83,73,0,0,0
2023-10-19 12:45,174,73,101,0,0,0
2023-10-19 13:00,181,99,82,0,0,0
2023-10-19 13:15,178,90,88,0,0,0
2023-10-19 13:30,180,88,92,0,0,0
2023-10-19 13:45,249,98,151,0,0,0
2023-10-19 14:00,205,122,83,0,0,0
2023-10-19 14:15,172,105,67,0,0,0
2023-10-19 14:30,189,85,104,0,0,0
2023-10-19 14:45,215,100,115,0,0,0
2023-10-19 15:00,211,115,96,0,0,0
2023-10-19 15:15,182,95,87,0,0,0
2023-10-19 15:30,233,117,116,0,0,0
2023-10-19 15:45,303,157,146,0,0,0
2023-10-19 16:00,256,149,107,0,0,0
2023-10-19 16:15,249,140,109,0,0,0
2023-10-19 16:30,239,133,106,0,0,0
2023-10-19 16:45,270,155,115,0,0,0
2023-10-19 17:00,245,134,111,0,0,0
2023-10-19 17:15,237,137,100,0,0,0
2023-10-19 17:30,247,120,127,0,0,0
2023-10-19 17:45,242,149,93,0,0,0
2023-10-19 18:00,235,136,99,0,0,0
2023-10-19 18:15,206,120,86,0,0,0
2023-10-19 18:30,179,93,86,0,0,0
2023-10-19 18:45,203,108,95,0,0,0
2023-10-19 19:00,155,93,62,0,0,0
2023-10-19 19:15,153,88,65,0,0,0
2023-10-19 19:30,139,86,53,0,0,0
2023-10-19 19:45,167,85,82,0,0,0
2023-10-19 20:00,164,98,66,0,0,0
2023-10-19 20:15,106,57,49,0,0,0
2023-10-19 20:30,103,49,54,0,0,0
2023-10-19 20:45,73,48,25,0,0,0
2023-10-19 21:00,63,41,22,0,0,0
2023-10-19 21:15,62,33,29,0,0,0
2023-10-19 21:30,101,53,48,0,0,0
2023-10-19 21:45,85,51,34,0,0,0
2023-10-19 22:00,80,40,40,0,0,0
2023-10-19 22:15,82,40,42,0,0,0
2023-10-19 22:30,72,33,39,0,0,0
2023-10-19 22:45,74,30,44,0,0,0
2023-10-19 23:00,54,32,22,0,0,0
2023-10-19 23:15,50,31,19,0,0,0
2023-10-19 23:30,42,20,22,0,0,0
2023-10-19 23:45,27,17,10,0,0,0
2023-10-20 00:00,19,10,9,0,0,0
2023-10-20 00:15,28,15,13,0,0,0
2023-10-20 00:30,12,6,6,0,0,0
2023-10-20 00:45,12,3,9,0,0,0
2023-10-20 01:00,10,3,7,0,0,0
2023-10-20 01:15,14,10,4,0,0,0
2023-10-20 01:30,10,4,6,0,0,0
2023-10-20 01:45,10,10,0,0,0,0
2023-10-20 02:00,8,7,1,0,0,0
2023-10-20 02:15,2,2,0,0,0,0
2023-10-20 02:30,6,4,2,0,0,0
2023-10-20 02:45,3,2,1,0,0,0
2023-10-20 03:00,3,2,1,0,0,0
2023-10-20 03:15,3,0,3,0,0,0
2023-10-20 03:30,2,2,0,0,0,0
2023-10-20 03:45,3,1,2,0,0,0
2023-10-20 04:00,2,2,0,0,0,0
2023-10-20 04:15,2,1,1,0,0,0
2023-10-20 04:30,6,5,1,0,0,0
2023-10-20 04:45,5,0,5,0,0,0
2023-10-20 05:00,1,0,1,0,0,0
2023-10-20 05:15,11,8,3,0,0,0
2023-10-20 05:30,16,2,14,0,0,0
2023-10-20 05:45,20,7,13,0,0,0
2023-10-20 06:00,17,5,12,0,0,0
2023-10-20 06:15,41,16,25,0,0,0
2023-10-20 06:30,42,12,30,0,0,0
2023-10-20 06:45,71,29,42,0,0,0
2023-10-20 07:00,59,16,43,0,0,0
2023-10-20 07:15,106,30,76,0,0,0
2023-10-20 07:30,244,59,185,0,0,0
2023-10-20 07:45,268,70,198,0,0,0
2023-10-20 08:00,178,44,134,0,0,0
2023-10-20 08:15,157,49,108,0,0,0
2023-10-20 08:30,147,51,96,0,0,0
2023-10-20 08:45,176,58,118,0,0,0
2023-10-20 09:00,109,37,72,0,0,0
2023-10-20 09:15,95,29,66,0,0,0
2023-10-20 09:30,104,39,65,0,0,0
2023-10-20 09:45,134,42,92,0,0,0
2023-10-20 10:00,90,35,55,0,0,0
2023-10-20 10:15,67,28,39,0,0,0
2023-10-20 10:30,72,38,34,0,0,0
2023-10-20 10:45,88,33,55,0,0,0
2023-10-20 11:00,78,30,48,0,0,0
2023-10-20 11:15,94,44,50,0,0,0
2023-10-20 11:30,69,29,40,0,0,0
2023-10-20 11:45,114,61,53,0,0,0
2023-10-20 12:00,112,66,46,0,0,0
2023-10-20 12:15,114,58,56,0,0,0
2023-10-20 12:30,112,77,35,0,0,0
2023-10-20 12:45,137,82,55,0,0,0
2023-10-20 13:00,111,57,54,0,0,0
2023-10-20 13:15,126,71,55,0,0,0
2023-10-20 13:30,115,62,53,0,0,0
2023-10-20 13:45,147,81,66,0,0,0
2023-10-20 14:00,137,78,59,0,0,0
2023-10-20 14:15,118,72,46,0,0,0
2023-10-20 14:30,105,60,45,0,0,0
2023-10-20 14:45,143,75,68,0,0,0
2023-10-20 15:00,139,85,54,0,0,0
2023-10-20 15:15,131,68,63,0,0,0
2023-10-20 15:30,134,73,61,0,0,0
2023-10-20 15:45,113,63,50,0,0,0
2023-10-20 16:00,133,76,57,0,0,0
2023-10-20 16:15,117,68,49,0,0,0
2023-10-20 16:30,109,59,50,0,0,0
2023-10-20 16:45,132,78,54,0,0,0
2023-10-20 17:00,116,61,55,0,0,0
2023-10-20 17:15,88,52,36,0,0,0
2023-10-20 17:30,85,46,39,0,0,0
2023-10-20 17:45,125,68,57,0,0,0
2023-10-20 18:00,91,48,43,0,0,0
2023-10-20 18:15,117,66,51,0,0,0
2023-10-20 18:30,103,63,40,0,0,0
2023-10-20 18:45,127,67,60,0,0,0
2023-10-20 19:00,119,61,58,0,0,0
2023-10-20 19:15,109,62,47,0,0,0
2023-10-20 19:30,86,50,36,0,0,0
2023-10-20 19:45,108,47,61,0,0,0
2023-10-20 20:00,94,45,49,0,0,0
2023-10-20 20:15,66,27,39,0,0,0
2023-10-20 20:30,64,30,34,0,0,0
2023-10-20 20:45,47,22,25,0,0,0
2023-10-20 21:00,66,31,35,0,0,0
2023-10-20 21:15,55,30,25,0,0,0
2023-10-20 21:30,39,20,19,0,0,0
2023-10-20 21:45,40,18,22,0,0,0
2023-10-20 22:00,39,17,22,0,0,0
2023-10-20 22:15,66,32,34,0,0,0
2023-10-20 22:30,48,17,31,0,0,0
2023-10-20 22:45,34,25,9,0,0,0
2023-10-20 23:00,62,30,32,0,0,0
2023-10-20 23:15,41,23,18,0,0,0
2023-10-20 23:30,53,30,23,0,0,0
2023-10-20 23:45,39,20,19,0,0,0
2023-10-21 00:00,48,32,16,0,0,0
2023-10-21 00:15,40,18,22,0,0,0
2023-10-21 00:30,40,27,13,0,0,0
2023-10-21 00:45,50,18,32,0,0,0
2023-10-21 01:00,46,28,18,0,0,0
2023-10-21 01:15,35,19,16,0,0,0
2023-10-21 01:30,36,21,15,0,0,0
2023-10-21 01:45,28,18,10,0,0,0
2023-10-21 02:00,36,22,14,0,0,0
2023-10-21 02:15,13,5,8,0,0,0
2023-10-21 02:30,29,8,21,0,0,0
2023-10-21 02:45,14,7,7,0,0,0
2023-10-21 03:00,20,7,13,0,0,0
2023-10-21 03:15,11,3,8,0,0,0
2023-10-21 03:30,15,7,8,0,0,0
2023-10-21 03:45,20,5,15,0,0,0
2023-10-21 04:00,7,5,2,0,0,0
2023-10-21 04:15,14,8,6,0,0,0
2023-10-21 04:30,12,2,10,0,0,0
2023-10-21 04:45,11,4,7,0,0,0
2023-10-21 05:00,5,2,3,0,0,0
2023-10-21 05:15,14,3,11,0,0,0
2023-10-21 05:30,10,2,8,0,0,0
2023-10-21 05:45,17,7,10,0,0,0
2023-10-21 06:00,4,1,3,0,0,0
2023-10-21 06:15,7,2,5,0,0,0
2023-10-21 06:30,5,1,4,0,0,0
2023-10-21 06:45,9,3,6,0,0,0
2023-10-21 07:00,6,3,3,0,0,0
2023-10-21 07:15,6,2,4,0,0,0
2023-10-21 07:30,21,14,7,0,0,0
2023-10-21 07:45,20,7,13,0,0,0
2023-10-21 08:00,18,3,15,0,0,0
2023-10-21 08:15,17,7,10,0,0,0
2023-10-21 08:30,35,11,24,0,0,0
2023-10-21 08:45,45,11,34,0,0,0
2023-10-21 09:00,48,17,31,0,0,0
2023-10-21 09:15,63,30,33,0,0,0
2023-10-21 09:30,70,28,42,0,0,0
2023-10-21 09:45,102,28,74,0,0,0
2023-10-21 10:00,78,29,49,0,0,0
2023-10-21 10:15,117,29,88,0,0,0
2023-10-21 10:30,88,28,60,0,0,0
2023-10-21 10:45,107,34,73,0,0,0
2023-10-21 11:00,87,39,48,0,0,0
2023-10-21 11:15,102,37,65,0,0,0
2023-10-21 11:30,129,43,86,0,0,0
2023-10-21 11:45,164,52,112,0,0,0
2023-10-21 12:00,165,58,107,0,0,0
2023-10-21 12:15,154,58,96,0,0,0
2023-10-21 12:30,151,61,90,0,0,0
2023-10-21 12:45,199,65,134,0,0,0
2023-10-21 13:00,155,61,94,0,0,0
2023-10-21 13:15,151,52,99,0,0,0
2023-10-21 13:30,191,87,104,0,0,0
2023-10-21 13:45,179,86,93,0,0,0
2023-10-21 14:00,179,93,86,0,0,0
2023-10-21 14:15,153,60,93,0,0,0
2023-10-21 14:30,170,96,74,0,0,0
2023-10-21 14:45,192,86,106,0,0,0
2023-10-21 15:00,147,82,65,0,0,0
2023-10-21 15:15,150,59,91,0,0,0
2023-10-21 15:30,121,59,62,0,0,0
2023-10-21 15:45,176,103,73,0,0,0
2023-10-21 16:00,154,92,62,0,0,0
2023-10-21 16:15,119,64,55,0,0,0
2023-10-21 16:30,167,86,81,0,0,0
2023-10-21 16:45,149,84,65,0,0,0
2023-10-21 17:00,156,100,56,0,0,0
2023-10-21 17:15,129,69,60,0,0,0
2023-10-21 17:30,130,74,56,0,0,0
2023-10-21 17:45,161,98,63,0,0,0
2023-10-21 18:00,141,92,49,0,0,0
2023-10-21 18:15,156,73,83,0,0,0
2023-10-21 18:30,141,85,56,0,0,0
2023-10-21 18:45,136,71,65,0,0,0
2023-10-21 19:00,103,56,47,0,0,0
2023-10-21 19:15,112,49,63,0,0,0
2023-10-21 19:30,107,55,52,0,0,0
2023-10-21 19:45,109,64,45,0,0,0
2023-10-21 20:00,102,49,53,0,0,0
2023-10-21 20:15,107,61,46,0,0,0
2023-10-21 20:30,81,37,44,0,0,0
2023-10-21 20:45,73,28,45,0,0,0
2023-10-21 21:00,57,24,33,0,0,0
2023-10-21 21:15,60,31,29,0,0,0
2023-10-21 21:30,43,28,15,0,0,0
2023-10-21 21:45,54,32,22,0,0,0
2023-10-21 22:00,70,42,28,0,0,0
2023-10-21 22:15,73,33,40,0,0,0
2023-10-21 22:30,60,34,26,0,0,0
2023-10-21 22:45,68,37,31,0,0,0
2023-10-21 23:00,70,38,32,0,0,0
2023-10-21 23:15,57,38,19,0,0,0
2023-10-21 23:30,76,36,40,0,0,0
2023-10-21 23:45,69,35,34,0,0,0
2023-10-22 00:00,68,42,26,0,0,0
2023-10-22 00:15,69,36,33,0,0,0
2023-10-22 00:30,66,47,19,0,0,0
2023-10-22 00:45,59,30,29,0,0,0
2023-10-22 01:00,48,26,22,0,0,0
2023-10-22 01:15,32,17,15,0,0,0
2023-10-22 01:30,38,15,23,0,0,0
2023-10-22 01:45,45,12,33,0,0,0
2023-10-22 02:00,37,16,21,0,0,0
2023-10-22 02:15,24,14,10,0,0,0
2023-10-22 02:30,27,9,18,0,0,0
2023-10-22 02:45,28,10,18,0,0,0
2023-10-22 03:00,23,7,16,0,0,0
2023-10-22 03:15,21,11,10,0,0,0
2023-10-22 03:30,20,10,10,0,0,0
2023-10-22 03:45,19,7,12,0,0,0
2023-10-22 04:00,17,7,10,0,0,0
2023-10-22 04:15,14,5,9,0,0,0
2023-10-22 04:30,8,4,4,0,0,0
2023-10-22 04:45,13,6,7,0,0,0
2023-10-22 05:00,7,3,4,0,0,0
2023-10-22 05:15,9,3,6,0,0,0
2023-10-22 05:30,12,2,10,0,0,0
2023-10-22 05:45,15,0,15,0,0,0
2023-10-22 06:00,8,2,6,0,0,0
2023-10-22 06:15,10,2,8,0,0,0
2023-10-22 06:30,14,3,11,0,0,0
2023-10-22 06:45,8,3,5,0,0,0
2023-10-22 07:00,4,1,3,0,0,0
2023-10-22 07:15,6,3,3,0,0,0
2023-10-22 07:30,3,0,3,0,0,0
2023-10-22 07:45,17,4,13,0,0,0
2023-10-22 08:00,8,2,6,0,0,0
2023-10-22 08:15,10,4,6,0,0,0
2023-10-22 08:30,16,4,12,0,0,0
2023-10-22 08:45,19,7,12,0,0,0
2023-10-22 09:00,15,5,10,0,0,0
2023-10-22 09:15,23,7,16,0,0,0
2023-10-22 09:30,35,16,19,0,0,0
2023-10-22 09:45,51,19,32,0,0,0
2023-10-22 10:00,45,20,25,0,0,0
2023-10-22 10:15,55,21,34,0,0,0
2023-10-22 10:30,61,26,35,0,0,0
2023-10-22 10:45,66,29,37,0,0,0
2023-10-22 11:00,55,26,29,0,0,0
2023-10-22 11:15,64,27,37,0,0,0
2023-10-22 11:30,58,23,35,0,0,0
2023-10-22 11:45,81,25,56,0,0,0
2023-10-22 12:00,75,31,44,0,0,0
2023-10-22 12:15,100,41,59,0,0,0
2023-10-22 12:30,91,38,53,0,0,0
2023-10-22 12:45,105,37,68,0,0,0
2023-10-22 13:00,103,38,65,0,0,0
2023-10-22 13:15,102,50,52,0,0,0
2023-10-22 13:30,126,39,87,0,0,0
2023-10-22 13:45,133,61,72,0,0,0
2023-10-22 14:00,100,53,47,0,0,0
2023-10-22 14:15,120,56,64,0,0,0
2023-10-22 14:30,123,53,70,0,0,0
2023-10-22 14:45,129,65,64,0,0,0
2023-10-22 15:00,123,53,70,0,0,0
2023-10-22 15:15,134,58,76,0,0,0
2023-10-22 15:30,113,52,61,0,0,0
2023-10-22 15:45,95,42,53,0,0,0
2023-10-22 16:00,124,62,62,0,0,0
2023-10-22 16:15,82,41,41,0,0,0
2023-10-22 16:30,119,56,63,0,0,0
2023-10-22 16:45,121,67,54,0,0,0
2023-10-22 17:00,113,55,58,0,0,0
2023-10-22 17:15,77,40,37,0,0,0
2023-10-22 17:30,92,50,42,0,0,0
2023-10-22 17:45,92,54,38,0,0,0
2023-10-22 18:00,106,48,58,0,0,0
2023-10-22 18:15,107,68,39,0,0,0
2023-10-22 18:30,104,62,42,0,0,0
2023-10-22 18:45,90,47,43,0,0,0
2023-10-22 19:00,76,48,28,0,0,0
2023-10-22 19:15,79,45,34,0,0,0
2023-10-22 19:30,80,41,39,0,0,0
2023-10-22 19:45,92,45,47,0,0,0
2023-10-22 20:00,47,26,21,0,0,0
2023-10-22 20:15,58,36,22,0,0,0
2023-10-22 20:30,36,14,22,0,0,0
2023-10-22 20:45,52,21,31,0,0,0
2023-10-22 21:00,40,21,19,0,0,0
2023-10-22 21:15,44,29,15,0,0,0
2023-10-22 21:30,34,13,21,0,0,0
2023-10-22 21:45,32,21,11,0,0,0
2023-10-22 22:00,40,15,25,0,0,0
2023-10-22 22:15,34,14,20,0,0,0
2023-10-22 22:30,32,13,19,0,0,0
2023-10-22 22:45,33,16,17,0,0,0
2023-10-22 23:00,21,10,11,0,0,0
2023-10-22 23:15,13,7,6,0,0,0
2023-10-22 23:30,25,8,17,0,0,0
2023-10-22 23:45,9,5,4,0,0,0
2023-10-23 00:00,10,4,6,0,0,0
2023-10-23 00:15,5,0,5,0,0,0
2023-10-23 00:30,4,1,3,0,0,0
2023-10-23 00:45,6,4,2,0,0,0
2023-10-23 01:00,4,2,2,0,0,0
2023-10-23 01:15,1,0,1,0,0,0
2023-10-23 01:30,3,1,2,0,0,0
2023-10-23 01:45,2,2,0,0,0,0
2023-10-23 02:00,1,0,1,0,0,0
2023-10-23 02:15,1,0,1,0,0,0
2023-10-23 02:30,3,2,1,0,0,0
2023-10-23 02:45,4,1,3,0,0,0
2023-10-23 03:00,1,0,1,0,0,0
2023-10-23 03:15,1,0,1,0,0,0
2023-10-23 03:30,1,1,0,0,0,0
2023-10-23 03:45,1,0,1,0,0,0
2023-10-23 04:00,1,0,1,0,0,0
2023-10-23 04:15,3,1,2,0,0,0
2023-10-23 04:30,2,1,1,0,0,0
2023-10-23 04:45,3,2,1,0,0,0
2023-10-23 05:00,7,5,2,0,0,0
2023-10-23 05:15,11,5,6,0,0,0
2023-10-23 05:30,13,3,10,0,0,0
2023-10-23 05:45,27,8,19,0,0,0
2023-10-23 06:00,21,9,12,0,0,0
2023-10-23 06:15,50,21,29,0,0,0
2023-10-23 06:30,65,18,47,0,0,0
2023-10-23 06:45,78,36,42,0,0,0
2023-10-23 07:00,112,36,76,0,0,0
2023-10-23 07:15,158,57,101,0,0,0
2023-10-23 07:30,355,79,276,0,0,0
2023-10-23 07:45,327,90,237,0,0,0
2023-10-23 08:00,225,69,156,0,0,0
2023-10-23 08:15,228,73,155,0,0,0
2023-10-23 08:30,181,46,135,0,0,0
2023-10-23 08:45,177,51,126,0,0,0
2023-10-23 09:00,164,53,111,0,0,0
2023-10-23 09:15,143,51,92,0,0,0
2023-10-23 09:30,153,40,113,0,0,0
2023-10-23 09:45,210,45,165,0,0,0
2023-10-23 10:00,145,42,103,0,0,0
2023-10-23 10:15,111,52,59,0,0,0
2023-10-23 10:30,138,55,83,0,0,0
2023-10-23 10:45,140,51,89,0,0,0
2023-10-23 11:00,145,59,86,0,0,0
2023-10-23 11:15,117,41,76,0,0,0
2023-10-23 11:30,180,64,116,0,0,0
2023-10-23 11:45,224,75,149,0,0,0
2023-10-23 12:00,185,91,94,0,0,0
2023-10-23 12:15,165,68,97,0,0,0
2023-10-23 12:30,160,94,66,0,0,0
2023-10-23 12:45,176,74,102,0,0,0
2023-10-23 13:00,192,99,93,0,0,0
2023-10-23 13:15,161,84,77,0,0,0
2023-10-23 13:30,166,65,101,0,0,0
2023-10-23 13:45,221,118,103,0,0,0
2023-10-23 14:00,230,124,106,0,0,0
2023-10-23 14:15,191,102,89,0,0,0
2023-10-23 14:30,182,94,88,0,0,0
2023-10-23 14:45,242,118,124,0,0,0
2023-10-23 15:00,196,118,78,0,0,0
2023-10-23 15:15,203,94,109,0,0,0
2023-10-23 15:30,215,106,109,0,0,0
2023-10-23 15:45,293,151,142,0,0,0
2023-10-23 16:00,276,162,114,0,0,0
2023-10-23 16:15,261,135,126,0,0,0
2023-10-23 16:30,224,112,112,0,0,0
2023-10-23 16:45,249,138,111,0,0,0
2023-10-23 17:00,275,140,135,0,0,0
2023-10-23 17:15,262,120,142,0,0,0
2023-10-23 17:30,284,154,130,0,0,0
2023-10-23 17:45,337,184,153,0,0,0
2023-10-23 18:00,298,170,128,0,0,0
2023-10-23 18:15,225,136,89,0,0,0
2023-10-23 18:30,203,107,96,0,0,0
2023-10-23 18:45,227,121,106,0,0,0
2023-10-23 19:00,161,88,73,0,0,0
2023-10-23 19:15,191,120,71,0,0,0
2023-10-23 19:30,145,73,72,0,0,0
2023-10-23 19:45,171,104,67,0,0,0
2023-10-23 20:00,131,73,58,0,0,0
2023-10-23 20:15,99,58,41,0,0,0
2023-10-23 20:30,85,55,30,0,0,0
2023-10-23 20:45,72,39,33,0,0,0
2023-10-23 21:00,67,35,32,0,0,0
2023-10-23 21:15,92,49,43,0,0,0
2023-10-23 21:30,82,43,39,0,0,0
2023-10-23 21:45,68,40,28,0,0,0
2023-10-23 22:00,52,31,21,0,0,0
2023-10-23 22:15,62,38,24,0,0,0
2023-10-23 22:30,67,37,30,0,0,0
2023-10-23 22:45,44,29,15,0,0,0
2023-10-23 23:00,64,26,38,0,0,0
2023-10-23 23:15,44,27,17,0,0,0
2023-10-23 23:30,23,13,10,0,0,0
2023-10-23 23:45,23,11,12,0,0,0
2023-10-24 00:00,17,13,4,0,0,0
2023-10-24 00:15,25,13,12,0,0,0
2023-10-24 00:30,10,8,2,0,0,0
2023-10-24 00:45,11,10,1,0,0,0
2023-10-24 01:00,11,10,1,0,0,0
2023-10-24 01:15,12,8,4,0,0,0
2023-10-24 01:30,11,9,2,0,0,0
2023-10-24 01:45,15,9,6,0,0,0
2023-10-24 02:00,6,4,2,0,0,0
2023-10-24 02:15,4,3,1,0,0,0
2023-10-24 02:30,4,4,0,0,0,0
2023-10-24 02:45,9,3,6,0,0,0
2023-10-24 03:00,4,2,2,0,0,0
2023-10-24 03:15,1,1,0,0,0,0
2023-10-24 03:30,0,0,0,0,0,0
2023-10-24 03:45,4,2,2,0,0,0
2023-10-24 04:00,3,0,3,0,0,0
2023-10-24 04:15,5,2,3,0,0,0
2023-10-24 04:30,4,3,1,0,0,0
2023-10-24 04:45,9,6,3,0,0,0
2023-10-24 05:00,2,2,0,0,0,0
2023-10-24 05:15,11,7,4,0,0,0
2023-10-24 05:30,10,2,8,0,0,0
2023-10-24 05:45,19,5,14,0,0,0
2023-10-24 06:00,28,7,21,0,0,0
2023-10-24 06:15,44,22,22,0,0,0
2023-10-24 06:30,60,15,45,0,0,0
2023-10-24 06:45,90,48,42,0,0,0
2023-10-24 07:00,99,39,60,0,0,0
2023-10-24 07:15,178,53,125,0,0,0
2023-10-24 07:30,355,71,284,0,0,0
2023-10-24 07:45,358,92,266,0,0,0
2023-10-24 08:00,277,70,207,0,0,0
2023-10-24 08:15,220,61,159,0,0,0
2023-10-24 08:30,220,56,164,0,0,0
2023-10-24 08:45,199,55,144,0,0,0
2023-10-24 09:00,158,52,106,0,0,0
2023-10-24 09:15,132,42,90,0,0,0
2023-10-24 09:30,140,45,95,0,0,0
2023-10-24 09:45,240,59,181,0,0,0
2023-10-24 10:00,155,52,103,0,0,0
2023-10-24 10:15,146,55,91,0,0,0
2023-10-24 10:30,113,49,64,0,0,0
2023-10-24 10:45,137,54,83,0,0,0
2023-10-24 11:00,137,52,85,0,0,0
2023-10-24 11:15,132,66,66,0,0,0
2023-10-24 11:30,138,54,84,0,0,0
2023-10-24 11:45,234,92,142,0,0,0
2023-10-24 12:00,189,88,101,0,0,0
2023-10-24 12:15,139,68,71,0,0,0
2023-10-24 12:30,155,97,58,0,0,0
2023-10-24 12:45,156,69,87,0,0,0
2023-10-24 13:00,197,107,90,0,0,0
2023-10-24 13:15,164,85,79,0,0,0
2023-10-24 13:30,176,88,88,0,0,0
2023-10-24 13:45,208,84,124,0,0,0
2023-10-24 14:00,222,117,105,0,0,0
2023-10-24 14:15,174,95,79,0,0,0
2023-10-24 14:30,182,85,97,0,0,0
2023-10-24 14:45,230,116,114,0,0,0
2023-10-24 15:00,178,98,80,0,0,0
2023-10-24 15:15,165,92,73,0,0,0
2023-10-24 15:30,205,117,88,0,0,0
2023-10-24 15:45,278,151,127,0,0,0
2023-10-24 16:00,263,153,110,0,0,0
2023-10-24 16:15,219,122,97,0,0,0
2023-10-24 16:30,200,110,90,0,0,0
2023-10-24 16:45,214,119,95,0,0,0
2023-10-24 17:00,264,143,121,0,0,0
2023-10-24 17:15,259,139,120,0,0,0
2023-10-24 17:30,245,121,124,0,0,0
2023-10-24 17:45,342,173,169,0,0,0
2023-10-24 18:00,286,171,115,0,0,0
2023-10-24 18:15,236,117,119,0,0,0
2023-10-24 18:30,191,92,99,0,0,0
2023-10-24 18:45,236,121,115,0,0,0
2023-10-24 19:00,169,78,91,0,0,0
2023-10-24 19:15,187,108,79,0,0,0
2023-10-24 19:30,214,98,116,0,0,0
2023-10-24 19:45,260,108,152,0,0,0
2023-10-24 20:00,242,87,155,0,0,0
2023-10-24 20:15,208,54,154,0,0,0
2023-10-24 20:30,110,53,57,0,0,0
2023-10-24 20:45,69,35,34,0,0,0
2023-10-24 21:00,128,96,32,0,0,0
2023-10-24 21:15,197,162,35,0,0,0
2023-10-24 21:30,205,168,37,0,0,0
2023-10-24 21:45,84,54,30,0,0,0
2023-10-24 22:00,109,69,40,0,0,0
2023-10-24 22:15,101,61,40,0,0,0
2023-10-24 22:30,80,47,33,0,0,0
2023-10-24 22:45,64,38,26,0,0,0
2023-10-24 23:00,52,28,24,0,0,0
2023-10-24 23:15,38,22,16,0,0,0
2023-10-24 23:30,42,29,13,0,0,0
2023-10-24 23:45,27,12,15,0,0,0
2023-10-25 00:00,21,13,8,0,0,0
2023-10-25 00:15,18,13,5,0,0,0
2023-10-25 00:30,16,8,8,0,0,0
2023-10-25 00:45,7,3,4,0,0,0
2023-10-25 01:00,8,2,6,0,0,0
2023-10-25 01:15,10,2,8,0,0,0
2023-10-25 01:30,4,2,2,0,0,0
2023-10-25 01:45,6,4,2,0,0,0
2023-10-25 02:00,5,4,1,0,0,0
2023-10-25 02:15,1,0,1,0,0,0
2023-10-25 02:30,0,0,0,0,0,0
2023-10-25 02:45,3,0,3,0,0,0
2023-10-25 03:00,2,1,1,0,0,0
2023-10-25 03:15,1,1,0,0,0,0
2023-10-25 03:30,1,0,1,0,0,0
2023-10-25 03:45,2,0,2,0,0,0
2023-10-25 04:00,2,2,0,0,0,0
2023-10-25 04:15,1,1,0,0,0,0
2023-10-25 04:30,6,2,4,0,0,0
2023-10-25 04:45,9,4,5,0,0,0
2023-10-25 05:00,4,4,0,0,0,0
2023-10-25 05:15,16,7,9,0,0,0
2023-10-25 05:30,15,3,12,0,0,0
2023-10-25 05:45,26,7,19,0,0,0
2023-10-25 06:00,30,9,21,0,0,0
2023-10-25 06:15,44,13,31,0,0,0
2023-10-25 06:30,71,16,55,0,0,0
2023-10-25 06:45,83,38,45,0,0,0
2023-10-25 07:00,84,32,52,0,0,0
2023-10-25 07:15,167,41,126,0,0,0
2023-10-25 07:30,358,81,277,0,0,0
2023-10-25 07:45,354,94,260,0,0,0
2023-10-25 08:00,299,72,227,0,0,0
2023-10-25 08:15,237,73,164,0,0,0
2023-10-25 08:30,192,60,132,0,0,0
2023-10-25 08:45,232,72,160,0,0,0
2023-10-25 09:00,158,41,117,0,0,0
2023-10-25 09:15,168,56,112,0,0,0
2023-10-25 09:30,191,61,130,0,0,0
2023-10-25 09:45,272,65,207,0,0,0
2023-10-25 10:00,210,52,158,0,0,0
2023-10-25 10:15,152,52,100,0,0,0
2023-10-25 10:30,148,62,86,0,0,0
2023-10-25 10:45,164,68,96,0,0,0
2023-10-25 11:00,150,47,103,0,0,0
2023-10-25 11:15,135,58,77,0,0,0
2023-10-25 11:30,145,54,91,0,0,0
2023-10-25 11:45,218,94,124,0,0,0
2023-10-25 12:00,197,97,100,0,0,0
2023-10-25 12:15,224,115,109,0,0,0
2023-10-25 12:30,203,112,91,0,0,0
2023-10-25 12:45,191,92,99,0,0,0
2023-10-25 13:00,239,131,108,0,0,0
2023-10-25 13:15,192,120,72,0,0,0
2023-10-25 13:30,203,113,90,0,0,0
2023-10-25 13:45,238,121,117,0,0,0
2023-10-25 14:00,241,142,99,0,0,0
2023-10-25 14:15,194,116,78,0,0,0
2023-10-25 14:30,161,84,77,0,0,0
2023-10-25 14:45,199,104,95,0,0,0
2023-10-25 15:00,171,90,81,0,0,0
2023-10-25 15:15,149,83,66,0,0,0
2023-10-25 15:30,166,99,67,0,0,0
2023-10-25 15:45,224,110,114,0,0,0
2023-10-25 16:00,220,154,66,0,0,0
2023-10-25 16:15,167,109,58,0,0,0
2023-10-25 16:30,156,90,66,0,0,0
2023-10-25 16:45,162,89,73,0,0,0
2023-10-25 17:00,172,95,77,0,0,0
2023-10-25 17:15,172,89,83,0,0,0
2023-10-25 17:30,178,108,70,0,0,0
2023-10-25 17:45,232,136,96,0,0,0
2023-10-25 18:00,186,112,74,0,0,0
2023-10-25 18:15,149,78,71,0,0,0
2023-10-25 18:30,104,60,44,0,0,0
2023-10-25 18:45,115,65,50,0,0,0
2023-10-25 19:00,98,54,44,0,0,0
2023-10-25 19:15,109,57,52,0,0,0
2023-10-25 19:30,131,78,53,0,0,0
2023-10-25 19:45,140,85,55,0,0,0
2023-10-25 20:00,104,57,47,0,0,0
2023-10-25 20:15,90,48,42,0,0,0
2023-10-25 20:30,71,34,37,0,0,0
2023-10-25 20:45,78,38,40,0,0,0
2023-10-25 21:00,54,31,23,0,0,0
2023-10-25 21:15,61,32,29,0,0,0
2023-10-25 21:30,52,28,24,0,0,0
2023-10-25 21:45,67,39,28,0,0,0
2023-10-25 22:00,68,29,39,0,0,0
2023-10-25 22:15,71,36,35,0,0,0
2023-10-25 22:30,50,33,17,0,0,0
2023-10-25 22:45,37,23,14,0,0,0
2023-10-25 23:00,53,27,26,0,0,0
2023-10-25 23:15,50,31,19,0,0,0
2023-10-25 23:30,32,12,20,0,0,0
2023-10-25 23:45,32,16,16,0,0,0
2023-10-26 00:00,53,45,8,0,0,0
2023-10-26 00:15,36,22,14,0,0,0
2023-10-26 00:30,21,13,8,0,0,0
2023-10-26 00:45,20,11,9,0,0,0
2023-10-26 01:00,23,17,6,0,0,0
2023-10-26 01:15,5,4,1,0,0,0
2023-10-26 01:30,9,5,4,0,0,0
2023-10-26 01:45,9,3,6,0,0,0
2023-10-26 02:00,13,4,9,0,0,0
2023-10-26 02:15,10,2,8,0,0,0
2023-10-26 02:30,7,3,4,0,0,0
2023-10-26 02:45,10,5,5,0,0,0
2023-10-26 03:00,8,1,7,0,0,0
2023-10-26 03:15,13,3,10,0,0,0
2023-10-26 03:30,23,5,18,0,0,0
2023-10-26 03:45,13,0,13,0,0,0
2023-10-26 04:00,5,2,3,0,0,0
2023-10-26 04:15,9,4,5,0,0,0
2023-10-26 04:30,11,2,9,0,0,0
2023-10-26 04:45,8,2,6,0,0,0
2023-10-26 05:00,8,5,3,0,0,0
2023-10-26 05:15,12,9,3,0,0,0
2023-10-26 05:30,14,3,11,0,0,0
2023-10-26 05:45,21,4,17,0,0,0
2023-10-26 06:00,18,4,14,0,0,0
2023-10-26 06:15,43,18,25,0,0,0
2023-10-26 06:30,45,18,27,0,0,0
2023-10-26 06:45,70,32,38,0,0,0
2023-10-26 07:00,80,26,54,0,0,0
2023-10-26 07:15,142,42,100,0,0,0
2023-10-26 07:30,284,67,217,0,0,0
2023-10-26 07:45,326,90,236,0,0,0
2023-10-26 08:00,246,62,184,0,0,0
2023-10-26 08:15,229,73,156,0,0,0
2023-10-26 08:30,174,61,113,0,0,0
2023-10-26 08:45,211,59,152,0,0,0
2023-10-26 09:00,118,53,65,0,0,0
2023-10-26 09:15,142,44,98,0,0,0
2023-10-26 09:30,155,40,115,0,0,0
2023-10-26 09:45,195,26,169,0,0,0
2023-10-26 10:00,146,34,112,0,0,0
2023-10-26 10:15,109,37,72,0,0,0
2023-10-26 10:30,94,31,63,0,0,0
2023-10-26 10:45,111,52,59,0,0,0
2023-10-26 11:00,115,53,62,0,0,0
2023-10-26 11:15,112,45,67,0,0,0
2023-10-26 11:30,124,56,68,0,0,0
2023-10-26 11:45,167,57,110,0,0,0
2023-10-26 12:00,182,94,88,0,0,0
2023-10-26 12:15,135,66,69,0,0,0
2023-10-26 12:30,169,94,75,0,0,0
2023-10-26 12:45,173,79,94,0,0,0
2023-10-26 13:00,178,88,90,0,0,0
2023-10-26 13:15,143,78,65,0,0,0
2023-10-26 13:30,151,78,73,0,0,0
2023-10-26 13:45,228,108,120,0,0,0
2023-10-26 14:00,197,114,83,0,0,0
2023-10-26 14:15,168,87,81,0,0,0
2023-10-26 14:30,164,96,68,0,0,0
2023-10-26 14:45,165,72,93,0,0,0
2023-10-26 15:00,176,91,85,0,0,0
2023-10-26 15:15,175,100,75,0,0,0
2023-10-26 15:30,205,89,116,0,0,0
2023-10-26 15:45,273,138,135,0,0,0
2023-10-26 16:00,228,142,86,0,0,0
2023-10-26 16:15,245,132,113,0,0,0
2023-10-26 16:30,235,107,128,0,0,0
2023-10-26 16:45,234,114,120,0,0,0
2023-10-26 17:00,218,117,101,0,0,0
2023-10-26 17:15,223,125,98,0,0,0
2023-10-26 17:30,228,121,107,0,0,0
2023-10-26 17:45,298,160,138,0,0,0
2023-10-26 18:00,270,153,117,0,0,0
2023-10-26 18:15,243,128,115,0,0,0
2023-10-26 18:30,171,89,82,0,0,0
2023-10-26 18:45,242,134,108,0,0,0
2023-10-26 19:00,178,96,82,0,0,0
2023-10-26 19:15,161,89,72,0,0,0
2023-10-26 19:30,139,85,54,0,0,0
2023-10-26 19:45,174,98,76,0,0,0
2023-10-26 20:00,152,88,64,0,0,0
2023-10-26 20:15,123,61,62,0,0,0
2023-10-26 20:30,80,50,30,0,0,0
2023-10-26 20:45,76,39,37,0,0,0
2023-10-26 21:00,78,42,36,0,0,0
2023-10-26 21:15,90,48,42,0,0,0
2023-10-26 21:30,74,52,22,0,0,0
2023-10-26 21:45,93,56,37,0,0,0
2023-10-26 22:00,99,55,44,0,0,0
2023-10-26 22:15,102,57,45,0,0,0
2023-10-26 22:30,72,41,31,0,0,0
2023-10-26 22:45,65,39,26,0,0,0
2023-10-26 23:00,50,23,27,0,0,0
2023-10-26 23:15,60,33,27,0,0,0
2023-10-26 23:30,31,11,20,0,0,0
2023-10-26 23:45,19,11,8,0,0,0
2023-10-27 00:00,25,11,14,0,0,0
2023-10-27 00:15,16,8,8,0,0,0
2023-10-27 00:30,16,7,9,0,0,0
2023-10-27 00:45,17,7,10,0,0,0
2023-10-27 01:00,11,6,5,0,0,0
2023-10-27 01:15,12,5,7,0,0,0
2023-10-27 01:30,10,2,8,0,0,0
2023-10-27 01:45,7,0,7,0,0,0
2023-10-27 02:00,6,5,1,0,0,0
2023-10-27 02:15,7,4,3,0,0,0
2023-10-27 02:30,2,2,0,0,0,0
2023-10-27 02:45,3,2,1,0,0,0
2023-10-27 03:00,1,0,1,0,0,0
2023-10-27 03:15,1,0,1,0,0,0
2023-10-27 03:30,1,1,0,0,0,0
2023-10-27 03:45,3,1,2,0,0,0
2023-10-27 04:00,3,1,2,0,0,0
2023-10-27 04:15,4,1,3,0,0,0
2023-10-27 04:30,6,1,5,0,0,0
2023-10-27 04:45,6,4,2,0,0,0
2023-10-27 05:00,6,3,3,0,0,0
2023-10-27 05:15,5,2,3,0,0,0
2023-10-27 05:30,8,2,6,0,0,0
2023-10-27 05:45,21,2,19,0,0,0
2023-10-27 06:00,20,8,12,0,0,0
2023-10-27 06:15,36,15,21,0,0,0
2023-10-27 06:30,47,14,33,0,0,0
2023-10-27 06:45,65,27,38,0,0,0
2023-10-27 07:00,67,19,48,0,0,0
2023-10-27 07:15,119,40,79,0,0,0
2023-10-27 07:30,245,46,199,0,0,0
2023-10-27 07:45,288,82,206,0,0,0
2023-10-27 08:00,184,53,131,0,0,0
2023-10-27 08:15,144,40,104,0,0,0
2023-10-27 08:30,148,36,112,0,0,0
2023-10-27 08:45,160,54,106,0,0,0
2023-10-27 09:00,136,53,83,0,0,0
2023-10-27 09:15,92,26,66,0,0,0
2023-10-27 09:30,115,31,84,0,0,0
2023-10-27 09:45,148,39,109,0,0,0
2023-10-27 10:00,116,40,76,0,0,0
2023-10-27 10:15,106,41,65,0,0,0
2023-10-27 10:30,83,34,49,0,0,0
2023-10-27 10:45,92,45,47,0,0,0
2023-10-27 11:00,66,31,35,0,0,0
2023-10-27 11:15,91,45,46,0,0,0
2023-10-27 11:30,96,43,53,0,0,0
2023-10-27 11:45,135,57,78,0,0,0
2023-10-27 12:00,117,62,55,0,0,0
2023-10-27 12:15,124,60,64,0,0,0
2023-10-27 12:30,110,71,39,0,0,0
2023-10-27 12:45,132,72,60,0,0,0
2023-10-27 13:00,165,98,67,0,0,0
2023-10-27 13:15,157,91,66,0,0,0
2023-10-27 13:30,117,62,55,0,0,0
2023-10-27 13:45,173,97,76,0,0,0
2023-10-27 14:00,194,114,80,0,0,0
2023-10-27 14:15,148,84,64,0,0,0
2023-10-27 14:30,116,64,52,0,0,0
2023-10-27 14:45,126,68,58,0,0,0
2023-10-27 15:00,146,80,66,0,0,0
2023-10-27 15:15,130,77,53,0,0,0
2023-10-27 15:30,142,75,67,0,0,0
2023-10-27 15:45,128,73,55,0,0,0
2023-10-27 16:00,133,90,43,0,0,0
2023-10-27 16:15,113,59,54,0,0,0
2023-10-27 16:30,147,86,61,0,0,0
2023-10-27 16:45,135,72,63,0,0,0
2023-10-27 17:00,118,70,48,0,0,0
2023-10-27 17:15,115,63,52,0,0,0
2023-10-27 17:30,106,52,54,0,0,0
2023-10-27 17:45,108,58,50,0,0,0
2023-10-27 18:00,125,70,55,0,0,0
2023-10-27 18:15,109,63,46,0,0,0
2023-10-27 18:30,118,66,52,0,0,0
2023-10-27 18:45,122,61,61,0,0,0
2023-10-27 19:00,124,61,63,0,0,0
2023-10-27 19:15,108,48,60,0,0,0
2023-10-27 19:30,81,39,42,0,0,0
2023-10-27 19:45,119,63,56,0,0,0
2023-10-27 20:00,92,58,34,0,0,0
2023-10-27 20:15,89,34,55,0,0,0
2023-10-27 20:30,63,33,30,0,0,0
2023-10-27 20:45,81,32,49,0,0,0
2023-10-27 21:00,52,25,27,0,0,0
2023-10-27 21:15,57,39,18,0,0,0
2023-10-27 21:30,45,29,16,0,0,0
2023-10-27 21:45,81,41,40,0,0,0
2023-10-27 22:00,46,19,27,0,0,0
2023-10-27 22:15,67,33,34,0,0,0
2023-10-27 22:30,60,26,34,0,0,0
2023-10-27 22:45,54,18,36,0,0,0
2023-10-27 23:00,29,17,12,0,0,0
2023-10-27 23:15,54,26,28,0,0,0
2023-10-27 23:30,43,25,18,0,0,0
2023-10-27 23:45,43,24,19,0,0,0
2023-10-28 00:00,42,20,22,0,0,0
2023-10-28 00:15,35,22,13,0,0,0
2023-10-28 00:30,27,14,13,0,0,0
2023-10-28 00:45,35,15,20,0,0,0
2023-10-28 01:00,38,23,15,0,0,0
2023-10-28 01:15,41,19,22,0,0,0
2023-10-28 01:30,29,20,9,0,0,0
2023-10-28 01:45,34,18,16,0,0,0
2023-10-28 02:00,28,16,12,0,0,0
2023-10-28 02:15,22,11,11,0,0,0
2023-10-28 02:30,21,10,11,0,0,0
2023-10-28 02:45,31,13,18,0,0,0
2023-10-28 03:00,16,6,10,0,0,0
2023-10-28 03:15,25,11,14,0,0,0
2023-10-28 03:30,17,5,12,0,0,0
2023-10-28 03:45,15,3,12,0,0,0
2023-10-28 04:00,8,3,5,0,0,0
2023-10-28 04:15,8,3,5,0,0,0
2023-10-28 04:30,4,3,1,0,0,0
2023-10-28 04:45,5,2,3,0,0,0
2023-10-28 05:00,8,5,3,0,0,0
2023-10-28 05:15,9,3,6,0,0,0
2023-10-28 05:30,8,3,5,0,0,0
2023-10-28 05:45,18,8,10,0,0,0
2023-10-28 06:00,5,3,2,0,0,0
2023-10-28 06:15,11,6,5,0,0,0
2023-10-28 06:30,11,2,9,0,0,0
2023-10-28 06:45,15,6,9,0,0,0
2023-10-28 07:00,13,4,9,0,0,0
2023-10-28 07:15,16,5,11,0,0,0
2023-10-28 07:30,16,4,12,0,0,0
2023-10-28 07:45,22,7,15,0,0,0
2023-10-28 08:00,30,8,22,0,0,0
2023-10-28 08:15,36,13,23,0,0,0
2023-10-28 08:30,51,20,31,0,0,0
2023-10-28 08:45,66,23,43,0,0,0
2023-10-28 09:00,69,35,34,0,0,0
2023-10-28 09:15,75,30,45,0,0,0
2023-10-28 09:30,85,23,62,0,0,0
2023-10-28 09:45,146,60,86,0,0,0
2023-10-28 10:00,111,37,74,0,0,0
2023-10-28 10:15,115,36,79,0,0,0
2023-10-28 10:30,85,27,58,0,0,0
2023-10-28 10:45,127,46,81,0,0,0
2023-10-28 11:00,124,50,74,0,0,0
2023-10-28 11:15,137,54,83,0,0,0
2023-10-28 11:30,111,40,71,0,0,0
2023-10-28 11:45,128,62,66,0,0,0
2023-10-28 12:00,96,51,45,0,0,0
2023-10-28 12:15,123,59,64,0,0,0
2023-10-28 12:30,112,53,59,0,0,0
2023-10-28 12:45,121,48,73,0,0,0
2023-10-28 13:00,137,62,75,0,0,0
2023-10-28 13:15,130,42,88,0,0,0
2023-10-28 13:30,161,70,91,0,0,0
2023-10-28 13:45,155,45,110,0,0,0
2023-10-28 14:00,140,66,74,0,0,0
2023-10-28 14:15,166,90,76,0,0,0
2023-10-28 14:30,165,75,90,0,0,0
2023-10-28 14:45,169,72,97,0,0,0
2023-10-28 15:00,163,72,91,0,0,0
2023-10-28 15:15,142,80,62,0,0,0
2023-10-28 15:30,152,77,75,0,0,0
2023-10-28 15:45,144,82,62,0,0,0
2023-10-28 16:00,113,68,45,0,0,0
2023-10-28 16:15,117,74,43,0,0,0
2023-10-28 16:30,102,55,47,0,0,0
2023-10-28 16:45,129,71,58,0,0,0
2023-10-28 17:00,135,65,70,0,0,0
2023-10-28 17:15,114,70,44,0,0,0
2023-10-28 17:30,118,55,63,0,0,0
2023-10-28 17:45,177,86,91,0,0,0
2023-10-28 18:00,105,61,44,0,0,0
2023-10-28 18:15,120,73,47,0,0,0
2023-10-28 18:30,119,73,46,0,0,0
2023-10-28 18:45,113,61,52,0,0,0
2023-10-28 19:00,112,63,49,0,0,0
2023-10-28 19:15,85,52,33,0,0,0
2023-10-28 19:30,101,56,45,0,0,0
2023-10-28 19:45,95,43,52,0,0,0
2023-10-28 20:00,91,59,32,0,0,0
2023-10-28 20:15,71,44,27,0,0,0
2023-10-28 20:30,78,38,40,0,0,0
2023-10-28 20:45,57,33,24,0,0,0
2023-10-28 21:00,63,32,31,0,0,0
2023-10-28 21:15,52,33,19,0,0,0
2023-10-28 21:30,69,38,31,0,0,0
2023-10-28 21:45,58,31,27,0,0,0
2023-10-28 22:00,56,32,24,0,0,0
2023-10-28 22:15,51,23,28,0,0,0
2023-10-28 22:30,51,19,32,0,0,0
2023-10-28 22:45,39,19,20,0,0,0
2023-10-28 23:00,62,37,25,0,0,0
2023-10-28 23:15,49,31,18,0,0,0
2023-10-28 23:30,43,16,27,0,0,0
2023-10-28 23:45,40,18,22,0,0,0
2023-10-29 00:00,37,18,19,0,0,0
2023-10-29 00:15,40,27,13,0,0,0
2023-10-29 00:30,38,18,20,0,0,0
2023-10-29 00:45,49,21,28,0,0,0
2023-10-29 01:00,52,26,26,0,0,0
2023-10-29 01:15,35,21,14,0,0,0
2023-10-29 01:30,40,11,29,0,0,0
2023-10-29 01:45,36,21,15,0,0,0
2023-10-29 02:00,49,28,21,0,0,0
2023-10-29 02:15,53,16,37,0,0,0
2023-10-29 02:30,38,13,25,0,0,0
2023-10-29 02:45,39,14,25,0,0,0
2023-10-29 03:00,13,9,4,0,0,0
2023-10-29 03:15,14,5,9,0,0,0
2023-10-29 03:30,9,2,7,0,0,0
2023-10-29 03:45,5,2,3,0,0,0
2023-10-29 04:00,7,1,6,0,0,0
2023-10-29 04:15,4,1,3,0,0,0
2023-10-29 04:30,7,4,3,0,0,0
2023-10-29 04:45,8,2,6,0,0,0
2023-10-29 05:00,5,1,4,0,0,0
2023-10-29 05:15,1,0,1,0,0,0
2023-10-29 05:30,10,4,6,0,0,0
2023-10-29 05:45,6,5,1,0,0,0
2023-10-29 06:00,12,4,8,0,0,0
2023-10-29 06:15,3,1,2,0,0,0
2023-10-29 06:30,2,1,1,0,0,0
2023-10-29 06:45,7,2,5,0,0,0
2023-10-29 07:00,9,1,8,0,0,0
2023-10-29 07:15,4,2,2,0,0,0
2023-10-29 07:30,8,4,4,0,0,0
2023-10-29 07:45,14,8,6,0,0,0
2023-10-29 08:00,18,9,9,0,0,0
2023-10-29 08:15,16,7,9,0,0,0
2023-10-29 08:30,17,5,12,0,0,0
2023-10-29 08:45,26,15,11,0,0,0
2023-10-29 09:00,20,8,12,0,0,0
2023-10-29 09:15,37,16,21,0,0,0
2023-10-29 09:30,41,19,22,0,0,0
2023-10-29 09:45,65,26,39,0,0,0
2023-10-29 10:00,67,31,36,0,0,0
2023-10-29 10:15,55,19,36,0,0,0
2023-10-29 10:30,58,20,38,0,0,0
2023-10-29 10:45,83,34,49,0,0,0
2023-10-29 11:00,69,31,38,0,0,0
2023-10-29 11:15,62,26,36,0,0,0
2023-10-29 11:30,73,38,35,0,0,0
2023-10-29 11:45,92,38,54,0,0,0
2023-10-29 12:00,85,38,47,0,0,0
2023-10-29 12:15,76,27,49,0,0,0
2023-10-29 12:30,74,29,45,0,0,0
2023-10-29 12:45,104,49,55,0,0,0
2023-10-29 13:00,92,51,41,0,0,0
2023-10-29 13:15,79,33,46,0,0,0
2023-10-29 13:30,118,46,72,0,0,0
2023-10-29 13:45,126,67,59,0,0,0
2023-10-29 14:00,98,57,41,0,0,0
2023-10-29 14:15,105,60,45,0,0,0
2023-10-29 14:30,97,48,49,0,0,0
2023-10-29 14:45,130,70,60,0,0,0
2023-10-29 15:00,95,35,60,0,0,0
2023-10-29 15:15,115,60,55,0,0,0
2023-10-29 15:30,93,50,43,0,0,0
2023-10-29 15:45,90,51,39,0,0,0
2023-10-29 16:00,84,42,42,0,0,0
2023-10-29 16:15,87,43,44,0,0,0
2023-10-29 16:30,89,34,55,0,0,0
2023-10-29 16:45,58,26,32,0,0,0
2023-10-29 17:00,80,35,45,0,0,0
2023-10-29 17:15,96,45,51,0,0,0
2023-10-29 17:30,70,26,44,0,0,0
2023-10-29 17:45,108,52,56,0,0,0
2023-10-29 18:00,90,42,48,0,0,0
2023-10-29 18:15,80,35,45,0,0,0
2023-10-29 18:30,55,21,34,0,0,0
2023-10-29 18:45,89,41,48,0,0,0
2023-10-29 19:00,67,36,31,0,0,0
2023-10-29 19:15,73,41,32,0,0,0
2023-10-29 19:30,64,46,18,0,0,0
2023-10-29 19:45,49,19,30,0,0,0
2023-10-29 20:00,80,39,41,0,0,0
2023-10-29 20:15,56,21,35,0,0,0
2023-10-29 20:30,48,26,22,0,0,0
2023-10-29 20:45,55,31,24,0,0,0
2023-10-29 21:00,41,25,16,0,0,0
2023-10-29 21:15,43,24,19,0,0,0
2023-10-29 21:30,33,17,16,0,0,0
2023-10-29 21:45,36,14,22,0,0,0
2023-10-29 22:00,31,9,22,0,0,0
2023-10-29 22:15,29,13,16,0,0,0
2023-10-29 22:30,34,19,15,0,0,0
2023-10-29 22:45,17,8,9,0,0,0
2023-10-29 23:00,9,5,4,0,0,0
2023-10-29 23:15,15,4,11,0,0,0
2023-10-29 23:30,11,4,7,0,0,0
2023-10-29 23:45,8,4,4,0,0,0
2023-10-30 00:00,8,4,4,0,0,0
2023-10-30 00:15,5,1,4,0,0,0
2023-10-30 00:30,5,1,4,0,0,0
2023-10-30 00:45,2,0,2,0,0,0
2023-10-30 01:00,4,3,1,0,0,0
2023-10-30 01:15,4,0,4,0,0,0
2023-10-30 01:30,0,0,0,0,0,0
2023-10-30 01:45,3,2,1,0,0,0
2023-10-30 02:00,0,0,0,0,0,0
2023-10-30 02:15,2,0,2,0,0,0
2023-10-30 02:30,1,0,1,0,0,0
2023-10-30 02:45,1,0,1,0,0,0
2023-10-30 03:00,1,1,0,0,0,0
2023-10-30 03:15,2,2,0,0,0,0
2023-10-30 03:30,1,0,1,0,0,0
2023-10-30 03:45,2,1,1,0,0,0
2023-10-30 04:00,8,4,4,0,0,0
2023-10-30 04:15,8,4,4,0,0,0
2023-10-30 04:30,8,4,4,0,0,0
2023-10-30 04:45,8,4,4,0,0,0
2023-10-30 05:00,8,4,4,0,0,0
2023-10-30 05:15,8,5,3,0,0,0
2023-10-30 05:30,15,5,10,0,0,0
2023-10-30 05:45,35,9,26,0,0,0
2023-10-30 06:00,22,8,14,0,0,0
2023-10-30 06:15,52,18,34,0,0,0
2023-10-30 06:30,62,22,40,0,0,0
2023-10-30 06:45,77,29,48,0,0,0
2023-10-30 07:00,110,38,72,0,0,0
2023-10-30 07:15,191,47,144,0,0,0
2023-10-30 07:30,283,58,225,0,0,0
2023-10-30 07:45,326,96,230,0,0,0
2023-10-30 08:00,222,53,169,0,0,0
2023-10-30 08:15,198,73,125,0,0,0
2023-10-30 08:30,177,45,132,0,0,0
2023-10-30 08:45,211,62,149,0,0,0
2023-10-30 09:00,113,40,73,0,0,0
2023-10-30 09:15,151,47,104,0,0,0
2023-10-30 09:30,143,34,109,0,0,0
2023-10-30 09:45,203,47,156,0,0,0
2023-10-30 10:00,171,47,124,0,0,0
2023-10-30 10:15,141,53,88,0,0,0
2023-10-30 10:30,159,63,96,0,0,0
2023-10-30 10:45,130,52,78,0,0,0
2023-10-30 11:00,152,58,94,0,0,0
2023-10-30 11:15,149,60,89,0,0,0
2023-10-30 11:30,154,53,101,0,0,0
2023-10-30 11:45,205,71,134,0,0,0
2023-10-30 12:00,172,87,85,0,0,0
2023-10-30 12:15,153,68,85,0,0,0
2023-10-30 12:30,172,89,83,0,0,0
2023-10-30 12:45,187,90,97,0,0,0
2023-10-30 13:00,188,105,83,0,0,0
2023-10-30 13:15,193,99,94,0,0,0
2023-10-30 13:30,161,74,87,0,0,0
2023-10-30 13:45,226,106,120,0,0,0
2023-10-30 14:00,228,114,114,0,0,0
2023-10-30 14:15,204,115,89,0,0,0
2023-10-30 14:30,167,88,79,0,0,0
2023-10-30 14:45,202,99,103,0,0,0
2023-10-30 15:00,224,127,97,0,0,0
2023-10-30 15:15,212,122,90,0,0,0
2023-10-30 15:30,220,113,107,0,0,0
2023-10-30 15:45,274,165,109,0,0,0
2023-10-30 16:00,277,155,122,0,0,0
2023-10-30 16:15,227,135,92,0,0,0
2023-10-30 16:30,172,101,71,0,0,0
2023-10-30 16:45,218,119,99,0,0,0
2023-10-30 17:00,215,140,75,0,0,0
2023-10-30 17:15,214,127,87,0,0,0
2023-10-30 17:30,211,109,102,0,0,0
2023-10-30 17:45,246,143,103,0,0,0
2023-10-30 18:00,275,160,115,0,0,0
2023-10-30 18:15,165,101,64,0,0,0
2023-10-30 18:30,156,90,66,0,0,0
2023-10-30 18:45,129,70,59,0,0,0
2023-10-30 19:00,114,68,46,0,0,0
2023-10-30 19:15,96,49,47,0,0,0
2023-10-30 19:30,79,50,29,0,0,0
2023-10-30 19:45,125,80,45,0,0,0
2023-10-30 20:00,99,54,45,0,0,0
2023-10-30 20:15,82,51,31,0,0,0
2023-10-30 20:30,51,28,23,0,0,0
2023-10-30 20:45,47,31,16,0,0,0
2023-10-30 21:00,58,37,21,0,0,0
2023-10-30 21:15,51,23,28,0,0,0
2023-10-30 21:30,42,25,17,0,0,0
2023-10-30 21:45,48,23,25,0,0,0
2023-10-30 22:00,52,28,24,0,0,0
2023-10-30 22:15,60,33,27,0,0,0
2023-10-30 22:30,45,27,18,0,0,0
2023-10-30 22:45,27,16,11,0,0,0
2023-10-30 23:00,33,12,21,0,0,0
2023-10-30 23:15,22,11,11,0,0,0
2023-10-30 23:30,16,9,7,0,0,0
2023-10-30 23:45,10,5,5,0,0,0
2023-10-31 00:00,6,2,4,0,0,0
2023-10-31 00:15,6,4,2,0,0,0
2023-10-31 00:30,14,8,6,0,0,0
2023-10-31 00:45,5,4,1,0,0,0
2023-10-31 01:00,5,3,2,0,0,0
2023-10-31 01:15,1,0,1,0,0,0
2023-10-31 01:30,1,1,0,0,0,0
2023-10-31 01:45,1,1,0,0,0,0
2023-10-31 02:00,0,0,0,0,0,0
2023-10-31 02:15,2,0,2,0,0,0
2023-10-31 02:30,3,1,2,0,0,0
2023-10-31 02:45,1,0,1,0,0,0
2023-10-31 03:00,0,0,0,0,0,0
2023-10-31 03:15,0,0,0,0,0,0
2023-10-31 03:30,0,0,0,0,0,0
2023-10-31 03:45,1,0,1,0,0,0
2023-10-31 04:00,3,3,0,0,0,0
2023-10-31 04:15,3,3,0,0,0,0
2023-10-31 04:30,1,1,0,0,0,0
2023-10-31 04:45,3,2,1,0,0,0
2023-10-31 05:00,5,4,1,0,0,0
2023-10-31 05:15,9,6,3,0,0,0
2023-10-31 05:30,12,1,11,0,0,0
2023-10-31 05:45,32,5,27,0,0,0
2023-10-31 06:00,17,5,12,0,0,0
2023-10-31 06:15,30,11,19,0,0,0
2023-10-31 06:30,60,18,42,0,0,0
2023-10-31 06:45,73,25,48,0,0,0
2023-10-31 07:00,96,27,69,0,0,0
2023-10-31 07:15,156,38,118,0,0,0
2023-10-31 07:30,316,53,263,0,0,0
2023-10-31 07:45,319,77,242,0,0,0
2023-10-31 08:00,217,61,156,0,0,0
2023-10-31 08:15,192,56,136,0,0,0
2023-10-31 08:30,173,48,125,0,0,0
2023-10-31 08:45,156,37,119,0,0,0
2023-10-31 09:00,144,47,97,0,0,0
2023-10-31 09:15,126,36,90,0,0,0
2023-10-31 09:30,155,45,110,0,0,0
2023-10-31 09:45,255,67,188,0,0,0
2023-10-31 10:00,187,65,122,0,0,0
2023-10-31 10:15,138,58,80,0,0,0
2023-10-31 10:30,146,45,101,0,0,0
2023-10-31 10:45,141,50,91,0,0,0
2023-10-31 11:00,144,63,81,0,0,0
2023-10-31 11:15,146,52,94,0,0,0
2023-10-31 11:30,160,63,97,0,0,0
2023-10-31 11:45,205,97,108,0,0,0
2023-10-31 12:00,200,99,101,0,0,0
2023-10-31 12:15,151,69,82,0,0,0
2023-10-31 12:30,171,99,72,0,0,0
2023-10-31 12:45,157,80,77,0,0,0
2023-10-31 13:00,191,100,91,0,0,0
2023-10-31 13:15,149,93,56,0,0,0
2023-10-31 13:30,178,88,90,0,0,0
2023-10-31 13:45,161,87,74,0,0,0
2023-10-31 14:00,157,100,57,0,0,0
2023-10-31 14:15,131,77,54,0,0,0
2023-10-31 14:30,140,65,75,0,0,0
2023-10-31 14:45,200,111,89,0,0,0
2023-10-31 15:00,179,121,58,0,0,0
2023-10-31 15:15,173,96,77,0,0,0
2023-10-31 15:30,198,98,100,0,0,0
2023-10-31 15:45,232,121,111,0,0,0
2023-10-31 16:00,233,152,81,0,0,0
2023-10-31 16:15,224,132,92,0,0,0
2023-10-31 16:30,213,111,102,0,0,0
2023-10-31 16:45,210,120,90,0,0,0
2023-10-31 17:00,203,115,88,0,0,0
2023-10-31 17:15,204,106,98,0,0,0
2023-10-31 17:30,227,131,96,0,0,0
2023-10-31 17:45,238,131,107,0,0,0
2023-10-31 18:00,199,115,84,0,0,0
2023-10-31 18:15,160,99,61,0,0,0
2023-10-31 18:30,138,65,73,0,0,0
2023-10-31 18:45,149,92,57,0,0,0
2023-10-31 19:00,111,78,33,0,0,0
2023-10-31 19:15,136,74,62,0,0,0
2023-10-31 19:30,131,86,45,0,0,0
2023-10-31 19:45,150,79,71,0,0,0
2023-10-31 20:00,156,75,81,0,0,0
2023-10-31 20:15,136,84,52,0,0,0
2023-10-31 20:30,92,48,44,0,0,0
2023-10-31 20:45,117,66,51,0,0,0
2023-10-31 21:00,112,60,52,0,0,0
2023-10-31 21:15,100,56,44,0,0,0
2023-10-31 21:30,83,55,28,0,0,0
2023-10-31 21:45,61,29,32,0,0,0
2023-10-31 22:00,67,43,24,0,0,0
2023-10-31 22:15,57,28,29,0,0,0
2023-10-31 22:30,60,32,28,0,0,0
2023-10-31 22:45,76,48,28,0,0,0
2023-10-31 23:00,67,37,30,0,0,0
2023-10-31 23:15,46,18,28,0,0,0
2023-10-31 23:30,56,35,21,0,0,0
2023-10-31 23:45,54,28,26,0,0,0
