Datetime,100020113 (Wolbecker Straße),101020113 (FR stdteinwärts),102020113 (FR stadtauswärts),100020113-status,101020113-status,102020113-status
2024-10-01 00:00,14,11,3,0,0,0
2024-10-01 00:15,16,14,2,0,0,0
2024-10-01 00:30,4,3,1,0,0,0
2024-10-01 00:45,9,7,2,0,0,0
2024-10-01 01:00,6,4,2,0,0,0
2024-10-01 01:15,6,3,3,0,0,0
2024-10-01 01:30,10,4,6,0,0,0
2024-10-01 01:45,1,1,0,0,0,0
2024-10-01 02:00,6,5,1,0,0,0
2024-10-01 02:15,5,4,1,0,0,0
2024-10-01 02:30,8,3,5,0,0,0
2024-10-01 02:45,6,6,0,0,0,0
2024-10-01 03:00,0,0,0,0,0,0
2024-10-01 03:15,3,2,1,0,0,0
2024-10-01 03:30,3,1,2,0,0,0
2024-10-01 03:45,1,1,0,0,0,0
2024-10-01 04:00,2,0,2,0,0,0
2024-10-01 04:15,0,0,0,0,0,0
2024-10-01 04:30,3,2,1,0,0,0
2024-10-01 04:45,4,1,3,0,0,0
2024-10-01 05:00,6,4,2,0,0,0
2024-10-01 05:15,8,6,2,0,0,0
2024-10-01 05:30,17,4,13,0,0,0
2024-10-01 05:45,17,2,15,0,0,0
2024-10-01 06:00,17,10,7,0,0,0
2024-10-01 06:15,31,13,18,0,0,0
2024-10-01 06:30,51,21,30,0,0,0
2024-10-01 06:45,69,31,38,0,0,0
2024-10-01 07:00,93,35,58,0,0,0
2024-10-01 07:15,162,45,117,0,0,0
2024-10-01 07:30,268,61,207,0,0,0
2024-10-01 07:45,245,81,164,0,0,0
2024-10-01 08:00,188,62,126,0,0,0
2024-10-01 08:15,206,58,148,0,0,0
2024-10-01 08:30,181,53,128,0,0,0
2024-10-01 08:45,170,61,109,0,0,0
2024-10-01 09:00,122,39,83,0,0,0
2024-10-01 09:15,96,30,66,0,0,0
2024-10-01 09:30,108,26,82,0,0,0
2024-10-01 09:45,153,46,107,0,0,0
2024-10-01 10:00,76,26,50,0,0,0
2024-10-01 10:15,59,24,35,0,0,0
2024-10-01 10:30,58,24,34,0,0,0
2024-10-01 10:45,60,23,37,0,0,0
2024-10-01 11:00,44,25,19,0,0,0
2024-10-01 11:15,65,21,44,0,0,0
2024-10-01 11:30,46,19,27,0,0,0
2024-10-01 11:45,82,44,38,0,0,0
2024-10-01 12:00,76,45,31,0,0,0
2024-10-01 12:15,80,38,42,0,0,0
2024-10-01 12:30,90,53,37,0,0,0
2024-10-01 12:45,86,42,44,0,0,0
2024-10-01 13:00,107,57,50,0,0,0
2024-10-01 13:15,114,52,62,0,0,0
2024-10-01 13:30,99,41,58,0,0,0
2024-10-01 13:45,140,66,74,0,0,0
2024-10-01 14:00,127,67,60,0,0,0
2024-10-01 14:15,114,54,60,0,0,0
2024-10-01 14:30,118,64,54,0,0,0
2024-10-01 14:45,138,64,74,0,0,0
2024-10-01 15:00,123,68,55,0,0,0
2024-10-01 15:15,143,83,60,0,0,0
2024-10-01 15:30,141,82,59,0,0,0
2024-10-01 15:45,182,98,84,0,0,0
2024-10-01 16:00,134,76,58,0,0,0
2024-10-01 16:15,180,93,87,0,0,0
2024-10-01 16:30,194,107,87,0,0,0
2024-10-01 16:45,194,94,100,0,0,0
2024-10-01 17:00,171,94,77,0,0,0
2024-10-01 17:15,182,99,83,0,0,0
2024-10-01 17:30,167,88,79,0,0,0
2024-10-01 17:45,186,91,95,0,0,0
2024-10-01 18:00,157,92,65,0,0,0
2024-10-01 18:15,157,86,71,0,0,0
2024-10-01 18:30,136,60,76,0,0,0
2024-10-01 18:45,162,79,83,0,0,0
2024-10-01 19:00,130,75,55,0,0,0
2024-10-01 19:15,118,62,56,0,0,0
2024-10-01 19:30,103,63,40,0,0,0
2024-10-01 19:45,107,48,59,0,0,0
2024-10-01 20:00,109,72,37,0,0,0
2024-10-01 20:15,85,50,35,0,0,0
2024-10-01 20:30,76,40,36,0,0,0
2024-10-01 20:45,71,31,40,0,0,0
2024-10-01 21:00,72,39,33,0,0,0
2024-10-01 21:15,67,37,30,0,0,0
2024-10-01 21:30,53,30,23,0,0,0
2024-10-01 21:45,73,38,35,0,0,0
2024-10-01 22:00,68,40,28,0,0,0
2024-10-01 22:15,71,50,21,0,0,0
2024-10-01 22:30,62,42,20,0,0,0
2024-10-01 22:45,49,30,19,0,0,0
2024-10-01 23:00,46,36,10,0,0,0
2024-10-01 23:15,52,33,19,0,0,0
2024-10-01 23:30,35,24,11,0,0,0
2024-10-01 23:45,31,16,15,0,0,0
2024-10-02 00:00,23,9,14,0,0,0
2024-10-02 00:15,17,8,9,0,0,0
2024-10-02 00:30,15,3,12,0,0,0
2024-10-02 00:45,10,4,6,0,0,0
2024-10-02 01:00,14,4,10,0,0,0
2024-10-02 01:15,20,4,16,0,0,0
2024-10-02 01:30,19,6,13,0,0,0
2024-10-02 01:45,17,2,15,0,0,0
2024-10-02 02:00,22,5,17,0,0,0
2024-10-02 02:15,20,2,18,0,0,0
2024-10-02 02:30,16,3,13,0,0,0
2024-10-02 02:45,15,3,12,0,0,0
2024-10-02 03:00,18,5,13,0,0,0
2024-10-02 03:15,17,6,11,0,0,0
2024-10-02 03:30,11,1,10,0,0,0
2024-10-02 03:45,11,2,9,0,0,0
2024-10-02 04:00,6,1,5,0,0,0
2024-10-02 04:15,3,2,1,0,0,0
2024-10-02 04:30,7,2,5,0,0,0
2024-10-02 04:45,8,2,6,0,0,0
2024-10-02 05:00,6,5,1,0,0,0
2024-10-02 05:15,11,4,7,0,0,0
2024-10-02 05:30,9,4,5,0,0,0
2024-10-02 05:45,20,5,15,0,0,0
2024-10-02 06:00,20,9,11,0,0,0
2024-10-02 06:15,32,11,21,0,0,0
2024-10-02 06:30,46,16,30,0,0,0
2024-10-02 06:45,66,28,38,0,0,0
2024-10-02 07:00,74,25,49,0,0,0
2024-10-02 07:15,130,40,90,0,0,0
2024-10-02 07:30,273,69,204,0,0,0
2024-10-02 07:45,285,91,194,0,0,0
2024-10-02 08:00,178,64,114,0,0,0
2024-10-02 08:15,171,44,127,0,0,0
2024-10-02 08:30,174,53,121,0,0,0
2024-10-02 08:45,190,51,139,0,0,0
2024-10-02 09:00,112,39,73,0,0,0
2024-10-02 09:15,122,49,73,0,0,0
2024-10-02 09:30,135,41,94,0,0,0
2024-10-02 09:45,130,45,85,0,0,0
2024-10-02 10:00,111,39,72,0,0,0
2024-10-02 10:15,119,33,86,0,0,0
2024-10-02 10:30,116,46,70,0,0,0
2024-10-02 10:45,131,37,94,0,0,0
2024-10-02 11:00,126,61,65,0,0,0
2024-10-02 11:15,165,64,101,0,0,0
2024-10-02 11:30,138,65,73,0,0,0
2024-10-02 11:45,146,68,78,0,0,0
2024-10-02 12:00,152,73,79,0,0,0
2024-10-02 12:15,167,72,95,0,0,0
2024-10-02 12:30,135,79,56,0,0,0
2024-10-02 12:45,188,82,106,0,0,0
2024-10-02 13:00,191,98,93,0,0,0
2024-10-02 13:15,179,104,75,0,0,0
2024-10-02 13:30,159,84,75,0,0,0
2024-10-02 13:45,167,98,69,0,0,0
2024-10-02 14:00,154,80,74,0,0,0
2024-10-02 14:15,187,112,75,0,0,0
2024-10-02 14:30,167,93,74,0,0,0
2024-10-02 14:45,200,85,115,0,0,0
2024-10-02 15:00,152,78,74,0,0,0
2024-10-02 15:15,168,93,75,0,0,0
2024-10-02 15:30,185,99,86,0,0,0
2024-10-02 15:45,193,100,93,0,0,0
2024-10-02 16:00,191,108,83,0,0,0
2024-10-02 16:15,202,108,94,0,0,0
2024-10-02 16:30,208,106,102,0,0,0
2024-10-02 16:45,191,88,103,0,0,0
2024-10-02 17:00,192,106,86,0,0,0
2024-10-02 17:15,212,117,95,0,0,0
2024-10-02 17:30,226,123,103,0,0,0
2024-10-02 17:45,208,131,77,0,0,0
2024-10-02 18:00,195,105,90,0,0,0
2024-10-02 18:15,188,100,88,0,0,0
2024-10-02 18:30,179,104,75,0,0,0
2024-10-02 18:45,185,99,86,0,0,0
2024-10-02 19:00,187,112,75,0,0,0
2024-10-02 19:15,138,81,57,0,0,0
2024-10-02 19:30,153,83,70,0,0,0
2024-10-02 19:45,133,72,61,0,0,0
2024-10-02 20:00,137,70,67,0,0,0
2024-10-02 20:15,102,50,52,0,0,0
2024-10-02 20:30,91,58,33,0,0,0
2024-10-02 20:45,87,45,42,0,0,0
2024-10-02 21:00,81,44,37,0,0,0
2024-10-02 21:15,83,46,37,0,0,0
2024-10-02 21:30,81,40,41,0,0,0
2024-10-02 21:45,63,35,28,0,0,0
2024-10-02 22:00,73,28,45,0,0,0
2024-10-02 22:15,81,42,39,0,0,0
2024-10-02 22:30,56,32,24,0,0,0
2024-10-02 22:45,66,32,34,0,0,0
2024-10-02 23:00,63,32,31,0,0,0
2024-10-02 23:15,66,39,27,0,0,0
2024-10-02 23:30,65,29,36,0,0,0
2024-10-02 23:45,60,29,31,0,0,0
2024-10-03 00:00,49,23,26,0,0,0
2024-10-03 00:15,40,19,21,0,0,0
2024-10-03 00:30,49,21,28,0,0,0
2024-10-03 00:45,68,26,42,0,0,0
2024-10-03 01:00,66,44,22,0,0,0
2024-10-03 01:15,49,20,29,0,0,0
2024-10-03 01:30,43,19,24,0,0,0
2024-10-03 01:45,38,21,17,0,0,0
2024-10-03 02:00,37,23,14,0,0,0
2024-10-03 02:15,35,11,24,0,0,0
2024-10-03 02:30,30,17,13,0,0,0
2024-10-03 02:45,31,18,13,0,0,0
2024-10-03 03:00,27,9,18,0,0,0
2024-10-03 03:15,19,9,10,0,0,0
2024-10-03 03:30,29,13,16,0,0,0
2024-10-03 03:45,26,6,20,0,0,0
2024-10-03 04:00,15,4,11,0,0,0
2024-10-03 04:15,23,9,14,0,0,0
2024-10-03 04:30,19,6,13,0,0,0
2024-10-03 04:45,8,2,6,0,0,0
2024-10-03 05:00,5,0,5,0,0,0
2024-10-03 05:15,9,2,7,0,0,0
2024-10-03 05:30,16,0,16,0,0,0
2024-10-03 05:45,18,2,16,0,0,0
2024-10-03 06:00,22,2,20,0,0,0
2024-10-03 06:15,10,3,7,0,0,0
2024-10-03 06:30,13,5,8,0,0,0
2024-10-03 06:45,18,5,13,0,0,0
2024-10-03 07:00,29,7,22,0,0,0
2024-10-03 07:15,34,3,31,0,0,0
2024-10-03 07:30,65,5,60,0,0,0
2024-10-03 07:45,44,11,33,0,0,0
2024-10-03 08:00,52,11,41,0,0,0
2024-10-03 08:15,76,13,63,0,0,0
2024-10-03 08:30,42,13,29,0,0,0
2024-10-03 08:45,36,14,22,0,0,0
2024-10-03 09:00,53,14,39,0,0,0
2024-10-03 09:15,69,14,55,0,0,0
2024-10-03 09:30,74,22,52,0,0,0
2024-10-03 09:45,71,22,49,0,0,0
2024-10-03 10:00,64,28,36,0,0,0
2024-10-03 10:15,70,41,29,0,0,0
2024-10-03 10:30,65,31,34,0,0,0
2024-10-03 10:45,122,57,65,0,0,0
2024-10-03 11:00,100,47,53,0,0,0
2024-10-03 11:15,107,59,48,0,0,0
2024-10-03 11:30,125,51,74,0,0,0
2024-10-03 11:45,121,49,72,0,0,0
2024-10-03 12:00,103,47,56,0,0,0
2024-10-03 12:15,147,55,92,0,0,0
2024-10-03 12:30,134,56,78,0,0,0
2024-10-03 12:45,135,62,73,0,0,0
2024-10-03 13:00,126,50,76,0,0,0
2024-10-03 13:15,137,65,72,0,0,0
2024-10-03 13:30,123,54,69,0,0,0
2024-10-03 13:45,132,64,68,0,0,0
2024-10-03 14:00,133,66,67,0,0,0
2024-10-03 14:15,135,55,80,0,0,0
2024-10-03 14:30,138,70,68,0,0,0
2024-10-03 14:45,143,62,81,0,0,0
2024-10-03 15:00,138,64,74,0,0,0
2024-10-03 15:15,160,73,87,0,0,0
2024-10-03 15:30,134,70,64,0,0,0
2024-10-03 15:45,162,73,89,0,0,0
2024-10-03 16:00,135,66,69,0,0,0
2024-10-03 16:15,128,60,68,0,0,0
2024-10-03 16:30,161,61,100,0,0,0
2024-10-03 16:45,153,77,76,0,0,0
2024-10-03 17:00,107,55,52,0,0,0
2024-10-03 17:15,105,54,51,0,0,0
2024-10-03 17:30,157,107,50,0,0,0
2024-10-03 17:45,182,146,36,0,0,0
2024-10-03 18:00,154,108,46,0,0,0
2024-10-03 18:15,132,87,45,0,0,0
2024-10-03 18:30,117,64,53,0,0,0
2024-10-03 18:45,124,69,55,0,0,0
2024-10-03 19:00,136,73,63,0,0,0
2024-10-03 19:15,108,67,41,0,0,0
2024-10-03 19:30,82,43,39,0,0,0
2024-10-03 19:45,71,41,30,0,0,0
2024-10-03 20:00,74,36,38,0,0,0
2024-10-03 20:15,75,41,34,0,0,0
2024-10-03 20:30,62,32,30,0,0,0
2024-10-03 20:45,65,41,24,0,0,0
2024-10-03 21:00,74,32,42,0,0,0
2024-10-03 21:15,45,19,26,0,0,0
2024-10-03 21:30,41,18,23,0,0,0
2024-10-03 21:45,50,18,32,0,0,0
2024-10-03 22:00,43,27,16,0,0,0
2024-10-03 22:15,59,27,32,0,0,0
2024-10-03 22:30,51,22,29,0,0,0
2024-10-03 22:45,52,26,26,0,0,0
2024-10-03 23:00,54,33,21,0,0,0
2024-10-03 23:15,33,21,12,0,0,0
2024-10-03 23:30,31,12,19,0,0,0
2024-10-03 23:45,28,12,16,0,0,0
2024-10-04 00:00,18,10,8,0,0,0
2024-10-04 00:15,19,10,9,0,0,0
2024-10-04 00:30,17,11,6,0,0,0
2024-10-04 00:45,17,9,8,0,0,0
2024-10-04 01:00,6,4,2,0,0,0
2024-10-04 01:15,9,5,4,0,0,0
2024-10-04 01:30,9,6,3,0,0,0
2024-10-04 01:45,8,6,2,0,0,0
2024-10-04 02:00,5,4,1,0,0,0
2024-10-04 02:15,4,1,3,0,0,0
2024-10-04 02:30,14,7,7,0,0,0
2024-10-04 02:45,16,14,2,0,0,0
2024-10-04 03:00,7,4,3,0,0,0
2024-10-04 03:15,4,3,1,0,0,0
2024-10-04 03:30,2,0,2,0,0,0
2024-10-04 03:45,3,1,2,0,0,0
2024-10-04 04:00,4,0,4,0,0,0
2024-10-04 04:15,2,1,1,0,0,0
2024-10-04 04:30,4,3,1,0,0,0
2024-10-04 04:45,6,3,3,0,0,0
2024-10-04 05:00,5,5,0,0,0,0
2024-10-04 05:15,2,2,0,0,0,0
2024-10-04 05:30,10,3,7,0,0,0
2024-10-04 05:45,22,7,15,0,0,0
2024-10-04 06:00,17,4,13,0,0,0
2024-10-04 06:15,31,13,18,0,0,0
2024-10-04 06:30,36,15,21,0,0,0
2024-10-04 06:45,50,9,41,0,0,0
2024-10-04 07:00,62,21,41,0,0,0
2024-10-04 07:15,109,27,82,0,0,0
2024-10-04 07:30,249,69,180,0,0,0
2024-10-04 07:45,186,51,135,0,0,0
2024-10-04 08:00,100,28,72,0,0,0
2024-10-04 08:15,139,51,88,0,0,0
2024-10-04 08:30,107,29,78,0,0,0
2024-10-04 08:45,137,43,94,0,0,0
2024-10-04 09:00,107,32,75,0,0,0
2024-10-04 09:15,116,33,83,0,0,0
2024-10-04 09:30,135,37,98,0,0,0
2024-10-04 09:45,175,46,129,0,0,0
2024-10-04 10:00,121,33,88,0,0,0
2024-10-04 10:15,137,45,92,0,0,0
2024-10-04 10:30,158,54,104,0,0,0
2024-10-04 10:45,152,56,96,0,0,0
2024-10-04 11:00,140,60,80,0,0,0
2024-10-04 11:15,158,71,87,0,0,0
2024-10-04 11:30,169,72,97,0,0,0
2024-10-04 11:45,168,58,110,0,0,0
2024-10-04 12:00,161,79,82,0,0,0
2024-10-04 12:15,208,87,121,0,0,0
2024-10-04 12:30,200,95,105,0,0,0
2024-10-04 12:45,251,99,152,0,0,0
2024-10-04 13:00,195,106,89,0,0,0
2024-10-04 13:15,198,101,97,0,0,0
2024-10-04 13:30,190,82,108,0,0,0
2024-10-04 13:45,208,114,94,0,0,0
2024-10-04 14:00,228,128,100,0,0,0
2024-10-04 14:15,219,112,107,0,0,0
2024-10-04 14:30,191,84,107,0,0,0
2024-10-04 14:45,206,113,93,0,0,0
2024-10-04 15:00,196,111,85,0,0,0
2024-10-04 15:15,226,110,116,0,0,0
2024-10-04 15:30,200,93,107,0,0,0
2024-10-04 15:45,230,121,109,0,0,0
2024-10-04 16:00,215,105,110,0,0,0
2024-10-04 16:15,181,111,70,0,0,0
2024-10-04 16:30,196,125,71,0,0,0
2024-10-04 16:45,198,111,87,0,0,0
2024-10-04 17:00,171,89,82,0,0,0
2024-10-04 17:15,177,100,77,0,0,0
2024-10-04 17:30,179,93,86,0,0,0
2024-10-04 17:45,212,111,101,0,0,0
2024-10-04 18:00,170,112,58,0,0,0
2024-10-04 18:15,200,130,70,0,0,0
2024-10-04 18:30,155,101,54,0,0,0
2024-10-04 18:45,162,93,69,0,0,0
2024-10-04 19:00,164,100,64,0,0,0
2024-10-04 19:15,169,100,69,0,0,0
2024-10-04 19:30,161,91,70,0,0,0
2024-10-04 19:45,145,68,77,0,0,0
2024-10-04 20:00,95,47,48,0,0,0
2024-10-04 20:15,97,54,43,0,0,0
2024-10-04 20:30,105,61,44,0,0,0
2024-10-04 20:45,72,36,36,0,0,0
2024-10-04 21:00,59,37,22,0,0,0
2024-10-04 21:15,64,31,33,0,0,0
2024-10-04 21:30,66,33,33,0,0,0
2024-10-04 21:45,54,28,26,0,0,0
2024-10-04 22:00,73,39,34,0,0,0
2024-10-04 22:15,72,45,27,0,0,0
2024-10-04 22:30,90,48,42,0,0,0
2024-10-04 22:45,67,26,41,0,0,0
2024-10-04 23:00,68,44,24,0,0,0
2024-10-04 23:15,95,67,28,0,0,0
2024-10-04 23:30,74,46,28,0,0,0
2024-10-04 23:45,37,22,15,0,0,0
2024-10-05 00:00,68,29,39,0,0,0
2024-10-05 00:15,70,49,21,0,0,0
2024-10-05 00:30,43,21,22,0,0,0
2024-10-05 00:45,44,23,21,0,0,0
2024-10-05 01:00,43,26,17,0,0,0
2024-10-05 01:15,32,11,21,0,0,0
2024-10-05 01:30,37,19,18,0,0,0
2024-10-05 01:45,54,14,40,0,0,0
2024-10-05 02:00,24,6,18,0,0,0
2024-10-05 02:15,34,11,23,0,0,0
2024-10-05 02:30,34,15,19,0,0,0
2024-10-05 02:45,29,4,25,0,0,0
2024-10-05 03:00,18,4,14,0,0,0
2024-10-05 03:15,25,7,18,0,0,0
2024-10-05 03:30,32,2,30,0,0,0
2024-10-05 03:45,14,5,9,0,0,0
2024-10-05 04:00,26,5,21,0,0,0
2024-10-05 04:15,11,2,9,0,0,0
2024-10-05 04:30,8,3,5,0,0,0
2024-10-05 04:45,10,2,8,0,0,0
2024-10-05 05:00,10,4,6,0,0,0
2024-10-05 05:15,9,2,7,0,0,0
2024-10-05 05:30,14,5,9,0,0,0
2024-10-05 05:45,14,3,11,0,0,0
2024-10-05 06:00,8,5,3,0,0,0
2024-10-05 06:15,9,5,4,0,0,0
2024-10-05 06:30,16,9,7,0,0,0
2024-10-05 06:45,11,5,6,0,0,0
2024-10-05 07:00,12,4,8,0,0,0
2024-10-05 07:15,11,7,4,0,0,0
2024-10-05 07:30,25,5,20,0,0,0
2024-10-05 07:45,33,17,16,0,0,0
2024-10-05 08:00,30,12,18,0,0,0
2024-10-05 08:15,35,16,19,0,0,0
2024-10-05 08:30,46,14,32,0,0,0
2024-10-05 08:45,65,18,47,0,0,0
2024-10-05 09:00,58,20,38,0,0,0
2024-10-05 09:15,81,30,51,0,0,0
2024-10-05 09:30,116,23,93,0,0,0
2024-10-05 09:45,120,24,96,0,0,0
2024-10-05 10:00,129,43,86,0,0,0
2024-10-05 10:15,130,33,97,0,0,0
2024-10-05 10:30,139,43,96,0,0,0
2024-10-05 10:45,175,44,131,0,0,0
2024-10-05 11:00,188,51,137,0,0,0
2024-10-05 11:15,182,52,130,0,0,0
2024-10-05 11:30,212,67,145,0,0,0
2024-10-05 11:45,190,55,135,0,0,0
2024-10-05 12:00,164,50,114,0,0,0
2024-10-05 12:15,200,78,122,0,0,0
2024-10-05 12:30,175,80,95,0,0,0
2024-10-05 12:45,234,96,138,0,0,0
2024-10-05 13:00,211,97,114,0,0,0
2024-10-05 13:15,187,90,97,0,0,0
2024-10-05 13:30,164,68,96,0,0,0
2024-10-05 13:45,186,79,107,0,0,0
2024-10-05 14:00,162,81,81,0,0,0
2024-10-05 14:15,177,114,63,0,0,0
2024-10-05 14:30,173,95,78,0,0,0
2024-10-05 14:45,163,99,64,0,0,0
2024-10-05 15:00,199,126,73,0,0,0
2024-10-05 15:15,161,83,78,0,0,0
2024-10-05 15:30,166,80,86,0,0,0
2024-10-05 15:45,162,91,71,0,0,0
2024-10-05 16:00,163,94,69,0,0,0
2024-10-05 16:15,163,93,70,0,0,0
2024-10-05 16:30,171,88,83,0,0,0
2024-10-05 16:45,170,97,73,0,0,0
2024-10-05 17:00,148,95,53,0,0,0
2024-10-05 17:15,170,101,69,0,0,0
2024-10-05 17:30,144,94,50,0,0,0
2024-10-05 17:45,142,86,56,0,0,0
2024-10-05 18:00,128,84,44,0,0,0
2024-10-05 18:15,133,78,55,0,0,0
2024-10-05 18:30,113,58,55,0,0,0
2024-10-05 18:45,154,88,66,0,0,0
2024-10-05 19:00,119,65,54,0,0,0
2024-10-05 19:15,132,54,78,0,0,0
2024-10-05 19:30,108,64,44,0,0,0
2024-10-05 19:45,75,48,27,0,0,0
2024-10-05 20:00,79,43,36,0,0,0
2024-10-05 20:15,74,35,39,0,0,0
2024-10-05 20:30,69,29,40,0,0,0
2024-10-05 20:45,34,19,15,0,0,0
2024-10-05 21:00,51,30,21,0,0,0
2024-10-05 21:15,69,37,32,0,0,0
2024-10-05 21:30,44,22,22,0,0,0
2024-10-05 21:45,52,28,24,0,0,0
2024-10-05 22:00,37,21,16,0,0,0
2024-10-05 22:15,52,21,31,0,0,0
2024-10-05 22:30,70,33,37,0,0,0
2024-10-05 22:45,71,37,34,0,0,0
2024-10-05 23:00,54,32,22,0,0,0
2024-10-05 23:15,57,32,25,0,0,0
2024-10-05 23:30,55,23,32,0,0,0
2024-10-05 23:45,41,18,23,0,0,0
2024-10-06 00:00,31,17,14,0,0,0
2024-10-06 00:15,42,17,25,0,0,0
2024-10-06 00:30,41,12,29,0,0,0
2024-10-06 00:45,42,24,18,0,0,0
2024-10-06 01:00,44,28,16,0,0,0
2024-10-06 01:15,41,15,26,0,0,0
2024-10-06 01:30,19,5,14,0,0,0
2024-10-06 01:45,23,9,14,0,0,0
2024-10-06 02:00,28,15,13,0,0,0
2024-10-06 02:15,12,4,8,0,0,0
2024-10-06 02:30,14,7,7,0,0,0
2024-10-06 02:45,6,3,3,0,0,0
2024-10-06 03:00,17,10,7,0,0,0
2024-10-06 03:15,23,13,10,0,0,0
2024-10-06 03:30,11,0,11,0,0,0
2024-10-06 03:45,12,4,8,0,0,0
2024-10-06 04:00,3,1,2,0,0,0
2024-10-06 04:15,7,5,2,0,0,0
2024-10-06 04:30,2,1,1,0,0,0
2024-10-06 04:45,1,0,1,0,0,0
2024-10-06 05:00,6,1,5,0,0,0
2024-10-06 05:15,8,1,7,0,0,0
2024-10-06 05:30,8,2,6,0,0,0
2024-10-06 05:45,11,3,8,0,0,0
2024-10-06 06:00,7,3,4,0,0,0
2024-10-06 06:15,4,2,2,0,0,0
2024-10-06 06:30,8,4,4,0,0,0
2024-10-06 06:45,9,3,6,0,0,0
2024-10-06 07:00,3,2,1,0,0,0
2024-10-06 07:15,8,2,6,0,0,0
2024-10-06 07:30,5,2,3,0,0,0
2024-10-06 07:45,11,3,8,0,0,0
2024-10-06 08:00,8,2,6,0,0,0
2024-10-06 08:15,16,10,6,0,0,0
2024-10-06 08:30,20,9,11,0,0,0
2024-10-06 08:45,23,10,13,0,0,0
2024-10-06 09:00,31,16,15,0,0,0
2024-10-06 09:15,36,17,19,0,0,0
2024-10-06 09:30,35,11,24,0,0,0
2024-10-06 09:45,37,12,25,0,0,0
2024-10-06 10:00,65,25,40,0,0,0
2024-10-06 10:15,61,20,41,0,0,0
2024-10-06 10:30,53,34,19,0,0,0
2024-10-06 10:45,63,21,42,0,0,0
2024-10-06 11:00,67,26,41,0,0,0
2024-10-06 11:15,45,19,26,0,0,0
2024-10-06 11:30,60,33,27,0,0,0
2024-10-06 11:45,72,32,40,0,0,0
2024-10-06 12:00,82,27,55,0,0,0
2024-10-06 12:15,85,27,58,0,0,0
2024-10-06 12:30,66,21,45,0,0,0
2024-10-06 12:45,106,51,55,0,0,0
2024-10-06 13:00,66,31,35,0,0,0
2024-10-06 13:15,87,39,48,0,0,0
2024-10-06 13:30,78,24,54,0,0,0
2024-10-06 13:45,122,59,63,0,0,0
2024-10-06 14:00,88,40,48,0,0,0
2024-10-06 14:15,84,32,52,0,0,0
2024-10-06 14:30,124,53,71,0,0,0
2024-10-06 14:45,117,65,52,0,0,0
2024-10-06 15:00,118,50,68,0,0,0
2024-10-06 15:15,105,47,58,0,0,0
2024-10-06 15:30,141,64,77,0,0,0
2024-10-06 15:45,132,68,64,0,0,0
2024-10-06 16:00,135,74,61,0,0,0
2024-10-06 16:15,100,52,48,0,0,0
2024-10-06 16:30,104,41,63,0,0,0
2024-10-06 16:45,103,51,52,0,0,0
2024-10-06 17:00,101,50,51,0,0,0
2024-10-06 17:15,108,50,58,0,0,0
2024-10-06 17:30,141,67,74,0,0,0
2024-10-06 17:45,125,64,61,0,0,0
2024-10-06 18:00,106,53,53,0,0,0
2024-10-06 18:15,79,50,29,0,0,0
2024-10-06 18:30,81,36,45,0,0,0
2024-10-06 18:45,113,59,54,0,0,0
2024-10-06 19:00,74,45,29,0,0,0
2024-10-06 19:15,91,45,46,0,0,0
2024-10-06 19:30,71,33,38,0,0,0
2024-10-06 19:45,76,38,38,0,0,0
2024-10-06 20:00,64,27,37,0,0,0
2024-10-06 20:15,64,29,35,0,0,0
2024-10-06 20:30,52,19,33,0,0,0
2024-10-06 20:45,54,25,29,0,0,0
2024-10-06 21:00,40,20,20,0,0,0
2024-10-06 21:15,40,22,18,0,0,0
2024-10-06 21:30,41,24,17,0,0,0
2024-10-06 21:45,30,19,11,0,0,0
2024-10-06 22:00,40,18,22,0,0,0
2024-10-06 22:15,22,14,8,0,0,0
2024-10-06 22:30,33,9,24,0,0,0
2024-10-06 22:45,12,4,8,0,0,0
2024-10-06 23:00,18,8,10,0,0,0
2024-10-06 23:15,20,8,12,0,0,0
2024-10-06 23:30,17,6,11,0,0,0
2024-10-06 23:45,5,4,1,0,0,0
2024-10-07 00:00,9,4,5,0,0,0
2024-10-07 00:15,8,3,5,0,0,0
2024-10-07 00:30,10,6,4,0,0,0
2024-10-07 00:45,4,3,1,0,0,0
2024-10-07 01:00,2,1,1,0,0,0
2024-10-07 01:15,2,1,1,0,0,0
2024-10-07 01:30,4,1,3,0,0,0
2024-10-07 01:45,2,1,1,0,0,0
2024-10-07 02:00,0,0,0,0,0,0
2024-10-07 02:15,2,1,1,0,0,0
2024-10-07 02:30,0,0,0,0,0,0
2024-10-07 02:45,2,2,0,0,0,0
2024-10-07 03:00,1,1,0,0,0,0
2024-10-07 03:15,0,0,0,0,0,0
2024-10-07 03:30,2,2,0,0,0,0
2024-10-07 03:45,4,1,3,0,0,0
2024-10-07 04:00,2,2,0,0,0,0
2024-10-07 04:15,3,3,0,0,0,0
2024-10-07 04:30,1,1,0,0,0,0
2024-10-07 04:45,2,1,1,0,0,0
2024-10-07 05:00,7,6,1,0,0,0
2024-10-07 05:15,8,1,7,0,0,0
2024-10-07 05:30,17,5,12,0,0,0
2024-10-07 05:45,31,14,17,0,0,0
2024-10-07 06:00,21,10,11,0,0,0
2024-10-07 06:15,49,26,23,0,0,0
2024-10-07 06:30,55,19,36,0,0,0
2024-10-07 06:45,79,33,46,0,0,0
2024-10-07 07:00,108,36,72,0,0,0
2024-10-07 07:15,178,40,138,0,0,0
2024-10-07 07:30,331,78,253,0,0,0
2024-10-07 07:45,324,104,220,0,0,0
2024-10-07 08:00,237,80,157,0,0,0
2024-10-07 08:15,188,61,127,0,0,0
2024-10-07 08:30,209,47,162,0,0,0
2024-10-07 08:45,184,56,128,0,0,0
2024-10-07 09:00,140,49,91,0,0,0
2024-10-07 09:15,133,43,90,0,0,0
2024-10-07 09:30,162,45,117,0,0,0
2024-10-07 09:45,215,53,162,0,0,0
2024-10-07 10:00,131,34,97,0,0,0
2024-10-07 10:15,122,56,66,0,0,0
2024-10-07 10:30,120,51,69,0,0,0
2024-10-07 10:45,135,54,81,0,0,0
2024-10-07 11:00,130,41,89,0,0,0
2024-10-07 11:15,113,47,66,0,0,0
2024-10-07 11:30,137,54,83,0,0,0
2024-10-07 11:45,208,78,130,0,0,0
2024-10-07 12:00,160,69,91,0,0,0
2024-10-07 12:15,136,66,70,0,0,0
2024-10-07 12:30,154,89,65,0,0,0
2024-10-07 12:45,183,90,93,0,0,0
2024-10-07 13:00,189,82,107,0,0,0
2024-10-07 13:15,182,87,95,0,0,0
2024-10-07 13:30,175,84,91,0,0,0
2024-10-07 13:45,201,91,110,0,0,0
2024-10-07 14:00,218,122,96,0,0,0
2024-10-07 14:15,199,91,108,0,0,0
2024-10-07 14:30,186,89,97,0,0,0
2024-10-07 14:45,195,81,114,0,0,0
2024-10-07 15:00,181,109,72,0,0,0
2024-10-07 15:15,203,90,113,0,0,0
2024-10-07 15:30,202,98,104,0,0,0
2024-10-07 15:45,258,134,124,0,0,0
2024-10-07 16:00,285,153,132,0,0,0
2024-10-07 16:15,255,155,100,0,0,0
2024-10-07 16:30,270,144,126,0,0,0
2024-10-07 16:45,266,145,121,0,0,0
2024-10-07 17:00,285,140,145,0,0,0
2024-10-07 17:15,277,145,132,0,0,0
2024-10-07 17:30,257,128,129,0,0,0
2024-10-07 17:45,232,130,102,0,0,0
2024-10-07 18:00,248,143,105,0,0,0
2024-10-07 18:15,230,135,95,0,0,0
2024-10-07 18:30,185,105,80,0,0,0
2024-10-07 18:45,231,131,100,0,0,0
2024-10-07 19:00,147,91,56,0,0,0
2024-10-07 19:15,157,95,62,0,0,0
2024-10-07 19:30,112,59,53,0,0,0
2024-10-07 19:45,143,72,71,0,0,0
2024-10-07 20:00,100,58,42,0,0,0
2024-10-07 20:15,90,49,41,0,0,0
2024-10-07 20:30,80,41,39,0,0,0
2024-10-07 20:45,56,31,25,0,0,0
2024-10-07 21:00,60,31,29,0,0,0
2024-10-07 21:15,81,51,30,0,0,0
2024-10-07 21:30,73,37,36,0,0,0
2024-10-07 21:45,56,36,20,0,0,0
2024-10-07 22:00,52,33,19,0,0,0
2024-10-07 22:15,50,25,25,0,0,0
2024-10-07 22:30,51,26,25,0,0,0
2024-10-07 22:45,48,26,22,0,0,0
2024-10-07 23:00,47,20,27,0,0,0
2024-10-07 23:15,31,18,13,0,0,0
2024-10-07 23:30,25,13,12,0,0,0
2024-10-07 23:45,20,6,14,0,0,0
2024-10-08 00:00,14,5,9,0,0,0
2024-10-08 00:15,14,7,7,0,0,0
2024-10-08 00:30,12,3,9,0,0,0
2024-10-08 00:45,12,2,10,0,0,0
2024-10-08 01:00,8,3,5,0,0,0
2024-10-08 01:15,7,3,4,0,0,0
2024-10-08 01:30,6,1,5,0,0,0
2024-10-08 01:45,2,1,1,0,0,0
2024-10-08 02:00,1,0,1,0,0,0
2024-10-08 02:15,2,0,2,0,0,0
2024-10-08 02:30,4,1,3,0,0,0
2024-10-08 02:45,3,2,1,0,0,0
2024-10-08 03:00,1,0,1,0,0,0
2024-10-08 03:15,2,1,1,0,0,0
2024-10-08 03:30,1,0,1,0,0,0
2024-10-08 03:45,3,2,1,0,0,0
2024-10-08 04:00,2,2,0,0,0,0
2024-10-08 04:15,3,2,1,0,0,0
2024-10-08 04:30,6,3,3,0,0,0
2024-10-08 04:45,6,3,3,0,0,0
2024-10-08 05:00,4,4,0,0,0,0
2024-10-08 05:15,13,4,9,0,0,0
2024-10-08 05:30,21,9,12,0,0,0
2024-10-08 05:45,22,7,15,0,0,0
2024-10-08 06:00,18,6,12,0,0,0
2024-10-08 06:15,36,18,18,0,0,0
2024-10-08 06:30,47,20,27,0,0,0
2024-10-08 06:45,71,37,34,0,0,0
2024-10-08 07:00,103,31,72,0,0,0
2024-10-08 07:15,190,55,135,0,0,0
2024-10-08 07:30,341,77,264,0,0,0
2024-10-08 07:45,336,88,248,0,0,0
2024-10-08 08:00,265,66,199,0,0,0
2024-10-08 08:15,238,74,164,0,0,0
2024-10-08 08:30,210,58,152,0,0,0
2024-10-08 08:45,203,69,134,0,0,0
2024-10-08 09:00,135,52,83,0,0,0
2024-10-08 09:15,119,34,85,0,0,0
2024-10-08 09:30,165,40,125,0,0,0
2024-10-08 09:45,230,58,172,0,0,0
2024-10-08 10:00,143,52,91,0,0,0
2024-10-08 10:15,113,50,63,0,0,0
2024-10-08 10:30,101,41,60,0,0,0
2024-10-08 10:45,132,43,89,0,0,0
2024-10-08 11:00,124,58,66,0,0,0
2024-10-08 11:15,110,35,75,0,0,0
2024-10-08 11:30,140,53,87,0,0,0
2024-10-08 11:45,196,73,123,0,0,0
2024-10-08 12:00,174,91,83,0,0,0
2024-10-08 12:15,159,85,74,0,0,0
2024-10-08 12:30,161,89,72,0,0,0
2024-10-08 12:45,196,101,95,0,0,0
2024-10-08 13:00,205,124,81,0,0,0
2024-10-08 13:15,203,111,92,0,0,0
2024-10-08 13:30,195,91,104,0,0,0
2024-10-08 13:45,209,97,112,0,0,0
2024-10-08 14:00,202,101,101,0,0,0
2024-10-08 14:15,167,86,81,0,0,0
2024-10-08 14:30,203,94,109,0,0,0
2024-10-08 14:45,190,95,95,0,0,0
2024-10-08 15:00,220,126,94,0,0,0
2024-10-08 15:15,222,127,95,0,0,0
2024-10-08 15:30,252,129,123,0,0,0
2024-10-08 15:45,315,158,157,0,0,0
2024-10-08 16:00,250,129,121,0,0,0
2024-10-08 16:15,252,149,103,0,0,0
2024-10-08 16:30,240,126,114,0,0,0
2024-10-08 16:45,260,127,133,0,0,0
2024-10-08 17:00,280,173,107,0,0,0
2024-10-08 17:15,275,159,116,0,0,0
2024-10-08 17:30,290,173,117,0,0,0
2024-10-08 17:45,279,156,123,0,0,0
2024-10-08 18:00,271,174,97,0,0,0
2024-10-08 18:15,229,124,105,0,0,0
2024-10-08 18:30,199,113,86,0,0,0
2024-10-08 18:45,215,133,82,0,0,0
2024-10-08 19:00,189,103,86,0,0,0
2024-10-08 19:15,141,78,63,0,0,0
2024-10-08 19:30,158,100,58,0,0,0
2024-10-08 19:45,183,115,68,0,0,0
2024-10-08 20:00,135,91,44,0,0,0
2024-10-08 20:15,95,51,44,0,0,0
2024-10-08 20:30,122,75,47,0,0,0
2024-10-08 20:45,73,41,32,0,0,0
2024-10-08 21:00,67,35,32,0,0,0
2024-10-08 21:15,89,46,43,0,0,0
2024-10-08 21:30,73,42,31,0,0,0
2024-10-08 21:45,62,37,25,0,0,0
2024-10-08 22:00,66,40,26,0,0,0
2024-10-08 22:15,87,42,45,0,0,0
2024-10-08 22:30,66,33,33,0,0,0
2024-10-08 22:45,70,34,36,0,0,0
2024-10-08 23:00,47,16,31,0,0,0
2024-10-08 23:15,49,14,35,0,0,0
2024-10-08 23:30,41,14,27,0,0,0
2024-10-08 23:45,41,9,32,0,0,0
2024-10-09 00:00,39,10,29,0,0,0
2024-10-09 00:15,18,2,16,0,0,0
2024-10-09 00:30,33,6,27,0,0,0
2024-10-09 00:45,16,7,9,0,0,0
2024-10-09 01:00,10,1,9,0,0,0
2024-10-09 01:15,9,1,8,0,0,0
2024-10-09 01:30,6,1,5,0,0,0
2024-10-09 01:45,7,0,7,0,0,0
2024-10-09 02:00,5,1,4,0,0,0
2024-10-09 02:15,4,4,0,0,0,0
2024-10-09 02:30,5,4,1,0,0,0
2024-10-09 02:45,2,1,1,0,0,0
2024-10-09 03:00,0,0,0,0,0,0
2024-10-09 03:15,3,0,3,0,0,0
2024-10-09 03:30,2,2,0,0,0,0
2024-10-09 03:45,3,2,1,0,0,0
2024-10-09 04:00,4,2,2,0,0,0
2024-10-09 04:15,3,3,0,0,0,0
2024-10-09 04:30,1,1,0,0,0,0
2024-10-09 04:45,4,2,2,0,0,0
2024-10-09 05:00,2,1,1,0,0,0
2024-10-09 05:15,9,6,3,0,0,0
2024-10-09 05:30,14,5,9,0,0,0
2024-10-09 05:45,26,6,20,0,0,0
2024-10-09 06:00,19,8,11,0,0,0
2024-10-09 06:15,28,8,20,0,0,0
2024-10-09 06:30,55,21,34,0,0,0
2024-10-09 06:45,65,25,40,0,0,0
2024-10-09 07:00,83,31,52,0,0,0
2024-10-09 07:15,120,32,88,0,0,0
2024-10-09 07:30,282,62,220,0,0,0
2024-10-09 07:45,294,90,204,0,0,0
2024-10-09 08:00,234,74,160,0,0,0
2024-10-09 08:15,175,57,118,0,0,0
2024-10-09 08:30,195,61,134,0,0,0
2024-10-09 08:45,189,53,136,0,0,0
2024-10-09 09:00,114,47,67,0,0,0
2024-10-09 09:15,146,52,94,0,0,0
2024-10-09 09:30,159,47,112,0,0,0
2024-10-09 09:45,221,52,169,0,0,0
2024-10-09 10:00,160,56,104,0,0,0
2024-10-09 10:15,118,43,75,0,0,0
2024-10-09 10:30,125,42,83,0,0,0
2024-10-09 10:45,130,61,69,0,0,0
2024-10-09 11:00,131,51,80,0,0,0
2024-10-09 11:15,135,47,88,0,0,0
2024-10-09 11:30,121,53,68,0,0,0
2024-10-09 11:45,201,72,129,0,0,0
2024-10-09 12:00,174,78,96,0,0,0
2024-10-09 12:15,144,66,78,0,0,0
2024-10-09 12:30,155,78,77,0,0,0
2024-10-09 12:45,182,92,90,0,0,0
2024-10-09 13:00,186,108,78,0,0,0
2024-10-09 13:15,162,91,71,0,0,0
2024-10-09 13:30,152,84,68,0,0,0
2024-10-09 13:45,182,87,95,0,0,0
2024-10-09 14:00,186,109,77,0,0,0
2024-10-09 14:15,136,77,59,0,0,0
2024-10-09 14:30,142,77,65,0,0,0
2024-10-09 14:45,149,75,74,0,0,0
2024-10-09 15:00,144,95,49,0,0,0
2024-10-09 15:15,155,97,58,0,0,0
2024-10-09 15:30,163,89,74,0,0,0
2024-10-09 15:45,195,101,94,0,0,0
2024-10-09 16:00,175,90,85,0,0,0
2024-10-09 16:15,160,85,75,0,0,0
2024-10-09 16:30,135,65,70,0,0,0
2024-10-09 16:45,175,100,75,0,0,0
2024-10-09 17:00,180,107,73,0,0,0
2024-10-09 17:15,165,99,66,0,0,0
2024-10-09 17:30,163,92,71,0,0,0
2024-10-09 17:45,175,101,74,0,0,0
2024-10-09 18:00,162,87,75,0,0,0
2024-10-09 18:15,143,75,68,0,0,0
2024-10-09 18:30,115,65,50,0,0,0
2024-10-09 18:45,132,64,68,0,0,0
2024-10-09 19:00,118,66,52,0,0,0
2024-10-09 19:15,124,68,56,0,0,0
2024-10-09 19:30,83,43,40,0,0,0
2024-10-09 19:45,107,59,48,0,0,0
2024-10-09 20:00,77,47,30,0,0,0
2024-10-09 20:15,64,34,30,0,0,0
2024-10-09 20:30,77,42,35,0,0,0
2024-10-09 20:45,61,34,27,0,0,0
2024-10-09 21:00,51,27,24,0,0,0
2024-10-09 21:15,65,34,31,0,0,0
2024-10-09 21:30,67,34,33,0,0,0
2024-10-09 21:45,32,18,14,0,0,0
2024-10-09 22:00,56,37,19,0,0,0
2024-10-09 22:15,61,39,22,0,0,0
2024-10-09 22:30,39,24,15,0,0,0
2024-10-09 22:45,38,17,21,0,0,0
2024-10-09 23:00,37,21,16,0,0,0
2024-10-09 23:15,30,14,16,0,0,0
2024-10-09 23:30,21,14,7,0,0,0
2024-10-09 23:45,20,11,9,0,0,0
2024-10-10 00:00,8,6,2,0,0,0
2024-10-10 00:15,28,13,15,0,0,0
2024-10-10 00:30,16,8,8,0,0,0
2024-10-10 00:45,8,2,6,0,0,0
2024-10-10 01:00,6,3,3,0,0,0
2024-10-10 01:15,4,1,3,0,0,0
2024-10-10 01:30,8,1,7,0,0,0
2024-10-10 01:45,13,5,8,0,0,0
2024-10-10 02:00,7,1,6,0,0,0
2024-10-10 02:15,9,5,4,0,0,0
2024-10-10 02:30,5,3,2,0,0,0
2024-10-10 02:45,12,3,9,0,0,0
2024-10-10 03:00,7,1,6,0,0,0
2024-10-10 03:15,14,4,10,0,0,0
2024-10-10 03:30,5,2,3,0,0,0
2024-10-10 03:45,2,2,0,0,0,0
2024-10-10 04:00,4,2,2,0,0,0
2024-10-10 04:15,4,1,3,0,0,0
2024-10-10 04:30,1,1,0,0,0,0
2024-10-10 04:45,4,4,0,0,0,0
2024-10-10 05:00,2,2,0,0,0,0
2024-10-10 05:15,4,2,2,0,0,0
2024-10-10 05:30,19,8,11,0,0,0
2024-10-10 05:45,21,2,19,0,0,0
2024-10-10 06:00,14,4,10,0,0,0
2024-10-10 06:15,28,12,16,0,0,0
2024-10-10 06:30,50,17,33,0,0,0
2024-10-10 06:45,62,29,33,0,0,0
2024-10-10 07:00,84,29,55,0,0,0
2024-10-10 07:15,132,40,92,0,0,0
2024-10-10 07:30,273,55,218,0,0,0
2024-10-10 07:45,281,87,194,0,0,0
2024-10-10 08:00,213,73,140,0,0,0
2024-10-10 08:15,189,60,129,0,0,0
2024-10-10 08:30,174,48,126,0,0,0
2024-10-10 08:45,210,62,148,0,0,0
2024-10-10 09:00,123,36,87,0,0,0
2024-10-10 09:15,107,30,77,0,0,0
2024-10-10 09:30,131,31,100,0,0,0
2024-10-10 09:45,189,46,143,0,0,0
2024-10-10 10:00,129,39,90,0,0,0
2024-10-10 10:15,86,33,53,0,0,0
2024-10-10 10:30,105,43,62,0,0,0
2024-10-10 10:45,104,38,66,0,0,0
2024-10-10 11:00,92,37,55,0,0,0
2024-10-10 11:15,116,48,68,0,0,0
2024-10-10 11:30,115,41,74,0,0,0
2024-10-10 11:45,178,66,112,0,0,0
2024-10-10 12:00,130,66,64,0,0,0
2024-10-10 12:15,114,63,51,0,0,0
2024-10-10 12:30,131,71,60,0,0,0
2024-10-10 12:45,132,61,71,0,0,0
2024-10-10 13:00,182,90,92,0,0,0
2024-10-10 13:15,160,87,73,0,0,0
2024-10-10 13:30,148,63,85,0,0,0
2024-10-10 13:45,189,76,113,0,0,0
2024-10-10 14:00,176,91,85,0,0,0
2024-10-10 14:15,159,85,74,0,0,0
2024-10-10 14:30,155,71,84,0,0,0
2024-10-10 14:45,194,101,93,0,0,0
2024-10-10 15:00,163,102,61,0,0,0
2024-10-10 15:15,176,103,73,0,0,0
2024-10-10 15:30,209,121,88,0,0,0
2024-10-10 15:45,228,123,105,0,0,0
2024-10-10 16:00,270,147,123,0,0,0
2024-10-10 16:15,217,128,89,0,0,0
2024-10-10 16:30,223,111,112,0,0,0
2024-10-10 16:45,210,117,93,0,0,0
2024-10-10 17:00,208,118,90,0,0,0
2024-10-10 17:15,243,138,105,0,0,0
2024-10-10 17:30,240,142,98,0,0,0
2024-10-10 17:45,253,150,103,0,0,0
2024-10-10 18:00,258,163,95,0,0,0
2024-10-10 18:15,221,122,99,0,0,0
2024-10-10 18:30,207,125,82,0,0,0
2024-10-10 18:45,217,123,94,0,0,0
2024-10-10 19:00,175,104,71,0,0,0
2024-10-10 19:15,157,73,84,0,0,0
2024-10-10 19:30,156,91,65,0,0,0
2024-10-10 19:45,124,62,62,0,0,0
2024-10-10 20:00,116,69,47,0,0,0
2024-10-10 20:15,122,60,62,0,0,0
2024-10-10 20:30,99,54,45,0,0,0
2024-10-10 20:45,60,28,32,0,0,0
2024-10-10 21:00,56,30,26,0,0,0
2024-10-10 21:15,81,42,39,0,0,0
2024-10-10 21:30,76,44,32,0,0,0
2024-10-10 21:45,84,48,36,0,0,0
2024-10-10 22:00,74,33,41,0,0,0
2024-10-10 22:15,64,36,28,0,0,0
2024-10-10 22:30,66,30,36,0,0,0
2024-10-10 22:45,80,38,42,0,0,0
2024-10-10 23:00,61,24,37,0,0,0
2024-10-10 23:15,52,17,35,0,0,0
2024-10-10 23:30,49,11,38,0,0,0
2024-10-10 23:45,43,11,32,0,0,0
2024-10-11 00:00,45,17,28,0,0,0
2024-10-11 00:15,42,7,35,0,0,0
2024-10-11 00:30,63,11,52,0,0,0
2024-10-11 00:45,29,8,21,0,0,0
2024-10-11 01:00,19,12,7,0,0,0
2024-10-11 01:15,18,2,16,0,0,0
2024-10-11 01:30,12,3,9,0,0,0
2024-10-11 01:45,10,5,5,0,0,0
2024-10-11 02:00,4,2,2,0,0,0
2024-10-11 02:15,7,3,4,0,0,0
2024-10-11 02:30,3,2,1,0,0,0
2024-10-11 02:45,3,2,1,0,0,0
2024-10-11 03:00,5,1,4,0,0,0
2024-10-11 03:15,10,5,5,0,0,0
2024-10-11 03:30,3,0,3,0,0,0
2024-10-11 03:45,2,0,2,0,0,0
2024-10-11 04:00,5,2,3,0,0,0
2024-10-11 04:15,3,1,2,0,0,0
2024-10-11 04:30,6,3,3,0,0,0
2024-10-11 04:45,1,1,0,0,0,0
2024-10-11 05:00,7,6,1,0,0,0
2024-10-11 05:15,13,8,5,0,0,0
2024-10-11 05:30,13,4,9,0,0,0
2024-10-11 05:45,24,7,17,0,0,0
2024-10-11 06:00,26,11,15,0,0,0
2024-10-11 06:15,29,9,20,0,0,0
2024-10-11 06:30,47,21,26,0,0,0
2024-10-11 06:45,59,27,32,0,0,0
2024-10-11 07:00,86,33,53,0,0,0
2024-10-11 07:15,136,32,104,0,0,0
2024-10-11 07:30,304,79,225,0,0,0
2024-10-11 07:45,275,69,206,0,0,0
2024-10-11 08:00,216,58,158,0,0,0
2024-10-11 08:15,143,53,90,0,0,0
2024-10-11 08:30,173,45,128,0,0,0
2024-10-11 08:45,177,45,132,0,0,0
2024-10-11 09:00,120,38,82,0,0,0
2024-10-11 09:15,125,35,90,0,0,0
2024-10-11 09:30,151,32,119,0,0,0
2024-10-11 09:45,174,47,127,0,0,0
2024-10-11 10:00,136,56,80,0,0,0
2024-10-11 10:15,146,54,92,0,0,0
2024-10-11 10:30,129,51,78,0,0,0
2024-10-11 10:45,157,47,110,0,0,0
2024-10-11 11:00,135,68,67,0,0,0
2024-10-11 11:15,152,67,85,0,0,0
2024-10-11 11:30,178,77,101,0,0,0
2024-10-11 11:45,191,80,111,0,0,0
2024-10-11 12:00,196,95,101,0,0,0
2024-10-11 12:15,189,83,106,0,0,0
2024-10-11 12:30,159,83,76,0,0,0
2024-10-11 12:45,198,103,95,0,0,0
2024-10-11 13:00,220,127,93,0,0,0
2024-10-11 13:15,191,107,84,0,0,0
2024-10-11 13:30,196,96,100,0,0,0
2024-10-11 13:45,236,111,125,0,0,0
2024-10-11 14:00,221,125,96,0,0,0
2024-10-11 14:15,230,110,120,0,0,0
2024-10-11 14:30,213,98,115,0,0,0
2024-10-11 14:45,236,115,121,0,0,0
2024-10-11 15:00,213,103,110,0,0,0
2024-10-11 15:15,194,105,89,0,0,0
2024-10-11 15:30,209,113,96,0,0,0
2024-10-11 15:45,226,115,111,0,0,0
2024-10-11 16:00,198,106,92,0,0,0
2024-10-11 16:15,200,116,84,0,0,0
2024-10-11 16:30,187,109,78,0,0,0
2024-10-11 16:45,204,116,88,0,0,0
2024-10-11 17:00,192,100,92,0,0,0
2024-10-11 17:15,199,101,98,0,0,0
2024-10-11 17:30,201,124,77,0,0,0
2024-10-11 17:45,197,122,75,0,0,0
2024-10-11 18:00,178,92,86,0,0,0
2024-10-11 18:15,185,108,77,0,0,0
2024-10-11 18:30,153,84,69,0,0,0
2024-10-11 18:45,207,116,91,0,0,0
2024-10-11 19:00,173,85,88,0,0,0
2024-10-11 19:15,161,98,63,0,0,0
2024-10-11 19:30,149,74,75,0,0,0
2024-10-11 19:45,143,66,77,0,0,0
2024-10-11 20:00,122,71,51,0,0,0
2024-10-11 20:15,115,56,59,0,0,0
2024-10-11 20:30,72,33,39,0,0,0
2024-10-11 20:45,86,36,50,0,0,0
2024-10-11 21:00,87,39,48,0,0,0
2024-10-11 21:15,73,39,34,0,0,0
2024-10-11 21:30,77,37,40,0,0,0
2024-10-11 21:45,66,31,35,0,0,0
2024-10-11 22:00,81,46,35,0,0,0
2024-10-11 22:15,73,44,29,0,0,0
2024-10-11 22:30,75,35,40,0,0,0
2024-10-11 22:45,58,39,19,0,0,0
2024-10-11 23:00,50,30,20,0,0,0
2024-10-11 23:15,52,25,27,0,0,0
2024-10-11 23:30,52,29,23,0,0,0
2024-10-11 23:45,61,40,21,0,0,0
2024-10-12 00:00,65,36,29,0,0,0
2024-10-12 00:15,67,41,26,0,0,0
2024-10-12 00:30,62,32,30,0,0,0
2024-10-12 00:45,78,26,52,0,0,0
2024-10-12 01:00,50,30,20,0,0,0
2024-10-12 01:15,48,30,18,0,0,0
2024-10-12 01:30,37,13,24,0,0,0
2024-10-12 01:45,42,18,24,0,0,0
2024-10-12 02:00,31,15,16,0,0,0
2024-10-12 02:15,24,10,14,0,0,0
2024-10-12 02:30,25,18,7,0,0,0
2024-10-12 02:45,20,11,9,0,0,0
2024-10-12 03:00,20,11,9,0,0,0
2024-10-12 03:15,11,6,5,0,0,0
2024-10-12 03:30,12,4,8,0,0,0
2024-10-12 03:45,11,3,8,0,0,0
2024-10-12 04:00,16,7,9,0,0,0
2024-10-12 04:15,9,5,4,0,0,0
2024-10-12 04:30,14,2,12,0,0,0
2024-10-12 04:45,13,1,12,0,0,0
2024-10-12 05:00,3,1,2,0,0,0
2024-10-12 05:15,10,2,8,0,0,0
2024-10-12 05:30,9,1,8,0,0,0
2024-10-12 05:45,17,5,12,0,0,0
2024-10-12 06:00,12,3,9,0,0,0
2024-10-12 06:15,13,2,11,0,0,0
2024-10-12 06:30,16,6,10,0,0,0
2024-10-12 06:45,15,6,9,0,0,0
2024-10-12 07:00,11,3,8,0,0,0
2024-10-12 07:15,7,1,6,0,0,0
2024-10-12 07:30,26,9,17,0,0,0
2024-10-12 07:45,31,8,23,0,0,0
2024-10-12 08:00,29,9,20,0,0,0
2024-10-12 08:15,40,21,19,0,0,0
2024-10-12 08:30,36,12,24,0,0,0
2024-10-12 08:45,58,15,43,0,0,0
2024-10-12 09:00,73,29,44,0,0,0
2024-10-12 09:15,80,18,62,0,0,0
2024-10-12 09:30,101,32,69,0,0,0
2024-10-12 09:45,99,23,76,0,0,0
2024-10-12 10:00,119,28,91,0,0,0
2024-10-12 10:15,139,50,89,0,0,0
2024-10-12 10:30,141,58,83,0,0,0
2024-10-12 10:45,173,51,122,0,0,0
2024-10-12 11:00,159,52,107,0,0,0
2024-10-12 11:15,156,58,98,0,0,0
2024-10-12 11:30,175,58,117,0,0,0
2024-10-12 11:45,210,84,126,0,0,0
2024-10-12 12:00,165,62,103,0,0,0
2024-10-12 12:15,175,69,106,0,0,0
2024-10-12 12:30,189,70,119,0,0,0
2024-10-12 12:45,208,89,119,0,0,0
2024-10-12 13:00,184,76,108,0,0,0
2024-10-12 13:15,185,88,97,0,0,0
2024-10-12 13:30,179,88,91,0,0,0
2024-10-12 13:45,184,86,98,0,0,0
2024-10-12 14:00,183,68,115,0,0,0
2024-10-12 14:15,204,101,103,0,0,0
2024-10-12 14:30,187,104,83,0,0,0
2024-10-12 14:45,183,111,72,0,0,0
2024-10-12 15:00,142,93,49,0,0,0
2024-10-12 15:15,145,91,54,0,0,0
2024-10-12 15:30,144,78,66,0,0,0
2024-10-12 15:45,131,78,53,0,0,0
2024-10-12 16:00,126,67,59,0,0,0
2024-10-12 16:15,120,80,40,0,0,0
2024-10-12 16:30,145,74,71,0,0,0
2024-10-12 16:45,131,80,51,0,0,0
2024-10-12 17:00,130,82,48,0,0,0
2024-10-12 17:15,127,84,43,0,0,0
2024-10-12 17:30,137,73,64,0,0,0
2024-10-12 17:45,144,74,70,0,0,0
2024-10-12 18:00,131,85,46,0,0,0
2024-10-12 18:15,126,74,52,0,0,0
2024-10-12 18:30,109,66,43,0,0,0
2024-10-12 18:45,128,61,67,0,0,0
2024-10-12 19:00,122,78,44,0,0,0
2024-10-12 19:15,99,56,43,0,0,0
2024-10-12 19:30,88,49,39,0,0,0
2024-10-12 19:45,120,67,53,0,0,0
2024-10-12 20:00,105,55,50,0,0,0
2024-10-12 20:15,89,42,47,0,0,0
2024-10-12 20:30,55,28,27,0,0,0
2024-10-12 20:45,65,43,22,0,0,0
2024-10-12 21:00,63,38,25,0,0,0
2024-10-12 21:15,66,38,28,0,0,0
2024-10-12 21:30,41,17,24,0,0,0
2024-10-12 21:45,45,23,22,0,0,0
2024-10-12 22:00,48,26,22,0,0,0
2024-10-12 22:15,47,17,30,0,0,0
2024-10-12 22:30,42,14,28,0,0,0
2024-10-12 22:45,68,26,42,0,0,0
2024-10-12 23:00,44,23,21,0,0,0
2024-10-12 23:15,52,22,30,0,0,0
2024-10-12 23:30,58,33,25,0,0,0
2024-10-12 23:45,50,30,20,0,0,0
2024-10-13 00:00,48,30,18,0,0,0
2024-10-13 00:15,57,36,21,0,0,0
2024-10-13 00:30,45,16,29,0,0,0
2024-10-13 00:45,45,18,27,0,0,0
2024-10-13 01:00,50,17,33,0,0,0
2024-10-13 01:15,31,11,20,0,0,0
2024-10-13 01:30,29,13,16,0,0,0
2024-10-13 01:45,31,14,17,0,0,0
2024-10-13 02:00,42,15,27,0,0,0
2024-10-13 02:15,16,4,12,0,0,0
2024-10-13 02:30,33,9,24,0,0,0
2024-10-13 02:45,24,12,12,0,0,0
2024-10-13 03:00,20,1,19,0,0,0
2024-10-13 03:15,18,9,9,0,0,0
2024-10-13 03:30,13,6,7,0,0,0
2024-10-13 03:45,11,4,7,0,0,0
2024-10-13 04:00,11,2,9,0,0,0
2024-10-13 04:15,12,5,7,0,0,0
2024-10-13 04:30,6,0,6,0,0,0
2024-10-13 04:45,8,2,6,0,0,0
2024-10-13 05:00,10,4,6,0,0,0
2024-10-13 05:15,4,3,1,0,0,0
2024-10-13 05:30,10,2,8,0,0,0
2024-10-13 05:45,13,4,9,0,0,0
2024-10-13 06:00,14,5,9,0,0,0
2024-10-13 06:15,11,5,6,0,0,0
2024-10-13 06:30,6,3,3,0,0,0
2024-10-13 06:45,11,3,8,0,0,0
2024-10-13 07:00,5,1,4,0,0,0
2024-10-13 07:15,7,2,5,0,0,0
2024-10-13 07:30,6,3,3,0,0,0
2024-10-13 07:45,12,6,6,0,0,0
2024-10-13 08:00,8,2,6,0,0,0
2024-10-13 08:15,19,8,11,0,0,0
2024-10-13 08:30,18,4,14,0,0,0
2024-10-13 08:45,19,7,12,0,0,0
2024-10-13 09:00,24,12,12,0,0,0
2024-10-13 09:15,19,8,11,0,0,0
2024-10-13 09:30,27,14,13,0,0,0
2024-10-13 09:45,38,20,18,0,0,0
2024-10-13 10:00,30,13,17,0,0,0
2024-10-13 10:15,29,14,15,0,0,0
2024-10-13 10:30,44,15,29,0,0,0
2024-10-13 10:45,55,27,28,0,0,0
2024-10-13 11:00,42,19,23,0,0,0
2024-10-13 11:15,56,27,29,0,0,0
2024-10-13 11:30,59,27,32,0,0,0
2024-10-13 11:45,56,22,34,0,0,0
2024-10-13 12:00,64,29,35,0,0,0
2024-10-13 12:15,65,29,36,0,0,0
2024-10-13 12:30,80,39,41,0,0,0
2024-10-13 12:45,68,33,35,0,0,0
2024-10-13 13:00,73,30,43,0,0,0
2024-10-13 13:15,73,33,40,0,0,0
2024-10-13 13:30,64,29,35,0,0,0
2024-10-13 13:45,92,36,56,0,0,0
2024-10-13 14:00,87,40,47,0,0,0
2024-10-13 14:15,92,36,56,0,0,0
2024-10-13 14:30,92,44,48,0,0,0
2024-10-13 14:45,106,43,63,0,0,0
2024-10-13 15:00,90,41,49,0,0,0
2024-10-13 15:15,65,31,34,0,0,0
2024-10-13 15:30,88,41,47,0,0,0
2024-10-13 15:45,102,47,55,0,0,0
2024-10-13 16:00,102,55,47,0,0,0
2024-10-13 16:15,76,34,42,0,0,0
2024-10-13 16:30,81,29,52,0,0,0
2024-10-13 16:45,90,48,42,0,0,0
2024-10-13 17:00,92,54,38,0,0,0
2024-10-13 17:15,91,52,39,0,0,0
2024-10-13 17:30,90,38,52,0,0,0
2024-10-13 17:45,111,54,57,0,0,0
2024-10-13 18:00,75,47,28,0,0,0
2024-10-13 18:15,77,32,45,0,0,0
2024-10-13 18:30,85,41,44,0,0,0
2024-10-13 18:45,99,43,56,0,0,0
2024-10-13 19:00,75,35,40,0,0,0
2024-10-13 19:15,79,40,39,0,0,0
2024-10-13 19:30,81,41,40,0,0,0
2024-10-13 19:45,78,37,41,0,0,0
2024-10-13 20:00,63,33,30,0,0,0
2024-10-13 20:15,62,25,37,0,0,0
2024-10-13 20:30,50,25,25,0,0,0
2024-10-13 20:45,40,21,19,0,0,0
2024-10-13 21:00,45,24,21,0,0,0
2024-10-13 21:15,48,22,26,0,0,0
2024-10-13 21:30,31,19,12,0,0,0
2024-10-13 21:45,28,13,15,0,0,0
2024-10-13 22:00,40,20,20,0,0,0
2024-10-13 22:15,29,11,18,0,0,0
2024-10-13 22:30,28,11,17,0,0,0
2024-10-13 22:45,19,10,9,0,0,0
2024-10-13 23:00,22,16,6,0,0,0
2024-10-13 23:15,14,6,8,0,0,0
2024-10-13 23:30,20,7,13,0,0,0
2024-10-13 23:45,7,4,3,0,0,0
2024-10-14 00:00,7,2,5,0,0,0
2024-10-14 00:15,4,2,2,0,0,0
2024-10-14 00:30,5,2,3,0,0,0
2024-10-14 00:45,5,2,3,0,0,0
2024-10-14 01:00,4,2,2,0,0,0
2024-10-14 01:15,2,2,0,0,0,0
2024-10-14 01:30,3,3,0,0,0,0
2024-10-14 01:45,4,2,2,0,0,0
2024-10-14 02:00,2,0,2,0,0,0
2024-10-14 02:15,1,1,0,0,0,0
2024-10-14 02:30,1,1,0,0,0,0
2024-10-14 02:45,3,1,2,0,0,0
2024-10-14 03:00,2,1,1,0,0,0
2024-10-14 03:15,0,0,0,0,0,0
2024-10-14 03:30,0,0,0,0,0,0
2024-10-14 03:45,4,0,4,0,0,0
2024-10-14 04:00,3,1,2,0,0,0
2024-10-14 04:15,0,0,0,0,0,0
2024-10-14 04:30,4,2,2,0,0,0
2024-10-14 04:45,2,2,0,0,0,0
2024-10-14 05:00,6,4,2,0,0,0
2024-10-14 05:15,8,3,5,0,0,0
2024-10-14 05:30,23,7,16,0,0,0
2024-10-14 05:45,26,8,18,0,0,0
2024-10-14 06:00,24,7,17,0,0,0
2024-10-14 06:15,36,18,18,0,0,0
2024-10-14 06:30,49,17,32,0,0,0
2024-10-14 06:45,64,29,35,0,0,0
2024-10-14 07:00,93,28,65,0,0,0
2024-10-14 07:15,119,38,81,0,0,0
2024-10-14 07:30,176,45,131,0,0,0
2024-10-14 07:45,207,43,164,0,0,0
2024-10-14 08:00,184,53,131,0,0,0
2024-10-14 08:15,150,45,105,0,0,0
2024-10-14 08:30,158,52,106,0,0,0
2024-10-14 08:45,180,54,126,0,0,0
2024-10-14 09:00,116,36,80,0,0,0
2024-10-14 09:15,114,41,73,0,0,0
2024-10-14 09:30,149,34,115,0,0,0
2024-10-14 09:45,208,43,165,0,0,0
2024-10-14 10:00,160,45,115,0,0,0
2024-10-14 10:15,95,43,52,0,0,0
2024-10-14 10:30,103,38,65,0,0,0
2024-10-14 10:45,127,46,81,0,0,0
2024-10-14 11:00,110,36,74,0,0,0
2024-10-14 11:15,129,55,74,0,0,0
2024-10-14 11:30,123,35,88,0,0,0
2024-10-14 11:45,193,54,139,0,0,0
2024-10-14 12:00,153,56,97,0,0,0
2024-10-14 12:15,122,55,67,0,0,0
2024-10-14 12:30,111,53,58,0,0,0
2024-10-14 12:45,142,61,81,0,0,0
2024-10-14 13:00,143,82,61,0,0,0
2024-10-14 13:15,136,79,57,0,0,0
2024-10-14 13:30,126,56,70,0,0,0
2024-10-14 13:45,170,69,101,0,0,0
2024-10-14 14:00,142,77,65,0,0,0
2024-10-14 14:15,132,77,55,0,0,0
2024-10-14 14:30,143,71,72,0,0,0
2024-10-14 14:45,177,76,101,0,0,0
2024-10-14 15:00,164,94,70,0,0,0
2024-10-14 15:15,159,95,64,0,0,0
2024-10-14 15:30,180,80,100,0,0,0
2024-10-14 15:45,237,117,120,0,0,0
2024-10-14 16:00,244,145,99,0,0,0
2024-10-14 16:15,215,125,90,0,0,0
2024-10-14 16:30,224,113,111,0,0,0
2024-10-14 16:45,207,114,93,0,0,0
2024-10-14 17:00,224,133,91,0,0,0
2024-10-14 17:15,228,116,112,0,0,0
2024-10-14 17:30,201,122,79,0,0,0
2024-10-14 17:45,225,121,104,0,0,0
2024-10-14 18:00,259,161,98,0,0,0
2024-10-14 18:15,192,111,81,0,0,0
2024-10-14 18:30,147,78,69,0,0,0
2024-10-14 18:45,186,107,79,0,0,0
2024-10-14 19:00,159,86,73,0,0,0
2024-10-14 19:15,158,87,71,0,0,0
2024-10-14 19:30,93,47,46,0,0,0
2024-10-14 19:45,125,82,43,0,0,0
2024-10-14 20:00,101,58,43,0,0,0
2024-10-14 20:15,90,49,41,0,0,0
2024-10-14 20:30,84,51,33,0,0,0
2024-10-14 20:45,59,31,28,0,0,0
2024-10-14 21:00,52,39,13,0,0,0
2024-10-14 21:15,39,20,19,0,0,0
2024-10-14 21:30,51,31,20,0,0,0
2024-10-14 21:45,52,31,21,0,0,0
2024-10-14 22:00,58,28,30,0,0,0
2024-10-14 22:15,50,21,29,0,0,0
2024-10-14 22:30,51,29,22,0,0,0
2024-10-14 22:45,43,22,21,0,0,0
2024-10-14 23:00,46,27,19,0,0,0
2024-10-14 23:15,47,17,30,0,0,0
2024-10-14 23:30,22,11,11,0,0,0
2024-10-14 23:45,14,6,8,0,0,0
2024-10-15 00:00,13,8,5,0,0,0
2024-10-15 00:15,15,8,7,0,0,0
2024-10-15 00:30,11,3,8,0,0,0
2024-10-15 00:45,8,4,4,0,0,0
2024-10-15 01:00,3,1,2,0,0,0
2024-10-15 01:15,3,3,0,0,0,0
2024-10-15 01:30,3,2,1,0,0,0
2024-10-15 01:45,4,2,2,0,0,0
2024-10-15 02:00,3,1,2,0,0,0
2024-10-15 02:15,2,2,0,0,0,0
2024-10-15 02:30,0,0,0,0,0,0
2024-10-15 02:45,1,1,0,0,0,0
2024-10-15 03:00,1,0,1,0,0,0
2024-10-15 03:15,2,0,2,0,0,0
2024-10-15 03:30,0,0,0,0,0,0
2024-10-15 03:45,3,2,1,0,0,0
2024-10-15 04:00,3,2,1,0,0,0
2024-10-15 04:15,2,1,1,0,0,0
2024-10-15 04:30,3,0,3,0,0,0
2024-10-15 04:45,1,1,0,0,0,0
2024-10-15 05:00,5,2,3,0,0,0
2024-10-15 05:15,12,3,9,0,0,0
2024-10-15 05:30,18,5,13,0,0,0
2024-10-15 05:45,24,9,15,0,0,0
2024-10-15 06:00,24,10,14,0,0,0
2024-10-15 06:15,50,22,28,0,0,0
2024-10-15 06:30,43,14,29,0,0,0
2024-10-15 06:45,66,35,31,0,0,0
2024-10-15 07:00,97,32,65,0,0,0
2024-10-15 07:15,105,33,72,0,0,0
2024-10-15 07:30,181,48,133,0,0,0
2024-10-15 07:45,266,66,200,0,0,0
2024-10-15 08:00,231,57,174,0,0,0
2024-10-15 08:15,188,58,130,0,0,0
2024-10-15 08:30,179,56,123,0,0,0
2024-10-15 08:45,183,55,128,0,0,0
2024-10-15 09:00,122,39,83,0,0,0
2024-10-15 09:15,108,29,79,0,0,0
2024-10-15 09:30,148,38,110,0,0,0
2024-10-15 09:45,255,58,197,0,0,0
2024-10-15 10:00,150,48,102,0,0,0
2024-10-15 10:15,109,36,73,0,0,0
2024-10-15 10:30,103,33,70,0,0,0
2024-10-15 10:45,109,37,72,0,0,0
2024-10-15 11:00,141,59,82,0,0,0
2024-10-15 11:15,102,48,54,0,0,0
2024-10-15 11:30,125,45,80,0,0,0
2024-10-15 11:45,177,57,120,0,0,0
2024-10-15 12:00,175,74,101,0,0,0
2024-10-15 12:15,147,76,71,0,0,0
2024-10-15 12:30,145,67,78,0,0,0
2024-10-15 12:45,140,64,76,0,0,0
2024-10-15 13:00,152,77,75,0,0,0
2024-10-15 13:15,140,78,62,0,0,0
2024-10-15 13:30,143,63,80,0,0,0
2024-10-15 13:45,199,94,105,0,0,0
2024-10-15 14:00,178,85,93,0,0,0
2024-10-15 14:15,157,87,70,0,0,0
2024-10-15 14:30,137,65,72,0,0,0
2024-10-15 14:45,154,75,79,0,0,0
2024-10-15 15:00,176,103,73,0,0,0
2024-10-15 15:15,168,85,83,0,0,0
2024-10-15 15:30,173,92,81,0,0,0
2024-10-15 15:45,292,144,148,0,0,0
2024-10-15 16:00,233,129,104,0,0,0
2024-10-15 16:15,227,131,96,0,0,0
2024-10-15 16:30,213,114,99,0,0,0
2024-10-15 16:45,245,138,107,0,0,0
2024-10-15 17:00,243,124,119,0,0,0
2024-10-15 17:15,239,128,111,0,0,0
2024-10-15 17:30,214,122,92,0,0,0
2024-10-15 17:45,264,156,108,0,0,0
2024-10-15 18:00,255,168,87,0,0,0
2024-10-15 18:15,248,159,89,0,0,0
2024-10-15 18:30,177,109,68,0,0,0
2024-10-15 18:45,187,101,86,0,0,0
2024-10-15 19:00,165,86,79,0,0,0
2024-10-15 19:15,146,77,69,0,0,0
2024-10-15 19:30,146,89,57,0,0,0
2024-10-15 19:45,179,105,74,0,0,0
2024-10-15 20:00,136,82,54,0,0,0
2024-10-15 20:15,95,46,49,0,0,0
2024-10-15 20:30,73,39,34,0,0,0
2024-10-15 20:45,82,40,42,0,0,0
2024-10-15 21:00,71,32,39,0,0,0
2024-10-15 21:15,67,33,34,0,0,0
2024-10-15 21:30,53,26,27,0,0,0
2024-10-15 21:45,65,37,28,0,0,0
2024-10-15 22:00,59,28,31,0,0,0
2024-10-15 22:15,64,30,34,0,0,0
2024-10-15 22:30,99,36,63,0,0,0
2024-10-15 22:45,53,29,24,0,0,0
2024-10-15 23:00,27,17,10,0,0,0
2024-10-15 23:15,29,8,21,0,0,0
2024-10-15 23:30,34,19,15,0,0,0
2024-10-15 23:45,19,17,2,0,0,0
2024-10-16 00:00,20,7,13,0,0,0
2024-10-16 00:15,13,7,6,0,0,0
2024-10-16 00:30,12,6,6,0,0,0
2024-10-16 00:45,15,8,7,0,0,0
2024-10-16 01:00,8,5,3,0,0,0
2024-10-16 01:15,3,1,2,0,0,0
2024-10-16 01:30,7,2,5,0,0,0
2024-10-16 01:45,5,1,4,0,0,0
2024-10-16 02:00,4,3,1,0,0,0
2024-10-16 02:15,1,1,0,0,0,0
2024-10-16 02:30,0,0,0,0,0,0
2024-10-16 02:45,2,2,0,0,0,0
2024-10-16 03:00,2,2,0,0,0,0
2024-10-16 03:15,5,1,4,0,0,0
2024-10-16 03:30,3,3,0,0,0,0
2024-10-16 03:45,0,0,0,0,0,0
2024-10-16 04:00,1,0,1,0,0,0
2024-10-16 04:15,2,2,0,0,0,0
2024-10-16 04:30,5,2,3,0,0,0
2024-10-16 04:45,3,1,2,0,0,0
2024-10-16 05:00,5,2,3,0,0,0
2024-10-16 05:15,10,4,6,0,0,0
2024-10-16 05:30,16,5,11,0,0,0
2024-10-16 05:45,24,7,17,0,0,0
2024-10-16 06:00,27,9,18,0,0,0
2024-10-16 06:15,45,19,26,0,0,0
2024-10-16 06:30,60,23,37,0,0,0
2024-10-16 06:45,65,24,41,0,0,0
2024-10-16 07:00,90,32,58,0,0,0
2024-10-16 07:15,104,36,68,0,0,0
2024-10-16 07:30,165,41,124,0,0,0
2024-10-16 07:45,301,77,224,0,0,0
2024-10-16 08:00,220,56,164,0,0,0
2024-10-16 08:15,189,56,133,0,0,0
2024-10-16 08:30,182,51,131,0,0,0
2024-10-16 08:45,172,43,129,0,0,0
2024-10-16 09:00,147,53,94,0,0,0
2024-10-16 09:15,116,36,80,0,0,0
2024-10-16 09:30,156,29,127,0,0,0
2024-10-16 09:45,223,51,172,0,0,0
2024-10-16 10:00,155,40,115,0,0,0
2024-10-16 10:15,150,52,98,0,0,0
2024-10-16 10:30,143,46,97,0,0,0
2024-10-16 10:45,161,42,119,0,0,0
2024-10-16 11:00,135,44,91,0,0,0
2024-10-16 11:15,124,46,78,0,0,0
2024-10-16 11:30,166,54,112,0,0,0
2024-10-16 11:45,214,88,126,0,0,0
2024-10-16 12:00,198,72,126,0,0,0
2024-10-16 12:15,175,73,102,0,0,0
2024-10-16 12:30,163,86,77,0,0,0
2024-10-16 12:45,153,70,83,0,0,0
2024-10-16 13:00,169,96,73,0,0,0
2024-10-16 13:15,173,101,72,0,0,0
2024-10-16 13:30,160,83,77,0,0,0
2024-10-16 13:45,179,85,94,0,0,0
2024-10-16 14:00,228,135,93,0,0,0
2024-10-16 14:15,168,89,79,0,0,0
2024-10-16 14:30,148,96,52,0,0,0
2024-10-16 14:45,169,100,69,0,0,0
2024-10-16 15:00,154,77,77,0,0,0
2024-10-16 15:15,167,84,83,0,0,0
2024-10-16 15:30,188,98,90,0,0,0
2024-10-16 15:45,254,152,102,0,0,0
2024-10-16 16:00,219,133,86,0,0,0
2024-10-16 16:15,245,140,105,0,0,0
2024-10-16 16:30,235,121,114,0,0,0
2024-10-16 16:45,231,113,118,0,0,0
2024-10-16 17:00,234,115,119,0,0,0
2024-10-16 17:15,255,151,104,0,0,0
2024-10-16 17:30,244,150,94,0,0,0
2024-10-16 17:45,246,135,111,0,0,0
2024-10-16 18:00,233,151,82,0,0,0
2024-10-16 18:15,249,140,109,0,0,0
2024-10-16 18:30,201,126,75,0,0,0
2024-10-16 18:45,192,109,83,0,0,0
2024-10-16 19:00,160,86,74,0,0,0
2024-10-16 19:15,186,109,77,0,0,0
2024-10-16 19:30,134,68,66,0,0,0
2024-10-16 19:45,146,78,68,0,0,0
2024-10-16 20:00,139,77,62,0,0,0
2024-10-16 20:15,100,61,39,0,0,0
2024-10-16 20:30,91,53,38,0,0,0
2024-10-16 20:45,107,63,44,0,0,0
2024-10-16 21:00,83,46,37,0,0,0
2024-10-16 21:15,91,42,49,0,0,0
2024-10-16 21:30,83,50,33,0,0,0
2024-10-16 21:45,83,42,41,0,0,0
2024-10-16 22:00,95,46,49,0,0,0
2024-10-16 22:15,72,35,37,0,0,0
2024-10-16 22:30,76,46,30,0,0,0
2024-10-16 22:45,91,47,44,0,0,0
2024-10-16 23:00,81,38,43,0,0,0
2024-10-16 23:15,47,22,25,0,0,0
2024-10-16 23:30,62,31,31,0,0,0
2024-10-16 23:45,38,19,19,0,0,0
2024-10-17 00:00,57,25,32,0,0,0
2024-10-17 00:15,34,15,19,0,0,0
2024-10-17 00:30,26,13,13,0,0,0
2024-10-17 00:45,19,12,7,0,0,0
2024-10-17 01:00,32,8,24,0,0,0
2024-10-17 01:15,23,13,10,0,0,0
2024-10-17 01:30,14,10,4,0,0,0
2024-10-17 01:45,13,9,4,0,0,0
2024-10-17 02:00,18,10,8,0,0,0
2024-10-17 02:15,15,8,7,0,0,0
2024-10-17 02:30,12,7,5,0,0,0
2024-10-17 02:45,14,10,4,0,0,0
2024-10-17 03:00,13,9,4,0,0,0
2024-10-17 03:15,20,7,13,0,0,0
2024-10-17 03:30,10,2,8,0,0,0
2024-10-17 03:45,9,6,3,0,0,0
2024-10-17 04:00,6,0,6,0,0,0
2024-10-17 04:15,3,2,1,0,0,0
2024-10-17 04:30,6,2,4,0,0,0
2024-10-17 04:45,6,3,3,0,0,0
2024-10-17 05:00,5,4,1,0,0,0
2024-10-17 05:15,8,2,6,0,0,0
2024-10-17 05:30,21,7,14,0,0,0
2024-10-17 05:45,24,8,16,0,0,0
2024-10-17 06:00,18,3,15,0,0,0
2024-10-17 06:15,39,14,25,0,0,0
2024-10-17 06:30,58,19,39,0,0,0
2024-10-17 06:45,63,27,36,0,0,0
2024-10-17 07:00,84,25,59,0,0,0
2024-10-17 07:15,99,30,69,0,0,0
2024-10-17 07:30,161,44,117,0,0,0
2024-10-17 07:45,281,67,214,0,0,0
2024-10-17 08:00,214,53,161,0,0,0
2024-10-17 08:15,173,60,113,0,0,0
2024-10-17 08:30,146,32,114,0,0,0
2024-10-17 08:45,173,52,121,0,0,0
2024-10-17 09:00,121,44,77,0,0,0
2024-10-17 09:15,98,40,58,0,0,0
2024-10-17 09:30,134,26,108,0,0,0
2024-10-17 09:45,210,46,164,0,0,0
2024-10-17 10:00,167,47,120,0,0,0
2024-10-17 10:15,101,35,66,0,0,0
2024-10-17 10:30,103,35,68,0,0,0
2024-10-17 10:45,115,41,74,0,0,0
2024-10-17 11:00,109,46,63,0,0,0
2024-10-17 11:15,133,54,79,0,0,0
2024-10-17 11:30,153,65,88,0,0,0
2024-10-17 11:45,199,66,133,0,0,0
2024-10-17 12:00,156,72,84,0,0,0
2024-10-17 12:15,154,78,76,0,0,0
2024-10-17 12:30,128,60,68,0,0,0
2024-10-17 12:45,148,71,77,0,0,0
2024-10-17 13:00,161,76,85,0,0,0
2024-10-17 13:15,132,60,72,0,0,0
2024-10-17 13:30,136,67,69,0,0,0
2024-10-17 13:45,180,83,97,0,0,0
2024-10-17 14:00,176,86,90,0,0,0
2024-10-17 14:15,169,104,65,0,0,0
2024-10-17 14:30,153,85,68,0,0,0
2024-10-17 14:45,176,96,80,0,0,0
2024-10-17 15:00,171,86,85,0,0,0
2024-10-17 15:15,175,97,78,0,0,0
2024-10-17 15:30,197,96,101,0,0,0
2024-10-17 15:45,239,114,125,0,0,0
2024-10-17 16:00,230,126,104,0,0,0
2024-10-17 16:15,269,159,110,0,0,0
2024-10-17 16:30,240,124,116,0,0,0
2024-10-17 16:45,214,109,105,0,0,0
2024-10-17 17:00,215,111,104,0,0,0
2024-10-17 17:15,256,137,119,0,0,0
2024-10-17 17:30,219,131,88,0,0,0
2024-10-17 17:45,266,149,117,0,0,0
2024-10-17 18:00,245,160,85,0,0,0
2024-10-17 18:15,164,93,71,0,0,0
2024-10-17 18:30,190,100,90,0,0,0
2024-10-17 18:45,204,103,101,0,0,0
2024-10-17 19:00,159,72,87,0,0,0
2024-10-17 19:15,146,76,70,0,0,0
2024-10-17 19:30,128,68,60,0,0,0
2024-10-17 19:45,127,72,55,0,0,0
2024-10-17 20:00,106,59,47,0,0,0
2024-10-17 20:15,92,45,47,0,0,0
2024-10-17 20:30,74,47,27,0,0,0
2024-10-17 20:45,89,51,38,0,0,0
2024-10-17 21:00,69,45,24,0,0,0
2024-10-17 21:15,63,35,28,0,0,0
2024-10-17 21:30,52,27,25,0,0,0
2024-10-17 21:45,55,29,26,0,0,0
2024-10-17 22:00,53,35,18,0,0,0
2024-10-17 22:15,68,39,29,0,0,0
2024-10-17 22:30,82,58,24,0,0,0
2024-10-17 22:45,59,33,26,0,0,0
2024-10-17 23:00,38,20,18,0,0,0
2024-10-17 23:15,43,21,22,0,0,0
2024-10-17 23:30,32,17,15,0,0,0
2024-10-17 23:45,35,17,18,0,0,0
2024-10-18 00:00,24,11,13,0,0,0
2024-10-18 00:15,14,8,6,0,0,0
2024-10-18 00:30,12,7,5,0,0,0
2024-10-18 00:45,12,8,4,0,0,0
2024-10-18 01:00,13,8,5,0,0,0
2024-10-18 01:15,6,5,1,0,0,0
2024-10-18 01:30,7,5,2,0,0,0
2024-10-18 01:45,7,2,5,0,0,0
2024-10-18 02:00,9,4,5,0,0,0
2024-10-18 02:15,6,5,1,0,0,0
2024-10-18 02:30,4,4,0,0,0,0
2024-10-18 02:45,5,2,3,0,0,0
2024-10-18 03:00,1,1,0,0,0,0
2024-10-18 03:15,1,0,1,0,0,0
2024-10-18 03:30,0,0,0,0,0,0
2024-10-18 03:45,2,0,2,0,0,0
2024-10-18 04:00,2,1,1,0,0,0
2024-10-18 04:15,4,2,2,0,0,0
2024-10-18 04:30,2,1,1,0,0,0
2024-10-18 04:45,1,1,0,0,0,0
2024-10-18 05:00,6,6,0,0,0,0
2024-10-18 05:15,13,8,5,0,0,0
2024-10-18 05:30,17,5,12,0,0,0
2024-10-18 05:45,15,5,10,0,0,0
2024-10-18 06:00,24,5,19,0,0,0
2024-10-18 06:15,36,11,25,0,0,0
2024-10-18 06:30,48,15,33,0,0,0
2024-10-18 06:45,49,19,30,0,0,0
2024-10-18 07:00,68,25,43,0,0,0
2024-10-18 07:15,76,22,54,0,0,0
2024-10-18 07:30,146,38,108,0,0,0
2024-10-18 07:45,192,47,145,0,0,0
2024-10-18 08:00,159,43,116,0,0,0
2024-10-18 08:15,143,46,97,0,0,0
2024-10-18 08:30,138,43,95,0,0,0
2024-10-18 08:45,185,51,134,0,0,0
2024-10-18 09:00,125,32,93,0,0,0
2024-10-18 09:15,119,43,76,0,0,0
2024-10-18 09:30,134,41,93,0,0,0
2024-10-18 09:45,182,52,130,0,0,0
2024-10-18 10:00,151,43,108,0,0,0
2024-10-18 10:15,138,59,79,0,0,0
2024-10-18 10:30,113,42,71,0,0,0
2024-10-18 10:45,148,48,100,0,0,0
2024-10-18 11:00,131,52,79,0,0,0
2024-10-18 11:15,131,66,65,0,0,0
2024-10-18 11:30,163,54,109,0,0,0
2024-10-18 11:45,203,76,127,0,0,0
2024-10-18 12:00,188,100,88,0,0,0
2024-10-18 12:15,182,98,84,0,0,0
2024-10-18 12:30,162,78,84,0,0,0
2024-10-18 12:45,166,78,88,0,0,0
2024-10-18 13:00,161,84,77,0,0,0
2024-10-18 13:15,184,99,85,0,0,0
2024-10-18 13:30,180,94,86,0,0,0
2024-10-18 13:45,194,96,98,0,0,0
2024-10-18 14:00,187,85,102,0,0,0
2024-10-18 14:15,209,114,95,0,0,0
2024-10-18 14:30,178,99,79,0,0,0
2024-10-18 14:45,187,94,93,0,0,0
2024-10-18 15:00,189,107,82,0,0,0
2024-10-18 15:15,186,102,84,0,0,0
2024-10-18 15:30,208,105,103,0,0,0
2024-10-18 15:45,197,106,91,0,0,0
2024-10-18 16:00,213,111,102,0,0,0
2024-10-18 16:15,230,136,94,0,0,0
2024-10-18 16:30,196,115,81,0,0,0
2024-10-18 16:45,212,95,117,0,0,0
2024-10-18 17:00,193,111,82,0,0,0
2024-10-18 17:15,199,107,92,0,0,0
2024-10-18 17:30,204,111,93,0,0,0
2024-10-18 17:45,211,132,79,0,0,0
2024-10-18 18:00,188,110,78,0,0,0
2024-10-18 18:15,179,98,81,0,0,0
2024-10-18 18:30,184,106,78,0,0,0
2024-10-18 18:45,186,97,89,0,0,0
2024-10-18 19:00,190,108,82,0,0,0
2024-10-18 19:15,168,112,56,0,0,0
2024-10-18 19:30,141,90,51,0,0,0
2024-10-18 19:45,145,87,58,0,0,0
2024-10-18 20:00,129,73,56,0,0,0
2024-10-18 20:15,134,76,58,0,0,0
2024-10-18 20:30,85,49,36,0,0,0
2024-10-18 20:45,82,39,43,0,0,0
2024-10-18 21:00,76,36,40,0,0,0
2024-10-18 21:15,75,48,27,0,0,0
2024-10-18 21:30,59,29,30,0,0,0
2024-10-18 21:45,73,40,33,0,0,0
2024-10-18 22:00,66,38,28,0,0,0
2024-10-18 22:15,78,34,44,0,0,0
2024-10-18 22:30,99,29,70,0,0,0
2024-10-18 22:45,112,35,77,0,0,0
2024-10-18 23:00,75,38,37,0,0,0
2024-10-18 23:15,62,20,42,0,0,0
2024-10-18 23:30,47,24,23,0,0,0
2024-10-18 23:45,63,27,36,0,0,0
2024-10-19 00:00,66,34,32,0,0,0
2024-10-19 00:15,46,22,24,0,0,0
2024-10-19 00:30,66,38,28,0,0,0
2024-10-19 00:45,47,25,22,0,0,0
2024-10-19 01:00,45,22,23,0,0,0
2024-10-19 01:15,18,8,10,0,0,0
2024-10-19 01:30,34,20,14,0,0,0
2024-10-19 01:45,34,16,18,0,0,0
2024-10-19 02:00,27,14,13,0,0,0
2024-10-19 02:15,17,11,6,0,0,0
2024-10-19 02:30,26,17,9,0,0,0
2024-10-19 02:45,17,5,12,0,0,0
2024-10-19 03:00,21,5,16,0,0,0
2024-10-19 03:15,19,5,14,0,0,0
2024-10-19 03:30,14,6,8,0,0,0
2024-10-19 03:45,17,7,10,0,0,0
2024-10-19 04:00,16,8,8,0,0,0
2024-10-19 04:15,20,5,15,0,0,0
2024-10-19 04:30,6,2,4,0,0,0
2024-10-19 04:45,9,3,6,0,0,0
2024-10-19 05:00,10,7,3,0,0,0
2024-10-19 05:15,9,4,5,0,0,0
2024-10-19 05:30,12,1,11,0,0,0
2024-10-19 05:45,5,1,4,0,0,0
2024-10-19 06:00,4,2,2,0,0,0
2024-10-19 06:15,11,1,10,0,0,0
2024-10-19 06:30,9,1,8,0,0,0
2024-10-19 06:45,7,2,5,0,0,0
2024-10-19 07:00,12,7,5,0,0,0
2024-10-19 07:15,12,3,9,0,0,0
2024-10-19 07:30,23,8,15,0,0,0
2024-10-19 07:45,20,5,15,0,0,0
2024-10-19 08:00,22,11,11,0,0,0
2024-10-19 08:15,25,10,15,0,0,0
2024-10-19 08:30,37,15,22,0,0,0
2024-10-19 08:45,62,10,52,0,0,0
2024-10-19 09:00,43,20,23,0,0,0
2024-10-19 09:15,77,28,49,0,0,0
2024-10-19 09:30,51,14,37,0,0,0
2024-10-19 09:45,106,32,74,0,0,0
2024-10-19 10:00,84,28,56,0,0,0
2024-10-19 10:15,94,32,62,0,0,0
2024-10-19 10:30,103,34,69,0,0,0
2024-10-19 10:45,139,40,99,0,0,0
2024-10-19 11:00,124,39,85,0,0,0
2024-10-19 11:15,100,32,68,0,0,0
2024-10-19 11:30,117,64,53,0,0,0
2024-10-19 11:45,143,59,84,0,0,0
2024-10-19 12:00,111,59,52,0,0,0
2024-10-19 12:15,105,40,65,0,0,0
2024-10-19 12:30,95,36,59,0,0,0
2024-10-19 12:45,115,50,65,0,0,0
2024-10-19 13:00,102,56,46,0,0,0
2024-10-19 13:15,92,38,54,0,0,0
2024-10-19 13:30,112,52,60,0,0,0
2024-10-19 13:45,98,46,52,0,0,0
2024-10-19 14:00,124,72,52,0,0,0
2024-10-19 14:15,71,45,26,0,0,0
2024-10-19 14:30,89,45,44,0,0,0
2024-10-19 14:45,112,60,52,0,0,0
2024-10-19 15:00,122,72,50,0,0,0
2024-10-19 15:15,113,55,58,0,0,0
2024-10-19 15:30,138,50,88,0,0,0
2024-10-19 15:45,105,49,56,0,0,0
2024-10-19 16:00,110,59,51,0,0,0
2024-10-19 16:15,113,55,58,0,0,0
2024-10-19 16:30,116,61,55,0,0,0
2024-10-19 16:45,119,50,69,0,0,0
2024-10-19 17:00,135,77,58,0,0,0
2024-10-19 17:15,107,59,48,0,0,0
2024-10-19 17:30,131,77,54,0,0,0
2024-10-19 17:45,136,94,42,0,0,0
2024-10-19 18:00,136,77,59,0,0,0
2024-10-19 18:15,99,58,41,0,0,0
2024-10-19 18:30,148,95,53,0,0,0
2024-10-19 18:45,129,66,63,0,0,0
2024-10-19 19:00,102,56,46,0,0,0
2024-10-19 19:15,93,51,42,0,0,0
2024-10-19 19:30,108,52,56,0,0,0
2024-10-19 19:45,111,65,46,0,0,0
2024-10-19 20:00,73,40,33,0,0,0
2024-10-19 20:15,62,29,33,0,0,0
2024-10-19 20:30,73,32,41,0,0,0
2024-10-19 20:45,58,35,23,0,0,0
2024-10-19 21:00,52,25,27,0,0,0
2024-10-19 21:15,52,31,21,0,0,0
2024-10-19 21:30,52,28,24,0,0,0
2024-10-19 21:45,57,25,32,0,0,0
2024-10-19 22:00,59,42,17,0,0,0
2024-10-19 22:15,72,35,37,0,0,0
2024-10-19 22:30,67,35,32,0,0,0
2024-10-19 22:45,52,21,31,0,0,0
2024-10-19 23:00,62,32,30,0,0,0
2024-10-19 23:15,50,30,20,0,0,0
2024-10-19 23:30,43,19,24,0,0,0
2024-10-19 23:45,39,25,14,0,0,0
2024-10-20 00:00,48,22,26,0,0,0
2024-10-20 00:15,47,23,24,0,0,0
2024-10-20 00:30,51,24,27,0,0,0
2024-10-20 00:45,41,25,16,0,0,0
2024-10-20 01:00,40,21,19,0,0,0
2024-10-20 01:15,51,33,18,0,0,0
2024-10-20 01:30,13,4,9,0,0,0
2024-10-20 01:45,25,15,10,0,0,0
2024-10-20 02:00,26,14,12,0,0,0
2024-10-20 02:15,19,9,10,0,0,0
2024-10-20 02:30,19,10,9,0,0,0
2024-10-20 02:45,14,6,8,0,0,0
2024-10-20 03:00,16,10,6,0,0,0
2024-10-20 03:15,25,11,14,0,0,0
2024-10-20 03:30,20,4,16,0,0,0
2024-10-20 03:45,14,7,7,0,0,0
2024-10-20 04:00,9,6,3,0,0,0
2024-10-20 04:15,8,3,5,0,0,0
2024-10-20 04:30,18,6,12,0,0,0
2024-10-20 04:45,11,6,5,0,0,0
2024-10-20 05:00,3,1,2,0,0,0
2024-10-20 05:15,10,3,7,0,0,0
2024-10-20 05:30,9,3,6,0,0,0
2024-10-20 05:45,4,0,4,0,0,0
2024-10-20 06:00,9,4,5,0,0,0
2024-10-20 06:15,6,4,2,0,0,0
2024-10-20 06:30,8,0,8,0,0,0
2024-10-20 06:45,7,2,5,0,0,0
2024-10-20 07:00,4,1,3,0,0,0
2024-10-20 07:15,6,1,5,0,0,0
2024-10-20 07:30,3,2,1,0,0,0
2024-10-20 07:45,6,1,5,0,0,0
2024-10-20 08:00,14,7,7,0,0,0
2024-10-20 08:15,10,5,5,0,0,0
2024-10-20 08:30,16,6,10,0,0,0
2024-10-20 08:45,22,12,10,0,0,0
2024-10-20 09:00,15,7,8,0,0,0
2024-10-20 09:15,29,10,19,0,0,0
2024-10-20 09:30,33,18,15,0,0,0
2024-10-20 09:45,83,29,54,0,0,0
2024-10-20 10:00,52,22,30,0,0,0
2024-10-20 10:15,55,24,31,0,0,0
2024-10-20 10:30,64,27,37,0,0,0
2024-10-20 10:45,53,22,31,0,0,0
2024-10-20 11:00,59,22,37,0,0,0
2024-10-20 11:15,73,30,43,0,0,0
2024-10-20 11:30,74,39,35,0,0,0
2024-10-20 11:45,60,26,34,0,0,0
2024-10-20 12:00,75,36,39,0,0,0
2024-10-20 12:15,93,36,57,0,0,0
2024-10-20 12:30,86,33,53,0,0,0
2024-10-20 12:45,91,45,46,0,0,0
2024-10-20 13:00,101,52,49,0,0,0
2024-10-20 13:15,91,42,49,0,0,0
2024-10-20 13:30,102,48,54,0,0,0
2024-10-20 13:45,100,34,66,0,0,0
2024-10-20 14:00,92,50,42,0,0,0
2024-10-20 14:15,134,58,76,0,0,0
2024-10-20 14:30,104,47,57,0,0,0
2024-10-20 14:45,136,57,79,0,0,0
2024-10-20 15:00,97,41,56,0,0,0
2024-10-20 15:15,130,78,52,0,0,0
2024-10-20 15:30,121,66,55,0,0,0
2024-10-20 15:45,118,56,62,0,0,0
2024-10-20 16:00,111,62,49,0,0,0
2024-10-20 16:15,86,52,34,0,0,0
2024-10-20 16:30,83,40,43,0,0,0
2024-10-20 16:45,128,62,66,0,0,0
2024-10-20 17:00,96,53,43,0,0,0
2024-10-20 17:15,135,67,68,0,0,0
2024-10-20 17:30,101,45,56,0,0,0
2024-10-20 17:45,114,72,42,0,0,0
2024-10-20 18:00,104,54,50,0,0,0
2024-10-20 18:15,102,49,53,0,0,0
2024-10-20 18:30,109,47,62,0,0,0
2024-10-20 18:45,79,35,44,0,0,0
2024-10-20 19:00,76,43,33,0,0,0
2024-10-20 19:15,72,28,44,0,0,0
2024-10-20 19:30,74,32,42,0,0,0
2024-10-20 19:45,71,37,34,0,0,0
2024-10-20 20:00,75,28,47,0,0,0
2024-10-20 20:15,70,36,34,0,0,0
2024-10-20 20:30,53,30,23,0,0,0
2024-10-20 20:45,80,28,52,0,0,0
2024-10-20 21:00,50,22,28,0,0,0
2024-10-20 21:15,55,34,21,0,0,0
2024-10-20 21:30,32,16,16,0,0,0
2024-10-20 21:45,43,26,17,0,0,0
2024-10-20 22:00,50,21,29,0,0,0
2024-10-20 22:15,32,14,18,0,0,0
2024-10-20 22:30,31,13,18,0,0,0
2024-10-20 22:45,16,6,10,0,0,0
2024-10-20 23:00,24,17,7,0,0,0
2024-10-20 23:15,27,11,16,0,0,0
2024-10-20 23:30,9,5,4,0,0,0
2024-10-20 23:45,11,4,7,0,0,0
2024-10-21 00:00,7,2,5,0,0,0
2024-10-21 00:15,7,2,5,0,0,0
2024-10-21 00:30,15,8,7,0,0,0
2024-10-21 00:45,5,2,3,0,0,0
2024-10-21 01:00,9,4,5,0,0,0
2024-10-21 01:15,2,0,2,0,0,0
2024-10-21 01:30,6,3,3,0,0,0
2024-10-21 01:45,2,1,1,0,0,0
2024-10-21 02:00,0,0,0,0,0,0
2024-10-21 02:15,1,1,0,0,0,0
2024-10-21 02:30,3,1,2,0,0,0
2024-10-21 02:45,1,0,1,0,0,0
2024-10-21 03:00,0,0,0,0,0,0
2024-10-21 03:15,0,0,0,0,0,0
2024-10-21 03:30,3,1,2,0,0,0
2024-10-21 03:45,2,1,1,0,0,0
2024-10-21 04:00,1,0,1,0,0,0
2024-10-21 04:15,1,1,0,0,0,0
2024-10-21 04:30,4,3,1,0,0,0
2024-10-21 04:45,1,1,0,0,0,0
2024-10-21 05:00,6,4,2,0,0,0
2024-10-21 05:15,6,2,4,0,0,0
2024-10-21 05:30,19,5,14,0,0,0
2024-10-21 05:45,22,8,14,0,0,0
2024-10-21 06:00,22,5,17,0,0,0
2024-10-21 06:15,33,13,20,0,0,0
2024-10-21 06:30,48,16,32,0,0,0
2024-10-21 06:45,78,34,44,0,0,0
2024-10-21 07:00,85,27,58,0,0,0
2024-10-21 07:15,112,35,77,0,0,0
2024-10-21 07:30,162,37,125,0,0,0
2024-10-21 07:45,244,62,182,0,0,0
2024-10-21 08:00,208,52,156,0,0,0
2024-10-21 08:15,174,51,123,0,0,0
2024-10-21 08:30,172,56,116,0,0,0
2024-10-21 08:45,182,64,118,0,0,0
2024-10-21 09:00,137,36,101,0,0,0
2024-10-21 09:15,95,32,63,0,0,0
2024-10-21 09:30,126,38,88,0,0,0
2024-10-21 09:45,173,39,134,0,0,0
2024-10-21 10:00,109,31,78,0,0,0
2024-10-21 10:15,95,37,58,0,0,0
2024-10-21 10:30,103,49,54,0,0,0
2024-10-21 10:45,86,31,55,0,0,0
2024-10-21 11:00,72,37,35,0,0,0
2024-10-21 11:15,99,35,64,0,0,0
2024-10-21 11:30,102,43,59,0,0,0
2024-10-21 11:45,167,58,109,0,0,0
2024-10-21 12:00,146,54,92,0,0,0
2024-10-21 12:15,93,46,47,0,0,0
2024-10-21 12:30,83,48,35,0,0,0
2024-10-21 12:45,95,49,46,0,0,0
2024-10-21 13:00,84,42,42,0,0,0
2024-10-21 13:15,109,65,44,0,0,0
2024-10-21 13:30,86,35,51,0,0,0
2024-10-21 13:45,124,56,68,0,0,0
2024-10-21 14:00,153,79,74,0,0,0
2024-10-21 14:15,126,62,64,0,0,0
2024-10-21 14:30,116,55,61,0,0,0
2024-10-21 14:45,148,84,64,0,0,0
2024-10-21 15:00,132,69,63,0,0,0
2024-10-21 15:15,140,60,80,0,0,0
2024-10-21 15:30,176,71,105,0,0,0
2024-10-21 15:45,202,100,102,0,0,0
2024-10-21 16:00,225,137,88,0,0,0
2024-10-21 16:15,199,120,79,0,0,0
2024-10-21 16:30,170,87,83,0,0,0
2024-10-21 16:45,215,106,109,0,0,0
2024-10-21 17:00,233,120,113,0,0,0
2024-10-21 17:15,195,108,87,0,0,0
2024-10-21 17:30,199,119,80,0,0,0
2024-10-21 17:45,256,148,108,0,0,0
2024-10-21 18:00,223,149,74,0,0,0
2024-10-21 18:15,170,102,68,0,0,0
2024-10-21 18:30,156,91,65,0,0,0
2024-10-21 18:45,182,111,71,0,0,0
2024-10-21 19:00,120,67,53,0,0,0
2024-10-21 19:15,124,70,54,0,0,0
2024-10-21 19:30,100,54,46,0,0,0
2024-10-21 19:45,118,63,55,0,0,0
2024-10-21 20:00,115,67,48,0,0,0
2024-10-21 20:15,83,39,44,0,0,0
2024-10-21 20:30,66,41,25,0,0,0
2024-10-21 20:45,56,29,27,0,0,0
2024-10-21 21:00,65,32,33,0,0,0
2024-10-21 21:15,46,27,19,0,0,0
2024-10-21 21:30,67,43,24,0,0,0
2024-10-21 21:45,33,18,15,0,0,0
2024-10-21 22:00,50,32,18,0,0,0
2024-10-21 22:15,63,35,28,0,0,0
2024-10-21 22:30,41,17,24,0,0,0
2024-10-21 22:45,42,19,23,0,0,0
2024-10-21 23:00,33,15,18,0,0,0
2024-10-21 23:15,34,19,15,0,0,0
2024-10-21 23:30,27,16,11,0,0,0
2024-10-21 23:45,13,5,8,0,0,0
2024-10-22 00:00,16,6,10,0,0,0
2024-10-22 00:15,7,3,4,0,0,0
2024-10-22 00:30,10,5,5,0,0,0
2024-10-22 00:45,6,0,6,0,0,0
2024-10-22 01:00,11,8,3,0,0,0
2024-10-22 01:15,3,3,0,0,0,0
2024-10-22 01:30,3,2,1,0,0,0
2024-10-22 01:45,4,2,2,0,0,0
2024-10-22 02:00,3,3,0,0,0,0
2024-10-22 02:15,1,1,0,0,0,0
2024-10-22 02:30,2,2,0,0,0,0
2024-10-22 02:45,1,0,1,0,0,0
2024-10-22 03:00,0,0,0,0,0,0
2024-10-22 03:15,3,0,3,0,0,0
2024-10-22 03:30,5,1,4,0,0,0
2024-10-22 03:45,0,0,0,0,0,0
2024-10-22 04:00,2,2,0,0,0,0
2024-10-22 04:15,2,2,0,0,0,0
2024-10-22 04:30,3,2,1,0,0,0
2024-10-22 04:45,1,0,1,0,0,0
2024-10-22 05:00,4,4,0,0,0,0
2024-10-22 05:15,8,4,4,0,0,0
2024-10-22 05:30,11,3,8,0,0,0
2024-10-22 05:45,24,7,17,0,0,0
2024-10-22 06:00,34,10,24,0,0,0
2024-10-22 06:15,34,11,23,0,0,0
2024-10-22 06:30,65,22,43,0,0,0
2024-10-22 06:45,78,34,44,0,0,0
2024-10-22 07:00,92,35,57,0,0,0
2024-10-22 07:15,115,27,88,0,0,0
2024-10-22 07:30,189,54,135,0,0,0
2024-10-22 07:45,242,59,183,0,0,0
2024-10-22 08:00,220,42,178,0,0,0
2024-10-22 08:15,200,57,143,0,0,0
2024-10-22 08:30,197,56,141,0,0,0
2024-10-22 08:45,204,60,144,0,0,0
2024-10-22 09:00,120,34,86,0,0,0
2024-10-22 09:15,124,44,80,0,0,0
2024-10-22 09:30,136,40,96,0,0,0
2024-10-22 09:45,245,55,190,0,0,0
2024-10-22 10:00,147,38,109,0,0,0
2024-10-22 10:15,132,38,94,0,0,0
2024-10-22 10:30,121,47,74,0,0,0
2024-10-22 10:45,125,56,69,0,0,0
2024-10-22 11:00,107,48,59,0,0,0
2024-10-22 11:15,113,49,64,0,0,0
2024-10-22 11:30,124,54,70,0,0,0
2024-10-22 11:45,189,60,129,0,0,0
2024-10-22 12:00,169,63,106,0,0,0
2024-10-22 12:15,168,85,83,0,0,0
2024-10-22 12:30,126,71,55,0,0,0
2024-10-22 12:45,147,61,86,0,0,0
2024-10-22 13:00,178,90,88,0,0,0
2024-10-22 13:15,136,66,70,0,0,0
2024-10-22 13:30,150,65,85,0,0,0
2024-10-22 13:45,197,81,116,0,0,0
2024-10-22 14:00,171,73,98,0,0,0
2024-10-22 14:15,164,90,74,0,0,0
2024-10-22 14:30,164,82,82,0,0,0
2024-10-22 14:45,162,83,79,0,0,0
2024-10-22 15:00,147,81,66,0,0,0
2024-10-22 15:15,140,68,72,0,0,0
2024-10-22 15:30,222,107,115,0,0,0
2024-10-22 15:45,231,133,98,0,0,0
2024-10-22 16:00,248,149,99,0,0,0
2024-10-22 16:15,213,130,83,0,0,0
2024-10-22 16:30,206,112,94,0,0,0
2024-10-22 16:45,266,130,136,0,0,0
2024-10-22 17:00,236,139,97,0,0,0
2024-10-22 17:15,267,133,134,0,0,0
2024-10-22 17:30,249,130,119,0,0,0
2024-10-22 17:45,294,195,99,0,0,0
2024-10-22 18:00,252,161,91,0,0,0
2024-10-22 18:15,219,139,80,0,0,0
2024-10-22 18:30,210,116,94,0,0,0
2024-10-22 18:45,209,119,90,0,0,0
2024-10-22 19:00,173,98,75,0,0,0
2024-10-22 19:15,155,75,80,0,0,0
2024-10-22 19:30,163,88,75,0,0,0
2024-10-22 19:45,131,71,60,0,0,0
2024-10-22 20:00,153,83,70,0,0,0
2024-10-22 20:15,94,46,48,0,0,0
2024-10-22 20:30,89,46,43,0,0,0
2024-10-22 20:45,83,41,42,0,0,0
2024-10-22 21:00,103,52,51,0,0,0
2024-10-22 21:15,80,47,33,0,0,0
2024-10-22 21:30,52,31,21,0,0,0
2024-10-22 21:45,88,52,36,0,0,0
2024-10-22 22:00,67,45,22,0,0,0
2024-10-22 22:15,58,33,25,0,0,0
2024-10-22 22:30,53,29,24,0,0,0
2024-10-22 22:45,36,24,12,0,0,0
2024-10-22 23:00,86,44,42,0,0,0
2024-10-22 23:15,44,30,14,0,0,0
2024-10-22 23:30,28,16,12,0,0,0
2024-10-22 23:45,27,10,17,0,0,0
2024-10-23 00:00,23,12,11,0,0,0
2024-10-23 00:15,19,7,12,0,0,0
2024-10-23 00:30,16,10,6,0,0,0
2024-10-23 00:45,9,4,5,0,0,0
2024-10-23 01:00,8,5,3,0,0,0
2024-10-23 01:15,5,2,3,0,0,0
2024-10-23 01:30,7,4,3,0,0,0
2024-10-23 01:45,1,0,1,0,0,0
2024-10-23 02:00,6,1,5,0,0,0
2024-10-23 02:15,1,1,0,0,0,0
2024-10-23 02:30,0,0,0,0,0,0
2024-10-23 02:45,2,1,1,0,0,0
2024-10-23 03:00,3,1,2,0,0,0
2024-10-23 03:15,2,0,2,0,0,0
2024-10-23 03:30,0,0,0,0,0,0
2024-10-23 03:45,4,2,2,0,0,0
2024-10-23 04:00,4,1,3,0,0,0
2024-10-23 04:15,2,1,1,0,0,0
2024-10-23 04:30,2,1,1,0,0,0
2024-10-23 04:45,0,0,0,0,0,0
2024-10-23 05:00,4,1,3,0,0,0
2024-10-23 05:15,12,4,8,0,0,0
2024-10-23 05:30,19,8,11,0,0,0
2024-10-23 05:45,26,7,19,0,0,0
2024-10-23 06:00,22,9,13,0,0,0
2024-10-23 06:15,37,12,25,0,0,0
2024-10-23 06:30,62,24,38,0,0,0
2024-10-23 06:45,88,40,48,0,0,0
2024-10-23 07:00,94,45,49,0,0,0
2024-10-23 07:15,119,34,85,0,0,0
2024-10-23 07:30,189,56,133,0,0,0
2024-10-23 07:45,262,69,193,0,0,0
2024-10-23 08:00,218,46,172,0,0,0
2024-10-23 08:15,195,66,129,0,0,0
2024-10-23 08:30,174,47,127,0,0,0
2024-10-23 08:45,184,43,141,0,0,0
2024-10-23 09:00,139,37,102,0,0,0
2024-10-23 09:15,130,36,94,0,0,0
2024-10-23 09:30,147,41,106,0,0,0
2024-10-23 09:45,259,62,197,0,0,0
2024-10-23 10:00,211,61,150,0,0,0
2024-10-23 10:15,132,46,86,0,0,0
2024-10-23 10:30,128,43,85,0,0,0
2024-10-23 10:45,157,57,100,0,0,0
2024-10-23 11:00,121,45,76,0,0,0
2024-10-23 11:15,134,60,74,0,0,0
2024-10-23 11:30,133,53,80,0,0,0
2024-10-23 11:45,228,77,151,0,0,0
2024-10-23 12:00,233,86,147,0,0,0
2024-10-23 12:15,153,65,88,0,0,0
2024-10-23 12:30,171,77,94,0,0,0
2024-10-23 12:45,177,80,97,0,0,0
2024-10-23 13:00,185,101,84,0,0,0
2024-10-23 13:15,159,82,77,0,0,0
2024-10-23 13:30,182,97,85,0,0,0
2024-10-23 13:45,227,103,124,0,0,0
2024-10-23 14:00,226,114,112,0,0,0
2024-10-23 14:15,183,101,82,0,0,0
2024-10-23 14:30,137,85,52,0,0,0
2024-10-23 14:45,163,83,80,0,0,0
2024-10-23 15:00,148,80,68,0,0,0
2024-10-23 15:15,182,110,72,0,0,0
2024-10-23 15:30,186,87,99,0,0,0
2024-10-23 15:45,260,142,118,0,0,0
2024-10-23 16:00,244,143,101,0,0,0
2024-10-23 16:15,214,118,96,0,0,0
2024-10-23 16:30,243,128,115,0,0,0
2024-10-23 16:45,213,117,96,0,0,0
2024-10-23 17:00,207,111,96,0,0,0
2024-10-23 17:15,265,154,111,0,0,0
2024-10-23 17:30,256,127,129,0,0,0
2024-10-23 17:45,278,157,121,0,0,0
2024-10-23 18:00,240,162,78,0,0,0
2024-10-23 18:15,241,149,92,0,0,0
2024-10-23 18:30,193,108,85,0,0,0
2024-10-23 18:45,207,121,86,0,0,0
2024-10-23 19:00,180,100,80,0,0,0
2024-10-23 19:15,140,78,62,0,0,0
2024-10-23 19:30,139,83,56,0,0,0
2024-10-23 19:45,136,79,57,0,0,0
2024-10-23 20:00,128,70,58,0,0,0
2024-10-23 20:15,128,69,59,0,0,0
2024-10-23 20:30,117,62,55,0,0,0
2024-10-23 20:45,97,52,45,0,0,0
2024-10-23 21:00,91,44,47,0,0,0
2024-10-23 21:15,84,51,33,0,0,0
2024-10-23 21:30,93,55,38,0,0,0
2024-10-23 21:45,87,35,52,0,0,0
2024-10-23 22:00,82,39,43,0,0,0
2024-10-23 22:15,76,51,25,0,0,0
2024-10-23 22:30,84,58,26,0,0,0
2024-10-23 22:45,58,29,29,0,0,0
2024-10-23 23:00,77,46,31,0,0,0
2024-10-23 23:15,66,35,31,0,0,0
2024-10-23 23:30,39,24,15,0,0,0
2024-10-23 23:45,32,19,13,0,0,0
2024-10-24 00:00,59,34,25,0,0,0
2024-10-24 00:15,44,28,16,0,0,0
2024-10-24 00:30,36,16,20,0,0,0
2024-10-24 00:45,32,19,13,0,0,0
2024-10-24 01:00,26,20,6,0,0,0
2024-10-24 01:15,13,6,7,0,0,0
2024-10-24 01:30,17,9,8,0,0,0
2024-10-24 01:45,28,13,15,0,0,0
2024-10-24 02:00,22,5,17,0,0,0
2024-10-24 02:15,19,9,10,0,0,0
2024-10-24 02:30,17,4,13,0,0,0
2024-10-24 02:45,20,8,12,0,0,0
2024-10-24 03:00,17,4,13,0,0,0
2024-10-24 03:15,19,2,17,0,0,0
2024-10-24 03:30,19,6,13,0,0,0
2024-10-24 03:45,21,8,13,0,0,0
2024-10-24 04:00,10,5,5,0,0,0
2024-10-24 04:15,9,0,9,0,0,0
2024-10-24 04:30,7,5,2,0,0,0
2024-10-24 04:45,5,5,0,0,0,0
2024-10-24 05:00,6,5,1,0,0,0
2024-10-24 05:15,14,7,7,0,0,0
2024-10-24 05:30,25,9,16,0,0,0
2024-10-24 05:45,28,10,18,0,0,0
2024-10-24 06:00,21,6,15,0,0,0
2024-10-24 06:15,40,16,24,0,0,0
2024-10-24 06:30,59,21,38,0,0,0
2024-10-24 06:45,76,37,39,0,0,0
2024-10-24 07:00,95,37,58,0,0,0
2024-10-24 07:15,107,42,65,0,0,0
2024-10-24 07:30,147,38,109,0,0,0
2024-10-24 07:45,221,54,167,0,0,0
2024-10-24 08:00,227,67,160,0,0,0
2024-10-24 08:15,162,68,94,0,0,0
2024-10-24 08:30,187,48,139,0,0,0
2024-10-24 08:45,179,60,119,0,0,0
2024-10-24 09:00,127,38,89,0,0,0
2024-10-24 09:15,121,39,82,0,0,0
2024-10-24 09:30,139,23,116,0,0,0
2024-10-24 09:45,206,45,161,0,0,0
2024-10-24 10:00,181,49,132,0,0,0
2024-10-24 10:15,120,48,72,0,0,0
2024-10-24 10:30,129,56,73,0,0,0
2024-10-24 10:45,113,38,75,0,0,0
2024-10-24 11:00,107,45,62,0,0,0
2024-10-24 11:15,122,44,78,0,0,0
2024-10-24 11:30,92,33,59,0,0,0
2024-10-24 11:45,196,65,131,0,0,0
2024-10-24 12:00,179,63,116,0,0,0
2024-10-24 12:15,147,77,70,0,0,0
2024-10-24 12:30,152,70,82,0,0,0
2024-10-24 12:45,170,76,94,0,0,0
2024-10-24 13:00,171,82,89,0,0,0
2024-10-24 13:15,160,83,77,0,0,0
2024-10-24 13:30,155,56,99,0,0,0
2024-10-24 13:45,215,107,108,0,0,0
2024-10-24 14:00,199,96,103,0,0,0
2024-10-24 14:15,174,86,88,0,0,0
2024-10-24 14:30,188,89,99,0,0,0
2024-10-24 14:45,210,115,95,0,0,0
2024-10-24 15:00,180,101,79,0,0,0
2024-10-24 15:15,190,101,89,0,0,0
2024-10-24 15:30,195,103,92,0,0,0
2024-10-24 15:45,278,136,142,0,0,0
2024-10-24 16:00,239,121,118,0,0,0
2024-10-24 16:15,266,166,100,0,0,0
2024-10-24 16:30,234,113,121,0,0,0
2024-10-24 16:45,245,148,97,0,0,0
2024-10-24 17:00,275,160,115,0,0,0
2024-10-24 17:15,218,117,101,0,0,0
2024-10-24 17:30,263,152,111,0,0,0
2024-10-24 17:45,281,181,100,0,0,0
2024-10-24 18:00,242,144,98,0,0,0
2024-10-24 18:15,230,129,101,0,0,0
2024-10-24 18:30,201,112,89,0,0,0
2024-10-24 18:45,221,111,110,0,0,0
2024-10-24 19:00,162,77,85,0,0,0
2024-10-24 19:15,150,81,69,0,0,0
2024-10-24 19:30,131,68,63,0,0,0
2024-10-24 19:45,160,93,67,0,0,0
2024-10-24 20:00,106,60,46,0,0,0
2024-10-24 20:15,95,48,47,0,0,0
2024-10-24 20:30,87,49,38,0,0,0
2024-10-24 20:45,83,53,30,0,0,0
2024-10-24 21:00,66,45,21,0,0,0
2024-10-24 21:15,77,39,38,0,0,0
2024-10-24 21:30,94,53,41,0,0,0
2024-10-24 21:45,74,44,30,0,0,0
2024-10-24 22:00,72,34,38,0,0,0
2024-10-24 22:15,89,45,44,0,0,0
2024-10-24 22:30,63,30,33,0,0,0
2024-10-24 22:45,50,26,24,0,0,0
2024-10-24 23:00,54,32,22,0,0,0
2024-10-24 23:15,35,15,20,0,0,0
2024-10-24 23:30,37,21,16,0,0,0
2024-10-24 23:45,25,16,9,0,0,0
2024-10-25 00:00,23,11,12,0,0,0
2024-10-25 00:15,17,7,10,0,0,0
2024-10-25 00:30,15,9,6,0,0,0
2024-10-25 00:45,5,3,2,0,0,0
2024-10-25 01:00,17,11,6,0,0,0
2024-10-25 01:15,8,3,5,0,0,0
2024-10-25 01:30,8,4,4,0,0,0
2024-10-25 01:45,6,4,2,0,0,0
2024-10-25 02:00,8,1,7,0,0,0
2024-10-25 02:15,3,2,1,0,0,0
2024-10-25 02:30,2,1,1,0,0,0
2024-10-25 02:45,0,0,0,0,0,0
2024-10-25 03:00,8,6,2,0,0,0
2024-10-25 03:15,4,2,2,0,0,0
2024-10-25 03:30,5,2,3,0,0,0
2024-10-25 03:45,2,1,1,0,0,0
2024-10-25 04:00,5,2,3,0,0,0
2024-10-25 04:15,2,1,1,0,0,0
2024-10-25 04:30,4,3,1,0,0,0
2024-10-25 04:45,3,2,1,0,0,0
2024-10-25 05:00,3,3,0,0,0,0
2024-10-25 05:15,11,3,8,0,0,0
2024-10-25 05:30,25,7,18,0,0,0
2024-10-25 05:45,25,8,17,0,0,0
2024-10-25 06:00,17,3,14,0,0,0
2024-10-25 06:15,37,10,27,0,0,0
2024-10-25 06:30,49,21,28,0,0,0
2024-10-25 06:45,55,21,34,0,0,0
2024-10-25 07:00,83,32,51,0,0,0
2024-10-25 07:15,94,35,59,0,0,0
2024-10-25 07:30,138,45,93,0,0,0
2024-10-25 07:45,199,47,152,0,0,0
2024-10-25 08:00,169,29,140,0,0,0
2024-10-25 08:15,159,44,115,0,0,0
2024-10-25 08:30,153,48,105,0,0,0
2024-10-25 08:45,175,48,127,0,0,0
2024-10-25 09:00,131,38,93,0,0,0
2024-10-25 09:15,120,47,73,0,0,0
2024-10-25 09:30,100,31,69,0,0,0
2024-10-25 09:45,206,51,155,0,0,0
2024-10-25 10:00,144,37,107,0,0,0
2024-10-25 10:15,142,51,91,0,0,0
2024-10-25 10:30,109,33,76,0,0,0
2024-10-25 10:45,149,56,93,0,0,0
2024-10-25 11:00,132,47,85,0,0,0
2024-10-25 11:15,147,75,72,0,0,0
2024-10-25 11:30,142,60,82,0,0,0
2024-10-25 11:45,190,75,115,0,0,0
2024-10-25 12:00,191,84,107,0,0,0
2024-10-25 12:15,189,88,101,0,0,0
2024-10-25 12:30,161,64,97,0,0,0
2024-10-25 12:45,204,92,112,0,0,0
2024-10-25 13:00,198,110,88,0,0,0
2024-10-25 13:15,197,103,94,0,0,0
2024-10-25 13:30,171,85,86,0,0,0
2024-10-25 13:45,199,102,97,0,0,0
2024-10-25 14:00,219,122,97,0,0,0
2024-10-25 14:15,213,109,104,0,0,0
2024-10-25 14:30,186,98,88,0,0,0
2024-10-25 14:45,217,97,120,0,0,0
2024-10-25 15:00,202,105,97,0,0,0
2024-10-25 15:15,202,114,88,0,0,0
2024-10-25 15:30,173,85,88,0,0,0
2024-10-25 15:45,221,128,93,0,0,0
2024-10-25 16:00,187,97,90,0,0,0
2024-10-25 16:15,198,118,80,0,0,0
2024-10-25 16:30,198,105,93,0,0,0
2024-10-25 16:45,191,83,108,0,0,0
2024-10-25 17:00,232,133,99,0,0,0
2024-10-25 17:15,202,115,87,0,0,0
2024-10-25 17:30,177,98,79,0,0,0
2024-10-25 17:45,206,116,90,0,0,0
2024-10-25 18:00,193,118,75,0,0,0
2024-10-25 18:15,186,100,86,0,0,0
2024-10-25 18:30,189,112,77,0,0,0
2024-10-25 18:45,163,82,81,0,0,0
2024-10-25 19:00,165,86,79,0,0,0
2024-10-25 19:15,175,97,78,0,0,0
2024-10-25 19:30,128,84,44,0,0,0
2024-10-25 19:45,140,91,49,0,0,0
2024-10-25 20:00,135,82,53,0,0,0
2024-10-25 20:15,114,58,56,0,0,0
2024-10-25 20:30,114,64,50,0,0,0
2024-10-25 20:45,95,49,46,0,0,0
2024-10-25 21:00,81,45,36,0,0,0
2024-10-25 21:15,84,43,41,0,0,0
2024-10-25 21:30,64,33,31,0,0,0
2024-10-25 21:45,82,41,41,0,0,0
2024-10-25 22:00,95,37,58,0,0,0
2024-10-25 22:15,71,39,32,0,0,0
2024-10-25 22:30,55,19,36,0,0,0
2024-10-25 22:45,61,32,29,0,0,0
2024-10-25 23:00,80,43,37,0,0,0
2024-10-25 23:15,47,22,25,0,0,0
2024-10-25 23:30,51,30,21,0,0,0
2024-10-25 23:45,62,28,34,0,0,0
2024-10-26 00:00,65,41,24,0,0,0
2024-10-26 00:15,55,32,23,0,0,0
2024-10-26 00:30,50,21,29,0,0,0
2024-10-26 00:45,47,25,22,0,0,0
2024-10-26 01:00,58,37,21,0,0,0
2024-10-26 01:15,38,14,24,0,0,0
2024-10-26 01:30,44,24,20,0,0,0
2024-10-26 01:45,20,11,9,0,0,0
2024-10-26 02:00,42,24,18,0,0,0
2024-10-26 02:15,20,1,19,0,0,0
2024-10-26 02:30,33,15,18,0,0,0
2024-10-26 02:45,33,10,23,0,0,0
2024-10-26 03:00,32,14,18,0,0,0
2024-10-26 03:15,17,2,15,0,0,0
2024-10-26 03:30,21,3,18,0,0,0
2024-10-26 03:45,15,6,9,0,0,0
2024-10-26 04:00,10,2,8,0,0,0
2024-10-26 04:15,11,4,7,0,0,0
2024-10-26 04:30,11,2,9,0,0,0
2024-10-26 04:45,12,1,11,0,0,0
2024-10-26 05:00,6,2,4,0,0,0
2024-10-26 05:15,8,3,5,0,0,0
2024-10-26 05:30,14,3,11,0,0,0
2024-10-26 05:45,21,5,16,0,0,0
2024-10-26 06:00,7,3,4,0,0,0
2024-10-26 06:15,15,3,12,0,0,0
2024-10-26 06:30,15,5,10,0,0,0
2024-10-26 06:45,18,6,12,0,0,0
2024-10-26 07:00,16,5,11,0,0,0
2024-10-26 07:15,21,5,16,0,0,0
2024-10-26 07:30,22,15,7,0,0,0
2024-10-26 07:45,32,14,18,0,0,0
2024-10-26 08:00,34,18,16,0,0,0
2024-10-26 08:15,43,19,24,0,0,0
2024-10-26 08:30,62,17,45,0,0,0
2024-10-26 08:45,75,19,56,0,0,0
2024-10-26 09:00,71,24,47,0,0,0
2024-10-26 09:15,94,30,64,0,0,0
2024-10-26 09:30,91,23,68,0,0,0
2024-10-26 09:45,156,45,111,0,0,0
2024-10-26 10:00,126,42,84,0,0,0
2024-10-26 10:15,149,37,112,0,0,0
2024-10-26 10:30,151,42,109,0,0,0
2024-10-26 10:45,135,49,86,0,0,0
2024-10-26 11:00,153,46,107,0,0,0
2024-10-26 11:15,152,47,105,0,0,0
2024-10-26 11:30,205,68,137,0,0,0
2024-10-26 11:45,208,76,132,0,0,0
2024-10-26 12:00,178,61,117,0,0,0
2024-10-26 12:15,156,60,96,0,0,0
2024-10-26 12:30,186,86,100,0,0,0
2024-10-26 12:45,220,95,125,0,0,0
2024-10-26 13:00,189,84,105,0,0,0
2024-10-26 13:15,190,100,90,0,0,0
2024-10-26 13:30,178,77,101,0,0,0
2024-10-26 13:45,180,102,78,0,0,0
2024-10-26 14:00,192,92,100,0,0,0
2024-10-26 14:15,195,97,98,0,0,0
2024-10-26 14:30,184,96,88,0,0,0
2024-10-26 14:45,216,102,114,0,0,0
2024-10-26 15:00,192,96,96,0,0,0
2024-10-26 15:15,188,97,91,0,0,0
2024-10-26 15:30,165,97,68,0,0,0
2024-10-26 15:45,181,101,80,0,0,0
2024-10-26 16:00,146,74,72,0,0,0
2024-10-26 16:15,194,119,75,0,0,0
2024-10-26 16:30,189,109,80,0,0,0
2024-10-26 16:45,149,94,55,0,0,0
2024-10-26 17:00,186,108,78,0,0,0
2024-10-26 17:15,176,102,74,0,0,0
2024-10-26 17:30,153,86,67,0,0,0
2024-10-26 17:45,192,94,98,0,0,0
2024-10-26 18:00,163,99,64,0,0,0
2024-10-26 18:15,178,92,86,0,0,0
2024-10-26 18:30,158,89,69,0,0,0
2024-10-26 18:45,155,64,91,0,0,0
2024-10-26 19:00,151,66,85,0,0,0
2024-10-26 19:15,132,63,69,0,0,0
2024-10-26 19:30,132,68,64,0,0,0
2024-10-26 19:45,130,82,48,0,0,0
2024-10-26 20:00,118,62,56,0,0,0
2024-10-26 20:15,95,47,48,0,0,0
2024-10-26 20:30,76,36,40,0,0,0
2024-10-26 20:45,61,41,20,0,0,0
2024-10-26 21:00,93,53,40,0,0,0
2024-10-26 21:15,88,56,32,0,0,0
2024-10-26 21:30,78,46,32,0,0,0
2024-10-26 21:45,41,21,20,0,0,0
2024-10-26 22:00,74,35,39,0,0,0
2024-10-26 22:15,66,26,40,0,0,0
2024-10-26 22:30,69,38,31,0,0,0
2024-10-26 22:45,52,34,18,0,0,0
2024-10-26 23:00,59,30,29,0,0,0
2024-10-26 23:15,59,28,31,0,0,0
2024-10-26 23:30,67,30,37,0,0,0
2024-10-26 23:45,63,25,38,0,0,0
2024-10-27 00:00,62,27,35,0,0,0
2024-10-27 00:15,66,45,21,0,0,0
2024-10-27 00:30,56,28,28,0,0,0
2024-10-27 00:45,47,32,15,0,0,0
2024-10-27 01:00,48,26,22,0,0,0
2024-10-27 01:15,45,25,20,0,0,0
2024-10-27 01:30,55,18,37,0,0,0
2024-10-27 01:45,27,18,9,0,0,0
2024-10-27 02:00,67,30,37,0,0,0
2024-10-27 02:15,67,30,37,0,0,0
2024-10-27 02:30,48,25,23,0,0,0
2024-10-27 02:45,44,19,25,0,0,0
2024-10-27 03:00,12,8,4,0,0,0
2024-10-27 03:15,7,0,7,0,0,0
2024-10-27 03:30,10,7,3,0,0,0
2024-10-27 03:45,8,4,4,0,0,0
2024-10-27 04:00,4,1,3,0,0,0
2024-10-27 04:15,10,2,8,0,0,0
2024-10-27 04:30,6,3,3,0,0,0
2024-10-27 04:45,7,2,5,0,0,0
2024-10-27 05:00,5,4,1,0,0,0
2024-10-27 05:15,7,1,6,0,0,0
2024-10-27 05:30,9,0,9,0,0,0
2024-10-27 05:45,10,4,6,0,0,0
2024-10-27 06:00,10,7,3,0,0,0
2024-10-27 06:15,7,2,5,0,0,0
2024-10-27 06:30,5,2,3,0,0,0
2024-10-27 06:45,10,3,7,0,0,0
2024-10-27 07:00,5,4,1,0,0,0
2024-10-27 07:15,8,1,7,0,0,0
2024-10-27 07:30,13,4,9,0,0,0
2024-10-27 07:45,21,9,12,0,0,0
2024-10-27 08:00,10,5,5,0,0,0
2024-10-27 08:15,14,8,6,0,0,0
2024-10-27 08:30,23,13,10,0,0,0
2024-10-27 08:45,31,16,15,0,0,0
2024-10-27 09:00,24,9,15,0,0,0
2024-10-27 09:15,34,17,17,0,0,0
2024-10-27 09:30,41,15,26,0,0,0
2024-10-27 09:45,62,28,34,0,0,0
2024-10-27 10:00,53,27,26,0,0,0
2024-10-27 10:15,70,29,41,0,0,0
2024-10-27 10:30,55,25,30,0,0,0
2024-10-27 10:45,71,32,39,0,0,0
2024-10-27 11:00,64,23,41,0,0,0
2024-10-27 11:15,70,25,45,0,0,0
2024-10-27 11:30,67,21,46,0,0,0
2024-10-27 11:45,72,34,38,0,0,0
2024-10-27 12:00,73,30,43,0,0,0
2024-10-27 12:15,96,28,68,0,0,0
2024-10-27 12:30,78,36,42,0,0,0
2024-10-27 12:45,119,47,72,0,0,0
2024-10-27 13:00,105,52,53,0,0,0
2024-10-27 13:15,103,45,58,0,0,0
2024-10-27 13:30,99,43,56,0,0,0
2024-10-27 13:45,134,66,68,0,0,0
2024-10-27 14:00,96,47,49,0,0,0
2024-10-27 14:15,128,56,72,0,0,0
2024-10-27 14:30,113,54,59,0,0,0
2024-10-27 14:45,138,54,84,0,0,0
2024-10-27 15:00,109,48,61,0,0,0
2024-10-27 15:15,119,50,69,0,0,0
2024-10-27 15:30,128,72,56,0,0,0
2024-10-27 15:45,143,74,69,0,0,0
2024-10-27 16:00,134,77,57,0,0,0
2024-10-27 16:15,106,55,51,0,0,0
2024-10-27 16:30,136,74,62,0,0,0
2024-10-27 16:45,110,51,59,0,0,0
2024-10-27 17:00,128,58,70,0,0,0
2024-10-27 17:15,143,79,64,0,0,0
2024-10-27 17:30,156,73,83,0,0,0
2024-10-27 17:45,127,63,64,0,0,0
2024-10-27 18:00,107,52,55,0,0,0
2024-10-27 18:15,92,44,48,0,0,0
2024-10-27 18:30,104,46,58,0,0,0
2024-10-27 18:45,92,36,56,0,0,0
2024-10-27 19:00,92,49,43,0,0,0
2024-10-27 19:15,87,48,39,0,0,0
2024-10-27 19:30,77,35,42,0,0,0
2024-10-27 19:45,70,33,37,0,0,0
2024-10-27 20:00,59,27,32,0,0,0
2024-10-27 20:15,71,43,28,0,0,0
2024-10-27 20:30,58,29,29,0,0,0
2024-10-27 20:45,58,31,27,0,0,0
2024-10-27 21:00,46,29,17,0,0,0
2024-10-27 21:15,39,20,19,0,0,0
2024-10-27 21:30,35,23,12,0,0,0
2024-10-27 21:45,35,22,13,0,0,0
2024-10-27 22:00,37,21,16,0,0,0
2024-10-27 22:15,27,14,13,0,0,0
2024-10-27 22:30,26,13,13,0,0,0
2024-10-27 22:45,25,10,15,0,0,0
2024-10-27 23:00,14,6,8,0,0,0
2024-10-27 23:15,15,1,14,0,0,0
2024-10-27 23:30,7,0,7,0,0,0
2024-10-27 23:45,7,4,3,0,0,0
2024-10-28 00:00,4,2,2,0,0,0
2024-10-28 00:15,8,2,6,0,0,0
2024-10-28 00:30,5,2,3,0,0,0
2024-10-28 00:45,8,5,3,0,0,0
2024-10-28 01:00,7,2,5,0,0,0
2024-10-28 01:15,2,1,1,0,0,0
2024-10-28 01:30,1,0,1,0,0,0
2024-10-28 01:45,1,1,0,0,0,0
2024-10-28 02:00,1,0,1,0,0,0
2024-10-28 02:15,2,0,2,0,0,0
2024-10-28 02:30,1,1,0,0,0,0
2024-10-28 02:45,0,0,0,0,0,0
2024-10-28 03:00,0,0,0,0,0,0
2024-10-28 03:15,0,0,0,0,0,0
2024-10-28 03:30,2,0,2,0,0,0
2024-10-28 03:45,1,1,0,0,0,0
2024-10-28 04:00,5,2,3,0,0,0
2024-10-28 04:15,5,2,3,0,0,0
2024-10-28 04:30,5,2,3,0,0,0
2024-10-28 04:45,5,2,3,0,0,0
2024-10-28 05:00,5,2,3,0,0,0
2024-10-28 05:15,7,2,5,0,0,0
2024-10-28 05:30,21,5,16,0,0,0
2024-10-28 05:45,25,10,15,0,0,0
2024-10-28 06:00,32,11,21,0,0,0
2024-10-28 06:15,49,21,28,0,0,0
2024-10-28 06:30,61,21,40,0,0,0
2024-10-28 06:45,91,42,49,0,0,0
2024-10-28 07:00,112,42,70,0,0,0
2024-10-28 07:15,219,57,162,0,0,0
2024-10-28 07:30,346,87,259,0,0,0
2024-10-28 07:45,349,109,240,0,0,0
2024-10-28 08:00,279,77,202,0,0,0
2024-10-28 08:15,229,61,168,0,0,0
2024-10-28 08:30,202,61,141,0,0,0
2024-10-28 08:45,182,52,130,0,0,0
2024-10-28 09:00,139,43,96,0,0,0
2024-10-28 09:15,132,32,100,0,0,0
2024-10-28 09:30,176,44,132,0,0,0
2024-10-28 09:45,213,57,156,0,0,0
2024-10-28 10:00,154,46,108,0,0,0
2024-10-28 10:15,120,42,78,0,0,0
2024-10-28 10:30,128,47,81,0,0,0
2024-10-28 10:45,151,65,86,0,0,0
2024-10-28 11:00,121,43,78,0,0,0
2024-10-28 11:15,135,43,92,0,0,0
2024-10-28 11:30,125,44,81,0,0,0
2024-10-28 11:45,200,91,109,0,0,0
2024-10-28 12:00,173,69,104,0,0,0
2024-10-28 12:15,144,75,69,0,0,0
2024-10-28 12:30,164,94,70,0,0,0
2024-10-28 12:45,182,92,90,0,0,0
2024-10-28 13:00,166,103,63,0,0,0
2024-10-28 13:15,143,80,63,0,0,0
2024-10-28 13:30,144,69,75,0,0,0
2024-10-28 13:45,227,112,115,0,0,0
2024-10-28 14:00,198,117,81,0,0,0
2024-10-28 14:15,160,80,80,0,0,0
2024-10-28 14:30,193,92,101,0,0,0
2024-10-28 14:45,220,122,98,0,0,0
2024-10-28 15:00,172,93,79,0,0,0
2024-10-28 15:15,187,96,91,0,0,0
2024-10-28 15:30,246,132,114,0,0,0
2024-10-28 15:45,273,142,131,0,0,0
2024-10-28 16:00,275,163,112,0,0,0
2024-10-28 16:15,247,147,100,0,0,0
2024-10-28 16:30,252,136,116,0,0,0
2024-10-28 16:45,270,135,135,0,0,0
2024-10-28 17:00,235,122,113,0,0,0
2024-10-28 17:15,222,125,97,0,0,0
2024-10-28 17:30,252,145,107,0,0,0
2024-10-28 17:45,290,166,124,0,0,0
2024-10-28 18:00,265,156,109,0,0,0
2024-10-28 18:15,201,122,79,0,0,0
2024-10-28 18:30,138,72,66,0,0,0
2024-10-28 18:45,172,92,80,0,0,0
2024-10-28 19:00,158,89,69,0,0,0
2024-10-28 19:15,175,100,75,0,0,0
2024-10-28 19:30,126,69,57,0,0,0
2024-10-28 19:45,141,89,52,0,0,0
2024-10-28 20:00,108,54,54,0,0,0
2024-10-28 20:15,75,30,45,0,0,0
2024-10-28 20:30,68,40,28,0,0,0
2024-10-28 20:45,58,35,23,0,0,0
2024-10-28 21:00,64,41,23,0,0,0
2024-10-28 21:15,79,38,41,0,0,0
2024-10-28 21:30,80,43,37,0,0,0
2024-10-28 21:45,74,40,34,0,0,0
2024-10-28 22:00,59,32,27,0,0,0
2024-10-28 22:15,71,44,27,0,0,0
2024-10-28 22:30,45,21,24,0,0,0
2024-10-28 22:45,27,18,9,0,0,0
2024-10-28 23:00,31,18,13,0,0,0
2024-10-28 23:15,26,13,13,0,0,0
2024-10-28 23:30,17,6,11,0,0,0
2024-10-28 23:45,14,5,9,0,0,0
2024-10-29 00:00,13,7,6,0,0,0
2024-10-29 00:15,12,8,4,0,0,0
2024-10-29 00:30,1,1,0,0,0,0
2024-10-29 00:45,6,2,4,0,0,0
2024-10-29 01:00,8,4,4,0,0,0
2024-10-29 01:15,6,4,2,0,0,0
2024-10-29 01:30,3,1,2,0,0,0
2024-10-29 01:45,2,1,1,0,0,0
2024-10-29 02:00,2,1,1,0,0,0
2024-10-29 02:15,1,1,0,0,0,0
2024-10-29 02:30,2,2,0,0,0,0
2024-10-29 02:45,1,0,1,0,0,0
2024-10-29 03:00,1,1,0,0,0,0
2024-10-29 03:15,1,0,1,0,0,0
2024-10-29 03:30,1,0,1,0,0,0
2024-10-29 03:45,3,3,0,0,0,0
2024-10-29 04:00,4,2,2,0,0,0
2024-10-29 04:15,2,1,1,0,0,0
2024-10-29 04:30,4,3,1,0,0,0
2024-10-29 04:45,3,2,1,0,0,0
2024-10-29 05:00,6,5,1,0,0,0
2024-10-29 05:15,8,2,6,0,0,0
2024-10-29 05:30,19,8,11,0,0,0
2024-10-29 05:45,25,9,16,0,0,0
2024-10-29 06:00,30,10,20,0,0,0
2024-10-29 06:15,42,20,22,0,0,0
2024-10-29 06:30,75,26,49,0,0,0
2024-10-29 06:45,97,52,45,0,0,0
2024-10-29 07:00,108,40,68,0,0,0
2024-10-29 07:15,206,64,142,0,0,0
2024-10-29 07:30,350,87,263,0,0,0
2024-10-29 07:45,361,114,247,0,0,0
2024-10-29 08:00,282,70,212,0,0,0
2024-10-29 08:15,236,71,165,0,0,0
2024-10-29 08:30,202,56,146,0,0,0
2024-10-29 08:45,220,69,151,0,0,0
2024-10-29 09:00,146,60,86,0,0,0
2024-10-29 09:15,126,44,82,0,0,0
2024-10-29 09:30,139,33,106,0,0,0
2024-10-29 09:45,220,44,176,0,0,0
2024-10-29 10:00,162,44,118,0,0,0
2024-10-29 10:15,101,40,61,0,0,0
2024-10-29 10:30,99,32,67,0,0,0
2024-10-29 10:45,105,38,67,0,0,0
2024-10-29 11:00,89,29,60,0,0,0
2024-10-29 11:15,117,41,76,0,0,0
2024-10-29 11:30,125,47,78,0,0,0
2024-10-29 11:45,193,82,111,0,0,0
2024-10-29 12:00,176,82,94,0,0,0
2024-10-29 12:15,155,78,77,0,0,0
2024-10-29 12:30,133,74,59,0,0,0
2024-10-29 12:45,150,66,84,0,0,0
2024-10-29 13:00,186,95,91,0,0,0
2024-10-29 13:15,173,75,98,0,0,0
2024-10-29 13:30,129,48,81,0,0,0
2024-10-29 13:45,201,106,95,0,0,0
2024-10-29 14:00,189,106,83,0,0,0
2024-10-29 14:15,162,78,84,0,0,0
2024-10-29 14:30,166,79,87,0,0,0
2024-10-29 14:45,184,86,98,0,0,0
2024-10-29 15:00,170,96,74,0,0,0
2024-10-29 15:15,163,93,70,0,0,0
2024-10-29 15:30,193,112,81,0,0,0
2024-10-29 15:45,241,138,103,0,0,0
2024-10-29 16:00,214,128,86,0,0,0
2024-10-29 16:15,218,119,99,0,0,0
2024-10-29 16:30,215,108,107,0,0,0
2024-10-29 16:45,219,119,100,0,0,0
2024-10-29 17:00,212,113,99,0,0,0
2024-10-29 17:15,225,127,98,0,0,0
2024-10-29 17:30,244,120,124,0,0,0
2024-10-29 17:45,272,157,115,0,0,0
2024-10-29 18:00,282,165,117,0,0,0
2024-10-29 18:15,221,132,89,0,0,0
2024-10-29 18:30,153,84,69,0,0,0
2024-10-29 18:45,177,99,78,0,0,0
2024-10-29 19:00,161,83,78,0,0,0
2024-10-29 19:15,153,85,68,0,0,0
2024-10-29 19:30,128,68,60,0,0,0
2024-10-29 19:45,135,68,67,0,0,0
2024-10-29 20:00,122,79,43,0,0,0
2024-10-29 20:15,114,62,52,0,0,0
2024-10-29 20:30,90,47,43,0,0,0
2024-10-29 20:45,84,54,30,0,0,0
2024-10-29 21:00,70,30,40,0,0,0
2024-10-29 21:15,78,41,37,0,0,0
2024-10-29 21:30,71,41,30,0,0,0
2024-10-29 21:45,62,26,36,0,0,0
2024-10-29 22:00,102,65,37,0,0,0
2024-10-29 22:15,58,34,24,0,0,0
2024-10-29 22:30,86,43,43,0,0,0
2024-10-29 22:45,58,31,27,0,0,0
2024-10-29 23:00,42,16,26,0,0,0
2024-10-29 23:15,28,15,13,0,0,0
2024-10-29 23:30,26,15,11,0,0,0
2024-10-29 23:45,17,6,11,0,0,0
2024-10-30 00:00,15,10,5,0,0,0
2024-10-30 00:15,13,10,3,0,0,0
2024-10-30 00:30,12,8,4,0,0,0
2024-10-30 00:45,10,3,7,0,0,0
2024-10-30 01:00,5,4,1,0,0,0
2024-10-30 01:15,4,2,2,0,0,0
2024-10-30 01:30,2,0,2,0,0,0
2024-10-30 01:45,0,0,0,0,0,0
2024-10-30 02:00,1,1,0,0,0,0
2024-10-30 02:15,1,0,1,0,0,0
2024-10-30 02:30,2,2,0,0,0,0
2024-10-30 02:45,2,0,2,0,0,0
2024-10-30 03:00,6,2,4,0,0,0
2024-10-30 03:15,4,0,4,0,0,0
2024-10-30 03:30,1,0,1,0,0,0
2024-10-30 03:45,1,0,1,0,0,0
2024-10-30 04:00,2,1,1,0,0,0
2024-10-30 04:15,3,2,1,0,0,0
2024-10-30 04:30,0,0,0,0,0,0
2024-10-30 04:45,6,4,2,0,0,0
2024-10-30 05:00,7,3,4,0,0,0
2024-10-30 05:15,6,4,2,0,0,0
2024-10-30 05:30,15,5,10,0,0,0
2024-10-30 05:45,28,9,19,0,0,0
2024-10-30 06:00,25,11,14,0,0,0
2024-10-30 06:15,47,19,28,0,0,0
2024-10-30 06:30,73,22,51,0,0,0
2024-10-30 06:45,93,42,51,0,0,0
2024-10-30 07:00,110,46,64,0,0,0
2024-10-30 07:15,194,60,134,0,0,0
2024-10-30 07:30,350,83,267,0,0,0
2024-10-30 07:45,342,100,242,0,0,0
2024-10-30 08:00,286,68,218,0,0,0
2024-10-30 08:15,235,71,164,0,0,0
2024-10-30 08:30,222,68,154,0,0,0
2024-10-30 08:45,206,58,148,0,0,0
2024-10-30 09:00,146,49,97,0,0,0
2024-10-30 09:15,143,51,92,0,0,0
2024-10-30 09:30,154,42,112,0,0,0
2024-10-30 09:45,250,57,193,0,0,0
2024-10-30 10:00,195,69,126,0,0,0
2024-10-30 10:15,137,58,79,0,0,0
2024-10-30 10:30,136,44,92,0,0,0
2024-10-30 10:45,152,46,106,0,0,0
2024-10-30 11:00,136,55,81,0,0,0
2024-10-30 11:15,159,71,88,0,0,0
2024-10-30 11:30,163,67,96,0,0,0
2024-10-30 11:45,214,76,138,0,0,0
2024-10-30 12:00,214,104,110,0,0,0
2024-10-30 12:15,226,109,117,0,0,0
2024-10-30 12:30,179,92,87,0,0,0
2024-10-30 12:45,161,77,84,0,0,0
2024-10-30 13:00,168,90,78,0,0,0
2024-10-30 13:15,198,112,86,0,0,0
2024-10-30 13:30,161,75,86,0,0,0
2024-10-30 13:45,209,108,101,0,0,0
2024-10-30 14:00,241,132,109,0,0,0
2024-10-30 14:15,218,135,83,0,0,0
2024-10-30 14:30,189,103,86,0,0,0
2024-10-30 14:45,203,86,117,0,0,0
2024-10-30 15:00,209,118,91,0,0,0
2024-10-30 15:15,198,110,88,0,0,0
2024-10-30 15:30,224,123,101,0,0,0
2024-10-30 15:45,257,140,117,0,0,0
2024-10-30 16:00,232,129,103,0,0,0
2024-10-30 16:15,236,136,100,0,0,0
2024-10-30 16:30,245,137,108,0,0,0
2024-10-30 16:45,258,132,126,0,0,0
2024-10-30 17:00,276,159,117,0,0,0
2024-10-30 17:15,249,131,118,0,0,0
2024-10-30 17:30,219,123,96,0,0,0
2024-10-30 17:45,295,173,122,0,0,0
2024-10-30 18:00,233,135,98,0,0,0
2024-10-30 18:15,194,92,102,0,0,0
2024-10-30 18:30,198,106,92,0,0,0
2024-10-30 18:45,187,91,96,0,0,0
2024-10-30 19:00,175,105,70,0,0,0
2024-10-30 19:15,166,102,64,0,0,0
2024-10-30 19:30,147,88,59,0,0,0
2024-10-30 19:45,182,93,89,0,0,0
2024-10-30 20:00,157,84,73,0,0,0
2024-10-30 20:15,113,59,54,0,0,0
2024-10-30 20:30,94,56,38,0,0,0
2024-10-30 20:45,98,59,39,0,0,0
2024-10-30 21:00,86,60,26,0,0,0
2024-10-30 21:15,79,46,33,0,0,0
2024-10-30 21:30,98,58,40,0,0,0
2024-10-30 21:45,81,43,38,0,0,0
2024-10-30 22:00,91,45,46,0,0,0
2024-10-30 22:15,61,36,25,0,0,0
2024-10-30 22:30,80,49,31,0,0,0
2024-10-30 22:45,79,42,37,0,0,0
2024-10-30 23:00,73,46,27,0,0,0
2024-10-30 23:15,63,34,29,0,0,0
2024-10-30 23:30,28,10,18,0,0,0
2024-10-30 23:45,41,23,18,0,0,0
