Datetime,100020113 (Wolbecker Straße),101020113 (FR stdteinwärts),102020113 (FR stadtauswärts),100020113-status,101020113-status,102020113-status
2025-04-01 00:00,12,8,4,0,0,0
2025-04-01 00:15,9,3,6,0,0,0
2025-04-01 00:30,5,1,4,0,0,0
2025-04-01 00:45,8,2,6,0,0,0
2025-04-01 01:00,9,7,2,0,0,0
2025-04-01 01:15,6,5,1,0,0,0
2025-04-01 01:30,2,1,1,0,0,0
2025-04-01 01:45,2,1,1,0,0,0
2025-04-01 02:00,1,0,1,0,0,0
2025-04-01 02:15,3,1,2,0,0,0
2025-04-01 02:30,1,0,1,0,0,0
2025-04-01 02:45,1,1,0,0,0,0
2025-04-01 03:00,1,1,0,0,0,0
2025-04-01 03:15,3,2,1,0,0,0
2025-04-01 03:30,1,1,0,0,0,0
2025-04-01 03:45,2,0,2,0,0,0
2025-04-01 04:00,1,1,0,0,0,0
2025-04-01 04:15,3,1,2,0,0,0
2025-04-01 04:30,0,0,0,0,0,0
2025-04-01 04:45,3,1,2,0,0,0
2025-04-01 05:00,10,7,3,0,0,0
2025-04-01 05:15,12,5,7,0,0,0
2025-04-01 05:30,16,6,10,0,0,0
2025-04-01 05:45,20,6,14,0,0,0
2025-04-01 06:00,27,14,13,0,0,0
2025-04-01 06:15,46,22,24,0,0,0
2025-04-01 06:30,53,19,34,0,0,0
2025-04-01 06:45,82,32,50,0,0,0
2025-04-01 07:00,109,41,68,0,0,0
2025-04-01 07:15,172,58,114,0,0,0
2025-04-01 07:30,321,68,253,0,0,0
2025-04-01 07:45,319,97,222,0,0,0
2025-04-01 08:00,231,85,146,0,0,0
2025-04-01 08:15,220,69,151,0,0,0
2025-04-01 08:30,234,75,159,0,0,0
2025-04-01 08:45,206,57,149,0,0,0
2025-04-01 09:00,138,54,84,0,0,0
2025-04-01 09:15,132,34,98,0,0,0
2025-04-01 09:30,146,45,101,0,0,0
2025-04-01 09:45,166,52,114,0,0,0
2025-04-01 10:00,108,37,71,0,0,0
2025-04-01 10:15,110,50,60,0,0,0
2025-04-01 10:30,109,36,73,0,0,0
2025-04-01 10:45,129,45,84,0,0,0
2025-04-01 11:00,97,43,54,0,0,0
2025-04-01 11:15,122,63,59,0,0,0
2025-04-01 11:30,127,49,78,0,0,0
2025-04-01 11:45,139,64,75,0,0,0
2025-04-01 12:00,131,65,66,0,0,0
2025-04-01 12:15,165,89,76,0,0,0
2025-04-01 12:30,136,79,57,0,0,0
2025-04-01 12:45,157,68,89,0,0,0
2025-04-01 13:00,174,100,74,0,0,0
2025-04-01 13:15,148,70,78,0,0,0
2025-04-01 13:30,155,73,82,0,0,0
2025-04-01 13:45,193,94,99,0,0,0
2025-04-01 14:00,188,103,85,0,0,0
2025-04-01 14:15,156,78,78,0,0,0
2025-04-01 14:30,151,81,70,0,0,0
2025-04-01 14:45,178,86,92,0,0,0
2025-04-01 15:00,183,122,61,0,0,0
2025-04-01 15:15,177,99,78,0,0,0
2025-04-01 15:30,230,120,110,0,0,0
2025-04-01 15:45,210,111,99,0,0,0
2025-04-01 16:00,209,127,82,0,0,0
2025-04-01 16:15,183,102,81,0,0,0
2025-04-01 16:30,263,143,120,0,0,0
2025-04-01 16:45,271,146,125,0,0,0
2025-04-01 17:00,253,133,120,0,0,0
2025-04-01 17:15,255,150,105,0,0,0
2025-04-01 17:30,219,107,112,0,0,0
2025-04-01 17:45,234,139,95,0,0,0
2025-04-01 18:00,246,123,123,0,0,0
2025-04-01 18:15,197,114,83,0,0,0
2025-04-01 18:30,168,87,81,0,0,0
2025-04-01 18:45,190,98,92,0,0,0
2025-04-01 19:00,167,80,87,0,0,0
2025-04-01 19:15,169,72,97,0,0,0
2025-04-01 19:30,138,76,62,0,0,0
2025-04-01 19:45,124,70,54,0,0,0
2025-04-01 20:00,116,57,59,0,0,0
2025-04-01 20:15,93,45,48,0,0,0
2025-04-01 20:30,109,57,52,0,0,0
2025-04-01 20:45,75,35,40,0,0,0
2025-04-01 21:00,91,59,32,0,0,0
2025-04-01 21:15,77,41,36,0,0,0
2025-04-01 21:30,74,36,38,0,0,0
2025-04-01 21:45,75,43,32,0,0,0
2025-04-01 22:00,69,33,36,0,0,0
2025-04-01 22:15,57,33,24,0,0,0
2025-04-01 22:30,55,26,29,0,0,0
2025-04-01 22:45,54,31,23,0,0,0
2025-04-01 23:00,27,12,15,0,0,0
2025-04-01 23:15,40,20,20,0,0,0
2025-04-01 23:30,35,13,22,0,0,0
2025-04-01 23:45,12,8,4,0,0,0
2025-04-02 00:00,20,14,6,0,0,0
2025-04-02 00:15,8,3,5,0,0,0
2025-04-02 00:30,5,4,1,0,0,0
2025-04-02 00:45,10,6,4,0,0,0
2025-04-02 01:00,7,3,4,0,0,0
2025-04-02 01:15,5,5,0,0,0,0
2025-04-02 01:30,9,5,4,0,0,0
2025-04-02 01:45,9,4,5,0,0,0
2025-04-02 02:00,3,3,0,0,0,0
2025-04-02 02:15,4,3,1,0,0,0
2025-04-02 02:30,1,1,0,0,0,0
2025-04-02 02:45,1,1,0,0,0,0
2025-04-02 03:00,3,2,1,0,0,0
2025-04-02 03:15,4,3,1,0,0,0
2025-04-02 03:30,2,1,1,0,0,0
2025-04-02 03:45,3,1,2,0,0,0
2025-04-02 04:00,3,2,1,0,0,0
2025-04-02 04:15,2,2,0,0,0,0
2025-04-02 04:30,4,0,4,0,0,0
2025-04-02 04:45,5,3,2,0,0,0
2025-04-02 05:00,8,6,2,0,0,0
2025-04-02 05:15,14,5,9,0,0,0
2025-04-02 05:30,17,8,9,0,0,0
2025-04-02 05:45,27,10,17,0,0,0
2025-04-02 06:00,16,5,11,0,0,0
2025-04-02 06:15,56,22,34,0,0,0
2025-04-02 06:30,64,24,40,0,0,0
2025-04-02 06:45,66,29,37,0,0,0
2025-04-02 07:00,107,35,72,0,0,0
2025-04-02 07:15,171,69,102,0,0,0
2025-04-02 07:30,294,87,207,0,0,0
2025-04-02 07:45,305,90,215,0,0,0
2025-04-02 08:00,222,82,140,0,0,0
2025-04-02 08:15,207,61,146,0,0,0
2025-04-02 08:30,237,56,181,0,0,0
2025-04-02 08:45,255,70,185,0,0,0
2025-04-02 09:00,195,51,144,0,0,0
2025-04-02 09:15,148,54,94,0,0,0
2025-04-02 09:30,147,47,100,0,0,0
2025-04-02 09:45,191,59,132,0,0,0
2025-04-02 10:00,141,45,96,0,0,0
2025-04-02 10:15,129,45,84,0,0,0
2025-04-02 10:30,144,52,92,0,0,0
2025-04-02 10:45,144,56,88,0,0,0
2025-04-02 11:00,143,58,85,0,0,0
2025-04-02 11:15,136,58,78,0,0,0
2025-04-02 11:30,164,67,97,0,0,0
2025-04-02 11:45,170,82,88,0,0,0
2025-04-02 12:00,176,88,88,0,0,0
2025-04-02 12:15,159,74,85,0,0,0
2025-04-02 12:30,205,90,115,0,0,0
2025-04-02 12:45,199,96,103,0,0,0
2025-04-02 13:00,183,95,88,0,0,0
2025-04-02 13:15,185,91,94,0,0,0
2025-04-02 13:30,186,112,74,0,0,0
2025-04-02 13:45,232,119,113,0,0,0
2025-04-02 14:00,195,115,80,0,0,0
2025-04-02 14:15,194,117,77,0,0,0
2025-04-02 14:30,178,88,90,0,0,0
2025-04-02 14:45,200,103,97,0,0,0
2025-04-02 15:00,196,100,96,0,0,0
2025-04-02 15:15,213,116,97,0,0,0
2025-04-02 15:30,228,116,112,0,0,0
2025-04-02 15:45,239,142,97,0,0,0
2025-04-02 16:00,231,119,112,0,0,0
2025-04-02 16:15,205,125,80,0,0,0
2025-04-02 16:30,243,114,129,0,0,0
2025-04-02 16:45,224,126,98,0,0,0
2025-04-02 17:00,274,142,132,0,0,0
2025-04-02 17:15,276,124,152,0,0,0
2025-04-02 17:30,245,131,114,0,0,0
2025-04-02 17:45,255,144,111,0,0,0
2025-04-02 18:00,237,143,94,0,0,0
2025-04-02 18:15,247,134,113,0,0,0
2025-04-02 18:30,193,121,72,0,0,0
2025-04-02 18:45,188,115,73,0,0,0
2025-04-02 19:00,166,84,82,0,0,0
2025-04-02 19:15,151,84,67,0,0,0
2025-04-02 19:30,124,64,60,0,0,0
2025-04-02 19:45,159,80,79,0,0,0
2025-04-02 20:00,142,70,72,0,0,0
2025-04-02 20:15,122,60,62,0,0,0
2025-04-02 20:30,111,61,50,0,0,0
2025-04-02 20:45,99,56,43,0,0,0
2025-04-02 21:00,108,66,42,0,0,0
2025-04-02 21:15,81,45,36,0,0,0
2025-04-02 21:30,107,49,58,0,0,0
2025-04-02 21:45,77,40,37,0,0,0
2025-04-02 22:00,82,43,39,0,0,0
2025-04-02 22:15,72,32,40,0,0,0
2025-04-02 22:30,67,30,37,0,0,0
2025-04-02 22:45,42,21,21,0,0,0
2025-04-02 23:00,53,23,30,0,0,0
2025-04-02 23:15,41,11,30,0,0,0
2025-04-02 23:30,38,18,20,0,0,0
2025-04-02 23:45,20,10,10,0,0,0
2025-04-03 00:00,38,28,10,0,0,0
2025-04-03 00:15,30,16,14,0,0,0
2025-04-03 00:30,24,20,4,0,0,0
2025-04-03 00:45,15,7,8,0,0,0
2025-04-03 01:00,12,7,5,0,0,0
2025-04-03 01:15,23,10,13,0,0,0
2025-04-03 01:30,18,7,11,0,0,0
2025-04-03 01:45,12,4,8,0,0,0
2025-04-03 02:00,19,9,10,0,0,0
2025-04-03 02:15,7,4,3,0,0,0
2025-04-03 02:30,9,3,6,0,0,0
2025-04-03 02:45,12,6,6,0,0,0
2025-04-03 03:00,5,1,4,0,0,0
2025-04-03 03:15,6,4,2,0,0,0
2025-04-03 03:30,10,8,2,0,0,0
2025-04-03 03:45,14,8,6,0,0,0
2025-04-03 04:00,0,0,0,0,0,0
2025-04-03 04:15,8,2,6,0,0,0
2025-04-03 04:30,7,1,6,0,0,0
2025-04-03 04:45,8,2,6,0,0,0
2025-04-03 05:00,8,5,3,0,0,0
2025-04-03 05:15,16,6,10,0,0,0
2025-04-03 05:30,18,8,10,0,0,0
2025-04-03 05:45,19,6,13,0,0,0
2025-04-03 06:00,21,7,14,0,0,0
2025-04-03 06:15,49,18,31,0,0,0
2025-04-03 06:30,68,26,42,0,0,0
2025-04-03 06:45,74,32,42,0,0,0
2025-04-03 07:00,110,51,59,0,0,0
2025-04-03 07:15,190,66,124,0,0,0
2025-04-03 07:30,299,69,230,0,0,0
2025-04-03 07:45,323,105,218,0,0,0
2025-04-03 08:00,223,67,156,0,0,0
2025-04-03 08:15,215,65,150,0,0,0
2025-04-03 08:30,213,68,145,0,0,0
2025-04-03 08:45,210,75,135,0,0,0
2025-04-03 09:00,159,53,106,0,0,0
2025-04-03 09:15,113,40,73,0,0,0
2025-04-03 09:30,137,47,90,0,0,0
2025-04-03 09:45,177,56,121,0,0,0
2025-04-03 10:00,135,52,83,0,0,0
2025-04-03 10:15,131,46,85,0,0,0
2025-04-03 10:30,120,41,79,0,0,0
2025-04-03 10:45,136,49,87,0,0,0
2025-04-03 11:00,118,55,63,0,0,0
2025-04-03 11:15,142,49,93,0,0,0
2025-04-03 11:30,130,52,78,0,0,0
2025-04-03 11:45,149,65,84,0,0,0
2025-04-03 12:00,134,59,75,0,0,0
2025-04-03 12:15,168,86,82,0,0,0
2025-04-03 12:30,187,103,84,0,0,0
2025-04-03 12:45,178,76,102,0,0,0
2025-04-03 13:00,167,88,79,0,0,0
2025-04-03 13:15,152,88,64,0,0,0
2025-04-03 13:30,163,83,80,0,0,0
2025-04-03 13:45,191,99,92,0,0,0
2025-04-03 14:00,168,100,68,0,0,0
2025-04-03 14:15,172,92,80,0,0,0
2025-04-03 14:30,183,82,101,0,0,0
2025-04-03 14:45,191,100,91,0,0,0
2025-04-03 15:00,177,90,87,0,0,0
2025-04-03 15:15,203,102,101,0,0,0
2025-04-03 15:30,243,128,115,0,0,0
2025-04-03 15:45,243,123,120,0,0,0
2025-04-03 16:00,256,132,124,0,0,0
2025-04-03 16:15,231,117,114,0,0,0
2025-04-03 16:30,253,131,122,0,0,0
2025-04-03 16:45,272,148,124,0,0,0
2025-04-03 17:00,253,134,119,0,0,0
2025-04-03 17:15,278,145,133,0,0,0
2025-04-03 17:30,241,109,132,0,0,0
2025-04-03 17:45,282,147,135,0,0,0
2025-04-03 18:00,237,140,97,0,0,0
2025-04-03 18:15,242,133,109,0,0,0
2025-04-03 18:30,211,111,100,0,0,0
2025-04-03 18:45,224,115,109,0,0,0
2025-04-03 19:00,201,97,104,0,0,0
2025-04-03 19:15,164,83,81,0,0,0
2025-04-03 19:30,159,74,85,0,0,0
2025-04-03 19:45,182,87,95,0,0,0
2025-04-03 20:00,129,69,60,0,0,0
2025-04-03 20:15,130,61,69,0,0,0
2025-04-03 20:30,129,57,72,0,0,0
2025-04-03 20:45,105,61,44,0,0,0
2025-04-03 21:00,91,46,45,0,0,0
2025-04-03 21:15,93,45,48,0,0,0
2025-04-03 21:30,112,69,43,0,0,0
2025-04-03 21:45,77,35,42,0,0,0
2025-04-03 22:00,66,29,37,0,0,0
2025-04-03 22:15,81,44,37,0,0,0
2025-04-03 22:30,78,45,33,0,0,0
2025-04-03 22:45,64,32,32,0,0,0
2025-04-03 23:00,53,29,24,0,0,0
2025-04-03 23:15,39,20,19,0,0,0
2025-04-03 23:30,30,12,18,0,0,0
2025-04-03 23:45,31,13,18,0,0,0
2025-04-04 00:00,24,12,12,0,0,0
2025-04-04 00:15,19,16,3,0,0,0
2025-04-04 00:30,13,10,3,0,0,0
2025-04-04 00:45,6,3,3,0,0,0
2025-04-04 01:00,9,6,3,0,0,0
2025-04-04 01:15,6,3,3,0,0,0
2025-04-04 01:30,8,2,6,0,0,0
2025-04-04 01:45,9,2,7,0,0,0
2025-04-04 02:00,9,2,7,0,0,0
2025-04-04 02:15,7,3,4,0,0,0
2025-04-04 02:30,4,1,3,0,0,0
2025-04-04 02:45,11,1,10,0,0,0
2025-04-04 03:00,3,1,2,0,0,0
2025-04-04 03:15,3,3,0,0,0,0
2025-04-04 03:30,5,2,3,0,0,0
2025-04-04 03:45,8,3,5,0,0,0
2025-04-04 04:00,2,2,0,0,0,0
2025-04-04 04:15,5,3,2,0,0,0
2025-04-04 04:30,1,1,0,0,0,0
2025-04-04 04:45,6,2,4,0,0,0
2025-04-04 05:00,7,5,2,0,0,0
2025-04-04 05:15,14,7,7,0,0,0
2025-04-04 05:30,21,10,11,0,0,0
2025-04-04 05:45,16,3,13,0,0,0
2025-04-04 06:00,24,7,17,0,0,0
2025-04-04 06:15,40,11,29,0,0,0
2025-04-04 06:30,59,24,35,0,0,0
2025-04-04 06:45,67,30,37,0,0,0
2025-04-04 07:00,95,27,68,0,0,0
2025-04-04 07:15,156,49,107,0,0,0
2025-04-04 07:30,286,78,208,0,0,0
2025-04-04 07:45,251,77,174,0,0,0
2025-04-04 08:00,168,58,110,0,0,0
2025-04-04 08:15,185,70,115,0,0,0
2025-04-04 08:30,180,45,135,0,0,0
2025-04-04 08:45,184,69,115,0,0,0
2025-04-04 09:00,141,47,94,0,0,0
2025-04-04 09:15,129,39,90,0,0,0
2025-04-04 09:30,134,41,93,0,0,0
2025-04-04 09:45,150,49,101,0,0,0
2025-04-04 10:00,135,44,91,0,0,0
2025-04-04 10:15,135,46,89,0,0,0
2025-04-04 10:30,140,49,91,0,0,0
2025-04-04 10:45,138,54,84,0,0,0
2025-04-04 11:00,124,44,80,0,0,0
2025-04-04 11:15,166,58,108,0,0,0
2025-04-04 11:30,153,64,89,0,0,0
2025-04-04 11:45,154,66,88,0,0,0
2025-04-04 12:00,162,78,84,0,0,0
2025-04-04 12:15,173,76,97,0,0,0
2025-04-04 12:30,169,87,82,0,0,0
2025-04-04 12:45,187,93,94,0,0,0
2025-04-04 13:00,210,113,97,0,0,0
2025-04-04 13:15,239,135,104,0,0,0
2025-04-04 13:30,168,97,71,0,0,0
2025-04-04 13:45,203,112,91,0,0,0
2025-04-04 14:00,226,139,87,0,0,0
2025-04-04 14:15,233,129,104,0,0,0
2025-04-04 14:30,220,116,104,0,0,0
2025-04-04 14:45,246,129,117,0,0,0
2025-04-04 15:00,196,106,90,0,0,0
2025-04-04 15:15,201,94,107,0,0,0
2025-04-04 15:30,207,105,102,0,0,0
2025-04-04 15:45,241,102,139,0,0,0
2025-04-04 16:00,208,99,109,0,0,0
2025-04-04 16:15,223,114,109,0,0,0
2025-04-04 16:30,214,115,99,0,0,0
2025-04-04 16:45,178,94,84,0,0,0
2025-04-04 17:00,210,112,98,0,0,0
2025-04-04 17:15,213,111,102,0,0,0
2025-04-04 17:30,221,104,117,0,0,0
2025-04-04 17:45,249,129,120,0,0,0
2025-04-04 18:00,223,134,89,0,0,0
2025-04-04 18:15,212,107,105,0,0,0
2025-04-04 18:30,191,101,90,0,0,0
2025-04-04 18:45,184,91,93,0,0,0
2025-04-04 19:00,201,111,90,0,0,0
2025-04-04 19:15,199,92,107,0,0,0
2025-04-04 19:30,160,88,72,0,0,0
2025-04-04 19:45,136,63,73,0,0,0
2025-04-04 20:00,147,63,84,0,0,0
2025-04-04 20:15,160,92,68,0,0,0
2025-04-04 20:30,122,70,52,0,0,0
2025-04-04 20:45,97,43,54,0,0,0
2025-04-04 21:00,81,48,33,0,0,0
2025-04-04 21:15,107,48,59,0,0,0
2025-04-04 21:30,68,32,36,0,0,0
2025-04-04 21:45,77,45,32,0,0,0
2025-04-04 22:00,103,69,34,0,0,0
2025-04-04 22:15,98,54,44,0,0,0
2025-04-04 22:30,119,65,54,0,0,0
2025-04-04 22:45,99,52,47,0,0,0
2025-04-04 23:00,87,59,28,0,0,0
2025-04-04 23:15,97,49,48,0,0,0
2025-04-04 23:30,86,43,43,0,0,0
2025-04-04 23:45,56,33,23,0,0,0
2025-04-05 00:00,70,50,20,0,0,0
2025-04-05 00:15,61,43,18,0,0,0
2025-04-05 00:30,64,37,27,0,0,0
2025-04-05 00:45,46,22,24,0,0,0
2025-04-05 01:00,47,24,23,0,0,0
2025-04-05 01:15,32,16,16,0,0,0
2025-04-05 01:30,32,15,17,0,0,0
2025-04-05 01:45,43,28,15,0,0,0
2025-04-05 02:00,30,13,17,0,0,0
2025-04-05 02:15,27,12,15,0,0,0
2025-04-05 02:30,20,3,17,0,0,0
2025-04-05 02:45,22,8,14,0,0,0
2025-04-05 03:00,30,11,19,0,0,0
2025-04-05 03:15,15,4,11,0,0,0
2025-04-05 03:30,20,14,6,0,0,0
2025-04-05 03:45,12,7,5,0,0,0
2025-04-05 04:00,20,2,18,0,0,0
2025-04-05 04:15,7,3,4,0,0,0
2025-04-05 04:30,9,3,6,0,0,0
2025-04-05 04:45,6,3,3,0,0,0
2025-04-05 05:00,7,1,6,0,0,0
2025-04-05 05:15,9,4,5,0,0,0
2025-04-05 05:30,16,3,13,0,0,0
2025-04-05 05:45,12,2,10,0,0,0
2025-04-05 06:00,7,5,2,0,0,0
2025-04-05 06:15,16,4,12,0,0,0
2025-04-05 06:30,10,4,6,0,0,0
2025-04-05 06:45,13,7,6,0,0,0
2025-04-05 07:00,13,6,7,0,0,0
2025-04-05 07:15,16,7,9,0,0,0
2025-04-05 07:30,33,14,19,0,0,0
2025-04-05 07:45,49,18,31,0,0,0
2025-04-05 08:00,38,14,24,0,0,0
2025-04-05 08:15,55,21,34,0,0,0
2025-04-05 08:30,67,24,43,0,0,0
2025-04-05 08:45,88,34,54,0,0,0
2025-04-05 09:00,82,38,44,0,0,0
2025-04-05 09:15,85,30,55,0,0,0
2025-04-05 09:30,99,35,64,0,0,0
2025-04-05 09:45,177,49,128,0,0,0
2025-04-05 10:00,129,34,95,0,0,0
2025-04-05 10:15,150,45,105,0,0,0
2025-04-05 10:30,159,57,102,0,0,0
2025-04-05 10:45,170,50,120,0,0,0
2025-04-05 11:00,146,45,101,0,0,0
2025-04-05 11:15,174,63,111,0,0,0
2025-04-05 11:30,193,62,131,0,0,0
2025-04-05 11:45,215,77,138,0,0,0
2025-04-05 12:00,203,84,119,0,0,0
2025-04-05 12:15,192,69,123,0,0,0
2025-04-05 12:30,194,75,119,0,0,0
2025-04-05 12:45,204,80,124,0,0,0
2025-04-05 13:00,200,90,110,0,0,0
2025-04-05 13:15,169,72,97,0,0,0
2025-04-05 13:30,203,99,104,0,0,0
2025-04-05 13:45,225,115,110,0,0,0
2025-04-05 14:00,174,104,70,0,0,0
2025-04-05 14:15,191,110,81,0,0,0
2025-04-05 14:30,194,100,94,0,0,0
2025-04-05 14:45,180,89,91,0,0,0
2025-04-05 15:00,169,105,64,0,0,0
2025-04-05 15:15,166,102,64,0,0,0
2025-04-05 15:30,170,98,72,0,0,0
2025-04-05 15:45,158,87,71,0,0,0
2025-04-05 16:00,171,99,72,0,0,0
2025-04-05 16:15,158,79,79,0,0,0
2025-04-05 16:30,143,81,62,0,0,0
2025-04-05 16:45,157,84,73,0,0,0
2025-04-05 17:00,164,107,57,0,0,0
2025-04-05 17:15,149,100,49,0,0,0
2025-04-05 17:30,141,72,69,0,0,0
2025-04-05 17:45,160,103,57,0,0,0
2025-04-05 18:00,116,65,51,0,0,0
2025-04-05 18:15,136,83,53,0,0,0
2025-04-05 18:30,152,82,70,0,0,0
2025-04-05 18:45,146,72,74,0,0,0
2025-04-05 19:00,166,99,67,0,0,0
2025-04-05 19:15,123,72,51,0,0,0
2025-04-05 19:30,126,75,51,0,0,0
2025-04-05 19:45,131,70,61,0,0,0
2025-04-05 20:00,110,61,49,0,0,0
2025-04-05 20:15,99,44,55,0,0,0
2025-04-05 20:30,76,45,31,0,0,0
2025-04-05 20:45,66,36,30,0,0,0
2025-04-05 21:00,85,43,42,0,0,0
2025-04-05 21:15,73,42,31,0,0,0
2025-04-05 21:30,70,38,32,0,0,0
2025-04-05 21:45,69,26,43,0,0,0
2025-04-05 22:00,72,24,48,0,0,0
2025-04-05 22:15,87,33,54,0,0,0
2025-04-05 22:30,50,23,27,0,0,0
2025-04-05 22:45,66,26,40,0,0,0
2025-04-05 23:00,70,31,39,0,0,0
2025-04-05 23:15,40,19,21,0,0,0
2025-04-05 23:30,49,22,27,0,0,0
2025-04-05 23:45,51,26,25,0,0,0
2025-04-06 00:00,65,36,29,0,0,0
2025-04-06 00:15,49,19,30,0,0,0
2025-04-06 00:30,52,31,21,0,0,0
2025-04-06 00:45,48,28,20,0,0,0
2025-04-06 01:00,43,21,22,0,0,0
2025-04-06 01:15,34,17,17,0,0,0
2025-04-06 01:30,29,11,18,0,0,0
2025-04-06 01:45,19,9,10,0,0,0
2025-04-06 02:00,33,16,17,0,0,0
2025-04-06 02:15,29,10,19,0,0,0
2025-04-06 02:30,26,8,18,0,0,0
2025-04-06 02:45,28,9,19,0,0,0
2025-04-06 03:00,26,10,16,0,0,0
2025-04-06 03:15,27,12,15,0,0,0
2025-04-06 03:30,20,4,16,0,0,0
2025-04-06 03:45,14,5,9,0,0,0
2025-04-06 04:00,9,6,3,0,0,0
2025-04-06 04:15,10,2,8,0,0,0
2025-04-06 04:30,5,2,3,0,0,0
2025-04-06 04:45,7,0,7,0,0,0
2025-04-06 05:00,3,2,1,0,0,0
2025-04-06 05:15,6,0,6,0,0,0
2025-04-06 05:30,12,2,10,0,0,0
2025-04-06 05:45,8,3,5,0,0,0
2025-04-06 06:00,7,1,6,0,0,0
2025-04-06 06:15,7,2,5,0,0,0
2025-04-06 06:30,12,4,8,0,0,0
2025-04-06 06:45,6,1,5,0,0,0
2025-04-06 07:00,11,4,7,0,0,0
2025-04-06 07:15,4,2,2,0,0,0
2025-04-06 07:30,7,4,3,0,0,0
2025-04-06 07:45,10,3,7,0,0,0
2025-04-06 08:00,11,5,6,0,0,0
2025-04-06 08:15,17,7,10,0,0,0
2025-04-06 08:30,23,11,12,0,0,0
2025-04-06 08:45,31,12,19,0,0,0
2025-04-06 09:00,20,7,13,0,0,0
2025-04-06 09:15,26,9,17,0,0,0
2025-04-06 09:30,49,15,34,0,0,0
2025-04-06 09:45,63,35,28,0,0,0
2025-04-06 10:00,66,38,28,0,0,0
2025-04-06 10:15,76,42,34,0,0,0
2025-04-06 10:30,83,34,49,0,0,0
2025-04-06 10:45,81,43,38,0,0,0
2025-04-06 11:00,80,51,29,0,0,0
2025-04-06 11:15,79,32,47,0,0,0
2025-04-06 11:30,91,38,53,0,0,0
2025-04-06 11:45,101,49,52,0,0,0
2025-04-06 12:00,104,55,49,0,0,0
2025-04-06 12:15,85,44,41,0,0,0
2025-04-06 12:30,100,42,58,0,0,0
2025-04-06 12:45,99,45,54,0,0,0
2025-04-06 13:00,125,65,60,0,0,0
2025-04-06 13:15,123,58,65,0,0,0
2025-04-06 13:30,95,45,50,0,0,0
2025-04-06 13:45,151,68,83,0,0,0
2025-04-06 14:00,120,47,73,0,0,0
2025-04-06 14:15,160,57,103,0,0,0
2025-04-06 14:30,113,58,55,0,0,0
2025-04-06 14:45,146,65,81,0,0,0
2025-04-06 15:00,108,50,58,0,0,0
2025-04-06 15:15,105,44,61,0,0,0
2025-04-06 15:30,134,57,77,0,0,0
2025-04-06 15:45,137,61,76,0,0,0
2025-04-06 16:00,133,58,75,0,0,0
2025-04-06 16:15,116,52,64,0,0,0
2025-04-06 16:30,116,53,63,0,0,0
2025-04-06 16:45,121,46,75,0,0,0
2025-04-06 17:00,148,74,74,0,0,0
2025-04-06 17:15,122,49,73,0,0,0
2025-04-06 17:30,136,65,71,0,0,0
2025-04-06 17:45,138,63,75,0,0,0
2025-04-06 18:00,98,48,50,0,0,0
2025-04-06 18:15,106,56,50,0,0,0
2025-04-06 18:30,88,44,44,0,0,0
2025-04-06 18:45,106,51,55,0,0,0
2025-04-06 19:00,91,37,54,0,0,0
2025-04-06 19:15,92,42,50,0,0,0
2025-04-06 19:30,89,31,58,0,0,0
2025-04-06 19:45,82,31,51,0,0,0
2025-04-06 20:00,76,38,38,0,0,0
2025-04-06 20:15,74,47,27,0,0,0
2025-04-06 20:30,68,30,38,0,0,0
2025-04-06 20:45,44,19,25,0,0,0
2025-04-06 21:00,67,35,32,0,0,0
2025-04-06 21:15,43,18,25,0,0,0
2025-04-06 21:30,50,25,25,0,0,0
2025-04-06 21:45,38,20,18,0,0,0
2025-04-06 22:00,24,11,13,0,0,0
2025-04-06 22:15,32,13,19,0,0,0
2025-04-06 22:30,35,19,16,0,0,0
2025-04-06 22:45,18,12,6,0,0,0
2025-04-06 23:00,18,10,8,0,0,0
2025-04-06 23:15,17,3,14,0,0,0
2025-04-06 23:30,6,0,6,0,0,0
2025-04-06 23:45,11,6,5,0,0,0
2025-04-07 00:00,12,5,7,0,0,0
2025-04-07 00:15,7,2,5,0,0,0
2025-04-07 00:30,8,2,6,0,0,0
2025-04-07 00:45,6,4,2,0,0,0
2025-04-07 01:00,1,0,1,0,0,0
2025-04-07 01:15,1,0,1,0,0,0
2025-04-07 01:30,3,2,1,0,0,0
2025-04-07 01:45,1,0,1,0,0,0
2025-04-07 02:00,2,1,1,0,0,0
2025-04-07 02:15,0,0,0,0,0,0
2025-04-07 02:30,2,0,2,0,0,0
2025-04-07 02:45,0,0,0,0,0,0
2025-04-07 03:00,0,0,0,0,0,0
2025-04-07 03:15,0,0,0,0,0,0
2025-04-07 03:30,0,0,0,0,0,0
2025-04-07 03:45,2,1,1,0,0,0
2025-04-07 04:00,1,0,1,0,0,0
2025-04-07 04:15,1,0,1,0,0,0
2025-04-07 04:30,1,1,0,0,0,0
2025-04-07 04:45,4,2,2,0,0,0
2025-04-07 05:00,4,2,2,0,0,0
2025-04-07 05:15,15,8,7,0,0,0
2025-04-07 05:30,15,6,9,0,0,0
2025-04-07 05:45,20,5,15,0,0,0
2025-04-07 06:00,18,7,11,0,0,0
2025-04-07 06:15,69,30,39,0,0,0
2025-04-07 06:30,55,13,42,0,0,0
2025-04-07 06:45,80,35,45,0,0,0
2025-04-07 07:00,103,28,75,0,0,0
2025-04-07 07:15,196,63,133,0,0,0
2025-04-07 07:30,311,72,239,0,0,0
2025-04-07 07:45,333,90,243,0,0,0
2025-04-07 08:00,221,76,145,0,0,0
2025-04-07 08:15,211,76,135,0,0,0
2025-04-07 08:30,198,66,132,0,0,0
2025-04-07 08:45,209,55,154,0,0,0
2025-04-07 09:00,131,41,90,0,0,0
2025-04-07 09:15,153,50,103,0,0,0
2025-04-07 09:30,171,44,127,0,0,0
2025-04-07 09:45,200,52,148,0,0,0
2025-04-07 10:00,146,52,94,0,0,0
2025-04-07 10:15,118,44,74,0,0,0
2025-04-07 10:30,122,39,83,0,0,0
2025-04-07 10:45,145,46,99,0,0,0
2025-04-07 11:00,105,39,66,0,0,0
2025-04-07 11:15,148,59,89,0,0,0
2025-04-07 11:30,132,45,87,0,0,0
2025-04-07 11:45,173,62,111,0,0,0
2025-04-07 12:00,153,76,77,0,0,0
2025-04-07 12:15,142,68,74,0,0,0
2025-04-07 12:30,174,95,79,0,0,0
2025-04-07 12:45,171,94,77,0,0,0
2025-04-07 13:00,163,94,69,0,0,0
2025-04-07 13:15,188,107,81,0,0,0
2025-04-07 13:30,143,63,80,0,0,0
2025-04-07 13:45,233,100,133,0,0,0
2025-04-07 14:00,192,100,92,0,0,0
2025-04-07 14:15,182,80,102,0,0,0
2025-04-07 14:30,186,93,93,0,0,0
2025-04-07 14:45,213,100,113,0,0,0
2025-04-07 15:00,192,100,92,0,0,0
2025-04-07 15:15,163,85,78,0,0,0
2025-04-07 15:30,234,123,111,0,0,0
2025-04-07 15:45,247,134,113,0,0,0
2025-04-07 16:00,248,130,118,0,0,0
2025-04-07 16:15,269,140,129,0,0,0
2025-04-07 16:30,242,134,108,0,0,0
2025-04-07 16:45,264,147,117,0,0,0
2025-04-07 17:00,268,157,111,0,0,0
2025-04-07 17:15,260,159,101,0,0,0
2025-04-07 17:30,285,161,124,0,0,0
2025-04-07 17:45,244,139,105,0,0,0
2025-04-07 18:00,224,130,94,0,0,0
2025-04-07 18:15,258,148,110,0,0,0
2025-04-07 18:30,187,92,95,0,0,0
2025-04-07 18:45,228,123,105,0,0,0
2025-04-07 19:00,181,107,74,0,0,0
2025-04-07 19:15,165,98,67,0,0,0
2025-04-07 19:30,159,86,73,0,0,0
2025-04-07 19:45,148,81,67,0,0,0
2025-04-07 20:00,112,66,46,0,0,0
2025-04-07 20:15,109,66,43,0,0,0
2025-04-07 20:30,104,57,47,0,0,0
2025-04-07 20:45,108,62,46,0,0,0
2025-04-07 21:00,75,30,45,0,0,0
2025-04-07 21:15,76,46,30,0,0,0
2025-04-07 21:30,83,36,47,0,0,0
2025-04-07 21:45,65,31,34,0,0,0
2025-04-07 22:00,87,47,40,0,0,0
2025-04-07 22:15,63,34,29,0,0,0
2025-04-07 22:30,48,29,19,0,0,0
2025-04-07 22:45,52,25,27,0,0,0
2025-04-07 23:00,48,26,22,0,0,0
2025-04-07 23:15,32,16,16,0,0,0
2025-04-07 23:30,27,16,11,0,0,0
2025-04-07 23:45,22,14,8,0,0,0
2025-04-08 00:00,14,7,7,0,0,0
2025-04-08 00:15,13,6,7,0,0,0
2025-04-08 00:30,6,3,3,0,0,0
2025-04-08 00:45,12,8,4,0,0,0
2025-04-08 01:00,10,5,5,0,0,0
2025-04-08 01:15,5,5,0,0,0,0
2025-04-08 01:30,4,3,1,0,0,0
2025-04-08 01:45,4,0,4,0,0,0
2025-04-08 02:00,8,2,6,0,0,0
2025-04-08 02:15,4,4,0,0,0,0
2025-04-08 02:30,2,1,1,0,0,0
2025-04-08 02:45,1,1,0,0,0,0
2025-04-08 03:00,1,0,1,0,0,0
2025-04-08 03:15,1,1,0,0,0,0
2025-04-08 03:30,2,1,1,0,0,0
2025-04-08 03:45,2,1,1,0,0,0
2025-04-08 04:00,0,0,0,0,0,0
2025-04-08 04:15,3,1,2,0,0,0
2025-04-08 04:30,0,0,0,0,0,0
2025-04-08 04:45,5,3,2,0,0,0
2025-04-08 05:00,7,4,3,0,0,0
2025-04-08 05:15,13,6,7,0,0,0
2025-04-08 05:30,17,6,11,0,0,0
2025-04-08 05:45,23,6,17,0,0,0
2025-04-08 06:00,23,9,14,0,0,0
2025-04-08 06:15,55,23,32,0,0,0
2025-04-08 06:30,75,23,52,0,0,0
2025-04-08 06:45,87,44,43,0,0,0
2025-04-08 07:00,103,25,78,0,0,0
2025-04-08 07:15,184,64,120,0,0,0
2025-04-08 07:30,319,65,254,0,0,0
2025-04-08 07:45,329,94,235,0,0,0
2025-04-08 08:00,281,82,199,0,0,0
2025-04-08 08:15,244,78,166,0,0,0
2025-04-08 08:30,226,71,155,0,0,0
2025-04-08 08:45,207,72,135,0,0,0
2025-04-08 09:00,127,42,85,0,0,0
2025-04-08 09:15,143,35,108,0,0,0
2025-04-08 09:30,162,41,121,0,0,0
2025-04-08 09:45,212,46,166,0,0,0
2025-04-08 10:00,170,48,122,0,0,0
2025-04-08 10:15,131,66,65,0,0,0
2025-04-08 10:30,115,35,80,0,0,0
2025-04-08 10:45,145,50,95,0,0,0
2025-04-08 11:00,120,45,75,0,0,0
2025-04-08 11:15,143,46,97,0,0,0
2025-04-08 11:30,158,54,104,0,0,0
2025-04-08 11:45,172,76,96,0,0,0
2025-04-08 12:00,148,71,77,0,0,0
2025-04-08 12:15,172,85,87,0,0,0
2025-04-08 12:30,157,74,83,0,0,0
2025-04-08 12:45,185,98,87,0,0,0
2025-04-08 13:00,185,104,81,0,0,0
2025-04-08 13:15,194,100,94,0,0,0
2025-04-08 13:30,158,80,78,0,0,0
2025-04-08 13:45,240,118,122,0,0,0
2025-04-08 14:00,209,113,96,0,0,0
2025-04-08 14:15,178,103,75,0,0,0
2025-04-08 14:30,180,94,86,0,0,0
2025-04-08 14:45,224,114,110,0,0,0
2025-04-08 15:00,213,129,84,0,0,0
2025-04-08 15:15,213,106,107,0,0,0
2025-04-08 15:30,221,107,114,0,0,0
2025-04-08 15:45,302,162,140,0,0,0
2025-04-08 16:00,276,164,112,0,0,0
2025-04-08 16:15,250,161,89,0,0,0
2025-04-08 16:30,237,122,115,0,0,0
2025-04-08 16:45,298,160,138,0,0,0
2025-04-08 17:00,239,131,108,0,0,0
2025-04-08 17:15,292,175,117,0,0,0
2025-04-08 17:30,236,135,101,0,0,0
2025-04-08 17:45,304,168,136,0,0,0
2025-04-08 18:00,288,170,118,0,0,0
2025-04-08 18:15,246,135,111,0,0,0
2025-04-08 18:30,221,132,89,0,0,0
2025-04-08 18:45,218,127,91,0,0,0
2025-04-08 19:00,173,105,68,0,0,0
2025-04-08 19:15,181,98,83,0,0,0
2025-04-08 19:30,161,100,61,0,0,0
2025-04-08 19:45,167,87,80,0,0,0
2025-04-08 20:00,155,84,71,0,0,0
2025-04-08 20:15,115,66,49,0,0,0
2025-04-08 20:30,117,45,72,0,0,0
2025-04-08 20:45,87,51,36,0,0,0
2025-04-08 21:00,73,42,31,0,0,0
2025-04-08 21:15,106,56,50,0,0,0
2025-04-08 21:30,77,41,36,0,0,0
2025-04-08 21:45,79,44,35,0,0,0
2025-04-08 22:00,72,42,30,0,0,0
2025-04-08 22:15,73,41,32,0,0,0
2025-04-08 22:30,56,31,25,0,0,0
2025-04-08 22:45,81,31,50,0,0,0
2025-04-08 23:00,96,29,67,0,0,0
2025-04-08 23:15,63,25,38,0,0,0
2025-04-08 23:30,33,14,19,0,0,0
2025-04-08 23:45,35,15,20,0,0,0
2025-04-09 00:00,23,14,9,0,0,0
2025-04-09 00:15,14,3,11,0,0,0
2025-04-09 00:30,19,2,17,0,0,0
2025-04-09 00:45,9,4,5,0,0,0
2025-04-09 01:00,12,5,7,0,0,0
2025-04-09 01:15,8,6,2,0,0,0
2025-04-09 01:30,8,6,2,0,0,0
2025-04-09 01:45,7,2,5,0,0,0
2025-04-09 02:00,4,1,3,0,0,0
2025-04-09 02:15,0,0,0,0,0,0
2025-04-09 02:30,2,2,0,0,0,0
2025-04-09 02:45,2,0,2,0,0,0
2025-04-09 03:00,1,0,1,0,0,0
2025-04-09 03:15,2,0,2,0,0,0
2025-04-09 03:30,1,0,1,0,0,0
2025-04-09 03:45,0,0,0,0,0,0
2025-04-09 04:00,2,0,2,0,0,0
2025-04-09 04:15,3,1,2,0,0,0
2025-04-09 04:30,2,1,1,0,0,0
2025-04-09 04:45,5,2,3,0,0,0
2025-04-09 05:00,6,5,1,0,0,0
2025-04-09 05:15,14,5,9,0,0,0
2025-04-09 05:30,15,6,9,0,0,0
2025-04-09 05:45,18,4,14,0,0,0
2025-04-09 06:00,23,9,14,0,0,0
2025-04-09 06:15,57,18,39,0,0,0
2025-04-09 06:30,64,27,37,0,0,0
2025-04-09 06:45,90,39,51,0,0,0
2025-04-09 07:00,101,38,63,0,0,0
2025-04-09 07:15,191,55,136,0,0,0
2025-04-09 07:30,331,67,264,0,0,0
2025-04-09 07:45,338,100,238,0,0,0
2025-04-09 08:00,265,79,186,0,0,0
2025-04-09 08:15,242,76,166,0,0,0
2025-04-09 08:30,236,74,162,0,0,0
2025-04-09 08:45,224,61,163,0,0,0
2025-04-09 09:00,168,57,111,0,0,0
2025-04-09 09:15,157,49,108,0,0,0
2025-04-09 09:30,186,47,139,0,0,0
2025-04-09 09:45,260,58,202,0,0,0
2025-04-09 10:00,164,60,104,0,0,0
2025-04-09 10:15,153,64,89,0,0,0
2025-04-09 10:30,164,62,102,0,0,0
2025-04-09 10:45,147,39,108,0,0,0
2025-04-09 11:00,148,60,88,0,0,0
2025-04-09 11:15,139,54,85,0,0,0
2025-04-09 11:30,183,67,116,0,0,0
2025-04-09 11:45,208,85,123,0,0,0
2025-04-09 12:00,185,82,103,0,0,0
2025-04-09 12:15,176,79,97,0,0,0
2025-04-09 12:30,180,105,75,0,0,0
2025-04-09 12:45,217,92,125,0,0,0
2025-04-09 13:00,207,110,97,0,0,0
2025-04-09 13:15,204,111,93,0,0,0
2025-04-09 13:30,172,91,81,0,0,0
2025-04-09 13:45,237,125,112,0,0,0
2025-04-09 14:00,236,141,95,0,0,0
2025-04-09 14:15,199,118,81,0,0,0
2025-04-09 14:30,187,105,82,0,0,0
2025-04-09 14:45,202,104,98,0,0,0
2025-04-09 15:00,160,97,63,0,0,0
2025-04-09 15:15,199,113,86,0,0,0
2025-04-09 15:30,216,108,108,0,0,0
2025-04-09 15:45,255,125,130,0,0,0
2025-04-09 16:00,249,136,113,0,0,0
2025-04-09 16:15,213,123,90,0,0,0
2025-04-09 16:30,243,125,118,0,0,0
2025-04-09 16:45,275,142,133,0,0,0
2025-04-09 17:00,247,122,125,0,0,0
2025-04-09 17:15,269,134,135,0,0,0
2025-04-09 17:30,245,130,115,0,0,0
2025-04-09 17:45,279,159,120,0,0,0
2025-04-09 18:00,253,151,102,0,0,0
2025-04-09 18:15,241,127,114,0,0,0
2025-04-09 18:30,237,122,115,0,0,0
2025-04-09 18:45,226,130,96,0,0,0
2025-04-09 19:00,198,120,78,0,0,0
2025-04-09 19:15,180,110,70,0,0,0
2025-04-09 19:30,187,100,87,0,0,0
2025-04-09 19:45,172,90,82,0,0,0
2025-04-09 20:00,163,74,89,0,0,0
2025-04-09 20:15,161,87,74,0,0,0
2025-04-09 20:30,111,61,50,0,0,0
2025-04-09 20:45,96,51,45,0,0,0
2025-04-09 21:00,91,43,48,0,0,0
2025-04-09 21:15,83,50,33,0,0,0
2025-04-09 21:30,86,47,39,0,0,0
2025-04-09 21:45,100,58,42,0,0,0
2025-04-09 22:00,104,57,47,0,0,0
2025-04-09 22:15,86,49,37,0,0,0
2025-04-09 22:30,70,32,38,0,0,0
2025-04-09 22:45,88,39,49,0,0,0
2025-04-09 23:00,113,53,60,0,0,0
2025-04-09 23:15,70,30,40,0,0,0
2025-04-09 23:30,52,23,29,0,0,0
2025-04-09 23:45,28,10,18,0,0,0
2025-04-10 00:00,41,29,12,0,0,0
2025-04-10 00:15,35,18,17,0,0,0
2025-04-10 00:30,23,11,12,0,0,0
2025-04-10 00:45,26,5,21,0,0,0
2025-04-10 01:00,23,15,8,0,0,0
2025-04-10 01:15,8,6,2,0,0,0
2025-04-10 01:30,17,15,2,0,0,0
2025-04-10 01:45,15,11,4,0,0,0
2025-04-10 02:00,13,10,3,0,0,0
2025-04-10 02:15,3,2,1,0,0,0
2025-04-10 02:30,7,4,3,0,0,0
2025-04-10 02:45,5,4,1,0,0,0
2025-04-10 03:00,5,4,1,0,0,0
2025-04-10 03:15,8,6,2,0,0,0
2025-04-10 03:30,5,5,0,0,0,0
2025-04-10 03:45,7,5,2,0,0,0
2025-04-10 04:00,2,2,0,0,0,0
2025-04-10 04:15,1,1,0,0,0,0
2025-04-10 04:30,4,4,0,0,0,0
2025-04-10 04:45,4,4,0,0,0,0
2025-04-10 05:00,4,2,2,0,0,0
2025-04-10 05:15,13,9,4,0,0,0
2025-04-10 05:30,19,7,12,0,0,0
2025-04-10 05:45,18,10,8,0,0,0
2025-04-10 06:00,30,9,21,0,0,0
2025-04-10 06:15,55,21,34,0,0,0
2025-04-10 06:30,54,18,36,0,0,0
2025-04-10 06:45,84,41,43,0,0,0
2025-04-10 07:00,115,36,79,0,0,0
2025-04-10 07:15,167,36,131,0,0,0
2025-04-10 07:30,315,77,238,0,0,0
2025-04-10 07:45,329,105,224,0,0,0
2025-04-10 08:00,231,70,161,0,0,0
2025-04-10 08:15,208,62,146,0,0,0
2025-04-10 08:30,222,70,152,0,0,0
2025-04-10 08:45,224,68,156,0,0,0
2025-04-10 09:00,140,52,88,0,0,0
2025-04-10 09:15,135,56,79,0,0,0
2025-04-10 09:30,168,49,119,0,0,0
2025-04-10 09:45,202,56,146,0,0,0
2025-04-10 10:00,172,66,106,0,0,0
2025-04-10 10:15,116,44,72,0,0,0
2025-04-10 10:30,115,44,71,0,0,0
2025-04-10 10:45,137,61,76,0,0,0
2025-04-10 11:00,101,32,69,0,0,0
2025-04-10 11:15,113,42,71,0,0,0
2025-04-10 11:30,124,56,68,0,0,0
2025-04-10 11:45,204,70,134,0,0,0
2025-04-10 12:00,152,64,88,0,0,0
2025-04-10 12:15,131,58,73,0,0,0
2025-04-10 12:30,171,100,71,0,0,0
2025-04-10 12:45,165,79,86,0,0,0
2025-04-10 13:00,155,85,70,0,0,0
2025-04-10 13:15,199,119,80,0,0,0
2025-04-10 13:30,159,81,78,0,0,0
2025-04-10 13:45,202,86,116,0,0,0
2025-04-10 14:00,219,115,104,0,0,0
2025-04-10 14:15,177,87,90,0,0,0
2025-04-10 14:30,224,102,122,0,0,0
2025-04-10 14:45,185,102,83,0,0,0
2025-04-10 15:00,185,110,75,0,0,0
2025-04-10 15:15,200,111,89,0,0,0
2025-04-10 15:30,225,128,97,0,0,0
2025-04-10 15:45,236,125,111,0,0,0
2025-04-10 16:00,269,138,131,0,0,0
2025-04-10 16:15,219,131,88,0,0,0
2025-04-10 16:30,267,142,125,0,0,0
2025-04-10 16:45,255,135,120,0,0,0
2025-04-10 17:00,268,141,127,0,0,0
2025-04-10 17:15,251,117,134,0,0,0
2025-04-10 17:30,256,137,119,0,0,0
2025-04-10 17:45,281,154,127,0,0,0
2025-04-10 18:00,257,159,98,0,0,0
2025-04-10 18:15,244,133,111,0,0,0
2025-04-10 18:30,181,88,93,0,0,0
2025-04-10 18:45,189,105,84,0,0,0
2025-04-10 19:00,196,108,88,0,0,0
2025-04-10 19:15,175,97,78,0,0,0
2025-04-10 19:30,148,90,58,0,0,0
2025-04-10 19:45,176,98,78,0,0,0
2025-04-10 20:00,172,89,83,0,0,0
2025-04-10 20:15,123,61,62,0,0,0
2025-04-10 20:30,92,47,45,0,0,0
2025-04-10 20:45,91,55,36,0,0,0
2025-04-10 21:00,91,68,23,0,0,0
2025-04-10 21:15,87,50,37,0,0,0
2025-04-10 21:30,99,44,55,0,0,0
2025-04-10 21:45,105,58,47,0,0,0
2025-04-10 22:00,108,47,61,0,0,0
2025-04-10 22:15,84,44,40,0,0,0
2025-04-10 22:30,71,40,31,0,0,0
2025-04-10 22:45,86,43,43,0,0,0
2025-04-10 23:00,55,27,28,0,0,0
2025-04-10 23:15,36,17,19,0,0,0
2025-04-10 23:30,38,21,17,0,0,0
2025-04-10 23:45,30,18,12,0,0,0
2025-04-11 00:00,23,8,15,0,0,0
2025-04-11 00:15,25,14,11,0,0,0
2025-04-11 00:30,23,11,12,0,0,0
2025-04-11 00:45,7,7,0,0,0,0
2025-04-11 01:00,9,2,7,0,0,0
2025-04-11 01:15,12,4,8,0,0,0
2025-04-11 01:30,13,6,7,0,0,0
2025-04-11 01:45,18,3,15,0,0,0
2025-04-11 02:00,6,0,6,0,0,0
2025-04-11 02:15,9,1,8,0,0,0
2025-04-11 02:30,3,0,3,0,0,0
2025-04-11 02:45,3,0,3,0,0,0
2025-04-11 03:00,12,2,10,0,0,0
2025-04-11 03:15,4,1,3,0,0,0
2025-04-11 03:30,5,0,5,0,0,0
2025-04-11 03:45,6,0,6,0,0,0
2025-04-11 04:00,3,1,2,0,0,0
2025-04-11 04:15,3,2,1,0,0,0
2025-04-11 04:30,5,2,3,0,0,0
2025-04-11 04:45,4,2,2,0,0,0
2025-04-11 05:00,10,6,4,0,0,0
2025-04-11 05:15,11,5,6,0,0,0
2025-04-11 05:30,14,6,8,0,0,0
2025-04-11 05:45,21,6,15,0,0,0
2025-04-11 06:00,26,8,18,0,0,0
2025-04-11 06:15,48,18,30,0,0,0
2025-04-11 06:30,48,18,30,0,0,0
2025-04-11 06:45,86,38,48,0,0,0
2025-04-11 07:00,98,31,67,0,0,0
2025-04-11 07:15,150,49,101,0,0,0
2025-04-11 07:30,286,64,222,0,0,0
2025-04-11 07:45,253,80,173,0,0,0
2025-04-11 08:00,191,55,136,0,0,0
2025-04-11 08:15,180,63,117,0,0,0
2025-04-11 08:30,175,57,118,0,0,0
2025-04-11 08:45,186,60,126,0,0,0
2025-04-11 09:00,148,40,108,0,0,0
2025-04-11 09:15,109,38,71,0,0,0
2025-04-11 09:30,132,50,82,0,0,0
2025-04-11 09:45,227,64,163,0,0,0
2025-04-11 10:00,148,56,92,0,0,0
2025-04-11 10:15,115,45,70,0,0,0
2025-04-11 10:30,129,47,82,0,0,0
2025-04-11 10:45,153,55,98,0,0,0
2025-04-11 11:00,138,61,77,0,0,0
2025-04-11 11:15,133,60,73,0,0,0
2025-04-11 11:30,128,51,77,0,0,0
2025-04-11 11:45,173,75,98,0,0,0
2025-04-11 12:00,180,86,94,0,0,0
2025-04-11 12:15,190,93,97,0,0,0
2025-04-11 12:30,164,69,95,0,0,0
2025-04-11 12:45,208,107,101,0,0,0
2025-04-11 13:00,214,119,95,0,0,0
2025-04-11 13:15,187,93,94,0,0,0
2025-04-11 13:30,226,116,110,0,0,0
2025-04-11 13:45,235,138,97,0,0,0
2025-04-11 14:00,227,118,109,0,0,0
2025-04-11 14:15,243,130,113,0,0,0
2025-04-11 14:30,197,102,95,0,0,0
2025-04-11 14:45,215,130,85,0,0,0
2025-04-11 15:00,219,112,107,0,0,0
2025-04-11 15:15,197,98,99,0,0,0
2025-04-11 15:30,207,107,100,0,0,0
2025-04-11 15:45,214,101,113,0,0,0
2025-04-11 16:00,236,123,113,0,0,0
2025-04-11 16:15,218,108,110,0,0,0
2025-04-11 16:30,218,104,114,0,0,0
2025-04-11 16:45,216,103,113,0,0,0
2025-04-11 17:00,218,108,110,0,0,0
2025-04-11 17:15,241,124,117,0,0,0
2025-04-11 17:30,210,112,98,0,0,0
2025-04-11 17:45,234,134,100,0,0,0
2025-04-11 18:00,210,124,86,0,0,0
2025-04-11 18:15,219,118,101,0,0,0
2025-04-11 18:30,188,102,86,0,0,0
2025-04-11 18:45,233,109,124,0,0,0
2025-04-11 19:00,176,89,87,0,0,0
2025-04-11 19:15,148,85,63,0,0,0
2025-04-11 19:30,173,93,80,0,0,0
2025-04-11 19:45,154,70,84,0,0,0
2025-04-11 20:00,132,63,69,0,0,0
2025-04-11 20:15,116,62,54,0,0,0
2025-04-11 20:30,110,54,56,0,0,0
2025-04-11 20:45,76,48,28,0,0,0
2025-04-11 21:00,92,34,58,0,0,0
2025-04-11 21:15,101,65,36,0,0,0
2025-04-11 21:30,75,48,27,0,0,0
2025-04-11 21:45,84,51,33,0,0,0
2025-04-11 22:00,111,67,44,0,0,0
2025-04-11 22:15,68,40,28,0,0,0
2025-04-11 22:30,93,62,31,0,0,0
2025-04-11 22:45,80,46,34,0,0,0
2025-04-11 23:00,78,32,46,0,0,0
2025-04-11 23:15,57,35,22,0,0,0
2025-04-11 23:30,67,43,24,0,0,0
2025-04-11 23:45,66,34,32,0,0,0
2025-04-12 00:00,65,41,24,0,0,0
2025-04-12 00:15,64,33,31,0,0,0
2025-04-12 00:30,53,28,25,0,0,0
2025-04-12 00:45,41,23,18,0,0,0
2025-04-12 01:00,52,23,29,0,0,0
2025-04-12 01:15,44,19,25,0,0,0
2025-04-12 01:30,27,16,11,0,0,0
2025-04-12 01:45,31,13,18,0,0,0
2025-04-12 02:00,21,13,8,0,0,0
2025-04-12 02:15,27,10,17,0,0,0
2025-04-12 02:30,36,15,21,0,0,0
2025-04-12 02:45,18,5,13,0,0,0
2025-04-12 03:00,24,6,18,0,0,0
2025-04-12 03:15,22,6,16,0,0,0
2025-04-12 03:30,20,2,18,0,0,0
2025-04-12 03:45,18,6,12,0,0,0
2025-04-12 04:00,12,8,4,0,0,0
2025-04-12 04:15,17,3,14,0,0,0
2025-04-12 04:30,10,3,7,0,0,0
2025-04-12 04:45,2,1,1,0,0,0
2025-04-12 05:00,6,2,4,0,0,0
2025-04-12 05:15,5,4,1,0,0,0
2025-04-12 05:30,15,5,10,0,0,0
2025-04-12 05:45,14,4,10,0,0,0
2025-04-12 06:00,10,2,8,0,0,0
2025-04-12 06:15,10,4,6,0,0,0
2025-04-12 06:30,13,4,9,0,0,0
2025-04-12 06:45,19,9,10,0,0,0
2025-04-12 07:00,23,14,9,0,0,0
2025-04-12 07:15,26,6,20,0,0,0
2025-04-12 07:30,21,6,15,0,0,0
2025-04-12 07:45,43,15,28,0,0,0
2025-04-12 08:00,52,26,26,0,0,0
2025-04-12 08:15,48,18,30,0,0,0
2025-04-12 08:30,69,20,49,0,0,0
2025-04-12 08:45,108,28,80,0,0,0
2025-04-12 09:00,64,23,41,0,0,0
2025-04-12 09:15,80,20,60,0,0,0
2025-04-12 09:30,97,35,62,0,0,0
2025-04-12 09:45,152,48,104,0,0,0
2025-04-12 10:00,149,50,99,0,0,0
2025-04-12 10:15,172,65,107,0,0,0
2025-04-12 10:30,162,31,131,0,0,0
2025-04-12 10:45,197,67,130,0,0,0
2025-04-12 11:00,173,53,120,0,0,0
2025-04-12 11:15,185,59,126,0,0,0
2025-04-12 11:30,200,75,125,0,0,0
2025-04-12 11:45,253,83,170,0,0,0
2025-04-12 12:00,182,77,105,0,0,0
2025-04-12 12:15,208,83,125,0,0,0
2025-04-12 12:30,213,96,117,0,0,0
2025-04-12 12:45,227,86,141,0,0,0
2025-04-12 13:00,235,112,123,0,0,0
2025-04-12 13:15,225,111,114,0,0,0
2025-04-12 13:30,224,106,118,0,0,0
2025-04-12 13:45,232,109,123,0,0,0
2025-04-12 14:00,208,119,89,0,0,0
2025-04-12 14:15,211,97,114,0,0,0
2025-04-12 14:30,223,111,112,0,0,0
2025-04-12 14:45,221,129,92,0,0,0
2025-04-12 15:00,221,124,97,0,0,0
2025-04-12 15:15,207,117,90,0,0,0
2025-04-12 15:30,204,99,105,0,0,0
2025-04-12 15:45,154,91,63,0,0,0
2025-04-12 16:00,187,99,88,0,0,0
2025-04-12 16:15,189,104,85,0,0,0
2025-04-12 16:30,199,109,90,0,0,0
2025-04-12 16:45,199,116,83,0,0,0
2025-04-12 17:00,188,105,83,0,0,0
2025-04-12 17:15,177,95,82,0,0,0
2025-04-12 17:30,197,95,102,0,0,0
2025-04-12 17:45,190,90,100,0,0,0
2025-04-12 18:00,182,102,80,0,0,0
2025-04-12 18:15,177,99,78,0,0,0
2025-04-12 18:30,160,85,75,0,0,0
2025-04-12 18:45,180,100,80,0,0,0
2025-04-12 19:00,141,83,58,0,0,0
2025-04-12 19:15,164,91,73,0,0,0
2025-04-12 19:30,143,73,70,0,0,0
2025-04-12 19:45,120,42,78,0,0,0
2025-04-12 20:00,127,72,55,0,0,0
2025-04-12 20:15,115,59,56,0,0,0
2025-04-12 20:30,114,68,46,0,0,0
2025-04-12 20:45,103,54,49,0,0,0
2025-04-12 21:00,133,43,90,0,0,0
2025-04-12 21:15,98,52,46,0,0,0
2025-04-12 21:30,92,42,50,0,0,0
2025-04-12 21:45,79,37,42,0,0,0
2025-04-12 22:00,88,50,38,0,0,0
2025-04-12 22:15,58,28,30,0,0,0
2025-04-12 22:30,60,28,32,0,0,0
2025-04-12 22:45,84,22,62,0,0,0
2025-04-12 23:00,88,43,45,0,0,0
2025-04-12 23:15,58,23,35,0,0,0
2025-04-12 23:30,53,26,27,0,0,0
2025-04-12 23:45,43,26,17,0,0,0
2025-04-13 00:00,55,21,34,0,0,0
2025-04-13 00:15,53,30,23,0,0,0
2025-04-13 00:30,40,17,23,0,0,0
2025-04-13 00:45,54,20,34,0,0,0
2025-04-13 01:00,38,20,18,0,0,0
2025-04-13 01:15,52,25,27,0,0,0
2025-04-13 01:30,37,16,21,0,0,0
2025-04-13 01:45,30,12,18,0,0,0
2025-04-13 02:00,34,16,18,0,0,0
2025-04-13 02:15,37,17,20,0,0,0
2025-04-13 02:30,29,9,20,0,0,0
2025-04-13 02:45,23,8,15,0,0,0
2025-04-13 03:00,18,7,11,0,0,0
2025-04-13 03:15,26,11,15,0,0,0
2025-04-13 03:30,28,16,12,0,0,0
2025-04-13 03:45,20,6,14,0,0,0
2025-04-13 04:00,17,5,12,0,0,0
2025-04-13 04:15,7,2,5,0,0,0
2025-04-13 04:30,9,3,6,0,0,0
2025-04-13 04:45,6,0,6,0,0,0
2025-04-13 05:00,3,0,3,0,0,0
2025-04-13 05:15,11,0,11,0,0,0
2025-04-13 05:30,6,2,4,0,0,0
2025-04-13 05:45,10,3,7,0,0,0
2025-04-13 06:00,14,4,10,0,0,0
2025-04-13 06:15,6,2,4,0,0,0
2025-04-13 06:30,7,2,5,0,0,0
2025-04-13 06:45,10,5,5,0,0,0
2025-04-13 07:00,7,4,3,0,0,0
2025-04-13 07:15,10,3,7,0,0,0
2025-04-13 07:30,7,3,4,0,0,0
2025-04-13 07:45,9,3,6,0,0,0
2025-04-13 08:00,8,4,4,0,0,0
2025-04-13 08:15,10,2,8,0,0,0
2025-04-13 08:30,25,12,13,0,0,0
2025-04-13 08:45,30,8,22,0,0,0
2025-04-13 09:00,28,9,19,0,0,0
2025-04-13 09:15,21,8,13,0,0,0
2025-04-13 09:30,40,18,22,0,0,0
2025-04-13 09:45,58,30,28,0,0,0
2025-04-13 10:00,43,17,26,0,0,0
2025-04-13 10:15,32,15,17,0,0,0
2025-04-13 10:30,51,25,26,0,0,0
2025-04-13 10:45,64,23,41,0,0,0
2025-04-13 11:00,69,27,42,0,0,0
2025-04-13 11:15,58,23,35,0,0,0
2025-04-13 11:30,63,29,34,0,0,0
2025-04-13 11:45,64,27,37,0,0,0
2025-04-13 12:00,73,28,45,0,0,0
2025-04-13 12:15,55,18,37,0,0,0
2025-04-13 12:30,62,33,29,0,0,0
2025-04-13 12:45,65,19,46,0,0,0
2025-04-13 13:00,92,48,44,0,0,0
2025-04-13 13:15,76,40,36,0,0,0
2025-04-13 13:30,54,23,31,0,0,0
2025-04-13 13:45,85,48,37,0,0,0
2025-04-13 14:00,73,24,49,0,0,0
2025-04-13 14:15,77,39,38,0,0,0
2025-04-13 14:30,93,46,47,0,0,0
2025-04-13 14:45,123,63,60,0,0,0
2025-04-13 15:00,82,33,49,0,0,0
2025-04-13 15:15,78,31,47,0,0,0
2025-04-13 15:30,72,41,31,0,0,0
2025-04-13 15:45,94,40,54,0,0,0
2025-04-13 16:00,101,65,36,0,0,0
2025-04-13 16:15,107,48,59,0,0,0
2025-04-13 16:30,104,49,55,0,0,0
2025-04-13 16:45,84,46,38,0,0,0
2025-04-13 17:00,77,36,41,0,0,0
2025-04-13 17:15,102,46,56,0,0,0
2025-04-13 17:30,90,47,43,0,0,0
2025-04-13 17:45,109,46,63,0,0,0
2025-04-13 18:00,94,50,44,0,0,0
2025-04-13 18:15,86,28,58,0,0,0
2025-04-13 18:30,72,28,44,0,0,0
2025-04-13 18:45,96,51,45,0,0,0
2025-04-13 19:00,66,26,40,0,0,0
2025-04-13 19:15,67,34,33,0,0,0
2025-04-13 19:30,66,38,28,0,0,0
2025-04-13 19:45,74,34,40,0,0,0
2025-04-13 20:00,54,21,33,0,0,0
2025-04-13 20:15,41,17,24,0,0,0
2025-04-13 20:30,54,24,30,0,0,0
2025-04-13 20:45,54,28,26,0,0,0
2025-04-13 21:00,43,18,25,0,0,0
2025-04-13 21:15,30,15,15,0,0,0
2025-04-13 21:30,23,17,6,0,0,0
2025-04-13 21:45,30,10,20,0,0,0
2025-04-13 22:00,31,5,26,0,0,0
2025-04-13 22:15,27,12,15,0,0,0
2025-04-13 22:30,17,10,7,0,0,0
2025-04-13 22:45,18,8,10,0,0,0
2025-04-13 23:00,19,9,10,0,0,0
2025-04-13 23:15,9,1,8,0,0,0
2025-04-13 23:30,12,7,5,0,0,0
2025-04-13 23:45,12,5,7,0,0,0
2025-04-14 00:00,9,4,5,0,0,0
2025-04-14 00:15,4,3,1,0,0,0
2025-04-14 00:30,5,1,4,0,0,0
2025-04-14 00:45,2,0,2,0,0,0
2025-04-14 01:00,5,2,3,0,0,0
2025-04-14 01:15,0,0,0,0,0,0
2025-04-14 01:30,1,0,1,0,0,0
2025-04-14 01:45,2,2,0,0,0,0
2025-04-14 02:00,0,0,0,0,0,0
2025-04-14 02:15,0,0,0,0,0,0
2025-04-14 02:30,1,1,0,0,0,0
2025-04-14 02:45,3,1,2,0,0,0
2025-04-14 03:00,0,0,0,0,0,0
2025-04-14 03:15,1,1,0,0,0,0
2025-04-14 03:30,1,0,1,0,0,0
2025-04-14 03:45,4,0,4,0,0,0
2025-04-14 04:00,1,1,0,0,0,0
2025-04-14 04:15,2,2,0,0,0,0
2025-04-14 04:30,2,1,1,0,0,0
2025-04-14 04:45,6,4,2,0,0,0
2025-04-14 05:00,5,1,4,0,0,0
2025-04-14 05:15,8,4,4,0,0,0
2025-04-14 05:30,16,7,9,0,0,0
2025-04-14 05:45,15,6,9,0,0,0
2025-04-14 06:00,14,7,7,0,0,0
2025-04-14 06:15,39,18,21,0,0,0
2025-04-14 06:30,56,20,36,0,0,0
2025-04-14 06:45,66,28,38,0,0,0
2025-04-14 07:00,98,39,59,0,0,0
2025-04-14 07:15,119,43,76,0,0,0
2025-04-14 07:30,181,47,134,0,0,0
2025-04-14 07:45,249,70,179,0,0,0
2025-04-14 08:00,173,49,124,0,0,0
2025-04-14 08:15,168,69,99,0,0,0
2025-04-14 08:30,149,40,109,0,0,0
2025-04-14 08:45,152,48,104,0,0,0
2025-04-14 09:00,135,41,94,0,0,0
2025-04-14 09:15,104,38,66,0,0,0
2025-04-14 09:30,118,34,84,0,0,0
2025-04-14 09:45,192,44,148,0,0,0
2025-04-14 10:00,143,31,112,0,0,0
2025-04-14 10:15,115,37,78,0,0,0
2025-04-14 10:30,106,36,70,0,0,0
2025-04-14 10:45,151,47,104,0,0,0
2025-04-14 11:00,119,44,75,0,0,0
2025-04-14 11:15,136,51,85,0,0,0
2025-04-14 11:30,139,58,81,0,0,0
2025-04-14 11:45,166,63,103,0,0,0
2025-04-14 12:00,158,71,87,0,0,0
2025-04-14 12:15,145,68,77,0,0,0
2025-04-14 12:30,149,78,71,0,0,0
2025-04-14 12:45,170,74,96,0,0,0
2025-04-14 13:00,155,75,80,0,0,0
2025-04-14 13:15,127,73,54,0,0,0
2025-04-14 13:30,159,85,74,0,0,0
2025-04-14 13:45,196,79,117,0,0,0
2025-04-14 14:00,154,71,83,0,0,0
2025-04-14 14:15,160,79,81,0,0,0
2025-04-14 14:30,166,78,88,0,0,0
2025-04-14 14:45,188,90,98,0,0,0
2025-04-14 15:00,150,89,61,0,0,0
2025-04-14 15:15,170,85,85,0,0,0
2025-04-14 15:30,176,103,73,0,0,0
2025-04-14 15:45,259,141,118,0,0,0
2025-04-14 16:00,227,137,90,0,0,0
2025-04-14 16:15,225,137,88,0,0,0
2025-04-14 16:30,219,114,105,0,0,0
2025-04-14 16:45,237,113,124,0,0,0
2025-04-14 17:00,220,117,103,0,0,0
2025-04-14 17:15,226,110,116,0,0,0
2025-04-14 17:30,244,121,123,0,0,0
2025-04-14 17:45,280,160,120,0,0,0
2025-04-14 18:00,229,154,75,0,0,0
2025-04-14 18:15,185,116,69,0,0,0
2025-04-14 18:30,172,101,71,0,0,0
2025-04-14 18:45,170,94,76,0,0,0
2025-04-14 19:00,162,105,57,0,0,0
2025-04-14 19:15,168,100,68,0,0,0
2025-04-14 19:30,152,92,60,0,0,0
2025-04-14 19:45,131,79,52,0,0,0
2025-04-14 20:00,113,65,48,0,0,0
2025-04-14 20:15,97,46,51,0,0,0
2025-04-14 20:30,79,40,39,0,0,0
2025-04-14 20:45,57,30,27,0,0,0
2025-04-14 21:00,58,24,34,0,0,0
2025-04-14 21:15,81,41,40,0,0,0
2025-04-14 21:30,71,30,41,0,0,0
2025-04-14 21:45,64,36,28,0,0,0
2025-04-14 22:00,79,45,34,0,0,0
2025-04-14 22:15,50,26,24,0,0,0
2025-04-14 22:30,54,30,24,0,0,0
2025-04-14 22:45,39,17,22,0,0,0
2025-04-14 23:00,42,19,23,0,0,0
2025-04-14 23:15,46,19,27,0,0,0
2025-04-14 23:30,29,12,17,0,0,0
2025-04-14 23:45,20,8,12,0,0,0
2025-04-15 00:00,16,11,5,0,0,0
2025-04-15 00:15,6,2,4,0,0,0
2025-04-15 00:30,17,12,5,0,0,0
2025-04-15 00:45,5,2,3,0,0,0
2025-04-15 01:00,3,1,2,0,0,0
2025-04-15 01:15,6,5,1,0,0,0
2025-04-15 01:30,2,2,0,0,0,0
2025-04-15 01:45,4,2,2,0,0,0
2025-04-15 02:00,2,0,2,0,0,0
2025-04-15 02:15,2,2,0,0,0,0
2025-04-15 02:30,2,2,0,0,0,0
2025-04-15 02:45,0,0,0,0,0,0
2025-04-15 03:00,3,1,2,0,0,0
2025-04-15 03:15,1,0,1,0,0,0
2025-04-15 03:30,1,1,0,0,0,0
2025-04-15 03:45,6,2,4,0,0,0
2025-04-15 04:00,2,2,0,0,0,0
2025-04-15 04:15,2,2,0,0,0,0
2025-04-15 04:30,3,0,3,0,0,0
2025-04-15 04:45,2,2,0,0,0,0
2025-04-15 05:00,11,8,3,0,0,0
2025-04-15 05:15,8,2,6,0,0,0
2025-04-15 05:30,20,7,13,0,0,0
2025-04-15 05:45,17,4,13,0,0,0
2025-04-15 06:00,19,10,9,0,0,0
2025-04-15 06:15,37,10,27,0,0,0
2025-04-15 06:30,72,27,45,0,0,0
2025-04-15 06:45,69,28,41,0,0,0
2025-04-15 07:00,90,32,58,0,0,0
2025-04-15 07:15,127,52,75,0,0,0
2025-04-15 07:30,202,52,150,0,0,0
2025-04-15 07:45,252,68,184,0,0,0
2025-04-15 08:00,213,60,153,0,0,0
2025-04-15 08:15,186,63,123,0,0,0
2025-04-15 08:30,158,55,103,0,0,0
2025-04-15 08:45,216,69,147,0,0,0
2025-04-15 09:00,125,51,74,0,0,0
2025-04-15 09:15,158,52,106,0,0,0
2025-04-15 09:30,162,38,124,0,0,0
2025-04-15 09:45,224,59,165,0,0,0
2025-04-15 10:00,177,50,127,0,0,0
2025-04-15 10:15,119,53,66,0,0,0
2025-04-15 10:30,130,46,84,0,0,0
2025-04-15 10:45,143,60,83,0,0,0
2025-04-15 11:00,143,53,90,0,0,0
2025-04-15 11:15,133,57,76,0,0,0
2025-04-15 11:30,147,61,86,0,0,0
2025-04-15 11:45,178,72,106,0,0,0
2025-04-15 12:00,155,60,95,0,0,0
2025-04-15 12:15,146,67,79,0,0,0
2025-04-15 12:30,147,71,76,0,0,0
2025-04-15 12:45,171,73,98,0,0,0
2025-04-15 13:00,140,67,73,0,0,0
2025-04-15 13:15,146,72,74,0,0,0
2025-04-15 13:30,141,65,76,0,0,0
2025-04-15 13:45,174,81,93,0,0,0
2025-04-15 14:00,184,84,100,0,0,0
2025-04-15 14:15,181,109,72,0,0,0
2025-04-15 14:30,158,84,74,0,0,0
2025-04-15 14:45,159,82,77,0,0,0
2025-04-15 15:00,162,108,54,0,0,0
2025-04-15 15:15,166,90,76,0,0,0
2025-04-15 15:30,172,85,87,0,0,0
2025-04-15 15:45,231,131,100,0,0,0
2025-04-15 16:00,238,151,87,0,0,0
2025-04-15 16:15,214,137,77,0,0,0
2025-04-15 16:30,257,148,109,0,0,0
2025-04-15 16:45,264,148,116,0,0,0
2025-04-15 17:00,290,161,129,0,0,0
2025-04-15 17:15,258,134,124,0,0,0
2025-04-15 17:30,207,117,90,0,0,0
2025-04-15 17:45,192,115,77,0,0,0
2025-04-15 18:00,141,99,42,0,0,0
2025-04-15 18:15,98,63,35,0,0,0
2025-04-15 18:30,121,68,53,0,0,0
2025-04-15 18:45,117,70,47,0,0,0
2025-04-15 19:00,105,57,48,0,0,0
2025-04-15 19:15,110,53,57,0,0,0
2025-04-15 19:30,95,45,50,0,0,0
2025-04-15 19:45,95,60,35,0,0,0
2025-04-15 20:00,83,43,40,0,0,0
2025-04-15 20:15,81,50,31,0,0,0
2025-04-15 20:30,81,46,35,0,0,0
2025-04-15 20:45,63,32,31,0,0,0
2025-04-15 21:00,47,31,16,0,0,0
2025-04-15 21:15,54,27,27,0,0,0
2025-04-15 21:30,44,26,18,0,0,0
2025-04-15 21:45,48,28,20,0,0,0
2025-04-15 22:00,42,21,21,0,0,0
2025-04-15 22:15,56,26,30,0,0,0
2025-04-15 22:30,49,29,20,0,0,0
2025-04-15 22:45,52,25,27,0,0,0
2025-04-15 23:00,36,19,17,0,0,0
2025-04-15 23:15,31,11,20,0,0,0
2025-04-15 23:30,18,8,10,0,0,0
2025-04-15 23:45,14,7,7,0,0,0
2025-04-16 00:00,4,2,2,0,0,0
2025-04-16 00:15,16,4,12,0,0,0
2025-04-16 00:30,7,2,5,0,0,0
2025-04-16 00:45,6,2,4,0,0,0
2025-04-16 01:00,5,2,3,0,0,0
2025-04-16 01:15,4,1,3,0,0,0
2025-04-16 01:30,5,2,3,0,0,0
2025-04-16 01:45,5,3,2,0,0,0
2025-04-16 02:00,6,4,2,0,0,0
2025-04-16 02:15,7,5,2,0,0,0
2025-04-16 02:30,6,3,3,0,0,0
2025-04-16 02:45,1,1,0,0,0,0
2025-04-16 03:00,2,1,1,0,0,0
2025-04-16 03:15,4,1,3,0,0,0
2025-04-16 03:30,1,1,0,0,0,0
2025-04-16 03:45,3,2,1,0,0,0
2025-04-16 04:00,4,1,3,0,0,0
2025-04-16 04:15,3,3,0,0,0,0
2025-04-16 04:30,1,0,1,0,0,0
2025-04-16 04:45,9,7,2,0,0,0
2025-04-16 05:00,5,4,1,0,0,0
2025-04-16 05:15,7,3,4,0,0,0
2025-04-16 05:30,16,8,8,0,0,0
2025-04-16 05:45,18,5,13,0,0,0
2025-04-16 06:00,17,7,10,0,0,0
2025-04-16 06:15,51,18,33,0,0,0
2025-04-16 06:30,65,30,35,0,0,0
2025-04-16 06:45,67,30,37,0,0,0
2025-04-16 07:00,103,35,68,0,0,0
2025-04-16 07:15,138,49,89,0,0,0
2025-04-16 07:30,193,66,127,0,0,0
2025-04-16 07:45,260,70,190,0,0,0
2025-04-16 08:00,200,69,131,0,0,0
2025-04-16 08:15,199,63,136,0,0,0
2025-04-16 08:30,182,66,116,0,0,0
2025-04-16 08:45,198,52,146,0,0,0
2025-04-16 09:00,163,46,117,0,0,0
2025-04-16 09:15,131,40,91,0,0,0
2025-04-16 09:30,157,55,102,0,0,0
2025-04-16 09:45,234,63,171,0,0,0
2025-04-16 10:00,152,54,98,0,0,0
2025-04-16 10:15,137,45,92,0,0,0
2025-04-16 10:30,140,50,90,0,0,0
2025-04-16 10:45,150,55,95,0,0,0
2025-04-16 11:00,134,46,88,0,0,0
2025-04-16 11:15,148,59,89,0,0,0
2025-04-16 11:30,132,54,78,0,0,0
2025-04-16 11:45,211,86,125,0,0,0
2025-04-16 12:00,210,90,120,0,0,0
2025-04-16 12:15,206,92,114,0,0,0
2025-04-16 12:30,177,77,100,0,0,0
2025-04-16 12:45,220,98,122,0,0,0
2025-04-16 13:00,173,99,74,0,0,0
2025-04-16 13:15,185,87,98,0,0,0
2025-04-16 13:30,151,81,70,0,0,0
2025-04-16 13:45,191,108,83,0,0,0
2025-04-16 14:00,163,91,72,0,0,0
2025-04-16 14:15,160,85,75,0,0,0
2025-04-16 14:30,194,112,82,0,0,0
2025-04-16 14:45,171,94,77,0,0,0
2025-04-16 15:00,146,88,58,0,0,0
2025-04-16 15:15,153,79,74,0,0,0
2025-04-16 15:30,156,92,64,0,0,0
2025-04-16 15:45,205,111,94,0,0,0
2025-04-16 16:00,233,138,95,0,0,0
2025-04-16 16:15,231,134,97,0,0,0
2025-04-16 16:30,191,104,87,0,0,0
2025-04-16 16:45,201,98,103,0,0,0
2025-04-16 17:00,221,115,106,0,0,0
2025-04-16 17:15,199,107,92,0,0,0
2025-04-16 17:30,201,103,98,0,0,0
2025-04-16 17:45,273,163,110,0,0,0
2025-04-16 18:00,221,131,90,0,0,0
2025-04-16 18:15,168,102,66,0,0,0
2025-04-16 18:30,137,71,66,0,0,0
2025-04-16 18:45,159,88,71,0,0,0
2025-04-16 19:00,132,80,52,0,0,0
2025-04-16 19:15,142,80,62,0,0,0
2025-04-16 19:30,115,60,55,0,0,0
2025-04-16 19:45,137,76,61,0,0,0
2025-04-16 20:00,98,52,46,0,0,0
2025-04-16 20:15,91,48,43,0,0,0
2025-04-16 20:30,96,40,56,0,0,0
2025-04-16 20:45,105,61,44,0,0,0
2025-04-16 21:00,92,58,34,0,0,0
2025-04-16 21:15,63,39,24,0,0,0
2025-04-16 21:30,64,27,37,0,0,0
2025-04-16 21:45,62,28,34,0,0,0
2025-04-16 22:00,56,34,22,0,0,0
2025-04-16 22:15,68,40,28,0,0,0
2025-04-16 22:30,50,25,25,0,0,0
2025-04-16 22:45,48,27,21,0,0,0
2025-04-16 23:00,69,31,38,0,0,0
2025-04-16 23:15,52,32,20,0,0,0
2025-04-16 23:30,30,22,8,0,0,0
2025-04-16 23:45,50,35,15,0,0,0
2025-04-17 00:00,32,19,13,0,0,0
2025-04-17 00:15,45,23,22,0,0,0
2025-04-17 00:30,34,21,13,0,0,0
2025-04-17 00:45,33,16,17,0,0,0
2025-04-17 01:00,25,11,14,0,0,0
2025-04-17 01:15,19,8,11,0,0,0
2025-04-17 01:30,17,6,11,0,0,0
2025-04-17 01:45,24,6,18,0,0,0
2025-04-17 02:00,6,4,2,0,0,0
2025-04-17 02:15,4,2,2,0,0,0
2025-04-17 02:30,13,1,12,0,0,0
2025-04-17 02:45,15,5,10,0,0,0
2025-04-17 03:00,10,5,5,0,0,0
2025-04-17 03:15,18,5,13,0,0,0
2025-04-17 03:30,7,2,5,0,0,0
2025-04-17 03:45,8,1,7,0,0,0
2025-04-17 04:00,15,7,8,0,0,0
2025-04-17 04:15,4,2,2,0,0,0
2025-04-17 04:30,8,2,6,0,0,0
2025-04-17 04:45,7,6,1,0,0,0
2025-04-17 05:00,6,3,3,0,0,0
2025-04-17 05:15,7,2,5,0,0,0
2025-04-17 05:30,19,6,13,0,0,0
2025-04-17 05:45,15,6,9,0,0,0
2025-04-17 06:00,15,6,9,0,0,0
2025-04-17 06:15,35,14,21,0,0,0
2025-04-17 06:30,38,16,22,0,0,0
2025-04-17 06:45,58,25,33,0,0,0
2025-04-17 07:00,65,25,40,0,0,0
2025-04-17 07:15,85,32,53,0,0,0
2025-04-17 07:30,147,44,103,0,0,0
2025-04-17 07:45,223,63,160,0,0,0
2025-04-17 08:00,151,43,108,0,0,0
2025-04-17 08:15,134,40,94,0,0,0
2025-04-17 08:30,143,45,98,0,0,0
2025-04-17 08:45,156,55,101,0,0,0
2025-04-17 09:00,118,39,79,0,0,0
2025-04-17 09:15,111,42,69,0,0,0
2025-04-17 09:30,102,38,64,0,0,0
2025-04-17 09:45,216,56,160,0,0,0
2025-04-17 10:00,154,41,113,0,0,0
2025-04-17 10:15,121,47,74,0,0,0
2025-04-17 10:30,114,45,69,0,0,0
2025-04-17 10:45,122,45,77,0,0,0
2025-04-17 11:00,91,40,51,0,0,0
2025-04-17 11:15,100,41,59,0,0,0
2025-04-17 11:30,143,59,84,0,0,0
2025-04-17 11:45,174,58,116,0,0,0
2025-04-17 12:00,168,79,89,0,0,0
2025-04-17 12:15,144,77,67,0,0,0
2025-04-17 12:30,138,61,77,0,0,0
2025-04-17 12:45,140,65,75,0,0,0
2025-04-17 13:00,129,68,61,0,0,0
2025-04-17 13:15,137,74,63,0,0,0
2025-04-17 13:30,135,62,73,0,0,0
2025-04-17 13:45,196,83,113,0,0,0
2025-04-17 14:00,141,67,74,0,0,0
2025-04-17 14:15,141,74,67,0,0,0
2025-04-17 14:30,165,81,84,0,0,0
2025-04-17 14:45,165,86,79,0,0,0
2025-04-17 15:00,143,80,63,0,0,0
2025-04-17 15:15,169,94,75,0,0,0
2025-04-17 15:30,165,94,71,0,0,0
2025-04-17 15:45,181,98,83,0,0,0
2025-04-17 16:00,218,126,92,0,0,0
2025-04-17 16:15,178,90,88,0,0,0
2025-04-17 16:30,196,104,92,0,0,0
2025-04-17 16:45,185,86,99,0,0,0
2025-04-17 17:00,191,106,85,0,0,0
2025-04-17 17:15,192,87,105,0,0,0
2025-04-17 17:30,167,83,84,0,0,0
2025-04-17 17:45,222,118,104,0,0,0
2025-04-17 18:00,187,120,67,0,0,0
2025-04-17 18:15,178,98,80,0,0,0
2025-04-17 18:30,154,76,78,0,0,0
2025-04-17 18:45,160,75,85,0,0,0
2025-04-17 19:00,140,73,67,0,0,0
2025-04-17 19:15,153,77,76,0,0,0
2025-04-17 19:30,119,77,42,0,0,0
2025-04-17 19:45,126,73,53,0,0,0
2025-04-17 20:00,92,55,37,0,0,0
2025-04-17 20:15,80,46,34,0,0,0
2025-04-17 20:30,54,29,25,0,0,0
2025-04-17 20:45,76,40,36,0,0,0
2025-04-17 21:00,57,34,23,0,0,0
2025-04-17 21:15,73,44,29,0,0,0
2025-04-17 21:30,50,34,16,0,0,0
2025-04-17 21:45,69,36,33,0,0,0
2025-04-17 22:00,56,32,24,0,0,0
2025-04-17 22:15,49,29,20,0,0,0
2025-04-17 22:30,50,25,25,0,0,0
2025-04-17 22:45,38,21,17,0,0,0
2025-04-17 23:00,39,24,15,0,0,0
2025-04-17 23:15,40,21,19,0,0,0
2025-04-17 23:30,29,14,15,0,0,0
2025-04-17 23:45,31,16,15,0,0,0
2025-04-18 00:00,30,19,11,0,0,0
2025-04-18 00:15,9,1,8,0,0,0
2025-04-18 00:30,27,8,19,0,0,0
2025-04-18 00:45,21,6,15,0,0,0
2025-04-18 01:00,17,8,9,0,0,0
2025-04-18 01:15,16,10,6,0,0,0
2025-04-18 01:30,15,7,8,0,0,0
2025-04-18 01:45,7,4,3,0,0,0
2025-04-18 02:00,3,1,2,0,0,0
2025-04-18 02:15,7,5,2,0,0,0
2025-04-18 02:30,6,4,2,0,0,0
2025-04-18 02:45,0,0,0,0,0,0
2025-04-18 03:00,4,3,1,0,0,0
2025-04-18 03:15,0,0,0,0,0,0
2025-04-18 03:30,1,1,0,0,0,0
2025-04-18 03:45,1,0,1,0,0,0
2025-04-18 04:00,1,1,0,0,0,0
2025-04-18 04:15,1,0,1,0,0,0
2025-04-18 04:30,0,0,0,0,0,0
2025-04-18 04:45,0,0,0,0,0,0
2025-04-18 05:00,1,1,0,0,0,0
2025-04-18 05:15,5,0,5,0,0,0
2025-04-18 05:30,6,0,6,0,0,0
2025-04-18 05:45,6,2,4,0,0,0
2025-04-18 06:00,3,0,3,0,0,0
2025-04-18 06:15,7,4,3,0,0,0
2025-04-18 06:30,9,3,6,0,0,0
2025-04-18 06:45,5,0,5,0,0,0
2025-04-18 07:00,1,0,1,0,0,0
2025-04-18 07:15,2,1,1,0,0,0
2025-04-18 07:30,10,4,6,0,0,0
2025-04-18 07:45,11,8,3,0,0,0
2025-04-18 08:00,7,5,2,0,0,0
2025-04-18 08:15,8,2,6,0,0,0
2025-04-18 08:30,9,5,4,0,0,0
2025-04-18 08:45,23,9,14,0,0,0
2025-04-18 09:00,18,10,8,0,0,0
2025-04-18 09:15,16,6,10,0,0,0
2025-04-18 09:30,29,10,19,0,0,0
2025-04-18 09:45,44,22,22,0,0,0
2025-04-18 10:00,32,17,15,0,0,0
2025-04-18 10:15,43,18,25,0,0,0
2025-04-18 10:30,31,13,18,0,0,0
2025-04-18 10:45,41,17,24,0,0,0
2025-04-18 11:00,40,18,22,0,0,0
2025-04-18 11:15,37,14,23,0,0,0
2025-04-18 11:30,36,12,24,0,0,0
2025-04-18 11:45,57,36,21,0,0,0
2025-04-18 12:00,45,20,25,0,0,0
2025-04-18 12:15,43,17,26,0,0,0
2025-04-18 12:30,36,17,19,0,0,0
2025-04-18 12:45,59,27,32,0,0,0
2025-04-18 13:00,48,24,24,0,0,0
2025-04-18 13:15,45,23,22,0,0,0
2025-04-18 13:30,62,31,31,0,0,0
2025-04-18 13:45,69,30,39,0,0,0
2025-04-18 14:00,61,23,38,0,0,0
2025-04-18 14:15,56,28,28,0,0,0
2025-04-18 14:30,79,46,33,0,0,0
2025-04-18 14:45,77,28,49,0,0,0
2025-04-18 15:00,54,37,17,0,0,0
2025-04-18 15:15,61,18,43,0,0,0
2025-04-18 15:30,46,16,30,0,0,0
2025-04-18 15:45,64,31,33,0,0,0
2025-04-18 16:00,59,29,30,0,0,0
2025-04-18 16:15,58,30,28,0,0,0
2025-04-18 16:30,66,35,31,0,0,0
2025-04-18 16:45,57,26,31,0,0,0
2025-04-18 17:00,58,26,32,0,0,0
2025-04-18 17:15,56,27,29,0,0,0
2025-04-18 17:30,48,14,34,0,0,0
2025-04-18 17:45,89,31,58,0,0,0
2025-04-18 18:00,68,24,44,0,0,0
2025-04-18 18:15,57,41,16,0,0,0
2025-04-18 18:30,50,23,27,0,0,0
2025-04-18 18:45,48,18,30,0,0,0
2025-04-18 19:00,66,32,34,0,0,0
2025-04-18 19:15,52,26,26,0,0,0
2025-04-18 19:30,44,26,18,0,0,0
2025-04-18 19:45,52,26,26,0,0,0
2025-04-18 20:00,42,22,20,0,0,0
2025-04-18 20:15,40,26,14,0,0,0
2025-04-18 20:30,43,15,28,0,0,0
2025-04-18 20:45,30,15,15,0,0,0
2025-04-18 21:00,39,21,18,0,0,0
2025-04-18 21:15,47,24,23,0,0,0
2025-04-18 21:30,39,15,24,0,0,0
2025-04-18 21:45,38,16,22,0,0,0
2025-04-18 22:00,18,11,7,0,0,0
2025-04-18 22:15,18,9,9,0,0,0
2025-04-18 22:30,24,11,13,0,0,0
2025-04-18 22:45,13,5,8,0,0,0
2025-04-18 23:00,30,11,19,0,0,0
2025-04-18 23:15,17,6,11,0,0,0
2025-04-18 23:30,21,10,11,0,0,0
2025-04-18 23:45,16,7,9,0,0,0
2025-04-19 00:00,19,10,9,0,0,0
2025-04-19 00:15,16,10,6,0,0,0
2025-04-19 00:30,10,5,5,0,0,0
2025-04-19 00:45,23,15,8,0,0,0
2025-04-19 01:00,12,7,5,0,0,0
2025-04-19 01:15,9,5,4,0,0,0
2025-04-19 01:30,6,2,4,0,0,0
2025-04-19 01:45,6,3,3,0,0,0
2025-04-19 02:00,5,1,4,0,0,0
2025-04-19 02:15,8,3,5,0,0,0
2025-04-19 02:30,5,2,3,0,0,0
2025-04-19 02:45,4,3,1,0,0,0
2025-04-19 03:00,4,3,1,0,0,0
2025-04-19 03:15,3,1,2,0,0,0
2025-04-19 03:30,3,3,0,0,0,0
2025-04-19 03:45,3,2,1,0,0,0
2025-04-19 04:00,1,1,0,0,0,0
2025-04-19 04:15,2,0,2,0,0,0
2025-04-19 04:30,3,2,1,0,0,0
2025-04-19 04:45,4,2,2,0,0,0
2025-04-19 05:00,4,2,2,0,0,0
2025-04-19 05:15,5,3,2,0,0,0
2025-04-19 05:30,6,3,3,0,0,0
2025-04-19 05:45,6,2,4,0,0,0
2025-04-19 06:00,8,1,7,0,0,0
2025-04-19 06:15,14,3,11,0,0,0
2025-04-19 06:30,6,1,5,0,0,0
2025-04-19 06:45,19,9,10,0,0,0
2025-04-19 07:00,24,6,18,0,0,0
2025-04-19 07:15,25,7,18,0,0,0
2025-04-19 07:30,25,6,19,0,0,0
2025-04-19 07:45,35,11,24,0,0,0
2025-04-19 08:00,31,16,15,0,0,0
2025-04-19 08:15,48,19,29,0,0,0
2025-04-19 08:30,59,20,39,0,0,0
2025-04-19 08:45,70,27,43,0,0,0
2025-04-19 09:00,68,24,44,0,0,0
2025-04-19 09:15,87,34,53,0,0,0
2025-04-19 09:30,103,28,75,0,0,0
2025-04-19 09:45,150,31,119,0,0,0
2025-04-19 10:00,115,34,81,0,0,0
2025-04-19 10:15,163,53,110,0,0,0
2025-04-19 10:30,147,51,96,0,0,0
2025-04-19 10:45,127,38,89,0,0,0
2025-04-19 11:00,188,50,138,0,0,0
2025-04-19 11:15,170,53,117,0,0,0
2025-04-19 11:30,164,47,117,0,0,0
2025-04-19 11:45,173,50,123,0,0,0
2025-04-19 12:00,166,62,104,0,0,0
2025-04-19 12:15,170,67,103,0,0,0
2025-04-19 12:30,158,66,92,0,0,0
2025-04-19 12:45,166,81,85,0,0,0
2025-04-19 13:00,206,88,118,0,0,0
2025-04-19 13:15,144,80,64,0,0,0
2025-04-19 13:30,191,87,104,0,0,0
2025-04-19 13:45,180,93,87,0,0,0
2025-04-19 14:00,173,94,79,0,0,0
2025-04-19 14:15,164,87,77,0,0,0
2025-04-19 14:30,161,96,65,0,0,0
2025-04-19 14:45,153,95,58,0,0,0
2025-04-19 15:00,153,83,70,0,0,0
2025-04-19 15:15,146,80,66,0,0,0
2025-04-19 15:30,139,72,67,0,0,0
2025-04-19 15:45,146,94,52,0,0,0
2025-04-19 16:00,136,74,62,0,0,0
2025-04-19 16:15,107,68,39,0,0,0
2025-04-19 16:30,99,58,41,0,0,0
2025-04-19 16:45,101,41,60,0,0,0
2025-04-19 17:00,110,72,38,0,0,0
2025-04-19 17:15,111,67,44,0,0,0
2025-04-19 17:30,103,66,37,0,0,0
2025-04-19 17:45,102,60,42,0,0,0
2025-04-19 18:00,99,64,35,0,0,0
2025-04-19 18:15,121,68,53,0,0,0
2025-04-19 18:30,96,55,41,0,0,0
2025-04-19 18:45,116,56,60,0,0,0
2025-04-19 19:00,97,56,41,0,0,0
2025-04-19 19:15,91,53,38,0,0,0
2025-04-19 19:30,41,22,19,0,0,0
2025-04-19 19:45,98,49,49,0,0,0
2025-04-19 20:00,66,38,28,0,0,0
2025-04-19 20:15,75,44,31,0,0,0
2025-04-19 20:30,57,27,30,0,0,0
2025-04-19 20:45,56,33,23,0,0,0
2025-04-19 21:00,53,19,34,0,0,0
2025-04-19 21:15,38,19,19,0,0,0
2025-04-19 21:30,63,26,37,0,0,0
2025-04-19 21:45,53,18,35,0,0,0
2025-04-19 22:00,40,19,21,0,0,0
2025-04-19 22:15,50,22,28,0,0,0
2025-04-19 22:30,48,33,15,0,0,0
2025-04-19 22:45,25,11,14,0,0,0
2025-04-19 23:00,44,31,13,0,0,0
2025-04-19 23:15,35,17,18,0,0,0
2025-04-19 23:30,37,18,19,0,0,0
2025-04-19 23:45,39,21,18,0,0,0
2025-04-20 00:00,29,15,14,0,0,0
2025-04-20 00:15,34,20,14,0,0,0
2025-04-20 00:30,34,26,8,0,0,0
2025-04-20 00:45,28,13,15,0,0,0
2025-04-20 01:00,27,14,13,0,0,0
2025-04-20 01:15,29,13,16,0,0,0
2025-04-20 01:30,15,7,8,0,0,0
2025-04-20 01:45,21,7,14,0,0,0
2025-04-20 02:00,16,8,8,0,0,0
2025-04-20 02:15,12,7,5,0,0,0
2025-04-20 02:30,6,2,4,0,0,0
2025-04-20 02:45,11,6,5,0,0,0
2025-04-20 03:00,14,3,11,0,0,0
2025-04-20 03:15,8,0,8,0,0,0
2025-04-20 03:30,10,4,6,0,0,0
2025-04-20 03:45,7,1,6,0,0,0
2025-04-20 04:00,5,0,5,0,0,0
2025-04-20 04:15,10,1,9,0,0,0
2025-04-20 04:30,16,1,15,0,0,0
2025-04-20 04:45,9,0,9,0,0,0
2025-04-20 05:00,1,0,1,0,0,0
2025-04-20 05:15,7,1,6,0,0,0
2025-04-20 05:30,10,0,10,0,0,0
2025-04-20 05:45,4,2,2,0,0,0
2025-04-20 06:00,9,1,8,0,0,0
2025-04-20 06:15,6,3,3,0,0,0
2025-04-20 06:30,5,1,4,0,0,0
2025-04-20 06:45,3,2,1,0,0,0
2025-04-20 07:00,6,4,2,0,0,0
2025-04-20 07:15,9,7,2,0,0,0
2025-04-20 07:30,13,8,5,0,0,0
2025-04-20 07:45,22,12,10,0,0,0
2025-04-20 08:00,8,5,3,0,0,0
2025-04-20 08:15,11,6,5,0,0,0
2025-04-20 08:30,19,9,10,0,0,0
2025-04-20 08:45,17,4,13,0,0,0
2025-04-20 09:00,21,12,9,0,0,0
2025-04-20 09:15,24,11,13,0,0,0
2025-04-20 09:30,17,7,10,0,0,0
2025-04-20 09:45,55,27,28,0,0,0
2025-04-20 10:00,43,21,22,0,0,0
2025-04-20 10:15,43,11,32,0,0,0
2025-04-20 10:30,25,12,13,0,0,0
2025-04-20 10:45,34,15,19,0,0,0
2025-04-20 11:00,48,24,24,0,0,0
2025-04-20 11:15,60,32,28,0,0,0
2025-04-20 11:30,50,12,38,0,0,0
2025-04-20 11:45,62,30,32,0,0,0
2025-04-20 12:00,58,30,28,0,0,0
2025-04-20 12:15,60,20,40,0,0,0
2025-04-20 12:30,40,18,22,0,0,0
2025-04-20 12:45,54,21,33,0,0,0
2025-04-20 13:00,53,28,25,0,0,0
2025-04-20 13:15,53,21,32,0,0,0
2025-04-20 13:30,46,22,24,0,0,0
2025-04-20 13:45,58,32,26,0,0,0
2025-04-20 14:00,75,26,49,0,0,0
2025-04-20 14:15,71,33,38,0,0,0
2025-04-20 14:30,59,33,26,0,0,0
2025-04-20 14:45,54,33,21,0,0,0
2025-04-20 15:00,59,33,26,0,0,0
2025-04-20 15:15,67,29,38,0,0,0
2025-04-20 15:30,72,43,29,0,0,0
2025-04-20 15:45,55,30,25,0,0,0
2025-04-20 16:00,68,29,39,0,0,0
2025-04-20 16:15,78,39,39,0,0,0
2025-04-20 16:30,52,25,27,0,0,0
2025-04-20 16:45,70,23,47,0,0,0
2025-04-20 17:00,74,30,44,0,0,0
2025-04-20 17:15,62,22,40,0,0,0
2025-04-20 17:30,64,34,30,0,0,0
2025-04-20 17:45,98,49,49,0,0,0
2025-04-20 18:00,68,41,27,0,0,0
2025-04-20 18:15,72,42,30,0,0,0
2025-04-20 18:30,44,22,22,0,0,0
2025-04-20 18:45,53,30,23,0,0,0
2025-04-20 19:00,61,15,46,0,0,0
2025-04-20 19:15,57,27,30,0,0,0
2025-04-20 19:30,59,27,32,0,0,0
2025-04-20 19:45,46,21,25,0,0,0
2025-04-20 20:00,61,37,24,0,0,0
2025-04-20 20:15,49,20,29,0,0,0
2025-04-20 20:30,44,22,22,0,0,0
2025-04-20 20:45,25,12,13,0,0,0
2025-04-20 21:00,27,12,15,0,0,0
2025-04-20 21:15,37,20,17,0,0,0
2025-04-20 21:30,15,6,9,0,0,0
2025-04-20 21:45,26,11,15,0,0,0
2025-04-20 22:00,38,23,15,0,0,0
2025-04-20 22:15,35,19,16,0,0,0
2025-04-20 22:30,13,8,5,0,0,0
2025-04-20 22:45,13,6,7,0,0,0
2025-04-20 23:00,19,12,7,0,0,0
2025-04-20 23:15,11,9,2,0,0,0
2025-04-20 23:30,5,2,3,0,0,0
2025-04-20 23:45,13,6,7,0,0,0
2025-04-21 00:00,4,3,1,0,0,0
2025-04-21 00:15,4,2,2,0,0,0
2025-04-21 00:30,5,3,2,0,0,0
2025-04-21 00:45,11,3,8,0,0,0
2025-04-21 01:00,4,2,2,0,0,0
2025-04-21 01:15,15,7,8,0,0,0
2025-04-21 01:30,4,2,2,0,0,0
2025-04-21 01:45,3,1,2,0,0,0
2025-04-21 02:00,5,1,4,0,0,0
2025-04-21 02:15,2,1,1,0,0,0
2025-04-21 02:30,2,1,1,0,0,0
2025-04-21 02:45,1,0,1,0,0,0
2025-04-21 03:00,6,3,3,0,0,0
2025-04-21 03:15,2,0,2,0,0,0
2025-04-21 03:30,6,1,5,0,0,0
2025-04-21 03:45,4,2,2,0,0,0
2025-04-21 04:00,1,0,1,0,0,0
2025-04-21 04:15,5,1,4,0,0,0
2025-04-21 04:30,3,1,2,0,0,0
2025-04-21 04:45,1,0,1,0,0,0
2025-04-21 05:00,0,0,0,0,0,0
2025-04-21 05:15,4,1,3,0,0,0
2025-04-21 05:30,2,1,1,0,0,0
2025-04-21 05:45,3,0,3,0,0,0
2025-04-21 06:00,3,0,3,0,0,0
2025-04-21 06:15,4,2,2,0,0,0
2025-04-21 06:30,8,3,5,0,0,0
2025-04-21 06:45,8,6,2,0,0,0
2025-04-21 07:00,4,0,4,0,0,0
2025-04-21 07:15,5,4,1,0,0,0
2025-04-21 07:30,11,5,6,0,0,0
2025-04-21 07:45,9,2,7,0,0,0
2025-04-21 08:00,7,5,2,0,0,0
2025-04-21 08:15,20,6,14,0,0,0
2025-04-21 08:30,21,7,14,0,0,0
2025-04-21 08:45,20,8,12,0,0,0
2025-04-21 09:00,15,9,6,0,0,0
2025-04-21 09:15,27,11,16,0,0,0
2025-04-21 09:30,32,10,22,0,0,0
2025-04-21 09:45,36,13,23,0,0,0
2025-04-21 10:00,39,13,26,0,0,0
2025-04-21 10:15,52,20,32,0,0,0
2025-04-21 10:30,47,20,27,0,0,0
2025-04-21 10:45,74,27,47,0,0,0
2025-04-21 11:00,47,26,21,0,0,0
2025-04-21 11:15,47,20,27,0,0,0
2025-04-21 11:30,54,18,36,0,0,0
2025-04-21 11:45,61,34,27,0,0,0
2025-04-21 12:00,49,23,26,0,0,0
2025-04-21 12:15,72,27,45,0,0,0
2025-04-21 12:30,66,26,40,0,0,0
2025-04-21 12:45,70,25,45,0,0,0
2025-04-21 13:00,62,36,26,0,0,0
2025-04-21 13:15,85,41,44,0,0,0
2025-04-21 13:30,79,36,43,0,0,0
2025-04-21 13:45,77,36,41,0,0,0
2025-04-21 14:00,71,30,41,0,0,0
2025-04-21 14:15,87,44,43,0,0,0
2025-04-21 14:30,56,29,27,0,0,0
2025-04-21 14:45,84,40,44,0,0,0
2025-04-21 15:00,67,20,47,0,0,0
2025-04-21 15:15,78,34,44,0,0,0
2025-04-21 15:30,84,50,34,0,0,0
2025-04-21 15:45,66,22,44,0,0,0
2025-04-21 16:00,77,41,36,0,0,0
2025-04-21 16:15,56,30,26,0,0,0
2025-04-21 16:30,67,30,37,0,0,0
2025-04-21 16:45,80,53,27,0,0,0
2025-04-21 17:00,59,33,26,0,0,0
2025-04-21 17:15,77,43,34,0,0,0
2025-04-21 17:30,85,42,43,0,0,0
2025-04-21 17:45,83,36,47,0,0,0
2025-04-21 18:00,63,31,32,0,0,0
2025-04-21 18:15,80,38,42,0,0,0
2025-04-21 18:30,70,26,44,0,0,0
2025-04-21 18:45,72,36,36,0,0,0
2025-04-21 19:00,57,25,32,0,0,0
2025-04-21 19:15,47,25,22,0,0,0
2025-04-21 19:30,53,21,32,0,0,0
2025-04-21 19:45,60,22,38,0,0,0
2025-04-21 20:00,43,18,25,0,0,0
2025-04-21 20:15,55,29,26,0,0,0
2025-04-21 20:30,27,6,21,0,0,0
2025-04-21 20:45,42,16,26,0,0,0
2025-04-21 21:00,42,18,24,0,0,0
2025-04-21 21:15,43,22,21,0,0,0
2025-04-21 21:30,35,18,17,0,0,0
2025-04-21 21:45,25,10,15,0,0,0
2025-04-21 22:00,26,9,17,0,0,0
2025-04-21 22:15,31,17,14,0,0,0
2025-04-21 22:30,15,7,8,0,0,0
2025-04-21 22:45,22,10,12,0,0,0
2025-04-21 23:00,22,13,9,0,0,0
2025-04-21 23:15,13,6,7,0,0,0
2025-04-21 23:30,12,6,6,0,0,0
2025-04-21 23:45,12,6,6,0,0,0
2025-04-22 00:00,8,5,3,0,0,0
2025-04-22 00:15,5,1,4,0,0,0
2025-04-22 00:30,3,2,1,0,0,0
2025-04-22 00:45,2,0,2,0,0,0
2025-04-22 01:00,9,2,7,0,0,0
2025-04-22 01:15,2,1,1,0,0,0
2025-04-22 01:30,4,3,1,0,0,0
2025-04-22 01:45,4,2,2,0,0,0
2025-04-22 02:00,1,0,1,0,0,0
2025-04-22 02:15,0,0,0,0,0,0
2025-04-22 02:30,2,1,1,0,0,0
2025-04-22 02:45,0,0,0,0,0,0
2025-04-22 03:00,0,0,0,0,0,0
2025-04-22 03:15,3,1,2,0,0,0
2025-04-22 03:30,1,1,0,0,0,0
2025-04-22 03:45,2,0,2,0,0,0
2025-04-22 04:00,0,0,0,0,0,0
2025-04-22 04:15,2,1,1,0,0,0
2025-04-22 04:30,3,2,1,0,0,0
2025-04-22 04:45,4,2,2,0,0,0
2025-04-22 05:00,6,5,1,0,0,0
2025-04-22 05:15,8,5,3,0,0,0
2025-04-22 05:30,16,7,9,0,0,0
2025-04-22 05:45,21,8,13,0,0,0
2025-04-22 06:00,17,9,8,0,0,0
2025-04-22 06:15,43,17,26,0,0,0
2025-04-22 06:30,61,21,40,0,0,0
2025-04-22 06:45,75,31,44,0,0,0
2025-04-22 07:00,76,27,49,0,0,0
2025-04-22 07:15,103,48,55,0,0,0
2025-04-22 07:30,151,31,120,0,0,0
2025-04-22 07:45,222,79,143,0,0,0
2025-04-22 08:00,200,53,147,0,0,0
2025-04-22 08:15,144,46,98,0,0,0
2025-04-22 08:30,164,51,113,0,0,0
2025-04-22 08:45,182,62,120,0,0,0
2025-04-22 09:00,120,33,87,0,0,0
2025-04-22 09:15,111,29,82,0,0,0
2025-04-22 09:30,134,33,101,0,0,0
2025-04-22 09:45,196,44,152,0,0,0
2025-04-22 10:00,138,38,100,0,0,0
2025-04-22 10:15,123,44,79,0,0,0
2025-04-22 10:30,119,41,78,0,0,0
2025-04-22 10:45,111,37,74,0,0,0
2025-04-22 11:00,93,33,60,0,0,0
2025-04-22 11:15,113,41,72,0,0,0
2025-04-22 11:30,112,39,73,0,0,0
2025-04-22 11:45,162,58,104,0,0,0
2025-04-22 12:00,142,51,91,0,0,0
2025-04-22 12:15,124,55,69,0,0,0
2025-04-22 12:30,108,48,60,0,0,0
2025-04-22 12:45,156,60,96,0,0,0
2025-04-22 13:00,127,57,70,0,0,0
2025-04-22 13:15,148,71,77,0,0,0
2025-04-22 13:30,129,66,63,0,0,0
2025-04-22 13:45,149,77,72,0,0,0
2025-04-22 14:00,182,87,95,0,0,0
2025-04-22 14:15,136,64,72,0,0,0
2025-04-22 14:30,154,81,73,0,0,0
2025-04-22 14:45,171,80,91,0,0,0
2025-04-22 15:00,144,69,75,0,0,0
2025-04-22 15:15,159,78,81,0,0,0
2025-04-22 15:30,183,97,86,0,0,0
2025-04-22 15:45,222,116,106,0,0,0
2025-04-22 16:00,208,111,97,0,0,0
2025-04-22 16:15,248,141,107,0,0,0
2025-04-22 16:30,219,118,101,0,0,0
2025-04-22 16:45,243,131,112,0,0,0
2025-04-22 17:00,223,126,97,0,0,0
2025-04-22 17:15,230,133,97,0,0,0
2025-04-22 17:30,244,138,106,0,0,0
2025-04-22 17:45,253,140,113,0,0,0
2025-04-22 18:00,233,141,92,0,0,0
2025-04-22 18:15,178,101,77,0,0,0
2025-04-22 18:30,162,88,74,0,0,0
2025-04-22 18:45,196,112,84,0,0,0
2025-04-22 19:00,140,93,47,0,0,0
2025-04-22 19:15,166,83,83,0,0,0
2025-04-22 19:30,129,78,51,0,0,0
2025-04-22 19:45,126,60,66,0,0,0
2025-04-22 20:00,152,68,84,0,0,0
2025-04-22 20:15,105,54,51,0,0,0
2025-04-22 20:30,89,46,43,0,0,0
2025-04-22 20:45,72,41,31,0,0,0
2025-04-22 21:00,101,59,42,0,0,0
2025-04-22 21:15,69,40,29,0,0,0
2025-04-22 21:30,71,39,32,0,0,0
2025-04-22 21:45,70,33,37,0,0,0
2025-04-22 22:00,59,32,27,0,0,0
2025-04-22 22:15,74,38,36,0,0,0
2025-04-22 22:30,65,37,28,0,0,0
2025-04-22 22:45,51,25,26,0,0,0
2025-04-22 23:00,36,21,15,0,0,0
2025-04-22 23:15,40,16,24,0,0,0
2025-04-22 23:30,27,19,8,0,0,0
2025-04-22 23:45,15,2,13,0,0,0
2025-04-23 00:00,15,7,8,0,0,0
2025-04-23 00:15,9,2,7,0,0,0
2025-04-23 00:30,12,6,6,0,0,0
2025-04-23 00:45,14,5,9,0,0,0
2025-04-23 01:00,5,2,3,0,0,0
2025-04-23 01:15,18,3,15,0,0,0
2025-04-23 01:30,4,2,2,0,0,0
2025-04-23 01:45,5,2,3,0,0,0
2025-04-23 02:00,1,0,1,0,0,0
2025-04-23 02:15,2,0,2,0,0,0
2025-04-23 02:30,3,0,3,0,0,0
2025-04-23 02:45,1,0,1,0,0,0
2025-04-23 03:00,1,0,1,0,0,0
2025-04-23 03:15,0,0,0,0,0,0
2025-04-23 03:30,1,1,0,0,0,0
2025-04-23 03:45,5,2,3,0,0,0
2025-04-23 04:00,1,1,0,0,0,0
2025-04-23 04:15,2,1,1,0,0,0
2025-04-23 04:30,1,0,1,0,0,0
2025-04-23 04:45,5,1,4,0,0,0
2025-04-23 05:00,6,6,0,0,0,0
2025-04-23 05:15,10,7,3,0,0,0
2025-04-23 05:30,12,5,7,0,0,0
2025-04-23 05:45,20,7,13,0,0,0
2025-04-23 06:00,16,6,10,0,0,0
2025-04-23 06:15,53,19,34,0,0,0
2025-04-23 06:30,54,20,34,0,0,0
2025-04-23 06:45,77,40,37,0,0,0
2025-04-23 07:00,86,28,58,0,0,0
2025-04-23 07:15,125,48,77,0,0,0
2025-04-23 07:30,183,49,134,0,0,0
2025-04-23 07:45,221,68,153,0,0,0
2025-04-23 08:00,184,57,127,0,0,0
2025-04-23 08:15,177,54,123,0,0,0
2025-04-23 08:30,170,52,118,0,0,0
2025-04-23 08:45,190,52,138,0,0,0
2025-04-23 09:00,140,45,95,0,0,0
2025-04-23 09:15,102,34,68,0,0,0
2025-04-23 09:30,106,43,63,0,0,0
2025-04-23 09:45,156,50,106,0,0,0
2025-04-23 10:00,103,27,76,0,0,0
2025-04-23 10:15,84,34,50,0,0,0
2025-04-23 10:30,88,31,57,0,0,0
2025-04-23 10:45,87,22,65,0,0,0
2025-04-23 11:00,81,32,49,0,0,0
2025-04-23 11:15,104,39,65,0,0,0
2025-04-23 11:30,101,27,74,0,0,0
2025-04-23 11:45,165,54,111,0,0,0
2025-04-23 12:00,177,60,117,0,0,0
2025-04-23 12:15,147,59,88,0,0,0
2025-04-23 12:30,147,56,91,0,0,0
2025-04-23 12:45,165,76,89,0,0,0
2025-04-23 13:00,140,61,79,0,0,0
2025-04-23 13:15,139,67,72,0,0,0
2025-04-23 13:30,138,77,61,0,0,0
2025-04-23 13:45,189,92,97,0,0,0
2025-04-23 14:00,224,121,103,0,0,0
2025-04-23 14:15,157,97,60,0,0,0
2025-04-23 14:30,144,79,65,0,0,0
2025-04-23 14:45,178,103,75,0,0,0
2025-04-23 15:00,158,102,56,0,0,0
2025-04-23 15:15,122,75,47,0,0,0
2025-04-23 15:30,140,78,62,0,0,0
2025-04-23 15:45,195,115,80,0,0,0
2025-04-23 16:00,152,101,51,0,0,0
2025-04-23 16:15,150,105,45,0,0,0
2025-04-23 16:30,93,53,40,0,0,0
2025-04-23 16:45,207,102,105,0,0,0
2025-04-23 17:00,187,111,76,0,0,0
2025-04-23 17:15,189,99,90,0,0,0
2025-04-23 17:30,183,102,81,0,0,0
2025-04-23 17:45,199,109,90,0,0,0
2025-04-23 18:00,160,112,48,0,0,0
2025-04-23 18:15,117,69,48,0,0,0
2025-04-23 18:30,142,82,60,0,0,0
2025-04-23 18:45,144,81,63,0,0,0
2025-04-23 19:00,117,57,60,0,0,0
2025-04-23 19:15,118,72,46,0,0,0
2025-04-23 19:30,103,57,46,0,0,0
2025-04-23 19:45,105,67,38,0,0,0
2025-04-23 20:00,109,55,54,0,0,0
2025-04-23 20:15,79,50,29,0,0,0
2025-04-23 20:30,94,48,46,0,0,0
2025-04-23 20:45,59,33,26,0,0,0
2025-04-23 21:00,78,42,36,0,0,0
2025-04-23 21:15,73,49,24,0,0,0
2025-04-23 21:30,51,25,26,0,0,0
2025-04-23 21:45,63,31,32,0,0,0
2025-04-23 22:00,57,32,25,0,0,0
2025-04-23 22:15,72,35,37,0,0,0
2025-04-23 22:30,42,20,22,0,0,0
2025-04-23 22:45,62,37,25,0,0,0
2025-04-23 23:00,53,30,23,0,0,0
2025-04-23 23:15,26,15,11,0,0,0
2025-04-23 23:30,53,30,23,0,0,0
2025-04-23 23:45,56,31,25,0,0,0
2025-04-24 00:00,57,38,19,0,0,0
2025-04-24 00:15,71,51,20,0,0,0
2025-04-24 00:30,53,43,10,0,0,0
2025-04-24 00:45,24,17,7,0,0,0
2025-04-24 01:00,11,6,5,0,0,0
2025-04-24 01:15,13,4,9,0,0,0
2025-04-24 01:30,19,10,9,0,0,0
2025-04-24 01:45,17,9,8,0,0,0
2025-04-24 02:00,19,10,9,0,0,0
2025-04-24 02:15,15,9,6,0,0,0
2025-04-24 02:30,19,3,16,0,0,0
2025-04-24 02:45,26,8,18,0,0,0
2025-04-24 03:00,18,5,13,0,0,0
2025-04-24 03:15,14,5,9,0,0,0
2025-04-24 03:30,20,4,16,0,0,0
2025-04-24 03:45,14,4,10,0,0,0
2025-04-24 04:00,8,6,2,0,0,0
2025-04-24 04:15,17,4,13,0,0,0
2025-04-24 04:30,7,2,5,0,0,0
2025-04-24 04:45,12,4,8,0,0,0
2025-04-24 05:00,4,0,4,0,0,0
2025-04-24 05:15,14,8,6,0,0,0
2025-04-24 05:30,13,6,7,0,0,0
2025-04-24 05:45,14,5,9,0,0,0
2025-04-24 06:00,14,3,11,0,0,0
2025-04-24 06:15,26,12,14,0,0,0
2025-04-24 06:30,37,16,21,0,0,0
2025-04-24 06:45,52,28,24,0,0,0
2025-04-24 07:00,55,21,34,0,0,0
2025-04-24 07:15,80,32,48,0,0,0
2025-04-24 07:30,113,28,85,0,0,0
2025-04-24 07:45,176,48,128,0,0,0
2025-04-24 08:00,140,38,102,0,0,0
2025-04-24 08:15,137,42,95,0,0,0
2025-04-24 08:30,104,32,72,0,0,0
2025-04-24 08:45,140,50,90,0,0,0
2025-04-24 09:00,69,17,52,0,0,0
2025-04-24 09:15,75,24,51,0,0,0
2025-04-24 09:30,81,24,57,0,0,0
2025-04-24 09:45,131,35,96,0,0,0
2025-04-24 10:00,91,26,65,0,0,0
2025-04-24 10:15,60,27,33,0,0,0
2025-04-24 10:30,57,26,31,0,0,0
2025-04-24 10:45,69,28,41,0,0,0
2025-04-24 11:00,53,23,30,0,0,0
2025-04-24 11:15,67,22,45,0,0,0
2025-04-24 11:30,74,24,50,0,0,0
2025-04-24 11:45,119,35,84,0,0,0
2025-04-24 12:00,97,51,46,0,0,0
2025-04-24 12:15,84,41,43,0,0,0
2025-04-24 12:30,86,42,44,0,0,0
2025-04-24 12:45,100,51,49,0,0,0
2025-04-24 13:00,89,46,43,0,0,0
2025-04-24 13:15,86,44,42,0,0,0
2025-04-24 13:30,96,38,58,0,0,0
2025-04-24 13:45,120,53,67,0,0,0
2025-04-24 14:00,90,47,43,0,0,0
2025-04-24 14:15,77,43,34,0,0,0
2025-04-24 14:30,105,52,53,0,0,0
2025-04-24 14:45,98,50,48,0,0,0
2025-04-24 15:00,99,48,51,0,0,0
2025-04-24 15:15,106,53,53,0,0,0
2025-04-24 15:30,109,59,50,0,0,0
2025-04-24 15:45,182,89,93,0,0,0
2025-04-24 16:00,170,95,75,0,0,0
2025-04-24 16:15,166,102,64,0,0,0
2025-04-24 16:30,170,90,80,0,0,0
2025-04-24 16:45,143,85,58,0,0,0
2025-04-24 17:00,151,77,74,0,0,0
2025-04-24 17:15,151,90,61,0,0,0
2025-04-24 17:30,141,77,64,0,0,0
2025-04-24 17:45,158,107,51,0,0,0
2025-04-24 18:00,157,87,70,0,0,0
2025-04-24 18:15,175,95,80,0,0,0
2025-04-24 18:30,126,77,49,0,0,0
2025-04-24 18:45,167,94,73,0,0,0
2025-04-24 19:00,119,61,58,0,0,0
2025-04-24 19:15,111,64,47,0,0,0
2025-04-24 19:30,106,50,56,0,0,0
2025-04-24 19:45,106,61,45,0,0,0
2025-04-24 20:00,93,58,35,0,0,0
2025-04-24 20:15,75,52,23,0,0,0
2025-04-24 20:30,73,42,31,0,0,0
2025-04-24 20:45,58,34,24,0,0,0
2025-04-24 21:00,63,38,25,0,0,0
2025-04-24 21:15,69,34,35,0,0,0
2025-04-24 21:30,61,34,27,0,0,0
2025-04-24 21:45,69,36,33,0,0,0
2025-04-24 22:00,57,28,29,0,0,0
2025-04-24 22:15,55,30,25,0,0,0
2025-04-24 22:30,41,22,19,0,0,0
2025-04-24 22:45,51,20,31,0,0,0
2025-04-24 23:00,52,24,28,0,0,0
2025-04-24 23:15,34,14,20,0,0,0
2025-04-24 23:30,33,11,22,0,0,0
2025-04-24 23:45,19,6,13,0,0,0
2025-04-25 00:00,19,7,12,0,0,0
2025-04-25 00:15,12,8,4,0,0,0
2025-04-25 00:30,8,3,5,0,0,0
2025-04-25 00:45,18,13,5,0,0,0
2025-04-25 01:00,10,5,5,0,0,0
2025-04-25 01:15,2,0,2,0,0,0
2025-04-25 01:30,10,3,7,0,0,0
2025-04-25 01:45,4,2,2,0,0,0
2025-04-25 02:00,7,2,5,0,0,0
2025-04-25 02:15,4,1,3,0,0,0
2025-04-25 02:30,6,6,0,0,0,0
2025-04-25 02:45,1,0,1,0,0,0
2025-04-25 03:00,0,0,0,0,0,0
2025-04-25 03:15,7,3,4,0,0,0
2025-04-25 03:30,3,1,2,0,0,0
2025-04-25 03:45,1,0,1,0,0,0
2025-04-25 04:00,3,2,1,0,0,0
2025-04-25 04:15,3,1,2,0,0,0
2025-04-25 04:30,4,3,1,0,0,0
2025-04-25 04:45,5,2,3,0,0,0
2025-04-25 05:00,3,3,0,0,0,0
2025-04-25 05:15,9,7,2,0,0,0
2025-04-25 05:30,16,6,10,0,0,0
2025-04-25 05:45,15,4,11,0,0,0
2025-04-25 06:00,19,6,13,0,0,0
2025-04-25 06:15,40,12,28,0,0,0
2025-04-25 06:30,48,22,26,0,0,0
2025-04-25 06:45,55,21,34,0,0,0
2025-04-25 07:00,82,30,52,0,0,0
2025-04-25 07:15,74,27,47,0,0,0
2025-04-25 07:30,126,44,82,0,0,0
2025-04-25 07:45,217,59,158,0,0,0
2025-04-25 08:00,155,38,117,0,0,0
2025-04-25 08:15,146,55,91,0,0,0
2025-04-25 08:30,160,47,113,0,0,0
2025-04-25 08:45,160,38,122,0,0,0
2025-04-25 09:00,111,37,74,0,0,0
2025-04-25 09:15,113,32,81,0,0,0
2025-04-25 09:30,132,47,85,0,0,0
2025-04-25 09:45,186,44,142,0,0,0
2025-04-25 10:00,136,47,89,0,0,0
2025-04-25 10:15,122,49,73,0,0,0
2025-04-25 10:30,132,44,88,0,0,0
2025-04-25 10:45,164,57,107,0,0,0
2025-04-25 11:00,127,53,74,0,0,0
2025-04-25 11:15,154,65,89,0,0,0
2025-04-25 11:30,129,57,72,0,0,0
2025-04-25 11:45,168,70,98,0,0,0
2025-04-25 12:00,144,72,72,0,0,0
2025-04-25 12:15,166,79,87,0,0,0
2025-04-25 12:30,179,93,86,0,0,0
2025-04-25 12:45,183,81,102,0,0,0
2025-04-25 13:00,174,80,94,0,0,0
2025-04-25 13:15,176,72,104,0,0,0
2025-04-25 13:30,168,89,79,0,0,0
2025-04-25 13:45,195,94,101,0,0,0
2025-04-25 14:00,156,73,83,0,0,0
2025-04-25 14:15,169,94,75,0,0,0
2025-04-25 14:30,156,83,73,0,0,0
2025-04-25 14:45,187,79,108,0,0,0
2025-04-25 15:00,206,101,105,0,0,0
2025-04-25 15:15,166,102,64,0,0,0
2025-04-25 15:30,182,98,84,0,0,0
2025-04-25 15:45,189,104,85,0,0,0
2025-04-25 16:00,183,96,87,0,0,0
2025-04-25 16:15,222,125,97,0,0,0
2025-04-25 16:30,190,114,76,0,0,0
2025-04-25 16:45,184,97,87,0,0,0
2025-04-25 17:00,160,88,72,0,0,0
2025-04-25 17:15,205,107,98,0,0,0
2025-04-25 17:30,201,108,93,0,0,0
2025-04-25 17:45,195,114,81,0,0,0
2025-04-25 18:00,222,132,90,0,0,0
2025-04-25 18:15,183,111,72,0,0,0
2025-04-25 18:30,168,100,68,0,0,0
2025-04-25 18:45,216,115,101,0,0,0
2025-04-25 19:00,179,88,91,0,0,0
2025-04-25 19:15,164,87,77,0,0,0
2025-04-25 19:30,154,91,63,0,0,0
2025-04-25 19:45,124,77,47,0,0,0
2025-04-25 20:00,129,68,61,0,0,0
2025-04-25 20:15,97,54,43,0,0,0
2025-04-25 20:30,86,50,36,0,0,0
2025-04-25 20:45,78,42,36,0,0,0
2025-04-25 21:00,67,28,39,0,0,0
2025-04-25 21:15,83,52,31,0,0,0
2025-04-25 21:30,85,51,34,0,0,0
2025-04-25 21:45,82,39,43,0,0,0
2025-04-25 22:00,67,32,35,0,0,0
2025-04-25 22:15,75,41,34,0,0,0
2025-04-25 22:30,99,35,64,0,0,0
2025-04-25 22:45,80,45,35,0,0,0
2025-04-25 23:00,76,40,36,0,0,0
2025-04-25 23:15,88,60,28,0,0,0
2025-04-25 23:30,47,29,18,0,0,0
2025-04-25 23:45,57,26,31,0,0,0
2025-04-26 00:00,56,34,22,0,0,0
2025-04-26 00:15,58,33,25,0,0,0
2025-04-26 00:30,45,25,20,0,0,0
2025-04-26 00:45,49,21,28,0,0,0
2025-04-26 01:00,43,23,20,0,0,0
2025-04-26 01:15,30,11,19,0,0,0
2025-04-26 01:30,34,15,19,0,0,0
2025-04-26 01:45,28,12,16,0,0,0
2025-04-26 02:00,46,27,19,0,0,0
2025-04-26 02:15,32,8,24,0,0,0
2025-04-26 02:30,17,7,10,0,0,0
2025-04-26 02:45,19,11,8,0,0,0
2025-04-26 03:00,13,6,7,0,0,0
2025-04-26 03:15,24,6,18,0,0,0
2025-04-26 03:30,17,6,11,0,0,0
2025-04-26 03:45,24,6,18,0,0,0
2025-04-26 04:00,14,1,13,0,0,0
2025-04-26 04:15,9,4,5,0,0,0
2025-04-26 04:30,9,4,5,0,0,0
2025-04-26 04:45,8,1,7,0,0,0
2025-04-26 05:00,9,3,6,0,0,0
2025-04-26 05:15,9,3,6,0,0,0
2025-04-26 05:30,6,1,5,0,0,0
2025-04-26 05:45,12,3,9,0,0,0
2025-04-26 06:00,11,3,8,0,0,0
2025-04-26 06:15,8,2,6,0,0,0
2025-04-26 06:30,13,2,11,0,0,0
2025-04-26 06:45,10,2,8,0,0,0
2025-04-26 07:00,17,6,11,0,0,0
2025-04-26 07:15,22,8,14,0,0,0
2025-04-26 07:30,26,8,18,0,0,0
2025-04-26 07:45,32,8,24,0,0,0
2025-04-26 08:00,34,11,23,0,0,0
2025-04-26 08:15,47,16,31,0,0,0
2025-04-26 08:30,78,26,52,0,0,0
2025-04-26 08:45,98,29,69,0,0,0
2025-04-26 09:00,71,25,46,0,0,0
2025-04-26 09:15,97,28,69,0,0,0
2025-04-26 09:30,118,30,88,0,0,0
2025-04-26 09:45,165,46,119,0,0,0
2025-04-26 10:00,141,58,83,0,0,0
2025-04-26 10:15,166,64,102,0,0,0
2025-04-26 10:30,159,49,110,0,0,0
2025-04-26 10:45,189,58,131,0,0,0
2025-04-26 11:00,145,62,83,0,0,0
2025-04-26 11:15,185,64,121,0,0,0
2025-04-26 11:30,236,78,158,0,0,0
2025-04-26 11:45,207,67,140,0,0,0
2025-04-26 12:00,209,72,137,0,0,0
2025-04-26 12:15,223,80,143,0,0,0
2025-04-26 12:30,204,87,117,0,0,0
2025-04-26 12:45,220,79,141,0,0,0
2025-04-26 13:00,193,90,103,0,0,0
2025-04-26 13:15,191,96,95,0,0,0
2025-04-26 13:30,212,102,110,0,0,0
2025-04-26 13:45,196,100,96,0,0,0
2025-04-26 14:00,210,107,103,0,0,0
2025-04-26 14:15,197,111,86,0,0,0
2025-04-26 14:30,194,108,86,0,0,0
2025-04-26 14:45,169,86,83,0,0,0
2025-04-26 15:00,161,93,68,0,0,0
2025-04-26 15:15,160,105,55,0,0,0
2025-04-26 15:30,198,94,104,0,0,0
2025-04-26 15:45,149,77,72,0,0,0
2025-04-26 16:00,174,93,81,0,0,0
2025-04-26 16:15,162,84,78,0,0,0
2025-04-26 16:30,149,81,68,0,0,0
2025-04-26 16:45,163,84,79,0,0,0
2025-04-26 17:00,146,92,54,0,0,0
2025-04-26 17:15,158,93,65,0,0,0
2025-04-26 17:30,150,83,67,0,0,0
2025-04-26 17:45,170,95,75,0,0,0
2025-04-26 18:00,178,106,72,0,0,0
2025-04-26 18:15,162,83,79,0,0,0
2025-04-26 18:30,150,84,66,0,0,0
2025-04-26 18:45,162,76,86,0,0,0
2025-04-26 19:00,167,90,77,0,0,0
2025-04-26 19:15,173,88,85,0,0,0
2025-04-26 19:30,127,80,47,0,0,0
2025-04-26 19:45,169,102,67,0,0,0
2025-04-26 20:00,128,61,67,0,0,0
2025-04-26 20:15,105,58,47,0,0,0
2025-04-26 20:30,99,56,43,0,0,0
2025-04-26 20:45,94,41,53,0,0,0
2025-04-26 21:00,87,50,37,0,0,0
2025-04-26 21:15,87,35,52,0,0,0
2025-04-26 21:30,92,55,37,0,0,0
2025-04-26 21:45,72,36,36,0,0,0
2025-04-26 22:00,74,35,39,0,0,0
2025-04-26 22:15,87,45,42,0,0,0
2025-04-26 22:30,54,30,24,0,0,0
2025-04-26 22:45,75,30,45,0,0,0
2025-04-26 23:00,49,18,31,0,0,0
2025-04-26 23:15,61,33,28,0,0,0
2025-04-26 23:30,67,35,32,0,0,0
2025-04-26 23:45,48,25,23,0,0,0
2025-04-27 00:00,43,22,21,0,0,0
2025-04-27 00:15,47,21,26,0,0,0
2025-04-27 00:30,48,18,30,0,0,0
2025-04-27 00:45,57,41,16,0,0,0
2025-04-27 01:00,53,23,30,0,0,0
2025-04-27 01:15,40,20,20,0,0,0
2025-04-27 01:30,28,10,18,0,0,0
2025-04-27 01:45,26,7,19,0,0,0
2025-04-27 02:00,27,13,14,0,0,0
2025-04-27 02:15,19,4,15,0,0,0
2025-04-27 02:30,42,20,22,0,0,0
2025-04-27 02:45,35,14,21,0,0,0
2025-04-27 03:00,22,5,17,0,0,0
2025-04-27 03:15,16,6,10,0,0,0
2025-04-27 03:30,15,6,9,0,0,0
2025-04-27 03:45,17,8,9,0,0,0
2025-04-27 04:00,11,5,6,0,0,0
2025-04-27 04:15,12,5,7,0,0,0
2025-04-27 04:30,8,1,7,0,0,0
2025-04-27 04:45,6,4,2,0,0,0
2025-04-27 05:00,6,2,4,0,0,0
2025-04-27 05:15,5,1,4,0,0,0
2025-04-27 05:30,5,1,4,0,0,0
2025-04-27 05:45,9,2,7,0,0,0
2025-04-27 06:00,6,2,4,0,0,0
2025-04-27 06:15,9,2,7,0,0,0
2025-04-27 06:30,8,2,6,0,0,0
2025-04-27 06:45,8,1,7,0,0,0
2025-04-27 07:00,5,3,2,0,0,0
2025-04-27 07:15,4,2,2,0,0,0
2025-04-27 07:30,5,3,2,0,0,0
2025-04-27 07:45,17,6,11,0,0,0
2025-04-27 08:00,12,4,8,0,0,0
2025-04-27 08:15,22,9,13,0,0,0
2025-04-27 08:30,31,9,22,0,0,0
2025-04-27 08:45,48,18,30,0,0,0
2025-04-27 09:00,49,19,30,0,0,0
2025-04-27 09:15,55,34,21,0,0,0
2025-04-27 09:30,58,16,42,0,0,0
2025-04-27 09:45,82,29,53,0,0,0
2025-04-27 10:00,68,26,42,0,0,0
2025-04-27 10:15,85,41,44,0,0,0
2025-04-27 10:30,84,19,65,0,0,0
2025-04-27 10:45,94,47,47,0,0,0
2025-04-27 11:00,93,44,49,0,0,0
2025-04-27 11:15,89,39,50,0,0,0
2025-04-27 11:30,88,41,47,0,0,0
2025-04-27 11:45,96,47,49,0,0,0
2025-04-27 12:00,102,53,49,0,0,0
2025-04-27 12:15,110,56,54,0,0,0
2025-04-27 12:30,118,67,51,0,0,0
2025-04-27 12:45,96,46,50,0,0,0
2025-04-27 13:00,117,46,71,0,0,0
2025-04-27 13:15,128,65,63,0,0,0
2025-04-27 13:30,139,61,78,0,0,0
2025-04-27 13:45,160,73,87,0,0,0
2025-04-27 14:00,145,62,83,0,0,0
2025-04-27 14:15,135,65,70,0,0,0
2025-04-27 14:30,140,51,89,0,0,0
2025-04-27 14:45,170,67,103,0,0,0
2025-04-27 15:00,133,66,67,0,0,0
2025-04-27 15:15,159,73,86,0,0,0
2025-04-27 15:30,112,51,61,0,0,0
2025-04-27 15:45,152,67,85,0,0,0
2025-04-27 16:00,152,72,80,0,0,0
2025-04-27 16:15,146,79,67,0,0,0
2025-04-27 16:30,134,60,74,0,0,0
2025-04-27 16:45,160,85,75,0,0,0
2025-04-27 17:00,125,56,69,0,0,0
2025-04-27 17:15,131,73,58,0,0,0
2025-04-27 17:30,169,87,82,0,0,0
2025-04-27 17:45,161,89,72,0,0,0
2025-04-27 18:00,123,63,60,0,0,0
2025-04-27 18:15,119,60,59,0,0,0
2025-04-27 18:30,125,64,61,0,0,0
2025-04-27 18:45,111,46,65,0,0,0
2025-04-27 19:00,120,64,56,0,0,0
2025-04-27 19:15,105,51,54,0,0,0
2025-04-27 19:30,103,46,57,0,0,0
2025-04-27 19:45,95,50,45,0,0,0
2025-04-27 20:00,82,50,32,0,0,0
2025-04-27 20:15,87,38,49,0,0,0
2025-04-27 20:30,83,37,46,0,0,0
2025-04-27 20:45,58,28,30,0,0,0
2025-04-27 21:00,67,25,42,0,0,0
2025-04-27 21:15,50,26,24,0,0,0
2025-04-27 21:30,35,22,13,0,0,0
2025-04-27 21:45,46,29,17,0,0,0
2025-04-27 22:00,43,20,23,0,0,0
2025-04-27 22:15,42,22,20,0,0,0
2025-04-27 22:30,24,14,10,0,0,0
2025-04-27 22:45,20,8,12,0,0,0
2025-04-27 23:00,12,6,6,0,0,0
2025-04-27 23:15,24,8,16,0,0,0
2025-04-27 23:30,25,10,15,0,0,0
2025-04-27 23:45,14,8,6,0,0,0
2025-04-28 00:00,6,0,6,0,0,0
2025-04-28 00:15,11,5,6,0,0,0
2025-04-28 00:30,3,2,1,0,0,0
2025-04-28 00:45,5,1,4,0,0,0
2025-04-28 01:00,4,3,1,0,0,0
2025-04-28 01:15,3,0,3,0,0,0
2025-04-28 01:30,2,1,1,0,0,0
2025-04-28 01:45,6,1,5,0,0,0
2025-04-28 02:00,3,2,1,0,0,0
2025-04-28 02:15,1,0,1,0,0,0
2025-04-28 02:30,1,1,0,0,0,0
2025-04-28 02:45,3,2,1,0,0,0
2025-04-28 03:00,1,0,1,0,0,0
2025-04-28 03:15,1,1,0,0,0,0
2025-04-28 03:30,2,2,0,0,0,0
2025-04-28 03:45,5,2,3,0,0,0
2025-04-28 04:00,1,0,1,0,0,0
2025-04-28 04:15,3,3,0,0,0,0
2025-04-28 04:30,4,3,1,0,0,0
2025-04-28 04:45,4,2,2,0,0,0
2025-04-28 05:00,6,4,2,0,0,0
2025-04-28 05:15,10,6,4,0,0,0
2025-04-28 05:30,19,9,10,0,0,0
2025-04-28 05:45,24,10,14,0,0,0
2025-04-28 06:00,24,8,16,0,0,0
2025-04-28 06:15,48,12,36,0,0,0
2025-04-28 06:30,76,26,50,0,0,0
2025-04-28 06:45,84,32,52,0,0,0
2025-04-28 07:00,121,39,82,0,0,0
2025-04-28 07:15,230,69,161,0,0,0
2025-04-28 07:30,339,84,255,0,0,0
2025-04-28 07:45,349,104,245,0,0,0
2025-04-28 08:00,264,97,167,0,0,0
2025-04-28 08:15,237,76,161,0,0,0
2025-04-28 08:30,226,70,156,0,0,0
2025-04-28 08:45,200,60,140,0,0,0
2025-04-28 09:00,154,55,99,0,0,0
2025-04-28 09:15,128,31,97,0,0,0
2025-04-28 09:30,158,41,117,0,0,0
2025-04-28 09:45,204,47,157,0,0,0
2025-04-28 10:00,156,45,111,0,0,0
2025-04-28 10:15,138,54,84,0,0,0
2025-04-28 10:30,127,40,87,0,0,0
2025-04-28 10:45,136,40,96,0,0,0
2025-04-28 11:00,133,51,82,0,0,0
2025-04-28 11:15,136,32,104,0,0,0
2025-04-28 11:30,152,60,92,0,0,0
2025-04-28 11:45,183,72,111,0,0,0
2025-04-28 12:00,192,74,118,0,0,0
2025-04-28 12:15,157,78,79,0,0,0
2025-04-28 12:30,201,115,86,0,0,0
2025-04-28 12:45,170,86,84,0,0,0
2025-04-28 13:00,193,101,92,0,0,0
2025-04-28 13:15,172,94,78,0,0,0
2025-04-28 13:30,176,87,89,0,0,0
2025-04-28 13:45,216,107,109,0,0,0
2025-04-28 14:00,205,98,107,0,0,0
2025-04-28 14:15,170,85,85,0,0,0
2025-04-28 14:30,166,79,87,0,0,0
2025-04-28 14:45,218,93,125,0,0,0
2025-04-28 15:00,207,106,101,0,0,0
2025-04-28 15:15,197,108,89,0,0,0
2025-04-28 15:30,212,107,105,0,0,0
2025-04-28 15:45,265,143,122,0,0,0
2025-04-28 16:00,302,177,125,0,0,0
2025-04-28 16:15,287,166,121,0,0,0
2025-04-28 16:30,254,127,127,0,0,0
2025-04-28 16:45,287,146,141,0,0,0
2025-04-28 17:00,296,172,124,0,0,0
2025-04-28 17:15,256,130,126,0,0,0
2025-04-28 17:30,293,161,132,0,0,0
2025-04-28 17:45,328,190,138,0,0,0
2025-04-28 18:00,308,197,111,0,0,0
2025-04-28 18:15,269,144,125,0,0,0
2025-04-28 18:30,220,130,90,0,0,0
2025-04-28 18:45,220,131,89,0,0,0
2025-04-28 19:00,167,103,64,0,0,0
2025-04-28 19:15,193,99,94,0,0,0
2025-04-28 19:30,158,82,76,0,0,0
2025-04-28 19:45,189,110,79,0,0,0
2025-04-28 20:00,150,80,70,0,0,0
2025-04-28 20:15,116,52,64,0,0,0
2025-04-28 20:30,93,40,53,0,0,0
2025-04-28 20:45,108,47,61,0,0,0
2025-04-28 21:00,118,36,82,0,0,0
2025-04-28 21:15,119,52,67,0,0,0
2025-04-28 21:30,117,52,65,0,0,0
2025-04-28 21:45,85,53,32,0,0,0
2025-04-28 22:00,75,57,18,0,0,0
2025-04-28 22:15,80,44,36,0,0,0
2025-04-28 22:30,53,28,25,0,0,0
2025-04-28 22:45,43,19,24,0,0,0
2025-04-28 23:00,39,17,22,0,0,0
2025-04-28 23:15,34,11,23,0,0,0
2025-04-28 23:30,22,12,10,0,0,0
2025-04-28 23:45,25,9,16,0,0,0
