Datetime,100031300 (Hafenstraße),101031300 (Hafenstraße Fahrräder IN),102031300 (Hafenstraße Fahrräder OUT),100031300-status,101031300-status,102031300-status
2023-11-01 00:00,73,36,37,0,0,0
2023-11-01 00:15,60,30,30,0,0,0
2023-11-01 00:30,71,50,21,0,0,0
2023-11-01 00:45,103,60,43,0,0,0
2023-11-01 01:00,109,78,31,0,0,0
2023-11-01 01:15,96,52,44,0,0,0
2023-11-01 01:30,65,33,32,0,0,0
2023-11-01 01:45,58,26,32,0,0,0
2023-11-01 02:00,63,27,36,0,0,0
2023-11-01 02:15,69,22,47,0,0,0
2023-11-01 02:30,70,22,48,0,0,0
2023-11-01 02:45,63,20,43,0,0,0
2023-11-01 03:00,70,9,61,0,0,0
2023-11-01 03:15,74,11,63,0,0,0
2023-11-01 03:30,86,15,71,0,0,0
2023-11-01 03:45,73,14,59,0,0,0
2023-11-01 04:00,34,6,28,0,0,0
2023-11-01 04:15,32,10,22,0,0,0
2023-11-01 04:30,36,3,33,0,0,0
2023-11-01 04:45,27,3,24,0,0,0
2023-11-01 05:00,26,3,23,0,0,0
2023-11-01 05:15,26,3,23,0,0,0
2023-11-01 05:30,21,1,20,0,0,0
2023-11-01 05:45,19,3,16,0,0,0
2023-11-01 06:00,9,3,6,0,0,0
2023-11-01 06:15,13,0,13,0,0,0
2023-11-01 06:30,17,8,9,0,0,0
2023-11-01 06:45,6,0,6,0,0,0
2023-11-01 07:00,10,2,8,0,0,0
2023-11-01 07:15,9,2,7,0,0,0
2023-11-01 07:30,7,2,5,0,0,0
2023-11-01 07:45,19,5,14,0,0,0
2023-11-01 08:00,9,1,8,0,0,0
2023-11-01 08:15,7,2,5,0,0,0
2023-11-01 08:30,9,5,4,0,0,0
2023-11-01 08:45,22,4,18,0,0,0
2023-11-01 09:00,15,7,8,0,0,0
2023-11-01 09:15,24,4,20,0,0,0
2023-11-01 09:30,31,10,21,0,0,0
2023-11-01 09:45,29,14,15,0,0,0
2023-11-01 10:00,33,18,15,0,0,0
2023-11-01 10:15,34,10,24,0,0,0
2023-11-01 10:30,30,10,20,0,0,0
2023-11-01 10:45,37,18,19,0,0,0
2023-11-01 11:00,39,16,23,0,0,0
2023-11-01 11:15,33,15,18,0,0,0
2023-11-01 11:30,51,20,31,0,0,0
2023-11-01 11:45,60,40,20,0,0,0
2023-11-01 12:00,68,24,44,0,0,0
2023-11-01 12:15,53,18,35,0,0,0
2023-11-01 12:30,61,34,27,0,0,0
2023-11-01 12:45,52,33,19,0,0,0
2023-11-01 13:00,63,18,45,0,0,0
2023-11-01 13:15,82,32,50,0,0,0
2023-11-01 13:30,67,25,42,0,0,0
2023-11-01 13:45,82,35,47,0,0,0
2023-11-01 14:00,64,32,32,0,0,0
2023-11-01 14:15,85,34,51,0,0,0
2023-11-01 14:30,76,25,51,0,0,0
2023-11-01 14:45,87,38,49,0,0,0
2023-11-01 15:00,82,42,40,0,0,0
2023-11-01 15:15,78,36,42,0,0,0
2023-11-01 15:30,87,34,53,0,0,0
2023-11-01 15:45,75,40,35,0,0,0
2023-11-01 16:00,82,25,57,0,0,0
2023-11-01 16:15,83,43,40,0,0,0
2023-11-01 16:30,96,32,64,0,0,0
2023-11-01 16:45,55,23,32,0,0,0
2023-11-01 17:00,69,27,42,0,0,0
2023-11-01 17:15,91,43,48,0,0,0
2023-11-01 17:30,67,34,33,0,0,0
2023-11-01 17:45,91,50,41,0,0,0
2023-11-01 18:00,92,41,51,0,0,0
2023-11-01 18:15,60,28,32,0,0,0
2023-11-01 18:30,64,23,41,0,0,0
2023-11-01 18:45,74,37,37,0,0,0
2023-11-01 19:00,74,39,35,0,0,0
2023-11-01 19:15,68,32,36,0,0,0
2023-11-01 19:30,50,22,28,0,0,0
2023-11-01 19:45,54,20,34,0,0,0
2023-11-01 20:00,47,16,31,0,0,0
2023-11-01 20:15,47,24,23,0,0,0
2023-11-01 20:30,63,27,36,0,0,0
2023-11-01 20:45,30,8,22,0,0,0
2023-11-01 21:00,26,7,19,0,0,0
2023-11-01 21:15,46,9,37,0,0,0
2023-11-01 21:30,31,11,20,0,0,0
2023-11-01 21:45,37,4,33,0,0,0
2023-11-01 22:00,20,9,11,0,0,0
2023-11-01 22:15,38,16,22,0,0,0
2023-11-01 22:30,36,7,29,0,0,0
2023-11-01 22:45,24,6,18,0,0,0
2023-11-01 23:00,17,7,10,0,0,0
2023-11-01 23:15,26,8,18,0,0,0
2023-11-01 23:30,18,4,14,0,0,0
2023-11-01 23:45,11,3,8,0,0,0
2023-11-02 00:00,8,4,4,0,0,0
2023-11-02 00:15,8,4,4,0,0,0
2023-11-02 00:30,3,1,2,0,0,0
2023-11-02 00:45,5,2,3,0,0,0
2023-11-02 01:00,12,4,8,0,0,0
2023-11-02 01:15,4,1,3,0,0,0
2023-11-02 01:30,2,2,0,0,0,0
2023-11-02 01:45,0,0,0,0,0,0
2023-11-02 02:00,0,0,0,0,0,0
2023-11-02 02:15,2,1,1,0,0,0
2023-11-02 02:30,3,2,1,0,0,0
2023-11-02 02:45,1,1,0,0,0,0
2023-11-02 03:00,2,1,1,0,0,0
2023-11-02 03:15,0,0,0,0,0,0
2023-11-02 03:30,1,0,1,0,0,0
2023-11-02 03:45,2,2,0,0,0,0
2023-11-02 04:00,2,0,2,0,0,0
2023-11-02 04:15,1,1,0,0,0,0
2023-11-02 04:30,0,0,0,0,0,0
2023-11-02 04:45,3,2,1,0,0,0
2023-11-02 05:00,3,2,1,0,0,0
2023-11-02 05:15,11,7,4,0,0,0
2023-11-02 05:30,14,5,9,0,0,0
2023-11-02 05:45,21,12,9,0,0,0
2023-11-02 06:00,27,12,15,0,0,0
2023-11-02 06:15,44,27,17,0,0,0
2023-11-02 06:30,34,8,26,0,0,0
2023-11-02 06:45,61,40,21,0,0,0
2023-11-02 07:00,79,45,34,0,0,0
2023-11-02 07:15,118,52,66,0,0,0
2023-11-02 07:30,141,57,84,0,0,0
2023-11-02 07:45,169,74,95,0,0,0
2023-11-02 08:00,160,59,101,0,0,0
2023-11-02 08:15,144,71,73,0,0,0
2023-11-02 08:30,136,65,71,0,0,0
2023-11-02 08:45,128,64,64,0,0,0
2023-11-02 09:00,72,32,40,0,0,0
2023-11-02 09:15,85,30,55,0,0,0
2023-11-02 09:30,89,28,61,0,0,0
2023-11-02 09:45,139,40,99,0,0,0
2023-11-02 10:00,102,35,67,0,0,0
2023-11-02 10:15,73,26,47,0,0,0
2023-11-02 10:30,97,38,59,0,0,0
2023-11-02 10:45,114,39,75,0,0,0
2023-11-02 11:00,77,32,45,0,0,0
2023-11-02 11:15,103,41,62,0,0,0
2023-11-02 11:30,103,34,69,0,0,0
2023-11-02 11:45,146,56,90,0,0,0
2023-11-02 12:00,124,53,71,0,0,0
2023-11-02 12:15,95,32,63,0,0,0
2023-11-02 12:30,102,53,49,0,0,0
2023-11-02 12:45,112,48,64,0,0,0
2023-11-02 13:00,104,46,58,0,0,0
2023-11-02 13:15,101,41,60,0,0,0
2023-11-02 13:30,99,48,51,0,0,0
2023-11-02 13:45,117,48,69,0,0,0
2023-11-02 14:00,138,65,73,0,0,0
2023-11-02 14:15,101,43,58,0,0,0
2023-11-02 14:30,120,51,69,0,0,0
2023-11-02 14:45,116,58,58,0,0,0
2023-11-02 15:00,122,56,66,0,0,0
2023-11-02 15:15,92,34,58,0,0,0
2023-11-02 15:30,101,54,47,0,0,0
2023-11-02 15:45,176,76,100,0,0,0
2023-11-02 16:00,173,89,84,0,0,0
2023-11-02 16:15,171,74,97,0,0,0
2023-11-02 16:30,162,57,105,0,0,0
2023-11-02 16:45,182,88,94,0,0,0
2023-11-02 17:00,185,100,85,0,0,0
2023-11-02 17:15,170,74,96,0,0,0
2023-11-02 17:30,169,72,97,0,0,0
2023-11-02 17:45,168,78,90,0,0,0
2023-11-02 18:00,162,86,76,0,0,0
2023-11-02 18:15,136,71,65,0,0,0
2023-11-02 18:30,134,55,79,0,0,0
2023-11-02 18:45,114,50,64,0,0,0
2023-11-02 19:00,125,55,70,0,0,0
2023-11-02 19:15,112,50,62,0,0,0
2023-11-02 19:30,104,52,52,0,0,0
2023-11-02 19:45,123,71,52,0,0,0
2023-11-02 20:00,76,39,37,0,0,0
2023-11-02 20:15,70,33,37,0,0,0
2023-11-02 20:30,49,21,28,0,0,0
2023-11-02 20:45,46,23,23,0,0,0
2023-11-02 21:00,63,29,34,0,0,0
2023-11-02 21:15,51,27,24,0,0,0
2023-11-02 21:30,46,13,33,0,0,0
2023-11-02 21:45,49,28,21,0,0,0
2023-11-02 22:00,50,18,32,0,0,0
2023-11-02 22:15,55,18,37,0,0,0
2023-11-02 22:30,54,14,40,0,0,0
2023-11-02 22:45,64,25,39,0,0,0
2023-11-02 23:00,49,13,36,0,0,0
2023-11-02 23:15,25,9,16,0,0,0
2023-11-02 23:30,19,9,10,0,0,0
2023-11-02 23:45,18,9,9,0,0,0
2023-11-03 00:00,27,12,15,0,0,0
2023-11-03 00:15,8,2,6,0,0,0
2023-11-03 00:30,10,5,5,0,0,0
2023-11-03 00:45,15,4,11,0,0,0
2023-11-03 01:00,17,2,15,0,0,0
2023-11-03 01:15,5,3,2,0,0,0
2023-11-03 01:30,0,0,0,0,0,0
2023-11-03 01:45,2,1,1,0,0,0
2023-11-03 02:00,1,0,1,0,0,0
2023-11-03 02:15,1,0,1,0,0,0
2023-11-03 02:30,1,0,1,0,0,0
2023-11-03 02:45,1,1,0,0,0,0
2023-11-03 03:00,0,0,0,0,0,0
2023-11-03 03:15,5,2,3,0,0,0
2023-11-03 03:30,1,1,0,0,0,0
2023-11-03 03:45,1,1,0,0,0,0
2023-11-03 04:00,3,0,3,0,0,0
2023-11-03 04:15,2,1,1,0,0,0
2023-11-03 04:30,1,1,0,0,0,0
2023-11-03 04:45,5,2,3,0,0,0
2023-11-03 05:00,0,0,0,0,0,0
2023-11-03 05:15,7,5,2,0,0,0
2023-11-03 05:30,18,8,10,0,0,0
2023-11-03 05:45,9,3,6,0,0,0
2023-11-03 06:00,19,9,10,0,0,0
2023-11-03 06:15,36,19,17,0,0,0
2023-11-03 06:30,40,21,19,0,0,0
2023-11-03 06:45,58,36,22,0,0,0
2023-11-03 07:00,58,27,31,0,0,0
2023-11-03 07:15,89,36,53,0,0,0
2023-11-03 07:30,161,71,90,0,0,0
2023-11-03 07:45,166,76,90,0,0,0
2023-11-03 08:00,143,60,83,0,0,0
2023-11-03 08:15,127,68,59,0,0,0
2023-11-03 08:30,124,52,72,0,0,0
2023-11-03 08:45,110,48,62,0,0,0
2023-11-03 09:00,85,33,52,0,0,0
2023-11-03 09:15,78,36,42,0,0,0
2023-11-03 09:30,89,35,54,0,0,0
2023-11-03 09:45,109,31,78,0,0,0
2023-11-03 10:00,121,39,82,0,0,0
2023-11-03 10:15,89,40,49,0,0,0
2023-11-03 10:30,99,29,70,0,0,0
2023-11-03 10:45,93,41,52,0,0,0
2023-11-03 11:00,88,39,49,0,0,0
2023-11-03 11:15,70,31,39,0,0,0
2023-11-03 11:30,97,26,71,0,0,0
2023-11-03 11:45,128,47,81,0,0,0
2023-11-03 12:00,120,47,73,0,0,0
2023-11-03 12:15,116,56,60,0,0,0
2023-11-03 12:30,119,44,75,0,0,0
2023-11-03 12:45,142,50,92,0,0,0
2023-11-03 13:00,128,61,67,0,0,0
2023-11-03 13:15,144,51,93,0,0,0
2023-11-03 13:30,138,60,78,0,0,0
2023-11-03 13:45,149,72,77,0,0,0
2023-11-03 14:00,148,57,91,0,0,0
2023-11-03 14:15,137,59,78,0,0,0
2023-11-03 14:30,118,55,63,0,0,0
2023-11-03 14:45,133,70,63,0,0,0
2023-11-03 15:00,150,65,85,0,0,0
2023-11-03 15:15,119,61,58,0,0,0
2023-11-03 15:30,124,64,60,0,0,0
2023-11-03 15:45,142,72,70,0,0,0
2023-11-03 16:00,125,59,66,0,0,0
2023-11-03 16:15,159,74,85,0,0,0
2023-11-03 16:30,142,57,85,0,0,0
2023-11-03 16:45,150,74,76,0,0,0
2023-11-03 17:00,116,55,61,0,0,0
2023-11-03 17:15,112,58,54,0,0,0
2023-11-03 17:30,144,75,69,0,0,0
2023-11-03 17:45,116,60,56,0,0,0
2023-11-03 18:00,111,44,67,0,0,0
2023-11-03 18:15,112,50,62,0,0,0
2023-11-03 18:30,97,54,43,0,0,0
2023-11-03 18:45,139,82,57,0,0,0
2023-11-03 19:00,111,50,61,0,0,0
2023-11-03 19:15,132,71,61,0,0,0
2023-11-03 19:30,119,62,57,0,0,0
2023-11-03 19:45,97,57,40,0,0,0
2023-11-03 20:00,118,67,51,0,0,0
2023-11-03 20:15,100,52,48,0,0,0
2023-11-03 20:30,57,34,23,0,0,0
2023-11-03 20:45,56,28,28,0,0,0
2023-11-03 21:00,54,30,24,0,0,0
2023-11-03 21:15,54,25,29,0,0,0
2023-11-03 21:30,51,18,33,0,0,0
2023-11-03 21:45,43,25,18,0,0,0
2023-11-03 22:00,57,23,34,0,0,0
2023-11-03 22:15,45,17,28,0,0,0
2023-11-03 22:30,58,24,34,0,0,0
2023-11-03 22:45,68,21,47,0,0,0
2023-11-03 23:00,80,16,64,0,0,0
2023-11-03 23:15,62,13,49,0,0,0
2023-11-03 23:30,68,36,32,0,0,0
2023-11-03 23:45,49,20,29,0,0,0
2023-11-04 00:00,49,14,35,0,0,0
2023-11-04 00:15,56,19,37,0,0,0
2023-11-04 00:30,42,13,29,0,0,0
2023-11-04 00:45,41,19,22,0,0,0
2023-11-04 01:00,30,15,15,0,0,0
2023-11-04 01:15,39,9,30,0,0,0
2023-11-04 01:30,19,5,14,0,0,0
2023-11-04 01:45,32,11,21,0,0,0
2023-11-04 02:00,21,5,16,0,0,0
2023-11-04 02:15,21,6,15,0,0,0
2023-11-04 02:30,18,4,14,0,0,0
2023-11-04 02:45,20,6,14,0,0,0
2023-11-04 03:00,17,8,9,0,0,0
2023-11-04 03:15,23,8,15,0,0,0
2023-11-04 03:30,20,8,12,0,0,0
2023-11-04 03:45,10,0,10,0,0,0
2023-11-04 04:00,6,1,5,0,0,0
2023-11-04 04:15,9,3,6,0,0,0
2023-11-04 04:30,6,1,5,0,0,0
2023-11-04 04:45,11,0,11,0,0,0
2023-11-04 05:00,4,0,4,0,0,0
2023-11-04 05:15,22,4,18,0,0,0
2023-11-04 05:30,14,4,10,0,0,0
2023-11-04 05:45,8,2,6,0,0,0
2023-11-04 06:00,9,2,7,0,0,0
2023-11-04 06:15,13,5,8,0,0,0
2023-11-04 06:30,9,7,2,0,0,0
2023-11-04 06:45,17,5,12,0,0,0
2023-11-04 07:00,9,6,3,0,0,0
2023-11-04 07:15,11,2,9,0,0,0
2023-11-04 07:30,23,10,13,0,0,0
2023-11-04 07:45,21,11,10,0,0,0
2023-11-04 08:00,12,5,7,0,0,0
2023-11-04 08:15,28,13,15,0,0,0
2023-11-04 08:30,31,4,27,0,0,0
2023-11-04 08:45,52,15,37,0,0,0
2023-11-04 09:00,37,15,22,0,0,0
2023-11-04 09:15,48,17,31,0,0,0
2023-11-04 09:30,63,23,40,0,0,0
2023-11-04 09:45,89,41,48,0,0,0
2023-11-04 10:00,75,30,45,0,0,0
2023-11-04 10:15,72,33,39,0,0,0
2023-11-04 10:30,75,31,44,0,0,0
2023-11-04 10:45,94,33,61,0,0,0
2023-11-04 11:00,81,42,39,0,0,0
2023-11-04 11:15,79,35,44,0,0,0
2023-11-04 11:30,93,42,51,0,0,0
2023-11-04 11:45,101,47,54,0,0,0
2023-11-04 12:00,94,30,64,0,0,0
2023-11-04 12:15,95,46,49,0,0,0
2023-11-04 12:30,89,40,49,0,0,0
2023-11-04 12:45,81,34,47,0,0,0
2023-11-04 13:00,91,29,62,0,0,0
2023-11-04 13:15,143,74,69,0,0,0
2023-11-04 13:30,114,51,63,0,0,0
2023-11-04 13:45,112,49,63,0,0,0
2023-11-04 14:00,102,46,56,0,0,0
2023-11-04 14:15,78,30,48,0,0,0
2023-11-04 14:30,48,27,21,0,0,0
2023-11-04 14:45,65,27,38,0,0,0
2023-11-04 15:00,70,26,44,0,0,0
2023-11-04 15:15,65,35,30,0,0,0
2023-11-04 15:30,66,27,39,0,0,0
2023-11-04 15:45,45,14,31,0,0,0
2023-11-04 16:00,63,22,41,0,0,0
2023-11-04 16:15,75,39,36,0,0,0
2023-11-04 16:30,84,31,53,0,0,0
2023-11-04 16:45,76,21,55,0,0,0
2023-11-04 17:00,88,42,46,0,0,0
2023-11-04 17:15,77,31,46,0,0,0
2023-11-04 17:30,78,28,50,0,0,0
2023-11-04 17:45,77,38,39,0,0,0
2023-11-04 18:00,78,52,26,0,0,0
2023-11-04 18:15,71,39,32,0,0,0
2023-11-04 18:30,65,22,43,0,0,0
2023-11-04 18:45,81,33,48,0,0,0
2023-11-04 19:00,59,37,22,0,0,0
2023-11-04 19:15,72,33,39,0,0,0
2023-11-04 19:30,69,37,32,0,0,0
2023-11-04 19:45,76,42,34,0,0,0
2023-11-04 20:00,88,41,47,0,0,0
2023-11-04 20:15,63,40,23,0,0,0
2023-11-04 20:30,60,29,31,0,0,0
2023-11-04 20:45,58,32,26,0,0,0
2023-11-04 21:00,29,11,18,0,0,0
2023-11-04 21:15,51,20,31,0,0,0
2023-11-04 21:30,38,12,26,0,0,0
2023-11-04 21:45,64,25,39,0,0,0
2023-11-04 22:00,46,21,25,0,0,0
2023-11-04 22:15,46,16,30,0,0,0
2023-11-04 22:30,36,14,22,0,0,0
2023-11-04 22:45,40,11,29,0,0,0
2023-11-04 23:00,35,9,26,0,0,0
2023-11-04 23:15,44,20,24,0,0,0
2023-11-04 23:30,56,21,35,0,0,0
2023-11-04 23:45,40,13,27,0,0,0
2023-11-05 00:00,46,18,28,0,0,0
2023-11-05 00:15,30,14,16,0,0,0
2023-11-05 00:30,40,13,27,0,0,0
2023-11-05 00:45,49,17,32,0,0,0
2023-11-05 01:00,47,20,27,0,0,0
2023-11-05 01:15,38,22,16,0,0,0
2023-11-05 01:30,39,16,23,0,0,0
2023-11-05 01:45,20,7,13,0,0,0
2023-11-05 02:00,34,16,18,0,0,0
2023-11-05 02:15,27,9,18,0,0,0
2023-11-05 02:30,25,8,17,0,0,0
2023-11-05 02:45,16,3,13,0,0,0
2023-11-05 03:00,22,1,21,0,0,0
2023-11-05 03:15,22,4,18,0,0,0
2023-11-05 03:30,27,6,21,0,0,0
2023-11-05 03:45,17,4,13,0,0,0
2023-11-05 04:00,18,4,14,0,0,0
2023-11-05 04:15,13,1,12,0,0,0
2023-11-05 04:30,17,1,16,0,0,0
2023-11-05 04:45,17,6,11,0,0,0
2023-11-05 05:00,3,0,3,0,0,0
2023-11-05 05:15,16,2,14,0,0,0
2023-11-05 05:30,11,2,9,0,0,0
2023-11-05 05:45,6,1,5,0,0,0
2023-11-05 06:00,4,4,0,0,0,0
2023-11-05 06:15,10,1,9,0,0,0
2023-11-05 06:30,13,4,9,0,0,0
2023-11-05 06:45,10,3,7,0,0,0
2023-11-05 07:00,6,2,4,0,0,0
2023-11-05 07:15,7,2,5,0,0,0
2023-11-05 07:30,13,2,11,0,0,0
2023-11-05 07:45,10,2,8,0,0,0
2023-11-05 08:00,14,3,11,0,0,0
2023-11-05 08:15,9,4,5,0,0,0
2023-11-05 08:30,15,5,10,0,0,0
2023-11-05 08:45,10,2,8,0,0,0
2023-11-05 09:00,12,4,8,0,0,0
2023-11-05 09:15,16,5,11,0,0,0
2023-11-05 09:30,22,11,11,0,0,0
2023-11-05 09:45,48,18,30,0,0,0
2023-11-05 10:00,49,20,29,0,0,0
2023-11-05 10:15,27,12,15,0,0,0
2023-11-05 10:30,31,8,23,0,0,0
2023-11-05 10:45,42,16,26,0,0,0
2023-11-05 11:00,41,15,26,0,0,0
2023-11-05 11:15,55,25,30,0,0,0
2023-11-05 11:30,41,12,29,0,0,0
2023-11-05 11:45,58,29,29,0,0,0
2023-11-05 12:00,62,28,34,0,0,0
2023-11-05 12:15,53,20,33,0,0,0
2023-11-05 12:30,61,33,28,0,0,0
2023-11-05 12:45,57,22,35,0,0,0
2023-11-05 13:00,72,27,45,0,0,0
2023-11-05 13:15,60,23,37,0,0,0
2023-11-05 13:30,53,11,42,0,0,0
2023-11-05 13:45,76,34,42,0,0,0
2023-11-05 14:00,67,32,35,0,0,0
2023-11-05 14:15,55,12,43,0,0,0
2023-11-05 14:30,63,24,39,0,0,0
2023-11-05 14:45,83,34,49,0,0,0
2023-11-05 15:00,73,28,45,0,0,0
2023-11-05 15:15,69,29,40,0,0,0
2023-11-05 15:30,68,33,35,0,0,0
2023-11-05 15:45,78,38,40,0,0,0
2023-11-05 16:00,68,30,38,0,0,0
2023-11-05 16:15,89,29,60,0,0,0
2023-11-05 16:30,56,23,33,0,0,0
2023-11-05 16:45,55,28,27,0,0,0
2023-11-05 17:00,73,24,49,0,0,0
2023-11-05 17:15,56,19,37,0,0,0
2023-11-05 17:30,51,26,25,0,0,0
2023-11-05 17:45,88,44,44,0,0,0
2023-11-05 18:00,71,32,39,0,0,0
2023-11-05 18:15,71,21,50,0,0,0
2023-11-05 18:30,59,21,38,0,0,0
2023-11-05 18:45,72,26,46,0,0,0
2023-11-05 19:00,86,29,57,0,0,0
2023-11-05 19:15,56,19,37,0,0,0
2023-11-05 19:30,61,15,46,0,0,0
2023-11-05 19:45,48,15,33,0,0,0
2023-11-05 20:00,47,13,34,0,0,0
2023-11-05 20:15,36,14,22,0,0,0
2023-11-05 20:30,37,15,22,0,0,0
2023-11-05 20:45,31,12,19,0,0,0
2023-11-05 21:00,32,15,17,0,0,0
2023-11-05 21:15,28,11,17,0,0,0
2023-11-05 21:30,36,10,26,0,0,0
2023-11-05 21:45,30,5,25,0,0,0
2023-11-05 22:00,36,15,21,0,0,0
2023-11-05 22:15,13,5,8,0,0,0
2023-11-05 22:30,33,13,20,0,0,0
2023-11-05 22:45,25,8,17,0,0,0
2023-11-05 23:00,17,5,12,0,0,0
2023-11-05 23:15,10,3,7,0,0,0
2023-11-05 23:30,7,3,4,0,0,0
2023-11-05 23:45,3,1,2,0,0,0
2023-11-06 00:00,10,5,5,0,0,0
2023-11-06 00:15,16,6,10,0,0,0
2023-11-06 00:30,4,1,3,0,0,0
2023-11-06 00:45,2,1,1,0,0,0
2023-11-06 01:00,5,5,0,0,0,0
2023-11-06 01:15,4,3,1,0,0,0
2023-11-06 01:30,1,1,0,0,0,0
2023-11-06 01:45,2,0,2,0,0,0
2023-11-06 02:00,1,1,0,0,0,0
2023-11-06 02:15,0,0,0,0,0,0
2023-11-06 02:30,2,2,0,0,0,0
2023-11-06 02:45,3,2,1,0,0,0
2023-11-06 03:00,0,0,0,0,0,0
2023-11-06 03:15,2,0,2,0,0,0
2023-11-06 03:30,1,0,1,0,0,0
2023-11-06 03:45,2,2,0,0,0,0
2023-11-06 04:00,1,0,1,0,0,0
2023-11-06 04:15,4,2,2,0,0,0
2023-11-06 04:30,1,1,0,0,0,0
2023-11-06 04:45,4,2,2,0,0,0
2023-11-06 05:00,2,2,0,0,0,0
2023-11-06 05:15,9,4,5,0,0,0
2023-11-06 05:30,13,3,10,0,0,0
2023-11-06 05:45,23,15,8,0,0,0
2023-11-06 06:00,21,6,15,0,0,0
2023-11-06 06:15,44,23,21,0,0,0
2023-11-06 06:30,35,15,20,0,0,0
2023-11-06 06:45,76,42,34,0,0,0
2023-11-06 07:00,94,46,48,0,0,0
2023-11-06 07:15,129,64,65,0,0,0
2023-11-06 07:30,175,69,106,0,0,0
2023-11-06 07:45,195,101,94,0,0,0
2023-11-06 08:00,154,70,84,0,0,0
2023-11-06 08:15,171,83,88,0,0,0
2023-11-06 08:30,119,61,58,0,0,0
2023-11-06 08:45,137,66,71,0,0,0
2023-11-06 09:00,82,32,50,0,0,0
2023-11-06 09:15,90,31,59,0,0,0
2023-11-06 09:30,108,44,64,0,0,0
2023-11-06 09:45,136,35,101,0,0,0
2023-11-06 10:00,131,30,101,0,0,0
2023-11-06 10:15,71,37,34,0,0,0
2023-11-06 10:30,83,34,49,0,0,0
2023-11-06 10:45,91,39,52,0,0,0
2023-11-06 11:00,84,34,50,0,0,0
2023-11-06 11:15,95,35,60,0,0,0
2023-11-06 11:30,101,44,57,0,0,0
2023-11-06 11:45,140,60,80,0,0,0
2023-11-06 12:00,134,56,78,0,0,0
2023-11-06 12:15,107,59,48,0,0,0
2023-11-06 12:30,115,69,46,0,0,0
2023-11-06 12:45,131,57,74,0,0,0
2023-11-06 13:00,141,65,76,0,0,0
2023-11-06 13:15,113,46,67,0,0,0
2023-11-06 13:30,91,40,51,0,0,0
2023-11-06 13:45,129,55,74,0,0,0
2023-11-06 14:00,118,67,51,0,0,0
2023-11-06 14:15,109,61,48,0,0,0
2023-11-06 14:30,95,44,51,0,0,0
2023-11-06 14:45,121,63,58,0,0,0
2023-11-06 15:00,121,67,54,0,0,0
2023-11-06 15:15,125,49,76,0,0,0
2023-11-06 15:30,159,67,92,0,0,0
2023-11-06 15:45,157,79,78,0,0,0
2023-11-06 16:00,190,94,96,0,0,0
2023-11-06 16:15,149,73,76,0,0,0
2023-11-06 16:30,159,66,93,0,0,0
2023-11-06 16:45,192,98,94,0,0,0
2023-11-06 17:00,145,65,80,0,0,0
2023-11-06 17:15,146,71,75,0,0,0
2023-11-06 17:30,142,70,72,0,0,0
2023-11-06 17:45,196,110,86,0,0,0
2023-11-06 18:00,195,116,79,0,0,0
2023-11-06 18:15,124,65,59,0,0,0
2023-11-06 18:30,134,54,80,0,0,0
2023-11-06 18:45,121,67,54,0,0,0
2023-11-06 19:00,100,44,56,0,0,0
2023-11-06 19:15,95,45,50,0,0,0
2023-11-06 19:30,79,42,37,0,0,0
2023-11-06 19:45,141,81,60,0,0,0
2023-11-06 20:00,72,36,36,0,0,0
2023-11-06 20:15,57,24,33,0,0,0
2023-11-06 20:30,55,37,18,0,0,0
2023-11-06 20:45,53,31,22,0,0,0
2023-11-06 21:00,53,23,30,0,0,0
2023-11-06 21:15,65,32,33,0,0,0
2023-11-06 21:30,46,20,26,0,0,0
2023-11-06 21:45,46,29,17,0,0,0
2023-11-06 22:00,38,14,24,0,0,0
2023-11-06 22:15,70,11,59,0,0,0
2023-11-06 22:30,43,17,26,0,0,0
2023-11-06 22:45,27,9,18,0,0,0
2023-11-06 23:00,21,8,13,0,0,0
2023-11-06 23:15,44,14,30,0,0,0
2023-11-06 23:30,21,8,13,0,0,0
2023-11-06 23:45,11,3,8,0,0,0
2023-11-07 00:00,15,4,11,0,0,0
2023-11-07 00:15,14,4,10,0,0,0
2023-11-07 00:30,11,6,5,0,0,0
2023-11-07 00:45,7,2,5,0,0,0
2023-11-07 01:00,3,1,2,0,0,0
2023-11-07 01:15,1,1,0,0,0,0
2023-11-07 01:30,6,2,4,0,0,0
2023-11-07 01:45,3,1,2,0,0,0
2023-11-07 02:00,4,1,3,0,0,0
2023-11-07 02:15,1,1,0,0,0,0
2023-11-07 02:30,0,0,0,0,0,0
2023-11-07 02:45,1,1,0,0,0,0
2023-11-07 03:00,2,2,0,0,0,0
2023-11-07 03:15,3,0,3,0,0,0
2023-11-07 03:30,0,0,0,0,0,0
2023-11-07 03:45,3,1,2,0,0,0
2023-11-07 04:00,1,1,0,0,0,0
2023-11-07 04:15,1,1,0,0,0,0
2023-11-07 04:30,0,0,0,0,0,0
2023-11-07 04:45,3,1,2,0,0,0
2023-11-07 05:00,9,2,7,0,0,0
2023-11-07 05:15,9,5,4,0,0,0
2023-11-07 05:30,17,6,11,0,0,0
2023-11-07 05:45,19,12,7,0,0,0
2023-11-07 06:00,22,8,14,0,0,0
2023-11-07 06:15,41,25,16,0,0,0
2023-11-07 06:30,51,26,25,0,0,0
2023-11-07 06:45,69,36,33,0,0,0
2023-11-07 07:00,87,44,43,0,0,0
2023-11-07 07:15,127,47,80,0,0,0
2023-11-07 07:30,188,71,117,0,0,0
2023-11-07 07:45,232,114,118,0,0,0
2023-11-07 08:00,223,97,126,0,0,0
2023-11-07 08:15,194,106,88,0,0,0
2023-11-07 08:30,157,72,85,0,0,0
2023-11-07 08:45,122,59,63,0,0,0
2023-11-07 09:00,116,46,70,0,0,0
2023-11-07 09:15,95,43,52,0,0,0
2023-11-07 09:30,101,45,56,0,0,0
2023-11-07 09:45,141,37,104,0,0,0
2023-11-07 10:00,110,29,81,0,0,0
2023-11-07 10:15,80,28,52,0,0,0
2023-11-07 10:30,66,20,46,0,0,0
2023-11-07 10:45,69,29,40,0,0,0
2023-11-07 11:00,83,30,53,0,0,0
2023-11-07 11:15,65,29,36,0,0,0
2023-11-07 11:30,85,33,52,0,0,0
2023-11-07 11:45,128,59,69,0,0,0
2023-11-07 12:00,117,49,68,0,0,0
2023-11-07 12:15,111,46,65,0,0,0
2023-11-07 12:30,114,59,55,0,0,0
2023-11-07 12:45,132,71,61,0,0,0
2023-11-07 13:00,125,64,61,0,0,0
2023-11-07 13:15,123,63,60,0,0,0
2023-11-07 13:30,133,60,73,0,0,0
2023-11-07 13:45,143,66,77,0,0,0
2023-11-07 14:00,151,81,70,0,0,0
2023-11-07 14:15,126,69,57,0,0,0
2023-11-07 14:30,114,49,65,0,0,0
2023-11-07 14:45,101,45,56,0,0,0
2023-11-07 15:00,138,80,58,0,0,0
2023-11-07 15:15,138,68,70,0,0,0
2023-11-07 15:30,125,53,72,0,0,0
2023-11-07 15:45,144,61,83,0,0,0
2023-11-07 16:00,213,114,99,0,0,0
2023-11-07 16:15,184,79,105,0,0,0
2023-11-07 16:30,175,68,107,0,0,0
2023-11-07 16:45,208,101,107,0,0,0
2023-11-07 17:00,195,78,117,0,0,0
2023-11-07 17:15,168,80,88,0,0,0
2023-11-07 17:30,199,86,113,0,0,0
2023-11-07 17:45,196,114,82,0,0,0
2023-11-07 18:00,178,73,105,0,0,0
2023-11-07 18:15,139,74,65,0,0,0
2023-11-07 18:30,152,85,67,0,0,0
2023-11-07 18:45,130,80,50,0,0,0
2023-11-07 19:00,150,82,68,0,0,0
2023-11-07 19:15,145,90,55,0,0,0
2023-11-07 19:30,107,54,53,0,0,0
2023-11-07 19:45,103,69,34,0,0,0
2023-11-07 20:00,86,44,42,0,0,0
2023-11-07 20:15,85,30,55,0,0,0
2023-11-07 20:30,61,31,30,0,0,0
2023-11-07 20:45,58,21,37,0,0,0
2023-11-07 21:00,63,32,31,0,0,0
2023-11-07 21:15,80,40,40,0,0,0
2023-11-07 21:30,52,21,31,0,0,0
2023-11-07 21:45,57,23,34,0,0,0
2023-11-07 22:00,60,32,28,0,0,0
2023-11-07 22:15,83,39,44,0,0,0
2023-11-07 22:30,49,19,30,0,0,0
2023-11-07 22:45,32,11,21,0,0,0
2023-11-07 23:00,41,11,30,0,0,0
2023-11-07 23:15,53,10,43,0,0,0
2023-11-07 23:30,35,14,21,0,0,0
2023-11-07 23:45,20,8,12,0,0,0
2023-11-08 00:00,10,4,6,0,0,0
2023-11-08 00:15,3,2,1,0,0,0
2023-11-08 00:30,6,1,5,0,0,0
2023-11-08 00:45,10,2,8,0,0,0
2023-11-08 01:00,6,5,1,0,0,0
2023-11-08 01:15,3,0,3,0,0,0
2023-11-08 01:30,8,2,6,0,0,0
2023-11-08 01:45,6,2,4,0,0,0
2023-11-08 02:00,2,1,1,0,0,0
2023-11-08 02:15,9,4,5,0,0,0
2023-11-08 02:30,0,0,0,0,0,0
2023-11-08 02:45,0,0,0,0,0,0
2023-11-08 03:00,2,1,1,0,0,0
2023-11-08 03:15,2,1,1,0,0,0
2023-11-08 03:30,1,0,1,0,0,0
2023-11-08 03:45,1,1,0,0,0,0
2023-11-08 04:00,1,0,1,0,0,0
2023-11-08 04:15,3,2,1,0,0,0
2023-11-08 04:30,3,2,1,0,0,0
2023-11-08 04:45,5,0,5,0,0,0
2023-11-08 05:00,3,2,1,0,0,0
2023-11-08 05:15,10,4,6,0,0,0
2023-11-08 05:30,11,2,9,0,0,0
2023-11-08 05:45,22,11,11,0,0,0
2023-11-08 06:00,26,10,16,0,0,0
2023-11-08 06:15,44,20,24,0,0,0
2023-11-08 06:30,54,24,30,0,0,0
2023-11-08 06:45,72,48,24,0,0,0
2023-11-08 07:00,70,42,28,0,0,0
2023-11-08 07:15,111,54,57,0,0,0
2023-11-08 07:30,172,53,119,0,0,0
2023-11-08 07:45,213,95,118,0,0,0
2023-11-08 08:00,178,89,89,0,0,0
2023-11-08 08:15,149,60,89,0,0,0
2023-11-08 08:30,146,66,80,0,0,0
2023-11-08 08:45,144,67,77,0,0,0
2023-11-08 09:00,116,52,64,0,0,0
2023-11-08 09:15,105,41,64,0,0,0
2023-11-08 09:30,96,31,65,0,0,0
2023-11-08 09:45,141,44,97,0,0,0
2023-11-08 10:00,107,22,85,0,0,0
2023-11-08 10:15,80,32,48,0,0,0
2023-11-08 10:30,73,39,34,0,0,0
2023-11-08 10:45,95,40,55,0,0,0
2023-11-08 11:00,78,36,42,0,0,0
2023-11-08 11:15,98,40,58,0,0,0
2023-11-08 11:30,86,38,48,0,0,0
2023-11-08 11:45,138,50,88,0,0,0
2023-11-08 12:00,131,40,91,0,0,0
2023-11-08 12:15,115,61,54,0,0,0
2023-11-08 12:30,134,72,62,0,0,0
2023-11-08 12:45,135,56,79,0,0,0
2023-11-08 13:00,123,69,54,0,0,0
2023-11-08 13:15,107,64,43,0,0,0
2023-11-08 13:30,117,56,61,0,0,0
2023-11-08 13:45,149,82,67,0,0,0
2023-11-08 14:00,153,90,63,0,0,0
2023-11-08 14:15,121,72,49,0,0,0
2023-11-08 14:30,129,58,71,0,0,0
2023-11-08 14:45,116,64,52,0,0,0
2023-11-08 15:00,131,60,71,0,0,0
2023-11-08 15:15,135,66,69,0,0,0
2023-11-08 15:30,160,73,87,0,0,0
2023-11-08 15:45,167,85,82,0,0,0
2023-11-08 16:00,193,108,85,0,0,0
2023-11-08 16:15,173,82,91,0,0,0
2023-11-08 16:30,171,67,104,0,0,0
2023-11-08 16:45,174,79,95,0,0,0
2023-11-08 17:00,179,96,83,0,0,0
2023-11-08 17:15,144,75,69,0,0,0
2023-11-08 17:30,186,67,119,0,0,0
2023-11-08 17:45,201,114,87,0,0,0
2023-11-08 18:00,182,89,93,0,0,0
2023-11-08 18:15,162,86,76,0,0,0
2023-11-08 18:30,132,72,60,0,0,0
2023-11-08 18:45,142,79,63,0,0,0
2023-11-08 19:00,110,66,44,0,0,0
2023-11-08 19:15,121,64,57,0,0,0
2023-11-08 19:30,96,51,45,0,0,0
2023-11-08 19:45,122,65,57,0,0,0
2023-11-08 20:00,120,82,38,0,0,0
2023-11-08 20:15,87,43,44,0,0,0
2023-11-08 20:30,66,35,31,0,0,0
2023-11-08 20:45,83,43,40,0,0,0
2023-11-08 21:00,92,51,41,0,0,0
2023-11-08 21:15,70,35,35,0,0,0
2023-11-08 21:30,62,21,41,0,0,0
2023-11-08 21:45,64,24,40,0,0,0
2023-11-08 22:00,57,26,31,0,0,0
2023-11-08 22:15,84,52,32,0,0,0
2023-11-08 22:30,129,98,31,0,0,0
2023-11-08 22:45,103,77,26,0,0,0
2023-11-08 23:00,91,58,33,0,0,0
2023-11-08 23:15,111,75,36,0,0,0
2023-11-08 23:30,111,92,19,0,0,0
2023-11-08 23:45,110,86,24,0,0,0
2023-11-09 00:00,51,39,12,0,0,0
2023-11-09 00:15,41,26,15,0,0,0
2023-11-09 00:30,34,15,19,0,0,0
2023-11-09 00:45,38,20,18,0,0,0
2023-11-09 01:00,37,16,21,0,0,0
2023-11-09 01:15,28,4,24,0,0,0
2023-11-09 01:30,41,1,40,0,0,0
2023-11-09 01:45,62,5,57,0,0,0
2023-11-09 02:00,85,4,81,0,0,0
2023-11-09 02:15,99,1,98,0,0,0
2023-11-09 02:30,104,2,102,0,0,0
2023-11-09 02:45,87,4,83,0,0,0
2023-11-09 03:00,101,1,100,0,0,0
2023-11-09 03:15,106,1,105,0,0,0
2023-11-09 03:30,63,1,62,0,0,0
2023-11-09 03:45,65,0,65,0,0,0
2023-11-09 04:00,49,0,49,0,0,0
2023-11-09 04:15,43,2,41,0,0,0
2023-11-09 04:30,24,3,21,0,0,0
2023-11-09 04:45,21,2,19,0,0,0
2023-11-09 05:00,14,2,12,0,0,0
2023-11-09 05:15,18,5,13,0,0,0
2023-11-09 05:30,24,5,19,0,0,0
2023-11-09 05:45,26,12,14,0,0,0
2023-11-09 06:00,13,4,9,0,0,0
2023-11-09 06:15,30,17,13,0,0,0
2023-11-09 06:30,48,23,25,0,0,0
2023-11-09 06:45,70,37,33,0,0,0
2023-11-09 07:00,79,35,44,0,0,0
2023-11-09 07:15,108,46,62,0,0,0
2023-11-09 07:30,135,59,76,0,0,0
2023-11-09 07:45,170,74,96,0,0,0
2023-11-09 08:00,166,68,98,0,0,0
2023-11-09 08:15,141,64,77,0,0,0
2023-11-09 08:30,107,52,55,0,0,0
2023-11-09 08:45,147,66,81,0,0,0
2023-11-09 09:00,102,31,71,0,0,0
2023-11-09 09:15,86,32,54,0,0,0
2023-11-09 09:30,95,38,57,0,0,0
2023-11-09 09:45,111,35,76,0,0,0
2023-11-09 10:00,108,32,76,0,0,0
2023-11-09 10:15,78,30,48,0,0,0
2023-11-09 10:30,75,28,47,0,0,0
2023-11-09 10:45,93,31,62,0,0,0
2023-11-09 11:00,85,24,61,0,0,0
2023-11-09 11:15,97,43,54,0,0,0
2023-11-09 11:30,69,27,42,0,0,0
2023-11-09 11:45,103,36,67,0,0,0
2023-11-09 12:00,137,53,84,0,0,0
2023-11-09 12:15,107,38,69,0,0,0
2023-11-09 12:30,118,61,57,0,0,0
2023-11-09 12:45,127,63,64,0,0,0
2023-11-09 13:00,116,48,68,0,0,0
2023-11-09 13:15,121,65,56,0,0,0
2023-11-09 13:30,96,41,55,0,0,0
2023-11-09 13:45,161,72,89,0,0,0
2023-11-09 14:00,139,62,77,0,0,0
2023-11-09 14:15,129,64,65,0,0,0
2023-11-09 14:30,131,65,66,0,0,0
2023-11-09 14:45,143,57,86,0,0,0
2023-11-09 15:00,123,59,64,0,0,0
2023-11-09 15:15,90,46,44,0,0,0
2023-11-09 15:30,134,57,77,0,0,0
2023-11-09 15:45,166,86,80,0,0,0
2023-11-09 16:00,170,86,84,0,0,0
2023-11-09 16:15,164,91,73,0,0,0
2023-11-09 16:30,191,92,99,0,0,0
2023-11-09 16:45,176,94,82,0,0,0
2023-11-09 17:00,170,79,91,0,0,0
2023-11-09 17:15,164,69,95,0,0,0
2023-11-09 17:30,182,88,94,0,0,0
2023-11-09 17:45,143,74,69,0,0,0
2023-11-09 18:00,168,92,76,0,0,0
2023-11-09 18:15,142,70,72,0,0,0
2023-11-09 18:30,146,74,72,0,0,0
2023-11-09 18:45,126,70,56,0,0,0
2023-11-09 19:00,132,69,63,0,0,0
2023-11-09 19:15,124,77,47,0,0,0
2023-11-09 19:30,87,49,38,0,0,0
2023-11-09 19:45,145,86,59,0,0,0
2023-11-09 20:00,123,55,68,0,0,0
2023-11-09 20:15,73,41,32,0,0,0
2023-11-09 20:30,41,20,21,0,0,0
2023-11-09 20:45,48,25,23,0,0,0
2023-11-09 21:00,58,34,24,0,0,0
2023-11-09 21:15,53,22,31,0,0,0
2023-11-09 21:30,45,17,28,0,0,0
2023-11-09 21:45,65,25,40,0,0,0
2023-11-09 22:00,61,25,36,0,0,0
2023-11-09 22:15,57,19,38,0,0,0
2023-11-09 22:30,74,15,59,0,0,0
2023-11-09 22:45,62,15,47,0,0,0
2023-11-09 23:00,54,16,38,0,0,0
2023-11-09 23:15,29,10,19,0,0,0
2023-11-09 23:30,35,6,29,0,0,0
2023-11-09 23:45,13,8,5,0,0,0
2023-11-10 00:00,18,5,13,0,0,0
2023-11-10 00:15,13,9,4,0,0,0
2023-11-10 00:30,23,4,19,0,0,0
2023-11-10 00:45,3,2,1,0,0,0
2023-11-10 01:00,7,2,5,0,0,0
2023-11-10 01:15,5,5,0,0,0,0
2023-11-10 01:30,5,1,4,0,0,0
2023-11-10 01:45,3,2,1,0,0,0
2023-11-10 02:00,1,0,1,0,0,0
2023-11-10 02:15,5,3,2,0,0,0
2023-11-10 02:30,3,2,1,0,0,0
2023-11-10 02:45,1,0,1,0,0,0
2023-11-10 03:00,2,0,2,0,0,0
2023-11-10 03:15,2,0,2,0,0,0
2023-11-10 03:30,5,2,3,0,0,0
2023-11-10 03:45,3,0,3,0,0,0
2023-11-10 04:00,3,2,1,0,0,0
2023-11-10 04:15,4,1,3,0,0,0
2023-11-10 04:30,1,1,0,0,0,0
2023-11-10 04:45,2,0,2,0,0,0
2023-11-10 05:00,4,3,1,0,0,0
2023-11-10 05:15,16,3,13,0,0,0
2023-11-10 05:30,13,4,9,0,0,0
2023-11-10 05:45,17,12,5,0,0,0
2023-11-10 06:00,24,4,20,0,0,0
2023-11-10 06:15,33,18,15,0,0,0
2023-11-10 06:30,36,19,17,0,0,0
2023-11-10 06:45,62,37,25,0,0,0
2023-11-10 07:00,55,29,26,0,0,0
2023-11-10 07:15,112,37,75,0,0,0
2023-11-10 07:30,124,42,82,0,0,0
2023-11-10 07:45,177,83,94,0,0,0
2023-11-10 08:00,132,53,79,0,0,0
2023-11-10 08:15,136,76,60,0,0,0
2023-11-10 08:30,116,54,62,0,0,0
2023-11-10 08:45,136,64,72,0,0,0
2023-11-10 09:00,94,30,64,0,0,0
2023-11-10 09:15,87,37,50,0,0,0
2023-11-10 09:30,77,29,48,0,0,0
2023-11-10 09:45,112,48,64,0,0,0
2023-11-10 10:00,116,42,74,0,0,0
2023-11-10 10:15,87,41,46,0,0,0
2023-11-10 10:30,71,26,45,0,0,0
2023-11-10 10:45,89,32,57,0,0,0
2023-11-10 11:00,85,28,57,0,0,0
2023-11-10 11:15,75,31,44,0,0,0
2023-11-10 11:30,81,30,51,0,0,0
2023-11-10 11:45,132,49,83,0,0,0
2023-11-10 12:00,112,57,55,0,0,0
2023-11-10 12:15,110,58,52,0,0,0
2023-11-10 12:30,111,54,57,0,0,0
2023-11-10 12:45,122,57,65,0,0,0
2023-11-10 13:00,137,76,61,0,0,0
2023-11-10 13:15,126,62,64,0,0,0
2023-11-10 13:30,134,45,89,0,0,0
2023-11-10 13:45,125,56,69,0,0,0
2023-11-10 14:00,146,63,83,0,0,0
2023-11-10 14:15,141,58,83,0,0,0
2023-11-10 14:30,94,39,55,0,0,0
2023-11-10 14:45,106,54,52,0,0,0
2023-11-10 15:00,145,74,71,0,0,0
2023-11-10 15:15,110,61,49,0,0,0
2023-11-10 15:30,102,41,61,0,0,0
2023-11-10 15:45,122,64,58,0,0,0
2023-11-10 16:00,122,60,62,0,0,0
2023-11-10 16:15,121,60,61,0,0,0
2023-11-10 16:30,107,42,65,0,0,0
2023-11-10 16:45,122,49,73,0,0,0
2023-11-10 17:00,87,30,57,0,0,0
2023-11-10 17:15,113,62,51,0,0,0
2023-11-10 17:30,91,43,48,0,0,0
2023-11-10 17:45,107,45,62,0,0,0
2023-11-10 18:00,83,38,45,0,0,0
2023-11-10 18:15,110,45,65,0,0,0
2023-11-10 18:30,60,22,38,0,0,0
2023-11-10 18:45,104,47,57,0,0,0
2023-11-10 19:00,90,42,48,0,0,0
2023-11-10 19:15,95,46,49,0,0,0
2023-11-10 19:30,86,43,43,0,0,0
2023-11-10 19:45,73,31,42,0,0,0
2023-11-10 20:00,85,39,46,0,0,0
2023-11-10 20:15,86,40,46,0,0,0
2023-11-10 20:30,66,26,40,0,0,0
2023-11-10 20:45,54,33,21,0,0,0
2023-11-10 21:00,62,20,42,0,0,0
2023-11-10 21:15,37,13,24,0,0,0
2023-11-10 21:30,59,18,41,0,0,0
2023-11-10 21:45,52,18,34,0,0,0
2023-11-10 22:00,56,27,29,0,0,0
2023-11-10 22:15,54,16,38,0,0,0
2023-11-10 22:30,45,17,28,0,0,0
2023-11-10 22:45,43,21,22,0,0,0
2023-11-10 23:00,42,11,31,0,0,0
2023-11-10 23:15,37,10,27,0,0,0
2023-11-10 23:30,22,9,13,0,0,0
2023-11-10 23:45,39,13,26,0,0,0
2023-11-11 00:00,35,17,18,0,0,0
2023-11-11 00:15,32,12,20,0,0,0
2023-11-11 00:30,37,12,25,0,0,0
2023-11-11 00:45,25,8,17,0,0,0
2023-11-11 01:00,14,5,9,0,0,0
2023-11-11 01:15,19,11,8,0,0,0
2023-11-11 01:30,16,9,7,0,0,0
2023-11-11 01:45,27,12,15,0,0,0
2023-11-11 02:00,20,7,13,0,0,0
2023-11-11 02:15,18,4,14,0,0,0
2023-11-11 02:30,13,4,9,0,0,0
2023-11-11 02:45,16,3,13,0,0,0
2023-11-11 03:00,9,1,8,0,0,0
2023-11-11 03:15,8,1,7,0,0,0
2023-11-11 03:30,4,2,2,0,0,0
2023-11-11 03:45,6,1,5,0,0,0
2023-11-11 04:00,11,1,10,0,0,0
2023-11-11 04:15,8,1,7,0,0,0
2023-11-11 04:30,6,1,5,0,0,0
2023-11-11 04:45,9,5,4,0,0,0
2023-11-11 05:00,5,4,1,0,0,0
2023-11-11 05:15,8,2,6,0,0,0
2023-11-11 05:30,8,5,3,0,0,0
2023-11-11 05:45,17,8,9,0,0,0
2023-11-11 06:00,11,7,4,0,0,0
2023-11-11 06:15,11,4,7,0,0,0
2023-11-11 06:30,10,1,9,0,0,0
2023-11-11 06:45,14,8,6,0,0,0
2023-11-11 07:00,10,6,4,0,0,0
2023-11-11 07:15,15,8,7,0,0,0
2023-11-11 07:30,20,9,11,0,0,0
2023-11-11 07:45,12,6,6,0,0,0
2023-11-11 08:00,21,10,11,0,0,0
2023-11-11 08:15,17,8,9,0,0,0
2023-11-11 08:30,25,11,14,0,0,0
2023-11-11 08:45,26,10,16,0,0,0
2023-11-11 09:00,40,10,30,0,0,0
2023-11-11 09:15,46,13,33,0,0,0
2023-11-11 09:30,50,11,39,0,0,0
2023-11-11 09:45,70,23,47,0,0,0
2023-11-11 10:00,70,32,38,0,0,0
2023-11-11 10:15,71,17,54,0,0,0
2023-11-11 10:30,42,17,25,0,0,0
2023-11-11 10:45,71,18,53,0,0,0
2023-11-11 11:00,83,36,47,0,0,0
2023-11-11 11:15,81,38,43,0,0,0
2023-11-11 11:30,48,22,26,0,0,0
2023-11-11 11:45,67,30,37,0,0,0
2023-11-11 12:00,82,31,51,0,0,0
2023-11-11 12:15,78,33,45,0,0,0
2023-11-11 12:30,84,36,48,0,0,0
2023-11-11 12:45,90,35,55,0,0,0
2023-11-11 13:00,86,35,51,0,0,0
2023-11-11 13:15,88,40,48,0,0,0
2023-11-11 13:30,79,36,43,0,0,0
2023-11-11 13:45,102,63,39,0,0,0
2023-11-11 14:00,75,39,36,0,0,0
2023-11-11 14:15,81,40,41,0,0,0
2023-11-11 14:30,76,35,41,0,0,0
2023-11-11 14:45,79,36,43,0,0,0
2023-11-11 15:00,84,39,45,0,0,0
2023-11-11 15:15,86,39,47,0,0,0
2023-11-11 15:30,63,25,38,0,0,0
2023-11-11 15:45,78,31,47,0,0,0
2023-11-11 16:00,71,42,29,0,0,0
2023-11-11 16:15,70,28,42,0,0,0
2023-11-11 16:30,97,34,63,0,0,0
2023-11-11 16:45,80,34,46,0,0,0
2023-11-11 17:00,83,38,45,0,0,0
2023-11-11 17:15,80,39,41,0,0,0
2023-11-11 17:30,76,39,37,0,0,0
2023-11-11 17:45,80,43,37,0,0,0
2023-11-11 18:00,79,39,40,0,0,0
2023-11-11 18:15,66,30,36,0,0,0
2023-11-11 18:30,84,51,33,0,0,0
2023-11-11 18:45,81,32,49,0,0,0
2023-11-11 19:00,84,35,49,0,0,0
2023-11-11 19:15,87,57,30,0,0,0
2023-11-11 19:30,60,33,27,0,0,0
2023-11-11 19:45,82,47,35,0,0,0
2023-11-11 20:00,60,35,25,0,0,0
2023-11-11 20:15,61,34,27,0,0,0
2023-11-11 20:30,67,38,29,0,0,0
2023-11-11 20:45,65,42,23,0,0,0
2023-11-11 21:00,52,24,28,0,0,0
2023-11-11 21:15,45,23,22,0,0,0
2023-11-11 21:30,47,10,37,0,0,0
2023-11-11 21:45,60,29,31,0,0,0
2023-11-11 22:00,55,28,27,0,0,0
2023-11-11 22:15,50,16,34,0,0,0
2023-11-11 22:30,43,22,21,0,0,0
2023-11-11 22:45,48,27,21,0,0,0
2023-11-11 23:00,69,34,35,0,0,0
2023-11-11 23:15,64,28,36,0,0,0
2023-11-11 23:30,46,21,25,0,0,0
2023-11-11 23:45,53,24,29,0,0,0
2023-11-12 00:00,49,30,19,0,0,0
2023-11-12 00:15,57,19,38,0,0,0
2023-11-12 00:30,39,25,14,0,0,0
2023-11-12 00:45,53,34,19,0,0,0
2023-11-12 01:00,48,24,24,0,0,0
2023-11-12 01:15,51,22,29,0,0,0
2023-11-12 01:30,26,14,12,0,0,0
2023-11-12 01:45,19,3,16,0,0,0
2023-11-12 02:00,49,18,31,0,0,0
2023-11-12 02:15,19,9,10,0,0,0
2023-11-12 02:30,30,6,24,0,0,0
2023-11-12 02:45,37,3,34,0,0,0
2023-11-12 03:00,26,8,18,0,0,0
2023-11-12 03:15,23,3,20,0,0,0
2023-11-12 03:30,24,2,22,0,0,0
2023-11-12 03:45,29,9,20,0,0,0
2023-11-12 04:00,24,2,22,0,0,0
2023-11-12 04:15,23,0,23,0,0,0
2023-11-12 04:30,20,5,15,0,0,0
2023-11-12 04:45,22,3,19,0,0,0
2023-11-12 05:00,19,1,18,0,0,0
2023-11-12 05:15,11,2,9,0,0,0
2023-11-12 05:30,5,2,3,0,0,0
2023-11-12 05:45,20,3,17,0,0,0
2023-11-12 06:00,9,0,9,0,0,0
2023-11-12 06:15,9,1,8,0,0,0
2023-11-12 06:30,7,2,5,0,0,0
2023-11-12 06:45,8,5,3,0,0,0
2023-11-12 07:00,4,1,3,0,0,0
2023-11-12 07:15,5,0,5,0,0,0
2023-11-12 07:30,5,0,5,0,0,0
2023-11-12 07:45,12,2,10,0,0,0
2023-11-12 08:00,7,3,4,0,0,0
2023-11-12 08:15,15,6,9,0,0,0
2023-11-12 08:30,16,4,12,0,0,0
2023-11-12 08:45,18,9,9,0,0,0
2023-11-12 09:00,21,6,15,0,0,0
2023-11-12 09:15,36,12,24,0,0,0
2023-11-12 09:30,27,6,21,0,0,0
2023-11-12 09:45,41,15,26,0,0,0
2023-11-12 10:00,37,12,25,0,0,0
2023-11-12 10:15,38,16,22,0,0,0
2023-11-12 10:30,36,12,24,0,0,0
2023-11-12 10:45,53,22,31,0,0,0
2023-11-12 11:00,53,21,32,0,0,0
2023-11-12 11:15,46,20,26,0,0,0
2023-11-12 11:30,40,15,25,0,0,0
2023-11-12 11:45,71,18,53,0,0,0
2023-11-12 12:00,78,32,46,0,0,0
2023-11-12 12:15,70,18,52,0,0,0
2023-11-12 12:30,62,25,37,0,0,0
2023-11-12 12:45,69,19,50,0,0,0
2023-11-12 13:00,53,24,29,0,0,0
2023-11-12 13:15,70,26,44,0,0,0
2023-11-12 13:30,59,20,39,0,0,0
2023-11-12 13:45,83,32,51,0,0,0
2023-11-12 14:00,76,30,46,0,0,0
2023-11-12 14:15,85,37,48,0,0,0
2023-11-12 14:30,95,39,56,0,0,0
2023-11-12 14:45,84,35,49,0,0,0
2023-11-12 15:00,83,38,45,0,0,0
2023-11-12 15:15,55,30,25,0,0,0
2023-11-12 15:30,63,27,36,0,0,0
2023-11-12 15:45,108,53,55,0,0,0
2023-11-12 16:00,75,27,48,0,0,0
2023-11-12 16:15,96,42,54,0,0,0
2023-11-12 16:30,99,41,58,0,0,0
2023-11-12 16:45,86,52,34,0,0,0
2023-11-12 17:00,70,32,38,0,0,0
2023-11-12 17:15,73,42,31,0,0,0
2023-11-12 17:30,74,41,33,0,0,0
2023-11-12 17:45,125,77,48,0,0,0
2023-11-12 18:00,111,70,41,0,0,0
2023-11-12 18:15,102,56,46,0,0,0
2023-11-12 18:30,63,46,17,0,0,0
2023-11-12 18:45,96,53,43,0,0,0
2023-11-12 19:00,63,29,34,0,0,0
2023-11-12 19:15,73,36,37,0,0,0
2023-11-12 19:30,72,33,39,0,0,0
2023-11-12 19:45,83,41,42,0,0,0
2023-11-12 20:00,89,33,56,0,0,0
2023-11-12 20:15,80,20,60,0,0,0
2023-11-12 20:30,56,13,43,0,0,0
2023-11-12 20:45,31,14,17,0,0,0
2023-11-12 21:00,32,11,21,0,0,0
2023-11-12 21:15,25,15,10,0,0,0
2023-11-12 21:30,48,19,29,0,0,0
2023-11-12 21:45,44,15,29,0,0,0
2023-11-12 22:00,34,11,23,0,0,0
2023-11-12 22:15,42,7,35,0,0,0
2023-11-12 22:30,26,5,21,0,0,0
2023-11-12 22:45,31,9,22,0,0,0
2023-11-12 23:00,42,4,38,0,0,0
2023-11-12 23:15,40,3,37,0,0,0
2023-11-12 23:30,22,3,19,0,0,0
2023-11-12 23:45,6,4,2,0,0,0
2023-11-13 00:00,17,1,16,0,0,0
2023-11-13 00:15,2,1,1,0,0,0
2023-11-13 00:30,5,2,3,0,0,0
2023-11-13 00:45,6,0,6,0,0,0
2023-11-13 01:00,2,0,2,0,0,0
2023-11-13 01:15,7,4,3,0,0,0
2023-11-13 01:30,14,2,12,0,0,0
2023-11-13 01:45,3,0,3,0,0,0
2023-11-13 02:00,1,0,1,0,0,0
2023-11-13 02:15,3,0,3,0,0,0
2023-11-13 02:30,1,0,1,0,0,0
2023-11-13 02:45,0,0,0,0,0,0
2023-11-13 03:00,1,1,0,0,0,0
2023-11-13 03:15,0,0,0,0,0,0
2023-11-13 03:30,1,0,1,0,0,0
2023-11-13 03:45,1,1,0,0,0,0
2023-11-13 04:00,6,1,5,0,0,0
2023-11-13 04:15,4,1,3,0,0,0
2023-11-13 04:30,1,0,1,0,0,0
2023-11-13 04:45,3,2,1,0,0,0
2023-11-13 05:00,4,1,3,0,0,0
2023-11-13 05:15,12,6,6,0,0,0
2023-11-13 05:30,16,6,10,0,0,0
2023-11-13 05:45,15,11,4,0,0,0
2023-11-13 06:00,28,13,15,0,0,0
2023-11-13 06:15,38,18,20,0,0,0
2023-11-13 06:30,43,21,22,0,0,0
2023-11-13 06:45,67,44,23,0,0,0
2023-11-13 07:00,83,42,41,0,0,0
2023-11-13 07:15,132,57,75,0,0,0
2023-11-13 07:30,154,63,91,0,0,0
2023-11-13 07:45,157,81,76,0,0,0
2023-11-13 08:00,170,70,100,0,0,0
2023-11-13 08:15,170,76,94,0,0,0
2023-11-13 08:30,119,57,62,0,0,0
2023-11-13 08:45,125,57,68,0,0,0
2023-11-13 09:00,108,45,63,0,0,0
2023-11-13 09:15,75,25,50,0,0,0
2023-11-13 09:30,94,26,68,0,0,0
2023-11-13 09:45,111,29,82,0,0,0
2023-11-13 10:00,122,36,86,0,0,0
2023-11-13 10:15,66,25,41,0,0,0
2023-11-13 10:30,64,20,44,0,0,0
2023-11-13 10:45,88,18,70,0,0,0
2023-11-13 11:00,63,20,43,0,0,0
2023-11-13 11:15,77,27,50,0,0,0
2023-11-13 11:30,88,28,60,0,0,0
2023-11-13 11:45,112,47,65,0,0,0
2023-11-13 12:00,102,39,63,0,0,0
2023-11-13 12:15,91,35,56,0,0,0
2023-11-13 12:30,83,38,45,0,0,0
2023-11-13 12:45,74,32,42,0,0,0
2023-11-13 13:00,114,45,69,0,0,0
2023-11-13 13:15,97,55,42,0,0,0
2023-11-13 13:30,85,41,44,0,0,0
2023-11-13 13:45,108,36,72,0,0,0
2023-11-13 14:00,101,44,57,0,0,0
2023-11-13 14:15,89,44,45,0,0,0
2023-11-13 14:30,88,42,46,0,0,0
2023-11-13 14:45,77,39,38,0,0,0
2023-11-13 15:00,97,54,43,0,0,0
2023-11-13 15:15,90,38,52,0,0,0
2023-11-13 15:30,107,59,48,0,0,0
2023-11-13 15:45,119,59,60,0,0,0
2023-11-13 16:00,165,82,83,0,0,0
2023-11-13 16:15,114,61,53,0,0,0
2023-11-13 16:30,152,58,94,0,0,0
2023-11-13 16:45,168,67,101,0,0,0
2023-11-13 17:00,159,81,78,0,0,0
2023-11-13 17:15,178,91,87,0,0,0
2023-11-13 17:30,157,70,87,0,0,0
2023-11-13 17:45,191,103,88,0,0,0
2023-11-13 18:00,187,96,91,0,0,0
2023-11-13 18:15,138,79,59,0,0,0
2023-11-13 18:30,126,70,56,0,0,0
2023-11-13 18:45,115,69,46,0,0,0
2023-11-13 19:00,130,76,54,0,0,0
2023-11-13 19:15,105,65,40,0,0,0
2023-11-13 19:30,110,55,55,0,0,0
2023-11-13 19:45,109,61,48,0,0,0
2023-11-13 20:00,84,45,39,0,0,0
2023-11-13 20:15,70,36,34,0,0,0
2023-11-13 20:30,52,22,30,0,0,0
2023-11-13 20:45,44,22,22,0,0,0
2023-11-13 21:00,49,23,26,0,0,0
2023-11-13 21:15,59,27,32,0,0,0
2023-11-13 21:30,52,24,28,0,0,0
2023-11-13 21:45,66,18,48,0,0,0
2023-11-13 22:00,46,16,30,0,0,0
2023-11-13 22:15,55,17,38,0,0,0
2023-11-13 22:30,44,21,23,0,0,0
2023-11-13 22:45,74,10,64,0,0,0
2023-11-13 23:00,44,15,29,0,0,0
2023-11-13 23:15,37,12,25,0,0,0
2023-11-13 23:30,12,6,6,0,0,0
2023-11-13 23:45,11,2,9,0,0,0
2023-11-14 00:00,4,0,4,0,0,0
2023-11-14 00:15,7,2,5,0,0,0
2023-11-14 00:30,14,5,9,0,0,0
2023-11-14 00:45,3,1,2,0,0,0
2023-11-14 01:00,3,1,2,0,0,0
2023-11-14 01:15,6,1,5,0,0,0
2023-11-14 01:30,5,4,1,0,0,0
2023-11-14 01:45,2,1,1,0,0,0
2023-11-14 02:00,1,0,1,0,0,0
2023-11-14 02:15,1,0,1,0,0,0
2023-11-14 02:30,2,2,0,0,0,0
2023-11-14 02:45,2,2,0,0,0,0
2023-11-14 03:00,2,0,2,0,0,0
2023-11-14 03:15,1,1,0,0,0,0
2023-11-14 03:30,2,1,1,0,0,0
2023-11-14 03:45,1,1,0,0,0,0
2023-11-14 04:00,1,0,1,0,0,0
2023-11-14 04:15,2,1,1,0,0,0
2023-11-14 04:30,1,0,1,0,0,0
2023-11-14 04:45,6,2,4,0,0,0
2023-11-14 05:00,5,4,1,0,0,0
2023-11-14 05:15,10,4,6,0,0,0
2023-11-14 05:30,15,6,9,0,0,0
2023-11-14 05:45,18,14,4,0,0,0
2023-11-14 06:00,23,9,14,0,0,0
2023-11-14 06:15,28,15,13,0,0,0
2023-11-14 06:30,38,18,20,0,0,0
2023-11-14 06:45,69,42,27,0,0,0
2023-11-14 07:00,75,44,31,0,0,0
2023-11-14 07:15,115,47,68,0,0,0
2023-11-14 07:30,162,57,105,0,0,0
2023-11-14 07:45,201,78,123,0,0,0
2023-11-14 08:00,192,83,109,0,0,0
2023-11-14 08:15,147,72,75,0,0,0
2023-11-14 08:30,157,72,85,0,0,0
2023-11-14 08:45,163,63,100,0,0,0
2023-11-14 09:00,106,44,62,0,0,0
2023-11-14 09:15,107,43,64,0,0,0
2023-11-14 09:30,88,28,60,0,0,0
2023-11-14 09:45,100,29,71,0,0,0
2023-11-14 10:00,129,44,85,0,0,0
2023-11-14 10:15,60,16,44,0,0,0
2023-11-14 10:30,69,25,44,0,0,0
2023-11-14 10:45,95,33,62,0,0,0
2023-11-14 11:00,70,31,39,0,0,0
2023-11-14 11:15,73,31,42,0,0,0
2023-11-14 11:30,95,24,71,0,0,0
2023-11-14 11:45,130,50,80,0,0,0
2023-11-14 12:00,143,61,82,0,0,0
2023-11-14 12:15,104,48,56,0,0,0
2023-11-14 12:30,103,56,47,0,0,0
2023-11-14 12:45,116,44,72,0,0,0
2023-11-14 13:00,113,53,60,0,0,0
2023-11-14 13:15,115,54,61,0,0,0
2023-11-14 13:30,125,59,66,0,0,0
2023-11-14 13:45,141,55,86,0,0,0
2023-11-14 14:00,116,55,61,0,0,0
2023-11-14 14:15,134,73,61,0,0,0
2023-11-14 14:30,110,49,61,0,0,0
2023-11-14 14:45,120,52,68,0,0,0
2023-11-14 15:00,118,67,51,0,0,0
2023-11-14 15:15,238,178,60,0,0,0
2023-11-14 15:30,242,165,77,0,0,0
2023-11-14 15:45,224,138,86,0,0,0
2023-11-14 16:00,158,71,87,0,0,0
2023-11-14 16:15,151,88,63,0,0,0
2023-11-14 16:30,158,81,77,0,0,0
2023-11-14 16:45,150,63,87,0,0,0
2023-11-14 17:00,176,74,102,0,0,0
2023-11-14 17:15,133,58,75,0,0,0
2023-11-14 17:30,135,52,83,0,0,0
2023-11-14 17:45,159,66,93,0,0,0
2023-11-14 18:00,140,67,73,0,0,0
2023-11-14 18:15,130,57,73,0,0,0
2023-11-14 18:30,98,50,48,0,0,0
2023-11-14 18:45,120,57,63,0,0,0
2023-11-14 19:00,119,60,59,0,0,0
2023-11-14 19:15,152,47,105,0,0,0
2023-11-14 19:30,192,39,153,0,0,0
2023-11-14 19:45,109,44,65,0,0,0
2023-11-14 20:00,72,34,38,0,0,0
2023-11-14 20:15,67,33,34,0,0,0
2023-11-14 20:30,49,19,30,0,0,0
2023-11-14 20:45,66,31,35,0,0,0
2023-11-14 21:00,52,18,34,0,0,0
2023-11-14 21:15,61,17,44,0,0,0
2023-11-14 21:30,47,14,33,0,0,0
2023-11-14 21:45,46,24,22,0,0,0
2023-11-14 22:00,57,26,31,0,0,0
2023-11-14 22:15,58,27,31,0,0,0
2023-11-14 22:30,45,15,30,0,0,0
2023-11-14 22:45,30,9,21,0,0,0
2023-11-14 23:00,20,8,12,0,0,0
2023-11-14 23:15,29,7,22,0,0,0
2023-11-14 23:30,16,4,12,0,0,0
2023-11-14 23:45,14,3,11,0,0,0
2023-11-15 00:00,6,2,4,0,0,0
2023-11-15 00:15,8,4,4,0,0,0
2023-11-15 00:30,8,6,2,0,0,0
2023-11-15 00:45,4,1,3,0,0,0
2023-11-15 01:00,7,1,6,0,0,0
2023-11-15 01:15,5,2,3,0,0,0
2023-11-15 01:30,9,2,7,0,0,0
2023-11-15 01:45,5,2,3,0,0,0
2023-11-15 02:00,2,0,2,0,0,0
2023-11-15 02:15,5,1,4,0,0,0
2023-11-15 02:30,4,1,3,0,0,0
2023-11-15 02:45,4,3,1,0,0,0
2023-11-15 03:00,1,0,1,0,0,0
2023-11-15 03:15,0,0,0,0,0,0
2023-11-15 03:30,0,0,0,0,0,0
2023-11-15 03:45,0,0,0,0,0,0
2023-11-15 04:00,3,1,2,0,0,0
2023-11-15 04:15,2,2,0,0,0,0
2023-11-15 04:30,1,1,0,0,0,0
2023-11-15 04:45,7,2,5,0,0,0
2023-11-15 05:00,4,3,1,0,0,0
2023-11-15 05:15,11,5,6,0,0,0
2023-11-15 05:30,17,4,13,0,0,0
2023-11-15 05:45,22,14,8,0,0,0
2023-11-15 06:00,35,17,18,0,0,0
2023-11-15 06:15,46,18,28,0,0,0
2023-11-15 06:30,48,21,27,0,0,0
2023-11-15 06:45,74,40,34,0,0,0
2023-11-15 07:00,71,36,35,0,0,0
2023-11-15 07:15,101,44,57,0,0,0
2023-11-15 07:30,124,40,84,0,0,0
2023-11-15 07:45,149,61,88,0,0,0
2023-11-15 08:00,172,55,117,0,0,0
2023-11-15 08:15,145,60,85,0,0,0
2023-11-15 08:30,111,37,74,0,0,0
2023-11-15 08:45,98,46,52,0,0,0
2023-11-15 09:00,79,31,48,0,0,0
2023-11-15 09:15,68,28,40,0,0,0
2023-11-15 09:30,75,29,46,0,0,0
2023-11-15 09:45,115,29,86,0,0,0
2023-11-15 10:00,97,27,70,0,0,0
2023-11-15 10:15,72,31,41,0,0,0
2023-11-15 10:30,53,22,31,0,0,0
2023-11-15 10:45,49,13,36,0,0,0
2023-11-15 11:00,69,31,38,0,0,0
2023-11-15 11:15,78,29,49,0,0,0
2023-11-15 11:30,88,21,67,0,0,0
2023-11-15 11:45,134,40,94,0,0,0
2023-11-15 12:00,133,53,80,0,0,0
2023-11-15 12:15,102,39,63,0,0,0
2023-11-15 12:30,88,39,49,0,0,0
2023-11-15 12:45,122,52,70,0,0,0
2023-11-15 13:00,125,52,73,0,0,0
2023-11-15 13:15,128,59,69,0,0,0
2023-11-15 13:30,110,44,66,0,0,0
2023-11-15 13:45,140,64,76,0,0,0
2023-11-15 14:00,131,64,67,0,0,0
2023-11-15 14:15,113,59,54,0,0,0
2023-11-15 14:30,96,41,55,0,0,0
2023-11-15 14:45,112,59,53,0,0,0
2023-11-15 15:00,123,54,69,0,0,0
2023-11-15 15:15,118,49,69,0,0,0
2023-11-15 15:30,109,53,56,0,0,0
2023-11-15 15:45,163,86,77,0,0,0
2023-11-15 16:00,163,91,72,0,0,0
2023-11-15 16:15,127,69,58,0,0,0
2023-11-15 16:30,146,72,74,0,0,0
2023-11-15 16:45,157,85,72,0,0,0
2023-11-15 17:00,152,69,83,0,0,0
2023-11-15 17:15,154,55,99,0,0,0
2023-11-15 17:30,132,59,73,0,0,0
2023-11-15 17:45,140,71,69,0,0,0
2023-11-15 18:00,158,88,70,0,0,0
2023-11-15 18:15,106,48,58,0,0,0
2023-11-15 18:30,105,60,45,0,0,0
2023-11-15 18:45,120,63,57,0,0,0
2023-11-15 19:00,111,55,56,0,0,0
2023-11-15 19:15,99,50,49,0,0,0
2023-11-15 19:30,99,48,51,0,0,0
2023-11-15 19:45,91,58,33,0,0,0
2023-11-15 20:00,88,39,49,0,0,0
2023-11-15 20:15,71,28,43,0,0,0
2023-11-15 20:30,60,25,35,0,0,0
2023-11-15 20:45,64,29,35,0,0,0
2023-11-15 21:00,80,28,52,0,0,0
2023-11-15 21:15,54,17,37,0,0,0
2023-11-15 21:30,66,30,36,0,0,0
2023-11-15 21:45,57,30,27,0,0,0
2023-11-15 22:00,68,28,40,0,0,0
2023-11-15 22:15,55,24,31,0,0,0
2023-11-15 22:30,59,22,37,0,0,0
2023-11-15 22:45,44,13,31,0,0,0
2023-11-15 23:00,49,19,30,0,0,0
2023-11-15 23:15,44,17,27,0,0,0
2023-11-15 23:30,27,10,17,0,0,0
2023-11-15 23:45,22,4,18,0,0,0
2023-11-16 00:00,18,2,16,0,0,0
2023-11-16 00:15,27,11,16,0,0,0
2023-11-16 00:30,17,9,8,0,0,0
2023-11-16 00:45,20,6,14,0,0,0
2023-11-16 01:00,24,5,19,0,0,0
2023-11-16 01:15,13,5,8,0,0,0
2023-11-16 01:30,11,0,11,0,0,0
2023-11-16 01:45,6,1,5,0,0,0
2023-11-16 02:00,3,3,0,0,0,0
2023-11-16 02:15,7,5,2,0,0,0
2023-11-16 02:30,2,1,1,0,0,0
2023-11-16 02:45,7,7,0,0,0,0
2023-11-16 03:00,2,1,1,0,0,0
2023-11-16 03:15,9,6,3,0,0,0
2023-11-16 03:30,6,5,1,0,0,0
2023-11-16 03:45,4,3,1,0,0,0
2023-11-16 04:00,0,0,0,0,0,0
2023-11-16 04:15,2,0,2,0,0,0
2023-11-16 04:30,3,2,1,0,0,0
2023-11-16 04:45,7,4,3,0,0,0
2023-11-16 05:00,4,0,4,0,0,0
2023-11-16 05:15,9,6,3,0,0,0
2023-11-16 05:30,20,12,8,0,0,0
2023-11-16 05:45,18,12,6,0,0,0
2023-11-16 06:00,31,15,16,0,0,0
2023-11-16 06:15,35,17,18,0,0,0
2023-11-16 06:30,33,17,16,0,0,0
2023-11-16 06:45,53,27,26,0,0,0
2023-11-16 07:00,73,45,28,0,0,0
2023-11-16 07:15,96,43,53,0,0,0
2023-11-16 07:30,132,58,74,0,0,0
2023-11-16 07:45,196,98,98,0,0,0
2023-11-16 08:00,174,73,101,0,0,0
2023-11-16 08:15,148,62,86,0,0,0
2023-11-16 08:30,146,65,81,0,0,0
2023-11-16 08:45,144,65,79,0,0,0
2023-11-16 09:00,105,47,58,0,0,0
2023-11-16 09:15,101,44,57,0,0,0
2023-11-16 09:30,97,29,68,0,0,0
2023-11-16 09:45,149,51,98,0,0,0
2023-11-16 10:00,121,32,89,0,0,0
2023-11-16 10:15,78,28,50,0,0,0
2023-11-16 10:30,79,27,52,0,0,0
2023-11-16 10:45,98,40,58,0,0,0
2023-11-16 11:00,71,34,37,0,0,0
2023-11-16 11:15,87,25,62,0,0,0
2023-11-16 11:30,107,38,69,0,0,0
2023-11-16 11:45,137,59,78,0,0,0
2023-11-16 12:00,134,50,84,0,0,0
2023-11-16 12:15,108,56,52,0,0,0
2023-11-16 12:30,103,49,54,0,0,0
2023-11-16 12:45,115,49,66,0,0,0
2023-11-16 13:00,131,67,64,0,0,0
2023-11-16 13:15,122,60,62,0,0,0
2023-11-16 13:30,106,49,57,0,0,0
2023-11-16 13:45,134,63,71,0,0,0
2023-11-16 14:00,148,78,70,0,0,0
2023-11-16 14:15,139,62,77,0,0,0
2023-11-16 14:30,95,45,50,0,0,0
2023-11-16 14:45,124,50,74,0,0,0
2023-11-16 15:00,129,53,76,0,0,0
2023-11-16 15:15,114,47,67,0,0,0
2023-11-16 15:30,151,75,76,0,0,0
2023-11-16 15:45,181,82,99,0,0,0
2023-11-16 16:00,174,100,74,0,0,0
2023-11-16 16:15,183,110,73,0,0,0
2023-11-16 16:30,155,63,92,0,0,0
2023-11-16 16:45,159,73,86,0,0,0
2023-11-16 17:00,161,66,95,0,0,0
2023-11-16 17:15,176,81,95,0,0,0
2023-11-16 17:30,159,79,80,0,0,0
2023-11-16 17:45,196,105,91,0,0,0
2023-11-16 18:00,167,96,71,0,0,0
2023-11-16 18:15,164,82,82,0,0,0
2023-11-16 18:30,138,82,56,0,0,0
2023-11-16 18:45,139,80,59,0,0,0
2023-11-16 19:00,107,55,52,0,0,0
2023-11-16 19:15,103,61,42,0,0,0
2023-11-16 19:30,132,78,54,0,0,0
2023-11-16 19:45,141,79,62,0,0,0
2023-11-16 20:00,75,33,42,0,0,0
2023-11-16 20:15,77,37,40,0,0,0
2023-11-16 20:30,73,44,29,0,0,0
2023-11-16 20:45,63,26,37,0,0,0
2023-11-16 21:00,52,31,21,0,0,0
2023-11-16 21:15,63,34,29,0,0,0
2023-11-16 21:30,52,26,26,0,0,0
2023-11-16 21:45,35,17,18,0,0,0
2023-11-16 22:00,57,19,38,0,0,0
2023-11-16 22:15,97,22,75,0,0,0
2023-11-16 22:30,49,19,30,0,0,0
2023-11-16 22:45,51,23,28,0,0,0
2023-11-16 23:00,38,17,21,0,0,0
2023-11-16 23:15,81,20,61,0,0,0
2023-11-16 23:30,30,11,19,0,0,0
2023-11-16 23:45,43,22,21,0,0,0
2023-11-17 00:00,22,6,16,0,0,0
2023-11-17 00:15,16,7,9,0,0,0
2023-11-17 00:30,13,4,9,0,0,0
2023-11-17 00:45,17,7,10,0,0,0
2023-11-17 01:00,5,4,1,0,0,0
2023-11-17 01:15,3,1,2,0,0,0
2023-11-17 01:30,3,2,1,0,0,0
2023-11-17 01:45,10,4,6,0,0,0
2023-11-17 02:00,10,1,9,0,0,0
2023-11-17 02:15,7,0,7,0,0,0
2023-11-17 02:30,9,0,9,0,0,0
2023-11-17 02:45,11,1,10,0,0,0
2023-11-17 03:00,11,0,11,0,0,0
2023-11-17 03:15,7,0,7,0,0,0
2023-11-17 03:30,10,2,8,0,0,0
2023-11-17 03:45,7,0,7,0,0,0
2023-11-17 04:00,2,1,1,0,0,0
2023-11-17 04:15,6,1,5,0,0,0
2023-11-17 04:30,8,0,8,0,0,0
2023-11-17 04:45,5,4,1,0,0,0
2023-11-17 05:00,4,2,2,0,0,0
2023-11-17 05:15,14,8,6,0,0,0
2023-11-17 05:30,16,10,6,0,0,0
2023-11-17 05:45,17,10,7,0,0,0
2023-11-17 06:00,22,10,12,0,0,0
2023-11-17 06:15,35,16,19,0,0,0
2023-11-17 06:30,41,18,23,0,0,0
2023-11-17 06:45,55,33,22,0,0,0
2023-11-17 07:00,70,41,29,0,0,0
2023-11-17 07:15,111,45,66,0,0,0
2023-11-17 07:30,157,59,98,0,0,0
2023-11-17 07:45,198,99,99,0,0,0
2023-11-17 08:00,158,56,102,0,0,0
2023-11-17 08:15,134,72,62,0,0,0
2023-11-17 08:30,125,55,70,0,0,0
2023-11-17 08:45,126,44,82,0,0,0
2023-11-17 09:00,96,30,66,0,0,0
2023-11-17 09:15,83,37,46,0,0,0
2023-11-17 09:30,105,32,73,0,0,0
2023-11-17 09:45,116,44,72,0,0,0
2023-11-17 10:00,97,38,59,0,0,0
2023-11-17 10:15,104,33,71,0,0,0
2023-11-17 10:30,84,31,53,0,0,0
2023-11-17 10:45,96,26,70,0,0,0
2023-11-17 11:00,90,29,61,0,0,0
2023-11-17 11:15,95,33,62,0,0,0
2023-11-17 11:30,104,52,52,0,0,0
2023-11-17 11:45,96,49,47,0,0,0
2023-11-17 12:00,133,59,74,0,0,0
2023-11-17 12:15,113,48,65,0,0,0
2023-11-17 12:30,104,56,48,0,0,0
2023-11-17 12:45,124,48,76,0,0,0
2023-11-17 13:00,149,64,85,0,0,0
2023-11-17 13:15,121,59,62,0,0,0
2023-11-17 13:30,134,52,82,0,0,0
2023-11-17 13:45,135,65,70,0,0,0
2023-11-17 14:00,135,68,67,0,0,0
2023-11-17 14:15,137,64,73,0,0,0
2023-11-17 14:30,116,62,54,0,0,0
2023-11-17 14:45,139,65,74,0,0,0
2023-11-17 15:00,120,51,69,0,0,0
2023-11-17 15:15,150,68,82,0,0,0
2023-11-17 15:30,130,71,59,0,0,0
2023-11-17 15:45,142,67,75,0,0,0
2023-11-17 16:00,149,76,73,0,0,0
2023-11-17 16:15,112,50,62,0,0,0
2023-11-17 16:30,145,63,82,0,0,0
2023-11-17 16:45,144,73,71,0,0,0
2023-11-17 17:00,126,65,61,0,0,0
2023-11-17 17:15,137,69,68,0,0,0
2023-11-17 17:30,123,62,61,0,0,0
2023-11-17 17:45,128,64,64,0,0,0
2023-11-17 18:00,115,63,52,0,0,0
2023-11-17 18:15,126,76,50,0,0,0
2023-11-17 18:30,117,63,54,0,0,0
2023-11-17 18:45,133,78,55,0,0,0
2023-11-17 19:00,122,66,56,0,0,0
2023-11-17 19:15,85,42,43,0,0,0
2023-11-17 19:30,108,61,47,0,0,0
2023-11-17 19:45,131,73,58,0,0,0
2023-11-17 20:00,148,78,70,0,0,0
2023-11-17 20:15,105,61,44,0,0,0
2023-11-17 20:30,69,32,37,0,0,0
2023-11-17 20:45,69,36,33,0,0,0
2023-11-17 21:00,85,37,48,0,0,0
2023-11-17 21:15,49,18,31,0,0,0
2023-11-17 21:30,57,26,31,0,0,0
2023-11-17 21:45,58,16,42,0,0,0
2023-11-17 22:00,72,23,49,0,0,0
2023-11-17 22:15,63,28,35,0,0,0
2023-11-17 22:30,61,15,46,0,0,0
2023-11-17 22:45,53,23,30,0,0,0
2023-11-17 23:00,57,20,37,0,0,0
2023-11-17 23:15,46,13,33,0,0,0
2023-11-17 23:30,59,13,46,0,0,0
2023-11-17 23:45,55,23,32,0,0,0
2023-11-18 00:00,45,12,33,0,0,0
2023-11-18 00:15,63,32,31,0,0,0
2023-11-18 00:30,40,23,17,0,0,0
2023-11-18 00:45,37,15,22,0,0,0
2023-11-18 01:00,49,19,30,0,0,0
2023-11-18 01:15,41,13,28,0,0,0
2023-11-18 01:30,44,11,33,0,0,0
2023-11-18 01:45,39,15,24,0,0,0
2023-11-18 02:00,28,14,14,0,0,0
2023-11-18 02:15,23,7,16,0,0,0
2023-11-18 02:30,18,5,13,0,0,0
2023-11-18 02:45,25,12,13,0,0,0
2023-11-18 03:00,22,7,15,0,0,0
2023-11-18 03:15,22,7,15,0,0,0
2023-11-18 03:30,13,3,10,0,0,0
2023-11-18 03:45,20,6,14,0,0,0
2023-11-18 04:00,17,7,10,0,0,0
2023-11-18 04:15,23,9,14,0,0,0
2023-11-18 04:30,18,1,17,0,0,0
2023-11-18 04:45,14,5,9,0,0,0
2023-11-18 05:00,7,2,5,0,0,0
2023-11-18 05:15,10,2,8,0,0,0
2023-11-18 05:30,11,5,6,0,0,0
2023-11-18 05:45,22,5,17,0,0,0
2023-11-18 06:00,12,1,11,0,0,0
2023-11-18 06:15,13,3,10,0,0,0
2023-11-18 06:30,8,4,4,0,0,0
2023-11-18 06:45,17,9,8,0,0,0
2023-11-18 07:00,8,4,4,0,0,0
2023-11-18 07:15,6,4,2,0,0,0
2023-11-18 07:30,20,8,12,0,0,0
2023-11-18 07:45,24,7,17,0,0,0
2023-11-18 08:00,18,6,12,0,0,0
2023-11-18 08:15,22,4,18,0,0,0
2023-11-18 08:30,29,8,21,0,0,0
2023-11-18 08:45,45,8,37,0,0,0
2023-11-18 09:00,31,11,20,0,0,0
2023-11-18 09:15,43,10,33,0,0,0
2023-11-18 09:30,46,17,29,0,0,0
2023-11-18 09:45,70,29,41,0,0,0
2023-11-18 10:00,63,20,43,0,0,0
2023-11-18 10:15,69,25,44,0,0,0
2023-11-18 10:30,47,18,29,0,0,0
2023-11-18 10:45,82,28,54,0,0,0
2023-11-18 11:00,80,33,47,0,0,0
2023-11-18 11:15,66,32,34,0,0,0
2023-11-18 11:30,76,30,46,0,0,0
2023-11-18 11:45,103,33,70,0,0,0
2023-11-18 12:00,107,46,61,0,0,0
2023-11-18 12:15,91,37,54,0,0,0
2023-11-18 12:30,92,45,47,0,0,0
2023-11-18 12:45,88,47,41,0,0,0
2023-11-18 13:00,81,31,50,0,0,0
2023-11-18 13:15,81,34,47,0,0,0
2023-11-18 13:30,93,41,52,0,0,0
2023-11-18 13:45,116,50,66,0,0,0
2023-11-18 14:00,72,23,49,0,0,0
2023-11-18 14:15,85,34,51,0,0,0
2023-11-18 14:30,70,28,42,0,0,0
2023-11-18 14:45,51,18,33,0,0,0
2023-11-18 15:00,85,36,49,0,0,0
2023-11-18 15:15,61,18,43,0,0,0
2023-11-18 15:30,68,23,45,0,0,0
2023-11-18 15:45,101,34,67,0,0,0
2023-11-18 16:00,85,31,54,0,0,0
2023-11-18 16:15,73,35,38,0,0,0
2023-11-18 16:30,89,39,50,0,0,0
2023-11-18 16:45,62,20,42,0,0,0
2023-11-18 17:00,44,15,29,0,0,0
2023-11-18 17:15,75,32,43,0,0,0
2023-11-18 17:30,46,24,22,0,0,0
2023-11-18 17:45,61,27,34,0,0,0
2023-11-18 18:00,66,26,40,0,0,0
2023-11-18 18:15,70,38,32,0,0,0
2023-11-18 18:30,49,23,26,0,0,0
2023-11-18 18:45,69,42,27,0,0,0
2023-11-18 19:00,51,20,31,0,0,0
2023-11-18 19:15,56,36,20,0,0,0
2023-11-18 19:30,47,19,28,0,0,0
2023-11-18 19:45,62,23,39,0,0,0
2023-11-18 20:00,47,9,38,0,0,0
2023-11-18 20:15,58,21,37,0,0,0
2023-11-18 20:30,52,28,24,0,0,0
2023-11-18 20:45,78,32,46,0,0,0
2023-11-18 21:00,41,26,15,0,0,0
2023-11-18 21:15,52,14,38,0,0,0
2023-11-18 21:30,34,17,17,0,0,0
2023-11-18 21:45,47,14,33,0,0,0
2023-11-18 22:00,32,16,16,0,0,0
2023-11-18 22:15,72,26,46,0,0,0
2023-11-18 22:30,47,11,36,0,0,0
2023-11-18 22:45,58,25,33,0,0,0
2023-11-18 23:00,55,18,37,0,0,0
2023-11-18 23:15,65,25,40,0,0,0
2023-11-18 23:30,45,11,34,0,0,0
2023-11-18 23:45,55,34,21,0,0,0
2023-11-19 00:00,37,20,17,0,0,0
2023-11-19 00:15,28,10,18,0,0,0
2023-11-19 00:30,37,22,15,0,0,0
2023-11-19 00:45,45,27,18,0,0,0
2023-11-19 01:00,33,10,23,0,0,0
2023-11-19 01:15,33,13,20,0,0,0
2023-11-19 01:30,43,20,23,0,0,0
2023-11-19 01:45,41,20,21,0,0,0
2023-11-19 02:00,31,14,17,0,0,0
2023-11-19 02:15,19,9,10,0,0,0
2023-11-19 02:30,18,3,15,0,0,0
2023-11-19 02:45,21,8,13,0,0,0
2023-11-19 03:00,20,4,16,0,0,0
2023-11-19 03:15,11,5,6,0,0,0
2023-11-19 03:30,24,4,20,0,0,0
2023-11-19 03:45,15,1,14,0,0,0
2023-11-19 04:00,16,4,12,0,0,0
2023-11-19 04:15,18,3,15,0,0,0
2023-11-19 04:30,14,2,12,0,0,0
2023-11-19 04:45,13,0,13,0,0,0
2023-11-19 05:00,5,1,4,0,0,0
2023-11-19 05:15,12,1,11,0,0,0
2023-11-19 05:30,17,4,13,0,0,0
2023-11-19 05:45,4,2,2,0,0,0
2023-11-19 06:00,6,2,4,0,0,0
2023-11-19 06:15,10,3,7,0,0,0
2023-11-19 06:30,10,2,8,0,0,0
2023-11-19 06:45,2,2,0,0,0,0
2023-11-19 07:00,8,2,6,0,0,0
2023-11-19 07:15,8,2,6,0,0,0
2023-11-19 07:30,9,3,6,0,0,0
2023-11-19 07:45,10,0,10,0,0,0
2023-11-19 08:00,9,1,8,0,0,0
2023-11-19 08:15,8,5,3,0,0,0
2023-11-19 08:30,17,13,4,0,0,0
2023-11-19 08:45,20,7,13,0,0,0
2023-11-19 09:00,21,5,16,0,0,0
2023-11-19 09:15,19,4,15,0,0,0
2023-11-19 09:30,18,8,10,0,0,0
2023-11-19 09:45,52,25,27,0,0,0
2023-11-19 10:00,37,14,23,0,0,0
2023-11-19 10:15,30,11,19,0,0,0
2023-11-19 10:30,33,10,23,0,0,0
2023-11-19 10:45,49,22,27,0,0,0
2023-11-19 11:00,67,18,49,0,0,0
2023-11-19 11:15,50,17,33,0,0,0
2023-11-19 11:30,57,16,41,0,0,0
2023-11-19 11:45,45,16,29,0,0,0
2023-11-19 12:00,56,20,36,0,0,0
2023-11-19 12:15,58,23,35,0,0,0
2023-11-19 12:30,71,34,37,0,0,0
2023-11-19 12:45,55,24,31,0,0,0
2023-11-19 13:00,61,26,35,0,0,0
2023-11-19 13:15,51,16,35,0,0,0
2023-11-19 13:30,52,16,36,0,0,0
2023-11-19 13:45,77,35,42,0,0,0
2023-11-19 14:00,66,22,44,0,0,0
2023-11-19 14:15,52,28,24,0,0,0
2023-11-19 14:30,74,42,32,0,0,0
2023-11-19 14:45,87,39,48,0,0,0
2023-11-19 15:00,51,16,35,0,0,0
2023-11-19 15:15,60,22,38,0,0,0
2023-11-19 15:30,56,17,39,0,0,0
2023-11-19 15:45,62,21,41,0,0,0
2023-11-19 16:00,64,26,38,0,0,0
2023-11-19 16:15,69,29,40,0,0,0
2023-11-19 16:30,67,29,38,0,0,0
2023-11-19 16:45,67,31,36,0,0,0
2023-11-19 17:00,68,29,39,0,0,0
2023-11-19 17:15,52,21,31,0,0,0
2023-11-19 17:30,73,33,40,0,0,0
2023-11-19 17:45,76,36,40,0,0,0
2023-11-19 18:00,62,23,39,0,0,0
2023-11-19 18:15,68,28,40,0,0,0
2023-11-19 18:30,49,24,25,0,0,0
2023-11-19 18:45,61,38,23,0,0,0
2023-11-19 19:00,59,24,35,0,0,0
2023-11-19 19:15,44,17,27,0,0,0
2023-11-19 19:30,35,11,24,0,0,0
2023-11-19 19:45,51,17,34,0,0,0
2023-11-19 20:00,49,25,24,0,0,0
2023-11-19 20:15,48,14,34,0,0,0
2023-11-19 20:30,38,13,25,0,0,0
2023-11-19 20:45,44,18,26,0,0,0
2023-11-19 21:00,36,9,27,0,0,0
2023-11-19 21:15,29,11,18,0,0,0
2023-11-19 21:30,20,3,17,0,0,0
2023-11-19 21:45,26,10,16,0,0,0
2023-11-19 22:00,20,8,12,0,0,0
2023-11-19 22:15,36,11,25,0,0,0
2023-11-19 22:30,41,9,32,0,0,0
2023-11-19 22:45,19,3,16,0,0,0
2023-11-19 23:00,11,3,8,0,0,0
2023-11-19 23:15,15,8,7,0,0,0
2023-11-19 23:30,10,2,8,0,0,0
2023-11-19 23:45,8,0,8,0,0,0
2023-11-20 00:00,6,0,6,0,0,0
2023-11-20 00:15,3,1,2,0,0,0
2023-11-20 00:30,3,2,1,0,0,0
2023-11-20 00:45,7,4,3,0,0,0
2023-11-20 01:00,3,1,2,0,0,0
2023-11-20 01:15,4,1,3,0,0,0
2023-11-20 01:30,1,0,1,0,0,0
2023-11-20 01:45,2,2,0,0,0,0
2023-11-20 02:00,2,1,1,0,0,0
2023-11-20 02:15,3,1,2,0,0,0
2023-11-20 02:30,5,3,2,0,0,0
2023-11-20 02:45,2,1,1,0,0,0
2023-11-20 03:00,0,0,0,0,0,0
2023-11-20 03:15,0,0,0,0,0,0
2023-11-20 03:30,1,0,1,0,0,0
2023-11-20 03:45,0,0,0,0,0,0
2023-11-20 04:00,2,2,0,0,0,0
2023-11-20 04:15,1,1,0,0,0,0
2023-11-20 04:30,0,0,0,0,0,0
2023-11-20 04:45,8,5,3,0,0,0
2023-11-20 05:00,5,3,2,0,0,0
2023-11-20 05:15,6,2,4,0,0,0
2023-11-20 05:30,12,7,5,0,0,0
2023-11-20 05:45,20,11,9,0,0,0
2023-11-20 06:00,24,11,13,0,0,0
2023-11-20 06:15,35,19,16,0,0,0
2023-11-20 06:30,50,25,25,0,0,0
2023-11-20 06:45,60,39,21,0,0,0
2023-11-20 07:00,75,38,37,0,0,0
2023-11-20 07:15,91,42,49,0,0,0
2023-11-20 07:30,152,66,86,0,0,0
2023-11-20 07:45,194,106,88,0,0,0
2023-11-20 08:00,167,81,86,0,0,0
2023-11-20 08:15,156,69,87,0,0,0
2023-11-20 08:30,141,65,76,0,0,0
2023-11-20 08:45,145,74,71,0,0,0
2023-11-20 09:00,100,38,62,0,0,0
2023-11-20 09:15,93,36,57,0,0,0
2023-11-20 09:30,90,31,59,0,0,0
2023-11-20 09:45,122,27,95,0,0,0
2023-11-20 10:00,102,34,68,0,0,0
2023-11-20 10:15,79,30,49,0,0,0
2023-11-20 10:30,78,27,51,0,0,0
2023-11-20 10:45,69,22,47,0,0,0
2023-11-20 11:00,67,23,44,0,0,0
2023-11-20 11:15,73,29,44,0,0,0
2023-11-20 11:30,93,39,54,0,0,0
2023-11-20 11:45,124,38,86,0,0,0
2023-11-20 12:00,135,70,65,0,0,0
2023-11-20 12:15,117,46,71,0,0,0
2023-11-20 12:30,126,60,66,0,0,0
2023-11-20 12:45,118,47,71,0,0,0
2023-11-20 13:00,137,67,70,0,0,0
2023-11-20 13:15,105,49,56,0,0,0
2023-11-20 13:30,117,48,69,0,0,0
2023-11-20 13:45,129,57,72,0,0,0
2023-11-20 14:00,131,65,66,0,0,0
2023-11-20 14:15,110,54,56,0,0,0
2023-11-20 14:30,100,56,44,0,0,0
2023-11-20 14:45,104,43,61,0,0,0
2023-11-20 15:00,103,46,57,0,0,0
2023-11-20 15:15,104,43,61,0,0,0
2023-11-20 15:30,145,69,76,0,0,0
2023-11-20 15:45,183,93,90,0,0,0
2023-11-20 16:00,196,95,101,0,0,0
2023-11-20 16:15,172,94,78,0,0,0
2023-11-20 16:30,147,63,84,0,0,0
2023-11-20 16:45,187,86,101,0,0,0
2023-11-20 17:00,173,88,85,0,0,0
2023-11-20 17:15,188,88,100,0,0,0
2023-11-20 17:30,189,78,111,0,0,0
2023-11-20 17:45,183,95,88,0,0,0
2023-11-20 18:00,178,83,95,0,0,0
2023-11-20 18:15,150,67,83,0,0,0
2023-11-20 18:30,109,58,51,0,0,0
2023-11-20 18:45,132,82,50,0,0,0
2023-11-20 19:00,119,64,55,0,0,0
2023-11-20 19:15,114,58,56,0,0,0
2023-11-20 19:30,108,67,41,0,0,0
2023-11-20 19:45,119,74,45,0,0,0
2023-11-20 20:00,79,50,29,0,0,0
2023-11-20 20:15,65,37,28,0,0,0
2023-11-20 20:30,82,39,43,0,0,0
2023-11-20 20:45,58,36,22,0,0,0
2023-11-20 21:00,51,15,36,0,0,0
2023-11-20 21:15,60,29,31,0,0,0
2023-11-20 21:30,49,22,27,0,0,0
2023-11-20 21:45,47,19,28,0,0,0
2023-11-20 22:00,44,21,23,0,0,0
2023-11-20 22:15,59,21,38,0,0,0
2023-11-20 22:30,64,16,48,0,0,0
2023-11-20 22:45,50,4,46,0,0,0
2023-11-20 23:00,45,16,29,0,0,0
2023-11-20 23:15,36,11,25,0,0,0
2023-11-20 23:30,17,9,8,0,0,0
2023-11-20 23:45,11,4,7,0,0,0
2023-11-21 00:00,12,3,9,0,0,0
2023-11-21 00:15,13,2,11,0,0,0
2023-11-21 00:30,1,0,1,0,0,0
2023-11-21 00:45,7,3,4,0,0,0
2023-11-21 01:00,3,2,1,0,0,0
2023-11-21 01:15,3,0,3,0,0,0
2023-11-21 01:30,1,1,0,0,0,0
2023-11-21 01:45,2,0,2,0,0,0
2023-11-21 02:00,9,3,6,0,0,0
2023-11-21 02:15,2,2,0,0,0,0
2023-11-21 02:30,3,2,1,0,0,0
2023-11-21 02:45,1,0,1,0,0,0
2023-11-21 03:00,2,1,1,0,0,0
2023-11-21 03:15,1,1,0,0,0,0
2023-11-21 03:30,1,0,1,0,0,0
2023-11-21 03:45,6,4,2,0,0,0
2023-11-21 04:00,1,1,0,0,0,0
2023-11-21 04:15,2,1,1,0,0,0
2023-11-21 04:30,0,0,0,0,0,0
2023-11-21 04:45,3,0,3,0,0,0
2023-11-21 05:00,5,2,3,0,0,0
2023-11-21 05:15,6,5,1,0,0,0
2023-11-21 05:30,9,3,6,0,0,0
2023-11-21 05:45,20,13,7,0,0,0
2023-11-21 06:00,20,11,9,0,0,0
2023-11-21 06:15,35,17,18,0,0,0
2023-11-21 06:30,63,33,30,0,0,0
2023-11-21 06:45,74,40,34,0,0,0
2023-11-21 07:00,105,55,50,0,0,0
2023-11-21 07:15,104,46,58,0,0,0
2023-11-21 07:30,153,51,102,0,0,0
2023-11-21 07:45,180,80,100,0,0,0
2023-11-21 08:00,203,78,125,0,0,0
2023-11-21 08:15,155,76,79,0,0,0
2023-11-21 08:30,146,68,78,0,0,0
2023-11-21 08:45,131,54,77,0,0,0
2023-11-21 09:00,79,28,51,0,0,0
2023-11-21 09:15,72,24,48,0,0,0
2023-11-21 09:30,75,33,42,0,0,0
2023-11-21 09:45,130,50,80,0,0,0
2023-11-21 10:00,115,30,85,0,0,0
2023-11-21 10:15,58,21,37,0,0,0
2023-11-21 10:30,68,29,39,0,0,0
2023-11-21 10:45,66,26,40,0,0,0
2023-11-21 11:00,76,25,51,0,0,0
2023-11-21 11:15,78,25,53,0,0,0
2023-11-21 11:30,100,36,64,0,0,0
2023-11-21 11:45,137,48,89,0,0,0
2023-11-21 12:00,127,50,77,0,0,0
2023-11-21 12:15,99,55,44,0,0,0
2023-11-21 12:30,83,31,52,0,0,0
2023-11-21 12:45,113,67,46,0,0,0
2023-11-21 13:00,112,53,59,0,0,0
2023-11-21 13:15,103,37,66,0,0,0
2023-11-21 13:30,112,38,74,0,0,0
2023-11-21 13:45,153,61,92,0,0,0
2023-11-21 14:00,119,52,67,0,0,0
2023-11-21 14:15,98,39,59,0,0,0
2023-11-21 14:30,96,39,57,0,0,0
2023-11-21 14:45,119,55,64,0,0,0
2023-11-21 15:00,113,53,60,0,0,0
2023-11-21 15:15,122,47,75,0,0,0
2023-11-21 15:30,115,50,65,0,0,0
2023-11-21 15:45,131,68,63,0,0,0
2023-11-21 16:00,169,77,92,0,0,0
2023-11-21 16:15,171,75,96,0,0,0
2023-11-21 16:30,139,51,88,0,0,0
2023-11-21 16:45,172,63,109,0,0,0
2023-11-21 17:00,157,71,86,0,0,0
2023-11-21 17:15,160,69,91,0,0,0
2023-11-21 17:30,171,84,87,0,0,0
2023-11-21 17:45,194,100,94,0,0,0
2023-11-21 18:00,172,92,80,0,0,0
2023-11-21 18:15,151,69,82,0,0,0
2023-11-21 18:30,126,56,70,0,0,0
2023-11-21 18:45,145,91,54,0,0,0
2023-11-21 19:00,136,61,75,0,0,0
2023-11-21 19:15,123,70,53,0,0,0
2023-11-21 19:30,89,42,47,0,0,0
2023-11-21 19:45,97,62,35,0,0,0
2023-11-21 20:00,87,39,48,0,0,0
2023-11-21 20:15,58,25,33,0,0,0
2023-11-21 20:30,58,13,45,0,0,0
2023-11-21 20:45,61,28,33,0,0,0
2023-11-21 21:00,59,23,36,0,0,0
2023-11-21 21:15,66,31,35,0,0,0
2023-11-21 21:30,46,21,25,0,0,0
2023-11-21 21:45,57,24,33,0,0,0
2023-11-21 22:00,58,24,34,0,0,0
2023-11-21 22:15,73,19,54,0,0,0
2023-11-21 22:30,55,17,38,0,0,0
2023-11-21 22:45,37,16,21,0,0,0
2023-11-21 23:00,27,7,20,0,0,0
2023-11-21 23:15,25,6,19,0,0,0
2023-11-21 23:30,19,5,14,0,0,0
2023-11-21 23:45,16,5,11,0,0,0
