Datetime,100031300 (HafenstraÃŸe),101031300 (Channel 1 IN),102031300 (Channel 2 OUT),100031300-status,101031300-status,102031300-status
2023-07-01 00:00,72,25,47,0,0,0
2023-07-01 00:15,54,24,30,0,0,0
2023-07-01 00:30,85,37,48,0,0,0
2023-07-01 00:45,49,27,22,0,0,0
2023-07-01 01:00,36,11,25,0,0,0
2023-07-01 01:15,29,15,14,0,0,0
2023-07-01 01:30,38,8,30,0,0,0
2023-07-01 01:45,33,12,21,0,0,0
2023-07-01 02:00,41,14,27,0,0,0
2023-07-01 02:15,32,9,23,0,0,0
2023-07-01 02:30,24,7,17,0,0,0
2023-07-01 02:45,12,10,2,0,0,0
2023-07-01 03:00,13,1,12,0,0,0
2023-07-01 03:15,19,5,14,0,0,0
2023-07-01 03:30,14,5,9,0,0,0
2023-07-01 03:45,15,2,13,0,0,0
2023-07-01 04:00,33,8,25,0,0,0
2023-07-01 04:15,12,1,11,0,0,0
2023-07-01 04:30,13,2,11,0,0,0
2023-07-01 04:45,14,4,10,0,0,0
2023-07-01 05:00,0,0,0,0,0,0
2023-07-01 05:15,14,2,12,0,0,0
2023-07-01 05:30,7,2,5,0,0,0
2023-07-01 05:45,14,3,11,0,0,0
2023-07-01 06:00,12,3,9,0,0,0
2023-07-01 06:15,5,3,2,0,0,0
2023-07-01 06:30,7,3,4,0,0,0
2023-07-01 06:45,16,6,10,0,0,0
2023-07-01 07:00,18,10,8,0,0,0
2023-07-01 07:15,11,3,8,0,0,0
2023-07-01 07:30,20,8,12,0,0,0
2023-07-01 07:45,23,9,14,0,0,0
2023-07-01 08:00,20,7,13,0,0,0
2023-07-01 08:15,29,21,8,0,0,0
2023-07-01 08:30,40,12,28,0,0,0
2023-07-01 08:45,36,9,27,0,0,0
2023-07-01 09:00,33,15,18,0,0,0
2023-07-01 09:15,46,15,31,0,0,0
2023-07-01 09:30,42,11,31,0,0,0
2023-07-01 09:45,67,30,37,0,0,0
2023-07-01 10:00,55,19,36,0,0,0
2023-07-01 10:15,55,21,34,0,0,0
2023-07-01 10:30,83,28,55,0,0,0
2023-07-01 10:45,69,24,45,0,0,0
2023-07-01 11:00,94,41,53,0,0,0
2023-07-01 11:15,71,33,38,0,0,0
2023-07-01 11:30,77,29,48,0,0,0
2023-07-01 11:45,99,25,74,0,0,0
2023-07-01 12:00,87,24,63,0,0,0
2023-07-01 12:15,84,29,55,0,0,0
2023-07-01 12:30,80,34,46,0,0,0
2023-07-01 12:45,77,30,47,0,0,0
2023-07-01 13:00,77,24,53,0,0,0
2023-07-01 13:15,66,31,35,0,0,0
2023-07-01 13:30,67,27,40,0,0,0
2023-07-01 13:45,53,22,31,0,0,0
2023-07-01 14:00,75,32,43,0,0,0
2023-07-01 14:15,67,29,38,0,0,0
2023-07-01 14:30,76,23,53,0,0,0
2023-07-01 14:45,81,32,49,0,0,0
2023-07-01 15:00,63,26,37,0,0,0
2023-07-01 15:15,64,14,50,0,0,0
2023-07-01 15:30,65,34,31,0,0,0
2023-07-01 15:45,66,24,42,0,0,0
2023-07-01 16:00,56,31,25,0,0,0
2023-07-01 16:15,63,24,39,0,0,0
2023-07-01 16:30,89,42,47,0,0,0
2023-07-01 16:45,97,44,53,0,0,0
2023-07-01 17:00,90,35,55,0,0,0
2023-07-01 17:15,57,18,39,0,0,0
2023-07-01 17:30,45,8,37,0,0,0
2023-07-01 17:45,74,38,36,0,0,0
2023-07-01 18:00,73,39,34,0,0,0
2023-07-01 18:15,81,35,46,0,0,0
2023-07-01 18:30,48,22,26,0,0,0
2023-07-01 18:45,82,33,49,0,0,0
2023-07-01 19:00,101,32,69,0,0,0
2023-07-01 19:15,86,49,37,0,0,0
2023-07-01 19:30,83,48,35,0,0,0
2023-07-01 19:45,80,38,42,0,0,0
2023-07-01 20:00,70,28,42,0,0,0
2023-07-01 20:15,75,33,42,0,0,0
2023-07-01 20:30,65,35,30,0,0,0
2023-07-01 20:45,57,27,30,0,0,0
2023-07-01 21:00,45,26,19,0,0,0
2023-07-01 21:15,41,16,25,0,0,0
2023-07-01 21:30,47,13,34,0,0,0
2023-07-01 21:45,54,30,24,0,0,0
2023-07-01 22:00,56,19,37,0,0,0
2023-07-01 22:15,64,30,34,0,0,0
2023-07-01 22:30,50,17,33,0,0,0
2023-07-01 22:45,52,21,31,0,0,0
2023-07-01 23:00,62,19,43,0,0,0
2023-07-01 23:15,42,21,21,0,0,0
2023-07-01 23:30,49,26,23,0,0,0
2023-07-01 23:45,38,14,24,0,0,0
2023-07-02 00:00,37,20,17,0,0,0
2023-07-02 00:15,34,18,16,0,0,0
2023-07-02 00:30,49,22,27,0,0,0
2023-07-02 00:45,31,15,16,0,0,0
2023-07-02 01:00,24,10,14,0,0,0
2023-07-02 01:15,36,16,20,0,0,0
2023-07-02 01:30,27,10,17,0,0,0
2023-07-02 01:45,22,12,10,0,0,0
2023-07-02 02:00,36,17,19,0,0,0
2023-07-02 02:15,14,5,9,0,0,0
2023-07-02 02:30,16,5,11,0,0,0
2023-07-02 02:45,26,7,19,0,0,0
2023-07-02 03:00,22,7,15,0,0,0
2023-07-02 03:15,31,2,29,0,0,0
2023-07-02 03:30,17,3,14,0,0,0
2023-07-02 03:45,16,5,11,0,0,0
2023-07-02 04:00,21,6,15,0,0,0
2023-07-02 04:15,15,1,14,0,0,0
2023-07-02 04:30,14,1,13,0,0,0
2023-07-02 04:45,12,1,11,0,0,0
2023-07-02 05:00,0,0,0,0,0,0
2023-07-02 05:15,13,1,12,0,0,0
2023-07-02 05:30,10,2,8,0,0,0
2023-07-02 05:45,12,1,11,0,0,0
2023-07-02 06:00,5,1,4,0,0,0
2023-07-02 06:15,10,4,6,0,0,0
2023-07-02 06:30,9,4,5,0,0,0
2023-07-02 06:45,11,7,4,0,0,0
2023-07-02 07:00,13,2,11,0,0,0
2023-07-02 07:15,7,1,6,0,0,0
2023-07-02 07:30,8,5,3,0,0,0
2023-07-02 07:45,9,1,8,0,0,0
2023-07-02 08:00,11,3,8,0,0,0
2023-07-02 08:15,20,2,18,0,0,0
2023-07-02 08:30,15,7,8,0,0,0
2023-07-02 08:45,27,6,21,0,0,0
2023-07-02 09:00,35,11,24,0,0,0
2023-07-02 09:15,31,13,18,0,0,0
2023-07-02 09:30,30,9,21,0,0,0
2023-07-02 09:45,46,17,29,0,0,0
2023-07-02 10:00,59,22,37,0,0,0
2023-07-02 10:15,52,24,28,0,0,0
2023-07-02 10:30,61,17,44,0,0,0
2023-07-02 10:45,61,23,38,0,0,0
2023-07-02 11:00,71,30,41,0,0,0
2023-07-02 11:15,52,19,33,0,0,0
2023-07-02 11:30,61,22,39,0,0,0
2023-07-02 11:45,45,17,28,0,0,0
2023-07-02 12:00,57,28,29,0,0,0
2023-07-02 12:15,77,32,45,0,0,0
2023-07-02 12:30,59,31,28,0,0,0
2023-07-02 12:45,80,42,38,0,0,0
2023-07-02 13:00,78,35,43,0,0,0
2023-07-02 13:15,74,38,36,0,0,0
2023-07-02 13:30,74,41,33,0,0,0
2023-07-02 13:45,83,45,38,0,0,0
2023-07-02 14:00,75,37,38,0,0,0
2023-07-02 14:15,68,32,36,0,0,0
2023-07-02 14:30,79,40,39,0,0,0
2023-07-02 14:45,68,34,34,0,0,0
2023-07-02 15:00,90,47,43,0,0,0
2023-07-02 15:15,96,51,45,0,0,0
2023-07-02 15:30,102,51,51,0,0,0
2023-07-02 15:45,95,34,61,0,0,0
2023-07-02 16:00,80,40,40,0,0,0
2023-07-02 16:15,88,26,62,0,0,0
2023-07-02 16:30,84,42,42,0,0,0
2023-07-02 16:45,99,45,54,0,0,0
2023-07-02 17:00,91,43,48,0,0,0
2023-07-02 17:15,94,51,43,0,0,0
2023-07-02 17:30,106,46,60,0,0,0
2023-07-02 17:45,118,57,61,0,0,0
2023-07-02 18:00,88,41,47,0,0,0
2023-07-02 18:15,95,44,51,0,0,0
2023-07-02 18:30,85,39,46,0,0,0
2023-07-02 18:45,98,50,48,0,0,0
2023-07-02 19:00,88,37,51,0,0,0
2023-07-02 19:15,85,34,51,0,0,0
2023-07-02 19:30,108,52,56,0,0,0
2023-07-02 19:45,89,30,59,0,0,0
2023-07-02 20:00,104,51,53,0,0,0
2023-07-02 20:15,79,46,33,0,0,0
2023-07-02 20:30,93,42,51,0,0,0
2023-07-02 20:45,81,38,43,0,0,0
2023-07-02 21:00,51,22,29,0,0,0
2023-07-02 21:15,49,16,33,0,0,0
2023-07-02 21:30,40,12,28,0,0,0
2023-07-02 21:45,62,30,32,0,0,0
2023-07-02 22:00,40,18,22,0,0,0
2023-07-02 22:15,31,10,21,0,0,0
2023-07-02 22:30,27,10,17,0,0,0
2023-07-02 22:45,23,11,12,0,0,0
2023-07-02 23:00,29,7,22,0,0,0
2023-07-02 23:15,31,7,24,0,0,0
2023-07-02 23:30,30,8,22,0,0,0
2023-07-02 23:45,9,3,6,0,0,0
2023-07-03 00:00,13,7,6,0,0,0
2023-07-03 00:15,6,6,0,0,0,0
2023-07-03 00:30,6,5,1,0,0,0
2023-07-03 00:45,4,2,2,0,0,0
2023-07-03 01:00,5,2,3,0,0,0
2023-07-03 01:15,5,2,3,0,0,0
2023-07-03 01:30,3,1,2,0,0,0
2023-07-03 01:45,1,1,0,0,0,0
2023-07-03 02:00,7,1,6,0,0,0
2023-07-03 02:15,1,1,0,0,0,0
2023-07-03 02:30,3,1,2,0,0,0
2023-07-03 02:45,0,0,0,0,0,0
2023-07-03 03:00,0,0,0,0,0,0
2023-07-03 03:15,0,0,0,0,0,0
2023-07-03 03:30,1,1,0,0,0,0
2023-07-03 03:45,2,1,1,0,0,0
2023-07-03 04:00,2,2,0,0,0,0
2023-07-03 04:15,0,0,0,0,0,0
2023-07-03 04:30,3,3,0,0,0,0
2023-07-03 04:45,8,3,5,0,0,0
2023-07-03 05:00,0,0,0,0,0,0
2023-07-03 05:15,15,10,5,0,0,0
2023-07-03 05:30,18,11,7,0,0,0
2023-07-03 05:45,22,13,9,0,0,0
2023-07-03 06:00,23,10,13,0,0,0
2023-07-03 06:15,48,23,25,0,0,0
2023-07-03 06:30,48,19,29,0,0,0
2023-07-03 06:45,71,35,36,0,0,0
2023-07-03 07:00,89,45,44,0,0,0
2023-07-03 07:15,89,45,44,0,0,0
2023-07-03 07:30,110,66,44,0,0,0
2023-07-03 07:45,142,72,70,0,0,0
2023-07-03 08:00,122,56,66,0,0,0
2023-07-03 08:15,131,73,58,0,0,0
2023-07-03 08:30,141,62,79,0,0,0
2023-07-03 08:45,135,63,72,0,0,0
2023-07-03 09:00,108,47,61,0,0,0
2023-07-03 09:15,90,28,62,0,0,0
2023-07-03 09:30,102,42,60,0,0,0
2023-07-03 09:45,131,33,98,0,0,0
2023-07-03 10:00,100,20,80,0,0,0
2023-07-03 10:15,99,41,58,0,0,0
2023-07-03 10:30,61,20,41,0,0,0
2023-07-03 10:45,85,25,60,0,0,0
2023-07-03 11:00,72,30,42,0,0,0
2023-07-03 11:15,79,31,48,0,0,0
2023-07-03 11:30,89,40,49,0,0,0
2023-07-03 11:45,105,35,70,0,0,0
2023-07-03 12:00,106,39,67,0,0,0
2023-07-03 12:15,132,48,84,0,0,0
2023-07-03 12:30,104,41,63,0,0,0
2023-07-03 12:45,124,45,79,0,0,0
2023-07-03 13:00,93,44,49,0,0,0
2023-07-03 13:15,100,48,52,0,0,0
2023-07-03 13:30,130,49,81,0,0,0
2023-07-03 13:45,114,46,68,0,0,0
2023-07-03 14:00,108,46,62,0,0,0
2023-07-03 14:15,97,46,51,0,0,0
2023-07-03 14:30,91,41,50,0,0,0
2023-07-03 14:45,84,34,50,0,0,0
2023-07-03 15:00,122,57,65,0,0,0
2023-07-03 15:15,111,44,67,0,0,0
2023-07-03 15:30,106,46,60,0,0,0
2023-07-03 15:45,159,71,88,0,0,0
2023-07-03 16:00,174,78,96,0,0,0
2023-07-03 16:15,132,55,77,0,0,0
2023-07-03 16:30,137,61,76,0,0,0
2023-07-03 16:45,159,69,90,0,0,0
2023-07-03 17:00,140,67,73,0,0,0
2023-07-03 17:15,154,73,81,0,0,0
2023-07-03 17:30,148,58,90,0,0,0
2023-07-03 17:45,165,70,95,0,0,0
2023-07-03 18:00,139,45,94,0,0,0
2023-07-03 18:15,131,43,88,0,0,0
2023-07-03 18:30,152,73,79,0,0,0
2023-07-03 18:45,144,78,66,0,0,0
2023-07-03 19:00,101,49,52,0,0,0
2023-07-03 19:15,143,74,69,0,0,0
2023-07-03 19:30,81,55,26,0,0,0
2023-07-03 19:45,114,71,43,0,0,0
2023-07-03 20:00,120,62,58,0,0,0
2023-07-03 20:15,103,41,62,0,0,0
2023-07-03 20:30,63,35,28,0,0,0
2023-07-03 20:45,57,28,29,0,0,0
2023-07-03 21:00,69,35,34,0,0,0
2023-07-03 21:15,52,20,32,0,0,0
2023-07-03 21:30,62,31,31,0,0,0
2023-07-03 21:45,49,27,22,0,0,0
2023-07-03 22:00,55,21,34,0,0,0
2023-07-03 22:15,58,21,37,0,0,0
2023-07-03 22:30,44,14,30,0,0,0
2023-07-03 22:45,34,12,22,0,0,0
2023-07-03 23:00,28,14,14,0,0,0
2023-07-03 23:15,44,14,30,0,0,0
2023-07-03 23:30,21,6,15,0,0,0
2023-07-03 23:45,16,6,10,0,0,0
2023-07-04 00:00,13,9,4,0,0,0
2023-07-04 00:15,16,9,7,0,0,0
2023-07-04 00:30,6,6,0,0,0,0
2023-07-04 00:45,11,6,5,0,0,0
2023-07-04 01:00,7,2,5,0,0,0
2023-07-04 01:15,11,7,4,0,0,0
2023-07-04 01:30,6,4,2,0,0,0
2023-07-04 01:45,3,2,1,0,0,0
2023-07-04 02:00,2,2,0,0,0,0
2023-07-04 02:15,3,3,0,0,0,0
2023-07-04 02:30,1,1,0,0,0,0
2023-07-04 02:45,1,0,1,0,0,0
2023-07-04 03:00,2,1,1,0,0,0
2023-07-04 03:15,2,0,2,0,0,0
2023-07-04 03:30,0,0,0,0,0,0
2023-07-04 03:45,0,0,0,0,0,0
2023-07-04 04:00,4,3,1,0,0,0
2023-07-04 04:15,4,3,1,0,0,0
2023-07-04 04:30,2,1,1,0,0,0
2023-07-04 04:45,3,1,2,0,0,0
2023-07-04 05:00,3,2,1,0,0,0
2023-07-04 05:15,10,6,4,0,0,0
2023-07-04 05:30,21,8,13,0,0,0
2023-07-04 05:45,22,13,9,0,0,0
2023-07-04 06:00,23,10,13,0,0,0
2023-07-04 06:15,41,18,23,0,0,0
2023-07-04 06:30,53,26,27,0,0,0
2023-07-04 06:45,91,43,48,0,0,0
2023-07-04 07:00,68,46,22,0,0,0
2023-07-04 07:15,89,45,44,0,0,0
2023-07-04 07:30,109,59,50,0,0,0
2023-07-04 07:45,161,79,82,0,0,0
2023-07-04 08:00,148,70,78,0,0,0
2023-07-04 08:15,153,72,81,0,0,0
2023-07-04 08:30,142,67,75,0,0,0
2023-07-04 08:45,169,82,87,0,0,0
2023-07-04 09:00,103,40,63,0,0,0
2023-07-04 09:15,97,36,61,0,0,0
2023-07-04 09:30,92,33,59,0,0,0
2023-07-04 09:45,135,56,79,0,0,0
2023-07-04 10:00,121,30,91,0,0,0
2023-07-04 10:15,72,25,47,0,0,0
2023-07-04 10:30,67,19,48,0,0,0
2023-07-04 10:45,93,28,65,0,0,0
2023-07-04 11:00,101,36,65,0,0,0
2023-07-04 11:15,102,33,69,0,0,0
2023-07-04 11:30,93,31,62,0,0,0
2023-07-04 11:45,122,59,63,0,0,0
2023-07-04 12:00,108,37,71,0,0,0
2023-07-04 12:15,99,37,62,0,0,0
2023-07-04 12:30,75,30,45,0,0,0
2023-07-04 12:45,126,63,63,0,0,0
2023-07-04 13:00,103,53,50,0,0,0
2023-07-04 13:15,130,52,78,0,0,0
2023-07-04 13:30,98,41,57,0,0,0
2023-07-04 13:45,129,73,56,0,0,0
2023-07-04 14:00,104,48,56,0,0,0
2023-07-04 14:15,137,58,79,0,0,0
2023-07-04 14:30,106,50,56,0,0,0
2023-07-04 14:45,119,58,61,0,0,0
2023-07-04 15:00,118,38,80,0,0,0
2023-07-04 15:15,124,52,72,0,0,0
2023-07-04 15:30,131,60,71,0,0,0
2023-07-04 15:45,151,72,79,0,0,0
2023-07-04 16:00,186,86,100,0,0,0
2023-07-04 16:15,140,67,73,0,0,0
2023-07-04 16:30,164,59,105,0,0,0
2023-07-04 16:45,171,67,104,0,0,0
2023-07-04 17:00,171,92,79,0,0,0
2023-07-04 17:15,162,70,92,0,0,0
2023-07-04 17:30,197,72,125,0,0,0
2023-07-04 17:45,188,89,99,0,0,0
2023-07-04 18:00,166,82,84,0,0,0
2023-07-04 18:15,198,110,88,0,0,0
2023-07-04 18:30,183,113,70,0,0,0
2023-07-04 18:45,183,107,76,0,0,0
2023-07-04 19:00,155,86,69,0,0,0
2023-07-04 19:15,150,96,54,0,0,0
2023-07-04 19:30,186,130,56,0,0,0
2023-07-04 19:45,149,87,62,0,0,0
2023-07-04 20:00,121,73,48,0,0,0
2023-07-04 20:15,105,39,66,0,0,0
2023-07-04 20:30,80,36,44,0,0,0
2023-07-04 20:45,73,37,36,0,0,0
2023-07-04 21:00,77,35,42,0,0,0
2023-07-04 21:15,88,34,54,0,0,0
2023-07-04 21:30,51,21,30,0,0,0
2023-07-04 21:45,84,39,45,0,0,0
2023-07-04 22:00,77,34,43,0,0,0
2023-07-04 22:15,141,26,115,0,0,0
2023-07-04 22:30,86,23,63,0,0,0
2023-07-04 22:45,47,12,35,0,0,0
2023-07-04 23:00,48,16,32,0,0,0
2023-07-04 23:15,34,9,25,0,0,0
2023-07-04 23:30,20,5,15,0,0,0
2023-07-04 23:45,19,7,12,0,0,0
2023-07-05 00:00,12,3,9,0,0,0
2023-07-05 00:15,9,2,7,0,0,0
2023-07-05 00:30,9,4,5,0,0,0
2023-07-05 00:45,6,3,3,0,0,0
2023-07-05 01:00,8,2,6,0,0,0
2023-07-05 01:15,11,4,7,0,0,0
2023-07-05 01:30,5,2,3,0,0,0
2023-07-05 01:45,1,1,0,0,0,0
2023-07-05 02:00,1,1,0,0,0,0
2023-07-05 02:15,3,2,1,0,0,0
2023-07-05 02:30,5,1,4,0,0,0
2023-07-05 02:45,0,0,0,0,0,0
2023-07-05 03:00,3,3,0,0,0,0
2023-07-05 03:15,1,1,0,0,0,0
2023-07-05 03:30,0,0,0,0,0,0
2023-07-05 03:45,1,0,1,0,0,0
2023-07-05 04:00,2,0,2,0,0,0
2023-07-05 04:15,3,2,1,0,0,0
2023-07-05 04:30,4,1,3,0,0,0
2023-07-05 04:45,4,3,1,0,0,0
2023-07-05 05:00,7,6,1,0,0,0
2023-07-05 05:15,19,7,12,0,0,0
2023-07-05 05:30,13,4,9,0,0,0
2023-07-05 05:45,17,7,10,0,0,0
2023-07-05 06:00,26,13,13,0,0,0
2023-07-05 06:15,40,15,25,0,0,0
2023-07-05 06:30,37,17,20,0,0,0
2023-07-05 06:45,57,30,27,0,0,0
2023-07-05 07:00,79,43,36,0,0,0
2023-07-05 07:15,94,47,47,0,0,0
2023-07-05 07:30,149,83,66,0,0,0
2023-07-05 07:45,152,69,83,0,0,0
2023-07-05 08:00,126,51,75,0,0,0
2023-07-05 08:15,112,65,47,0,0,0
2023-07-05 08:30,155,66,89,0,0,0
2023-07-05 08:45,162,71,91,0,0,0
2023-07-05 09:00,74,36,38,0,0,0
2023-07-05 09:15,77,26,51,0,0,0
2023-07-05 09:30,84,29,55,0,0,0
2023-07-05 09:45,111,29,82,0,0,0
2023-07-05 10:00,97,29,68,0,0,0
2023-07-05 10:15,79,21,58,0,0,0
2023-07-05 10:30,85,27,58,0,0,0
2023-07-05 10:45,87,30,57,0,0,0
2023-07-05 11:00,73,26,47,0,0,0
2023-07-05 11:15,76,23,53,0,0,0
2023-07-05 11:30,83,35,48,0,0,0
2023-07-05 11:45,100,29,71,0,0,0
2023-07-05 12:00,126,45,81,0,0,0
2023-07-05 12:15,93,34,59,0,0,0
2023-07-05 12:30,89,42,47,0,0,0
2023-07-05 12:45,118,50,68,0,0,0
2023-07-05 13:00,96,35,61,0,0,0
2023-07-05 13:15,89,39,50,0,0,0
2023-07-05 13:30,101,38,63,0,0,0
2023-07-05 13:45,105,42,63,0,0,0
2023-07-05 14:00,95,48,47,0,0,0
2023-07-05 14:15,94,50,44,0,0,0
2023-07-05 14:30,91,39,52,0,0,0
2023-07-05 14:45,97,48,49,0,0,0
2023-07-05 15:00,84,47,37,0,0,0
2023-07-05 15:15,97,49,48,0,0,0
2023-07-05 15:30,75,31,44,0,0,0
2023-07-05 15:45,139,53,86,0,0,0
2023-07-05 16:00,139,63,76,0,0,0
2023-07-05 16:15,152,82,70,0,0,0
2023-07-05 16:30,144,55,89,0,0,0
2023-07-05 16:45,167,64,103,0,0,0
2023-07-05 17:00,158,68,90,0,0,0
2023-07-05 17:15,158,72,86,0,0,0
2023-07-05 17:30,145,57,88,0,0,0
2023-07-05 17:45,167,82,85,0,0,0
2023-07-05 18:00,152,83,69,0,0,0
2023-07-05 18:15,131,63,68,0,0,0
2023-07-05 18:30,159,88,71,0,0,0
2023-07-05 18:45,135,78,57,0,0,0
2023-07-05 19:00,115,58,57,0,0,0
2023-07-05 19:15,126,74,52,0,0,0
2023-07-05 19:30,137,73,64,0,0,0
2023-07-05 19:45,135,77,58,0,0,0
2023-07-05 20:00,116,59,57,0,0,0
2023-07-05 20:15,89,44,45,0,0,0
2023-07-05 20:30,98,45,53,0,0,0
2023-07-05 20:45,71,39,32,0,0,0
2023-07-05 21:00,53,30,23,0,0,0
2023-07-05 21:15,99,41,58,0,0,0
2023-07-05 21:30,69,28,41,0,0,0
2023-07-05 21:45,66,21,45,0,0,0
2023-07-05 22:00,69,30,39,0,0,0
2023-07-05 22:15,80,32,48,0,0,0
2023-07-05 22:30,58,15,43,0,0,0
2023-07-05 22:45,59,18,41,0,0,0
2023-07-05 23:00,33,14,19,0,0,0
2023-07-05 23:15,53,10,43,0,0,0
2023-07-05 23:30,22,9,13,0,0,0
2023-07-05 23:45,40,13,27,0,0,0
2023-07-06 00:00,24,7,17,0,0,0
2023-07-06 00:15,17,3,14,0,0,0
2023-07-06 00:30,16,8,8,0,0,0
2023-07-06 00:45,20,5,15,0,0,0
2023-07-06 01:00,8,1,7,0,0,0
2023-07-06 01:15,17,7,10,0,0,0
2023-07-06 01:30,5,3,2,0,0,0
2023-07-06 01:45,1,0,1,0,0,0
2023-07-06 02:00,6,3,3,0,0,0
2023-07-06 02:15,5,3,2,0,0,0
2023-07-06 02:30,6,2,4,0,0,0
2023-07-06 02:45,2,0,2,0,0,0
2023-07-06 03:00,5,0,5,0,0,0
2023-07-06 03:15,0,0,0,0,0,0
2023-07-06 03:30,1,1,0,0,0,0
2023-07-06 03:45,0,0,0,0,0,0
2023-07-06 04:00,10,8,2,0,0,0
2023-07-06 04:15,1,0,1,0,0,0
2023-07-06 04:30,5,3,2,0,0,0
2023-07-06 04:45,6,3,3,0,0,0
2023-07-06 05:00,3,2,1,0,0,0
2023-07-06 05:15,14,9,5,0,0,0
2023-07-06 05:30,14,5,9,0,0,0
2023-07-06 05:45,26,14,12,0,0,0
2023-07-06 06:00,25,13,12,0,0,0
2023-07-06 06:15,40,16,24,0,0,0
2023-07-06 06:30,50,19,31,0,0,0
2023-07-06 06:45,80,46,34,0,0,0
2023-07-06 07:00,89,48,41,0,0,0
2023-07-06 07:15,82,38,44,0,0,0
2023-07-06 07:30,128,60,68,0,0,0
2023-07-06 07:45,149,66,83,0,0,0
2023-07-06 08:00,144,63,81,0,0,0
2023-07-06 08:15,148,75,73,0,0,0
2023-07-06 08:30,127,69,58,0,0,0
2023-07-06 08:45,143,59,84,0,0,0
2023-07-06 09:00,104,56,48,0,0,0
2023-07-06 09:15,98,42,56,0,0,0
2023-07-06 09:30,118,41,77,0,0,0
2023-07-06 09:45,128,50,78,0,0,0
2023-07-06 10:00,125,35,90,0,0,0
2023-07-06 10:15,88,28,60,0,0,0
2023-07-06 10:30,92,37,55,0,0,0
2023-07-06 10:45,83,32,51,0,0,0
2023-07-06 11:00,92,27,65,0,0,0
2023-07-06 11:15,89,30,59,0,0,0
2023-07-06 11:30,97,32,65,0,0,0
2023-07-06 11:45,144,56,88,0,0,0
2023-07-06 12:00,112,38,74,0,0,0
2023-07-06 12:15,128,54,74,0,0,0
2023-07-06 12:30,106,55,51,0,0,0
2023-07-06 12:45,117,48,69,0,0,0
2023-07-06 13:00,124,53,71,0,0,0
2023-07-06 13:15,122,63,59,0,0,0
2023-07-06 13:30,111,43,68,0,0,0
2023-07-06 13:45,154,64,90,0,0,0
2023-07-06 14:00,132,64,68,0,0,0
2023-07-06 14:15,99,48,51,0,0,0
2023-07-06 14:30,103,44,59,0,0,0
2023-07-06 14:45,124,66,58,0,0,0
2023-07-06 15:00,120,65,55,0,0,0
2023-07-06 15:15,139,54,85,0,0,0
2023-07-06 15:30,115,52,63,0,0,0
2023-07-06 15:45,162,78,84,0,0,0
2023-07-06 16:00,176,86,90,0,0,0
2023-07-06 16:15,146,73,73,0,0,0
2023-07-06 16:30,152,69,83,0,0,0
2023-07-06 16:45,141,81,60,0,0,0
2023-07-06 17:00,176,67,109,0,0,0
2023-07-06 17:15,191,87,104,0,0,0
2023-07-06 17:30,195,92,103,0,0,0
2023-07-06 17:45,215,110,105,0,0,0
2023-07-06 18:00,183,93,90,0,0,0
2023-07-06 18:15,149,63,86,0,0,0
2023-07-06 18:30,123,65,58,0,0,0
2023-07-06 18:45,151,82,69,0,0,0
2023-07-06 19:00,159,93,66,0,0,0
2023-07-06 19:15,163,114,49,0,0,0
2023-07-06 19:30,139,99,40,0,0,0
2023-07-06 19:45,156,91,65,0,0,0
2023-07-06 20:00,110,57,53,0,0,0
2023-07-06 20:15,95,59,36,0,0,0
2023-07-06 20:30,101,49,52,0,0,0
2023-07-06 20:45,83,48,35,0,0,0
2023-07-06 21:00,75,39,36,0,0,0
2023-07-06 21:15,63,27,36,0,0,0
2023-07-06 21:30,71,29,42,0,0,0
2023-07-06 21:45,81,35,46,0,0,0
2023-07-06 22:00,62,20,42,0,0,0
2023-07-06 22:15,155,35,120,0,0,0
2023-07-06 22:30,123,35,88,0,0,0
2023-07-06 22:45,79,16,63,0,0,0
2023-07-06 23:00,62,26,36,0,0,0
2023-07-06 23:15,54,23,31,0,0,0
2023-07-06 23:30,27,9,18,0,0,0
2023-07-06 23:45,39,16,23,0,0,0
2023-07-07 00:00,24,7,17,0,0,0
2023-07-07 00:15,22,4,18,0,0,0
2023-07-07 00:30,40,8,32,0,0,0
2023-07-07 00:45,22,9,13,0,0,0
2023-07-07 01:00,14,9,5,0,0,0
2023-07-07 01:15,13,5,8,0,0,0
2023-07-07 01:30,13,6,7,0,0,0
2023-07-07 01:45,8,2,6,0,0,0
2023-07-07 02:00,3,3,0,0,0,0
2023-07-07 02:15,10,1,9,0,0,0
2023-07-07 02:30,1,0,1,0,0,0
2023-07-07 02:45,0,0,0,0,0,0
2023-07-07 03:00,3,1,2,0,0,0
2023-07-07 03:15,4,2,2,0,0,0
2023-07-07 03:30,1,0,1,0,0,0
2023-07-07 03:45,4,1,3,0,0,0
2023-07-07 04:00,2,1,1,0,0,0
2023-07-07 04:15,4,4,0,0,0,0
2023-07-07 04:30,2,1,1,0,0,0
2023-07-07 04:45,7,3,4,0,0,0
2023-07-07 05:00,4,3,1,0,0,0
2023-07-07 05:15,7,3,4,0,0,0
2023-07-07 05:30,12,4,8,0,0,0
2023-07-07 05:45,22,12,10,0,0,0
2023-07-07 06:00,35,9,26,0,0,0
2023-07-07 06:15,32,10,22,0,0,0
2023-07-07 06:30,48,22,26,0,0,0
2023-07-07 06:45,73,41,32,0,0,0
2023-07-07 07:00,65,32,33,0,0,0
2023-07-07 07:15,103,53,50,0,0,0
2023-07-07 07:30,110,50,60,0,0,0
2023-07-07 07:45,125,61,64,0,0,0
2023-07-07 08:00,117,51,66,0,0,0
2023-07-07 08:15,127,49,78,0,0,0
2023-07-07 08:30,113,45,68,0,0,0
2023-07-07 08:45,136,55,81,0,0,0
2023-07-07 09:00,112,51,61,0,0,0
2023-07-07 09:15,74,34,40,0,0,0
2023-07-07 09:30,98,33,65,0,0,0
2023-07-07 09:45,124,38,86,0,0,0
2023-07-07 10:00,92,32,60,0,0,0
2023-07-07 10:15,65,37,28,0,0,0
2023-07-07 10:30,96,39,57,0,0,0
2023-07-07 10:45,92,41,51,0,0,0
2023-07-07 11:00,110,44,66,0,0,0
2023-07-07 11:15,109,46,63,0,0,0
2023-07-07 11:30,116,47,69,0,0,0
2023-07-07 11:45,119,54,65,0,0,0
2023-07-07 12:00,130,62,68,0,0,0
2023-07-07 12:15,134,45,89,0,0,0
2023-07-07 12:30,109,49,60,0,0,0
2023-07-07 12:45,126,57,69,0,0,0
2023-07-07 13:00,131,59,72,0,0,0
2023-07-07 13:15,127,45,82,0,0,0
2023-07-07 13:30,151,54,97,0,0,0
2023-07-07 13:45,149,58,91,0,0,0
2023-07-07 14:00,147,58,89,0,0,0
2023-07-07 14:15,147,71,76,0,0,0
2023-07-07 14:30,123,52,71,0,0,0
2023-07-07 14:45,108,53,55,0,0,0
2023-07-07 15:00,139,59,80,0,0,0
2023-07-07 15:15,119,51,68,0,0,0
2023-07-07 15:30,121,74,47,0,0,0
2023-07-07 15:45,142,81,61,0,0,0
2023-07-07 16:00,128,68,60,0,0,0
2023-07-07 16:15,119,68,51,0,0,0
2023-07-07 16:30,116,64,52,0,0,0
2023-07-07 16:45,141,72,69,0,0,0
2023-07-07 17:00,128,64,64,0,0,0
2023-07-07 17:15,143,80,63,0,0,0
2023-07-07 17:30,130,66,64,0,0,0
2023-07-07 17:45,177,100,77,0,0,0
2023-07-07 18:00,142,64,78,0,0,0
2023-07-07 18:15,140,84,56,0,0,0
2023-07-07 18:30,108,61,47,0,0,0
2023-07-07 18:45,136,71,65,0,0,0
2023-07-07 19:00,130,69,61,0,0,0
2023-07-07 19:15,131,76,55,0,0,0
2023-07-07 19:30,113,60,53,0,0,0
2023-07-07 19:45,108,73,35,0,0,0
2023-07-07 20:00,109,53,56,0,0,0
2023-07-07 20:15,107,55,52,0,0,0
2023-07-07 20:30,99,56,43,0,0,0
2023-07-07 20:45,109,59,50,0,0,0
2023-07-07 21:00,112,63,49,0,0,0
2023-07-07 21:15,95,40,55,0,0,0
2023-07-07 21:30,110,48,62,0,0,0
2023-07-07 21:45,68,24,44,0,0,0
2023-07-07 22:00,74,30,44,0,0,0
2023-07-07 22:15,105,40,65,0,0,0
2023-07-07 22:30,91,33,58,0,0,0
2023-07-07 22:45,95,35,60,0,0,0
2023-07-07 23:00,86,31,55,0,0,0
2023-07-07 23:15,87,35,52,0,0,0
2023-07-07 23:30,68,34,34,0,0,0
2023-07-07 23:45,68,28,40,0,0,0
2023-07-08 00:00,58,22,36,0,0,0
2023-07-08 00:15,81,36,45,0,0,0
2023-07-08 00:30,59,30,29,0,0,0
2023-07-08 00:45,63,30,33,0,0,0
2023-07-08 01:00,48,22,26,0,0,0
2023-07-08 01:15,54,22,32,0,0,0
2023-07-08 01:30,61,27,34,0,0,0
2023-07-08 01:45,38,16,22,0,0,0
2023-07-08 02:00,29,5,24,0,0,0
2023-07-08 02:15,40,13,27,0,0,0
2023-07-08 02:30,20,8,12,0,0,0
2023-07-08 02:45,17,9,8,0,0,0
2023-07-08 03:00,36,6,30,0,0,0
2023-07-08 03:15,19,3,16,0,0,0
2023-07-08 03:30,36,5,31,0,0,0
2023-07-08 03:45,20,3,17,0,0,0
2023-07-08 04:00,26,6,20,0,0,0
2023-07-08 04:15,9,1,8,0,0,0
2023-07-08 04:30,23,4,19,0,0,0
2023-07-08 04:45,11,5,6,0,0,0
2023-07-08 05:00,8,1,7,0,0,0
2023-07-08 05:15,8,0,8,0,0,0
2023-07-08 05:30,12,5,7,0,0,0
2023-07-08 05:45,20,7,13,0,0,0
2023-07-08 06:00,10,4,6,0,0,0
2023-07-08 06:15,10,2,8,0,0,0
2023-07-08 06:30,12,5,7,0,0,0
2023-07-08 06:45,19,9,10,0,0,0
2023-07-08 07:00,11,5,6,0,0,0
2023-07-08 07:15,22,12,10,0,0,0
2023-07-08 07:30,29,10,19,0,0,0
2023-07-08 07:45,35,9,26,0,0,0
2023-07-08 08:00,29,11,18,0,0,0
2023-07-08 08:15,33,8,25,0,0,0
2023-07-08 08:30,42,18,24,0,0,0
2023-07-08 08:45,53,26,27,0,0,0
2023-07-08 09:00,41,12,29,0,0,0
2023-07-08 09:15,45,10,35,0,0,0
2023-07-08 09:30,55,21,34,0,0,0
2023-07-08 09:45,84,39,45,0,0,0
2023-07-08 10:00,71,31,40,0,0,0
2023-07-08 10:15,73,45,28,0,0,0
2023-07-08 10:30,85,43,42,0,0,0
2023-07-08 10:45,81,48,33,0,0,0
2023-07-08 11:00,99,48,51,0,0,0
2023-07-08 11:15,78,28,50,0,0,0
2023-07-08 11:30,79,34,45,0,0,0
2023-07-08 11:45,115,51,64,0,0,0
2023-07-08 12:00,111,69,42,0,0,0
2023-07-08 12:15,121,64,57,0,0,0
2023-07-08 12:30,93,50,43,0,0,0
2023-07-08 12:45,130,84,46,0,0,0
2023-07-08 13:00,103,57,46,0,0,0
2023-07-08 13:15,84,45,39,0,0,0
2023-07-08 13:30,92,53,39,0,0,0
2023-07-08 13:45,95,52,43,0,0,0
2023-07-08 14:00,100,52,48,0,0,0
2023-07-08 14:15,86,45,41,0,0,0
2023-07-08 14:30,110,66,44,0,0,0
2023-07-08 14:45,97,57,40,0,0,0
2023-07-08 15:00,106,64,42,0,0,0
2023-07-08 15:15,90,54,36,0,0,0
2023-07-08 15:30,124,80,44,0,0,0
2023-07-08 15:45,86,51,35,0,0,0
2023-07-08 16:00,112,65,47,0,0,0
2023-07-08 16:15,106,50,56,0,0,0
2023-07-08 16:30,109,56,53,0,0,0
2023-07-08 16:45,95,50,45,0,0,0
2023-07-08 17:00,107,56,51,0,0,0
2023-07-08 17:15,99,50,49,0,0,0
2023-07-08 17:30,119,57,62,0,0,0
2023-07-08 17:45,128,70,58,0,0,0
2023-07-08 18:00,124,71,53,0,0,0
2023-07-08 18:15,115,64,51,0,0,0
2023-07-08 18:30,129,48,81,0,0,0
2023-07-08 18:45,146,85,61,0,0,0
2023-07-08 19:00,113,67,46,0,0,0
2023-07-08 19:15,98,53,45,0,0,0
2023-07-08 19:30,120,58,62,0,0,0
2023-07-08 19:45,94,42,52,0,0,0
2023-07-08 20:00,137,58,79,0,0,0
2023-07-08 20:15,83,43,40,0,0,0
2023-07-08 20:30,103,38,65,0,0,0
2023-07-08 20:45,99,44,55,0,0,0
2023-07-08 21:00,94,44,50,0,0,0
2023-07-08 21:15,83,31,52,0,0,0
2023-07-08 21:30,93,35,58,0,0,0
2023-07-08 21:45,91,32,59,0,0,0
2023-07-08 22:00,99,32,67,0,0,0
2023-07-08 22:15,122,43,79,0,0,0
2023-07-08 22:30,115,32,83,0,0,0
2023-07-08 22:45,80,25,55,0,0,0
2023-07-08 23:00,66,25,41,0,0,0
2023-07-08 23:15,68,23,45,0,0,0
2023-07-08 23:30,62,20,42,0,0,0
2023-07-08 23:45,69,29,40,0,0,0
2023-07-09 00:00,64,25,39,0,0,0
2023-07-09 00:15,58,32,26,0,0,0
2023-07-09 00:30,75,38,37,0,0,0
2023-07-09 00:45,57,31,26,0,0,0
2023-07-09 01:00,49,24,25,0,0,0
2023-07-09 01:15,50,16,34,0,0,0
2023-07-09 01:30,45,20,25,0,0,0
2023-07-09 01:45,37,8,29,0,0,0
2023-07-09 02:00,56,9,47,0,0,0
2023-07-09 02:15,42,15,27,0,0,0
2023-07-09 02:30,38,10,28,0,0,0
2023-07-09 02:45,28,9,19,0,0,0
2023-07-09 03:00,31,2,29,0,0,0
2023-07-09 03:15,27,4,23,0,0,0
2023-07-09 03:30,29,7,22,0,0,0
2023-07-09 03:45,26,2,24,0,0,0
2023-07-09 04:00,23,4,19,0,0,0
2023-07-09 04:15,17,5,12,0,0,0
2023-07-09 04:30,27,1,26,0,0,0
2023-07-09 04:45,16,1,15,0,0,0
2023-07-09 05:00,1,0,1,0,0,0
2023-07-09 05:15,12,3,9,0,0,0
2023-07-09 05:30,7,3,4,0,0,0
2023-07-09 05:45,10,1,9,0,0,0
2023-07-09 06:00,4,2,2,0,0,0
2023-07-09 06:15,5,1,4,0,0,0
2023-07-09 06:30,10,5,5,0,0,0
2023-07-09 06:45,12,4,8,0,0,0
2023-07-09 07:00,6,3,3,0,0,0
2023-07-09 07:15,5,4,1,0,0,0
2023-07-09 07:30,13,2,11,0,0,0
2023-07-09 07:45,18,1,17,0,0,0
2023-07-09 08:00,15,6,9,0,0,0
2023-07-09 08:15,17,4,13,0,0,0
2023-07-09 08:30,24,5,19,0,0,0
2023-07-09 08:45,36,9,27,0,0,0
2023-07-09 09:00,23,9,14,0,0,0
2023-07-09 09:15,26,10,16,0,0,0
2023-07-09 09:30,37,20,17,0,0,0
2023-07-09 09:45,37,11,26,0,0,0
2023-07-09 10:00,40,17,23,0,0,0
2023-07-09 10:15,55,33,22,0,0,0
2023-07-09 10:30,55,27,28,0,0,0
2023-07-09 10:45,49,20,29,0,0,0
2023-07-09 11:00,40,21,19,0,0,0
2023-07-09 11:15,41,23,18,0,0,0
2023-07-09 11:30,60,22,38,0,0,0
2023-07-09 11:45,50,24,26,0,0,0
2023-07-09 12:00,79,39,40,0,0,0
2023-07-09 12:15,62,28,34,0,0,0
2023-07-09 12:30,57,30,27,0,0,0
2023-07-09 12:45,47,31,16,0,0,0
2023-07-09 13:00,70,36,34,0,0,0
2023-07-09 13:15,60,30,30,0,0,0
2023-07-09 13:30,73,40,33,0,0,0
2023-07-09 13:45,87,39,48,0,0,0
2023-07-09 14:00,70,28,42,0,0,0
2023-07-09 14:15,67,37,30,0,0,0
2023-07-09 14:30,75,32,43,0,0,0
2023-07-09 14:45,78,44,34,0,0,0
2023-07-09 15:00,71,41,30,0,0,0
2023-07-09 15:15,83,51,32,0,0,0
2023-07-09 15:30,82,49,33,0,0,0
2023-07-09 15:45,64,33,31,0,0,0
2023-07-09 16:00,104,50,54,0,0,0
2023-07-09 16:15,98,57,41,0,0,0
2023-07-09 16:30,93,51,42,0,0,0
2023-07-09 16:45,75,35,40,0,0,0
2023-07-09 17:00,98,51,47,0,0,0
2023-07-09 17:15,101,51,50,0,0,0
2023-07-09 17:30,86,38,48,0,0,0
2023-07-09 17:45,97,37,60,0,0,0
2023-07-09 18:00,122,41,81,0,0,0
2023-07-09 18:15,68,12,56,0,0,0
2023-07-09 18:30,52,12,40,0,0,0
2023-07-09 18:45,44,9,35,0,0,0
2023-07-09 19:00,42,8,34,0,0,0
2023-07-09 19:15,38,16,22,0,0,0
2023-07-09 19:30,76,33,43,0,0,0
2023-07-09 19:45,50,16,34,0,0,0
2023-07-09 20:00,53,17,36,0,0,0
2023-07-09 20:15,65,21,44,0,0,0
2023-07-09 20:30,48,20,28,0,0,0
2023-07-09 20:45,50,17,33,0,0,0
2023-07-09 21:00,30,5,25,0,0,0
2023-07-09 21:15,38,18,20,0,0,0
2023-07-09 21:30,37,9,28,0,0,0
2023-07-09 21:45,41,17,24,0,0,0
2023-07-09 22:00,35,15,20,0,0,0
2023-07-09 22:15,30,12,18,0,0,0
2023-07-09 22:30,28,10,18,0,0,0
2023-07-09 22:45,25,3,22,0,0,0
2023-07-09 23:00,24,12,12,0,0,0
2023-07-09 23:15,16,9,7,0,0,0
2023-07-09 23:30,15,6,9,0,0,0
2023-07-09 23:45,18,4,14,0,0,0
2023-07-10 00:00,10,1,9,0,0,0
2023-07-10 00:15,9,3,6,0,0,0
2023-07-10 00:30,2,0,2,0,0,0
2023-07-10 00:45,5,3,2,0,0,0
2023-07-10 01:00,3,0,3,0,0,0
2023-07-10 01:15,3,1,2,0,0,0
2023-07-10 01:30,4,1,3,0,0,0
2023-07-10 01:45,3,0,3,0,0,0
2023-07-10 02:00,2,0,2,0,0,0
2023-07-10 02:15,1,1,0,0,0,0
2023-07-10 02:30,5,1,4,0,0,0
2023-07-10 02:45,3,1,2,0,0,0
2023-07-10 03:00,1,1,0,0,0,0
2023-07-10 03:15,5,4,1,0,0,0
2023-07-10 03:30,2,1,1,0,0,0
2023-07-10 03:45,0,0,0,0,0,0
2023-07-10 04:00,3,1,2,0,0,0
2023-07-10 04:15,4,0,4,0,0,0
2023-07-10 04:30,2,2,0,0,0,0
2023-07-10 04:45,6,1,5,0,0,0
2023-07-10 05:00,5,1,4,0,0,0
2023-07-10 05:15,22,13,9,0,0,0
2023-07-10 05:30,15,8,7,0,0,0
2023-07-10 05:45,25,12,13,0,0,0
2023-07-10 06:00,23,4,19,0,0,0
2023-07-10 06:15,39,18,21,0,0,0
2023-07-10 06:30,44,17,27,0,0,0
2023-07-10 06:45,67,40,27,0,0,0
2023-07-10 07:00,66,35,31,0,0,0
2023-07-10 07:15,94,47,47,0,0,0
2023-07-10 07:30,111,62,49,0,0,0
2023-07-10 07:45,149,75,74,0,0,0
2023-07-10 08:00,141,63,78,0,0,0
2023-07-10 08:15,107,58,49,0,0,0
2023-07-10 08:30,119,61,58,0,0,0
2023-07-10 08:45,140,64,76,0,0,0
2023-07-10 09:00,95,38,57,0,0,0
2023-07-10 09:15,93,45,48,0,0,0
2023-07-10 09:30,92,29,63,0,0,0
2023-07-10 09:45,96,32,64,0,0,0
2023-07-10 10:00,92,29,63,0,0,0
2023-07-10 10:15,88,40,48,0,0,0
2023-07-10 10:30,96,39,57,0,0,0
2023-07-10 10:45,88,36,52,0,0,0
2023-07-10 11:00,76,31,45,0,0,0
2023-07-10 11:15,86,28,58,0,0,0
2023-07-10 11:30,92,29,63,0,0,0
2023-07-10 11:45,99,29,70,0,0,0
2023-07-10 12:00,94,34,60,0,0,0
2023-07-10 12:15,108,43,65,0,0,0
2023-07-10 12:30,100,43,57,0,0,0
2023-07-10 12:45,91,35,56,0,0,0
2023-07-10 13:00,105,50,55,0,0,0
2023-07-10 13:15,98,30,68,0,0,0
2023-07-10 13:30,103,48,55,0,0,0
2023-07-10 13:45,104,43,61,0,0,0
2023-07-10 14:00,101,43,58,0,0,0
2023-07-10 14:15,83,35,48,0,0,0
2023-07-10 14:30,117,60,57,0,0,0
2023-07-10 14:45,133,68,65,0,0,0
2023-07-10 15:00,129,65,64,0,0,0
2023-07-10 15:15,119,49,70,0,0,0
2023-07-10 15:30,132,61,71,0,0,0
2023-07-10 15:45,160,78,82,0,0,0
2023-07-10 16:00,167,68,99,0,0,0
2023-07-10 16:15,172,83,89,0,0,0
2023-07-10 16:30,175,81,94,0,0,0
2023-07-10 16:45,167,77,90,0,0,0
2023-07-10 17:00,175,79,96,0,0,0
2023-07-10 17:15,186,89,97,0,0,0
2023-07-10 17:30,161,76,85,0,0,0
2023-07-10 17:45,186,103,83,0,0,0
2023-07-10 18:00,171,69,102,0,0,0
2023-07-10 18:15,146,70,76,0,0,0
2023-07-10 18:30,146,82,64,0,0,0
2023-07-10 18:45,150,80,70,0,0,0
2023-07-10 19:00,128,69,59,0,0,0
2023-07-10 19:15,156,103,53,0,0,0
2023-07-10 19:30,129,83,46,0,0,0
2023-07-10 19:45,144,92,52,0,0,0
2023-07-10 20:00,151,84,67,0,0,0
2023-07-10 20:15,91,49,42,0,0,0
2023-07-10 20:30,97,53,44,0,0,0
2023-07-10 20:45,77,29,48,0,0,0
2023-07-10 21:00,72,34,38,0,0,0
2023-07-10 21:15,88,34,54,0,0,0
2023-07-10 21:30,67,28,39,0,0,0
2023-07-10 21:45,73,25,48,0,0,0
2023-07-10 22:00,59,23,36,0,0,0
2023-07-10 22:15,60,15,45,0,0,0
2023-07-10 22:30,62,13,49,0,0,0
2023-07-10 22:45,50,15,35,0,0,0
2023-07-10 23:00,36,9,27,0,0,0
2023-07-10 23:15,57,17,40,0,0,0
2023-07-10 23:30,23,9,14,0,0,0
2023-07-10 23:45,41,10,31,0,0,0
2023-07-11 00:00,14,7,7,0,0,0
2023-07-11 00:15,19,8,11,0,0,0
2023-07-11 00:30,12,4,8,0,0,0
2023-07-11 00:45,12,5,7,0,0,0
2023-07-11 01:00,9,1,8,0,0,0
2023-07-11 01:15,10,2,8,0,0,0
2023-07-11 01:30,2,1,1,0,0,0
2023-07-11 01:45,5,2,3,0,0,0
2023-07-11 02:00,4,3,1,0,0,0
2023-07-11 02:15,6,4,2,0,0,0
2023-07-11 02:30,5,2,3,0,0,0
2023-07-11 02:45,4,2,2,0,0,0
2023-07-11 03:00,1,0,1,0,0,0
2023-07-11 03:15,2,0,2,0,0,0
2023-07-11 03:30,2,1,1,0,0,0
2023-07-11 03:45,1,0,1,0,0,0
2023-07-11 04:00,3,1,2,0,0,0
2023-07-11 04:15,4,3,1,0,0,0
2023-07-11 04:30,4,2,2,0,0,0
2023-07-11 04:45,3,1,2,0,0,0
2023-07-11 05:00,3,2,1,0,0,0
2023-07-11 05:15,11,7,4,0,0,0
2023-07-11 05:30,20,11,9,0,0,0
2023-07-11 05:45,24,13,11,0,0,0
2023-07-11 06:00,33,15,18,0,0,0
2023-07-11 06:15,37,18,19,0,0,0
2023-07-11 06:30,45,16,29,0,0,0
2023-07-11 06:45,79,49,30,0,0,0
2023-07-11 07:00,101,55,46,0,0,0
2023-07-11 07:15,110,64,46,0,0,0
2023-07-11 07:30,114,50,64,0,0,0
2023-07-11 07:45,171,88,83,0,0,0
2023-07-11 08:00,115,51,64,0,0,0
2023-07-11 08:15,161,97,64,0,0,0
2023-07-11 08:30,116,56,60,0,0,0
2023-07-11 08:45,152,78,74,0,0,0
2023-07-11 09:00,89,42,47,0,0,0
2023-07-11 09:15,124,53,71,0,0,0
2023-07-11 09:30,96,34,62,0,0,0
2023-07-11 09:45,121,49,72,0,0,0
2023-07-11 10:00,89,34,55,0,0,0
2023-07-11 10:15,88,37,51,0,0,0
2023-07-11 10:30,76,25,51,0,0,0
2023-07-11 10:45,104,50,54,0,0,0
2023-07-11 11:00,97,42,55,0,0,0
2023-07-11 11:15,92,30,62,0,0,0
2023-07-11 11:30,88,41,47,0,0,0
2023-07-11 11:45,129,53,76,0,0,0
2023-07-11 12:00,114,54,60,0,0,0
2023-07-11 12:15,123,53,70,0,0,0
2023-07-11 12:30,105,50,55,0,0,0
2023-07-11 12:45,125,53,72,0,0,0
2023-07-11 13:00,117,62,55,0,0,0
2023-07-11 13:15,109,47,62,0,0,0
2023-07-11 13:30,111,63,48,0,0,0
2023-07-11 13:45,108,54,54,0,0,0
2023-07-11 14:00,104,45,59,0,0,0
2023-07-11 14:15,129,61,68,0,0,0
2023-07-11 14:30,100,44,56,0,0,0
2023-07-11 14:45,116,50,66,0,0,0
2023-07-11 15:00,119,51,68,0,0,0
2023-07-11 15:15,138,73,65,0,0,0
2023-07-11 15:30,136,60,76,0,0,0
2023-07-11 15:45,149,79,70,0,0,0
2023-07-11 16:00,169,85,84,0,0,0
2023-07-11 16:15,156,83,73,0,0,0
2023-07-11 16:30,202,114,88,0,0,0
2023-07-11 16:45,175,98,77,0,0,0
2023-07-11 17:00,170,78,92,0,0,0
2023-07-11 17:15,177,82,95,0,0,0
2023-07-11 17:30,208,97,111,0,0,0
2023-07-11 17:45,205,99,106,0,0,0
2023-07-11 18:00,206,106,100,0,0,0
2023-07-11 18:15,167,83,84,0,0,0
2023-07-11 18:30,137,65,72,0,0,0
2023-07-11 18:45,172,109,63,0,0,0
2023-07-11 19:00,158,96,62,0,0,0
2023-07-11 19:15,154,82,72,0,0,0
2023-07-11 19:30,125,77,48,0,0,0
2023-07-11 19:45,136,74,62,0,0,0
2023-07-11 20:00,128,75,53,0,0,0
2023-07-11 20:15,104,55,49,0,0,0
2023-07-11 20:30,96,52,44,0,0,0
2023-07-11 20:45,120,53,67,0,0,0
2023-07-11 21:00,82,27,55,0,0,0
2023-07-11 21:15,90,38,52,0,0,0
2023-07-11 21:30,89,36,53,0,0,0
2023-07-11 21:45,91,33,58,0,0,0
2023-07-11 22:00,94,29,65,0,0,0
2023-07-11 22:15,59,21,38,0,0,0
2023-07-11 22:30,58,25,33,0,0,0
2023-07-11 22:45,67,25,42,0,0,0
2023-07-11 23:00,39,16,23,0,0,0
2023-07-11 23:15,46,11,35,0,0,0
2023-07-11 23:30,45,13,32,0,0,0
2023-07-11 23:45,17,6,11,0,0,0
2023-07-12 00:00,17,4,13,0,0,0
2023-07-12 00:15,28,8,20,0,0,0
2023-07-12 00:30,10,3,7,0,0,0
2023-07-12 00:45,24,4,20,0,0,0
2023-07-12 01:00,13,5,8,0,0,0
2023-07-12 01:15,8,2,6,0,0,0
2023-07-12 01:30,6,4,2,0,0,0
2023-07-12 01:45,11,2,9,0,0,0
2023-07-12 02:00,6,4,2,0,0,0
2023-07-12 02:15,2,0,2,0,0,0
2023-07-12 02:30,3,0,3,0,0,0
2023-07-12 02:45,0,0,0,0,0,0
2023-07-12 03:00,1,1,0,0,0,0
2023-07-12 03:15,4,2,2,0,0,0
2023-07-12 03:30,3,3,0,0,0,0
2023-07-12 03:45,3,1,2,0,0,0
2023-07-12 04:00,1,0,1,0,0,0
2023-07-12 04:15,2,1,1,0,0,0
2023-07-12 04:30,6,2,4,0,0,0
2023-07-12 04:45,6,3,3,0,0,0
2023-07-12 05:00,4,2,2,0,0,0
2023-07-12 05:15,13,8,5,0,0,0
2023-07-12 05:30,22,9,13,0,0,0
2023-07-12 05:45,20,10,10,0,0,0
2023-07-12 06:00,29,10,19,0,0,0
2023-07-12 06:15,40,16,24,0,0,0
2023-07-12 06:30,53,23,30,0,0,0
2023-07-12 06:45,60,26,34,0,0,0
2023-07-12 07:00,83,46,37,0,0,0
2023-07-12 07:15,96,37,59,0,0,0
2023-07-12 07:30,112,55,57,0,0,0
2023-07-12 07:45,150,72,78,0,0,0
2023-07-12 08:00,133,58,75,0,0,0
2023-07-12 08:15,146,82,64,0,0,0
2023-07-12 08:30,139,75,64,0,0,0
2023-07-12 08:45,150,57,93,0,0,0
2023-07-12 09:00,96,38,58,0,0,0
2023-07-12 09:15,71,29,42,0,0,0
2023-07-12 09:30,71,23,48,0,0,0
2023-07-12 09:45,96,29,67,0,0,0
2023-07-12 10:00,74,33,41,0,0,0
2023-07-12 10:15,69,40,29,0,0,0
2023-07-12 10:30,80,24,56,0,0,0
2023-07-12 10:45,77,30,47,0,0,0
2023-07-12 11:00,88,37,51,0,0,0
2023-07-12 11:15,110,35,75,0,0,0
2023-07-12 11:30,88,31,57,0,0,0
2023-07-12 11:45,127,47,80,0,0,0
2023-07-12 12:00,118,52,66,0,0,0
2023-07-12 12:15,114,44,70,0,0,0
2023-07-12 12:30,103,45,58,0,0,0
2023-07-12 12:45,129,56,73,0,0,0
2023-07-12 13:00,107,41,66,0,0,0
2023-07-12 13:15,84,43,41,0,0,0
2023-07-12 13:30,131,80,51,0,0,0
2023-07-12 13:45,136,62,74,0,0,0
2023-07-12 14:00,100,36,64,0,0,0
2023-07-12 14:15,91,39,52,0,0,0
2023-07-12 14:30,135,56,79,0,0,0
2023-07-12 14:45,106,53,53,0,0,0
2023-07-12 15:00,155,81,74,0,0,0
2023-07-12 15:15,126,69,57,0,0,0
2023-07-12 15:30,135,72,63,0,0,0
2023-07-12 15:45,140,72,68,0,0,0
2023-07-12 16:00,159,70,89,0,0,0
2023-07-12 16:15,145,74,71,0,0,0
2023-07-12 16:30,134,59,75,0,0,0
2023-07-12 16:45,155,69,86,0,0,0
2023-07-12 17:00,180,69,111,0,0,0
2023-07-12 17:15,187,88,99,0,0,0
2023-07-12 17:30,162,69,93,0,0,0
2023-07-12 17:45,201,75,126,0,0,0
2023-07-12 18:00,153,84,69,0,0,0
2023-07-12 18:15,145,62,83,0,0,0
2023-07-12 18:30,149,82,67,0,0,0
2023-07-12 18:45,162,77,85,0,0,0
2023-07-12 19:00,134,77,57,0,0,0
2023-07-12 19:15,136,75,61,0,0,0
2023-07-12 19:30,134,77,57,0,0,0
2023-07-12 19:45,124,73,51,0,0,0
2023-07-12 20:00,135,76,59,0,0,0
2023-07-12 20:15,88,49,39,0,0,0
2023-07-12 20:30,86,35,51,0,0,0
2023-07-12 20:45,86,51,35,0,0,0
2023-07-12 21:00,87,50,37,0,0,0
2023-07-12 21:15,71,41,30,0,0,0
2023-07-12 21:30,75,36,39,0,0,0
2023-07-12 21:45,78,43,35,0,0,0
2023-07-12 22:00,74,23,51,0,0,0
2023-07-12 22:15,69,20,49,0,0,0
2023-07-12 22:30,54,24,30,0,0,0
2023-07-12 22:45,67,24,43,0,0,0
2023-07-12 23:00,61,21,40,0,0,0
2023-07-12 23:15,59,25,34,0,0,0
2023-07-12 23:30,46,20,26,0,0,0
2023-07-12 23:45,38,12,26,0,0,0
2023-07-13 00:00,45,10,35,0,0,0
2023-07-13 00:15,42,9,33,0,0,0
2023-07-13 00:30,25,4,21,0,0,0
2023-07-13 00:45,21,3,18,0,0,0
2023-07-13 01:00,24,4,20,0,0,0
2023-07-13 01:15,22,4,18,0,0,0
2023-07-13 01:30,13,2,11,0,0,0
2023-07-13 01:45,10,3,7,0,0,0
2023-07-13 02:00,9,2,7,0,0,0
2023-07-13 02:15,7,4,3,0,0,0
2023-07-13 02:30,6,3,3,0,0,0
2023-07-13 02:45,4,3,1,0,0,0
2023-07-13 03:00,9,2,7,0,0,0
2023-07-13 03:15,5,3,2,0,0,0
2023-07-13 03:30,4,3,1,0,0,0
2023-07-13 03:45,0,0,0,0,0,0
2023-07-13 04:00,3,0,3,0,0,0
2023-07-13 04:15,2,1,1,0,0,0
2023-07-13 04:30,7,2,5,0,0,0
2023-07-13 04:45,5,4,1,0,0,0
2023-07-13 05:00,5,3,2,0,0,0
2023-07-13 05:15,18,5,13,0,0,0
2023-07-13 05:30,17,8,9,0,0,0
2023-07-13 05:45,23,10,13,0,0,0
2023-07-13 06:00,33,14,19,0,0,0
2023-07-13 06:15,29,11,18,0,0,0
2023-07-13 06:30,63,26,37,0,0,0
2023-07-13 06:45,83,41,42,0,0,0
2023-07-13 07:00,70,39,31,0,0,0
2023-07-13 07:15,91,54,37,0,0,0
2023-07-13 07:30,118,66,52,0,0,0
2023-07-13 07:45,149,60,89,0,0,0
2023-07-13 08:00,147,84,63,0,0,0
2023-07-13 08:15,127,61,66,0,0,0
2023-07-13 08:30,136,69,67,0,0,0
2023-07-13 08:45,147,66,81,0,0,0
2023-07-13 09:00,112,56,56,0,0,0
2023-07-13 09:15,106,46,60,0,0,0
2023-07-13 09:30,109,39,70,0,0,0
2023-07-13 09:45,118,41,77,0,0,0
2023-07-13 10:00,105,30,75,0,0,0
2023-07-13 10:15,79,35,44,0,0,0
2023-07-13 10:30,90,43,47,0,0,0
2023-07-13 10:45,84,34,50,0,0,0
2023-07-13 11:00,72,26,46,0,0,0
2023-07-13 11:15,85,37,48,0,0,0
2023-07-13 11:30,77,33,44,0,0,0
2023-07-13 11:45,107,47,60,0,0,0
2023-07-13 12:00,123,47,76,0,0,0
2023-07-13 12:15,127,48,79,0,0,0
2023-07-13 12:30,115,56,59,0,0,0
2023-07-13 12:45,120,46,74,0,0,0
2023-07-13 13:00,126,54,72,0,0,0
2023-07-13 13:15,119,62,57,0,0,0
2023-07-13 13:30,138,72,66,0,0,0
2023-07-13 13:45,121,69,52,0,0,0
2023-07-13 14:00,130,62,68,0,0,0
2023-07-13 14:15,129,64,65,0,0,0
2023-07-13 14:30,78,33,45,0,0,0
2023-07-13 14:45,116,48,68,0,0,0
2023-07-13 15:00,82,38,44,0,0,0
2023-07-13 15:15,116,43,73,0,0,0
2023-07-13 15:30,119,51,68,0,0,0
2023-07-13 15:45,112,46,66,0,0,0
2023-07-13 16:00,133,64,69,0,0,0
2023-07-13 16:15,158,61,97,0,0,0
2023-07-13 16:30,154,69,85,0,0,0
2023-07-13 16:45,179,81,98,0,0,0
2023-07-13 17:00,152,66,86,0,0,0
2023-07-13 17:15,157,68,89,0,0,0
2023-07-13 17:30,180,87,93,0,0,0
2023-07-13 17:45,153,78,75,0,0,0
2023-07-13 18:00,162,77,85,0,0,0
2023-07-13 18:15,146,77,69,0,0,0
2023-07-13 18:30,152,65,87,0,0,0
2023-07-13 18:45,113,51,62,0,0,0
2023-07-13 19:00,96,43,53,0,0,0
2023-07-13 19:15,105,50,55,0,0,0
2023-07-13 19:30,96,47,49,0,0,0
2023-07-13 19:45,124,62,62,0,0,0
2023-07-13 20:00,101,48,53,0,0,0
2023-07-13 20:15,90,44,46,0,0,0
2023-07-13 20:30,71,40,31,0,0,0
2023-07-13 20:45,58,27,31,0,0,0
2023-07-13 21:00,61,28,33,0,0,0
2023-07-13 21:15,60,35,25,0,0,0
2023-07-13 21:30,76,39,37,0,0,0
2023-07-13 21:45,66,28,38,0,0,0
2023-07-13 22:00,69,26,43,0,0,0
2023-07-13 22:15,74,27,47,0,0,0
2023-07-13 22:30,57,18,39,0,0,0
2023-07-13 22:45,70,33,37,0,0,0
2023-07-13 23:00,39,13,26,0,0,0
2023-07-13 23:15,38,13,25,0,0,0
2023-07-13 23:30,43,13,30,0,0,0
2023-07-13 23:45,35,7,28,0,0,0
2023-07-14 00:00,37,8,29,0,0,0
2023-07-14 00:15,14,3,11,0,0,0
2023-07-14 00:30,8,4,4,0,0,0
2023-07-14 00:45,15,7,8,0,0,0
2023-07-14 01:00,13,3,10,0,0,0
2023-07-14 01:15,12,1,11,0,0,0
2023-07-14 01:30,3,0,3,0,0,0
2023-07-14 01:45,5,2,3,0,0,0
2023-07-14 02:00,8,2,6,0,0,0
2023-07-14 02:15,6,3,3,0,0,0
2023-07-14 02:30,9,2,7,0,0,0
2023-07-14 02:45,2,1,1,0,0,0
2023-07-14 03:00,1,1,0,0,0,0
2023-07-14 03:15,0,0,0,0,0,0
2023-07-14 03:30,2,2,0,0,0,0
2023-07-14 03:45,2,1,1,0,0,0
2023-07-14 04:00,0,0,0,0,0,0
2023-07-14 04:15,1,0,1,0,0,0
2023-07-14 04:30,5,2,3,0,0,0
2023-07-14 04:45,5,4,1,0,0,0
2023-07-14 05:00,5,4,1,0,0,0
2023-07-14 05:15,7,3,4,0,0,0
2023-07-14 05:30,16,9,7,0,0,0
2023-07-14 05:45,19,12,7,0,0,0
2023-07-14 06:00,34,19,15,0,0,0
2023-07-14 06:15,32,11,21,0,0,0
2023-07-14 06:30,39,17,22,0,0,0
2023-07-14 06:45,56,31,25,0,0,0
2023-07-14 07:00,68,33,35,0,0,0
2023-07-14 07:15,80,41,39,0,0,0
2023-07-14 07:30,94,49,45,0,0,0
2023-07-14 07:45,126,56,70,0,0,0
2023-07-14 08:00,106,50,56,0,0,0
2023-07-14 08:15,106,49,57,0,0,0
2023-07-14 08:30,124,62,62,0,0,0
2023-07-14 08:45,124,55,69,0,0,0
2023-07-14 09:00,103,42,61,0,0,0
2023-07-14 09:15,92,34,58,0,0,0
2023-07-14 09:30,87,29,58,0,0,0
2023-07-14 09:45,114,40,74,0,0,0
2023-07-14 10:00,83,26,57,0,0,0
2023-07-14 10:15,69,28,41,0,0,0
2023-07-14 10:30,85,30,55,0,0,0
2023-07-14 10:45,105,32,73,0,0,0
2023-07-14 11:00,111,31,80,0,0,0
2023-07-14 11:15,95,34,61,0,0,0
2023-07-14 11:30,85,43,42,0,0,0
2023-07-14 11:45,104,46,58,0,0,0
2023-07-14 12:00,118,39,79,0,0,0
2023-07-14 12:15,104,44,60,0,0,0
2023-07-14 12:30,118,46,72,0,0,0
2023-07-14 12:45,113,37,76,0,0,0
2023-07-14 13:00,136,59,77,0,0,0
2023-07-14 13:15,136,62,74,0,0,0
2023-07-14 13:30,128,56,72,0,0,0
2023-07-14 13:45,114,44,70,0,0,0
2023-07-14 14:00,135,56,79,0,0,0
2023-07-14 14:15,113,45,68,0,0,0
2023-07-14 14:30,135,57,78,0,0,0
2023-07-14 14:45,148,62,86,0,0,0
2023-07-14 15:00,125,63,62,0,0,0
2023-07-14 15:15,123,58,65,0,0,0
2023-07-14 15:30,124,59,65,0,0,0
2023-07-14 15:45,113,61,52,0,0,0
2023-07-14 16:00,118,50,68,0,0,0
2023-07-14 16:15,139,66,73,0,0,0
2023-07-14 16:30,136,64,72,0,0,0
2023-07-14 16:45,154,59,95,0,0,0
2023-07-14 17:00,143,64,79,0,0,0
2023-07-14 17:15,157,74,83,0,0,0
2023-07-14 17:30,154,75,79,0,0,0
2023-07-14 17:45,122,68,54,0,0,0
2023-07-14 18:00,132,67,65,0,0,0
2023-07-14 18:15,139,66,73,0,0,0
2023-07-14 18:30,165,83,82,0,0,0
2023-07-14 18:45,179,100,79,0,0,0
2023-07-14 19:00,122,68,54,0,0,0
2023-07-14 19:15,118,61,57,0,0,0
2023-07-14 19:30,111,49,62,0,0,0
2023-07-14 19:45,123,62,61,0,0,0
2023-07-14 20:00,131,74,57,0,0,0
2023-07-14 20:15,98,48,50,0,0,0
2023-07-14 20:30,93,46,47,0,0,0
2023-07-14 20:45,80,39,41,0,0,0
2023-07-14 21:00,91,38,53,0,0,0
2023-07-14 21:15,97,47,50,0,0,0
2023-07-14 21:30,97,41,56,0,0,0
2023-07-14 21:45,95,36,59,0,0,0
2023-07-14 22:00,88,35,53,0,0,0
2023-07-14 22:15,81,36,45,0,0,0
2023-07-14 22:30,89,26,63,0,0,0
2023-07-14 22:45,91,47,44,0,0,0
2023-07-14 23:00,66,41,25,0,0,0
2023-07-14 23:15,66,35,31,0,0,0
2023-07-14 23:30,73,33,40,0,0,0
2023-07-14 23:45,65,30,35,0,0,0
2023-07-15 00:00,75,38,37,0,0,0
2023-07-15 00:15,94,50,44,0,0,0
2023-07-15 00:30,68,44,24,0,0,0
2023-07-15 00:45,49,17,32,0,0,0
2023-07-15 01:00,62,29,33,0,0,0
2023-07-15 01:15,40,16,24,0,0,0
2023-07-15 01:30,46,23,23,0,0,0
2023-07-15 01:45,22,4,18,0,0,0
2023-07-15 02:00,27,16,11,0,0,0
2023-07-15 02:15,30,11,19,0,0,0
2023-07-15 02:30,24,9,15,0,0,0
2023-07-15 02:45,29,14,15,0,0,0
2023-07-15 03:00,36,10,26,0,0,0
2023-07-15 03:15,26,13,13,0,0,0
2023-07-15 03:30,21,2,19,0,0,0
2023-07-15 03:45,25,11,14,0,0,0
2023-07-15 04:00,29,2,27,0,0,0
2023-07-15 04:15,22,11,11,0,0,0
2023-07-15 04:30,16,1,15,0,0,0
2023-07-15 04:45,19,11,8,0,0,0
2023-07-15 05:00,5,2,3,0,0,0
2023-07-15 05:15,13,4,9,0,0,0
2023-07-15 05:30,15,2,13,0,0,0
2023-07-15 05:45,13,3,10,0,0,0
2023-07-15 06:00,5,1,4,0,0,0
2023-07-15 06:15,9,1,8,0,0,0
2023-07-15 06:30,16,6,10,0,0,0
2023-07-15 06:45,7,3,4,0,0,0
2023-07-15 07:00,18,10,8,0,0,0
2023-07-15 07:15,14,5,9,0,0,0
2023-07-15 07:30,27,9,18,0,0,0
2023-07-15 07:45,35,15,20,0,0,0
2023-07-15 08:00,27,8,19,0,0,0
2023-07-15 08:15,27,7,20,0,0,0
2023-07-15 08:30,21,9,12,0,0,0
2023-07-15 08:45,35,9,26,0,0,0
2023-07-15 09:00,41,17,24,0,0,0
2023-07-15 09:15,45,19,26,0,0,0
2023-07-15 09:30,51,21,30,0,0,0
2023-07-15 09:45,87,31,56,0,0,0
2023-07-15 10:00,68,23,45,0,0,0
2023-07-15 10:15,77,36,41,0,0,0
2023-07-15 10:30,76,36,40,0,0,0
2023-07-15 10:45,94,51,43,0,0,0
2023-07-15 11:00,75,37,38,0,0,0
2023-07-15 11:15,87,27,60,0,0,0
2023-07-15 11:30,80,37,43,0,0,0
2023-07-15 11:45,91,46,45,0,0,0
2023-07-15 12:00,113,37,76,0,0,0
2023-07-15 12:15,111,49,62,0,0,0
2023-07-15 12:30,93,46,47,0,0,0
2023-07-15 12:45,78,51,27,0,0,0
2023-07-15 13:00,66,30,36,0,0,0
2023-07-15 13:15,76,31,45,0,0,0
2023-07-15 13:30,73,36,37,0,0,0
2023-07-15 13:45,97,51,46,0,0,0
2023-07-15 14:00,84,36,48,0,0,0
2023-07-15 14:15,79,35,44,0,0,0
2023-07-15 14:30,70,28,42,0,0,0
2023-07-15 14:45,114,56,58,0,0,0
2023-07-15 15:00,93,44,49,0,0,0
2023-07-15 15:15,103,47,56,0,0,0
2023-07-15 15:30,114,37,77,0,0,0
2023-07-15 15:45,85,47,38,0,0,0
2023-07-15 16:00,102,35,67,0,0,0
2023-07-15 16:15,73,26,47,0,0,0
2023-07-15 16:30,71,31,40,0,0,0
2023-07-15 16:45,96,45,51,0,0,0
2023-07-15 17:00,63,21,42,0,0,0
2023-07-15 17:15,105,60,45,0,0,0
2023-07-15 17:30,82,38,44,0,0,0
2023-07-15 17:45,123,63,60,0,0,0
2023-07-15 18:00,84,58,26,0,0,0
2023-07-15 18:15,102,59,43,0,0,0
2023-07-15 18:30,93,50,43,0,0,0
2023-07-15 18:45,104,54,50,0,0,0
2023-07-15 19:00,97,70,27,0,0,0
2023-07-15 19:15,115,64,51,0,0,0
2023-07-15 19:30,86,51,35,0,0,0
2023-07-15 19:45,78,42,36,0,0,0
2023-07-15 20:00,89,44,45,0,0,0
2023-07-15 20:15,74,35,39,0,0,0
2023-07-15 20:30,88,36,52,0,0,0
2023-07-15 20:45,81,34,47,0,0,0
2023-07-15 21:00,85,36,49,0,0,0
2023-07-15 21:15,86,33,53,0,0,0
2023-07-15 21:30,78,37,41,0,0,0
2023-07-15 21:45,59,35,24,0,0,0
2023-07-15 22:00,57,30,27,0,0,0
2023-07-15 22:15,50,24,26,0,0,0
2023-07-15 22:30,71,29,42,0,0,0
2023-07-15 22:45,68,14,54,0,0,0
2023-07-15 23:00,39,17,22,0,0,0
2023-07-15 23:15,51,13,38,0,0,0
2023-07-15 23:30,82,20,62,0,0,0
2023-07-15 23:45,38,17,21,0,0,0
2023-07-16 00:00,59,24,35,0,0,0
2023-07-16 00:15,58,31,27,0,0,0
2023-07-16 00:30,60,20,40,0,0,0
2023-07-16 00:45,48,18,30,0,0,0
2023-07-16 01:00,52,19,33,0,0,0
2023-07-16 01:15,26,17,9,0,0,0
2023-07-16 01:30,18,4,14,0,0,0
2023-07-16 01:45,27,4,23,0,0,0
2023-07-16 02:00,19,8,11,0,0,0
2023-07-16 02:15,37,18,19,0,0,0
2023-07-16 02:30,22,9,13,0,0,0
2023-07-16 02:45,27,4,23,0,0,0
2023-07-16 03:00,15,1,14,0,0,0
2023-07-16 03:15,20,3,17,0,0,0
2023-07-16 03:30,16,2,14,0,0,0
2023-07-16 03:45,20,4,16,0,0,0
2023-07-16 04:00,23,1,22,0,0,0
2023-07-16 04:15,9,2,7,0,0,0
2023-07-16 04:30,16,3,13,0,0,0
2023-07-16 04:45,8,2,6,0,0,0
2023-07-16 05:00,6,3,3,0,0,0
2023-07-16 05:15,8,1,7,0,0,0
2023-07-16 05:30,5,2,3,0,0,0
2023-07-16 05:45,5,0,5,0,0,0
2023-07-16 06:00,6,1,5,0,0,0
2023-07-16 06:15,3,3,0,0,0,0
2023-07-16 06:30,7,4,3,0,0,0
2023-07-16 06:45,9,2,7,0,0,0
2023-07-16 07:00,7,6,1,0,0,0
2023-07-16 07:15,8,4,4,0,0,0
2023-07-16 07:30,12,6,6,0,0,0
2023-07-16 07:45,13,2,11,0,0,0
2023-07-16 08:00,13,6,7,0,0,0
2023-07-16 08:15,24,12,12,0,0,0
2023-07-16 08:30,17,6,11,0,0,0
2023-07-16 08:45,20,7,13,0,0,0
2023-07-16 09:00,13,7,6,0,0,0
2023-07-16 09:15,31,8,23,0,0,0
2023-07-16 09:30,18,7,11,0,0,0
2023-07-16 09:45,51,10,41,0,0,0
2023-07-16 10:00,46,16,30,0,0,0
2023-07-16 10:15,32,16,16,0,0,0
2023-07-16 10:30,47,20,27,0,0,0
2023-07-16 10:45,52,19,33,0,0,0
2023-07-16 11:00,54,28,26,0,0,0
2023-07-16 11:15,71,32,39,0,0,0
2023-07-16 11:30,76,26,50,0,0,0
2023-07-16 11:45,58,24,34,0,0,0
2023-07-16 12:00,65,30,35,0,0,0
2023-07-16 12:15,59,20,39,0,0,0
2023-07-16 12:30,67,27,40,0,0,0
2023-07-16 12:45,96,50,46,0,0,0
2023-07-16 13:00,97,35,62,0,0,0
2023-07-16 13:15,61,21,40,0,0,0
2023-07-16 13:30,94,43,51,0,0,0
2023-07-16 13:45,88,52,36,0,0,0
2023-07-16 14:00,91,25,66,0,0,0
2023-07-16 14:15,80,40,40,0,0,0
2023-07-16 14:30,67,28,39,0,0,0
2023-07-16 14:45,81,35,46,0,0,0
2023-07-16 15:00,82,36,46,0,0,0
2023-07-16 15:15,92,45,47,0,0,0
2023-07-16 15:30,82,36,46,0,0,0
2023-07-16 15:45,88,43,45,0,0,0
2023-07-16 16:00,103,52,51,0,0,0
2023-07-16 16:15,92,54,38,0,0,0
2023-07-16 16:30,99,42,57,0,0,0
2023-07-16 16:45,108,38,70,0,0,0
2023-07-16 17:00,85,40,45,0,0,0
2023-07-16 17:15,87,53,34,0,0,0
2023-07-16 17:30,108,52,56,0,0,0
2023-07-16 17:45,92,41,51,0,0,0
2023-07-16 18:00,71,26,45,0,0,0
2023-07-16 18:15,101,58,43,0,0,0
2023-07-16 18:30,67,33,34,0,0,0
2023-07-16 18:45,104,58,46,0,0,0
2023-07-16 19:00,92,50,42,0,0,0
2023-07-16 19:15,92,45,47,0,0,0
2023-07-16 19:30,75,29,46,0,0,0
2023-07-16 19:45,80,27,53,0,0,0
2023-07-16 20:00,87,31,56,0,0,0
2023-07-16 20:15,75,36,39,0,0,0
2023-07-16 20:30,91,35,56,0,0,0
2023-07-16 20:45,77,34,43,0,0,0
2023-07-16 21:00,77,30,47,0,0,0
2023-07-16 21:15,48,16,32,0,0,0
2023-07-16 21:30,67,28,39,0,0,0
2023-07-16 21:45,62,19,43,0,0,0
2023-07-16 22:00,41,14,27,0,0,0
2023-07-16 22:15,46,12,34,0,0,0
2023-07-16 22:30,57,19,38,0,0,0
2023-07-16 22:45,28,17,11,0,0,0
2023-07-16 23:00,29,7,22,0,0,0
2023-07-16 23:15,26,8,18,0,0,0
2023-07-16 23:30,31,2,29,0,0,0
2023-07-16 23:45,8,1,7,0,0,0
2023-07-17 00:00,15,5,10,0,0,0
2023-07-17 00:15,11,3,8,0,0,0
2023-07-17 00:30,19,5,14,0,0,0
2023-07-17 00:45,7,0,7,0,0,0
2023-07-17 01:00,8,7,1,0,0,0
2023-07-17 01:15,10,7,3,0,0,0
2023-07-17 01:30,5,2,3,0,0,0
2023-07-17 01:45,3,1,2,0,0,0
2023-07-17 02:00,0,0,0,0,0,0
2023-07-17 02:15,0,0,0,0,0,0
2023-07-17 02:30,2,0,2,0,0,0
2023-07-17 02:45,2,0,2,0,0,0
2023-07-17 03:00,1,0,1,0,0,0
2023-07-17 03:15,0,0,0,0,0,0
2023-07-17 03:30,3,2,1,0,0,0
2023-07-17 03:45,2,0,2,0,0,0
2023-07-17 04:00,1,0,1,0,0,0
2023-07-17 04:15,2,0,2,0,0,0
2023-07-17 04:30,5,2,3,0,0,0
2023-07-17 04:45,7,3,4,0,0,0
2023-07-17 05:00,1,0,1,0,0,0
2023-07-17 05:15,8,6,2,0,0,0
2023-07-17 05:30,15,8,7,0,0,0
2023-07-17 05:45,21,17,4,0,0,0
2023-07-17 06:00,26,9,17,0,0,0
2023-07-17 06:15,36,14,22,0,0,0
2023-07-17 06:30,39,15,24,0,0,0
2023-07-17 06:45,62,34,28,0,0,0
2023-07-17 07:00,79,39,40,0,0,0
2023-07-17 07:15,108,58,50,0,0,0
2023-07-17 07:30,115,59,56,0,0,0
2023-07-17 07:45,130,64,66,0,0,0
2023-07-17 08:00,117,54,63,0,0,0
2023-07-17 08:15,128,68,60,0,0,0
2023-07-17 08:30,121,58,63,0,0,0
2023-07-17 08:45,128,65,63,0,0,0
2023-07-17 09:00,89,36,53,0,0,0
2023-07-17 09:15,88,44,44,0,0,0
2023-07-17 09:30,76,34,42,0,0,0
2023-07-17 09:45,85,32,53,0,0,0
2023-07-17 10:00,68,20,48,0,0,0
2023-07-17 10:15,82,23,59,0,0,0
2023-07-17 10:30,75,36,39,0,0,0
2023-07-17 10:45,75,33,42,0,0,0
2023-07-17 11:00,88,30,58,0,0,0
2023-07-17 11:15,104,46,58,0,0,0
2023-07-17 11:30,95,33,62,0,0,0
2023-07-17 11:45,83,35,48,0,0,0
2023-07-17 12:00,91,42,49,0,0,0
2023-07-17 12:15,116,55,61,0,0,0
2023-07-17 12:30,109,54,55,0,0,0
2023-07-17 12:45,102,50,52,0,0,0
2023-07-17 13:00,79,47,32,0,0,0
2023-07-17 13:15,107,39,68,0,0,0
2023-07-17 13:30,102,54,48,0,0,0
2023-07-17 13:45,118,69,49,0,0,0
2023-07-17 14:00,91,49,42,0,0,0
2023-07-17 14:15,106,43,63,0,0,0
2023-07-17 14:30,109,49,60,0,0,0
2023-07-17 14:45,116,54,62,0,0,0
2023-07-17 15:00,120,53,67,0,0,0
2023-07-17 15:15,112,50,62,0,0,0
2023-07-17 15:30,138,57,81,0,0,0
2023-07-17 15:45,128,61,67,0,0,0
2023-07-17 16:00,115,63,52,0,0,0
2023-07-17 16:15,178,77,101,0,0,0
2023-07-17 16:30,127,62,65,0,0,0
2023-07-17 16:45,158,68,90,0,0,0
2023-07-17 17:00,183,66,117,0,0,0
2023-07-17 17:15,164,75,89,0,0,0
2023-07-17 17:30,201,80,121,0,0,0
2023-07-17 17:45,110,46,64,0,0,0
2023-07-17 18:00,116,58,58,0,0,0
2023-07-17 18:15,94,44,50,0,0,0
2023-07-17 18:30,99,47,52,0,0,0
2023-07-17 18:45,90,44,46,0,0,0
2023-07-17 19:00,72,36,36,0,0,0
2023-07-17 19:15,100,44,56,0,0,0
2023-07-17 19:30,67,32,35,0,0,0
2023-07-17 19:45,110,55,55,0,0,0
2023-07-17 20:00,84,42,42,0,0,0
2023-07-17 20:15,74,25,49,0,0,0
2023-07-17 20:30,72,35,37,0,0,0
2023-07-17 20:45,64,27,37,0,0,0
2023-07-17 21:00,54,32,22,0,0,0
2023-07-17 21:15,62,34,28,0,0,0
2023-07-17 21:30,53,15,38,0,0,0
2023-07-17 21:45,50,20,30,0,0,0
2023-07-17 22:00,56,15,41,0,0,0
2023-07-17 22:15,37,10,27,0,0,0
2023-07-17 22:30,36,16,20,0,0,0
2023-07-17 22:45,36,5,31,0,0,0
2023-07-17 23:00,40,5,35,0,0,0
2023-07-17 23:15,19,12,7,0,0,0
2023-07-17 23:30,27,13,14,0,0,0
2023-07-17 23:45,23,12,11,0,0,0
2023-07-18 00:00,8,3,5,0,0,0
2023-07-18 00:15,16,8,8,0,0,0
2023-07-18 00:30,7,3,4,0,0,0
2023-07-18 00:45,12,5,7,0,0,0
2023-07-18 01:00,5,4,1,0,0,0
2023-07-18 01:15,4,2,2,0,0,0
2023-07-18 01:30,4,2,2,0,0,0
2023-07-18 01:45,8,5,3,0,0,0
2023-07-18 02:00,0,0,0,0,0,0
2023-07-18 02:15,1,1,0,0,0,0
2023-07-18 02:30,5,3,2,0,0,0
2023-07-18 02:45,0,0,0,0,0,0
2023-07-18 03:00,3,0,3,0,0,0
2023-07-18 03:15,0,0,0,0,0,0
2023-07-18 03:30,2,1,1,0,0,0
2023-07-18 03:45,1,0,1,0,0,0
2023-07-18 04:00,2,0,2,0,0,0
2023-07-18 04:15,5,1,4,0,0,0
2023-07-18 04:30,7,5,2,0,0,0
2023-07-18 04:45,4,2,2,0,0,0
2023-07-18 05:00,4,2,2,0,0,0
2023-07-18 05:15,11,8,3,0,0,0
2023-07-18 05:30,20,12,8,0,0,0
2023-07-18 05:45,28,17,11,0,0,0
2023-07-18 06:00,23,12,11,0,0,0
2023-07-18 06:15,34,19,15,0,0,0
2023-07-18 06:30,63,28,35,0,0,0
2023-07-18 06:45,71,35,36,0,0,0
2023-07-18 07:00,104,49,55,0,0,0
2023-07-18 07:15,95,45,50,0,0,0
2023-07-18 07:30,112,55,57,0,0,0
2023-07-18 07:45,145,70,75,0,0,0
2023-07-18 08:00,127,63,64,0,0,0
2023-07-18 08:15,126,72,54,0,0,0
2023-07-18 08:30,155,78,77,0,0,0
2023-07-18 08:45,126,50,76,0,0,0
2023-07-18 09:00,102,43,59,0,0,0
2023-07-18 09:15,91,45,46,0,0,0
2023-07-18 09:30,74,28,46,0,0,0
2023-07-18 09:45,83,31,52,0,0,0
2023-07-18 10:00,87,30,57,0,0,0
2023-07-18 10:15,83,39,44,0,0,0
2023-07-18 10:30,68,26,42,0,0,0
2023-07-18 10:45,86,37,49,0,0,0
2023-07-18 11:00,81,44,37,0,0,0
2023-07-18 11:15,91,42,49,0,0,0
2023-07-18 11:30,89,31,58,0,0,0
2023-07-18 11:45,105,49,56,0,0,0
2023-07-18 12:00,115,47,68,0,0,0
2023-07-18 12:15,122,56,66,0,0,0
2023-07-18 12:30,94,52,42,0,0,0
2023-07-18 12:45,119,56,63,0,0,0
2023-07-18 13:00,135,61,74,0,0,0
2023-07-18 13:15,119,61,58,0,0,0
2023-07-18 13:30,114,49,65,0,0,0
2023-07-18 13:45,119,70,49,0,0,0
2023-07-18 14:00,114,59,55,0,0,0
2023-07-18 14:15,114,65,49,0,0,0
2023-07-18 14:30,105,55,50,0,0,0
2023-07-18 14:45,103,43,60,0,0,0
2023-07-18 15:00,115,43,72,0,0,0
2023-07-18 15:15,121,62,59,0,0,0
2023-07-18 15:30,125,57,68,0,0,0
2023-07-18 15:45,124,58,66,0,0,0
2023-07-18 16:00,157,73,84,0,0,0
2023-07-18 16:15,203,108,95,0,0,0
2023-07-18 16:30,160,73,87,0,0,0
2023-07-18 16:45,168,74,94,0,0,0
2023-07-18 17:00,186,73,113,0,0,0
2023-07-18 17:15,183,80,103,0,0,0
2023-07-18 17:30,167,64,103,0,0,0
2023-07-18 17:45,181,105,76,0,0,0
2023-07-18 18:00,154,82,72,0,0,0
2023-07-18 18:15,158,83,75,0,0,0
2023-07-18 18:30,182,98,84,0,0,0
2023-07-18 18:45,161,84,77,0,0,0
2023-07-18 19:00,157,91,66,0,0,0
2023-07-18 19:15,124,82,42,0,0,0
2023-07-18 19:30,118,66,52,0,0,0
2023-07-18 19:45,121,70,51,0,0,0
2023-07-18 20:00,106,57,49,0,0,0
2023-07-18 20:15,89,43,46,0,0,0
2023-07-18 20:30,89,36,53,0,0,0
2023-07-18 20:45,71,26,45,0,0,0
2023-07-18 21:00,70,30,40,0,0,0
2023-07-18 21:15,86,32,54,0,0,0
2023-07-18 21:30,56,22,34,0,0,0
2023-07-18 21:45,44,15,29,0,0,0
2023-07-18 22:00,56,21,35,0,0,0
2023-07-18 22:15,65,27,38,0,0,0
2023-07-18 22:30,61,23,38,0,0,0
2023-07-18 22:45,39,15,24,0,0,0
2023-07-18 23:00,39,13,26,0,0,0
2023-07-18 23:15,29,12,17,0,0,0
2023-07-18 23:30,42,11,31,0,0,0
2023-07-18 23:45,25,10,15,0,0,0
2023-07-19 00:00,20,5,15,0,0,0
2023-07-19 00:15,23,7,16,0,0,0
2023-07-19 00:30,15,6,9,0,0,0
2023-07-19 00:45,10,3,7,0,0,0
2023-07-19 01:00,10,3,7,0,0,0
2023-07-19 01:15,15,4,11,0,0,0
2023-07-19 01:30,9,3,6,0,0,0
2023-07-19 01:45,9,7,2,0,0,0
2023-07-19 02:00,3,1,2,0,0,0
2023-07-19 02:15,6,2,4,0,0,0
2023-07-19 02:30,2,1,1,0,0,0
2023-07-19 02:45,4,3,1,0,0,0
2023-07-19 03:00,4,3,1,0,0,0
2023-07-19 03:15,5,2,3,0,0,0
2023-07-19 03:30,3,1,2,0,0,0
2023-07-19 03:45,2,0,2,0,0,0
2023-07-19 04:00,1,0,1,0,0,0
2023-07-19 04:15,2,0,2,0,0,0
2023-07-19 04:30,3,2,1,0,0,0
2023-07-19 04:45,4,2,2,0,0,0
2023-07-19 05:00,3,3,0,0,0,0
2023-07-19 05:15,16,6,10,0,0,0
2023-07-19 05:30,20,12,8,0,0,0
2023-07-19 05:45,26,13,13,0,0,0
2023-07-19 06:00,26,8,18,0,0,0
2023-07-19 06:15,41,19,22,0,0,0
2023-07-19 06:30,51,25,26,0,0,0
2023-07-19 06:45,65,37,28,0,0,0
2023-07-19 07:00,86,43,43,0,0,0
2023-07-19 07:15,88,43,45,0,0,0
2023-07-19 07:30,116,50,66,0,0,0
2023-07-19 07:45,141,71,70,0,0,0
2023-07-19 08:00,151,75,76,0,0,0
2023-07-19 08:15,123,63,60,0,0,0
2023-07-19 08:30,127,75,52,0,0,0
2023-07-19 08:45,139,62,77,0,0,0
2023-07-19 09:00,91,32,59,0,0,0
2023-07-19 09:15,109,44,65,0,0,0
2023-07-19 09:30,86,39,47,0,0,0
2023-07-19 09:45,102,43,59,0,0,0
2023-07-19 10:00,90,36,54,0,0,0
2023-07-19 10:15,94,44,50,0,0,0
2023-07-19 10:30,74,36,38,0,0,0
2023-07-19 10:45,131,54,77,0,0,0
2023-07-19 11:00,96,33,63,0,0,0
2023-07-19 11:15,104,39,65,0,0,0
2023-07-19 11:30,107,28,79,0,0,0
2023-07-19 11:45,112,46,66,0,0,0
2023-07-19 12:00,119,28,91,0,0,0
2023-07-19 12:15,95,41,54,0,0,0
2023-07-19 12:30,117,63,54,0,0,0
2023-07-19 12:45,101,50,51,0,0,0
2023-07-19 13:00,97,40,57,0,0,0
2023-07-19 13:15,117,63,54,0,0,0
2023-07-19 13:30,103,55,48,0,0,0
2023-07-19 13:45,127,65,62,0,0,0
2023-07-19 14:00,104,50,54,0,0,0
2023-07-19 14:15,115,60,55,0,0,0
2023-07-19 14:30,105,55,50,0,0,0
2023-07-19 14:45,111,58,53,0,0,0
2023-07-19 15:00,108,45,63,0,0,0
2023-07-19 15:15,104,43,61,0,0,0
2023-07-19 15:30,142,54,88,0,0,0
2023-07-19 15:45,156,75,81,0,0,0
2023-07-19 16:00,154,91,63,0,0,0
2023-07-19 16:15,132,59,73,0,0,0
2023-07-19 16:30,176,66,110,0,0,0
2023-07-19 16:45,173,66,107,0,0,0
2023-07-19 17:00,150,62,88,0,0,0
2023-07-19 17:15,170,72,98,0,0,0
2023-07-19 17:30,161,72,89,0,0,0
2023-07-19 17:45,170,78,92,0,0,0
2023-07-19 18:00,131,59,72,0,0,0
2023-07-19 18:15,126,61,65,0,0,0
2023-07-19 18:30,121,59,62,0,0,0
2023-07-19 18:45,124,54,70,0,0,0
2023-07-19 19:00,137,75,62,0,0,0
2023-07-19 19:15,113,58,55,0,0,0
2023-07-19 19:30,95,50,45,0,0,0
2023-07-19 19:45,116,63,53,0,0,0
2023-07-19 20:00,96,52,44,0,0,0
2023-07-19 20:15,74,29,45,0,0,0
2023-07-19 20:30,86,42,44,0,0,0
2023-07-19 20:45,56,24,32,0,0,0
2023-07-19 21:00,76,36,40,0,0,0
2023-07-19 21:15,50,18,32,0,0,0
2023-07-19 21:30,63,26,37,0,0,0
2023-07-19 21:45,55,19,36,0,0,0
2023-07-19 22:00,60,34,26,0,0,0
2023-07-19 22:15,75,34,41,0,0,0
2023-07-19 22:30,48,11,37,0,0,0
2023-07-19 22:45,50,14,36,0,0,0
2023-07-19 23:00,46,25,21,0,0,0
2023-07-19 23:15,37,13,24,0,0,0
2023-07-19 23:30,52,25,27,0,0,0
2023-07-19 23:45,22,9,13,0,0,0
2023-07-20 00:00,21,8,13,0,0,0
2023-07-20 00:15,21,6,15,0,0,0
2023-07-20 00:30,13,6,7,0,0,0
2023-07-20 00:45,5,0,5,0,0,0
2023-07-20 01:00,15,11,4,0,0,0
2023-07-20 01:15,8,4,4,0,0,0
2023-07-20 01:30,11,4,7,0,0,0
2023-07-20 01:45,6,1,5,0,0,0
2023-07-20 02:00,11,3,8,0,0,0
2023-07-20 02:15,7,2,5,0,0,0
2023-07-20 02:30,8,5,3,0,0,0
2023-07-20 02:45,9,1,8,0,0,0
2023-07-20 03:00,2,1,1,0,0,0
2023-07-20 03:15,8,4,4,0,0,0
2023-07-20 03:30,3,2,1,0,0,0
2023-07-20 03:45,4,2,2,0,0,0
2023-07-20 04:00,2,1,1,0,0,0
2023-07-20 04:15,4,1,3,0,0,0
2023-07-20 04:30,1,0,1,0,0,0
2023-07-20 04:45,7,2,5,0,0,0
2023-07-20 05:00,3,2,1,0,0,0
2023-07-20 05:15,7,5,2,0,0,0
2023-07-20 05:30,12,9,3,0,0,0
2023-07-20 05:45,30,14,16,0,0,0
2023-07-20 06:00,24,10,14,0,0,0
2023-07-20 06:15,42,19,23,0,0,0
2023-07-20 06:30,70,35,35,0,0,0
2023-07-20 06:45,49,22,27,0,0,0
2023-07-20 07:00,72,38,34,0,0,0
2023-07-20 07:15,69,38,31,0,0,0
2023-07-20 07:30,96,49,47,0,0,0
2023-07-20 07:45,111,54,57,0,0,0
2023-07-20 08:00,98,57,41,0,0,0
2023-07-20 08:15,109,57,52,0,0,0
2023-07-20 08:30,132,56,76,0,0,0
2023-07-20 08:45,122,51,71,0,0,0
2023-07-20 09:00,99,49,50,0,0,0
2023-07-20 09:15,85,42,43,0,0,0
2023-07-20 09:30,65,26,39,0,0,0
2023-07-20 09:45,92,40,52,0,0,0
2023-07-20 10:00,54,12,42,0,0,0
2023-07-20 10:15,86,43,43,0,0,0
2023-07-20 10:30,71,25,46,0,0,0
2023-07-20 10:45,105,34,71,0,0,0
2023-07-20 11:00,74,43,31,0,0,0
2023-07-20 11:15,63,25,38,0,0,0
2023-07-20 11:30,83,32,51,0,0,0
2023-07-20 11:45,87,40,47,0,0,0
2023-07-20 12:00,107,41,66,0,0,0
2023-07-20 12:15,105,46,59,0,0,0
2023-07-20 12:30,87,35,52,0,0,0
2023-07-20 12:45,108,41,67,0,0,0
2023-07-20 13:00,124,58,66,0,0,0
2023-07-20 13:15,119,57,62,0,0,0
2023-07-20 13:30,105,52,53,0,0,0
2023-07-20 13:45,112,48,64,0,0,0
2023-07-20 14:00,112,51,61,0,0,0
2023-07-20 14:15,107,65,42,0,0,0
2023-07-20 14:30,124,66,58,0,0,0
2023-07-20 14:45,104,62,42,0,0,0
2023-07-20 15:00,121,57,64,0,0,0
2023-07-20 15:15,97,48,49,0,0,0
2023-07-20 15:30,110,37,73,0,0,0
2023-07-20 15:45,148,65,83,0,0,0
2023-07-20 16:00,145,52,93,0,0,0
2023-07-20 16:15,175,86,89,0,0,0
2023-07-20 16:30,165,73,92,0,0,0
2023-07-20 16:45,181,106,75,0,0,0
2023-07-20 17:00,182,93,89,0,0,0
2023-07-20 17:15,183,83,100,0,0,0
2023-07-20 17:30,163,60,103,0,0,0
2023-07-20 17:45,161,82,79,0,0,0
2023-07-20 18:00,175,116,59,0,0,0
2023-07-20 18:15,154,75,79,0,0,0
2023-07-20 18:30,134,71,63,0,0,0
2023-07-20 18:45,154,80,74,0,0,0
2023-07-20 19:00,151,95,56,0,0,0
2023-07-20 19:15,144,82,62,0,0,0
2023-07-20 19:30,116,52,64,0,0,0
2023-07-20 19:45,110,54,56,0,0,0
2023-07-20 20:00,84,43,41,0,0,0
2023-07-20 20:15,92,39,53,0,0,0
2023-07-20 20:30,104,58,46,0,0,0
2023-07-20 20:45,99,41,58,0,0,0
2023-07-20 21:00,60,36,24,0,0,0
2023-07-20 21:15,85,40,45,0,0,0
2023-07-20 21:30,62,22,40,0,0,0
2023-07-20 21:45,77,32,45,0,0,0
2023-07-20 22:00,74,24,50,0,0,0
2023-07-20 22:15,50,23,27,0,0,0
2023-07-20 22:30,70,33,37,0,0,0
2023-07-20 22:45,78,23,55,0,0,0
2023-07-20 23:00,41,18,23,0,0,0
2023-07-20 23:15,34,18,16,0,0,0
2023-07-20 23:30,49,8,41,0,0,0
2023-07-20 23:45,39,10,29,0,0,0
2023-07-21 00:00,82,30,52,0,0,0
2023-07-21 00:15,19,8,11,0,0,0
2023-07-21 00:30,26,10,16,0,0,0
2023-07-21 00:45,14,1,13,0,0,0
2023-07-21 01:00,16,6,10,0,0,0
2023-07-21 01:15,15,5,10,0,0,0
2023-07-21 01:30,23,0,23,0,0,0
2023-07-21 01:45,16,2,14,0,0,0
2023-07-21 02:00,7,3,4,0,0,0
2023-07-21 02:15,6,2,4,0,0,0
2023-07-21 02:30,8,5,3,0,0,0
2023-07-21 02:45,5,1,4,0,0,0
2023-07-21 03:00,4,3,1,0,0,0
2023-07-21 03:15,4,0,4,0,0,0
2023-07-21 03:30,7,6,1,0,0,0
2023-07-21 03:45,1,0,1,0,0,0
2023-07-21 04:00,0,0,0,0,0,0
2023-07-21 04:15,2,1,1,0,0,0
2023-07-21 04:30,2,1,1,0,0,0
2023-07-21 04:45,4,1,3,0,0,0
2023-07-21 05:00,3,2,1,0,0,0
2023-07-21 05:15,14,5,9,0,0,0
2023-07-21 05:30,11,6,5,0,0,0
2023-07-21 05:45,24,13,11,0,0,0
2023-07-21 06:00,26,14,12,0,0,0
2023-07-21 06:15,30,17,13,0,0,0
2023-07-21 06:30,50,19,31,0,0,0
2023-07-21 06:45,62,41,21,0,0,0
2023-07-21 07:00,62,31,31,0,0,0
2023-07-21 07:15,74,28,46,0,0,0
2023-07-21 07:30,87,36,51,0,0,0
2023-07-21 07:45,118,62,56,0,0,0
2023-07-21 08:00,86,45,41,0,0,0
2023-07-21 08:15,108,60,48,0,0,0
2023-07-21 08:30,105,49,56,0,0,0
2023-07-21 08:45,108,42,66,0,0,0
2023-07-21 09:00,92,45,47,0,0,0
2023-07-21 09:15,69,25,44,0,0,0
2023-07-21 09:30,92,36,56,0,0,0
2023-07-21 09:45,85,37,48,0,0,0
2023-07-21 10:00,74,33,41,0,0,0
2023-07-21 10:15,65,28,37,0,0,0
2023-07-21 10:30,81,37,44,0,0,0
2023-07-21 10:45,96,48,48,0,0,0
2023-07-21 11:00,112,47,65,0,0,0
2023-07-21 11:15,78,30,48,0,0,0
2023-07-21 11:30,76,36,40,0,0,0
2023-07-21 11:45,95,46,49,0,0,0
2023-07-21 12:00,97,39,58,0,0,0
2023-07-21 12:15,120,45,75,0,0,0
2023-07-21 12:30,120,44,76,0,0,0
2023-07-21 12:45,130,57,73,0,0,0
2023-07-21 13:00,111,65,46,0,0,0
2023-07-21 13:15,112,42,70,0,0,0
2023-07-21 13:30,122,62,60,0,0,0
2023-07-21 13:45,74,27,47,0,0,0
2023-07-21 14:00,97,35,62,0,0,0
2023-07-21 14:15,116,54,62,0,0,0
2023-07-21 14:30,85,39,46,0,0,0
2023-07-21 14:45,129,53,76,0,0,0
2023-07-21 15:00,119,49,70,0,0,0
2023-07-21 15:15,97,43,54,0,0,0
2023-07-21 15:30,118,63,55,0,0,0
2023-07-21 15:45,112,38,74,0,0,0
2023-07-21 16:00,132,61,71,0,0,0
2023-07-21 16:15,142,54,88,0,0,0
2023-07-21 16:30,79,33,46,0,0,0
2023-07-21 16:45,86,35,51,0,0,0
2023-07-21 17:00,54,19,35,0,0,0
2023-07-21 17:15,76,30,46,0,0,0
2023-07-21 17:30,108,51,57,0,0,0
2023-07-21 17:45,117,52,65,0,0,0
2023-07-21 18:00,114,58,56,0,0,0
2023-07-21 18:15,110,66,44,0,0,0
2023-07-21 18:30,106,50,56,0,0,0
2023-07-21 18:45,106,57,49,0,0,0
2023-07-21 19:00,120,65,55,0,0,0
2023-07-21 19:15,120,52,68,0,0,0
2023-07-21 19:30,112,62,50,0,0,0
2023-07-21 19:45,104,66,38,0,0,0
2023-07-21 20:00,82,36,46,0,0,0
2023-07-21 20:15,68,41,27,0,0,0
2023-07-21 20:30,77,37,40,0,0,0
2023-07-21 20:45,63,32,31,0,0,0
2023-07-21 21:00,87,42,45,0,0,0
2023-07-21 21:15,54,19,35,0,0,0
2023-07-21 21:30,54,22,32,0,0,0
2023-07-21 21:45,61,26,35,0,0,0
2023-07-21 22:00,74,21,53,0,0,0
2023-07-21 22:15,79,32,47,0,0,0
2023-07-21 22:30,57,19,38,0,0,0
2023-07-21 22:45,43,20,23,0,0,0
2023-07-21 23:00,54,20,34,0,0,0
2023-07-21 23:15,44,12,32,0,0,0
2023-07-21 23:30,94,34,60,0,0,0
2023-07-21 23:45,49,16,33,0,0,0
2023-07-22 00:00,44,30,14,0,0,0
2023-07-22 00:15,46,21,25,0,0,0
2023-07-22 00:30,52,26,26,0,0,0
2023-07-22 00:45,58,22,36,0,0,0
2023-07-22 01:00,32,12,20,0,0,0
2023-07-22 01:15,44,26,18,0,0,0
2023-07-22 01:30,33,5,28,0,0,0
2023-07-22 01:45,34,15,19,0,0,0
2023-07-22 02:00,39,17,22,0,0,0
2023-07-22 02:15,14,8,6,0,0,0
2023-07-22 02:30,25,4,21,0,0,0
2023-07-22 02:45,21,2,19,0,0,0
2023-07-22 03:00,35,9,26,0,0,0
2023-07-22 03:15,17,1,16,0,0,0
2023-07-22 03:30,17,1,16,0,0,0
2023-07-22 03:45,18,3,15,0,0,0
2023-07-22 04:00,5,1,4,0,0,0
2023-07-22 04:15,15,0,15,0,0,0
2023-07-22 04:30,37,3,34,0,0,0
2023-07-22 04:45,22,4,18,0,0,0
2023-07-22 05:00,3,0,3,0,0,0
2023-07-22 05:15,14,4,10,0,0,0
2023-07-22 05:30,14,5,9,0,0,0
2023-07-22 05:45,8,1,7,0,0,0
2023-07-22 06:00,4,0,4,0,0,0
2023-07-22 06:15,1,1,0,0,0,0
2023-07-22 06:30,9,4,5,0,0,0
2023-07-22 06:45,10,7,3,0,0,0
2023-07-22 07:00,15,6,9,0,0,0
2023-07-22 07:15,10,4,6,0,0,0
2023-07-22 07:30,16,5,11,0,0,0
2023-07-22 07:45,22,6,16,0,0,0
2023-07-22 08:00,19,10,9,0,0,0
2023-07-22 08:15,17,5,12,0,0,0
2023-07-22 08:30,29,9,20,0,0,0
2023-07-22 08:45,42,11,31,0,0,0
2023-07-22 09:00,30,14,16,0,0,0
2023-07-22 09:15,52,14,38,0,0,0
2023-07-22 09:30,37,11,26,0,0,0
2023-07-22 09:45,85,37,48,0,0,0
2023-07-22 10:00,62,26,36,0,0,0
2023-07-22 10:15,69,22,47,0,0,0
2023-07-22 10:30,58,30,28,0,0,0
2023-07-22 10:45,79,35,44,0,0,0
2023-07-22 11:00,59,17,42,0,0,0
2023-07-22 11:15,66,28,38,0,0,0
2023-07-22 11:30,95,40,55,0,0,0
2023-07-22 11:45,85,35,50,0,0,0
2023-07-22 12:00,93,51,42,0,0,0
2023-07-22 12:15,94,50,44,0,0,0
2023-07-22 12:30,83,34,49,0,0,0
2023-07-22 12:45,76,39,37,0,0,0
2023-07-22 13:00,94,40,54,0,0,0
2023-07-22 13:15,98,40,58,0,0,0
2023-07-22 13:30,110,47,63,0,0,0
2023-07-22 13:45,116,48,68,0,0,0
2023-07-22 14:00,84,41,43,0,0,0
2023-07-22 14:15,76,42,34,0,0,0
2023-07-22 14:30,64,32,32,0,0,0
2023-07-22 14:45,91,48,43,0,0,0
2023-07-22 15:00,88,40,48,0,0,0
2023-07-22 15:15,110,57,53,0,0,0
2023-07-22 15:30,119,59,60,0,0,0
2023-07-22 15:45,116,53,63,0,0,0
2023-07-22 16:00,92,52,40,0,0,0
2023-07-22 16:15,80,38,42,0,0,0
2023-07-22 16:30,79,40,39,0,0,0
2023-07-22 16:45,101,61,40,0,0,0
2023-07-22 17:00,102,54,48,0,0,0
2023-07-22 17:15,99,41,58,0,0,0
2023-07-22 17:30,101,51,50,0,0,0
2023-07-22 17:45,96,50,46,0,0,0
2023-07-22 18:00,87,45,42,0,0,0
2023-07-22 18:15,91,38,53,0,0,0
2023-07-22 18:30,91,42,49,0,0,0
2023-07-22 18:45,99,49,50,0,0,0
2023-07-22 19:00,91,51,40,0,0,0
2023-07-22 19:15,119,59,60,0,0,0
2023-07-22 19:30,71,36,35,0,0,0
2023-07-22 19:45,99,58,41,0,0,0
2023-07-22 20:00,96,57,39,0,0,0
2023-07-22 20:15,92,50,42,0,0,0
2023-07-22 20:30,74,29,45,0,0,0
2023-07-22 20:45,72,34,38,0,0,0
2023-07-22 21:00,69,29,40,0,0,0
2023-07-22 21:15,47,24,23,0,0,0
2023-07-22 21:30,83,25,58,0,0,0
2023-07-22 21:45,63,26,37,0,0,0
2023-07-22 22:00,56,30,26,0,0,0
2023-07-22 22:15,60,21,39,0,0,0
2023-07-22 22:30,64,33,31,0,0,0
2023-07-22 22:45,51,15,36,0,0,0
2023-07-22 23:00,47,20,27,0,0,0
2023-07-22 23:15,25,8,17,0,0,0
2023-07-22 23:30,51,14,37,0,0,0
2023-07-22 23:45,32,14,18,0,0,0
2023-07-23 00:00,40,17,23,0,0,0
2023-07-23 00:15,52,29,23,0,0,0
2023-07-23 00:30,36,21,15,0,0,0
2023-07-23 00:45,23,11,12,0,0,0
2023-07-23 01:00,40,22,18,0,0,0
2023-07-23 01:15,32,13,19,0,0,0
2023-07-23 01:30,30,10,20,0,0,0
2023-07-23 01:45,22,15,7,0,0,0
2023-07-23 02:00,24,8,16,0,0,0
2023-07-23 02:15,18,9,9,0,0,0
2023-07-23 02:30,30,10,20,0,0,0
2023-07-23 02:45,24,0,24,0,0,0
2023-07-23 03:00,14,7,7,0,0,0
2023-07-23 03:15,23,3,20,0,0,0
2023-07-23 03:30,25,2,23,0,0,0
2023-07-23 03:45,13,4,9,0,0,0
2023-07-23 04:00,10,3,7,0,0,0
2023-07-23 04:15,14,2,12,0,0,0
2023-07-23 04:30,15,0,15,0,0,0
2023-07-23 04:45,18,1,17,0,0,0
2023-07-23 05:00,10,2,8,0,0,0
2023-07-23 05:15,13,2,11,0,0,0
2023-07-23 05:30,14,4,10,0,0,0
2023-07-23 05:45,15,2,13,0,0,0
2023-07-23 06:00,8,1,7,0,0,0
2023-07-23 06:15,10,0,10,0,0,0
2023-07-23 06:30,11,6,5,0,0,0
2023-07-23 06:45,11,4,7,0,0,0
2023-07-23 07:00,5,1,4,0,0,0
2023-07-23 07:15,6,3,3,0,0,0
2023-07-23 07:30,8,3,5,0,0,0
2023-07-23 07:45,13,1,12,0,0,0
2023-07-23 08:00,9,1,8,0,0,0
2023-07-23 08:15,11,5,6,0,0,0
2023-07-23 08:30,9,3,6,0,0,0
2023-07-23 08:45,14,6,8,0,0,0
2023-07-23 09:00,21,10,11,0,0,0
2023-07-23 09:15,12,4,8,0,0,0
2023-07-23 09:30,27,18,9,0,0,0
2023-07-23 09:45,46,17,29,0,0,0
2023-07-23 10:00,30,12,18,0,0,0
2023-07-23 10:15,30,14,16,0,0,0
2023-07-23 10:30,42,15,27,0,0,0
2023-07-23 10:45,48,24,24,0,0,0
2023-07-23 11:00,57,24,33,0,0,0
2023-07-23 11:15,54,18,36,0,0,0
2023-07-23 11:30,33,9,24,0,0,0
2023-07-23 11:45,41,19,22,0,0,0
2023-07-23 12:00,60,20,40,0,0,0
2023-07-23 12:15,47,18,29,0,0,0
2023-07-23 12:30,55,25,30,0,0,0
2023-07-23 12:45,44,19,25,0,0,0
2023-07-23 13:00,44,18,26,0,0,0
2023-07-23 13:15,47,18,29,0,0,0
2023-07-23 13:30,53,19,34,0,0,0
2023-07-23 13:45,52,27,25,0,0,0
2023-07-23 14:00,74,39,35,0,0,0
2023-07-23 14:15,46,15,31,0,0,0
2023-07-23 14:30,31,12,19,0,0,0
2023-07-23 14:45,69,39,30,0,0,0
2023-07-23 15:00,50,12,38,0,0,0
2023-07-23 15:15,48,15,33,0,0,0
2023-07-23 15:30,47,15,32,0,0,0
2023-07-23 15:45,55,32,23,0,0,0
2023-07-23 16:00,57,26,31,0,0,0
2023-07-23 16:15,62,35,27,0,0,0
2023-07-23 16:30,77,27,50,0,0,0
2023-07-23 16:45,68,36,32,0,0,0
2023-07-23 17:00,53,25,28,0,0,0
2023-07-23 17:15,89,46,43,0,0,0
2023-07-23 17:30,59,22,37,0,0,0
2023-07-23 17:45,69,26,43,0,0,0
2023-07-23 18:00,70,34,36,0,0,0
2023-07-23 18:15,63,25,38,0,0,0
2023-07-23 18:30,70,29,41,0,0,0
2023-07-23 18:45,96,51,45,0,0,0
2023-07-23 19:00,50,25,25,0,0,0
2023-07-23 19:15,62,26,36,0,0,0
2023-07-23 19:30,70,32,38,0,0,0
2023-07-23 19:45,81,40,41,0,0,0
2023-07-23 20:00,77,31,46,0,0,0
2023-07-23 20:15,51,15,36,0,0,0
2023-07-23 20:30,53,20,33,0,0,0
2023-07-23 20:45,34,19,15,0,0,0
2023-07-23 21:00,33,12,21,0,0,0
2023-07-23 21:15,32,18,14,0,0,0
2023-07-23 21:30,56,14,42,0,0,0
2023-07-23 21:45,49,21,28,0,0,0
2023-07-23 22:00,26,6,20,0,0,0
2023-07-23 22:15,38,13,25,0,0,0
2023-07-23 22:30,28,3,25,0,0,0
2023-07-23 22:45,20,6,14,0,0,0
2023-07-23 23:00,48,4,44,0,0,0
2023-07-23 23:15,21,6,15,0,0,0
2023-07-23 23:30,25,1,24,0,0,0
2023-07-23 23:45,14,2,12,0,0,0
2023-07-24 00:00,20,7,13,0,0,0
2023-07-24 00:15,8,3,5,0,0,0
2023-07-24 00:30,6,4,2,0,0,0
2023-07-24 00:45,14,11,3,0,0,0
2023-07-24 01:00,5,1,4,0,0,0
2023-07-24 01:15,9,1,8,0,0,0
2023-07-24 01:30,4,2,2,0,0,0
2023-07-24 01:45,4,1,3,0,0,0
2023-07-24 02:00,10,1,9,0,0,0
2023-07-24 02:15,10,0,10,0,0,0
2023-07-24 02:30,8,1,7,0,0,0
2023-07-24 02:45,6,1,5,0,0,0
2023-07-24 03:00,5,1,4,0,0,0
2023-07-24 03:15,5,3,2,0,0,0
2023-07-24 03:30,7,4,3,0,0,0
2023-07-24 03:45,1,0,1,0,0,0
2023-07-24 04:00,15,4,11,0,0,0
2023-07-24 04:15,5,0,5,0,0,0
2023-07-24 04:30,5,1,4,0,0,0
2023-07-24 04:45,5,1,4,0,0,0
2023-07-24 05:00,4,0,4,0,0,0
2023-07-24 05:15,10,3,7,0,0,0
2023-07-24 05:30,19,9,10,0,0,0
2023-07-24 05:45,20,12,8,0,0,0
2023-07-24 06:00,23,6,17,0,0,0
2023-07-24 06:15,27,12,15,0,0,0
2023-07-24 06:30,40,20,20,0,0,0
2023-07-24 06:45,51,22,29,0,0,0
2023-07-24 07:00,52,22,30,0,0,0
2023-07-24 07:15,53,22,31,0,0,0
2023-07-24 07:30,54,24,30,0,0,0
2023-07-24 07:45,78,39,39,0,0,0
2023-07-24 08:00,82,45,37,0,0,0
2023-07-24 08:15,80,33,47,0,0,0
2023-07-24 08:30,94,31,63,0,0,0
2023-07-24 08:45,69,27,42,0,0,0
2023-07-24 09:00,51,22,29,0,0,0
2023-07-24 09:15,49,21,28,0,0,0
2023-07-24 09:30,53,18,35,0,0,0
2023-07-24 09:45,72,24,48,0,0,0
2023-07-24 10:00,57,15,42,0,0,0
2023-07-24 10:15,66,16,50,0,0,0
2023-07-24 10:30,71,22,49,0,0,0
2023-07-24 10:45,61,19,42,0,0,0
2023-07-24 11:00,70,28,42,0,0,0
2023-07-24 11:15,66,35,31,0,0,0
2023-07-24 11:30,63,21,42,0,0,0
2023-07-24 11:45,63,31,32,0,0,0
2023-07-24 12:00,76,38,38,0,0,0
2023-07-24 12:15,72,28,44,0,0,0
2023-07-24 12:30,91,35,56,0,0,0
2023-07-24 12:45,77,40,37,0,0,0
2023-07-24 13:00,74,33,41,0,0,0
2023-07-24 13:15,86,20,66,0,0,0
2023-07-24 13:30,72,37,35,0,0,0
2023-07-24 13:45,107,54,53,0,0,0
2023-07-24 14:00,106,52,54,0,0,0
2023-07-24 14:15,60,14,46,0,0,0
2023-07-24 14:30,62,22,40,0,0,0
2023-07-24 14:45,42,9,33,0,0,0
2023-07-24 15:00,60,22,38,0,0,0
2023-07-24 15:15,94,29,65,0,0,0
2023-07-24 15:30,78,32,46,0,0,0
2023-07-24 15:45,97,36,61,0,0,0
2023-07-24 16:00,80,38,42,0,0,0
2023-07-24 16:15,91,54,37,0,0,0
2023-07-24 16:30,114,48,66,0,0,0
2023-07-24 16:45,129,45,84,0,0,0
2023-07-24 17:00,141,59,82,0,0,0
2023-07-24 17:15,136,63,73,0,0,0
2023-07-24 17:30,120,45,75,0,0,0
2023-07-24 17:45,132,56,76,0,0,0
2023-07-24 18:00,100,36,64,0,0,0
2023-07-24 18:15,124,38,86,0,0,0
2023-07-24 18:30,106,50,56,0,0,0
2023-07-24 18:45,114,51,63,0,0,0
2023-07-24 19:00,98,41,57,0,0,0
2023-07-24 19:15,110,61,49,0,0,0
2023-07-24 19:30,70,51,19,0,0,0
2023-07-24 19:45,91,37,54,0,0,0
2023-07-24 20:00,87,46,41,0,0,0
2023-07-24 20:15,54,29,25,0,0,0
2023-07-24 20:30,47,21,26,0,0,0
2023-07-24 20:45,46,13,33,0,0,0
2023-07-24 21:00,30,13,17,0,0,0
2023-07-24 21:15,39,17,22,0,0,0
2023-07-24 21:30,40,13,27,0,0,0
2023-07-24 21:45,36,15,21,0,0,0
2023-07-24 22:00,32,12,20,0,0,0
2023-07-24 22:15,38,10,28,0,0,0
2023-07-24 22:30,51,16,35,0,0,0
2023-07-24 22:45,34,13,21,0,0,0
2023-07-24 23:00,35,11,24,0,0,0
2023-07-24 23:15,55,7,48,0,0,0
2023-07-24 23:30,35,5,30,0,0,0
2023-07-24 23:45,13,4,9,0,0,0
2023-07-25 00:00,22,15,7,0,0,0
2023-07-25 00:15,8,4,4,0,0,0
2023-07-25 00:30,10,1,9,0,0,0
2023-07-25 00:45,7,2,5,0,0,0
2023-07-25 01:00,6,1,5,0,0,0
2023-07-25 01:15,7,2,5,0,0,0
2023-07-25 01:30,7,4,3,0,0,0
2023-07-25 01:45,2,2,0,0,0,0
2023-07-25 02:00,0,0,0,0,0,0
2023-07-25 02:15,3,1,2,0,0,0
2023-07-25 02:30,2,1,1,0,0,0
2023-07-25 02:45,2,1,1,0,0,0
2023-07-25 03:00,2,1,1,0,0,0
2023-07-25 03:15,1,0,1,0,0,0
2023-07-25 03:30,4,1,3,0,0,0
2023-07-25 03:45,2,2,0,0,0,0
2023-07-25 04:00,1,0,1,0,0,0
2023-07-25 04:15,4,1,3,0,0,0
2023-07-25 04:30,4,1,3,0,0,0
2023-07-25 04:45,6,3,3,0,0,0
2023-07-25 05:00,2,1,1,0,0,0
2023-07-25 05:15,9,4,5,0,0,0
2023-07-25 05:30,11,6,5,0,0,0
2023-07-25 05:45,26,15,11,0,0,0
2023-07-25 06:00,13,7,6,0,0,0
2023-07-25 06:15,26,18,8,0,0,0
2023-07-25 06:30,43,23,20,0,0,0
2023-07-25 06:45,76,42,34,0,0,0
2023-07-25 07:00,73,41,32,0,0,0
2023-07-25 07:15,99,51,48,0,0,0
2023-07-25 07:30,81,39,42,0,0,0
2023-07-25 07:45,110,64,46,0,0,0
2023-07-25 08:00,126,70,56,0,0,0
2023-07-25 08:15,122,74,48,0,0,0
2023-07-25 08:30,107,64,43,0,0,0
2023-07-25 08:45,103,58,45,0,0,0
2023-07-25 09:00,79,39,40,0,0,0
2023-07-25 09:15,73,35,38,0,0,0
2023-07-25 09:30,85,35,50,0,0,0
2023-07-25 09:45,99,40,59,0,0,0
2023-07-25 10:00,66,26,40,0,0,0
2023-07-25 10:15,72,28,44,0,0,0
2023-07-25 10:30,55,21,34,0,0,0
2023-07-25 10:45,88,32,56,0,0,0
2023-07-25 11:00,83,23,60,0,0,0
2023-07-25 11:15,73,26,47,0,0,0
2023-07-25 11:30,86,31,55,0,0,0
2023-07-25 11:45,84,29,55,0,0,0
2023-07-25 12:00,97,34,63,0,0,0
2023-07-25 12:15,92,38,54,0,0,0
2023-07-25 12:30,93,33,60,0,0,0
2023-07-25 12:45,115,53,62,0,0,0
2023-07-25 13:00,96,46,50,0,0,0
2023-07-25 13:15,96,33,63,0,0,0
2023-07-25 13:30,102,53,49,0,0,0
2023-07-25 13:45,108,49,59,0,0,0
2023-07-25 14:00,102,48,54,0,0,0
2023-07-25 14:15,106,40,66,0,0,0
2023-07-25 14:30,107,41,66,0,0,0
2023-07-25 14:45,109,58,51,0,0,0
2023-07-25 15:00,105,42,63,0,0,0
2023-07-25 15:15,95,43,52,0,0,0
2023-07-25 15:30,93,42,51,0,0,0
2023-07-25 15:45,128,57,71,0,0,0
2023-07-25 16:00,128,57,71,0,0,0
2023-07-25 16:15,155,58,97,0,0,0
2023-07-25 16:30,151,69,82,0,0,0
2023-07-25 16:45,150,54,96,0,0,0
2023-07-25 17:00,164,75,89,0,0,0
2023-07-25 17:15,174,65,109,0,0,0
2023-07-25 17:30,138,52,86,0,0,0
2023-07-25 17:45,155,83,72,0,0,0
2023-07-25 18:00,129,48,81,0,0,0
2023-07-25 18:15,143,59,84,0,0,0
2023-07-25 18:30,132,61,71,0,0,0
2023-07-25 18:45,148,93,55,0,0,0
2023-07-25 19:00,113,64,49,0,0,0
2023-07-25 19:15,130,73,57,0,0,0
2023-07-25 19:30,109,62,47,0,0,0
2023-07-25 19:45,113,65,48,0,0,0
2023-07-25 20:00,113,59,54,0,0,0
2023-07-25 20:15,82,38,44,0,0,0
2023-07-25 20:30,81,37,44,0,0,0
2023-07-25 20:45,59,30,29,0,0,0
2023-07-25 21:00,75,31,44,0,0,0
2023-07-25 21:15,58,21,37,0,0,0
2023-07-25 21:30,61,24,37,0,0,0
2023-07-25 21:45,67,28,39,0,0,0
2023-07-25 22:00,46,17,29,0,0,0
2023-07-25 22:15,70,17,53,0,0,0
2023-07-25 22:30,52,16,36,0,0,0
2023-07-25 22:45,45,14,31,0,0,0
2023-07-25 23:00,58,12,46,0,0,0
2023-07-25 23:15,50,9,41,0,0,0
2023-07-25 23:30,37,6,31,0,0,0
2023-07-25 23:45,27,5,22,0,0,0
2023-07-26 00:00,18,8,10,0,0,0
2023-07-26 00:15,21,6,15,0,0,0
2023-07-26 00:30,10,4,6,0,0,0
2023-07-26 00:45,5,1,4,0,0,0
2023-07-26 01:00,9,4,5,0,0,0
2023-07-26 01:15,4,2,2,0,0,0
2023-07-26 01:30,8,4,4,0,0,0
2023-07-26 01:45,3,0,3,0,0,0
2023-07-26 02:00,6,3,3,0,0,0
2023-07-26 02:15,5,4,1,0,0,0
2023-07-26 02:30,2,0,2,0,0,0
2023-07-26 02:45,6,1,5,0,0,0
2023-07-26 03:00,8,2,6,0,0,0
2023-07-26 03:15,1,0,1,0,0,0
2023-07-26 03:30,1,1,0,0,0,0
2023-07-26 03:45,0,0,0,0,0,0
2023-07-26 04:00,0,0,0,0,0,0
2023-07-26 04:15,4,2,2,0,0,0
2023-07-26 04:30,3,2,1,0,0,0
2023-07-26 04:45,7,3,4,0,0,0
2023-07-26 05:00,3,1,2,0,0,0
2023-07-26 05:15,4,2,2,0,0,0
2023-07-26 05:30,13,4,9,0,0,0
2023-07-26 05:45,26,20,6,0,0,0
2023-07-26 06:00,26,12,14,0,0,0
2023-07-26 06:15,38,18,20,0,0,0
2023-07-26 06:30,41,18,23,0,0,0
2023-07-26 06:45,55,26,29,0,0,0
2023-07-26 07:00,88,41,47,0,0,0
2023-07-26 07:15,67,35,32,0,0,0
2023-07-26 07:30,80,37,43,0,0,0
2023-07-26 07:45,100,57,43,0,0,0
2023-07-26 08:00,120,55,65,0,0,0
2023-07-26 08:15,103,51,52,0,0,0
2023-07-26 08:30,97,50,47,0,0,0
2023-07-26 08:45,108,47,61,0,0,0
2023-07-26 09:00,91,38,53,0,0,0
2023-07-26 09:15,67,28,39,0,0,0
2023-07-26 09:30,74,25,49,0,0,0
2023-07-26 09:45,91,40,51,0,0,0
2023-07-26 10:00,81,36,45,0,0,0
2023-07-26 10:15,82,30,52,0,0,0
2023-07-26 10:30,76,31,45,0,0,0
2023-07-26 10:45,78,33,45,0,0,0
2023-07-26 11:00,77,36,41,0,0,0
2023-07-26 11:15,82,27,55,0,0,0
2023-07-26 11:30,79,29,50,0,0,0
2023-07-26 11:45,102,34,68,0,0,0
2023-07-26 12:00,87,35,52,0,0,0
2023-07-26 12:15,100,33,67,0,0,0
2023-07-26 12:30,55,23,32,0,0,0
2023-07-26 12:45,83,32,51,0,0,0
2023-07-26 13:00,99,39,60,0,0,0
2023-07-26 13:15,107,37,70,0,0,0
2023-07-26 13:30,81,31,50,0,0,0
2023-07-26 13:45,109,47,62,0,0,0
2023-07-26 14:00,108,51,57,0,0,0
2023-07-26 14:15,87,39,48,0,0,0
2023-07-26 14:30,95,41,54,0,0,0
2023-07-26 14:45,95,53,42,0,0,0
2023-07-26 15:00,84,39,45,0,0,0
2023-07-26 15:15,68,34,34,0,0,0
2023-07-26 15:30,65,29,36,0,0,0
2023-07-26 15:45,111,46,65,0,0,0
2023-07-26 16:00,134,59,75,0,0,0
2023-07-26 16:15,128,51,77,0,0,0
2023-07-26 16:30,128,75,53,0,0,0
2023-07-26 16:45,123,57,66,0,0,0
2023-07-26 17:00,100,41,59,0,0,0
2023-07-26 17:15,152,55,97,0,0,0
2023-07-26 17:30,155,56,99,0,0,0
2023-07-26 17:45,122,57,65,0,0,0
2023-07-26 18:00,119,51,68,0,0,0
2023-07-26 18:15,110,52,58,0,0,0
2023-07-26 18:30,121,64,57,0,0,0
2023-07-26 18:45,123,48,75,0,0,0
2023-07-26 19:00,133,85,48,0,0,0
2023-07-26 19:15,117,71,46,0,0,0
2023-07-26 19:30,108,50,58,0,0,0
2023-07-26 19:45,130,66,64,0,0,0
2023-07-26 20:00,88,43,45,0,0,0
2023-07-26 20:15,69,29,40,0,0,0
2023-07-26 20:30,76,32,44,0,0,0
2023-07-26 20:45,65,30,35,0,0,0
2023-07-26 21:00,69,29,40,0,0,0
2023-07-26 21:15,68,31,37,0,0,0
2023-07-26 21:30,58,17,41,0,0,0
2023-07-26 21:45,70,12,58,0,0,0
2023-07-26 22:00,73,21,52,0,0,0
2023-07-26 22:15,53,21,32,0,0,0
2023-07-26 22:30,44,16,28,0,0,0
2023-07-26 22:45,43,14,29,0,0,0
2023-07-26 23:00,51,18,33,0,0,0
2023-07-26 23:15,55,17,38,0,0,0
2023-07-26 23:30,46,10,36,0,0,0
2023-07-26 23:45,38,13,25,0,0,0
2023-07-27 00:00,34,21,13,0,0,0
2023-07-27 00:15,26,15,11,0,0,0
2023-07-27 00:30,21,4,17,0,0,0
2023-07-27 00:45,7,4,3,0,0,0
2023-07-27 01:00,13,4,9,0,0,0
2023-07-27 01:15,17,10,7,0,0,0
2023-07-27 01:30,11,7,4,0,0,0
2023-07-27 01:45,12,2,10,0,0,0
2023-07-27 02:00,4,2,2,0,0,0
2023-07-27 02:15,1,0,1,0,0,0
2023-07-27 02:30,5,2,3,0,0,0
2023-07-27 02:45,3,1,2,0,0,0
2023-07-27 03:00,5,2,3,0,0,0
2023-07-27 03:15,6,3,3,0,0,0
2023-07-27 03:30,5,1,4,0,0,0
2023-07-27 03:45,6,3,3,0,0,0
2023-07-27 04:00,3,1,2,0,0,0
2023-07-27 04:15,2,2,0,0,0,0
2023-07-27 04:30,3,3,0,0,0,0
2023-07-27 04:45,5,2,3,0,0,0
2023-07-27 05:00,1,1,0,0,0,0
2023-07-27 05:15,10,5,5,0,0,0
2023-07-27 05:30,8,2,6,0,0,0
2023-07-27 05:45,24,15,9,0,0,0
2023-07-27 06:00,17,6,11,0,0,0
2023-07-27 06:15,23,8,15,0,0,0
2023-07-27 06:30,40,16,24,0,0,0
2023-07-27 06:45,40,22,18,0,0,0
2023-07-27 07:00,49,23,26,0,0,0
2023-07-27 07:15,69,33,36,0,0,0
2023-07-27 07:30,66,30,36,0,0,0
2023-07-27 07:45,94,46,48,0,0,0
2023-07-27 08:00,82,38,44,0,0,0
2023-07-27 08:15,72,35,37,0,0,0
2023-07-27 08:30,67,29,38,0,0,0
2023-07-27 08:45,82,36,46,0,0,0
2023-07-27 09:00,48,21,27,0,0,0
2023-07-27 09:15,65,21,44,0,0,0
2023-07-27 09:30,46,12,34,0,0,0
2023-07-27 09:45,58,15,43,0,0,0
2023-07-27 10:00,54,21,33,0,0,0
2023-07-27 10:15,60,32,28,0,0,0
2023-07-27 10:30,56,19,37,0,0,0
2023-07-27 10:45,67,24,43,0,0,0
2023-07-27 11:00,85,46,39,0,0,0
2023-07-27 11:15,37,8,29,0,0,0
2023-07-27 11:30,55,24,31,0,0,0
2023-07-27 11:45,53,16,37,0,0,0
2023-07-27 12:00,52,20,32,0,0,0
2023-07-27 12:15,65,15,50,0,0,0
2023-07-27 12:30,63,20,43,0,0,0
2023-07-27 12:45,61,21,40,0,0,0
2023-07-27 13:00,69,29,40,0,0,0
2023-07-27 13:15,59,18,41,0,0,0
2023-07-27 13:30,62,27,35,0,0,0
2023-07-27 13:45,55,26,29,0,0,0
2023-07-27 14:00,72,27,45,0,0,0
2023-07-27 14:15,75,29,46,0,0,0
2023-07-27 14:30,76,34,42,0,0,0
2023-07-27 14:45,83,37,46,0,0,0
2023-07-27 15:00,74,29,45,0,0,0
2023-07-27 15:15,67,23,44,0,0,0
2023-07-27 15:30,58,19,39,0,0,0
2023-07-27 15:45,98,41,57,0,0,0
2023-07-27 16:00,96,36,60,0,0,0
2023-07-27 16:15,104,33,71,0,0,0
2023-07-27 16:30,108,54,54,0,0,0
2023-07-27 16:45,100,25,75,0,0,0
2023-07-27 17:00,130,33,97,0,0,0
2023-07-27 17:15,118,43,75,0,0,0
2023-07-27 17:30,114,42,72,0,0,0
2023-07-27 17:45,133,61,72,0,0,0
2023-07-27 18:00,109,42,67,0,0,0
2023-07-27 18:15,82,42,40,0,0,0
2023-07-27 18:30,79,35,44,0,0,0
2023-07-27 18:45,111,58,53,0,0,0
2023-07-27 19:00,97,42,55,0,0,0
2023-07-27 19:15,97,45,52,0,0,0
2023-07-27 19:30,109,47,62,0,0,0
2023-07-27 19:45,97,47,50,0,0,0
2023-07-27 20:00,77,28,49,0,0,0
2023-07-27 20:15,53,24,29,0,0,0
2023-07-27 20:30,52,24,28,0,0,0
2023-07-27 20:45,42,18,24,0,0,0
2023-07-27 21:00,46,21,25,0,0,0
2023-07-27 21:15,47,18,29,0,0,0
2023-07-27 21:30,73,18,55,0,0,0
2023-07-27 21:45,51,16,35,0,0,0
2023-07-27 22:00,42,17,25,0,0,0
2023-07-27 22:15,49,11,38,0,0,0
2023-07-27 22:30,61,10,51,0,0,0
2023-07-27 22:45,35,12,23,0,0,0
2023-07-27 23:00,34,8,26,0,0,0
2023-07-27 23:15,54,8,46,0,0,0
2023-07-27 23:30,31,10,21,0,0,0
2023-07-27 23:45,19,8,11,0,0,0
2023-07-28 00:00,14,4,10,0,0,0
2023-07-28 00:15,12,1,11,0,0,0
2023-07-28 00:30,18,7,11,0,0,0
2023-07-28 00:45,8,0,8,0,0,0
2023-07-28 01:00,16,5,11,0,0,0
2023-07-28 01:15,23,3,20,0,0,0
2023-07-28 01:30,8,2,6,0,0,0
2023-07-28 01:45,6,3,3,0,0,0
2023-07-28 02:00,3,2,1,0,0,0
2023-07-28 02:15,2,1,1,0,0,0
2023-07-28 02:30,3,0,3,0,0,0
2023-07-28 02:45,6,5,1,0,0,0
2023-07-28 03:00,0,0,0,0,0,0
2023-07-28 03:15,1,0,1,0,0,0
2023-07-28 03:30,3,3,0,0,0,0
2023-07-28 03:45,2,2,0,0,0,0
2023-07-28 04:00,1,0,1,0,0,0
2023-07-28 04:15,3,2,1,0,0,0
2023-07-28 04:30,4,1,3,0,0,0
2023-07-28 04:45,3,3,0,0,0,0
2023-07-28 05:00,2,1,1,0,0,0
2023-07-28 05:15,11,4,7,0,0,0
2023-07-28 05:30,14,7,7,0,0,0
2023-07-28 05:45,22,13,9,0,0,0
2023-07-28 06:00,19,10,9,0,0,0
2023-07-28 06:15,28,9,19,0,0,0
2023-07-28 06:30,37,19,18,0,0,0
2023-07-28 06:45,51,29,22,0,0,0
2023-07-28 07:00,59,27,32,0,0,0
2023-07-28 07:15,73,38,35,0,0,0
2023-07-28 07:30,72,37,35,0,0,0
2023-07-28 07:45,87,49,38,0,0,0
2023-07-28 08:00,89,44,45,0,0,0
2023-07-28 08:15,92,41,51,0,0,0
2023-07-28 08:30,84,43,41,0,0,0
2023-07-28 08:45,97,44,53,0,0,0
2023-07-28 09:00,68,31,37,0,0,0
2023-07-28 09:15,69,35,34,0,0,0
2023-07-28 09:30,72,24,48,0,0,0
2023-07-28 09:45,82,35,47,0,0,0
2023-07-28 10:00,75,36,39,0,0,0
2023-07-28 10:15,57,25,32,0,0,0
2023-07-28 10:30,73,24,49,0,0,0
2023-07-28 10:45,94,46,48,0,0,0
2023-07-28 11:00,79,25,54,0,0,0
2023-07-28 11:15,82,33,49,0,0,0
2023-07-28 11:30,83,39,44,0,0,0
2023-07-28 11:45,81,32,49,0,0,0
2023-07-28 12:00,80,36,44,0,0,0
2023-07-28 12:15,85,24,61,0,0,0
2023-07-28 12:30,103,45,58,0,0,0
2023-07-28 12:45,104,42,62,0,0,0
2023-07-28 13:00,88,27,61,0,0,0
2023-07-28 13:15,102,37,65,0,0,0
2023-07-28 13:30,104,31,73,0,0,0
2023-07-28 13:45,112,59,53,0,0,0
2023-07-28 14:00,102,39,63,0,0,0
2023-07-28 14:15,133,60,73,0,0,0
2023-07-28 14:30,142,60,82,0,0,0
2023-07-28 14:45,109,37,72,0,0,0
2023-07-28 15:00,94,49,45,0,0,0
2023-07-28 15:15,87,35,52,0,0,0
2023-07-28 15:30,110,49,61,0,0,0
2023-07-28 15:45,118,57,61,0,0,0
2023-07-28 16:00,141,70,71,0,0,0
2023-07-28 16:15,133,57,76,0,0,0
2023-07-28 16:30,112,45,67,0,0,0
2023-07-28 16:45,107,49,58,0,0,0
2023-07-28 17:00,133,60,73,0,0,0
2023-07-28 17:15,138,64,74,0,0,0
2023-07-28 17:30,133,57,76,0,0,0
2023-07-28 17:45,112,66,46,0,0,0
2023-07-28 18:00,135,78,57,0,0,0
2023-07-28 18:15,126,68,58,0,0,0
2023-07-28 18:30,119,48,71,0,0,0
2023-07-28 18:45,135,87,48,0,0,0
2023-07-28 19:00,115,68,47,0,0,0
2023-07-28 19:15,137,73,64,0,0,0
2023-07-28 19:30,96,50,46,0,0,0
2023-07-28 19:45,113,67,46,0,0,0
2023-07-28 20:00,80,33,47,0,0,0
2023-07-28 20:15,124,56,68,0,0,0
2023-07-28 20:30,81,46,35,0,0,0
2023-07-28 20:45,89,26,63,0,0,0
2023-07-28 21:00,89,54,35,0,0,0
2023-07-28 21:15,65,37,28,0,0,0
2023-07-28 21:30,90,44,46,0,0,0
2023-07-28 21:45,88,38,50,0,0,0
2023-07-28 22:00,67,34,33,0,0,0
2023-07-28 22:15,52,17,35,0,0,0
2023-07-28 22:30,68,27,41,0,0,0
2023-07-28 22:45,65,28,37,0,0,0
2023-07-28 23:00,70,29,41,0,0,0
2023-07-28 23:15,75,34,41,0,0,0
2023-07-28 23:30,61,31,30,0,0,0
2023-07-28 23:45,54,24,30,0,0,0
2023-07-29 00:00,81,49,32,0,0,0
2023-07-29 00:15,60,26,34,0,0,0
2023-07-29 00:30,49,16,33,0,0,0
2023-07-29 00:45,37,19,18,0,0,0
2023-07-29 01:00,30,14,16,0,0,0
2023-07-29 01:15,53,17,36,0,0,0
2023-07-29 01:30,55,20,35,0,0,0
2023-07-29 01:45,25,9,16,0,0,0
2023-07-29 02:00,44,17,27,0,0,0
2023-07-29 02:15,26,9,17,0,0,0
2023-07-29 02:30,26,12,14,0,0,0
2023-07-29 02:45,17,1,16,0,0,0
2023-07-29 03:00,31,5,26,0,0,0
2023-07-29 03:15,28,4,24,0,0,0
2023-07-29 03:30,24,3,21,0,0,0
2023-07-29 03:45,9,5,4,0,0,0
2023-07-29 04:00,20,4,16,0,0,0
2023-07-29 04:15,15,0,15,0,0,0
2023-07-29 04:30,13,3,10,0,0,0
2023-07-29 04:45,10,4,6,0,0,0
2023-07-29 05:00,5,1,4,0,0,0
2023-07-29 05:15,15,3,12,0,0,0
2023-07-29 05:30,14,3,11,0,0,0
2023-07-29 05:45,9,2,7,0,0,0
2023-07-29 06:00,9,3,6,0,0,0
2023-07-29 06:15,8,2,6,0,0,0
2023-07-29 06:30,11,5,6,0,0,0
2023-07-29 06:45,9,4,5,0,0,0
2023-07-29 07:00,8,1,7,0,0,0
2023-07-29 07:15,9,3,6,0,0,0
2023-07-29 07:30,22,6,16,0,0,0
2023-07-29 07:45,14,6,8,0,0,0
2023-07-29 08:00,28,5,23,0,0,0
2023-07-29 08:15,18,6,12,0,0,0
2023-07-29 08:30,18,6,12,0,0,0
2023-07-29 08:45,30,13,17,0,0,0
2023-07-29 09:00,40,14,26,0,0,0
2023-07-29 09:15,24,6,18,0,0,0
2023-07-29 09:30,40,20,20,0,0,0
2023-07-29 09:45,65,26,39,0,0,0
2023-07-29 10:00,81,24,57,0,0,0
2023-07-29 10:15,60,30,30,0,0,0
2023-07-29 10:30,69,30,39,0,0,0
2023-07-29 10:45,67,33,34,0,0,0
2023-07-29 11:00,71,23,48,0,0,0
2023-07-29 11:15,90,36,54,0,0,0
2023-07-29 11:30,79,32,47,0,0,0
2023-07-29 11:45,72,29,43,0,0,0
2023-07-29 12:00,100,32,68,0,0,0
2023-07-29 12:15,96,40,56,0,0,0
2023-07-29 12:30,81,37,44,0,0,0
2023-07-29 12:45,87,35,52,0,0,0
2023-07-29 13:00,79,37,42,0,0,0
2023-07-29 13:15,80,34,46,0,0,0
2023-07-29 13:30,86,31,55,0,0,0
2023-07-29 13:45,85,37,48,0,0,0
2023-07-29 14:00,103,49,54,0,0,0
2023-07-29 14:15,87,53,34,0,0,0
2023-07-29 14:30,76,33,43,0,0,0
2023-07-29 14:45,85,35,50,0,0,0
2023-07-29 15:00,120,46,74,0,0,0
2023-07-29 15:15,73,27,46,0,0,0
2023-07-29 15:30,96,40,56,0,0,0
2023-07-29 15:45,85,40,45,0,0,0
2023-07-29 16:00,107,34,73,0,0,0
2023-07-29 16:15,68,20,48,0,0,0
2023-07-29 16:30,40,15,25,0,0,0
2023-07-29 16:45,58,29,29,0,0,0
2023-07-29 17:00,60,14,46,0,0,0
2023-07-29 17:15,65,19,46,0,0,0
2023-07-29 17:30,75,35,40,0,0,0
2023-07-29 17:45,77,39,38,0,0,0
2023-07-29 18:00,76,39,37,0,0,0
2023-07-29 18:15,72,38,34,0,0,0
2023-07-29 18:30,80,33,47,0,0,0
2023-07-29 18:45,91,47,44,0,0,0
2023-07-29 19:00,81,45,36,0,0,0
2023-07-29 19:15,124,69,55,0,0,0
2023-07-29 19:30,98,48,50,0,0,0
2023-07-29 19:45,114,52,62,0,0,0
2023-07-29 20:00,92,51,41,0,0,0
2023-07-29 20:15,92,42,50,0,0,0
2023-07-29 20:30,59,30,29,0,0,0
2023-07-29 20:45,67,36,31,0,0,0
2023-07-29 21:00,64,32,32,0,0,0
2023-07-29 21:15,72,28,44,0,0,0
2023-07-29 21:30,55,28,27,0,0,0
2023-07-29 21:45,53,18,35,0,0,0
2023-07-29 22:00,55,21,34,0,0,0
2023-07-29 22:15,65,33,32,0,0,0
2023-07-29 22:30,66,24,42,0,0,0
2023-07-29 22:45,61,40,21,0,0,0
2023-07-29 23:00,49,17,32,0,0,0
2023-07-29 23:15,53,19,34,0,0,0
2023-07-29 23:30,57,23,34,0,0,0
2023-07-29 23:45,38,22,16,0,0,0
2023-07-30 00:00,53,27,26,0,0,0
2023-07-30 00:15,60,44,16,0,0,0
2023-07-30 00:30,46,24,22,0,0,0
2023-07-30 00:45,61,29,32,0,0,0
2023-07-30 01:00,49,31,18,0,0,0
2023-07-30 01:15,45,21,24,0,0,0
2023-07-30 01:30,39,18,21,0,0,0
2023-07-30 01:45,26,10,16,0,0,0
2023-07-30 02:00,18,7,11,0,0,0
2023-07-30 02:15,31,10,21,0,0,0
2023-07-30 02:30,24,4,20,0,0,0
2023-07-30 02:45,29,10,19,0,0,0
2023-07-30 03:00,29,4,25,0,0,0
2023-07-30 03:15,17,3,14,0,0,0
2023-07-30 03:30,24,6,18,0,0,0
2023-07-30 03:45,25,4,21,0,0,0
2023-07-30 04:00,22,7,15,0,0,0
2023-07-30 04:15,28,6,22,0,0,0
2023-07-30 04:30,20,2,18,0,0,0
2023-07-30 04:45,21,1,20,0,0,0
2023-07-30 05:00,10,4,6,0,0,0
2023-07-30 05:15,12,3,9,0,0,0
2023-07-30 05:30,25,0,25,0,0,0
2023-07-30 05:45,8,2,6,0,0,0
2023-07-30 06:00,17,3,14,0,0,0
2023-07-30 06:15,17,1,16,0,0,0
2023-07-30 06:30,8,1,7,0,0,0
2023-07-30 06:45,7,2,5,0,0,0
2023-07-30 07:00,4,2,2,0,0,0
2023-07-30 07:15,12,6,6,0,0,0
2023-07-30 07:30,7,2,5,0,0,0
2023-07-30 07:45,12,2,10,0,0,0
2023-07-30 08:00,6,3,3,0,0,0
2023-07-30 08:15,9,5,4,0,0,0
2023-07-30 08:30,15,7,8,0,0,0
2023-07-30 08:45,13,3,10,0,0,0
2023-07-30 09:00,15,5,10,0,0,0
2023-07-30 09:15,25,13,12,0,0,0
2023-07-30 09:30,20,13,7,0,0,0
2023-07-30 09:45,29,8,21,0,0,0
2023-07-30 10:00,30,10,20,0,0,0
2023-07-30 10:15,42,19,23,0,0,0
2023-07-30 10:30,30,16,14,0,0,0
2023-07-30 10:45,61,25,36,0,0,0
2023-07-30 11:00,34,14,20,0,0,0
2023-07-30 11:15,31,8,23,0,0,0
2023-07-30 11:30,43,17,26,0,0,0
2023-07-30 11:45,45,26,19,0,0,0
2023-07-30 12:00,59,37,22,0,0,0
2023-07-30 12:15,36,15,21,0,0,0
2023-07-30 12:30,38,11,27,0,0,0
2023-07-30 12:45,50,16,34,0,0,0
2023-07-30 13:00,78,33,45,0,0,0
2023-07-30 13:15,55,12,43,0,0,0
2023-07-30 13:30,55,29,26,0,0,0
2023-07-30 13:45,68,36,32,0,0,0
2023-07-30 14:00,86,40,46,0,0,0
2023-07-30 14:15,57,21,36,0,0,0
2023-07-30 14:30,50,28,22,0,0,0
2023-07-30 14:45,93,48,45,0,0,0
2023-07-30 15:00,65,20,45,0,0,0
2023-07-30 15:15,74,38,36,0,0,0
2023-07-30 15:30,51,15,36,0,0,0
2023-07-30 15:45,84,37,47,0,0,0
2023-07-30 16:00,70,31,39,0,0,0
2023-07-30 16:15,83,46,37,0,0,0
2023-07-30 16:30,87,33,54,0,0,0
2023-07-30 16:45,116,56,60,0,0,0
2023-07-30 17:00,86,40,46,0,0,0
2023-07-30 17:15,77,35,42,0,0,0
2023-07-30 17:30,77,28,49,0,0,0
2023-07-30 17:45,81,37,44,0,0,0
2023-07-30 18:00,86,33,53,0,0,0
2023-07-30 18:15,94,45,49,0,0,0
2023-07-30 18:30,74,39,35,0,0,0
2023-07-30 18:45,115,62,53,0,0,0
2023-07-30 19:00,96,41,55,0,0,0
2023-07-30 19:15,78,45,33,0,0,0
2023-07-30 19:30,73,33,40,0,0,0
2023-07-30 19:45,80,40,40,0,0,0
2023-07-30 20:00,68,24,44,0,0,0
2023-07-30 20:15,56,24,32,0,0,0
2023-07-30 20:30,60,21,39,0,0,0
2023-07-30 20:45,32,12,20,0,0,0
2023-07-30 21:00,42,17,25,0,0,0
2023-07-30 21:15,45,21,24,0,0,0
2023-07-30 21:30,52,26,26,0,0,0
2023-07-30 21:45,41,14,27,0,0,0
2023-07-30 22:00,35,11,24,0,0,0
2023-07-30 22:15,25,8,17,0,0,0
2023-07-30 22:30,43,11,32,0,0,0
2023-07-30 22:45,28,6,22,0,0,0
2023-07-30 23:00,24,2,22,0,0,0
2023-07-30 23:15,35,5,30,0,0,0
2023-07-30 23:30,13,6,7,0,0,0
2023-07-30 23:45,12,5,7,0,0,0
