Datetime,100031300 (Hafenstraße),101031300 (Hafenstraße Fahrräder IN),102031300 (Hafenstraße Fahrräder OUT),100031300-status,101031300-status,102031300-status
2024-01-01 00:00,4,4,0,0,0,0
2024-01-01 00:15,16,4,12,0,0,0
2024-01-01 00:30,39,13,26,0,0,0
2024-01-01 00:45,47,26,21,0,0,0
2024-01-01 01:00,34,20,14,0,0,0
2024-01-01 01:15,30,19,11,0,0,0
2024-01-01 01:30,28,13,15,0,0,0
2024-01-01 01:45,33,19,14,0,0,0
2024-01-01 02:00,28,15,13,0,0,0
2024-01-01 02:15,42,19,23,0,0,0
2024-01-01 02:30,46,14,32,0,0,0
2024-01-01 02:45,56,26,30,0,0,0
2024-01-01 03:00,54,26,28,0,0,0
2024-01-01 03:15,28,3,25,0,0,0
2024-01-01 03:30,29,9,20,0,0,0
2024-01-01 03:45,43,8,35,0,0,0
2024-01-01 04:00,57,13,44,0,0,0
2024-01-01 04:15,33,6,27,0,0,0
2024-01-01 04:30,36,17,19,0,0,0
2024-01-01 04:45,24,9,15,0,0,0
2024-01-01 05:00,19,2,17,0,0,0
2024-01-01 05:15,21,5,16,0,0,0
2024-01-01 05:30,34,8,26,0,0,0
2024-01-01 05:45,22,7,15,0,0,0
2024-01-01 06:00,19,4,15,0,0,0
2024-01-01 06:15,15,4,11,0,0,0
2024-01-01 06:30,13,1,12,0,0,0
2024-01-01 06:45,9,2,7,0,0,0
2024-01-01 07:00,8,4,4,0,0,0
2024-01-01 07:15,6,0,6,0,0,0
2024-01-01 07:30,7,1,6,0,0,0
2024-01-01 07:45,8,2,6,0,0,0
2024-01-01 08:00,5,0,5,0,0,0
2024-01-01 08:15,8,0,8,0,0,0
2024-01-01 08:30,5,2,3,0,0,0
2024-01-01 08:45,8,2,6,0,0,0
2024-01-01 09:00,8,2,6,0,0,0
2024-01-01 09:15,4,1,3,0,0,0
2024-01-01 09:30,3,1,2,0,0,0
2024-01-01 09:45,4,0,4,0,0,0
2024-01-01 10:00,6,3,3,0,0,0
2024-01-01 10:15,8,2,6,0,0,0
2024-01-01 10:30,10,2,8,0,0,0
2024-01-01 10:45,19,4,15,0,0,0
2024-01-01 11:00,29,6,23,0,0,0
2024-01-01 11:15,27,2,25,0,0,0
2024-01-01 11:30,12,5,7,0,0,0
2024-01-01 11:45,23,7,16,0,0,0
2024-01-01 12:00,35,12,23,0,0,0
2024-01-01 12:15,22,8,14,0,0,0
2024-01-01 12:30,29,11,18,0,0,0
2024-01-01 12:45,34,17,17,0,0,0
2024-01-01 13:00,28,11,17,0,0,0
2024-01-01 13:15,33,13,20,0,0,0
2024-01-01 13:30,35,11,24,0,0,0
2024-01-01 13:45,40,17,23,0,0,0
2024-01-01 14:00,43,12,31,0,0,0
2024-01-01 14:15,47,15,32,0,0,0
2024-01-01 14:30,32,14,18,0,0,0
2024-01-01 14:45,39,16,23,0,0,0
2024-01-01 15:00,19,6,13,0,0,0
2024-01-01 15:15,40,10,30,0,0,0
2024-01-01 15:30,20,8,12,0,0,0
2024-01-01 15:45,26,8,18,0,0,0
2024-01-01 16:00,26,8,18,0,0,0
2024-01-01 16:15,37,12,25,0,0,0
2024-01-01 16:30,51,17,34,0,0,0
2024-01-01 16:45,39,12,27,0,0,0
2024-01-01 17:00,22,7,15,0,0,0
2024-01-01 17:15,39,16,23,0,0,0
2024-01-01 17:30,32,9,23,0,0,0
2024-01-01 17:45,35,13,22,0,0,0
2024-01-01 18:00,30,11,19,0,0,0
2024-01-01 18:15,27,13,14,0,0,0
2024-01-01 18:30,34,17,17,0,0,0
2024-01-01 18:45,30,14,16,0,0,0
2024-01-01 19:00,24,5,19,0,0,0
2024-01-01 19:15,32,10,22,0,0,0
2024-01-01 19:30,18,9,9,0,0,0
2024-01-01 19:45,29,15,14,0,0,0
2024-01-01 20:00,28,11,17,0,0,0
2024-01-01 20:15,28,13,15,0,0,0
2024-01-01 20:30,23,10,13,0,0,0
2024-01-01 20:45,15,6,9,0,0,0
2024-01-01 21:00,11,4,7,0,0,0
2024-01-01 21:15,39,6,33,0,0,0
2024-01-01 21:30,37,5,32,0,0,0
2024-01-01 21:45,27,9,18,0,0,0
2024-01-01 22:00,19,7,12,0,0,0
2024-01-01 22:15,30,8,22,0,0,0
2024-01-01 22:30,11,2,9,0,0,0
2024-01-01 22:45,6,1,5,0,0,0
2024-01-01 23:00,9,3,6,0,0,0
2024-01-01 23:15,8,3,5,0,0,0
2024-01-01 23:30,10,2,8,0,0,0
2024-01-01 23:45,3,2,1,0,0,0
2024-01-02 00:00,10,4,6,0,0,0
2024-01-02 00:15,3,2,1,0,0,0
2024-01-02 00:30,3,2,1,0,0,0
2024-01-02 00:45,3,2,1,0,0,0
2024-01-02 01:00,6,3,3,0,0,0
2024-01-02 01:15,6,1,5,0,0,0
2024-01-02 01:30,3,1,2,0,0,0
2024-01-02 01:45,1,1,0,0,0,0
2024-01-02 02:00,5,0,5,0,0,0
2024-01-02 02:15,3,1,2,0,0,0
2024-01-02 02:30,1,0,1,0,0,0
2024-01-02 02:45,2,2,0,0,0,0
2024-01-02 03:00,0,0,0,0,0,0
2024-01-02 03:15,1,0,1,0,0,0
2024-01-02 03:30,3,3,0,0,0,0
2024-01-02 03:45,2,1,1,0,0,0
2024-01-02 04:00,1,0,1,0,0,0
2024-01-02 04:15,0,0,0,0,0,0
2024-01-02 04:30,0,0,0,0,0,0
2024-01-02 04:45,1,1,0,0,0,0
2024-01-02 05:00,9,4,5,0,0,0
2024-01-02 05:15,3,2,1,0,0,0
2024-01-02 05:30,6,1,5,0,0,0
2024-01-02 05:45,19,13,6,0,0,0
2024-01-02 06:00,15,3,12,0,0,0
2024-01-02 06:15,21,6,15,0,0,0
2024-01-02 06:30,21,7,14,0,0,0
2024-01-02 06:45,21,12,9,0,0,0
2024-01-02 07:00,46,20,26,0,0,0
2024-01-02 07:15,42,19,23,0,0,0
2024-01-02 07:30,45,23,22,0,0,0
2024-01-02 07:45,74,44,30,0,0,0
2024-01-02 08:00,74,38,36,0,0,0
2024-01-02 08:15,56,29,27,0,0,0
2024-01-02 08:30,61,34,27,0,0,0
2024-01-02 08:45,73,34,39,0,0,0
2024-01-02 09:00,72,26,46,0,0,0
2024-01-02 09:15,35,12,23,0,0,0
2024-01-02 09:30,29,10,19,0,0,0
2024-01-02 09:45,60,15,45,0,0,0
2024-01-02 10:00,49,19,30,0,0,0
2024-01-02 10:15,64,24,40,0,0,0
2024-01-02 10:30,59,26,33,0,0,0
2024-01-02 10:45,73,23,50,0,0,0
2024-01-02 11:00,56,19,37,0,0,0
2024-01-02 11:15,58,21,37,0,0,0
2024-01-02 11:30,67,30,37,0,0,0
2024-01-02 11:45,65,30,35,0,0,0
2024-01-02 12:00,66,32,34,0,0,0
2024-01-02 12:15,51,20,31,0,0,0
2024-01-02 12:30,63,27,36,0,0,0
2024-01-02 12:45,68,25,43,0,0,0
2024-01-02 13:00,82,29,53,0,0,0
2024-01-02 13:15,71,28,43,0,0,0
2024-01-02 13:30,69,38,31,0,0,0
2024-01-02 13:45,53,23,30,0,0,0
2024-01-02 14:00,45,23,22,0,0,0
2024-01-02 14:15,50,23,27,0,0,0
2024-01-02 14:30,65,26,39,0,0,0
2024-01-02 14:45,64,29,35,0,0,0
2024-01-02 15:00,59,26,33,0,0,0
2024-01-02 15:15,73,29,44,0,0,0
2024-01-02 15:30,70,32,38,0,0,0
2024-01-02 15:45,69,34,35,0,0,0
2024-01-02 16:00,71,27,44,0,0,0
2024-01-02 16:15,86,31,55,0,0,0
2024-01-02 16:30,76,26,50,0,0,0
2024-01-02 16:45,97,35,62,0,0,0
2024-01-02 17:00,82,36,46,0,0,0
2024-01-02 17:15,84,23,61,0,0,0
2024-01-02 17:30,104,39,65,0,0,0
2024-01-02 17:45,76,38,38,0,0,0
2024-01-02 18:00,78,38,40,0,0,0
2024-01-02 18:15,45,18,27,0,0,0
2024-01-02 18:30,59,21,38,0,0,0
2024-01-02 18:45,50,22,28,0,0,0
2024-01-02 19:00,49,26,23,0,0,0
2024-01-02 19:15,53,23,30,0,0,0
2024-01-02 19:30,48,22,26,0,0,0
2024-01-02 19:45,41,14,27,0,0,0
2024-01-02 20:00,38,13,25,0,0,0
2024-01-02 20:15,46,16,30,0,0,0
2024-01-02 20:30,32,16,16,0,0,0
2024-01-02 20:45,32,12,20,0,0,0
2024-01-02 21:00,26,7,19,0,0,0
2024-01-02 21:15,22,8,14,0,0,0
2024-01-02 21:30,17,8,9,0,0,0
2024-01-02 21:45,23,3,20,0,0,0
2024-01-02 22:00,20,8,12,0,0,0
2024-01-02 22:15,23,10,13,0,0,0
2024-01-02 22:30,10,5,5,0,0,0
2024-01-02 22:45,19,4,15,0,0,0
2024-01-02 23:00,13,6,7,0,0,0
2024-01-02 23:15,6,1,5,0,0,0
2024-01-02 23:30,5,2,3,0,0,0
2024-01-02 23:45,7,1,6,0,0,0
2024-01-03 00:00,7,1,6,0,0,0
2024-01-03 00:15,9,3,6,0,0,0
2024-01-03 00:30,7,3,4,0,0,0
2024-01-03 00:45,2,2,0,0,0,0
2024-01-03 01:00,4,2,2,0,0,0
2024-01-03 01:15,5,1,4,0,0,0
2024-01-03 01:30,6,3,3,0,0,0
2024-01-03 01:45,1,1,0,0,0,0
2024-01-03 02:00,0,0,0,0,0,0
2024-01-03 02:15,4,0,4,0,0,0
2024-01-03 02:30,2,0,2,0,0,0
2024-01-03 02:45,0,0,0,0,0,0
2024-01-03 03:00,0,0,0,0,0,0
2024-01-03 03:15,1,0,1,0,0,0
2024-01-03 03:30,0,0,0,0,0,0
2024-01-03 03:45,1,1,0,0,0,0
2024-01-03 04:00,1,1,0,0,0,0
2024-01-03 04:15,2,1,1,0,0,0
2024-01-03 04:30,3,1,2,0,0,0
2024-01-03 04:45,4,1,3,0,0,0
2024-01-03 05:00,7,4,3,0,0,0
2024-01-03 05:15,4,1,3,0,0,0
2024-01-03 05:30,7,4,3,0,0,0
2024-01-03 05:45,13,5,8,0,0,0
2024-01-03 06:00,16,6,10,0,0,0
2024-01-03 06:15,20,9,11,0,0,0
2024-01-03 06:30,36,16,20,0,0,0
2024-01-03 06:45,32,20,12,0,0,0
2024-01-03 07:00,52,22,30,0,0,0
2024-01-03 07:15,72,36,36,0,0,0
2024-01-03 07:30,62,39,23,0,0,0
2024-01-03 07:45,90,47,43,0,0,0
2024-01-03 08:00,67,36,31,0,0,0
2024-01-03 08:15,93,48,45,0,0,0
2024-01-03 08:30,68,44,24,0,0,0
2024-01-03 08:45,93,54,39,0,0,0
2024-01-03 09:00,65,27,38,0,0,0
2024-01-03 09:15,52,16,36,0,0,0
2024-01-03 09:30,49,21,28,0,0,0
2024-01-03 09:45,70,20,50,0,0,0
2024-01-03 10:00,45,20,25,0,0,0
2024-01-03 10:15,57,30,27,0,0,0
2024-01-03 10:30,58,16,42,0,0,0
2024-01-03 10:45,52,20,32,0,0,0
2024-01-03 11:00,77,23,54,0,0,0
2024-01-03 11:15,61,20,41,0,0,0
2024-01-03 11:30,88,37,51,0,0,0
2024-01-03 11:45,101,45,56,0,0,0
2024-01-03 12:00,69,33,36,0,0,0
2024-01-03 12:15,76,25,51,0,0,0
2024-01-03 12:30,67,27,40,0,0,0
2024-01-03 12:45,73,34,39,0,0,0
2024-01-03 13:00,63,27,36,0,0,0
2024-01-03 13:15,68,30,38,0,0,0
2024-01-03 13:30,81,27,54,0,0,0
2024-01-03 13:45,75,39,36,0,0,0
2024-01-03 14:00,68,34,34,0,0,0
2024-01-03 14:15,70,38,32,0,0,0
2024-01-03 14:30,87,47,40,0,0,0
2024-01-03 14:45,64,32,32,0,0,0
2024-01-03 15:00,86,53,33,0,0,0
2024-01-03 15:15,89,44,45,0,0,0
2024-01-03 15:30,99,41,58,0,0,0
2024-01-03 15:45,111,43,68,0,0,0
2024-01-03 16:00,99,37,62,0,0,0
2024-01-03 16:15,112,45,67,0,0,0
2024-01-03 16:30,109,43,66,0,0,0
2024-01-03 16:45,93,34,59,0,0,0
2024-01-03 17:00,116,45,71,0,0,0
2024-01-03 17:15,98,35,63,0,0,0
2024-01-03 17:30,88,27,61,0,0,0
2024-01-03 17:45,99,42,57,0,0,0
2024-01-03 18:00,98,44,54,0,0,0
2024-01-03 18:15,71,25,46,0,0,0
2024-01-03 18:30,74,24,50,0,0,0
2024-01-03 18:45,98,56,42,0,0,0
2024-01-03 19:00,68,32,36,0,0,0
2024-01-03 19:15,70,38,32,0,0,0
2024-01-03 19:30,67,33,34,0,0,0
2024-01-03 19:45,64,24,40,0,0,0
2024-01-03 20:00,54,32,22,0,0,0
2024-01-03 20:15,52,28,24,0,0,0
2024-01-03 20:30,39,11,28,0,0,0
2024-01-03 20:45,43,15,28,0,0,0
2024-01-03 21:00,41,18,23,0,0,0
2024-01-03 21:15,42,15,27,0,0,0
2024-01-03 21:30,27,9,18,0,0,0
2024-01-03 21:45,40,3,37,0,0,0
2024-01-03 22:00,28,8,20,0,0,0
2024-01-03 22:15,36,8,28,0,0,0
2024-01-03 22:30,28,12,16,0,0,0
2024-01-03 22:45,18,2,16,0,0,0
2024-01-03 23:00,21,9,12,0,0,0
2024-01-03 23:15,21,9,12,0,0,0
2024-01-03 23:30,14,3,11,0,0,0
2024-01-03 23:45,8,2,6,0,0,0
2024-01-04 00:00,3,3,0,0,0,0
2024-01-04 00:15,8,5,3,0,0,0
2024-01-04 00:30,10,3,7,0,0,0
2024-01-04 00:45,3,0,3,0,0,0
2024-01-04 01:00,5,1,4,0,0,0
2024-01-04 01:15,4,1,3,0,0,0
2024-01-04 01:30,2,1,1,0,0,0
2024-01-04 01:45,3,3,0,0,0,0
2024-01-04 02:00,1,1,0,0,0,0
2024-01-04 02:15,1,1,0,0,0,0
2024-01-04 02:30,2,0,2,0,0,0
2024-01-04 02:45,1,1,0,0,0,0
2024-01-04 03:00,0,0,0,0,0,0
2024-01-04 03:15,3,0,3,0,0,0
2024-01-04 03:30,1,1,0,0,0,0
2024-01-04 03:45,1,1,0,0,0,0
2024-01-04 04:00,2,0,2,0,0,0
2024-01-04 04:15,3,2,1,0,0,0
2024-01-04 04:30,2,0,2,0,0,0
2024-01-04 04:45,5,2,3,0,0,0
2024-01-04 05:00,4,4,0,0,0,0
2024-01-04 05:15,7,5,2,0,0,0
2024-01-04 05:30,7,0,7,0,0,0
2024-01-04 05:45,13,6,7,0,0,0
2024-01-04 06:00,15,7,8,0,0,0
2024-01-04 06:15,31,14,17,0,0,0
2024-01-04 06:30,47,16,31,0,0,0
2024-01-04 06:45,38,17,21,0,0,0
2024-01-04 07:00,50,25,25,0,0,0
2024-01-04 07:15,83,50,33,0,0,0
2024-01-04 07:30,76,30,46,0,0,0
2024-01-04 07:45,88,46,42,0,0,0
2024-01-04 08:00,96,43,53,0,0,0
2024-01-04 08:15,78,51,27,0,0,0
2024-01-04 08:30,74,39,35,0,0,0
2024-01-04 08:45,100,60,40,0,0,0
2024-01-04 09:00,55,25,30,0,0,0
2024-01-04 09:15,49,20,29,0,0,0
2024-01-04 09:30,68,21,47,0,0,0
2024-01-04 09:45,64,24,40,0,0,0
2024-01-04 10:00,55,17,38,0,0,0
2024-01-04 10:15,62,26,36,0,0,0
2024-01-04 10:30,85,31,54,0,0,0
2024-01-04 10:45,59,22,37,0,0,0
2024-01-04 11:00,78,32,46,0,0,0
2024-01-04 11:15,64,23,41,0,0,0
2024-01-04 11:30,69,25,44,0,0,0
2024-01-04 11:45,114,49,65,0,0,0
2024-01-04 12:00,76,37,39,0,0,0
2024-01-04 12:15,82,32,50,0,0,0
2024-01-04 12:30,99,41,58,0,0,0
2024-01-04 12:45,69,27,42,0,0,0
2024-01-04 13:00,55,28,27,0,0,0
2024-01-04 13:15,103,45,58,0,0,0
2024-01-04 13:30,67,30,37,0,0,0
2024-01-04 13:45,114,41,73,0,0,0
2024-01-04 14:00,100,48,52,0,0,0
2024-01-04 14:15,87,27,60,0,0,0
2024-01-04 14:30,67,28,39,0,0,0
2024-01-04 14:45,93,33,60,0,0,0
2024-01-04 15:00,98,33,65,0,0,0
2024-01-04 15:15,93,34,59,0,0,0
2024-01-04 15:30,74,28,46,0,0,0
2024-01-04 15:45,81,33,48,0,0,0
2024-01-04 16:00,109,53,56,0,0,0
2024-01-04 16:15,110,36,74,0,0,0
2024-01-04 16:30,85,35,50,0,0,0
2024-01-04 16:45,104,48,56,0,0,0
2024-01-04 17:00,88,36,52,0,0,0
2024-01-04 17:15,104,34,70,0,0,0
2024-01-04 17:30,102,42,60,0,0,0
2024-01-04 17:45,90,41,49,0,0,0
2024-01-04 18:00,100,45,55,0,0,0
2024-01-04 18:15,72,36,36,0,0,0
2024-01-04 18:30,77,29,48,0,0,0
2024-01-04 18:45,84,33,51,0,0,0
2024-01-04 19:00,61,33,28,0,0,0
2024-01-04 19:15,84,36,48,0,0,0
2024-01-04 19:30,78,33,45,0,0,0
2024-01-04 19:45,88,53,35,0,0,0
2024-01-04 20:00,57,36,21,0,0,0
2024-01-04 20:15,49,20,29,0,0,0
2024-01-04 20:30,44,25,19,0,0,0
2024-01-04 20:45,28,9,19,0,0,0
2024-01-04 21:00,46,14,32,0,0,0
2024-01-04 21:15,43,17,26,0,0,0
2024-01-04 21:30,39,14,25,0,0,0
2024-01-04 21:45,34,9,25,0,0,0
2024-01-04 22:00,27,12,15,0,0,0
2024-01-04 22:15,34,14,20,0,0,0
2024-01-04 22:30,69,15,54,0,0,0
2024-01-04 22:45,22,6,16,0,0,0
2024-01-04 23:00,20,4,16,0,0,0
2024-01-04 23:15,17,3,14,0,0,0
2024-01-04 23:30,20,4,16,0,0,0
2024-01-04 23:45,25,18,7,0,0,0
2024-01-05 00:00,17,6,11,0,0,0
2024-01-05 00:15,9,4,5,0,0,0
2024-01-05 00:30,9,3,6,0,0,0
2024-01-05 00:45,13,3,10,0,0,0
2024-01-05 01:00,8,2,6,0,0,0
2024-01-05 01:15,2,0,2,0,0,0
2024-01-05 01:30,2,0,2,0,0,0
2024-01-05 01:45,4,1,3,0,0,0
2024-01-05 02:00,2,0,2,0,0,0
2024-01-05 02:15,3,2,1,0,0,0
2024-01-05 02:30,2,0,2,0,0,0
2024-01-05 02:45,3,3,0,0,0,0
2024-01-05 03:00,3,1,2,0,0,0
2024-01-05 03:15,1,1,0,0,0,0
2024-01-05 03:30,2,0,2,0,0,0
2024-01-05 03:45,1,0,1,0,0,0
2024-01-05 04:00,3,0,3,0,0,0
2024-01-05 04:15,3,1,2,0,0,0
2024-01-05 04:30,1,1,0,0,0,0
2024-01-05 04:45,2,1,1,0,0,0
2024-01-05 05:00,2,0,2,0,0,0
2024-01-05 05:15,8,4,4,0,0,0
2024-01-05 05:30,9,3,6,0,0,0
2024-01-05 05:45,17,9,8,0,0,0
2024-01-05 06:00,15,6,9,0,0,0
2024-01-05 06:15,31,14,17,0,0,0
2024-01-05 06:30,42,15,27,0,0,0
2024-01-05 06:45,44,23,21,0,0,0
2024-01-05 07:00,53,29,24,0,0,0
2024-01-05 07:15,54,35,19,0,0,0
2024-01-05 07:30,76,41,35,0,0,0
2024-01-05 07:45,93,40,53,0,0,0
2024-01-05 08:00,73,38,35,0,0,0
2024-01-05 08:15,69,31,38,0,0,0
2024-01-05 08:30,72,37,35,0,0,0
2024-01-05 08:45,101,60,41,0,0,0
2024-01-05 09:00,66,32,34,0,0,0
2024-01-05 09:15,69,24,45,0,0,0
2024-01-05 09:30,61,25,36,0,0,0
2024-01-05 09:45,81,31,50,0,0,0
2024-01-05 10:00,73,19,54,0,0,0
2024-01-05 10:15,59,31,28,0,0,0
2024-01-05 10:30,57,26,31,0,0,0
2024-01-05 10:45,75,33,42,0,0,0
2024-01-05 11:00,63,24,39,0,0,0
2024-01-05 11:15,66,24,42,0,0,0
2024-01-05 11:30,83,40,43,0,0,0
2024-01-05 11:45,81,22,59,0,0,0
2024-01-05 12:00,83,32,51,0,0,0
2024-01-05 12:15,82,28,54,0,0,0
2024-01-05 12:30,76,34,42,0,0,0
2024-01-05 12:45,108,59,49,0,0,0
2024-01-05 13:00,86,33,53,0,0,0
2024-01-05 13:15,81,36,45,0,0,0
2024-01-05 13:30,72,32,40,0,0,0
2024-01-05 13:45,80,44,36,0,0,0
2024-01-05 14:00,87,37,50,0,0,0
2024-01-05 14:15,107,34,73,0,0,0
2024-01-05 14:30,93,36,57,0,0,0
2024-01-05 14:45,91,34,57,0,0,0
2024-01-05 15:00,117,42,75,0,0,0
2024-01-05 15:15,101,43,58,0,0,0
2024-01-05 15:30,108,48,60,0,0,0
2024-01-05 15:45,87,38,49,0,0,0
2024-01-05 16:00,109,56,53,0,0,0
2024-01-05 16:15,95,44,51,0,0,0
2024-01-05 16:30,113,49,64,0,0,0
2024-01-05 16:45,88,44,44,0,0,0
2024-01-05 17:00,92,44,48,0,0,0
2024-01-05 17:15,87,34,53,0,0,0
2024-01-05 17:30,72,26,46,0,0,0
2024-01-05 17:45,96,48,48,0,0,0
2024-01-05 18:00,84,40,44,0,0,0
2024-01-05 18:15,69,39,30,0,0,0
2024-01-05 18:30,70,37,33,0,0,0
2024-01-05 18:45,81,38,43,0,0,0
2024-01-05 19:00,94,56,38,0,0,0
2024-01-05 19:15,74,46,28,0,0,0
2024-01-05 19:30,76,40,36,0,0,0
2024-01-05 19:45,62,28,34,0,0,0
2024-01-05 20:00,60,25,35,0,0,0
2024-01-05 20:15,72,35,37,0,0,0
2024-01-05 20:30,50,20,30,0,0,0
2024-01-05 20:45,49,22,27,0,0,0
2024-01-05 21:00,39,17,22,0,0,0
2024-01-05 21:15,48,23,25,0,0,0
2024-01-05 21:30,28,14,14,0,0,0
2024-01-05 21:45,28,12,16,0,0,0
2024-01-05 22:00,59,16,43,0,0,0
2024-01-05 22:15,56,14,42,0,0,0
2024-01-05 22:30,35,11,24,0,0,0
2024-01-05 22:45,26,10,16,0,0,0
2024-01-05 23:00,44,17,27,0,0,0
2024-01-05 23:15,34,13,21,0,0,0
2024-01-05 23:30,38,11,27,0,0,0
2024-01-05 23:45,23,9,14,0,0,0
2024-01-06 00:00,29,13,16,0,0,0
2024-01-06 00:15,46,18,28,0,0,0
2024-01-06 00:30,25,9,16,0,0,0
2024-01-06 00:45,26,10,16,0,0,0
2024-01-06 01:00,15,0,15,0,0,0
2024-01-06 01:15,16,7,9,0,0,0
2024-01-06 01:30,23,6,17,0,0,0
2024-01-06 01:45,20,4,16,0,0,0
2024-01-06 02:00,11,2,9,0,0,0
2024-01-06 02:15,20,7,13,0,0,0
2024-01-06 02:30,26,11,15,0,0,0
2024-01-06 02:45,13,4,9,0,0,0
2024-01-06 03:00,2,1,1,0,0,0
2024-01-06 03:15,10,1,9,0,0,0
2024-01-06 03:30,7,3,4,0,0,0
2024-01-06 03:45,2,0,2,0,0,0
2024-01-06 04:00,1,1,0,0,0,0
2024-01-06 04:15,6,2,4,0,0,0
2024-01-06 04:30,10,8,2,0,0,0
2024-01-06 04:45,10,3,7,0,0,0
2024-01-06 05:00,10,2,8,0,0,0
2024-01-06 05:15,6,2,4,0,0,0
2024-01-06 05:30,6,4,2,0,0,0
2024-01-06 05:45,12,4,8,0,0,0
2024-01-06 06:00,10,3,7,0,0,0
2024-01-06 06:15,11,5,6,0,0,0
2024-01-06 06:30,5,1,4,0,0,0
2024-01-06 06:45,11,6,5,0,0,0
2024-01-06 07:00,14,4,10,0,0,0
2024-01-06 07:15,6,4,2,0,0,0
2024-01-06 07:30,15,5,10,0,0,0
2024-01-06 07:45,11,5,6,0,0,0
2024-01-06 08:00,8,4,4,0,0,0
2024-01-06 08:15,11,4,7,0,0,0
2024-01-06 08:30,18,7,11,0,0,0
2024-01-06 08:45,26,5,21,0,0,0
2024-01-06 09:00,28,8,20,0,0,0
2024-01-06 09:15,25,10,15,0,0,0
2024-01-06 09:30,47,15,32,0,0,0
2024-01-06 09:45,62,29,33,0,0,0
2024-01-06 10:00,55,10,45,0,0,0
2024-01-06 10:15,44,13,31,0,0,0
2024-01-06 10:30,59,25,34,0,0,0
2024-01-06 10:45,64,25,39,0,0,0
2024-01-06 11:00,56,27,29,0,0,0
2024-01-06 11:15,77,36,41,0,0,0
2024-01-06 11:30,55,23,32,0,0,0
2024-01-06 11:45,76,33,43,0,0,0
2024-01-06 12:00,76,34,42,0,0,0
2024-01-06 12:15,57,17,40,0,0,0
2024-01-06 12:30,73,32,41,0,0,0
2024-01-06 12:45,89,44,45,0,0,0
2024-01-06 13:00,76,34,42,0,0,0
2024-01-06 13:15,80,29,51,0,0,0
2024-01-06 13:30,84,29,55,0,0,0
2024-01-06 13:45,78,32,46,0,0,0
2024-01-06 14:00,86,38,48,0,0,0
2024-01-06 14:15,98,54,44,0,0,0
2024-01-06 14:30,108,46,62,0,0,0
2024-01-06 14:45,81,37,44,0,0,0
2024-01-06 15:00,37,28,9,0,0,0
2024-01-06 15:15,69,26,43,0,0,0
2024-01-06 15:30,62,21,41,0,0,0
2024-01-06 15:45,66,21,45,0,0,0
2024-01-06 16:00,64,27,37,0,0,0
2024-01-06 16:15,72,36,36,0,0,0
2024-01-06 16:30,80,36,44,0,0,0
2024-01-06 16:45,89,41,48,0,0,0
2024-01-06 17:00,77,30,47,0,0,0
2024-01-06 17:15,83,35,48,0,0,0
2024-01-06 17:30,78,34,44,0,0,0
2024-01-06 17:45,71,32,39,0,0,0
2024-01-06 18:00,86,37,49,0,0,0
2024-01-06 18:15,61,24,37,0,0,0
2024-01-06 18:30,75,30,45,0,0,0
2024-01-06 18:45,77,38,39,0,0,0
2024-01-06 19:00,92,42,50,0,0,0
2024-01-06 19:15,60,34,26,0,0,0
2024-01-06 19:30,70,26,44,0,0,0
2024-01-06 19:45,78,42,36,0,0,0
2024-01-06 20:00,63,34,29,0,0,0
2024-01-06 20:15,51,16,35,0,0,0
2024-01-06 20:30,52,21,31,0,0,0
2024-01-06 20:45,39,22,17,0,0,0
2024-01-06 21:00,43,19,24,0,0,0
2024-01-06 21:15,51,19,32,0,0,0
2024-01-06 21:30,40,18,22,0,0,0
2024-01-06 21:45,49,8,41,0,0,0
2024-01-06 22:00,51,14,37,0,0,0
2024-01-06 22:15,82,20,62,0,0,0
2024-01-06 22:30,29,8,21,0,0,0
2024-01-06 22:45,42,12,30,0,0,0
2024-01-06 23:00,27,12,15,0,0,0
2024-01-06 23:15,45,20,25,0,0,0
2024-01-06 23:30,36,10,26,0,0,0
2024-01-06 23:45,34,8,26,0,0,0
2024-01-07 00:00,39,13,26,0,0,0
2024-01-07 00:15,35,16,19,0,0,0
2024-01-07 00:30,48,26,22,0,0,0
2024-01-07 00:45,50,17,33,0,0,0
2024-01-07 01:00,39,16,23,0,0,0
2024-01-07 01:15,37,12,25,0,0,0
2024-01-07 01:30,42,13,29,0,0,0
2024-01-07 01:45,17,7,10,0,0,0
2024-01-07 02:00,20,5,15,0,0,0
2024-01-07 02:15,17,7,10,0,0,0
2024-01-07 02:30,24,7,17,0,0,0
2024-01-07 02:45,15,5,10,0,0,0
2024-01-07 03:00,7,1,6,0,0,0
2024-01-07 03:15,11,5,6,0,0,0
2024-01-07 03:30,12,4,8,0,0,0
2024-01-07 03:45,12,2,10,0,0,0
2024-01-07 04:00,17,1,16,0,0,0
2024-01-07 04:15,11,1,10,0,0,0
2024-01-07 04:30,7,1,6,0,0,0
2024-01-07 04:45,13,5,8,0,0,0
2024-01-07 05:00,5,4,1,0,0,0
2024-01-07 05:15,5,2,3,0,0,0
2024-01-07 05:30,5,1,4,0,0,0
2024-01-07 05:45,6,1,5,0,0,0
2024-01-07 06:00,4,4,0,0,0,0
2024-01-07 06:15,6,0,6,0,0,0
2024-01-07 06:30,10,2,8,0,0,0
2024-01-07 06:45,6,1,5,0,0,0
2024-01-07 07:00,10,2,8,0,0,0
2024-01-07 07:15,3,0,3,0,0,0
2024-01-07 07:30,7,1,6,0,0,0
2024-01-07 07:45,4,0,4,0,0,0
2024-01-07 08:00,2,1,1,0,0,0
2024-01-07 08:15,7,4,3,0,0,0
2024-01-07 08:30,1,1,0,0,0,0
2024-01-07 08:45,11,6,5,0,0,0
2024-01-07 09:00,11,6,5,0,0,0
2024-01-07 09:15,22,7,15,0,0,0
2024-01-07 09:30,26,11,15,0,0,0
2024-01-07 09:45,59,15,44,0,0,0
2024-01-07 10:00,45,26,19,0,0,0
2024-01-07 10:15,26,10,16,0,0,0
2024-01-07 10:30,27,9,18,0,0,0
2024-01-07 10:45,32,10,22,0,0,0
2024-01-07 11:00,27,5,22,0,0,0
2024-01-07 11:15,48,19,29,0,0,0
2024-01-07 11:30,29,10,19,0,0,0
2024-01-07 11:45,58,15,43,0,0,0
2024-01-07 12:00,48,15,33,0,0,0
2024-01-07 12:15,65,19,46,0,0,0
2024-01-07 12:30,45,19,26,0,0,0
2024-01-07 12:45,75,28,47,0,0,0
2024-01-07 13:00,63,20,43,0,0,0
2024-01-07 13:15,59,12,47,0,0,0
2024-01-07 13:30,66,26,40,0,0,0
2024-01-07 13:45,56,16,40,0,0,0
2024-01-07 14:00,60,23,37,0,0,0
2024-01-07 14:15,53,15,38,0,0,0
2024-01-07 14:30,66,19,47,0,0,0
2024-01-07 14:45,48,19,29,0,0,0
2024-01-07 15:00,57,27,30,0,0,0
2024-01-07 15:15,53,15,38,0,0,0
2024-01-07 15:30,60,22,38,0,0,0
2024-01-07 15:45,54,19,35,0,0,0
2024-01-07 16:00,70,33,37,0,0,0
2024-01-07 16:15,60,17,43,0,0,0
2024-01-07 16:30,60,18,42,0,0,0
2024-01-07 16:45,80,41,39,0,0,0
2024-01-07 17:00,73,33,40,0,0,0
2024-01-07 17:15,70,25,45,0,0,0
2024-01-07 17:30,62,27,35,0,0,0
2024-01-07 17:45,68,30,38,0,0,0
2024-01-07 18:00,62,25,37,0,0,0
2024-01-07 18:15,64,23,41,0,0,0
2024-01-07 18:30,57,20,37,0,0,0
2024-01-07 18:45,72,32,40,0,0,0
2024-01-07 19:00,71,26,45,0,0,0
2024-01-07 19:15,57,15,42,0,0,0
2024-01-07 19:30,60,25,35,0,0,0
2024-01-07 19:45,46,12,34,0,0,0
2024-01-07 20:00,50,26,24,0,0,0
2024-01-07 20:15,48,22,26,0,0,0
2024-01-07 20:30,29,11,18,0,0,0
2024-01-07 20:45,35,18,17,0,0,0
2024-01-07 21:00,27,12,15,0,0,0
2024-01-07 21:15,41,10,31,0,0,0
2024-01-07 21:30,31,13,18,0,0,0
2024-01-07 21:45,36,12,24,0,0,0
2024-01-07 22:00,32,5,27,0,0,0
2024-01-07 22:15,27,12,15,0,0,0
2024-01-07 22:30,18,1,17,0,0,0
2024-01-07 22:45,12,6,6,0,0,0
2024-01-07 23:00,11,4,7,0,0,0
2024-01-07 23:15,17,2,15,0,0,0
2024-01-07 23:30,13,1,12,0,0,0
2024-01-07 23:45,13,0,13,0,0,0
2024-01-08 00:00,2,0,2,0,0,0
2024-01-08 00:15,5,2,3,0,0,0
2024-01-08 00:30,4,2,2,0,0,0
2024-01-08 00:45,4,1,3,0,0,0
2024-01-08 01:00,1,0,1,0,0,0
2024-01-08 01:15,6,1,5,0,0,0
2024-01-08 01:30,4,2,2,0,0,0
2024-01-08 01:45,4,0,4,0,0,0
2024-01-08 02:00,2,0,2,0,0,0
2024-01-08 02:15,1,0,1,0,0,0
2024-01-08 02:30,0,0,0,0,0,0
2024-01-08 02:45,1,1,0,0,0,0
2024-01-08 03:00,0,0,0,0,0,0
2024-01-08 03:15,0,0,0,0,0,0
2024-01-08 03:30,2,2,0,0,0,0
2024-01-08 03:45,2,2,0,0,0,0
2024-01-08 04:00,3,1,2,0,0,0
2024-01-08 04:15,3,2,1,0,0,0
2024-01-08 04:30,2,0,2,0,0,0
2024-01-08 04:45,5,4,1,0,0,0
2024-01-08 05:00,5,3,2,0,0,0
2024-01-08 05:15,12,2,10,0,0,0
2024-01-08 05:30,17,7,10,0,0,0
2024-01-08 05:45,25,15,10,0,0,0
2024-01-08 06:00,30,14,16,0,0,0
2024-01-08 06:15,37,14,23,0,0,0
2024-01-08 06:30,41,19,22,0,0,0
2024-01-08 06:45,66,35,31,0,0,0
2024-01-08 07:00,96,41,55,0,0,0
2024-01-08 07:15,114,59,55,0,0,0
2024-01-08 07:30,156,52,104,0,0,0
2024-01-08 07:45,168,87,81,0,0,0
2024-01-08 08:00,159,77,82,0,0,0
2024-01-08 08:15,154,76,78,0,0,0
2024-01-08 08:30,140,75,65,0,0,0
2024-01-08 08:45,131,54,77,0,0,0
2024-01-08 09:00,95,39,56,0,0,0
2024-01-08 09:15,82,33,49,0,0,0
2024-01-08 09:30,59,26,33,0,0,0
2024-01-08 09:45,104,34,70,0,0,0
2024-01-08 10:00,106,27,79,0,0,0
2024-01-08 10:15,61,19,42,0,0,0
2024-01-08 10:30,59,14,45,0,0,0
2024-01-08 10:45,52,19,33,0,0,0
2024-01-08 11:00,66,24,42,0,0,0
2024-01-08 11:15,74,31,43,0,0,0
2024-01-08 11:30,91,48,43,0,0,0
2024-01-08 11:45,112,43,69,0,0,0
2024-01-08 12:00,104,39,65,0,0,0
2024-01-08 12:15,93,42,51,0,0,0
2024-01-08 12:30,98,50,48,0,0,0
2024-01-08 12:45,119,50,69,0,0,0
2024-01-08 13:00,116,62,54,0,0,0
2024-01-08 13:15,103,43,60,0,0,0
2024-01-08 13:30,101,50,51,0,0,0
2024-01-08 13:45,116,47,69,0,0,0
2024-01-08 14:00,111,66,45,0,0,0
2024-01-08 14:15,120,53,67,0,0,0
2024-01-08 14:30,79,43,36,0,0,0
2024-01-08 14:45,109,58,51,0,0,0
2024-01-08 15:00,102,58,44,0,0,0
2024-01-08 15:15,99,41,58,0,0,0
2024-01-08 15:30,124,65,59,0,0,0
2024-01-08 15:45,147,79,68,0,0,0
2024-01-08 16:00,160,75,85,0,0,0
2024-01-08 16:15,155,81,74,0,0,0
2024-01-08 16:30,176,91,85,0,0,0
2024-01-08 16:45,160,80,80,0,0,0
2024-01-08 17:00,154,80,74,0,0,0
2024-01-08 17:15,130,46,84,0,0,0
2024-01-08 17:30,185,52,133,0,0,0
2024-01-08 17:45,191,60,131,0,0,0
2024-01-08 18:00,195,78,117,0,0,0
2024-01-08 18:15,111,44,67,0,0,0
2024-01-08 18:30,123,53,70,0,0,0
2024-01-08 18:45,92,45,47,0,0,0
2024-01-08 19:00,102,61,41,0,0,0
2024-01-08 19:15,104,52,52,0,0,0
2024-01-08 19:30,86,48,38,0,0,0
2024-01-08 19:45,87,46,41,0,0,0
2024-01-08 20:00,75,40,35,0,0,0
2024-01-08 20:15,50,19,31,0,0,0
2024-01-08 20:30,48,23,25,0,0,0
2024-01-08 20:45,40,26,14,0,0,0
2024-01-08 21:00,42,23,19,0,0,0
2024-01-08 21:15,44,27,17,0,0,0
2024-01-08 21:30,39,16,23,0,0,0
2024-01-08 21:45,34,13,21,0,0,0
2024-01-08 22:00,45,8,37,0,0,0
2024-01-08 22:15,46,22,24,0,0,0
2024-01-08 22:30,46,9,37,0,0,0
2024-01-08 22:45,25,7,18,0,0,0
2024-01-08 23:00,24,3,21,0,0,0
2024-01-08 23:15,12,4,8,0,0,0
2024-01-08 23:30,12,6,6,0,0,0
2024-01-08 23:45,7,1,6,0,0,0
2024-01-09 00:00,4,3,1,0,0,0
2024-01-09 00:15,8,3,5,0,0,0
2024-01-09 00:30,8,0,8,0,0,0
2024-01-09 00:45,7,3,4,0,0,0
2024-01-09 01:00,1,0,1,0,0,0
2024-01-09 01:15,3,3,0,0,0,0
2024-01-09 01:30,2,0,2,0,0,0
2024-01-09 01:45,0,0,0,0,0,0
2024-01-09 02:00,0,0,0,0,0,0
2024-01-09 02:15,4,0,4,0,0,0
2024-01-09 02:30,0,0,0,0,0,0
2024-01-09 02:45,1,1,0,0,0,0
2024-01-09 03:00,0,0,0,0,0,0
2024-01-09 03:15,1,1,0,0,0,0
2024-01-09 03:30,0,0,0,0,0,0
2024-01-09 03:45,2,1,1,0,0,0
2024-01-09 04:00,1,1,0,0,0,0
2024-01-09 04:15,2,0,2,0,0,0
2024-01-09 04:30,2,0,2,0,0,0
2024-01-09 04:45,5,3,2,0,0,0
2024-01-09 05:00,5,3,2,0,0,0
2024-01-09 05:15,8,2,6,0,0,0
2024-01-09 05:30,12,6,6,0,0,0
2024-01-09 05:45,20,11,9,0,0,0
2024-01-09 06:00,17,9,8,0,0,0
2024-01-09 06:15,41,23,18,0,0,0
2024-01-09 06:30,41,18,23,0,0,0
2024-01-09 06:45,62,31,31,0,0,0
2024-01-09 07:00,81,50,31,0,0,0
2024-01-09 07:15,103,58,45,0,0,0
2024-01-09 07:30,156,54,102,0,0,0
2024-01-09 07:45,177,84,93,0,0,0
2024-01-09 08:00,160,62,98,0,0,0
2024-01-09 08:15,145,69,76,0,0,0
2024-01-09 08:30,135,65,70,0,0,0
2024-01-09 08:45,141,50,91,0,0,0
2024-01-09 09:00,95,36,59,0,0,0
2024-01-09 09:15,86,33,53,0,0,0
2024-01-09 09:30,99,39,60,0,0,0
2024-01-09 09:45,122,42,80,0,0,0
2024-01-09 10:00,90,23,67,0,0,0
2024-01-09 10:15,69,30,39,0,0,0
2024-01-09 10:30,57,28,29,0,0,0
2024-01-09 10:45,70,22,48,0,0,0
2024-01-09 11:00,80,30,50,0,0,0
2024-01-09 11:15,78,26,52,0,0,0
2024-01-09 11:30,83,33,50,0,0,0
2024-01-09 11:45,92,32,60,0,0,0
2024-01-09 12:00,97,30,67,0,0,0
2024-01-09 12:15,89,38,51,0,0,0
2024-01-09 12:30,101,52,49,0,0,0
2024-01-09 12:45,98,36,62,0,0,0
2024-01-09 13:00,96,46,50,0,0,0
2024-01-09 13:15,91,39,52,0,0,0
2024-01-09 13:30,89,34,55,0,0,0
2024-01-09 13:45,115,52,63,0,0,0
2024-01-09 14:00,110,62,48,0,0,0
2024-01-09 14:15,104,51,53,0,0,0
2024-01-09 14:30,117,61,56,0,0,0
2024-01-09 14:45,106,46,60,0,0,0
2024-01-09 15:00,111,46,65,0,0,0
2024-01-09 15:15,94,48,46,0,0,0
2024-01-09 15:30,106,45,61,0,0,0
2024-01-09 15:45,157,61,96,0,0,0
2024-01-09 16:00,180,85,95,0,0,0
2024-01-09 16:15,151,75,76,0,0,0
2024-01-09 16:30,142,61,81,0,0,0
2024-01-09 16:45,154,58,96,0,0,0
2024-01-09 17:00,146,62,84,0,0,0
2024-01-09 17:15,143,52,91,0,0,0
2024-01-09 17:30,140,70,70,0,0,0
2024-01-09 17:45,168,85,83,0,0,0
2024-01-09 18:00,157,89,68,0,0,0
2024-01-09 18:15,128,65,63,0,0,0
2024-01-09 18:30,120,59,61,0,0,0
2024-01-09 18:45,126,67,59,0,0,0
2024-01-09 19:00,125,58,67,0,0,0
2024-01-09 19:15,99,54,45,0,0,0
2024-01-09 19:30,89,52,37,0,0,0
2024-01-09 19:45,89,41,48,0,0,0
2024-01-09 20:00,80,50,30,0,0,0
2024-01-09 20:15,77,31,46,0,0,0
2024-01-09 20:30,49,21,28,0,0,0
2024-01-09 20:45,29,12,17,0,0,0
2024-01-09 21:00,38,22,16,0,0,0
2024-01-09 21:15,51,28,23,0,0,0
2024-01-09 21:30,41,16,25,0,0,0
2024-01-09 21:45,48,17,31,0,0,0
2024-01-09 22:00,56,22,34,0,0,0
2024-01-09 22:15,41,13,28,0,0,0
2024-01-09 22:30,23,11,12,0,0,0
2024-01-09 22:45,39,14,25,0,0,0
2024-01-09 23:00,19,8,11,0,0,0
2024-01-09 23:15,20,6,14,0,0,0
2024-01-09 23:30,18,5,13,0,0,0
2024-01-09 23:45,19,6,13,0,0,0
2024-01-10 00:00,5,3,2,0,0,0
2024-01-10 00:15,4,1,3,0,0,0
2024-01-10 00:30,5,0,5,0,0,0
2024-01-10 00:45,2,2,0,0,0,0
2024-01-10 01:00,4,4,0,0,0,0
2024-01-10 01:15,6,1,5,0,0,0
2024-01-10 01:30,2,1,1,0,0,0
2024-01-10 01:45,3,1,2,0,0,0
2024-01-10 02:00,0,0,0,0,0,0
2024-01-10 02:15,5,2,3,0,0,0
2024-01-10 02:30,0,0,0,0,0,0
2024-01-10 02:45,1,1,0,0,0,0
2024-01-10 03:00,2,2,0,0,0,0
2024-01-10 03:15,0,0,0,0,0,0
2024-01-10 03:30,1,0,1,0,0,0
2024-01-10 03:45,1,1,0,0,0,0
2024-01-10 04:00,0,0,0,0,0,0
2024-01-10 04:15,2,1,1,0,0,0
2024-01-10 04:30,2,1,1,0,0,0
2024-01-10 04:45,3,1,2,0,0,0
2024-01-10 05:00,7,4,3,0,0,0
2024-01-10 05:15,15,5,10,0,0,0
2024-01-10 05:30,17,9,8,0,0,0
2024-01-10 05:45,15,9,6,0,0,0
2024-01-10 06:00,29,12,17,0,0,0
2024-01-10 06:15,33,14,19,0,0,0
2024-01-10 06:30,40,20,20,0,0,0
2024-01-10 06:45,63,33,30,0,0,0
2024-01-10 07:00,68,40,28,0,0,0
2024-01-10 07:15,95,49,46,0,0,0
2024-01-10 07:30,137,53,84,0,0,0
2024-01-10 07:45,141,67,74,0,0,0
2024-01-10 08:00,150,55,95,0,0,0
2024-01-10 08:15,149,70,79,0,0,0
2024-01-10 08:30,155,77,78,0,0,0
2024-01-10 08:45,142,66,76,0,0,0
2024-01-10 09:00,103,53,50,0,0,0
2024-01-10 09:15,69,20,49,0,0,0
2024-01-10 09:30,88,39,49,0,0,0
2024-01-10 09:45,97,31,66,0,0,0
2024-01-10 10:00,99,34,65,0,0,0
2024-01-10 10:15,65,19,46,0,0,0
2024-01-10 10:30,74,24,50,0,0,0
2024-01-10 10:45,70,19,51,0,0,0
2024-01-10 11:00,58,23,35,0,0,0
2024-01-10 11:15,71,30,41,0,0,0
2024-01-10 11:30,86,35,51,0,0,0
2024-01-10 11:45,113,46,67,0,0,0
2024-01-10 12:00,123,37,86,0,0,0
2024-01-10 12:15,104,37,67,0,0,0
2024-01-10 12:30,99,58,41,0,0,0
2024-01-10 12:45,92,41,51,0,0,0
2024-01-10 13:00,115,48,67,0,0,0
2024-01-10 13:15,92,39,53,0,0,0
2024-01-10 13:30,117,41,76,0,0,0
2024-01-10 13:45,123,56,67,0,0,0
2024-01-10 14:00,120,57,63,0,0,0
2024-01-10 14:15,119,68,51,0,0,0
2024-01-10 14:30,103,54,49,0,0,0
2024-01-10 14:45,106,53,53,0,0,0
2024-01-10 15:00,128,47,81,0,0,0
2024-01-10 15:15,112,51,61,0,0,0
2024-01-10 15:30,123,52,71,0,0,0
2024-01-10 15:45,150,91,59,0,0,0
2024-01-10 16:00,138,61,77,0,0,0
2024-01-10 16:15,133,71,62,0,0,0
2024-01-10 16:30,146,76,70,0,0,0
2024-01-10 16:45,153,79,74,0,0,0
2024-01-10 17:00,157,76,81,0,0,0
2024-01-10 17:15,152,89,63,0,0,0
2024-01-10 17:30,143,57,86,0,0,0
2024-01-10 17:45,149,82,67,0,0,0
2024-01-10 18:00,127,58,69,0,0,0
2024-01-10 18:15,154,68,86,0,0,0
2024-01-10 18:30,98,46,52,0,0,0
2024-01-10 18:45,131,68,63,0,0,0
2024-01-10 19:00,110,56,54,0,0,0
2024-01-10 19:15,108,54,54,0,0,0
2024-01-10 19:30,69,36,33,0,0,0
2024-01-10 19:45,77,33,44,0,0,0
2024-01-10 20:00,84,44,40,0,0,0
2024-01-10 20:15,75,39,36,0,0,0
2024-01-10 20:30,55,24,31,0,0,0
2024-01-10 20:45,52,22,30,0,0,0
2024-01-10 21:00,50,15,35,0,0,0
2024-01-10 21:15,68,33,35,0,0,0
2024-01-10 21:30,53,27,26,0,0,0
2024-01-10 21:45,58,15,43,0,0,0
2024-01-10 22:00,63,19,44,0,0,0
2024-01-10 22:15,35,12,23,0,0,0
2024-01-10 22:30,46,16,30,0,0,0
2024-01-10 22:45,54,19,35,0,0,0
2024-01-10 23:00,28,12,16,0,0,0
2024-01-10 23:15,35,10,25,0,0,0
2024-01-10 23:30,16,6,10,0,0,0
2024-01-10 23:45,28,11,17,0,0,0
2024-01-11 00:00,16,9,7,0,0,0
2024-01-11 00:15,9,4,5,0,0,0
2024-01-11 00:30,13,6,7,0,0,0
2024-01-11 00:45,6,0,6,0,0,0
2024-01-11 01:00,4,1,3,0,0,0
2024-01-11 01:15,13,6,7,0,0,0
2024-01-11 01:30,6,6,0,0,0,0
2024-01-11 01:45,15,7,8,0,0,0
2024-01-11 02:00,7,3,4,0,0,0
2024-01-11 02:15,6,4,2,0,0,0
2024-01-11 02:30,8,3,5,0,0,0
2024-01-11 02:45,7,4,3,0,0,0
2024-01-11 03:00,0,0,0,0,0,0
2024-01-11 03:15,2,2,0,0,0,0
2024-01-11 03:30,3,2,1,0,0,0
2024-01-11 03:45,3,3,0,0,0,0
2024-01-11 04:00,1,0,1,0,0,0
2024-01-11 04:15,3,2,1,0,0,0
2024-01-11 04:30,3,3,0,0,0,0
2024-01-11 04:45,7,3,4,0,0,0
2024-01-11 05:00,3,1,2,0,0,0
2024-01-11 05:15,11,4,7,0,0,0
2024-01-11 05:30,11,3,8,0,0,0
2024-01-11 05:45,22,14,8,0,0,0
2024-01-11 06:00,21,8,13,0,0,0
2024-01-11 06:15,31,15,16,0,0,0
2024-01-11 06:30,41,17,24,0,0,0
2024-01-11 06:45,55,34,21,0,0,0
2024-01-11 07:00,78,41,37,0,0,0
2024-01-11 07:15,98,56,42,0,0,0
2024-01-11 07:30,132,51,81,0,0,0
2024-01-11 07:45,146,74,72,0,0,0
2024-01-11 08:00,151,75,76,0,0,0
2024-01-11 08:15,143,58,85,0,0,0
2024-01-11 08:30,135,69,66,0,0,0
2024-01-11 08:45,137,55,82,0,0,0
2024-01-11 09:00,98,47,51,0,0,0
2024-01-11 09:15,84,31,53,0,0,0
2024-01-11 09:30,78,30,48,0,0,0
2024-01-11 09:45,98,30,68,0,0,0
2024-01-11 10:00,100,32,68,0,0,0
2024-01-11 10:15,62,24,38,0,0,0
2024-01-11 10:30,81,34,47,0,0,0
2024-01-11 10:45,80,38,42,0,0,0
2024-01-11 11:00,54,22,32,0,0,0
2024-01-11 11:15,63,26,37,0,0,0
2024-01-11 11:30,101,34,67,0,0,0
2024-01-11 11:45,113,50,63,0,0,0
2024-01-11 12:00,116,47,69,0,0,0
2024-01-11 12:15,97,47,50,0,0,0
2024-01-11 12:30,105,53,52,0,0,0
2024-01-11 12:45,106,41,65,0,0,0
2024-01-11 13:00,102,48,54,0,0,0
2024-01-11 13:15,135,64,71,0,0,0
2024-01-11 13:30,84,36,48,0,0,0
2024-01-11 13:45,121,42,79,0,0,0
2024-01-11 14:00,108,47,61,0,0,0
2024-01-11 14:15,107,48,59,0,0,0
2024-01-11 14:30,94,44,50,0,0,0
2024-01-11 14:45,122,60,62,0,0,0
2024-01-11 15:00,109,52,57,0,0,0
2024-01-11 15:15,119,56,63,0,0,0
2024-01-11 15:30,123,63,60,0,0,0
2024-01-11 15:45,146,94,52,0,0,0
2024-01-11 16:00,159,85,74,0,0,0
2024-01-11 16:15,144,86,58,0,0,0
2024-01-11 16:30,143,75,68,0,0,0
2024-01-11 16:45,120,52,68,0,0,0
2024-01-11 17:00,145,61,84,0,0,0
2024-01-11 17:15,175,50,125,0,0,0
2024-01-11 17:30,132,62,70,0,0,0
2024-01-11 17:45,174,64,110,0,0,0
2024-01-11 18:00,172,64,108,0,0,0
2024-01-11 18:15,110,50,60,0,0,0
2024-01-11 18:30,129,63,66,0,0,0
2024-01-11 18:45,118,71,47,0,0,0
2024-01-11 19:00,119,59,60,0,0,0
2024-01-11 19:15,90,55,35,0,0,0
2024-01-11 19:30,69,43,26,0,0,0
2024-01-11 19:45,79,42,37,0,0,0
2024-01-11 20:00,73,31,42,0,0,0
2024-01-11 20:15,67,28,39,0,0,0
2024-01-11 20:30,42,22,20,0,0,0
2024-01-11 20:45,39,17,22,0,0,0
2024-01-11 21:00,53,26,27,0,0,0
2024-01-11 21:15,33,17,16,0,0,0
2024-01-11 21:30,30,16,14,0,0,0
2024-01-11 21:45,65,20,45,0,0,0
2024-01-11 22:00,46,10,36,0,0,0
2024-01-11 22:15,56,17,39,0,0,0
2024-01-11 22:30,51,12,39,0,0,0
2024-01-11 22:45,64,12,52,0,0,0
2024-01-11 23:00,41,6,35,0,0,0
2024-01-11 23:15,14,2,12,0,0,0
2024-01-11 23:30,21,7,14,0,0,0
2024-01-11 23:45,14,7,7,0,0,0
2024-01-12 00:00,7,1,6,0,0,0
2024-01-12 00:15,26,6,20,0,0,0
2024-01-12 00:30,7,2,5,0,0,0
2024-01-12 00:45,5,3,2,0,0,0
2024-01-12 01:00,3,2,1,0,0,0
2024-01-12 01:15,3,1,2,0,0,0
2024-01-12 01:30,6,2,4,0,0,0
2024-01-12 01:45,5,1,4,0,0,0
2024-01-12 02:00,1,1,0,0,0,0
2024-01-12 02:15,0,0,0,0,0,0
2024-01-12 02:30,2,2,0,0,0,0
2024-01-12 02:45,3,0,3,0,0,0
2024-01-12 03:00,3,0,3,0,0,0
2024-01-12 03:15,3,2,1,0,0,0
2024-01-12 03:30,0,0,0,0,0,0
2024-01-12 03:45,1,1,0,0,0,0
2024-01-12 04:00,0,0,0,0,0,0
2024-01-12 04:15,3,2,1,0,0,0
2024-01-12 04:30,3,0,3,0,0,0
2024-01-12 04:45,4,3,1,0,0,0
2024-01-12 05:00,4,2,2,0,0,0
2024-01-12 05:15,5,2,3,0,0,0
2024-01-12 05:30,17,9,8,0,0,0
2024-01-12 05:45,11,5,6,0,0,0
2024-01-12 06:00,20,10,10,0,0,0
2024-01-12 06:15,32,6,26,0,0,0
2024-01-12 06:30,45,17,28,0,0,0
2024-01-12 06:45,49,25,24,0,0,0
2024-01-12 07:00,53,30,23,0,0,0
2024-01-12 07:15,102,42,60,0,0,0
2024-01-12 07:30,98,44,54,0,0,0
2024-01-12 07:45,122,54,68,0,0,0
2024-01-12 08:00,106,47,59,0,0,0
2024-01-12 08:15,107,45,62,0,0,0
2024-01-12 08:30,112,43,69,0,0,0
2024-01-12 08:45,99,50,49,0,0,0
2024-01-12 09:00,70,33,37,0,0,0
2024-01-12 09:15,70,26,44,0,0,0
2024-01-12 09:30,61,24,37,0,0,0
2024-01-12 09:45,77,24,53,0,0,0
2024-01-12 10:00,85,26,59,0,0,0
2024-01-12 10:15,52,13,39,0,0,0
2024-01-12 10:30,74,16,58,0,0,0
2024-01-12 10:45,63,16,47,0,0,0
2024-01-12 11:00,70,24,46,0,0,0
2024-01-12 11:15,65,20,45,0,0,0
2024-01-12 11:30,80,31,49,0,0,0
2024-01-12 11:45,84,35,49,0,0,0
2024-01-12 12:00,95,39,56,0,0,0
2024-01-12 12:15,71,23,48,0,0,0
2024-01-12 12:30,79,34,45,0,0,0
2024-01-12 12:45,86,35,51,0,0,0
2024-01-12 13:00,106,37,69,0,0,0
2024-01-12 13:15,121,50,71,0,0,0
2024-01-12 13:30,108,40,68,0,0,0
2024-01-12 13:45,93,40,53,0,0,0
2024-01-12 14:00,119,49,70,0,0,0
2024-01-12 14:15,114,45,69,0,0,0
2024-01-12 14:30,71,27,44,0,0,0
2024-01-12 14:45,113,51,62,0,0,0
2024-01-12 15:00,82,23,59,0,0,0
2024-01-12 15:15,111,39,72,0,0,0
2024-01-12 15:30,108,44,64,0,0,0
2024-01-12 15:45,95,41,54,0,0,0
2024-01-12 16:00,86,43,43,0,0,0
2024-01-12 16:15,112,53,59,0,0,0
2024-01-12 16:30,105,52,53,0,0,0
2024-01-12 16:45,73,32,41,0,0,0
2024-01-12 17:00,89,43,46,0,0,0
2024-01-12 17:15,90,37,53,0,0,0
2024-01-12 17:30,94,37,57,0,0,0
2024-01-12 17:45,87,35,52,0,0,0
2024-01-12 18:00,99,40,59,0,0,0
2024-01-12 18:15,70,38,32,0,0,0
2024-01-12 18:30,88,35,53,0,0,0
2024-01-12 18:45,99,35,64,0,0,0
2024-01-12 19:00,95,40,55,0,0,0
2024-01-12 19:15,60,21,39,0,0,0
2024-01-12 19:30,66,32,34,0,0,0
2024-01-12 19:45,87,45,42,0,0,0
2024-01-12 20:00,91,38,53,0,0,0
2024-01-12 20:15,77,31,46,0,0,0
2024-01-12 20:30,67,13,54,0,0,0
2024-01-12 20:45,53,20,33,0,0,0
2024-01-12 21:00,48,18,30,0,0,0
2024-01-12 21:15,66,27,39,0,0,0
2024-01-12 21:30,57,25,32,0,0,0
2024-01-12 21:45,48,20,28,0,0,0
2024-01-12 22:00,47,14,33,0,0,0
2024-01-12 22:15,46,19,27,0,0,0
2024-01-12 22:30,40,11,29,0,0,0
2024-01-12 22:45,64,26,38,0,0,0
2024-01-12 23:00,45,14,31,0,0,0
2024-01-12 23:15,57,22,35,0,0,0
2024-01-12 23:30,41,16,25,0,0,0
2024-01-12 23:45,45,29,16,0,0,0
2024-01-13 00:00,37,15,22,0,0,0
2024-01-13 00:15,40,20,20,0,0,0
2024-01-13 00:30,43,15,28,0,0,0
2024-01-13 00:45,47,13,34,0,0,0
2024-01-13 01:00,28,12,16,0,0,0
2024-01-13 01:15,34,11,23,0,0,0
2024-01-13 01:30,31,14,17,0,0,0
2024-01-13 01:45,26,8,18,0,0,0
2024-01-13 02:00,28,5,23,0,0,0
2024-01-13 02:15,25,10,15,0,0,0
2024-01-13 02:30,14,5,9,0,0,0
2024-01-13 02:45,18,4,14,0,0,0
2024-01-13 03:00,14,9,5,0,0,0
2024-01-13 03:15,21,9,12,0,0,0
2024-01-13 03:30,8,1,7,0,0,0
2024-01-13 03:45,14,3,11,0,0,0
2024-01-13 04:00,15,3,12,0,0,0
2024-01-13 04:15,18,2,16,0,0,0
2024-01-13 04:30,5,1,4,0,0,0
2024-01-13 04:45,10,5,5,0,0,0
2024-01-13 05:00,9,4,5,0,0,0
2024-01-13 05:15,17,0,17,0,0,0
2024-01-13 05:30,18,6,12,0,0,0
2024-01-13 05:45,16,4,12,0,0,0
2024-01-13 06:00,10,3,7,0,0,0
2024-01-13 06:15,3,1,2,0,0,0
2024-01-13 06:30,5,1,4,0,0,0
2024-01-13 06:45,16,6,10,0,0,0
2024-01-13 07:00,12,2,10,0,0,0
2024-01-13 07:15,6,2,4,0,0,0
2024-01-13 07:30,17,7,10,0,0,0
2024-01-13 07:45,12,5,7,0,0,0
2024-01-13 08:00,15,5,10,0,0,0
2024-01-13 08:15,29,8,21,0,0,0
2024-01-13 08:30,20,6,14,0,0,0
2024-01-13 08:45,67,19,48,0,0,0
2024-01-13 09:00,34,10,24,0,0,0
2024-01-13 09:15,47,19,28,0,0,0
2024-01-13 09:30,51,17,34,0,0,0
2024-01-13 09:45,68,30,38,0,0,0
2024-01-13 10:00,57,20,37,0,0,0
2024-01-13 10:15,45,22,23,0,0,0
2024-01-13 10:30,64,27,37,0,0,0
2024-01-13 10:45,58,24,34,0,0,0
2024-01-13 11:00,60,25,35,0,0,0
2024-01-13 11:15,52,13,39,0,0,0
2024-01-13 11:30,48,14,34,0,0,0
2024-01-13 11:45,83,30,53,0,0,0
2024-01-13 12:00,76,29,47,0,0,0
2024-01-13 12:15,82,32,50,0,0,0
2024-01-13 12:30,71,26,45,0,0,0
2024-01-13 12:45,99,35,64,0,0,0
2024-01-13 13:00,73,31,42,0,0,0
2024-01-13 13:15,82,20,62,0,0,0
2024-01-13 13:30,72,22,50,0,0,0
2024-01-13 13:45,75,31,44,0,0,0
2024-01-13 14:00,72,30,42,0,0,0
2024-01-13 14:15,65,24,41,0,0,0
2024-01-13 14:30,62,28,34,0,0,0
2024-01-13 14:45,84,36,48,0,0,0
2024-01-13 15:00,87,38,49,0,0,0
2024-01-13 15:15,77,29,48,0,0,0
2024-01-13 15:30,76,42,34,0,0,0
2024-01-13 15:45,70,34,36,0,0,0
2024-01-13 16:00,100,37,63,0,0,0
2024-01-13 16:15,68,33,35,0,0,0
2024-01-13 16:30,64,21,43,0,0,0
2024-01-13 16:45,76,27,49,0,0,0
2024-01-13 17:00,84,30,54,0,0,0
2024-01-13 17:15,75,35,40,0,0,0
2024-01-13 17:30,85,40,45,0,0,0
2024-01-13 17:45,82,33,49,0,0,0
2024-01-13 18:00,61,27,34,0,0,0
2024-01-13 18:15,86,40,46,0,0,0
2024-01-13 18:30,65,29,36,0,0,0
2024-01-13 18:45,72,34,38,0,0,0
2024-01-13 19:00,72,30,42,0,0,0
2024-01-13 19:15,77,37,40,0,0,0
2024-01-13 19:30,61,29,32,0,0,0
2024-01-13 19:45,93,38,55,0,0,0
2024-01-13 20:00,75,37,38,0,0,0
2024-01-13 20:15,73,36,37,0,0,0
2024-01-13 20:30,72,25,47,0,0,0
2024-01-13 20:45,56,28,28,0,0,0
2024-01-13 21:00,47,17,30,0,0,0
2024-01-13 21:15,38,18,20,0,0,0
2024-01-13 21:30,40,5,35,0,0,0
2024-01-13 21:45,58,18,40,0,0,0
2024-01-13 22:00,64,21,43,0,0,0
2024-01-13 22:15,53,24,29,0,0,0
2024-01-13 22:30,43,16,27,0,0,0
2024-01-13 22:45,38,12,26,0,0,0
2024-01-13 23:00,46,21,25,0,0,0
2024-01-13 23:15,47,24,23,0,0,0
2024-01-13 23:30,59,21,38,0,0,0
2024-01-13 23:45,39,21,18,0,0,0
2024-01-14 00:00,51,32,19,0,0,0
2024-01-14 00:15,66,27,39,0,0,0
2024-01-14 00:30,78,48,30,0,0,0
2024-01-14 00:45,50,28,22,0,0,0
2024-01-14 01:00,54,17,37,0,0,0
2024-01-14 01:15,42,18,24,0,0,0
2024-01-14 01:30,30,8,22,0,0,0
2024-01-14 01:45,30,10,20,0,0,0
2024-01-14 02:00,29,11,18,0,0,0
2024-01-14 02:15,34,13,21,0,0,0
2024-01-14 02:30,18,8,10,0,0,0
2024-01-14 02:45,29,10,19,0,0,0
2024-01-14 03:00,24,7,17,0,0,0
2024-01-14 03:15,26,0,26,0,0,0
2024-01-14 03:30,18,4,14,0,0,0
2024-01-14 03:45,46,1,45,0,0,0
2024-01-14 04:00,32,7,25,0,0,0
2024-01-14 04:15,22,2,20,0,0,0
2024-01-14 04:30,27,2,25,0,0,0
2024-01-14 04:45,18,2,16,0,0,0
2024-01-14 05:00,10,0,10,0,0,0
2024-01-14 05:15,18,3,15,0,0,0
2024-01-14 05:30,12,4,8,0,0,0
2024-01-14 05:45,7,2,5,0,0,0
2024-01-14 06:00,7,1,6,0,0,0
2024-01-14 06:15,4,0,4,0,0,0
2024-01-14 06:30,9,1,8,0,0,0
2024-01-14 06:45,3,0,3,0,0,0
2024-01-14 07:00,4,2,2,0,0,0
2024-01-14 07:15,7,2,5,0,0,0
2024-01-14 07:30,11,2,9,0,0,0
2024-01-14 07:45,4,2,2,0,0,0
2024-01-14 08:00,11,5,6,0,0,0
2024-01-14 08:15,9,2,7,0,0,0
2024-01-14 08:30,9,2,7,0,0,0
2024-01-14 08:45,16,7,9,0,0,0
2024-01-14 09:00,20,6,14,0,0,0
2024-01-14 09:15,21,10,11,0,0,0
2024-01-14 09:30,34,16,18,0,0,0
2024-01-14 09:45,44,15,29,0,0,0
2024-01-14 10:00,39,10,29,0,0,0
2024-01-14 10:15,28,10,18,0,0,0
2024-01-14 10:30,35,12,23,0,0,0
2024-01-14 10:45,44,18,26,0,0,0
2024-01-14 11:00,55,21,34,0,0,0
2024-01-14 11:15,38,14,24,0,0,0
2024-01-14 11:30,28,11,17,0,0,0
2024-01-14 11:45,39,16,23,0,0,0
2024-01-14 12:00,42,18,24,0,0,0
2024-01-14 12:15,49,18,31,0,0,0
2024-01-14 12:30,61,31,30,0,0,0
2024-01-14 12:45,60,21,39,0,0,0
2024-01-14 13:00,50,17,33,0,0,0
2024-01-14 13:15,58,23,35,0,0,0
2024-01-14 13:30,66,21,45,0,0,0
2024-01-14 13:45,59,24,35,0,0,0
2024-01-14 14:00,44,17,27,0,0,0
2024-01-14 14:15,72,27,45,0,0,0
2024-01-14 14:30,75,29,46,0,0,0
2024-01-14 14:45,82,27,55,0,0,0
2024-01-14 15:00,78,30,48,0,0,0
2024-01-14 15:15,73,23,50,0,0,0
2024-01-14 15:30,59,22,37,0,0,0
2024-01-14 15:45,76,31,45,0,0,0
2024-01-14 16:00,47,22,25,0,0,0
2024-01-14 16:15,49,19,30,0,0,0
2024-01-14 16:30,55,14,41,0,0,0
2024-01-14 16:45,62,28,34,0,0,0
2024-01-14 17:00,54,22,32,0,0,0
2024-01-14 17:15,71,27,44,0,0,0
2024-01-14 17:30,78,36,42,0,0,0
2024-01-14 17:45,82,35,47,0,0,0
2024-01-14 18:00,76,36,40,0,0,0
2024-01-14 18:15,92,28,64,0,0,0
2024-01-14 18:30,82,19,63,0,0,0
2024-01-14 18:45,56,25,31,0,0,0
2024-01-14 19:00,73,38,35,0,0,0
2024-01-14 19:15,49,19,30,0,0,0
2024-01-14 19:30,52,23,29,0,0,0
2024-01-14 19:45,48,22,26,0,0,0
2024-01-14 20:00,52,30,22,0,0,0
2024-01-14 20:15,45,21,24,0,0,0
2024-01-14 20:30,39,5,34,0,0,0
2024-01-14 20:45,43,14,29,0,0,0
2024-01-14 21:00,32,7,25,0,0,0
2024-01-14 21:15,23,12,11,0,0,0
2024-01-14 21:30,22,12,10,0,0,0
2024-01-14 21:45,42,8,34,0,0,0
2024-01-14 22:00,39,10,29,0,0,0
2024-01-14 22:15,33,6,27,0,0,0
2024-01-14 22:30,29,4,25,0,0,0
2024-01-14 22:45,19,7,12,0,0,0
2024-01-14 23:00,17,7,10,0,0,0
2024-01-14 23:15,12,3,9,0,0,0
2024-01-14 23:30,7,2,5,0,0,0
2024-01-14 23:45,10,3,7,0,0,0
2024-01-15 00:00,12,0,12,0,0,0
2024-01-15 00:15,0,0,0,0,0,0
2024-01-15 00:30,3,0,3,0,0,0
2024-01-15 00:45,4,1,3,0,0,0
2024-01-15 01:00,7,2,5,0,0,0
2024-01-15 01:15,4,2,2,0,0,0
2024-01-15 01:30,2,0,2,0,0,0
2024-01-15 01:45,1,0,1,0,0,0
2024-01-15 02:00,0,0,0,0,0,0
2024-01-15 02:15,1,0,1,0,0,0
2024-01-15 02:30,0,0,0,0,0,0
2024-01-15 02:45,1,1,0,0,0,0
2024-01-15 03:00,2,0,2,0,0,0
2024-01-15 03:15,1,0,1,0,0,0
2024-01-15 03:30,1,1,0,0,0,0
2024-01-15 03:45,0,0,0,0,0,0
2024-01-15 04:00,1,0,1,0,0,0
2024-01-15 04:15,6,3,3,0,0,0
2024-01-15 04:30,1,1,0,0,0,0
2024-01-15 04:45,2,1,1,0,0,0
2024-01-15 05:00,5,0,5,0,0,0
2024-01-15 05:15,3,1,2,0,0,0
2024-01-15 05:30,10,2,8,0,0,0
2024-01-15 05:45,19,11,8,0,0,0
2024-01-15 06:00,19,6,13,0,0,0
2024-01-15 06:15,49,18,31,0,0,0
2024-01-15 06:30,55,16,39,0,0,0
2024-01-15 06:45,45,19,26,0,0,0
2024-01-15 07:00,75,38,37,0,0,0
2024-01-15 07:15,111,46,65,0,0,0
2024-01-15 07:30,134,46,88,0,0,0
2024-01-15 07:45,163,90,73,0,0,0
2024-01-15 08:00,127,52,75,0,0,0
2024-01-15 08:15,146,71,75,0,0,0
2024-01-15 08:30,127,67,60,0,0,0
2024-01-15 08:45,110,58,52,0,0,0
2024-01-15 09:00,85,29,56,0,0,0
2024-01-15 09:15,91,31,60,0,0,0
2024-01-15 09:30,73,32,41,0,0,0
2024-01-15 09:45,97,30,67,0,0,0
2024-01-15 10:00,88,19,69,0,0,0
2024-01-15 10:15,67,24,43,0,0,0
2024-01-15 10:30,62,31,31,0,0,0
2024-01-15 10:45,67,21,46,0,0,0
2024-01-15 11:00,77,24,53,0,0,0
2024-01-15 11:15,85,26,59,0,0,0
2024-01-15 11:30,73,27,46,0,0,0
2024-01-15 11:45,107,42,65,0,0,0
2024-01-15 12:00,94,31,63,0,0,0
2024-01-15 12:15,100,41,59,0,0,0
2024-01-15 12:30,90,43,47,0,0,0
2024-01-15 12:45,105,55,50,0,0,0
2024-01-15 13:00,103,44,59,0,0,0
2024-01-15 13:15,95,43,52,0,0,0
2024-01-15 13:30,88,32,56,0,0,0
2024-01-15 13:45,125,49,76,0,0,0
2024-01-15 14:00,115,44,71,0,0,0
2024-01-15 14:15,114,51,63,0,0,0
2024-01-15 14:30,102,52,50,0,0,0
2024-01-15 14:45,100,40,60,0,0,0
2024-01-15 15:00,99,41,58,0,0,0
2024-01-15 15:15,80,29,51,0,0,0
2024-01-15 15:30,80,27,53,0,0,0
2024-01-15 15:45,120,62,58,0,0,0
2024-01-15 16:00,134,67,67,0,0,0
2024-01-15 16:15,110,47,63,0,0,0
2024-01-15 16:30,122,46,76,0,0,0
2024-01-15 16:45,131,61,70,0,0,0
2024-01-15 17:00,118,34,84,0,0,0
2024-01-15 17:15,150,59,91,0,0,0
2024-01-15 17:30,157,83,74,0,0,0
2024-01-15 17:45,177,84,93,0,0,0
2024-01-15 18:00,136,73,63,0,0,0
2024-01-15 18:15,124,56,68,0,0,0
2024-01-15 18:30,97,49,48,0,0,0
2024-01-15 18:45,109,57,52,0,0,0
2024-01-15 19:00,100,49,51,0,0,0
2024-01-15 19:15,110,50,60,0,0,0
2024-01-15 19:30,80,39,41,0,0,0
2024-01-15 19:45,93,42,51,0,0,0
2024-01-15 20:00,86,47,39,0,0,0
2024-01-15 20:15,58,30,28,0,0,0
2024-01-15 20:30,46,21,25,0,0,0
2024-01-15 20:45,36,16,20,0,0,0
2024-01-15 21:00,34,19,15,0,0,0
2024-01-15 21:15,39,20,19,0,0,0
2024-01-15 21:30,30,5,25,0,0,0
2024-01-15 21:45,41,11,30,0,0,0
2024-01-15 22:00,44,8,36,0,0,0
2024-01-15 22:15,40,8,32,0,0,0
2024-01-15 22:30,35,10,25,0,0,0
2024-01-15 22:45,42,12,30,0,0,0
2024-01-15 23:00,22,5,17,0,0,0
2024-01-15 23:15,13,3,10,0,0,0
2024-01-15 23:30,6,3,3,0,0,0
2024-01-15 23:45,8,2,6,0,0,0
2024-01-16 00:00,10,4,6,0,0,0
2024-01-16 00:15,5,1,4,0,0,0
2024-01-16 00:30,4,3,1,0,0,0
2024-01-16 00:45,6,2,4,0,0,0
2024-01-16 01:00,6,1,5,0,0,0
2024-01-16 01:15,5,2,3,0,0,0
2024-01-16 01:30,4,0,4,0,0,0
2024-01-16 01:45,5,2,3,0,0,0
2024-01-16 02:00,4,1,3,0,0,0
2024-01-16 02:15,2,0,2,0,0,0
2024-01-16 02:30,0,0,0,0,0,0
2024-01-16 02:45,0,0,0,0,0,0
2024-01-16 03:00,2,0,2,0,0,0
2024-01-16 03:15,1,0,1,0,0,0
2024-01-16 03:30,2,1,1,0,0,0
2024-01-16 03:45,0,0,0,0,0,0
2024-01-16 04:00,1,1,0,0,0,0
2024-01-16 04:15,1,0,1,0,0,0
2024-01-16 04:30,0,0,0,0,0,0
2024-01-16 04:45,5,2,3,0,0,0
2024-01-16 05:00,2,1,1,0,0,0
2024-01-16 05:15,6,3,3,0,0,0
2024-01-16 05:30,9,2,7,0,0,0
2024-01-16 05:45,13,6,7,0,0,0
2024-01-16 06:00,16,10,6,0,0,0
2024-01-16 06:15,48,23,25,0,0,0
2024-01-16 06:30,46,23,23,0,0,0
2024-01-16 06:45,68,29,39,0,0,0
2024-01-16 07:00,83,40,43,0,0,0
2024-01-16 07:15,96,58,38,0,0,0
2024-01-16 07:30,127,51,76,0,0,0
2024-01-16 07:45,193,80,113,0,0,0
2024-01-16 08:00,180,72,108,0,0,0
2024-01-16 08:15,145,82,63,0,0,0
2024-01-16 08:30,118,62,56,0,0,0
2024-01-16 08:45,144,56,88,0,0,0
2024-01-16 09:00,85,33,52,0,0,0
2024-01-16 09:15,81,29,52,0,0,0
2024-01-16 09:30,95,23,72,0,0,0
2024-01-16 09:45,104,25,79,0,0,0
2024-01-16 10:00,104,30,74,0,0,0
2024-01-16 10:15,80,33,47,0,0,0
2024-01-16 10:30,75,31,44,0,0,0
2024-01-16 10:45,78,29,49,0,0,0
2024-01-16 11:00,75,20,55,0,0,0
2024-01-16 11:15,61,23,38,0,0,0
2024-01-16 11:30,86,29,57,0,0,0
2024-01-16 11:45,107,29,78,0,0,0
2024-01-16 12:00,102,45,57,0,0,0
2024-01-16 12:15,105,46,59,0,0,0
2024-01-16 12:30,82,31,51,0,0,0
2024-01-16 12:45,102,43,59,0,0,0
2024-01-16 13:00,82,38,44,0,0,0
2024-01-16 13:15,90,43,47,0,0,0
2024-01-16 13:30,97,41,56,0,0,0
2024-01-16 13:45,124,61,63,0,0,0
2024-01-16 14:00,105,46,59,0,0,0
2024-01-16 14:15,92,53,39,0,0,0
2024-01-16 14:30,86,31,55,0,0,0
2024-01-16 14:45,100,51,49,0,0,0
2024-01-16 15:00,78,41,37,0,0,0
2024-01-16 15:15,104,48,56,0,0,0
2024-01-16 15:30,101,51,50,0,0,0
2024-01-16 15:45,155,81,74,0,0,0
2024-01-16 16:00,130,69,61,0,0,0
2024-01-16 16:15,191,88,103,0,0,0
2024-01-16 16:30,146,69,77,0,0,0
2024-01-16 16:45,153,67,86,0,0,0
2024-01-16 17:00,179,78,101,0,0,0
2024-01-16 17:15,155,64,91,0,0,0
2024-01-16 17:30,154,83,71,0,0,0
2024-01-16 17:45,160,69,91,0,0,0
2024-01-16 18:00,148,71,77,0,0,0
2024-01-16 18:15,136,60,76,0,0,0
2024-01-16 18:30,100,41,59,0,0,0
2024-01-16 18:45,139,83,56,0,0,0
2024-01-16 19:00,113,59,54,0,0,0
2024-01-16 19:15,105,60,45,0,0,0
2024-01-16 19:30,83,37,46,0,0,0
2024-01-16 19:45,101,46,55,0,0,0
2024-01-16 20:00,87,39,48,0,0,0
2024-01-16 20:15,63,29,34,0,0,0
2024-01-16 20:30,57,21,36,0,0,0
2024-01-16 20:45,47,22,25,0,0,0
2024-01-16 21:00,55,23,32,0,0,0
2024-01-16 21:15,45,15,30,0,0,0
2024-01-16 21:30,32,11,21,0,0,0
2024-01-16 21:45,50,22,28,0,0,0
2024-01-16 22:00,43,12,31,0,0,0
2024-01-16 22:15,70,24,46,0,0,0
2024-01-16 22:30,46,19,27,0,0,0
2024-01-16 22:45,28,9,19,0,0,0
2024-01-16 23:00,27,10,17,0,0,0
2024-01-16 23:15,18,4,14,0,0,0
2024-01-16 23:30,17,8,9,0,0,0
2024-01-16 23:45,6,2,4,0,0,0
2024-01-17 00:00,9,4,5,0,0,0
2024-01-17 00:15,6,1,5,0,0,0
2024-01-17 00:30,4,2,2,0,0,0
2024-01-17 00:45,4,2,2,0,0,0
2024-01-17 01:00,6,1,5,0,0,0
2024-01-17 01:15,6,4,2,0,0,0
2024-01-17 01:30,0,0,0,0,0,0
2024-01-17 01:45,2,1,1,0,0,0
2024-01-17 02:00,0,0,0,0,0,0
2024-01-17 02:15,3,1,2,0,0,0
2024-01-17 02:30,0,0,0,0,0,0
2024-01-17 02:45,1,1,0,0,0,0
2024-01-17 03:00,1,0,1,0,0,0
2024-01-17 03:15,4,2,2,0,0,0
2024-01-17 03:30,1,0,1,0,0,0
2024-01-17 03:45,1,1,0,0,0,0
2024-01-17 04:00,1,1,0,0,0,0
2024-01-17 04:15,1,1,0,0,0,0
2024-01-17 04:30,2,1,1,0,0,0
2024-01-17 04:45,2,2,0,0,0,0
2024-01-17 05:00,3,3,0,0,0,0
2024-01-17 05:15,6,1,5,0,0,0
2024-01-17 05:30,11,3,8,0,0,0
2024-01-17 05:45,22,10,12,0,0,0
2024-01-17 06:00,15,5,10,0,0,0
2024-01-17 06:15,42,18,24,0,0,0
2024-01-17 06:30,53,25,28,0,0,0
2024-01-17 06:45,75,31,44,0,0,0
2024-01-17 07:00,64,31,33,0,0,0
2024-01-17 07:15,100,45,55,0,0,0
2024-01-17 07:30,118,48,70,0,0,0
2024-01-17 07:45,153,63,90,0,0,0
2024-01-17 08:00,156,72,84,0,0,0
2024-01-17 08:15,166,74,92,0,0,0
2024-01-17 08:30,140,59,81,0,0,0
2024-01-17 08:45,162,69,93,0,0,0
2024-01-17 09:00,91,40,51,0,0,0
2024-01-17 09:15,79,29,50,0,0,0
2024-01-17 09:30,91,35,56,0,0,0
2024-01-17 09:45,113,38,75,0,0,0
2024-01-17 10:00,107,27,80,0,0,0
2024-01-17 10:15,72,37,35,0,0,0
2024-01-17 10:30,67,19,48,0,0,0
2024-01-17 10:45,76,24,52,0,0,0
2024-01-17 11:00,82,37,45,0,0,0
2024-01-17 11:15,77,30,47,0,0,0
2024-01-17 11:30,77,32,45,0,0,0
2024-01-17 11:45,99,31,68,0,0,0
2024-01-17 12:00,106,43,63,0,0,0
2024-01-17 12:15,100,43,57,0,0,0
2024-01-17 12:30,94,46,48,0,0,0
2024-01-17 12:45,92,44,48,0,0,0
2024-01-17 13:00,95,45,50,0,0,0
2024-01-17 13:15,90,50,40,0,0,0
2024-01-17 13:30,109,45,64,0,0,0
2024-01-17 13:45,99,37,62,0,0,0
2024-01-17 14:00,104,45,59,0,0,0
2024-01-17 14:15,95,51,44,0,0,0
2024-01-17 14:30,94,41,53,0,0,0
2024-01-17 14:45,89,42,47,0,0,0
2024-01-17 15:00,107,44,63,0,0,0
2024-01-17 15:15,112,60,52,0,0,0
2024-01-17 15:30,95,49,46,0,0,0
2024-01-17 15:45,137,77,60,0,0,0
2024-01-17 16:00,131,55,76,0,0,0
2024-01-17 16:15,138,60,78,0,0,0
2024-01-17 16:30,126,61,65,0,0,0
2024-01-17 16:45,140,71,69,0,0,0
2024-01-17 17:00,154,67,87,0,0,0
2024-01-17 17:15,144,54,90,0,0,0
2024-01-17 17:30,129,68,61,0,0,0
2024-01-17 17:45,181,99,82,0,0,0
2024-01-17 18:00,129,47,82,0,0,0
2024-01-17 18:15,123,50,73,0,0,0
2024-01-17 18:30,106,48,58,0,0,0
2024-01-17 18:45,116,59,57,0,0,0
2024-01-17 19:00,120,59,61,0,0,0
2024-01-17 19:15,98,39,59,0,0,0
2024-01-17 19:30,86,43,43,0,0,0
2024-01-17 19:45,88,49,39,0,0,0
2024-01-17 20:00,80,31,49,0,0,0
2024-01-17 20:15,67,31,36,0,0,0
2024-01-17 20:30,67,37,30,0,0,0
2024-01-17 20:45,39,18,21,0,0,0
2024-01-17 21:00,63,20,43,0,0,0
2024-01-17 21:15,51,26,25,0,0,0
2024-01-17 21:30,51,29,22,0,0,0
2024-01-17 21:45,58,19,39,0,0,0
2024-01-17 22:00,55,19,36,0,0,0
2024-01-17 22:15,56,16,40,0,0,0
2024-01-17 22:30,29,13,16,0,0,0
2024-01-17 22:45,40,8,32,0,0,0
2024-01-17 23:00,31,9,22,0,0,0
2024-01-17 23:15,27,14,13,0,0,0
2024-01-17 23:30,28,7,21,0,0,0
2024-01-17 23:45,13,6,7,0,0,0
2024-01-18 00:00,11,4,7,0,0,0
2024-01-18 00:15,17,6,11,0,0,0
2024-01-18 00:30,11,0,11,0,0,0
2024-01-18 00:45,4,2,2,0,0,0
2024-01-18 01:00,4,2,2,0,0,0
2024-01-18 01:15,9,4,5,0,0,0
2024-01-18 01:30,4,1,3,0,0,0
2024-01-18 01:45,6,2,4,0,0,0
2024-01-18 02:00,3,2,1,0,0,0
2024-01-18 02:15,4,3,1,0,0,0
2024-01-18 02:30,1,1,0,0,0,0
2024-01-18 02:45,1,0,1,0,0,0
2024-01-18 03:00,1,0,1,0,0,0
2024-01-18 03:15,0,0,0,0,0,0
2024-01-18 03:30,6,4,2,0,0,0
2024-01-18 03:45,1,1,0,0,0,0
2024-01-18 04:00,1,0,1,0,0,0
2024-01-18 04:15,5,3,2,0,0,0
2024-01-18 04:30,5,0,5,0,0,0
2024-01-18 04:45,2,2,0,0,0,0
2024-01-18 05:00,2,1,1,0,0,0
2024-01-18 05:15,5,4,1,0,0,0
2024-01-18 05:30,9,4,5,0,0,0
2024-01-18 05:45,21,11,10,0,0,0
2024-01-18 06:00,19,9,10,0,0,0
2024-01-18 06:15,32,16,16,0,0,0
2024-01-18 06:30,55,27,28,0,0,0
2024-01-18 06:45,65,31,34,0,0,0
2024-01-18 07:00,61,32,29,0,0,0
2024-01-18 07:15,116,52,64,0,0,0
2024-01-18 07:30,141,54,87,0,0,0
2024-01-18 07:45,175,84,91,0,0,0
2024-01-18 08:00,156,65,91,0,0,0
2024-01-18 08:15,167,69,98,0,0,0
2024-01-18 08:30,141,63,78,0,0,0
2024-01-18 08:45,137,64,73,0,0,0
2024-01-18 09:00,78,29,49,0,0,0
2024-01-18 09:15,87,30,57,0,0,0
2024-01-18 09:30,122,42,80,0,0,0
2024-01-18 09:45,100,24,76,0,0,0
2024-01-18 10:00,103,33,70,0,0,0
2024-01-18 10:15,63,23,40,0,0,0
2024-01-18 10:30,73,25,48,0,0,0
2024-01-18 10:45,94,34,60,0,0,0
2024-01-18 11:00,83,23,60,0,0,0
2024-01-18 11:15,91,35,56,0,0,0
2024-01-18 11:30,87,34,53,0,0,0
2024-01-18 11:45,92,33,59,0,0,0
2024-01-18 12:00,133,47,86,0,0,0
2024-01-18 12:15,115,46,69,0,0,0
2024-01-18 12:30,88,41,47,0,0,0
2024-01-18 12:45,131,56,75,0,0,0
2024-01-18 13:00,110,51,59,0,0,0
2024-01-18 13:15,110,57,53,0,0,0
2024-01-18 13:30,100,40,60,0,0,0
2024-01-18 13:45,138,48,90,0,0,0
2024-01-18 14:00,133,52,81,0,0,0
2024-01-18 14:15,102,57,45,0,0,0
2024-01-18 14:30,108,57,51,0,0,0
2024-01-18 14:45,113,44,69,0,0,0
2024-01-18 15:00,104,47,57,0,0,0
2024-01-18 15:15,89,39,50,0,0,0
2024-01-18 15:30,121,54,67,0,0,0
2024-01-18 15:45,141,69,72,0,0,0
2024-01-18 16:00,145,68,77,0,0,0
2024-01-18 16:15,123,66,57,0,0,0
2024-01-18 16:30,133,61,72,0,0,0
2024-01-18 16:45,175,89,86,0,0,0
2024-01-18 17:00,160,57,103,0,0,0
2024-01-18 17:15,159,75,84,0,0,0
2024-01-18 17:30,142,62,80,0,0,0
2024-01-18 17:45,155,78,77,0,0,0
2024-01-18 18:00,140,62,78,0,0,0
2024-01-18 18:15,133,64,69,0,0,0
2024-01-18 18:30,126,69,57,0,0,0
2024-01-18 18:45,106,52,54,0,0,0
2024-01-18 19:00,120,53,67,0,0,0
2024-01-18 19:15,134,60,74,0,0,0
2024-01-18 19:30,110,51,59,0,0,0
2024-01-18 19:45,98,54,44,0,0,0
2024-01-18 20:00,116,63,53,0,0,0
2024-01-18 20:15,95,42,53,0,0,0
2024-01-18 20:30,55,31,24,0,0,0
2024-01-18 20:45,50,26,24,0,0,0
2024-01-18 21:00,48,23,25,0,0,0
2024-01-18 21:15,43,19,24,0,0,0
2024-01-18 21:30,48,24,24,0,0,0
2024-01-18 21:45,52,15,37,0,0,0
2024-01-18 22:00,58,17,41,0,0,0
2024-01-18 22:15,102,39,63,0,0,0
2024-01-18 22:30,64,12,52,0,0,0
2024-01-18 22:45,46,20,26,0,0,0
2024-01-18 23:00,44,16,28,0,0,0
2024-01-18 23:15,34,10,24,0,0,0
2024-01-18 23:30,27,7,20,0,0,0
2024-01-18 23:45,18,3,15,0,0,0
2024-01-19 00:00,12,3,9,0,0,0
2024-01-19 00:15,10,1,9,0,0,0
2024-01-19 00:30,9,6,3,0,0,0
2024-01-19 00:45,2,1,1,0,0,0
2024-01-19 01:00,12,5,7,0,0,0
2024-01-19 01:15,5,1,4,0,0,0
2024-01-19 01:30,8,3,5,0,0,0
2024-01-19 01:45,7,2,5,0,0,0
2024-01-19 02:00,0,0,0,0,0,0
2024-01-19 02:15,1,0,1,0,0,0
2024-01-19 02:30,3,2,1,0,0,0
2024-01-19 02:45,4,0,4,0,0,0
2024-01-19 03:00,1,0,1,0,0,0
2024-01-19 03:15,0,0,0,0,0,0
2024-01-19 03:30,0,0,0,0,0,0
2024-01-19 03:45,4,3,1,0,0,0
2024-01-19 04:00,2,0,2,0,0,0
2024-01-19 04:15,4,0,4,0,0,0
2024-01-19 04:30,1,0,1,0,0,0
2024-01-19 04:45,4,4,0,0,0,0
2024-01-19 05:00,7,2,5,0,0,0
2024-01-19 05:15,3,1,2,0,0,0
2024-01-19 05:30,15,2,13,0,0,0
2024-01-19 05:45,20,10,10,0,0,0
2024-01-19 06:00,22,4,18,0,0,0
2024-01-19 06:15,36,12,24,0,0,0
2024-01-19 06:30,41,17,24,0,0,0
2024-01-19 06:45,45,26,19,0,0,0
2024-01-19 07:00,49,27,22,0,0,0
2024-01-19 07:15,102,47,55,0,0,0
2024-01-19 07:30,140,57,83,0,0,0
2024-01-19 07:45,130,51,79,0,0,0
2024-01-19 08:00,128,45,83,0,0,0
2024-01-19 08:15,131,61,70,0,0,0
2024-01-19 08:30,132,58,74,0,0,0
2024-01-19 08:45,137,65,72,0,0,0
2024-01-19 09:00,81,22,59,0,0,0
2024-01-19 09:15,75,22,53,0,0,0
2024-01-19 09:30,66,20,46,0,0,0
2024-01-19 09:45,89,27,62,0,0,0
2024-01-19 10:00,113,33,80,0,0,0
2024-01-19 10:15,70,27,43,0,0,0
2024-01-19 10:30,96,31,65,0,0,0
2024-01-19 10:45,60,18,42,0,0,0
2024-01-19 11:00,56,21,35,0,0,0
2024-01-19 11:15,69,29,40,0,0,0
2024-01-19 11:30,93,44,49,0,0,0
2024-01-19 11:45,119,36,83,0,0,0
2024-01-19 12:00,105,45,60,0,0,0
2024-01-19 12:15,101,42,59,0,0,0
2024-01-19 12:30,93,38,55,0,0,0
2024-01-19 12:45,102,45,57,0,0,0
2024-01-19 13:00,115,41,74,0,0,0
2024-01-19 13:15,92,44,48,0,0,0
2024-01-19 13:30,95,33,62,0,0,0
2024-01-19 13:45,118,48,70,0,0,0
2024-01-19 14:00,117,61,56,0,0,0
2024-01-19 14:15,85,43,42,0,0,0
2024-01-19 14:30,103,44,59,0,0,0
2024-01-19 14:45,114,54,60,0,0,0
2024-01-19 15:00,93,26,67,0,0,0
2024-01-19 15:15,109,50,59,0,0,0
2024-01-19 15:30,100,44,56,0,0,0
2024-01-19 15:45,119,61,58,0,0,0
2024-01-19 16:00,117,53,64,0,0,0
2024-01-19 16:15,115,42,73,0,0,0
2024-01-19 16:30,125,52,73,0,0,0
2024-01-19 16:45,118,54,64,0,0,0
2024-01-19 17:00,128,55,73,0,0,0
2024-01-19 17:15,138,58,80,0,0,0
2024-01-19 17:30,165,51,114,0,0,0
2024-01-19 17:45,221,44,177,0,0,0
2024-01-19 18:00,126,34,92,0,0,0
2024-01-19 18:15,87,29,58,0,0,0
2024-01-19 18:30,98,35,63,0,0,0
2024-01-19 18:45,122,67,55,0,0,0
2024-01-19 19:00,141,95,46,0,0,0
2024-01-19 19:15,142,109,33,0,0,0
2024-01-19 19:30,133,93,40,0,0,0
2024-01-19 19:45,135,102,33,0,0,0
2024-01-19 20:00,105,68,37,0,0,0
2024-01-19 20:15,97,49,48,0,0,0
2024-01-19 20:30,81,44,37,0,0,0
2024-01-19 20:45,58,30,28,0,0,0
2024-01-19 21:00,58,29,29,0,0,0
2024-01-19 21:15,61,26,35,0,0,0
2024-01-19 21:30,47,17,30,0,0,0
2024-01-19 21:45,51,29,22,0,0,0
2024-01-19 22:00,56,21,35,0,0,0
2024-01-19 22:15,89,50,39,0,0,0
2024-01-19 22:30,81,28,53,0,0,0
2024-01-19 22:45,65,22,43,0,0,0
2024-01-19 23:00,49,22,27,0,0,0
2024-01-19 23:15,51,18,33,0,0,0
2024-01-19 23:30,41,12,29,0,0,0
2024-01-19 23:45,56,25,31,0,0,0
2024-01-20 00:00,43,13,30,0,0,0
2024-01-20 00:15,46,20,26,0,0,0
2024-01-20 00:30,36,14,22,0,0,0
2024-01-20 00:45,36,20,16,0,0,0
2024-01-20 01:00,41,13,28,0,0,0
2024-01-20 01:15,23,2,21,0,0,0
2024-01-20 01:30,23,13,10,0,0,0
2024-01-20 01:45,29,13,16,0,0,0
2024-01-20 02:00,19,9,10,0,0,0
2024-01-20 02:15,22,2,20,0,0,0
2024-01-20 02:30,19,5,14,0,0,0
2024-01-20 02:45,10,1,9,0,0,0
2024-01-20 03:00,6,0,6,0,0,0
2024-01-20 03:15,7,2,5,0,0,0
2024-01-20 03:30,11,2,9,0,0,0
2024-01-20 03:45,6,0,6,0,0,0
2024-01-20 04:00,14,1,13,0,0,0
2024-01-20 04:15,16,4,12,0,0,0
2024-01-20 04:30,10,4,6,0,0,0
2024-01-20 04:45,10,4,6,0,0,0
2024-01-20 05:00,2,1,1,0,0,0
2024-01-20 05:15,12,3,9,0,0,0
2024-01-20 05:30,6,2,4,0,0,0
2024-01-20 05:45,7,2,5,0,0,0
2024-01-20 06:00,6,2,4,0,0,0
2024-01-20 06:15,9,2,7,0,0,0
2024-01-20 06:30,8,3,5,0,0,0
2024-01-20 06:45,16,8,8,0,0,0
2024-01-20 07:00,10,3,7,0,0,0
2024-01-20 07:15,7,4,3,0,0,0
2024-01-20 07:30,16,8,8,0,0,0
2024-01-20 07:45,25,9,16,0,0,0
2024-01-20 08:00,17,5,12,0,0,0
2024-01-20 08:15,26,6,20,0,0,0
2024-01-20 08:30,33,13,20,0,0,0
2024-01-20 08:45,38,7,31,0,0,0
2024-01-20 09:00,30,9,21,0,0,0
2024-01-20 09:15,33,14,19,0,0,0
2024-01-20 09:30,49,12,37,0,0,0
2024-01-20 09:45,77,21,56,0,0,0
2024-01-20 10:00,50,11,39,0,0,0
2024-01-20 10:15,59,15,44,0,0,0
2024-01-20 10:30,54,24,30,0,0,0
2024-01-20 10:45,77,16,61,0,0,0
2024-01-20 11:00,61,21,40,0,0,0
2024-01-20 11:15,61,21,40,0,0,0
2024-01-20 11:30,72,21,51,0,0,0
2024-01-20 11:45,80,22,58,0,0,0
2024-01-20 12:00,78,25,53,0,0,0
2024-01-20 12:15,79,38,41,0,0,0
2024-01-20 12:30,72,35,37,0,0,0
2024-01-20 12:45,90,25,65,0,0,0
2024-01-20 13:00,74,22,52,0,0,0
2024-01-20 13:15,72,31,41,0,0,0
2024-01-20 13:30,81,30,51,0,0,0
2024-01-20 13:45,103,35,68,0,0,0
2024-01-20 14:00,87,42,45,0,0,0
2024-01-20 14:15,66,29,37,0,0,0
2024-01-20 14:30,105,41,64,0,0,0
2024-01-20 14:45,64,27,37,0,0,0
2024-01-20 15:00,74,39,35,0,0,0
2024-01-20 15:15,81,19,62,0,0,0
2024-01-20 15:30,74,28,46,0,0,0
2024-01-20 15:45,78,30,48,0,0,0
2024-01-20 16:00,81,41,40,0,0,0
2024-01-20 16:15,76,35,41,0,0,0
2024-01-20 16:30,89,36,53,0,0,0
2024-01-20 16:45,77,32,45,0,0,0
2024-01-20 17:00,86,33,53,0,0,0
2024-01-20 17:15,83,37,46,0,0,0
2024-01-20 17:30,95,35,60,0,0,0
2024-01-20 17:45,68,29,39,0,0,0
2024-01-20 18:00,61,18,43,0,0,0
2024-01-20 18:15,80,30,50,0,0,0
2024-01-20 18:30,65,31,34,0,0,0
2024-01-20 18:45,91,40,51,0,0,0
2024-01-20 19:00,71,29,42,0,0,0
2024-01-20 19:15,66,27,39,0,0,0
2024-01-20 19:30,85,43,42,0,0,0
2024-01-20 19:45,62,27,35,0,0,0
2024-01-20 20:00,85,48,37,0,0,0
2024-01-20 20:15,77,36,41,0,0,0
2024-01-20 20:30,64,27,37,0,0,0
2024-01-20 20:45,57,27,30,0,0,0
2024-01-20 21:00,40,14,26,0,0,0
2024-01-20 21:15,45,18,27,0,0,0
2024-01-20 21:30,40,16,24,0,0,0
2024-01-20 21:45,51,12,39,0,0,0
2024-01-20 22:00,47,18,29,0,0,0
2024-01-20 22:15,87,16,71,0,0,0
2024-01-20 22:30,36,8,28,0,0,0
2024-01-20 22:45,47,14,33,0,0,0
2024-01-20 23:00,34,11,23,0,0,0
2024-01-20 23:15,41,18,23,0,0,0
2024-01-20 23:30,44,11,33,0,0,0
2024-01-20 23:45,51,23,28,0,0,0
