Datetime,100031300 (Hafenstraße),101031300 (Hafenstraße Fahrräder IN),102031300 (Hafenstraße Fahrräder OUT),100031300-status,101031300-status,102031300-status
2025-05-01 00:00,89,34,55,0,0,0
2025-05-01 00:15,134,48,86,0,0,0
2025-05-01 00:30,127,44,83,0,0,0
2025-05-01 00:45,93,40,53,0,0,0
2025-05-01 01:00,123,56,67,0,0,0
2025-05-01 01:15,93,40,53,0,0,0
2025-05-01 01:30,83,29,54,0,0,0
2025-05-01 01:45,100,29,71,0,0,0
2025-05-01 02:00,59,14,45,0,0,0
2025-05-01 02:15,45,8,37,0,0,0
2025-05-01 02:30,42,6,36,0,0,0
2025-05-01 02:45,56,6,50,0,0,0
2025-05-01 03:00,40,11,29,0,0,0
2025-05-01 03:15,66,8,58,0,0,0
2025-05-01 03:30,31,5,26,0,0,0
2025-05-01 03:45,46,8,38,0,0,0
2025-05-01 04:00,32,5,27,0,0,0
2025-05-01 04:15,22,4,18,0,0,0
2025-05-01 04:30,20,2,18,0,0,0
2025-05-01 04:45,23,0,23,0,0,0
2025-05-01 05:00,22,3,19,0,0,0
2025-05-01 05:15,13,1,12,0,0,0
2025-05-01 05:30,12,7,5,0,0,0
2025-05-01 05:45,7,2,5,0,0,0
2025-05-01 06:00,15,2,13,0,0,0
2025-05-01 06:15,6,2,4,0,0,0
2025-05-01 06:30,9,2,7,0,0,0
2025-05-01 06:45,11,6,5,0,0,0
2025-05-01 07:00,10,5,5,0,0,0
2025-05-01 07:15,7,1,6,0,0,0
2025-05-01 07:30,13,7,6,0,0,0
2025-05-01 07:45,15,4,11,0,0,0
2025-05-01 08:00,8,2,6,0,0,0
2025-05-01 08:15,13,5,8,0,0,0
2025-05-01 08:30,19,9,10,0,0,0
2025-05-01 08:45,27,15,12,0,0,0
2025-05-01 09:00,27,11,16,0,0,0
2025-05-01 09:15,21,10,11,0,0,0
2025-05-01 09:30,33,12,21,0,0,0
2025-05-01 09:45,70,29,41,0,0,0
2025-05-01 10:00,47,27,20,0,0,0
2025-05-01 10:15,64,36,28,0,0,0
2025-05-01 10:30,87,51,36,0,0,0
2025-05-01 10:45,125,82,43,0,0,0
2025-05-01 11:00,108,66,42,0,0,0
2025-05-01 11:15,108,54,54,0,0,0
2025-05-01 11:30,86,43,43,0,0,0
2025-05-01 11:45,71,44,27,0,0,0
2025-05-01 12:00,114,52,62,0,0,0
2025-05-01 12:15,99,55,44,0,0,0
2025-05-01 12:30,92,42,50,0,0,0
2025-05-01 12:45,111,57,54,0,0,0
2025-05-01 13:00,138,64,74,0,0,0
2025-05-01 13:15,105,50,55,0,0,0
2025-05-01 13:30,131,74,57,0,0,0
2025-05-01 13:45,158,73,85,0,0,0
2025-05-01 14:00,107,53,54,0,0,0
2025-05-01 14:15,152,87,65,0,0,0
2025-05-01 14:30,124,72,52,0,0,0
2025-05-01 14:45,169,85,84,0,0,0
2025-05-01 15:00,132,62,70,0,0,0
2025-05-01 15:15,141,65,76,0,0,0
2025-05-01 15:30,122,72,50,0,0,0
2025-05-01 15:45,131,78,53,0,0,0
2025-05-01 16:00,199,115,84,0,0,0
2025-05-01 16:15,187,120,67,0,0,0
2025-05-01 16:30,192,119,73,0,0,0
2025-05-01 16:45,167,134,33,0,0,0
2025-05-01 17:00,199,123,76,0,0,0
2025-05-01 17:15,173,92,81,0,0,0
2025-05-01 17:30,174,119,55,0,0,0
2025-05-01 17:45,179,94,85,0,0,0
2025-05-01 18:00,121,78,43,0,0,0
2025-05-01 18:15,132,64,68,0,0,0
2025-05-01 18:30,140,68,72,0,0,0
2025-05-01 18:45,169,102,67,0,0,0
2025-05-01 19:00,128,71,57,0,0,0
2025-05-01 19:15,113,54,59,0,0,0
2025-05-01 19:30,160,78,82,0,0,0
2025-05-01 19:45,167,82,85,0,0,0
2025-05-01 20:00,141,78,63,0,0,0
2025-05-01 20:15,144,68,76,0,0,0
2025-05-01 20:30,139,62,77,0,0,0
2025-05-01 20:45,160,64,96,0,0,0
2025-05-01 21:00,146,38,108,0,0,0
2025-05-01 21:15,123,50,73,0,0,0
2025-05-01 21:30,113,41,72,0,0,0
2025-05-01 21:45,118,43,75,0,0,0
2025-05-01 22:00,105,24,81,0,0,0
2025-05-01 22:15,121,41,80,0,0,0
2025-05-01 22:30,121,39,82,0,0,0
2025-05-01 22:45,112,16,96,0,0,0
2025-05-01 23:00,77,14,63,0,0,0
2025-05-01 23:15,86,19,67,0,0,0
2025-05-01 23:30,67,12,55,0,0,0
2025-05-01 23:45,54,5,49,0,0,0
2025-05-02 00:00,57,5,52,0,0,0
2025-05-02 00:15,42,2,40,0,0,0
2025-05-02 00:30,29,2,27,0,0,0
2025-05-02 00:45,28,3,25,0,0,0
2025-05-02 01:00,14,3,11,0,0,0
2025-05-02 01:15,12,2,10,0,0,0
2025-05-02 01:30,7,1,6,0,0,0
2025-05-02 01:45,9,4,5,0,0,0
2025-05-02 02:00,6,1,5,0,0,0
2025-05-02 02:15,8,1,7,0,0,0
2025-05-02 02:30,11,3,8,0,0,0
2025-05-02 02:45,12,4,8,0,0,0
2025-05-02 03:00,2,1,1,0,0,0
2025-05-02 03:15,5,2,3,0,0,0
2025-05-02 03:30,3,0,3,0,0,0
2025-05-02 03:45,4,1,3,0,0,0
2025-05-02 04:00,2,1,1,0,0,0
2025-05-02 04:15,6,1,5,0,0,0
2025-05-02 04:30,5,2,3,0,0,0
2025-05-02 04:45,9,3,6,0,0,0
2025-05-02 05:00,0,0,0,0,0,0
2025-05-02 05:15,9,4,5,0,0,0
2025-05-02 05:30,10,3,7,0,0,0
2025-05-02 05:45,12,6,6,0,0,0
2025-05-02 06:00,19,4,15,0,0,0
2025-05-02 06:15,31,19,12,0,0,0
2025-05-02 06:30,33,13,20,0,0,0
2025-05-02 06:45,49,28,21,0,0,0
2025-05-02 07:00,42,22,20,0,0,0
2025-05-02 07:15,68,30,38,0,0,0
2025-05-02 07:30,120,44,76,0,0,0
2025-05-02 07:45,122,55,67,0,0,0
2025-05-02 08:00,97,44,53,0,0,0
2025-05-02 08:15,83,51,32,0,0,0
2025-05-02 08:30,114,48,66,0,0,0
2025-05-02 08:45,88,46,42,0,0,0
2025-05-02 09:00,64,30,34,0,0,0
2025-05-02 09:15,88,37,51,0,0,0
2025-05-02 09:30,76,32,44,0,0,0
2025-05-02 09:45,95,31,64,0,0,0
2025-05-02 10:00,94,39,55,0,0,0
2025-05-02 10:15,93,42,51,0,0,0
2025-05-02 10:30,116,55,61,0,0,0
2025-05-02 10:45,112,51,61,0,0,0
2025-05-02 11:00,118,60,58,0,0,0
2025-05-02 11:15,88,39,49,0,0,0
2025-05-02 11:30,96,37,59,0,0,0
2025-05-02 11:45,125,67,58,0,0,0
2025-05-02 12:00,142,55,87,0,0,0
2025-05-02 12:15,125,55,70,0,0,0
2025-05-02 12:30,150,82,68,0,0,0
2025-05-02 12:45,135,61,74,0,0,0
2025-05-02 13:00,137,64,73,0,0,0
2025-05-02 13:15,165,84,81,0,0,0
2025-05-02 13:30,130,63,67,0,0,0
2025-05-02 13:45,135,63,72,0,0,0
2025-05-02 14:00,161,80,81,0,0,0
2025-05-02 14:15,134,59,75,0,0,0
2025-05-02 14:30,130,75,55,0,0,0
2025-05-02 14:45,123,56,67,0,0,0
2025-05-02 15:00,150,60,90,0,0,0
2025-05-02 15:15,131,68,63,0,0,0
2025-05-02 15:30,179,97,82,0,0,0
2025-05-02 15:45,132,63,69,0,0,0
2025-05-02 16:00,135,78,57,0,0,0
2025-05-02 16:15,138,90,48,0,0,0
2025-05-02 16:30,129,65,64,0,0,0
2025-05-02 16:45,161,77,84,0,0,0
2025-05-02 17:00,137,69,68,0,0,0
2025-05-02 17:15,128,60,68,0,0,0
2025-05-02 17:30,123,59,64,0,0,0
2025-05-02 17:45,169,91,78,0,0,0
2025-05-02 18:00,132,71,61,0,0,0
2025-05-02 18:15,142,78,64,0,0,0
2025-05-02 18:30,119,65,54,0,0,0
2025-05-02 18:45,119,66,53,0,0,0
2025-05-02 19:00,149,82,67,0,0,0
2025-05-02 19:15,99,59,40,0,0,0
2025-05-02 19:30,108,54,54,0,0,0
2025-05-02 19:45,109,58,51,0,0,0
2025-05-02 20:00,115,58,57,0,0,0
2025-05-02 20:15,105,52,53,0,0,0
2025-05-02 20:30,87,44,43,0,0,0
2025-05-02 20:45,78,44,34,0,0,0
2025-05-02 21:00,87,42,45,0,0,0
2025-05-02 21:15,62,27,35,0,0,0
2025-05-02 21:30,67,22,45,0,0,0
2025-05-02 21:45,61,28,33,0,0,0
2025-05-02 22:00,67,34,33,0,0,0
2025-05-02 22:15,40,13,27,0,0,0
2025-05-02 22:30,70,28,42,0,0,0
2025-05-02 22:45,53,20,33,0,0,0
2025-05-02 23:00,49,13,36,0,0,0
2025-05-02 23:15,72,31,41,0,0,0
2025-05-02 23:30,51,18,33,0,0,0
2025-05-02 23:45,40,10,30,0,0,0
2025-05-03 00:00,34,14,20,0,0,0
2025-05-03 00:15,30,11,19,0,0,0
2025-05-03 00:30,34,9,25,0,0,0
2025-05-03 00:45,36,20,16,0,0,0
2025-05-03 01:00,17,8,9,0,0,0
2025-05-03 01:15,22,8,14,0,0,0
2025-05-03 01:30,11,6,5,0,0,0
2025-05-03 01:45,14,7,7,0,0,0
2025-05-03 02:00,12,2,10,0,0,0
2025-05-03 02:15,5,1,4,0,0,0
2025-05-03 02:30,9,4,5,0,0,0
2025-05-03 02:45,10,4,6,0,0,0
2025-05-03 03:00,15,5,10,0,0,0
2025-05-03 03:15,1,1,0,0,0,0
2025-05-03 03:30,10,4,6,0,0,0
2025-05-03 03:45,5,3,2,0,0,0
2025-05-03 04:00,8,0,8,0,0,0
2025-05-03 04:15,4,1,3,0,0,0
2025-05-03 04:30,9,5,4,0,0,0
2025-05-03 04:45,5,2,3,0,0,0
2025-05-03 05:00,3,0,3,0,0,0
2025-05-03 05:15,9,0,9,0,0,0
2025-05-03 05:30,16,6,10,0,0,0
2025-05-03 05:45,16,6,10,0,0,0
2025-05-03 06:00,8,3,5,0,0,0
2025-05-03 06:15,9,1,8,0,0,0
2025-05-03 06:30,7,5,2,0,0,0
2025-05-03 06:45,11,6,5,0,0,0
2025-05-03 07:00,15,9,6,0,0,0
2025-05-03 07:15,11,2,9,0,0,0
2025-05-03 07:30,16,10,6,0,0,0
2025-05-03 07:45,19,3,16,0,0,0
2025-05-03 08:00,14,5,9,0,0,0
2025-05-03 08:15,30,11,19,0,0,0
2025-05-03 08:30,24,7,17,0,0,0
2025-05-03 08:45,37,13,24,0,0,0
2025-05-03 09:00,34,11,23,0,0,0
2025-05-03 09:15,58,22,36,0,0,0
2025-05-03 09:30,54,17,37,0,0,0
2025-05-03 09:45,80,37,43,0,0,0
2025-05-03 10:00,59,17,42,0,0,0
2025-05-03 10:15,72,26,46,0,0,0
2025-05-03 10:30,93,31,62,0,0,0
2025-05-03 10:45,94,45,49,0,0,0
2025-05-03 11:00,74,24,50,0,0,0
2025-05-03 11:15,72,26,46,0,0,0
2025-05-03 11:30,87,35,52,0,0,0
2025-05-03 11:45,92,40,52,0,0,0
2025-05-03 12:00,120,45,75,0,0,0
2025-05-03 12:15,119,55,64,0,0,0
2025-05-03 12:30,88,39,49,0,0,0
2025-05-03 12:45,81,48,33,0,0,0
2025-05-03 13:00,105,53,52,0,0,0
2025-05-03 13:15,102,47,55,0,0,0
2025-05-03 13:30,95,52,43,0,0,0
2025-05-03 13:45,110,55,55,0,0,0
2025-05-03 14:00,91,59,32,0,0,0
2025-05-03 14:15,113,55,58,0,0,0
2025-05-03 14:30,104,54,50,0,0,0
2025-05-03 14:45,140,81,59,0,0,0
2025-05-03 15:00,145,79,66,0,0,0
2025-05-03 15:15,138,62,76,0,0,0
2025-05-03 15:30,112,55,57,0,0,0
2025-05-03 15:45,114,70,44,0,0,0
2025-05-03 16:00,129,73,56,0,0,0
2025-05-03 16:15,120,66,54,0,0,0
2025-05-03 16:30,136,59,77,0,0,0
2025-05-03 16:45,128,71,57,0,0,0
2025-05-03 17:00,108,65,43,0,0,0
2025-05-03 17:15,106,61,45,0,0,0
2025-05-03 17:30,111,53,58,0,0,0
2025-05-03 17:45,107,54,53,0,0,0
2025-05-03 18:00,104,61,43,0,0,0
2025-05-03 18:15,102,57,45,0,0,0
2025-05-03 18:30,103,60,43,0,0,0
2025-05-03 18:45,92,62,30,0,0,0
2025-05-03 19:00,98,48,50,0,0,0
2025-05-03 19:15,77,38,39,0,0,0
2025-05-03 19:30,84,44,40,0,0,0
2025-05-03 19:45,91,48,43,0,0,0
2025-05-03 20:00,107,58,49,0,0,0
2025-05-03 20:15,94,46,48,0,0,0
2025-05-03 20:30,84,55,29,0,0,0
2025-05-03 20:45,63,35,28,0,0,0
2025-05-03 21:00,79,41,38,0,0,0
2025-05-03 21:15,65,31,34,0,0,0
2025-05-03 21:30,76,25,51,0,0,0
2025-05-03 21:45,44,20,24,0,0,0
2025-05-03 22:00,56,33,23,0,0,0
2025-05-03 22:15,45,12,33,0,0,0
2025-05-03 22:30,53,31,22,0,0,0
2025-05-03 22:45,53,24,29,0,0,0
2025-05-03 23:00,61,23,38,0,0,0
2025-05-03 23:15,53,13,40,0,0,0
2025-05-03 23:30,54,24,30,0,0,0
2025-05-03 23:45,29,20,9,0,0,0
2025-05-04 00:00,43,23,20,0,0,0
2025-05-04 00:15,60,31,29,0,0,0
2025-05-04 00:30,58,37,21,0,0,0
2025-05-04 00:45,57,36,21,0,0,0
2025-05-04 01:00,38,23,15,0,0,0
2025-05-04 01:15,45,17,28,0,0,0
2025-05-04 01:30,32,15,17,0,0,0
2025-05-04 01:45,27,18,9,0,0,0
2025-05-04 02:00,18,4,14,0,0,0
2025-05-04 02:15,27,6,21,0,0,0
2025-05-04 02:30,23,2,21,0,0,0
2025-05-04 02:45,33,9,24,0,0,0
2025-05-04 03:00,16,5,11,0,0,0
2025-05-04 03:15,14,1,13,0,0,0
2025-05-04 03:30,11,1,10,0,0,0
2025-05-04 03:45,22,1,21,0,0,0
2025-05-04 04:00,6,1,5,0,0,0
2025-05-04 04:15,18,2,16,0,0,0
2025-05-04 04:30,13,0,13,0,0,0
2025-05-04 04:45,12,1,11,0,0,0
2025-05-04 05:00,7,0,7,0,0,0
2025-05-04 05:15,21,3,18,0,0,0
2025-05-04 05:30,11,0,11,0,0,0
2025-05-04 05:45,11,0,11,0,0,0
2025-05-04 06:00,15,2,13,0,0,0
2025-05-04 06:15,15,2,13,0,0,0
2025-05-04 06:30,7,4,3,0,0,0
2025-05-04 06:45,4,2,2,0,0,0
2025-05-04 07:00,6,1,5,0,0,0
2025-05-04 07:15,10,3,7,0,0,0
2025-05-04 07:30,5,4,1,0,0,0
2025-05-04 07:45,8,1,7,0,0,0
2025-05-04 08:00,7,1,6,0,0,0
2025-05-04 08:15,8,4,4,0,0,0
2025-05-04 08:30,9,1,8,0,0,0
2025-05-04 08:45,28,13,15,0,0,0
2025-05-04 09:00,26,10,16,0,0,0
2025-05-04 09:15,21,7,14,0,0,0
2025-05-04 09:30,36,25,11,0,0,0
2025-05-04 09:45,55,24,31,0,0,0
2025-05-04 10:00,46,21,25,0,0,0
2025-05-04 10:15,52,27,25,0,0,0
2025-05-04 10:30,45,23,22,0,0,0
2025-05-04 10:45,59,28,31,0,0,0
2025-05-04 11:00,45,13,32,0,0,0
2025-05-04 11:15,48,26,22,0,0,0
2025-05-04 11:30,52,18,34,0,0,0
2025-05-04 11:45,70,35,35,0,0,0
2025-05-04 12:00,53,20,33,0,0,0
2025-05-04 12:15,71,31,40,0,0,0
2025-05-04 12:30,70,25,45,0,0,0
2025-05-04 12:45,82,33,49,0,0,0
2025-05-04 13:00,67,27,40,0,0,0
2025-05-04 13:15,74,32,42,0,0,0
2025-05-04 13:30,62,29,33,0,0,0
2025-05-04 13:45,91,51,40,0,0,0
2025-05-04 14:00,80,34,46,0,0,0
2025-05-04 14:15,77,19,58,0,0,0
2025-05-04 14:30,73,37,36,0,0,0
2025-05-04 14:45,92,51,41,0,0,0
2025-05-04 15:00,64,23,41,0,0,0
2025-05-04 15:15,63,28,35,0,0,0
2025-05-04 15:30,85,33,52,0,0,0
2025-05-04 15:45,93,47,46,0,0,0
2025-05-04 16:00,74,35,39,0,0,0
2025-05-04 16:15,85,48,37,0,0,0
2025-05-04 16:30,81,25,56,0,0,0
2025-05-04 16:45,92,35,57,0,0,0
2025-05-04 17:00,74,33,41,0,0,0
2025-05-04 17:15,64,34,30,0,0,0
2025-05-04 17:30,89,47,42,0,0,0
2025-05-04 17:45,85,43,42,0,0,0
2025-05-04 18:00,118,57,61,0,0,0
2025-05-04 18:15,48,23,25,0,0,0
2025-05-04 18:30,62,32,30,0,0,0
2025-05-04 18:45,78,41,37,0,0,0
2025-05-04 19:00,70,39,31,0,0,0
2025-05-04 19:15,69,34,35,0,0,0
2025-05-04 19:30,71,35,36,0,0,0
2025-05-04 19:45,71,39,32,0,0,0
2025-05-04 20:00,72,36,36,0,0,0
2025-05-04 20:15,78,30,48,0,0,0
2025-05-04 20:30,54,20,34,0,0,0
2025-05-04 20:45,42,15,27,0,0,0
2025-05-04 21:00,41,17,24,0,0,0
2025-05-04 21:15,23,10,13,0,0,0
2025-05-04 21:30,45,23,22,0,0,0
2025-05-04 21:45,35,16,19,0,0,0
2025-05-04 22:00,30,8,22,0,0,0
2025-05-04 22:15,23,7,16,0,0,0
2025-05-04 22:30,14,5,9,0,0,0
2025-05-04 22:45,52,4,48,0,0,0
2025-05-04 23:00,30,6,24,0,0,0
2025-05-04 23:15,18,5,13,0,0,0
2025-05-04 23:30,16,5,11,0,0,0
2025-05-04 23:45,13,5,8,0,0,0
2025-05-05 00:00,8,5,3,0,0,0
2025-05-05 00:15,14,5,9,0,0,0
2025-05-05 00:30,5,1,4,0,0,0
2025-05-05 00:45,4,1,3,0,0,0
2025-05-05 01:00,2,1,1,0,0,0
2025-05-05 01:15,3,0,3,0,0,0
2025-05-05 01:30,2,1,1,0,0,0
2025-05-05 01:45,0,0,0,0,0,0
2025-05-05 02:00,3,1,2,0,0,0
2025-05-05 02:15,0,0,0,0,0,0
2025-05-05 02:30,0,0,0,0,0,0
2025-05-05 02:45,0,0,0,0,0,0
2025-05-05 03:00,2,1,1,0,0,0
2025-05-05 03:15,0,0,0,0,0,0
2025-05-05 03:30,0,0,0,0,0,0
2025-05-05 03:45,2,2,0,0,0,0
2025-05-05 04:00,6,3,3,0,0,0
2025-05-05 04:15,3,2,1,0,0,0
2025-05-05 04:30,9,2,7,0,0,0
2025-05-05 04:45,3,2,1,0,0,0
2025-05-05 05:00,5,3,2,0,0,0
2025-05-05 05:15,17,8,9,0,0,0
2025-05-05 05:30,17,10,7,0,0,0
2025-05-05 05:45,29,17,12,0,0,0
2025-05-05 06:00,23,9,14,0,0,0
2025-05-05 06:15,36,17,19,0,0,0
2025-05-05 06:30,56,31,25,0,0,0
2025-05-05 06:45,76,44,32,0,0,0
2025-05-05 07:00,91,48,43,0,0,0
2025-05-05 07:15,106,42,64,0,0,0
2025-05-05 07:30,181,98,83,0,0,0
2025-05-05 07:45,224,109,115,0,0,0
2025-05-05 08:00,173,88,85,0,0,0
2025-05-05 08:15,170,89,81,0,0,0
2025-05-05 08:30,172,89,83,0,0,0
2025-05-05 08:45,177,95,82,0,0,0
2025-05-05 09:00,139,74,65,0,0,0
2025-05-05 09:15,107,52,55,0,0,0
2025-05-05 09:30,109,39,70,0,0,0
2025-05-05 09:45,127,42,85,0,0,0
2025-05-05 10:00,121,42,79,0,0,0
2025-05-05 10:15,93,42,51,0,0,0
2025-05-05 10:30,92,40,52,0,0,0
2025-05-05 10:45,92,32,60,0,0,0
2025-05-05 11:00,78,29,49,0,0,0
2025-05-05 11:15,91,42,49,0,0,0
2025-05-05 11:30,101,41,60,0,0,0
2025-05-05 11:45,135,64,71,0,0,0
2025-05-05 12:00,149,62,87,0,0,0
2025-05-05 12:15,104,48,56,0,0,0
2025-05-05 12:30,108,57,51,0,0,0
2025-05-05 12:45,120,58,62,0,0,0
2025-05-05 13:00,132,57,75,0,0,0
2025-05-05 13:15,130,63,67,0,0,0
2025-05-05 13:30,116,64,52,0,0,0
2025-05-05 13:45,154,71,83,0,0,0
2025-05-05 14:00,160,95,65,0,0,0
2025-05-05 14:15,128,83,45,0,0,0
2025-05-05 14:30,108,50,58,0,0,0
2025-05-05 14:45,126,61,65,0,0,0
2025-05-05 15:00,124,58,66,0,0,0
2025-05-05 15:15,134,73,61,0,0,0
2025-05-05 15:30,161,79,82,0,0,0
2025-05-05 15:45,178,93,85,0,0,0
2025-05-05 16:00,194,111,83,0,0,0
2025-05-05 16:15,179,90,89,0,0,0
2025-05-05 16:30,173,93,80,0,0,0
2025-05-05 16:45,185,84,101,0,0,0
2025-05-05 17:00,203,84,119,0,0,0
2025-05-05 17:15,172,77,95,0,0,0
2025-05-05 17:30,184,84,100,0,0,0
2025-05-05 17:45,259,154,105,0,0,0
2025-05-05 18:00,198,103,95,0,0,0
2025-05-05 18:15,195,95,100,0,0,0
2025-05-05 18:30,156,86,70,0,0,0
2025-05-05 18:45,132,80,52,0,0,0
2025-05-05 19:00,139,67,72,0,0,0
2025-05-05 19:15,105,53,52,0,0,0
2025-05-05 19:30,117,62,55,0,0,0
2025-05-05 19:45,116,71,45,0,0,0
2025-05-05 20:00,132,71,61,0,0,0
2025-05-05 20:15,88,45,43,0,0,0
2025-05-05 20:30,66,31,35,0,0,0
2025-05-05 20:45,62,34,28,0,0,0
2025-05-05 21:00,55,22,33,0,0,0
2025-05-05 21:15,56,28,28,0,0,0
2025-05-05 21:30,73,27,46,0,0,0
2025-05-05 21:45,54,19,35,0,0,0
2025-05-05 22:00,84,34,50,0,0,0
2025-05-05 22:15,58,23,35,0,0,0
2025-05-05 22:30,49,8,41,0,0,0
2025-05-05 22:45,26,12,14,0,0,0
2025-05-05 23:00,23,3,20,0,0,0
2025-05-05 23:15,26,8,18,0,0,0
2025-05-05 23:30,7,5,2,0,0,0
2025-05-05 23:45,15,7,8,0,0,0
2025-05-06 00:00,11,4,7,0,0,0
2025-05-06 00:15,9,4,5,0,0,0
2025-05-06 00:30,5,0,5,0,0,0
2025-05-06 00:45,15,4,11,0,0,0
2025-05-06 01:00,3,1,2,0,0,0
2025-05-06 01:15,3,3,0,0,0,0
2025-05-06 01:30,5,3,2,0,0,0
2025-05-06 01:45,1,1,0,0,0,0
2025-05-06 02:00,1,0,1,0,0,0
2025-05-06 02:15,3,3,0,0,0,0
2025-05-06 02:30,3,2,1,0,0,0
2025-05-06 02:45,2,2,0,0,0,0
2025-05-06 03:00,5,4,1,0,0,0
2025-05-06 03:15,2,2,0,0,0,0
2025-05-06 03:30,0,0,0,0,0,0
2025-05-06 03:45,0,0,0,0,0,0
2025-05-06 04:00,0,0,0,0,0,0
2025-05-06 04:15,1,0,1,0,0,0
2025-05-06 04:30,3,0,3,0,0,0
2025-05-06 04:45,6,4,2,0,0,0
2025-05-06 05:00,6,1,5,0,0,0
2025-05-06 05:15,16,4,12,0,0,0
2025-05-06 05:30,24,11,13,0,0,0
2025-05-06 05:45,34,20,14,0,0,0
2025-05-06 06:00,27,11,16,0,0,0
2025-05-06 06:15,49,23,26,0,0,0
2025-05-06 06:30,68,30,38,0,0,0
2025-05-06 06:45,85,51,34,0,0,0
2025-05-06 07:00,88,46,42,0,0,0
2025-05-06 07:15,115,55,60,0,0,0
2025-05-06 07:30,203,81,122,0,0,0
2025-05-06 07:45,235,117,118,0,0,0
2025-05-06 08:00,234,106,128,0,0,0
2025-05-06 08:15,183,107,76,0,0,0
2025-05-06 08:30,178,94,84,0,0,0
2025-05-06 08:45,190,103,87,0,0,0
2025-05-06 09:00,153,78,75,0,0,0
2025-05-06 09:15,108,47,61,0,0,0
2025-05-06 09:30,95,48,47,0,0,0
2025-05-06 09:45,161,51,110,0,0,0
2025-05-06 10:00,138,43,95,0,0,0
2025-05-06 10:15,97,41,56,0,0,0
2025-05-06 10:30,87,34,53,0,0,0
2025-05-06 10:45,86,34,52,0,0,0
2025-05-06 11:00,95,38,57,0,0,0
2025-05-06 11:15,86,41,45,0,0,0
2025-05-06 11:30,111,36,75,0,0,0
2025-05-06 11:45,132,60,72,0,0,0
2025-05-06 12:00,136,60,76,0,0,0
2025-05-06 12:15,104,57,47,0,0,0
2025-05-06 12:30,118,54,64,0,0,0
2025-05-06 12:45,118,57,61,0,0,0
2025-05-06 13:00,140,88,52,0,0,0
2025-05-06 13:15,127,55,72,0,0,0
2025-05-06 13:30,136,64,72,0,0,0
2025-05-06 13:45,153,84,69,0,0,0
2025-05-06 14:00,192,102,90,0,0,0
2025-05-06 14:15,147,72,75,0,0,0
2025-05-06 14:30,126,67,59,0,0,0
2025-05-06 14:45,134,66,68,0,0,0
2025-05-06 15:00,140,78,62,0,0,0
2025-05-06 15:15,156,69,87,0,0,0
2025-05-06 15:30,146,69,77,0,0,0
2025-05-06 15:45,196,101,95,0,0,0
2025-05-06 16:00,222,111,111,0,0,0
2025-05-06 16:15,207,100,107,0,0,0
2025-05-06 16:30,188,100,88,0,0,0
2025-05-06 16:45,179,100,79,0,0,0
2025-05-06 17:00,212,96,116,0,0,0
2025-05-06 17:15,211,93,118,0,0,0
2025-05-06 17:30,220,114,106,0,0,0
2025-05-06 17:45,265,141,124,0,0,0
2025-05-06 18:00,204,124,80,0,0,0
2025-05-06 18:15,173,91,82,0,0,0
2025-05-06 18:30,208,102,106,0,0,0
2025-05-06 18:45,189,114,75,0,0,0
2025-05-06 19:00,114,69,45,0,0,0
2025-05-06 19:15,108,63,45,0,0,0
2025-05-06 19:30,103,53,50,0,0,0
2025-05-06 19:45,137,71,66,0,0,0
2025-05-06 20:00,126,47,79,0,0,0
2025-05-06 20:15,102,49,53,0,0,0
2025-05-06 20:30,91,42,49,0,0,0
2025-05-06 20:45,94,45,49,0,0,0
2025-05-06 21:00,63,31,32,0,0,0
2025-05-06 21:15,87,35,52,0,0,0
2025-05-06 21:30,52,23,29,0,0,0
2025-05-06 21:45,61,34,27,0,0,0
2025-05-06 22:00,67,27,40,0,0,0
2025-05-06 22:15,52,29,23,0,0,0
2025-05-06 22:30,54,23,31,0,0,0
2025-05-06 22:45,39,13,26,0,0,0
2025-05-06 23:00,47,16,31,0,0,0
2025-05-06 23:15,22,5,17,0,0,0
2025-05-06 23:30,24,6,18,0,0,0
2025-05-06 23:45,44,20,24,0,0,0
2025-05-07 00:00,25,8,17,0,0,0
2025-05-07 00:15,10,2,8,0,0,0
2025-05-07 00:30,12,2,10,0,0,0
2025-05-07 00:45,10,5,5,0,0,0
2025-05-07 01:00,6,2,4,0,0,0
2025-05-07 01:15,5,1,4,0,0,0
2025-05-07 01:30,4,2,2,0,0,0
2025-05-07 01:45,4,0,4,0,0,0
2025-05-07 02:00,6,2,4,0,0,0
2025-05-07 02:15,0,0,0,0,0,0
2025-05-07 02:30,0,0,0,0,0,0
2025-05-07 02:45,0,0,0,0,0,0
2025-05-07 03:00,3,2,1,0,0,0
2025-05-07 03:15,1,1,0,0,0,0
2025-05-07 03:30,3,3,0,0,0,0
2025-05-07 03:45,0,0,0,0,0,0
2025-05-07 04:00,0,0,0,0,0,0
2025-05-07 04:15,2,0,2,0,0,0
2025-05-07 04:30,6,1,5,0,0,0
2025-05-07 04:45,7,4,3,0,0,0
2025-05-07 05:00,6,0,6,0,0,0
2025-05-07 05:15,17,5,12,0,0,0
2025-05-07 05:30,21,10,11,0,0,0
2025-05-07 05:45,26,12,14,0,0,0
2025-05-07 06:00,29,13,16,0,0,0
2025-05-07 06:15,39,24,15,0,0,0
2025-05-07 06:30,70,29,41,0,0,0
2025-05-07 06:45,85,51,34,0,0,0
2025-05-07 07:00,89,52,37,0,0,0
2025-05-07 07:15,129,63,66,0,0,0
2025-05-07 07:30,222,90,132,0,0,0
2025-05-07 07:45,210,122,88,0,0,0
2025-05-07 08:00,220,85,135,0,0,0
2025-05-07 08:15,175,87,88,0,0,0
2025-05-07 08:30,178,92,86,0,0,0
2025-05-07 08:45,146,88,58,0,0,0
2025-05-07 09:00,136,58,78,0,0,0
2025-05-07 09:15,100,44,56,0,0,0
2025-05-07 09:30,123,49,74,0,0,0
2025-05-07 09:45,129,48,81,0,0,0
2025-05-07 10:00,163,55,108,0,0,0
2025-05-07 10:15,105,46,59,0,0,0
2025-05-07 10:30,111,41,70,0,0,0
2025-05-07 10:45,113,57,56,0,0,0
2025-05-07 11:00,80,32,48,0,0,0
2025-05-07 11:15,69,29,40,0,0,0
2025-05-07 11:30,99,35,64,0,0,0
2025-05-07 11:45,143,59,84,0,0,0
2025-05-07 12:00,152,68,84,0,0,0
2025-05-07 12:15,127,50,77,0,0,0
2025-05-07 12:30,128,63,65,0,0,0
2025-05-07 12:45,145,64,81,0,0,0
2025-05-07 13:00,129,62,67,0,0,0
2025-05-07 13:15,116,52,64,0,0,0
2025-05-07 13:30,145,62,83,0,0,0
2025-05-07 13:45,139,66,73,0,0,0
2025-05-07 14:00,162,78,84,0,0,0
2025-05-07 14:15,139,69,70,0,0,0
2025-05-07 14:30,141,70,71,0,0,0
2025-05-07 14:45,140,73,67,0,0,0
2025-05-07 15:00,149,91,58,0,0,0
2025-05-07 15:15,133,73,60,0,0,0
2025-05-07 15:30,175,85,90,0,0,0
2025-05-07 15:45,171,94,77,0,0,0
2025-05-07 16:00,207,109,98,0,0,0
2025-05-07 16:15,156,77,79,0,0,0
2025-05-07 16:30,169,78,91,0,0,0
2025-05-07 16:45,184,89,95,0,0,0
2025-05-07 17:00,190,86,104,0,0,0
2025-05-07 17:15,192,87,105,0,0,0
2025-05-07 17:30,184,92,92,0,0,0
2025-05-07 17:45,236,120,116,0,0,0
2025-05-07 18:00,181,108,73,0,0,0
2025-05-07 18:15,159,90,69,0,0,0
2025-05-07 18:30,142,79,63,0,0,0
2025-05-07 18:45,177,83,94,0,0,0
2025-05-07 19:00,134,92,42,0,0,0
2025-05-07 19:15,126,75,51,0,0,0
2025-05-07 19:30,133,68,65,0,0,0
2025-05-07 19:45,148,95,53,0,0,0
2025-05-07 20:00,140,77,63,0,0,0
2025-05-07 20:15,93,47,46,0,0,0
2025-05-07 20:30,83,45,38,0,0,0
2025-05-07 20:45,77,39,38,0,0,0
2025-05-07 21:00,77,38,39,0,0,0
2025-05-07 21:15,90,41,49,0,0,0
2025-05-07 21:30,73,29,44,0,0,0
2025-05-07 21:45,85,40,45,0,0,0
2025-05-07 22:00,76,33,43,0,0,0
2025-05-07 22:15,73,44,29,0,0,0
2025-05-07 22:30,56,27,29,0,0,0
2025-05-07 22:45,68,32,36,0,0,0
2025-05-07 23:00,57,21,36,0,0,0
2025-05-07 23:15,47,19,28,0,0,0
2025-05-07 23:30,22,6,16,0,0,0
2025-05-07 23:45,28,13,15,0,0,0
2025-05-08 00:00,32,12,20,0,0,0
2025-05-08 00:15,17,8,9,0,0,0
2025-05-08 00:30,22,10,12,0,0,0
2025-05-08 00:45,24,7,17,0,0,0
2025-05-08 01:00,12,8,4,0,0,0
2025-05-08 01:15,29,7,22,0,0,0
2025-05-08 01:30,12,6,6,0,0,0
2025-05-08 01:45,9,2,7,0,0,0
2025-05-08 02:00,5,4,1,0,0,0
2025-05-08 02:15,2,2,0,0,0,0
2025-05-08 02:30,11,5,6,0,0,0
2025-05-08 02:45,4,4,0,0,0,0
2025-05-08 03:00,3,3,0,0,0,0
2025-05-08 03:15,1,1,0,0,0,0
2025-05-08 03:30,2,2,0,0,0,0
2025-05-08 03:45,6,5,1,0,0,0
2025-05-08 04:00,1,0,1,0,0,0
2025-05-08 04:15,3,2,1,0,0,0
2025-05-08 04:30,6,0,6,0,0,0
2025-05-08 04:45,5,3,2,0,0,0
2025-05-08 05:00,3,1,2,0,0,0
2025-05-08 05:15,16,5,11,0,0,0
2025-05-08 05:30,21,9,12,0,0,0
2025-05-08 05:45,37,18,19,0,0,0
2025-05-08 06:00,33,9,24,0,0,0
2025-05-08 06:15,43,18,25,0,0,0
2025-05-08 06:30,61,25,36,0,0,0
2025-05-08 06:45,75,46,29,0,0,0
2025-05-08 07:00,82,46,36,0,0,0
2025-05-08 07:15,146,70,76,0,0,0
2025-05-08 07:30,204,82,122,0,0,0
2025-05-08 07:45,191,97,94,0,0,0
2025-05-08 08:00,174,81,93,0,0,0
2025-05-08 08:15,160,74,86,0,0,0
2025-05-08 08:30,155,91,64,0,0,0
2025-05-08 08:45,166,89,77,0,0,0
2025-05-08 09:00,94,40,54,0,0,0
2025-05-08 09:15,96,51,45,0,0,0
2025-05-08 09:30,113,59,54,0,0,0
2025-05-08 09:45,181,57,124,0,0,0
2025-05-08 10:00,159,58,101,0,0,0
2025-05-08 10:15,82,39,43,0,0,0
2025-05-08 10:30,84,36,48,0,0,0
2025-05-08 10:45,99,39,60,0,0,0
2025-05-08 11:00,88,39,49,0,0,0
2025-05-08 11:15,110,44,66,0,0,0
2025-05-08 11:30,88,37,51,0,0,0
2025-05-08 11:45,148,55,93,0,0,0
2025-05-08 12:00,127,50,77,0,0,0
2025-05-08 12:15,120,54,66,0,0,0
2025-05-08 12:30,145,62,83,0,0,0
2025-05-08 12:45,137,74,63,0,0,0
2025-05-08 13:00,118,59,59,0,0,0
2025-05-08 13:15,132,61,71,0,0,0
2025-05-08 13:30,130,61,69,0,0,0
2025-05-08 13:45,179,86,93,0,0,0
2025-05-08 14:00,190,100,90,0,0,0
2025-05-08 14:15,130,71,59,0,0,0
2025-05-08 14:30,121,63,58,0,0,0
2025-05-08 14:45,144,80,64,0,0,0
2025-05-08 15:00,175,110,65,0,0,0
2025-05-08 15:15,152,84,68,0,0,0
2025-05-08 15:30,139,76,63,0,0,0
2025-05-08 15:45,168,95,73,0,0,0
2025-05-08 16:00,212,102,110,0,0,0
2025-05-08 16:15,191,98,93,0,0,0
2025-05-08 16:30,186,93,93,0,0,0
2025-05-08 16:45,175,78,97,0,0,0
2025-05-08 17:00,204,105,99,0,0,0
2025-05-08 17:15,216,93,123,0,0,0
2025-05-08 17:30,191,101,90,0,0,0
2025-05-08 17:45,202,105,97,0,0,0
2025-05-08 18:00,193,101,92,0,0,0
2025-05-08 18:15,169,96,73,0,0,0
2025-05-08 18:30,137,65,72,0,0,0
2025-05-08 18:45,168,84,84,0,0,0
2025-05-08 19:00,142,69,73,0,0,0
2025-05-08 19:15,127,70,57,0,0,0
2025-05-08 19:30,132,66,66,0,0,0
2025-05-08 19:45,137,80,57,0,0,0
2025-05-08 20:00,128,71,57,0,0,0
2025-05-08 20:15,97,46,51,0,0,0
2025-05-08 20:30,71,37,34,0,0,0
2025-05-08 20:45,61,31,30,0,0,0
2025-05-08 21:00,78,34,44,0,0,0
2025-05-08 21:15,58,34,24,0,0,0
2025-05-08 21:30,71,36,35,0,0,0
2025-05-08 21:45,66,39,27,0,0,0
2025-05-08 22:00,75,24,51,0,0,0
2025-05-08 22:15,66,28,38,0,0,0
2025-05-08 22:30,62,36,26,0,0,0
2025-05-08 22:45,69,22,47,0,0,0
2025-05-08 23:00,61,10,51,0,0,0
2025-05-08 23:15,33,7,26,0,0,0
2025-05-08 23:30,26,10,16,0,0,0
2025-05-08 23:45,30,12,18,0,0,0
2025-05-09 00:00,16,3,13,0,0,0
2025-05-09 00:15,20,9,11,0,0,0
2025-05-09 00:30,13,4,9,0,0,0
2025-05-09 00:45,8,4,4,0,0,0
2025-05-09 01:00,4,0,4,0,0,0
2025-05-09 01:15,7,4,3,0,0,0
2025-05-09 01:30,2,0,2,0,0,0
2025-05-09 01:45,7,2,5,0,0,0
2025-05-09 02:00,0,0,0,0,0,0
2025-05-09 02:15,2,0,2,0,0,0
2025-05-09 02:30,2,0,2,0,0,0
2025-05-09 02:45,1,1,0,0,0,0
2025-05-09 03:00,2,2,0,0,0,0
2025-05-09 03:15,0,0,0,0,0,0
2025-05-09 03:30,0,0,0,0,0,0
2025-05-09 03:45,2,1,1,0,0,0
2025-05-09 04:00,3,1,2,0,0,0
2025-05-09 04:15,4,2,2,0,0,0
2025-05-09 04:30,7,0,7,0,0,0
2025-05-09 04:45,6,3,3,0,0,0
2025-05-09 05:00,1,1,0,0,0,0
2025-05-09 05:15,13,3,10,0,0,0
2025-05-09 05:30,19,16,3,0,0,0
2025-05-09 05:45,26,12,14,0,0,0
2025-05-09 06:00,28,7,21,0,0,0
2025-05-09 06:15,37,18,19,0,0,0
2025-05-09 06:30,62,29,33,0,0,0
2025-05-09 06:45,65,37,28,0,0,0
2025-05-09 07:00,73,42,31,0,0,0
2025-05-09 07:15,121,54,67,0,0,0
2025-05-09 07:30,165,74,91,0,0,0
2025-05-09 07:45,197,102,95,0,0,0
2025-05-09 08:00,185,90,95,0,0,0
2025-05-09 08:15,138,66,72,0,0,0
2025-05-09 08:30,160,83,77,0,0,0
2025-05-09 08:45,176,96,80,0,0,0
2025-05-09 09:00,104,54,50,0,0,0
2025-05-09 09:15,101,46,55,0,0,0
2025-05-09 09:30,111,48,63,0,0,0
2025-05-09 09:45,149,62,87,0,0,0
2025-05-09 10:00,112,46,66,0,0,0
2025-05-09 10:15,88,36,52,0,0,0
2025-05-09 10:30,101,41,60,0,0,0
2025-05-09 10:45,117,56,61,0,0,0
2025-05-09 11:00,71,28,43,0,0,0
2025-05-09 11:15,106,47,59,0,0,0
2025-05-09 11:30,89,31,58,0,0,0
2025-05-09 11:45,149,62,87,0,0,0
2025-05-09 12:00,171,73,98,0,0,0
2025-05-09 12:15,150,71,79,0,0,0
2025-05-09 12:30,144,73,71,0,0,0
2025-05-09 12:45,141,68,73,0,0,0
2025-05-09 13:00,126,69,57,0,0,0
2025-05-09 13:15,167,67,100,0,0,0
2025-05-09 13:30,155,72,83,0,0,0
2025-05-09 13:45,152,80,72,0,0,0
2025-05-09 14:00,177,91,86,0,0,0
2025-05-09 14:15,146,65,81,0,0,0
2025-05-09 14:30,131,62,69,0,0,0
2025-05-09 14:45,163,91,72,0,0,0
2025-05-09 15:00,150,77,73,0,0,0
2025-05-09 15:15,149,73,76,0,0,0
2025-05-09 15:30,179,97,82,0,0,0
2025-05-09 15:45,189,106,83,0,0,0
2025-05-09 16:00,184,106,78,0,0,0
2025-05-09 16:15,152,73,79,0,0,0
2025-05-09 16:30,176,90,86,0,0,0
2025-05-09 16:45,144,80,64,0,0,0
2025-05-09 17:00,140,58,82,0,0,0
2025-05-09 17:15,160,81,79,0,0,0
2025-05-09 17:30,173,88,85,0,0,0
2025-05-09 17:45,178,106,72,0,0,0
2025-05-09 18:00,160,80,80,0,0,0
2025-05-09 18:15,158,81,77,0,0,0
2025-05-09 18:30,155,90,65,0,0,0
2025-05-09 18:45,143,78,65,0,0,0
2025-05-09 19:00,129,70,59,0,0,0
2025-05-09 19:15,119,66,53,0,0,0
2025-05-09 19:30,131,81,50,0,0,0
2025-05-09 19:45,127,73,54,0,0,0
2025-05-09 20:00,112,54,58,0,0,0
2025-05-09 20:15,111,52,59,0,0,0
2025-05-09 20:30,99,44,55,0,0,0
2025-05-09 20:45,106,49,57,0,0,0
2025-05-09 21:00,116,55,61,0,0,0
2025-05-09 21:15,97,45,52,0,0,0
2025-05-09 21:30,98,53,45,0,0,0
2025-05-09 21:45,79,42,37,0,0,0
2025-05-09 22:00,72,23,49,0,0,0
2025-05-09 22:15,81,43,38,0,0,0
2025-05-09 22:30,101,47,54,0,0,0
2025-05-09 22:45,91,31,60,0,0,0
2025-05-09 23:00,65,33,32,0,0,0
2025-05-09 23:15,67,37,30,0,0,0
2025-05-09 23:30,76,31,45,0,0,0
2025-05-09 23:45,72,39,33,0,0,0
2025-05-10 00:00,64,31,33,0,0,0
2025-05-10 00:15,58,12,46,0,0,0
2025-05-10 00:30,58,22,36,0,0,0
2025-05-10 00:45,51,15,36,0,0,0
2025-05-10 01:00,55,15,40,0,0,0
2025-05-10 01:15,49,18,31,0,0,0
2025-05-10 01:30,39,14,25,0,0,0
2025-05-10 01:45,37,9,28,0,0,0
2025-05-10 02:00,40,12,28,0,0,0
2025-05-10 02:15,26,3,23,0,0,0
2025-05-10 02:30,25,7,18,0,0,0
2025-05-10 02:45,12,4,8,0,0,0
2025-05-10 03:00,18,4,14,0,0,0
2025-05-10 03:15,23,5,18,0,0,0
2025-05-10 03:30,8,3,5,0,0,0
2025-05-10 03:45,10,2,8,0,0,0
2025-05-10 04:00,9,0,9,0,0,0
2025-05-10 04:15,13,4,9,0,0,0
2025-05-10 04:30,11,4,7,0,0,0
2025-05-10 04:45,6,1,5,0,0,0
2025-05-10 05:00,5,1,4,0,0,0
2025-05-10 05:15,8,3,5,0,0,0
2025-05-10 05:30,10,2,8,0,0,0
2025-05-10 05:45,9,4,5,0,0,0
2025-05-10 06:00,18,3,15,0,0,0
2025-05-10 06:15,9,1,8,0,0,0
2025-05-10 06:30,9,2,7,0,0,0
2025-05-10 06:45,12,7,5,0,0,0
2025-05-10 07:00,10,7,3,0,0,0
2025-05-10 07:15,11,7,4,0,0,0
2025-05-10 07:30,14,6,8,0,0,0
2025-05-10 07:45,23,7,16,0,0,0
2025-05-10 08:00,23,6,17,0,0,0
2025-05-10 08:15,27,9,18,0,0,0
2025-05-10 08:30,31,12,19,0,0,0
2025-05-10 08:45,48,21,27,0,0,0
2025-05-10 09:00,55,18,37,0,0,0
2025-05-10 09:15,39,20,19,0,0,0
2025-05-10 09:30,44,19,25,0,0,0
2025-05-10 09:45,99,31,68,0,0,0
2025-05-10 10:00,56,28,28,0,0,0
2025-05-10 10:15,77,32,45,0,0,0
2025-05-10 10:30,83,33,50,0,0,0
2025-05-10 10:45,69,30,39,0,0,0
2025-05-10 11:00,87,33,54,0,0,0
2025-05-10 11:15,98,38,60,0,0,0
2025-05-10 11:30,89,22,67,0,0,0
2025-05-10 11:45,111,48,63,0,0,0
2025-05-10 12:00,99,60,39,0,0,0
2025-05-10 12:15,101,53,48,0,0,0
2025-05-10 12:30,96,44,52,0,0,0
2025-05-10 12:45,133,53,80,0,0,0
2025-05-10 13:00,101,51,50,0,0,0
2025-05-10 13:15,101,57,44,0,0,0
2025-05-10 13:30,99,35,64,0,0,0
2025-05-10 13:45,128,61,67,0,0,0
2025-05-10 14:00,115,54,61,0,0,0
2025-05-10 14:15,136,69,67,0,0,0
2025-05-10 14:30,115,67,48,0,0,0
2025-05-10 14:45,113,59,54,0,0,0
2025-05-10 15:00,102,44,58,0,0,0
2025-05-10 15:15,123,74,49,0,0,0
2025-05-10 15:30,112,69,43,0,0,0
2025-05-10 15:45,103,58,45,0,0,0
2025-05-10 16:00,135,71,64,0,0,0
2025-05-10 16:15,99,55,44,0,0,0
2025-05-10 16:30,115,69,46,0,0,0
2025-05-10 16:45,125,81,44,0,0,0
2025-05-10 17:00,161,99,62,0,0,0
2025-05-10 17:15,93,49,44,0,0,0
2025-05-10 17:30,141,83,58,0,0,0
2025-05-10 17:45,132,72,60,0,0,0
2025-05-10 18:00,137,87,50,0,0,0
2025-05-10 18:15,167,87,80,0,0,0
2025-05-10 18:30,121,68,53,0,0,0
2025-05-10 18:45,100,49,51,0,0,0
2025-05-10 19:00,106,42,64,0,0,0
2025-05-10 19:15,159,86,73,0,0,0
2025-05-10 19:30,119,62,57,0,0,0
2025-05-10 19:45,95,44,51,0,0,0
2025-05-10 20:00,131,67,64,0,0,0
2025-05-10 20:15,90,44,46,0,0,0
2025-05-10 20:30,108,56,52,0,0,0
2025-05-10 20:45,90,59,31,0,0,0
2025-05-10 21:00,76,37,39,0,0,0
2025-05-10 21:15,74,34,40,0,0,0
2025-05-10 21:30,65,30,35,0,0,0
2025-05-10 21:45,88,40,48,0,0,0
2025-05-10 22:00,76,38,38,0,0,0
2025-05-10 22:15,90,23,67,0,0,0
2025-05-10 22:30,59,23,36,0,0,0
2025-05-10 22:45,67,44,23,0,0,0
2025-05-10 23:00,71,30,41,0,0,0
2025-05-10 23:15,62,31,31,0,0,0
2025-05-10 23:30,63,23,40,0,0,0
2025-05-10 23:45,44,16,28,0,0,0
2025-05-11 00:00,52,27,25,0,0,0
2025-05-11 00:15,72,26,46,0,0,0
2025-05-11 00:30,49,19,30,0,0,0
2025-05-11 00:45,36,14,22,0,0,0
2025-05-11 01:00,58,14,44,0,0,0
2025-05-11 01:15,32,13,19,0,0,0
2025-05-11 01:30,39,21,18,0,0,0
2025-05-11 01:45,29,10,19,0,0,0
2025-05-11 02:00,30,11,19,0,0,0
2025-05-11 02:15,35,5,30,0,0,0
2025-05-11 02:30,26,4,22,0,0,0
2025-05-11 02:45,24,5,19,0,0,0
2025-05-11 03:00,16,4,12,0,0,0
2025-05-11 03:15,31,3,28,0,0,0
2025-05-11 03:30,20,0,20,0,0,0
2025-05-11 03:45,38,2,36,0,0,0
2025-05-11 04:00,26,3,23,0,0,0
2025-05-11 04:15,24,0,24,0,0,0
2025-05-11 04:30,18,2,16,0,0,0
2025-05-11 04:45,19,0,19,0,0,0
2025-05-11 05:00,14,5,9,0,0,0
2025-05-11 05:15,12,0,12,0,0,0
2025-05-11 05:30,11,3,8,0,0,0
2025-05-11 05:45,8,2,6,0,0,0
2025-05-11 06:00,12,3,9,0,0,0
2025-05-11 06:15,5,4,1,0,0,0
2025-05-11 06:30,11,3,8,0,0,0
2025-05-11 06:45,7,3,4,0,0,0
2025-05-11 07:00,7,0,7,0,0,0
2025-05-11 07:15,8,3,5,0,0,0
2025-05-11 07:30,9,3,6,0,0,0
2025-05-11 07:45,5,2,3,0,0,0
2025-05-11 08:00,6,0,6,0,0,0
2025-05-11 08:15,7,3,4,0,0,0
2025-05-11 08:30,20,8,12,0,0,0
2025-05-11 08:45,17,6,11,0,0,0
2025-05-11 09:00,26,9,17,0,0,0
2025-05-11 09:15,30,12,18,0,0,0
2025-05-11 09:30,31,12,19,0,0,0
2025-05-11 09:45,52,27,25,0,0,0
2025-05-11 10:00,39,18,21,0,0,0
2025-05-11 10:15,55,17,38,0,0,0
2025-05-11 10:30,46,20,26,0,0,0
2025-05-11 10:45,60,29,31,0,0,0
2025-05-11 11:00,59,31,28,0,0,0
2025-05-11 11:15,66,29,37,0,0,0
2025-05-11 11:30,72,29,43,0,0,0
2025-05-11 11:45,91,33,58,0,0,0
2025-05-11 12:00,72,41,31,0,0,0
2025-05-11 12:15,74,29,45,0,0,0
2025-05-11 12:30,73,43,30,0,0,0
2025-05-11 12:45,74,45,29,0,0,0
2025-05-11 13:00,81,42,39,0,0,0
2025-05-11 13:15,94,50,44,0,0,0
2025-05-11 13:30,108,44,64,0,0,0
2025-05-11 13:45,105,55,50,0,0,0
2025-05-11 14:00,97,48,49,0,0,0
2025-05-11 14:15,98,47,51,0,0,0
2025-05-11 14:30,102,49,53,0,0,0
2025-05-11 14:45,98,49,49,0,0,0
2025-05-11 15:00,87,49,38,0,0,0
2025-05-11 15:15,103,45,58,0,0,0
2025-05-11 15:30,116,47,69,0,0,0
2025-05-11 15:45,98,51,47,0,0,0
2025-05-11 16:00,107,63,44,0,0,0
2025-05-11 16:15,102,49,53,0,0,0
2025-05-11 16:30,98,53,45,0,0,0
2025-05-11 16:45,107,55,52,0,0,0
2025-05-11 17:00,100,49,51,0,0,0
2025-05-11 17:15,95,51,44,0,0,0
2025-05-11 17:30,111,55,56,0,0,0
2025-05-11 17:45,90,48,42,0,0,0
2025-05-11 18:00,96,39,57,0,0,0
2025-05-11 18:15,84,47,37,0,0,0
2025-05-11 18:30,84,35,49,0,0,0
2025-05-11 18:45,129,59,70,0,0,0
2025-05-11 19:00,75,34,41,0,0,0
2025-05-11 19:15,65,35,30,0,0,0
2025-05-11 19:30,100,38,62,0,0,0
2025-05-11 19:45,102,43,59,0,0,0
2025-05-11 20:00,90,27,63,0,0,0
2025-05-11 20:15,87,22,65,0,0,0
2025-05-11 20:30,77,29,48,0,0,0
2025-05-11 20:45,86,30,56,0,0,0
2025-05-11 21:00,73,36,37,0,0,0
2025-05-11 21:15,52,25,27,0,0,0
2025-05-11 21:30,47,21,26,0,0,0
2025-05-11 21:45,52,27,25,0,0,0
2025-05-11 22:00,33,11,22,0,0,0
2025-05-11 22:15,29,8,21,0,0,0
2025-05-11 22:30,14,5,9,0,0,0
2025-05-11 22:45,26,12,14,0,0,0
2025-05-11 23:00,15,2,13,0,0,0
2025-05-11 23:15,17,8,9,0,0,0
2025-05-11 23:30,16,1,15,0,0,0
2025-05-11 23:45,6,3,3,0,0,0
2025-05-12 00:00,7,3,4,0,0,0
2025-05-12 00:15,9,2,7,0,0,0
2025-05-12 00:30,7,2,5,0,0,0
2025-05-12 00:45,2,1,1,0,0,0
2025-05-12 01:00,7,2,5,0,0,0
2025-05-12 01:15,0,0,0,0,0,0
2025-05-12 01:30,0,0,0,0,0,0
2025-05-12 01:45,1,0,1,0,0,0
2025-05-12 02:00,2,2,0,0,0,0
2025-05-12 02:15,0,0,0,0,0,0
2025-05-12 02:30,0,0,0,0,0,0
2025-05-12 02:45,0,0,0,0,0,0
2025-05-12 03:00,1,0,1,0,0,0
2025-05-12 03:15,1,1,0,0,0,0
2025-05-12 03:30,0,0,0,0,0,0
2025-05-12 03:45,4,3,1,0,0,0
2025-05-12 04:00,2,1,1,0,0,0
2025-05-12 04:15,3,1,2,0,0,0
2025-05-12 04:30,3,2,1,0,0,0
2025-05-12 04:45,2,2,0,0,0,0
2025-05-12 05:00,5,1,4,0,0,0
2025-05-12 05:15,13,6,7,0,0,0
2025-05-12 05:30,13,7,6,0,0,0
2025-05-12 05:45,42,23,19,0,0,0
2025-05-12 06:00,20,10,10,0,0,0
2025-05-12 06:15,45,23,22,0,0,0
2025-05-12 06:30,49,23,26,0,0,0
2025-05-12 06:45,78,51,27,0,0,0
2025-05-12 07:00,85,47,38,0,0,0
2025-05-12 07:15,148,61,87,0,0,0
2025-05-12 07:30,164,77,87,0,0,0
2025-05-12 07:45,218,114,104,0,0,0
2025-05-12 08:00,175,91,84,0,0,0
2025-05-12 08:15,163,88,75,0,0,0
2025-05-12 08:30,160,85,75,0,0,0
2025-05-12 08:45,136,77,59,0,0,0
2025-05-12 09:00,118,60,58,0,0,0
2025-05-12 09:15,90,38,52,0,0,0
2025-05-12 09:30,96,31,65,0,0,0
2025-05-12 09:45,127,34,93,0,0,0
2025-05-12 10:00,98,32,66,0,0,0
2025-05-12 10:15,80,29,51,0,0,0
2025-05-12 10:30,64,30,34,0,0,0
2025-05-12 10:45,98,47,51,0,0,0
2025-05-12 11:00,105,43,62,0,0,0
2025-05-12 11:15,83,32,51,0,0,0
2025-05-12 11:30,87,34,53,0,0,0
2025-05-12 11:45,118,36,82,0,0,0
2025-05-12 12:00,156,59,97,0,0,0
2025-05-12 12:15,119,60,59,0,0,0
2025-05-12 12:30,116,52,64,0,0,0
2025-05-12 12:45,137,54,83,0,0,0
2025-05-12 13:00,147,83,64,0,0,0
2025-05-12 13:15,128,55,73,0,0,0
2025-05-12 13:30,135,65,70,0,0,0
2025-05-12 13:45,154,81,73,0,0,0
2025-05-12 14:00,154,72,82,0,0,0
2025-05-12 14:15,134,65,69,0,0,0
2025-05-12 14:30,105,57,48,0,0,0
2025-05-12 14:45,133,68,65,0,0,0
2025-05-12 15:00,144,69,75,0,0,0
2025-05-12 15:15,145,80,65,0,0,0
2025-05-12 15:30,140,73,67,0,0,0
2025-05-12 15:45,186,103,83,0,0,0
2025-05-12 16:00,182,76,106,0,0,0
2025-05-12 16:15,174,85,89,0,0,0
2025-05-12 16:30,189,99,90,0,0,0
2025-05-12 16:45,187,97,90,0,0,0
2025-05-12 17:00,206,113,93,0,0,0
2025-05-12 17:15,194,94,100,0,0,0
2025-05-12 17:30,202,102,100,0,0,0
2025-05-12 17:45,243,138,105,0,0,0
2025-05-12 18:00,181,101,80,0,0,0
2025-05-12 18:15,164,74,90,0,0,0
2025-05-12 18:30,168,88,80,0,0,0
2025-05-12 18:45,139,73,66,0,0,0
2025-05-12 19:00,142,73,69,0,0,0
2025-05-12 19:15,146,91,55,0,0,0
2025-05-12 19:30,128,73,55,0,0,0
2025-05-12 19:45,116,59,57,0,0,0
2025-05-12 20:00,95,47,48,0,0,0
2025-05-12 20:15,92,54,38,0,0,0
2025-05-12 20:30,69,30,39,0,0,0
2025-05-12 20:45,89,39,50,0,0,0
2025-05-12 21:00,91,47,44,0,0,0
2025-05-12 21:15,70,37,33,0,0,0
2025-05-12 21:30,57,31,26,0,0,0
2025-05-12 21:45,70,32,38,0,0,0
2025-05-12 22:00,56,24,32,0,0,0
2025-05-12 22:15,45,21,24,0,0,0
2025-05-12 22:30,48,13,35,0,0,0
2025-05-12 22:45,43,9,34,0,0,0
2025-05-12 23:00,38,8,30,0,0,0
2025-05-12 23:15,19,4,15,0,0,0
2025-05-12 23:30,22,10,12,0,0,0
2025-05-12 23:45,12,7,5,0,0,0
2025-05-13 00:00,11,3,8,0,0,0
2025-05-13 00:15,8,3,5,0,0,0
2025-05-13 00:30,7,4,3,0,0,0
2025-05-13 00:45,4,1,3,0,0,0
2025-05-13 01:00,8,5,3,0,0,0
2025-05-13 01:15,1,1,0,0,0,0
2025-05-13 01:30,2,2,0,0,0,0
2025-05-13 01:45,0,0,0,0,0,0
2025-05-13 02:00,2,0,2,0,0,0
2025-05-13 02:15,2,0,2,0,0,0
2025-05-13 02:30,0,0,0,0,0,0
2025-05-13 02:45,3,3,0,0,0,0
2025-05-13 03:00,4,4,0,0,0,0
2025-05-13 03:15,2,1,1,0,0,0
2025-05-13 03:30,3,2,1,0,0,0
2025-05-13 03:45,2,2,0,0,0,0
2025-05-13 04:00,0,0,0,0,0,0
2025-05-13 04:15,3,1,2,0,0,0
2025-05-13 04:30,3,1,2,0,0,0
2025-05-13 04:45,6,3,3,0,0,0
2025-05-13 05:00,5,2,3,0,0,0
2025-05-13 05:15,13,4,9,0,0,0
2025-05-13 05:30,19,6,13,0,0,0
2025-05-13 05:45,25,13,12,0,0,0
2025-05-13 06:00,30,15,15,0,0,0
2025-05-13 06:15,55,27,28,0,0,0
2025-05-13 06:30,55,28,27,0,0,0
2025-05-13 06:45,99,56,43,0,0,0
2025-05-13 07:00,98,49,49,0,0,0
2025-05-13 07:15,127,61,66,0,0,0
2025-05-13 07:30,193,78,115,0,0,0
2025-05-13 07:45,253,156,97,0,0,0
2025-05-13 08:00,217,118,99,0,0,0
2025-05-13 08:15,182,93,89,0,0,0
2025-05-13 08:30,176,92,84,0,0,0
2025-05-13 08:45,149,65,84,0,0,0
2025-05-13 09:00,109,38,71,0,0,0
2025-05-13 09:15,94,33,61,0,0,0
2025-05-13 09:30,92,33,59,0,0,0
2025-05-13 09:45,142,35,107,0,0,0
2025-05-13 10:00,130,44,86,0,0,0
2025-05-13 10:15,87,34,53,0,0,0
2025-05-13 10:30,67,23,44,0,0,0
2025-05-13 10:45,80,35,45,0,0,0
2025-05-13 11:00,98,33,65,0,0,0
2025-05-13 11:15,80,34,46,0,0,0
2025-05-13 11:30,97,35,62,0,0,0
2025-05-13 11:45,124,51,73,0,0,0
2025-05-13 12:00,120,47,73,0,0,0
2025-05-13 12:15,118,63,55,0,0,0
2025-05-13 12:30,107,45,62,0,0,0
2025-05-13 12:45,127,72,55,0,0,0
2025-05-13 13:00,115,61,54,0,0,0
2025-05-13 13:15,129,59,70,0,0,0
2025-05-13 13:30,123,53,70,0,0,0
2025-05-13 13:45,170,94,76,0,0,0
2025-05-13 14:00,167,102,65,0,0,0
2025-05-13 14:15,124,77,47,0,0,0
2025-05-13 14:30,139,67,72,0,0,0
2025-05-13 14:45,146,76,70,0,0,0
2025-05-13 15:00,133,73,60,0,0,0
2025-05-13 15:15,155,68,87,0,0,0
2025-05-13 15:30,149,74,75,0,0,0
2025-05-13 15:45,186,100,86,0,0,0
2025-05-13 16:00,196,98,98,0,0,0
2025-05-13 16:15,199,124,75,0,0,0
2025-05-13 16:30,197,90,107,0,0,0
2025-05-13 16:45,182,87,95,0,0,0
2025-05-13 17:00,217,88,129,0,0,0
2025-05-13 17:15,186,77,109,0,0,0
2025-05-13 17:30,210,86,124,0,0,0
2025-05-13 17:45,240,126,114,0,0,0
2025-05-13 18:00,231,132,99,0,0,0
2025-05-13 18:15,173,102,71,0,0,0
2025-05-13 18:30,155,95,60,0,0,0
2025-05-13 18:45,215,117,98,0,0,0
2025-05-13 19:00,157,81,76,0,0,0
2025-05-13 19:15,148,86,62,0,0,0
2025-05-13 19:30,111,55,56,0,0,0
2025-05-13 19:45,126,70,56,0,0,0
2025-05-13 20:00,127,56,71,0,0,0
2025-05-13 20:15,126,51,75,0,0,0
2025-05-13 20:30,115,48,67,0,0,0
2025-05-13 20:45,102,43,59,0,0,0
2025-05-13 21:00,83,29,54,0,0,0
2025-05-13 21:15,83,31,52,0,0,0
2025-05-13 21:30,63,24,39,0,0,0
2025-05-13 21:45,80,29,51,0,0,0
2025-05-13 22:00,74,23,51,0,0,0
2025-05-13 22:15,74,29,45,0,0,0
2025-05-13 22:30,53,23,30,0,0,0
2025-05-13 22:45,35,15,20,0,0,0
2025-05-13 23:00,45,13,32,0,0,0
2025-05-13 23:15,30,7,23,0,0,0
2025-05-13 23:30,20,10,10,0,0,0
2025-05-13 23:45,16,9,7,0,0,0
2025-05-14 00:00,14,6,8,0,0,0
2025-05-14 00:15,23,8,15,0,0,0
2025-05-14 00:30,21,6,15,0,0,0
2025-05-14 00:45,7,0,7,0,0,0
2025-05-14 01:00,6,1,5,0,0,0
2025-05-14 01:15,6,2,4,0,0,0
2025-05-14 01:30,13,4,9,0,0,0
2025-05-14 01:45,5,5,0,0,0,0
2025-05-14 02:00,5,1,4,0,0,0
2025-05-14 02:15,2,1,1,0,0,0
2025-05-14 02:30,3,2,1,0,0,0
2025-05-14 02:45,7,2,5,0,0,0
2025-05-14 03:00,2,2,0,0,0,0
2025-05-14 03:15,0,0,0,0,0,0
2025-05-14 03:30,2,0,2,0,0,0
2025-05-14 03:45,2,2,0,0,0,0
2025-05-14 04:00,0,0,0,0,0,0
2025-05-14 04:15,6,1,5,0,0,0
2025-05-14 04:30,3,1,2,0,0,0
2025-05-14 04:45,5,4,1,0,0,0
2025-05-14 05:00,3,1,2,0,0,0
2025-05-14 05:15,9,3,6,0,0,0
2025-05-14 05:30,27,9,18,0,0,0
2025-05-14 05:45,32,14,18,0,0,0
2025-05-14 06:00,34,9,25,0,0,0
2025-05-14 06:15,43,21,22,0,0,0
2025-05-14 06:30,45,18,27,0,0,0
2025-05-14 06:45,84,51,33,0,0,0
2025-05-14 07:00,98,53,45,0,0,0
2025-05-14 07:15,138,64,74,0,0,0
2025-05-14 07:30,193,84,109,0,0,0
2025-05-14 07:45,205,113,92,0,0,0
2025-05-14 08:00,189,102,87,0,0,0
2025-05-14 08:15,165,90,75,0,0,0
2025-05-14 08:30,169,88,81,0,0,0
2025-05-14 08:45,162,77,85,0,0,0
2025-05-14 09:00,107,49,58,0,0,0
2025-05-14 09:15,89,39,50,0,0,0
2025-05-14 09:30,135,57,78,0,0,0
2025-05-14 09:45,128,47,81,0,0,0
2025-05-14 10:00,138,42,96,0,0,0
2025-05-14 10:15,76,37,39,0,0,0
2025-05-14 10:30,99,35,64,0,0,0
2025-05-14 10:45,109,51,58,0,0,0
2025-05-14 11:00,81,36,45,0,0,0
2025-05-14 11:15,115,51,64,0,0,0
2025-05-14 11:30,137,58,79,0,0,0
2025-05-14 11:45,167,66,101,0,0,0
2025-05-14 12:00,132,50,82,0,0,0
2025-05-14 12:15,111,44,67,0,0,0
2025-05-14 12:30,152,84,68,0,0,0
2025-05-14 12:45,113,45,68,0,0,0
2025-05-14 13:00,137,75,62,0,0,0
2025-05-14 13:15,111,49,62,0,0,0
2025-05-14 13:30,131,74,57,0,0,0
2025-05-14 13:45,167,87,80,0,0,0
2025-05-14 14:00,150,70,80,0,0,0
2025-05-14 14:15,123,69,54,0,0,0
2025-05-14 14:30,116,64,52,0,0,0
2025-05-14 14:45,120,61,59,0,0,0
2025-05-14 15:00,179,105,74,0,0,0
2025-05-14 15:15,129,63,66,0,0,0
2025-05-14 15:30,133,66,67,0,0,0
2025-05-14 15:45,217,124,93,0,0,0
2025-05-14 16:00,195,102,93,0,0,0
2025-05-14 16:15,177,107,70,0,0,0
2025-05-14 16:30,209,106,103,0,0,0
2025-05-14 16:45,231,119,112,0,0,0
2025-05-14 17:00,197,99,98,0,0,0
2025-05-14 17:15,223,107,116,0,0,0
2025-05-14 17:30,208,94,114,0,0,0
2025-05-14 17:45,230,126,104,0,0,0
2025-05-14 18:00,214,114,100,0,0,0
2025-05-14 18:15,180,97,83,0,0,0
2025-05-14 18:30,170,91,79,0,0,0
2025-05-14 18:45,160,83,77,0,0,0
2025-05-14 19:00,134,74,60,0,0,0
2025-05-14 19:15,148,80,68,0,0,0
2025-05-14 19:30,140,85,55,0,0,0
2025-05-14 19:45,155,79,76,0,0,0
2025-05-14 20:00,161,84,77,0,0,0
2025-05-14 20:15,97,50,47,0,0,0
2025-05-14 20:30,85,31,54,0,0,0
2025-05-14 20:45,114,56,58,0,0,0
2025-05-14 21:00,118,61,57,0,0,0
2025-05-14 21:15,88,44,44,0,0,0
2025-05-14 21:30,90,39,51,0,0,0
2025-05-14 21:45,84,43,41,0,0,0
2025-05-14 22:00,92,49,43,0,0,0
2025-05-14 22:15,94,33,61,0,0,0
2025-05-14 22:30,75,33,42,0,0,0
2025-05-14 22:45,58,22,36,0,0,0
2025-05-14 23:00,70,25,45,0,0,0
2025-05-14 23:15,45,25,20,0,0,0
2025-05-14 23:30,57,11,46,0,0,0
2025-05-14 23:45,37,14,23,0,0,0
2025-05-15 00:00,46,22,24,0,0,0
2025-05-15 00:15,38,23,15,0,0,0
2025-05-15 00:30,27,10,17,0,0,0
2025-05-15 00:45,32,12,20,0,0,0
2025-05-15 01:00,11,8,3,0,0,0
2025-05-15 01:15,19,3,16,0,0,0
2025-05-15 01:30,8,3,5,0,0,0
2025-05-15 01:45,8,1,7,0,0,0
2025-05-15 02:00,8,2,6,0,0,0
2025-05-15 02:15,6,4,2,0,0,0
2025-05-15 02:30,17,3,14,0,0,0
2025-05-15 02:45,19,5,14,0,0,0
2025-05-15 03:00,10,2,8,0,0,0
2025-05-15 03:15,11,5,6,0,0,0
2025-05-15 03:30,12,0,12,0,0,0
2025-05-15 03:45,10,1,9,0,0,0
2025-05-15 04:00,5,0,5,0,0,0
2025-05-15 04:15,1,0,1,0,0,0
2025-05-15 04:30,7,2,5,0,0,0
2025-05-15 04:45,3,2,1,0,0,0
2025-05-15 05:00,3,2,1,0,0,0
2025-05-15 05:15,16,9,7,0,0,0
2025-05-15 05:30,17,8,9,0,0,0
2025-05-15 05:45,27,12,15,0,0,0
2025-05-15 06:00,33,12,21,0,0,0
2025-05-15 06:15,45,31,14,0,0,0
2025-05-15 06:30,69,31,38,0,0,0
2025-05-15 06:45,92,46,46,0,0,0
2025-05-15 07:00,78,45,33,0,0,0
2025-05-15 07:15,144,59,85,0,0,0
2025-05-15 07:30,190,86,104,0,0,0
2025-05-15 07:45,209,110,99,0,0,0
2025-05-15 08:00,170,74,96,0,0,0
2025-05-15 08:15,142,80,62,0,0,0
2025-05-15 08:30,167,94,73,0,0,0
2025-05-15 08:45,162,87,75,0,0,0
2025-05-15 09:00,107,52,55,0,0,0
2025-05-15 09:15,87,35,52,0,0,0
2025-05-15 09:30,101,47,54,0,0,0
2025-05-15 09:45,127,39,88,0,0,0
2025-05-15 10:00,120,44,76,0,0,0
2025-05-15 10:15,89,39,50,0,0,0
2025-05-15 10:30,78,31,47,0,0,0
2025-05-15 10:45,113,41,72,0,0,0
2025-05-15 11:00,76,26,50,0,0,0
2025-05-15 11:15,84,35,49,0,0,0
2025-05-15 11:30,102,48,54,0,0,0
2025-05-15 11:45,130,53,77,0,0,0
2025-05-15 12:00,131,54,77,0,0,0
2025-05-15 12:15,130,54,76,0,0,0
2025-05-15 12:30,125,58,67,0,0,0
2025-05-15 12:45,124,59,65,0,0,0
2025-05-15 13:00,138,57,81,0,0,0
2025-05-15 13:15,107,46,61,0,0,0
2025-05-15 13:30,125,54,71,0,0,0
2025-05-15 13:45,159,77,82,0,0,0
2025-05-15 14:00,173,82,91,0,0,0
2025-05-15 14:15,154,87,67,0,0,0
2025-05-15 14:30,145,71,74,0,0,0
2025-05-15 14:45,137,62,75,0,0,0
2025-05-15 15:00,123,62,61,0,0,0
2025-05-15 15:15,141,85,56,0,0,0
2025-05-15 15:30,152,88,64,0,0,0
2025-05-15 15:45,181,98,83,0,0,0
2025-05-15 16:00,205,113,92,0,0,0
2025-05-15 16:15,186,114,72,0,0,0
2025-05-15 16:30,177,86,91,0,0,0
2025-05-15 16:45,212,100,112,0,0,0
2025-05-15 17:00,188,94,94,0,0,0
2025-05-15 17:15,203,113,90,0,0,0
2025-05-15 17:30,196,112,84,0,0,0
2025-05-15 17:45,198,101,97,0,0,0
2025-05-15 18:00,217,107,110,0,0,0
2025-05-15 18:15,152,79,73,0,0,0
2025-05-15 18:30,147,90,57,0,0,0
2025-05-15 18:45,166,88,78,0,0,0
2025-05-15 19:00,186,93,93,0,0,0
2025-05-15 19:15,121,64,57,0,0,0
2025-05-15 19:30,110,63,47,0,0,0
2025-05-15 19:45,140,70,70,0,0,0
2025-05-15 20:00,142,70,72,0,0,0
2025-05-15 20:15,120,77,43,0,0,0
2025-05-15 20:30,144,90,54,0,0,0
2025-05-15 20:45,99,65,34,0,0,0
2025-05-15 21:00,92,49,43,0,0,0
2025-05-15 21:15,68,33,35,0,0,0
2025-05-15 21:30,73,33,40,0,0,0
2025-05-15 21:45,64,25,39,0,0,0
2025-05-15 22:00,101,33,68,0,0,0
2025-05-15 22:15,88,21,67,0,0,0
2025-05-15 22:30,67,21,46,0,0,0
2025-05-15 22:45,50,15,35,0,0,0
2025-05-15 23:00,39,16,23,0,0,0
2025-05-15 23:15,42,19,23,0,0,0
2025-05-15 23:30,30,11,19,0,0,0
2025-05-15 23:45,32,6,26,0,0,0
2025-05-16 00:00,19,8,11,0,0,0
2025-05-16 00:15,31,8,23,0,0,0
2025-05-16 00:30,21,1,20,0,0,0
2025-05-16 00:45,23,0,23,0,0,0
2025-05-16 01:00,38,8,30,0,0,0
2025-05-16 01:15,31,4,27,0,0,0
2025-05-16 01:30,19,1,18,0,0,0
2025-05-16 01:45,7,0,7,0,0,0
2025-05-16 02:00,6,1,5,0,0,0
2025-05-16 02:15,22,0,22,0,0,0
2025-05-16 02:30,9,3,6,0,0,0
2025-05-16 02:45,3,1,2,0,0,0
2025-05-16 03:00,3,3,0,0,0,0
2025-05-16 03:15,3,3,0,0,0,0
2025-05-16 03:30,0,0,0,0,0,0
2025-05-16 03:45,1,0,1,0,0,0
2025-05-16 04:00,0,0,0,0,0,0
2025-05-16 04:15,1,0,1,0,0,0
2025-05-16 04:30,5,3,2,0,0,0
2025-05-16 04:45,3,0,3,0,0,0
2025-05-16 05:00,7,5,2,0,0,0
2025-05-16 05:15,12,7,5,0,0,0
2025-05-16 05:30,22,9,13,0,0,0
2025-05-16 05:45,19,11,8,0,0,0
2025-05-16 06:00,35,10,25,0,0,0
2025-05-16 06:15,37,16,21,0,0,0
2025-05-16 06:30,45,27,18,0,0,0
2025-05-16 06:45,70,34,36,0,0,0
2025-05-16 07:00,80,43,37,0,0,0
2025-05-16 07:15,97,42,55,0,0,0
2025-05-16 07:30,178,72,106,0,0,0
2025-05-16 07:45,198,86,112,0,0,0
2025-05-16 08:00,171,76,95,0,0,0
2025-05-16 08:15,122,78,44,0,0,0
2025-05-16 08:30,139,70,69,0,0,0
2025-05-16 08:45,151,64,87,0,0,0
2025-05-16 09:00,101,46,55,0,0,0
2025-05-16 09:15,89,31,58,0,0,0
2025-05-16 09:30,91,40,51,0,0,0
2025-05-16 09:45,128,32,96,0,0,0
2025-05-16 10:00,95,40,55,0,0,0
2025-05-16 10:15,85,36,49,0,0,0
2025-05-16 10:30,64,27,37,0,0,0
2025-05-16 10:45,101,52,49,0,0,0
2025-05-16 11:00,72,31,41,0,0,0
2025-05-16 11:15,94,37,57,0,0,0
2025-05-16 11:30,92,37,55,0,0,0
2025-05-16 11:45,116,36,80,0,0,0
2025-05-16 12:00,157,64,93,0,0,0
2025-05-16 12:15,114,51,63,0,0,0
2025-05-16 12:30,129,66,63,0,0,0
2025-05-16 12:45,142,55,87,0,0,0
2025-05-16 13:00,118,61,57,0,0,0
2025-05-16 13:15,160,71,89,0,0,0
2025-05-16 13:30,137,62,75,0,0,0
2025-05-16 13:45,165,89,76,0,0,0
2025-05-16 14:00,141,76,65,0,0,0
2025-05-16 14:15,158,75,83,0,0,0
2025-05-16 14:30,116,53,63,0,0,0
2025-05-16 14:45,132,68,64,0,0,0
2025-05-16 15:00,123,61,62,0,0,0
2025-05-16 15:15,133,81,52,0,0,0
2025-05-16 15:30,148,81,67,0,0,0
2025-05-16 15:45,162,94,68,0,0,0
2025-05-16 16:00,143,68,75,0,0,0
2025-05-16 16:15,156,70,86,0,0,0
2025-05-16 16:30,160,84,76,0,0,0
2025-05-16 16:45,128,65,63,0,0,0
2025-05-16 17:00,135,57,78,0,0,0
2025-05-16 17:15,169,89,80,0,0,0
2025-05-16 17:30,164,94,70,0,0,0
2025-05-16 17:45,175,113,62,0,0,0
2025-05-16 18:00,185,97,88,0,0,0
2025-05-16 18:15,149,78,71,0,0,0
2025-05-16 18:30,159,86,73,0,0,0
2025-05-16 18:45,137,76,61,0,0,0
2025-05-16 19:00,126,70,56,0,0,0
2025-05-16 19:15,147,83,64,0,0,0
2025-05-16 19:30,146,99,47,0,0,0
2025-05-16 19:45,137,79,58,0,0,0
2025-05-16 20:00,108,63,45,0,0,0
2025-05-16 20:15,116,60,56,0,0,0
2025-05-16 20:30,108,67,41,0,0,0
2025-05-16 20:45,77,39,38,0,0,0
2025-05-16 21:00,103,51,52,0,0,0
2025-05-16 21:15,78,43,35,0,0,0
2025-05-16 21:30,73,33,40,0,0,0
2025-05-16 21:45,77,30,47,0,0,0
2025-05-16 22:00,93,42,51,0,0,0
2025-05-16 22:15,84,20,64,0,0,0
2025-05-16 22:30,59,27,32,0,0,0
2025-05-16 22:45,70,31,39,0,0,0
2025-05-16 23:00,69,28,41,0,0,0
2025-05-16 23:15,91,24,67,0,0,0
2025-05-16 23:30,53,18,35,0,0,0
2025-05-16 23:45,67,26,41,0,0,0
2025-05-17 00:00,73,42,31,0,0,0
2025-05-17 00:15,38,15,23,0,0,0
2025-05-17 00:30,37,20,17,0,0,0
2025-05-17 00:45,56,28,28,0,0,0
2025-05-17 01:00,53,22,31,0,0,0
2025-05-17 01:15,29,8,21,0,0,0
2025-05-17 01:30,32,5,27,0,0,0
2025-05-17 01:45,35,10,25,0,0,0
2025-05-17 02:00,16,8,8,0,0,0
2025-05-17 02:15,24,7,17,0,0,0
2025-05-17 02:30,28,7,21,0,0,0
2025-05-17 02:45,32,10,22,0,0,0
2025-05-17 03:00,36,7,29,0,0,0
2025-05-17 03:15,35,3,32,0,0,0
2025-05-17 03:30,9,1,8,0,0,0
2025-05-17 03:45,25,2,23,0,0,0
2025-05-17 04:00,16,1,15,0,0,0
2025-05-17 04:15,22,5,17,0,0,0
2025-05-17 04:30,16,1,15,0,0,0
2025-05-17 04:45,7,2,5,0,0,0
2025-05-17 05:00,9,1,8,0,0,0
2025-05-17 05:15,11,1,10,0,0,0
2025-05-17 05:30,11,4,7,0,0,0
2025-05-17 05:45,26,4,22,0,0,0
2025-05-17 06:00,14,4,10,0,0,0
2025-05-17 06:15,8,3,5,0,0,0
2025-05-17 06:30,10,3,7,0,0,0
2025-05-17 06:45,15,4,11,0,0,0
2025-05-17 07:00,18,6,12,0,0,0
2025-05-17 07:15,19,4,15,0,0,0
2025-05-17 07:30,26,8,18,0,0,0
2025-05-17 07:45,39,7,32,0,0,0
2025-05-17 08:00,36,17,19,0,0,0
2025-05-17 08:15,36,18,18,0,0,0
2025-05-17 08:30,49,12,37,0,0,0
2025-05-17 08:45,63,26,37,0,0,0
2025-05-17 09:00,52,14,38,0,0,0
2025-05-17 09:15,76,28,48,0,0,0
2025-05-17 09:30,76,28,48,0,0,0
2025-05-17 09:45,119,40,79,0,0,0
2025-05-17 10:00,78,30,48,0,0,0
2025-05-17 10:15,83,30,53,0,0,0
2025-05-17 10:30,111,35,76,0,0,0
2025-05-17 10:45,113,38,75,0,0,0
2025-05-17 11:00,86,38,48,0,0,0
2025-05-17 11:15,139,51,88,0,0,0
2025-05-17 11:30,90,33,57,0,0,0
2025-05-17 11:45,109,54,55,0,0,0
2025-05-17 12:00,132,51,81,0,0,0
2025-05-17 12:15,119,54,65,0,0,0
2025-05-17 12:30,132,48,84,0,0,0
2025-05-17 12:45,94,48,46,0,0,0
2025-05-17 13:00,123,62,61,0,0,0
2025-05-17 13:15,78,37,41,0,0,0
2025-05-17 13:30,160,87,73,0,0,0
2025-05-17 13:45,119,55,64,0,0,0
2025-05-17 14:00,113,56,57,0,0,0
2025-05-17 14:15,134,77,57,0,0,0
2025-05-17 14:30,104,61,43,0,0,0
2025-05-17 14:45,126,78,48,0,0,0
2025-05-17 15:00,128,65,63,0,0,0
2025-05-17 15:15,115,63,52,0,0,0
2025-05-17 15:30,137,76,61,0,0,0
2025-05-17 15:45,111,57,54,0,0,0
2025-05-17 16:00,148,79,69,0,0,0
2025-05-17 16:15,112,58,54,0,0,0
2025-05-17 16:30,114,60,54,0,0,0
2025-05-17 16:45,119,68,51,0,0,0
2025-05-17 17:00,113,60,53,0,0,0
2025-05-17 17:15,115,59,56,0,0,0
2025-05-17 17:30,136,54,82,0,0,0
2025-05-17 17:45,138,61,77,0,0,0
2025-05-17 18:00,117,77,40,0,0,0
2025-05-17 18:15,110,52,58,0,0,0
2025-05-17 18:30,94,54,40,0,0,0
2025-05-17 18:45,128,75,53,0,0,0
2025-05-17 19:00,110,61,49,0,0,0
2025-05-17 19:15,138,68,70,0,0,0
2025-05-17 19:30,111,60,51,0,0,0
2025-05-17 19:45,118,69,49,0,0,0
2025-05-17 20:00,97,51,46,0,0,0
2025-05-17 20:15,90,48,42,0,0,0
2025-05-17 20:30,82,46,36,0,0,0
2025-05-17 20:45,80,55,25,0,0,0
2025-05-17 21:00,109,44,65,0,0,0
2025-05-17 21:15,68,27,41,0,0,0
2025-05-17 21:30,62,18,44,0,0,0
2025-05-17 21:45,67,33,34,0,0,0
2025-05-17 22:00,68,29,39,0,0,0
2025-05-17 22:15,60,28,32,0,0,0
2025-05-17 22:30,69,27,42,0,0,0
2025-05-17 22:45,74,38,36,0,0,0
2025-05-17 23:00,48,24,24,0,0,0
2025-05-17 23:15,63,20,43,0,0,0
2025-05-17 23:30,58,22,36,0,0,0
2025-05-17 23:45,56,27,29,0,0,0
2025-05-18 00:00,68,27,41,0,0,0
2025-05-18 00:15,51,34,17,0,0,0
2025-05-18 00:30,42,17,25,0,0,0
2025-05-18 00:45,57,32,25,0,0,0
2025-05-18 01:00,54,26,28,0,0,0
2025-05-18 01:15,52,23,29,0,0,0
2025-05-18 01:30,35,15,20,0,0,0
2025-05-18 01:45,38,21,17,0,0,0
2025-05-18 02:00,52,7,45,0,0,0
2025-05-18 02:15,32,13,19,0,0,0
2025-05-18 02:30,26,5,21,0,0,0
2025-05-18 02:45,34,6,28,0,0,0
2025-05-18 03:00,33,5,28,0,0,0
2025-05-18 03:15,25,7,18,0,0,0
2025-05-18 03:30,22,2,20,0,0,0
2025-05-18 03:45,22,2,20,0,0,0
2025-05-18 04:00,17,3,14,0,0,0
2025-05-18 04:15,18,1,17,0,0,0
2025-05-18 04:30,12,0,12,0,0,0
2025-05-18 04:45,16,1,15,0,0,0
2025-05-18 05:00,7,0,7,0,0,0
2025-05-18 05:15,16,3,13,0,0,0
2025-05-18 05:30,14,4,10,0,0,0
2025-05-18 05:45,13,2,11,0,0,0
2025-05-18 06:00,9,2,7,0,0,0
2025-05-18 06:15,8,3,5,0,0,0
2025-05-18 06:30,14,7,7,0,0,0
2025-05-18 06:45,5,1,4,0,0,0
2025-05-18 07:00,5,1,4,0,0,0
2025-05-18 07:15,5,1,4,0,0,0
2025-05-18 07:30,8,0,8,0,0,0
2025-05-18 07:45,4,2,2,0,0,0
2025-05-18 08:00,9,4,5,0,0,0
2025-05-18 08:15,13,3,10,0,0,0
2025-05-18 08:30,23,8,15,0,0,0
2025-05-18 08:45,18,7,11,0,0,0
2025-05-18 09:00,16,5,11,0,0,0
2025-05-18 09:15,38,19,19,0,0,0
2025-05-18 09:30,30,17,13,0,0,0
2025-05-18 09:45,51,21,30,0,0,0
2025-05-18 10:00,37,18,19,0,0,0
2025-05-18 10:15,42,22,20,0,0,0
2025-05-18 10:30,38,13,25,0,0,0
2025-05-18 10:45,46,24,22,0,0,0
2025-05-18 11:00,54,24,30,0,0,0
2025-05-18 11:15,60,15,45,0,0,0
2025-05-18 11:30,59,26,33,0,0,0
2025-05-18 11:45,75,37,38,0,0,0
2025-05-18 12:00,72,32,40,0,0,0
2025-05-18 12:15,77,31,46,0,0,0
2025-05-18 12:30,50,29,21,0,0,0
2025-05-18 12:45,63,27,36,0,0,0
2025-05-18 13:00,81,35,46,0,0,0
2025-05-18 13:15,87,35,52,0,0,0
2025-05-18 13:30,56,27,29,0,0,0
2025-05-18 13:45,74,37,37,0,0,0
2025-05-18 14:00,76,29,47,0,0,0
2025-05-18 14:15,94,46,48,0,0,0
2025-05-18 14:30,88,48,40,0,0,0
2025-05-18 14:45,109,69,40,0,0,0
2025-05-18 15:00,107,57,50,0,0,0
2025-05-18 15:15,89,43,46,0,0,0
2025-05-18 15:30,81,43,38,0,0,0
2025-05-18 15:45,83,41,42,0,0,0
2025-05-18 16:00,90,38,52,0,0,0
2025-05-18 16:15,84,33,51,0,0,0
2025-05-18 16:30,84,34,50,0,0,0
2025-05-18 16:45,82,35,47,0,0,0
2025-05-18 17:00,80,41,39,0,0,0
2025-05-18 17:15,97,44,53,0,0,0
2025-05-18 17:30,109,51,58,0,0,0
2025-05-18 17:45,120,57,63,0,0,0
2025-05-18 18:00,102,44,58,0,0,0
2025-05-18 18:15,99,44,55,0,0,0
2025-05-18 18:30,116,49,67,0,0,0
2025-05-18 18:45,96,45,51,0,0,0
2025-05-18 19:00,96,48,48,0,0,0
2025-05-18 19:15,73,32,41,0,0,0
2025-05-18 19:30,64,28,36,0,0,0
2025-05-18 19:45,76,40,36,0,0,0
2025-05-18 20:00,90,30,60,0,0,0
2025-05-18 20:15,60,17,43,0,0,0
2025-05-18 20:30,37,14,23,0,0,0
2025-05-18 20:45,56,22,34,0,0,0
2025-05-18 21:00,47,11,36,0,0,0
2025-05-18 21:15,48,12,36,0,0,0
2025-05-18 21:30,63,13,50,0,0,0
2025-05-18 21:45,48,11,37,0,0,0
2025-05-18 22:00,32,9,23,0,0,0
2025-05-18 22:15,27,3,24,0,0,0
2025-05-18 22:30,38,9,29,0,0,0
2025-05-18 22:45,23,9,14,0,0,0
2025-05-18 23:00,19,4,15,0,0,0
2025-05-18 23:15,21,3,18,0,0,0
2025-05-18 23:30,12,7,5,0,0,0
2025-05-18 23:45,17,4,13,0,0,0
2025-05-19 00:00,13,2,11,0,0,0
2025-05-19 00:15,11,4,7,0,0,0
2025-05-19 00:30,12,5,7,0,0,0
2025-05-19 00:45,1,1,0,0,0,0
2025-05-19 01:00,6,0,6,0,0,0
2025-05-19 01:15,7,5,2,0,0,0
2025-05-19 01:30,2,0,2,0,0,0
2025-05-19 01:45,2,0,2,0,0,0
2025-05-19 02:00,1,0,1,0,0,0
2025-05-19 02:15,2,2,0,0,0,0
2025-05-19 02:30,1,1,0,0,0,0
2025-05-19 02:45,0,0,0,0,0,0
2025-05-19 03:00,9,5,4,0,0,0
2025-05-19 03:15,2,0,2,0,0,0
2025-05-19 03:30,4,1,3,0,0,0
2025-05-19 03:45,0,0,0,0,0,0
2025-05-19 04:00,2,1,1,0,0,0
2025-05-19 04:15,6,3,3,0,0,0
2025-05-19 04:30,5,0,5,0,0,0
2025-05-19 04:45,5,1,4,0,0,0
2025-05-19 05:00,5,0,5,0,0,0
2025-05-19 05:15,10,4,6,0,0,0
2025-05-19 05:30,11,4,7,0,0,0
2025-05-19 05:45,24,9,15,0,0,0
2025-05-19 06:00,38,17,21,0,0,0
2025-05-19 06:15,54,31,23,0,0,0
2025-05-19 06:30,55,23,32,0,0,0
2025-05-19 06:45,69,38,31,0,0,0
2025-05-19 07:00,87,43,44,0,0,0
2025-05-19 07:15,164,80,84,0,0,0
2025-05-19 07:30,185,87,98,0,0,0
2025-05-19 07:45,203,112,91,0,0,0
2025-05-19 08:00,196,100,96,0,0,0
2025-05-19 08:15,158,83,75,0,0,0
2025-05-19 08:30,136,74,62,0,0,0
2025-05-19 08:45,146,77,69,0,0,0
2025-05-19 09:00,115,49,66,0,0,0
2025-05-19 09:15,103,41,62,0,0,0
2025-05-19 09:30,81,26,55,0,0,0
2025-05-19 09:45,156,72,84,0,0,0
2025-05-19 10:00,107,30,77,0,0,0
2025-05-19 10:15,95,49,46,0,0,0
2025-05-19 10:30,72,30,42,0,0,0
2025-05-19 10:45,90,42,48,0,0,0
2025-05-19 11:00,83,44,39,0,0,0
2025-05-19 11:15,90,40,50,0,0,0
2025-05-19 11:30,107,33,74,0,0,0
2025-05-19 11:45,133,44,89,0,0,0
2025-05-19 12:00,144,56,88,0,0,0
2025-05-19 12:15,116,52,64,0,0,0
2025-05-19 12:30,118,52,66,0,0,0
2025-05-19 12:45,136,78,58,0,0,0
2025-05-19 13:00,125,50,75,0,0,0
2025-05-19 13:15,124,55,69,0,0,0
2025-05-19 13:30,113,54,59,0,0,0
2025-05-19 13:45,176,78,98,0,0,0
2025-05-19 14:00,165,75,90,0,0,0
2025-05-19 14:15,123,63,60,0,0,0
2025-05-19 14:30,119,62,57,0,0,0
2025-05-19 14:45,125,58,67,0,0,0
2025-05-19 15:00,123,64,59,0,0,0
2025-05-19 15:15,144,73,71,0,0,0
2025-05-19 15:30,170,88,82,0,0,0
2025-05-19 15:45,184,115,69,0,0,0
2025-05-19 16:00,198,108,90,0,0,0
2025-05-19 16:15,183,81,102,0,0,0
2025-05-19 16:30,179,88,91,0,0,0
2025-05-19 16:45,174,78,96,0,0,0
2025-05-19 17:00,189,77,112,0,0,0
2025-05-19 17:15,203,88,115,0,0,0
2025-05-19 17:30,177,98,79,0,0,0
2025-05-19 17:45,209,111,98,0,0,0
2025-05-19 18:00,189,106,83,0,0,0
2025-05-19 18:15,180,103,77,0,0,0
2025-05-19 18:30,146,84,62,0,0,0
2025-05-19 18:45,175,88,87,0,0,0
2025-05-19 19:00,126,58,68,0,0,0
2025-05-19 19:15,125,66,59,0,0,0
2025-05-19 19:30,128,68,60,0,0,0
2025-05-19 19:45,131,75,56,0,0,0
2025-05-19 20:00,96,43,53,0,0,0
2025-05-19 20:15,102,57,45,0,0,0
2025-05-19 20:30,70,37,33,0,0,0
2025-05-19 20:45,61,35,26,0,0,0
2025-05-19 21:00,78,38,40,0,0,0
2025-05-19 21:15,78,41,37,0,0,0
2025-05-19 21:30,69,33,36,0,0,0
2025-05-19 21:45,48,22,26,0,0,0
2025-05-19 22:00,63,26,37,0,0,0
2025-05-19 22:15,68,23,45,0,0,0
2025-05-19 22:30,40,21,19,0,0,0
2025-05-19 22:45,50,23,27,0,0,0
2025-05-19 23:00,46,13,33,0,0,0
2025-05-19 23:15,22,10,12,0,0,0
2025-05-19 23:30,22,8,14,0,0,0
2025-05-19 23:45,27,8,19,0,0,0
2025-05-20 00:00,20,6,14,0,0,0
2025-05-20 00:15,11,5,6,0,0,0
2025-05-20 00:30,9,2,7,0,0,0
2025-05-20 00:45,14,6,8,0,0,0
2025-05-20 01:00,3,1,2,0,0,0
2025-05-20 01:15,5,1,4,0,0,0
2025-05-20 01:30,3,2,1,0,0,0
2025-05-20 01:45,0,0,0,0,0,0
2025-05-20 02:00,2,1,1,0,0,0
2025-05-20 02:15,1,0,1,0,0,0
2025-05-20 02:30,2,0,2,0,0,0
2025-05-20 02:45,2,0,2,0,0,0
2025-05-20 03:00,5,4,1,0,0,0
2025-05-20 03:15,0,0,0,0,0,0
2025-05-20 03:30,4,3,1,0,0,0
2025-05-20 03:45,1,1,0,0,0,0
2025-05-20 04:00,0,0,0,0,0,0
2025-05-20 04:15,5,2,3,0,0,0
2025-05-20 04:30,5,2,3,0,0,0
2025-05-20 04:45,9,4,5,0,0,0
2025-05-20 05:00,4,2,2,0,0,0
2025-05-20 05:15,10,5,5,0,0,0
2025-05-20 05:30,17,9,8,0,0,0
2025-05-20 05:45,29,14,15,0,0,0
2025-05-20 06:00,35,14,21,0,0,0
2025-05-20 06:15,55,23,32,0,0,0
2025-05-20 06:30,52,30,22,0,0,0
2025-05-20 06:45,91,52,39,0,0,0
2025-05-20 07:00,94,52,42,0,0,0
2025-05-20 07:15,126,73,53,0,0,0
2025-05-20 07:30,191,85,106,0,0,0
2025-05-20 07:45,232,124,108,0,0,0
2025-05-20 08:00,217,108,109,0,0,0
2025-05-20 08:15,185,96,89,0,0,0
2025-05-20 08:30,181,89,92,0,0,0
2025-05-20 08:45,148,82,66,0,0,0
2025-05-20 09:00,120,49,71,0,0,0
2025-05-20 09:15,100,40,60,0,0,0
2025-05-20 09:30,104,46,58,0,0,0
2025-05-20 09:45,147,38,109,0,0,0
2025-05-20 10:00,109,33,76,0,0,0
2025-05-20 10:15,98,37,61,0,0,0
2025-05-20 10:30,86,38,48,0,0,0
2025-05-20 10:45,120,52,68,0,0,0
2025-05-20 11:00,95,45,50,0,0,0
2025-05-20 11:15,94,50,44,0,0,0
2025-05-20 11:30,99,42,57,0,0,0
2025-05-20 11:45,124,53,71,0,0,0
2025-05-20 12:00,147,64,83,0,0,0
2025-05-20 12:15,117,60,57,0,0,0
2025-05-20 12:30,132,68,64,0,0,0
2025-05-20 12:45,122,61,61,0,0,0
2025-05-20 13:00,136,72,64,0,0,0
2025-05-20 13:15,106,64,42,0,0,0
2025-05-20 13:30,149,64,85,0,0,0
2025-05-20 13:45,165,89,76,0,0,0
2025-05-20 14:00,155,82,73,0,0,0
2025-05-20 14:15,139,83,56,0,0,0
2025-05-20 14:30,145,74,71,0,0,0
2025-05-20 14:45,154,71,83,0,0,0
2025-05-20 15:00,164,81,83,0,0,0
2025-05-20 15:15,156,98,58,0,0,0
2025-05-20 15:30,125,69,56,0,0,0
2025-05-20 15:45,203,103,100,0,0,0
2025-05-20 16:00,188,91,97,0,0,0
2025-05-20 16:15,206,96,110,0,0,0
2025-05-20 16:30,185,88,97,0,0,0
2025-05-20 16:45,176,84,92,0,0,0
2025-05-20 17:00,189,89,100,0,0,0
2025-05-20 17:15,196,93,103,0,0,0
2025-05-20 17:30,181,88,93,0,0,0
2025-05-20 17:45,235,140,95,0,0,0
2025-05-20 18:00,222,119,103,0,0,0
2025-05-20 18:15,186,104,82,0,0,0
2025-05-20 18:30,164,96,68,0,0,0
2025-05-20 18:45,144,61,83,0,0,0
2025-05-20 19:00,147,68,79,0,0,0
2025-05-20 19:15,133,82,51,0,0,0
2025-05-20 19:30,126,74,52,0,0,0
2025-05-20 19:45,124,60,64,0,0,0
2025-05-20 20:00,101,47,54,0,0,0
2025-05-20 20:15,118,52,66,0,0,0
2025-05-20 20:30,94,45,49,0,0,0
2025-05-20 20:45,94,50,44,0,0,0
2025-05-20 21:00,96,46,50,0,0,0
2025-05-20 21:15,63,34,29,0,0,0
2025-05-20 21:30,94,39,55,0,0,0
2025-05-20 21:45,77,30,47,0,0,0
2025-05-20 22:00,70,25,45,0,0,0
2025-05-20 22:15,72,23,49,0,0,0
2025-05-20 22:30,44,18,26,0,0,0
2025-05-20 22:45,40,16,24,0,0,0
2025-05-20 23:00,20,10,10,0,0,0
2025-05-20 23:15,27,12,15,0,0,0
2025-05-20 23:30,32,11,21,0,0,0
2025-05-20 23:45,17,5,12,0,0,0
2025-05-21 00:00,19,6,13,0,0,0
2025-05-21 00:15,8,1,7,0,0,0
2025-05-21 00:30,13,4,9,0,0,0
2025-05-21 00:45,12,2,10,0,0,0
2025-05-21 01:00,13,3,10,0,0,0
2025-05-21 01:15,8,3,5,0,0,0
2025-05-21 01:30,3,2,1,0,0,0
2025-05-21 01:45,3,2,1,0,0,0
2025-05-21 02:00,3,1,2,0,0,0
2025-05-21 02:15,5,1,4,0,0,0
2025-05-21 02:30,5,1,4,0,0,0
2025-05-21 02:45,2,1,1,0,0,0
2025-05-21 03:00,3,3,0,0,0,0
2025-05-21 03:15,2,2,0,0,0,0
2025-05-21 03:30,1,1,0,0,0,0
2025-05-21 03:45,7,5,2,0,0,0
2025-05-21 04:00,0,0,0,0,0,0
2025-05-21 04:15,5,2,3,0,0,0
2025-05-21 04:30,7,1,6,0,0,0
2025-05-21 04:45,8,3,5,0,0,0
2025-05-21 05:00,3,1,2,0,0,0
2025-05-21 05:15,14,5,9,0,0,0
2025-05-21 05:30,20,8,12,0,0,0
2025-05-21 05:45,25,17,8,0,0,0
2025-05-21 06:00,28,9,19,0,0,0
2025-05-21 06:15,48,23,25,0,0,0
2025-05-21 06:30,58,23,35,0,0,0
2025-05-21 06:45,88,49,39,0,0,0
2025-05-21 07:00,76,40,36,0,0,0
2025-05-21 07:15,139,65,74,0,0,0
2025-05-21 07:30,222,87,135,0,0,0
2025-05-21 07:45,219,137,82,0,0,0
2025-05-21 08:00,217,106,111,0,0,0
2025-05-21 08:15,188,96,92,0,0,0
2025-05-21 08:30,148,85,63,0,0,0
2025-05-21 08:45,156,86,70,0,0,0
2025-05-21 09:00,110,53,57,0,0,0
2025-05-21 09:15,98,28,70,0,0,0
2025-05-21 09:30,103,42,61,0,0,0
2025-05-21 09:45,152,42,110,0,0,0
2025-05-21 10:00,150,57,93,0,0,0
2025-05-21 10:15,95,37,58,0,0,0
2025-05-21 10:30,108,43,65,0,0,0
2025-05-21 10:45,108,41,67,0,0,0
2025-05-21 11:00,94,31,63,0,0,0
2025-05-21 11:15,111,50,61,0,0,0
2025-05-21 11:30,88,31,57,0,0,0
2025-05-21 11:45,174,68,106,0,0,0
2025-05-21 12:00,136,36,100,0,0,0
2025-05-21 12:15,142,66,76,0,0,0
2025-05-21 12:30,120,68,52,0,0,0
2025-05-21 12:45,148,74,74,0,0,0
2025-05-21 13:00,158,67,91,0,0,0
2025-05-21 13:15,116,65,51,0,0,0
2025-05-21 13:30,111,50,61,0,0,0
2025-05-21 13:45,174,87,87,0,0,0
2025-05-21 14:00,177,86,91,0,0,0
2025-05-21 14:15,129,74,55,0,0,0
2025-05-21 14:30,135,77,58,0,0,0
2025-05-21 14:45,150,81,69,0,0,0
2025-05-21 15:00,147,74,73,0,0,0
2025-05-21 15:15,163,88,75,0,0,0
2025-05-21 15:30,141,83,58,0,0,0
2025-05-21 15:45,206,128,78,0,0,0
2025-05-21 16:00,177,92,85,0,0,0
2025-05-21 16:15,208,107,101,0,0,0
2025-05-21 16:30,174,85,89,0,0,0
2025-05-21 16:45,190,83,107,0,0,0
2025-05-21 17:00,188,92,96,0,0,0
2025-05-21 17:15,198,83,115,0,0,0
2025-05-21 17:30,175,84,91,0,0,0
2025-05-21 17:45,210,112,98,0,0,0
2025-05-21 18:00,203,100,103,0,0,0
2025-05-21 18:15,176,98,78,0,0,0
2025-05-21 18:30,156,80,76,0,0,0
2025-05-21 18:45,185,99,86,0,0,0
2025-05-21 19:00,126,65,61,0,0,0
2025-05-21 19:15,132,57,75,0,0,0
2025-05-21 19:30,118,71,47,0,0,0
2025-05-21 19:45,147,83,64,0,0,0
2025-05-21 20:00,127,58,69,0,0,0
2025-05-21 20:15,101,57,44,0,0,0
2025-05-21 20:30,101,52,49,0,0,0
2025-05-21 20:45,101,49,52,0,0,0
2025-05-21 21:00,98,50,48,0,0,0
2025-05-21 21:15,105,49,56,0,0,0
2025-05-21 21:30,95,54,41,0,0,0
2025-05-21 21:45,97,51,46,0,0,0
2025-05-21 22:00,64,31,33,0,0,0
2025-05-21 22:15,79,30,49,0,0,0
2025-05-21 22:30,71,28,43,0,0,0
2025-05-21 22:45,92,54,38,0,0,0
2025-05-21 23:00,90,58,32,0,0,0
2025-05-21 23:15,55,34,21,0,0,0
2025-05-21 23:30,73,52,21,0,0,0
2025-05-21 23:45,87,64,23,0,0,0
2025-05-22 00:00,58,42,16,0,0,0
2025-05-22 00:15,43,30,13,0,0,0
2025-05-22 00:30,58,34,24,0,0,0
2025-05-22 00:45,44,20,24,0,0,0
2025-05-22 01:00,54,26,28,0,0,0
2025-05-22 01:15,16,6,10,0,0,0
2025-05-22 01:30,34,7,27,0,0,0
2025-05-22 01:45,22,3,19,0,0,0
2025-05-22 02:00,21,2,19,0,0,0
2025-05-22 02:15,34,2,32,0,0,0
2025-05-22 02:30,19,3,16,0,0,0
2025-05-22 02:45,37,5,32,0,0,0
2025-05-22 03:00,51,4,47,0,0,0
2025-05-22 03:15,47,2,45,0,0,0
2025-05-22 03:30,32,3,29,0,0,0
2025-05-22 03:45,34,0,34,0,0,0
2025-05-22 04:00,25,1,24,0,0,0
2025-05-22 04:15,20,3,17,0,0,0
2025-05-22 04:30,27,1,26,0,0,0
2025-05-22 04:45,7,0,7,0,0,0
2025-05-22 05:00,4,1,3,0,0,0
2025-05-22 05:15,13,6,7,0,0,0
2025-05-22 05:30,19,7,12,0,0,0
2025-05-22 05:45,31,14,17,0,0,0
2025-05-22 06:00,21,8,13,0,0,0
2025-05-22 06:15,36,16,20,0,0,0
2025-05-22 06:30,68,27,41,0,0,0
2025-05-22 06:45,89,47,42,0,0,0
2025-05-22 07:00,72,32,40,0,0,0
2025-05-22 07:15,147,73,74,0,0,0
2025-05-22 07:30,180,74,106,0,0,0
2025-05-22 07:45,210,124,86,0,0,0
2025-05-22 08:00,198,89,109,0,0,0
2025-05-22 08:15,169,101,68,0,0,0
2025-05-22 08:30,166,92,74,0,0,0
2025-05-22 08:45,162,77,85,0,0,0
2025-05-22 09:00,114,49,65,0,0,0
2025-05-22 09:15,92,41,51,0,0,0
2025-05-22 09:30,99,52,47,0,0,0
2025-05-22 09:45,144,47,97,0,0,0
2025-05-22 10:00,123,35,88,0,0,0
2025-05-22 10:15,84,41,43,0,0,0
2025-05-22 10:30,99,36,63,0,0,0
2025-05-22 10:45,95,43,52,0,0,0
2025-05-22 11:00,72,30,42,0,0,0
2025-05-22 11:15,89,38,51,0,0,0
2025-05-22 11:30,126,53,73,0,0,0
2025-05-22 11:45,150,61,89,0,0,0
2025-05-22 12:00,151,68,83,0,0,0
2025-05-22 12:15,128,58,70,0,0,0
2025-05-22 12:30,102,51,51,0,0,0
2025-05-22 12:45,114,58,56,0,0,0
2025-05-22 13:00,138,67,71,0,0,0
2025-05-22 13:15,124,60,64,0,0,0
2025-05-22 13:30,115,50,65,0,0,0
2025-05-22 13:45,153,75,78,0,0,0
2025-05-22 14:00,137,81,56,0,0,0
2025-05-22 14:15,127,67,60,0,0,0
2025-05-22 14:30,129,65,64,0,0,0
2025-05-22 14:45,146,71,75,0,0,0
2025-05-22 15:00,141,63,78,0,0,0
2025-05-22 15:15,125,66,59,0,0,0
2025-05-22 15:30,138,65,73,0,0,0
2025-05-22 15:45,180,86,94,0,0,0
2025-05-22 16:00,148,60,88,0,0,0
2025-05-22 16:15,158,68,90,0,0,0
2025-05-22 16:30,188,76,112,0,0,0
2025-05-22 16:45,173,88,85,0,0,0
2025-05-22 17:00,186,79,107,0,0,0
2025-05-22 17:15,175,90,85,0,0,0
2025-05-22 17:30,167,87,80,0,0,0
2025-05-22 17:45,210,115,95,0,0,0
2025-05-22 18:00,170,87,83,0,0,0
2025-05-22 18:15,129,60,69,0,0,0
2025-05-22 18:30,119,52,67,0,0,0
2025-05-22 18:45,173,90,83,0,0,0
2025-05-22 19:00,122,59,63,0,0,0
2025-05-22 19:15,126,68,58,0,0,0
2025-05-22 19:30,117,70,47,0,0,0
2025-05-22 19:45,129,79,50,0,0,0
2025-05-22 20:00,110,46,64,0,0,0
2025-05-22 20:15,102,64,38,0,0,0
2025-05-22 20:30,84,31,53,0,0,0
2025-05-22 20:45,56,22,34,0,0,0
2025-05-22 21:00,67,34,33,0,0,0
2025-05-22 21:15,79,39,40,0,0,0
2025-05-22 21:30,72,37,35,0,0,0
2025-05-22 21:45,64,21,43,0,0,0
2025-05-22 22:00,68,29,39,0,0,0
2025-05-22 22:15,51,24,27,0,0,0
2025-05-22 22:30,60,30,30,0,0,0
2025-05-22 22:45,68,24,44,0,0,0
2025-05-22 23:00,45,17,28,0,0,0
2025-05-22 23:15,51,10,41,0,0,0
2025-05-22 23:30,34,12,22,0,0,0
2025-05-22 23:45,18,4,14,0,0,0
2025-05-23 00:00,31,12,19,0,0,0
2025-05-23 00:15,10,5,5,0,0,0
2025-05-23 00:30,10,3,7,0,0,0
2025-05-23 00:45,9,5,4,0,0,0
2025-05-23 01:00,15,4,11,0,0,0
2025-05-23 01:15,10,3,7,0,0,0
2025-05-23 01:30,5,1,4,0,0,0
2025-05-23 01:45,5,2,3,0,0,0
2025-05-23 02:00,7,3,4,0,0,0
2025-05-23 02:15,2,0,2,0,0,0
2025-05-23 02:30,1,0,1,0,0,0
2025-05-23 02:45,9,0,9,0,0,0
2025-05-23 03:00,8,4,4,0,0,0
2025-05-23 03:15,4,2,2,0,0,0
2025-05-23 03:30,3,0,3,0,0,0
2025-05-23 03:45,0,0,0,0,0,0
2025-05-23 04:00,2,0,2,0,0,0
2025-05-23 04:15,3,2,1,0,0,0
2025-05-23 04:30,6,2,4,0,0,0
2025-05-23 04:45,7,4,3,0,0,0
2025-05-23 05:00,2,0,2,0,0,0
2025-05-23 05:15,12,4,8,0,0,0
2025-05-23 05:30,17,6,11,0,0,0
2025-05-23 05:45,34,10,24,0,0,0
2025-05-23 06:00,28,10,18,0,0,0
2025-05-23 06:15,38,19,19,0,0,0
2025-05-23 06:30,41,14,27,0,0,0
2025-05-23 06:45,64,31,33,0,0,0
2025-05-23 07:00,72,44,28,0,0,0
2025-05-23 07:15,111,46,65,0,0,0
2025-05-23 07:30,155,49,106,0,0,0
2025-05-23 07:45,171,75,96,0,0,0
2025-05-23 08:00,142,60,82,0,0,0
2025-05-23 08:15,123,67,56,0,0,0
2025-05-23 08:30,122,52,70,0,0,0
2025-05-23 08:45,154,63,91,0,0,0
2025-05-23 09:00,83,24,59,0,0,0
2025-05-23 09:15,90,48,42,0,0,0
2025-05-23 09:30,80,27,53,0,0,0
2025-05-23 09:45,120,41,79,0,0,0
2025-05-23 10:00,104,35,69,0,0,0
2025-05-23 10:15,73,26,47,0,0,0
2025-05-23 10:30,83,39,44,0,0,0
2025-05-23 10:45,87,40,47,0,0,0
2025-05-23 11:00,85,35,50,0,0,0
2025-05-23 11:15,84,34,50,0,0,0
2025-05-23 11:30,95,32,63,0,0,0
2025-05-23 11:45,116,60,56,0,0,0
2025-05-23 12:00,120,66,54,0,0,0
2025-05-23 12:15,128,56,72,0,0,0
2025-05-23 12:30,114,57,57,0,0,0
2025-05-23 12:45,89,42,47,0,0,0
2025-05-23 13:00,136,65,71,0,0,0
2025-05-23 13:15,125,62,63,0,0,0
2025-05-23 13:30,139,79,60,0,0,0
2025-05-23 13:45,147,67,80,0,0,0
2025-05-23 14:00,132,58,74,0,0,0
2025-05-23 14:15,130,46,84,0,0,0
2025-05-23 14:30,117,55,62,0,0,0
2025-05-23 14:45,107,50,57,0,0,0
2025-05-23 15:00,110,51,59,0,0,0
2025-05-23 15:15,104,44,60,0,0,0
2025-05-23 15:30,90,47,43,0,0,0
2025-05-23 15:45,142,75,67,0,0,0
2025-05-23 16:00,114,52,62,0,0,0
2025-05-23 16:15,109,58,51,0,0,0
2025-05-23 16:30,126,56,70,0,0,0
2025-05-23 16:45,93,44,49,0,0,0
2025-05-23 17:00,76,27,49,0,0,0
2025-05-23 17:15,153,77,76,0,0,0
2025-05-23 17:30,121,69,52,0,0,0
2025-05-23 17:45,125,67,58,0,0,0
2025-05-23 18:00,127,62,65,0,0,0
2025-05-23 18:15,96,46,50,0,0,0
2025-05-23 18:30,116,71,45,0,0,0
2025-05-23 18:45,139,57,82,0,0,0
2025-05-23 19:00,124,67,57,0,0,0
2025-05-23 19:15,149,75,74,0,0,0
2025-05-23 19:30,80,46,34,0,0,0
2025-05-23 19:45,98,52,46,0,0,0
2025-05-23 20:00,112,60,52,0,0,0
2025-05-23 20:15,57,26,31,0,0,0
2025-05-23 20:30,69,34,35,0,0,0
2025-05-23 20:45,78,28,50,0,0,0
2025-05-23 21:00,60,31,29,0,0,0
2025-05-23 21:15,63,31,32,0,0,0
2025-05-23 21:30,48,21,27,0,0,0
2025-05-23 21:45,45,23,22,0,0,0
2025-05-23 22:00,54,21,33,0,0,0
2025-05-23 22:15,69,21,48,0,0,0
2025-05-23 22:30,50,18,32,0,0,0
2025-05-23 22:45,42,17,25,0,0,0
2025-05-23 23:00,31,20,11,0,0,0
2025-05-23 23:15,60,25,35,0,0,0
2025-05-23 23:30,61,25,36,0,0,0
2025-05-23 23:45,50,24,26,0,0,0
2025-05-24 00:00,26,12,14,0,0,0
2025-05-24 00:15,39,14,25,0,0,0
2025-05-24 00:30,35,14,21,0,0,0
2025-05-24 00:45,29,10,19,0,0,0
2025-05-24 01:00,29,15,14,0,0,0
2025-05-24 01:15,31,14,17,0,0,0
2025-05-24 01:30,22,7,15,0,0,0
2025-05-24 01:45,14,8,6,0,0,0
2025-05-24 02:00,19,8,11,0,0,0
2025-05-24 02:15,29,8,21,0,0,0
2025-05-24 02:30,16,5,11,0,0,0
2025-05-24 02:45,9,6,3,0,0,0
2025-05-24 03:00,14,7,7,0,0,0
2025-05-24 03:15,13,9,4,0,0,0
2025-05-24 03:30,9,4,5,0,0,0
2025-05-24 03:45,14,6,8,0,0,0
2025-05-24 04:00,8,4,4,0,0,0
2025-05-24 04:15,9,3,6,0,0,0
2025-05-24 04:30,13,1,12,0,0,0
2025-05-24 04:45,8,1,7,0,0,0
2025-05-24 05:00,6,1,5,0,0,0
2025-05-24 05:15,8,2,6,0,0,0
2025-05-24 05:30,8,1,7,0,0,0
2025-05-24 05:45,10,1,9,0,0,0
2025-05-24 06:00,12,4,8,0,0,0
2025-05-24 06:15,7,2,5,0,0,0
2025-05-24 06:30,12,7,5,0,0,0
2025-05-24 06:45,10,6,4,0,0,0
2025-05-24 07:00,7,3,4,0,0,0
2025-05-24 07:15,18,8,10,0,0,0
2025-05-24 07:30,15,5,10,0,0,0
2025-05-24 07:45,25,10,15,0,0,0
2025-05-24 08:00,29,6,23,0,0,0
2025-05-24 08:15,24,6,18,0,0,0
2025-05-24 08:30,40,13,27,0,0,0
2025-05-24 08:45,48,21,27,0,0,0
2025-05-24 09:00,37,8,29,0,0,0
2025-05-24 09:15,49,17,32,0,0,0
2025-05-24 09:30,57,18,39,0,0,0
2025-05-24 09:45,79,23,56,0,0,0
2025-05-24 10:00,67,15,52,0,0,0
2025-05-24 10:15,72,43,29,0,0,0
2025-05-24 10:30,89,37,52,0,0,0
2025-05-24 10:45,79,31,48,0,0,0
2025-05-24 11:00,70,27,43,0,0,0
2025-05-24 11:15,90,33,57,0,0,0
2025-05-24 11:30,74,25,49,0,0,0
2025-05-24 11:45,94,41,53,0,0,0
2025-05-24 12:00,75,29,46,0,0,0
2025-05-24 12:15,87,40,47,0,0,0
2025-05-24 12:30,69,30,39,0,0,0
2025-05-24 12:45,71,27,44,0,0,0
2025-05-24 13:00,88,32,56,0,0,0
2025-05-24 13:15,78,37,41,0,0,0
2025-05-24 13:30,73,29,44,0,0,0
2025-05-24 13:45,107,49,58,0,0,0
2025-05-24 14:00,75,44,31,0,0,0
2025-05-24 14:15,77,34,43,0,0,0
2025-05-24 14:30,91,44,47,0,0,0
2025-05-24 14:45,85,37,48,0,0,0
2025-05-24 15:00,95,40,55,0,0,0
2025-05-24 15:15,92,44,48,0,0,0
2025-05-24 15:30,99,50,49,0,0,0
2025-05-24 15:45,67,33,34,0,0,0
2025-05-24 16:00,102,44,58,0,0,0
2025-05-24 16:15,111,44,67,0,0,0
2025-05-24 16:30,72,40,32,0,0,0
2025-05-24 16:45,111,55,56,0,0,0
2025-05-24 17:00,96,45,51,0,0,0
2025-05-24 17:15,91,47,44,0,0,0
2025-05-24 17:30,59,32,27,0,0,0
2025-05-24 17:45,96,53,43,0,0,0
2025-05-24 18:00,83,55,28,0,0,0
2025-05-24 18:15,85,52,33,0,0,0
2025-05-24 18:30,72,27,45,0,0,0
2025-05-24 18:45,86,43,43,0,0,0
2025-05-24 19:00,76,47,29,0,0,0
2025-05-24 19:15,65,31,34,0,0,0
2025-05-24 19:30,83,49,34,0,0,0
2025-05-24 19:45,78,38,40,0,0,0
2025-05-24 20:00,82,30,52,0,0,0
2025-05-24 20:15,51,23,28,0,0,0
2025-05-24 20:30,39,19,20,0,0,0
2025-05-24 20:45,52,16,36,0,0,0
2025-05-24 21:00,48,18,30,0,0,0
2025-05-24 21:15,38,24,14,0,0,0
2025-05-24 21:30,45,20,25,0,0,0
2025-05-24 21:45,36,13,23,0,0,0
2025-05-24 22:00,54,30,24,0,0,0
2025-05-24 22:15,54,21,33,0,0,0
2025-05-24 22:30,44,12,32,0,0,0
2025-05-24 22:45,49,11,38,0,0,0
2025-05-24 23:00,73,17,56,0,0,0
2025-05-24 23:15,38,13,25,0,0,0
2025-05-24 23:30,42,12,30,0,0,0
2025-05-24 23:45,45,18,27,0,0,0
2025-05-25 00:00,43,20,23,0,0,0
2025-05-25 00:15,43,17,26,0,0,0
2025-05-25 00:30,40,15,25,0,0,0
2025-05-25 00:45,29,9,20,0,0,0
2025-05-25 01:00,37,11,26,0,0,0
2025-05-25 01:15,31,11,20,0,0,0
2025-05-25 01:30,20,4,16,0,0,0
2025-05-25 01:45,21,5,16,0,0,0
2025-05-25 02:00,25,1,24,0,0,0
2025-05-25 02:15,30,15,15,0,0,0
2025-05-25 02:30,15,5,10,0,0,0
2025-05-25 02:45,18,9,9,0,0,0
2025-05-25 03:00,10,4,6,0,0,0
2025-05-25 03:15,12,2,10,0,0,0
2025-05-25 03:30,20,6,14,0,0,0
2025-05-25 03:45,11,1,10,0,0,0
2025-05-25 04:00,18,4,14,0,0,0
2025-05-25 04:15,22,6,16,0,0,0
2025-05-25 04:30,12,3,9,0,0,0
2025-05-25 04:45,11,1,10,0,0,0
2025-05-25 05:00,9,1,8,0,0,0
2025-05-25 05:15,9,2,7,0,0,0
2025-05-25 05:30,9,0,9,0,0,0
2025-05-25 05:45,8,1,7,0,0,0
2025-05-25 06:00,11,1,10,0,0,0
2025-05-25 06:15,12,5,7,0,0,0
2025-05-25 06:30,7,4,3,0,0,0
2025-05-25 06:45,6,1,5,0,0,0
2025-05-25 07:00,3,0,3,0,0,0
2025-05-25 07:15,3,3,0,0,0,0
2025-05-25 07:30,6,1,5,0,0,0
2025-05-25 07:45,15,7,8,0,0,0
2025-05-25 08:00,9,0,9,0,0,0
2025-05-25 08:15,9,1,8,0,0,0
2025-05-25 08:30,18,7,11,0,0,0
2025-05-25 08:45,15,7,8,0,0,0
2025-05-25 09:00,23,6,17,0,0,0
2025-05-25 09:15,20,9,11,0,0,0
2025-05-25 09:30,24,10,14,0,0,0
2025-05-25 09:45,53,22,31,0,0,0
2025-05-25 10:00,39,14,25,0,0,0
2025-05-25 10:15,57,16,41,0,0,0
2025-05-25 10:30,30,12,18,0,0,0
2025-05-25 10:45,31,10,21,0,0,0
2025-05-25 11:00,46,17,29,0,0,0
2025-05-25 11:15,35,16,19,0,0,0
2025-05-25 11:30,25,13,12,0,0,0
2025-05-25 11:45,42,22,20,0,0,0
2025-05-25 12:00,23,5,18,0,0,0
2025-05-25 12:15,49,25,24,0,0,0
2025-05-25 12:30,49,25,24,0,0,0
2025-05-25 12:45,58,32,26,0,0,0
2025-05-25 13:00,54,22,32,0,0,0
2025-05-25 13:15,45,20,25,0,0,0
2025-05-25 13:30,47,20,27,0,0,0
2025-05-25 13:45,63,29,34,0,0,0
2025-05-25 14:00,78,32,46,0,0,0
2025-05-25 14:15,60,18,42,0,0,0
2025-05-25 14:30,52,25,27,0,0,0
2025-05-25 14:45,74,29,45,0,0,0
2025-05-25 15:00,66,32,34,0,0,0
2025-05-25 15:15,77,40,37,0,0,0
2025-05-25 15:30,54,16,38,0,0,0
2025-05-25 15:45,65,27,38,0,0,0
2025-05-25 16:00,73,44,29,0,0,0
2025-05-25 16:15,71,35,36,0,0,0
2025-05-25 16:30,74,36,38,0,0,0
2025-05-25 16:45,78,43,35,0,0,0
2025-05-25 17:00,93,41,52,0,0,0
2025-05-25 17:15,84,54,30,0,0,0
2025-05-25 17:30,93,53,40,0,0,0
2025-05-25 17:45,71,38,33,0,0,0
2025-05-25 18:00,81,33,48,0,0,0
2025-05-25 18:15,63,30,33,0,0,0
2025-05-25 18:30,75,36,39,0,0,0
2025-05-25 18:45,64,27,37,0,0,0
2025-05-25 19:00,80,33,47,0,0,0
2025-05-25 19:15,75,28,47,0,0,0
2025-05-25 19:30,62,27,35,0,0,0
2025-05-25 19:45,84,31,53,0,0,0
2025-05-25 20:00,74,23,51,0,0,0
2025-05-25 20:15,59,18,41,0,0,0
2025-05-25 20:30,67,18,49,0,0,0
2025-05-25 20:45,55,17,38,0,0,0
2025-05-25 21:00,42,13,29,0,0,0
2025-05-25 21:15,38,13,25,0,0,0
2025-05-25 21:30,26,9,17,0,0,0
2025-05-25 21:45,56,17,39,0,0,0
2025-05-25 22:00,32,10,22,0,0,0
2025-05-25 22:15,31,6,25,0,0,0
2025-05-25 22:30,44,8,36,0,0,0
2025-05-25 22:45,17,5,12,0,0,0
2025-05-25 23:00,18,7,11,0,0,0
2025-05-25 23:15,21,4,17,0,0,0
2025-05-25 23:30,19,8,11,0,0,0
2025-05-25 23:45,14,3,11,0,0,0
2025-05-26 00:00,3,2,1,0,0,0
2025-05-26 00:15,1,0,1,0,0,0
2025-05-26 00:30,4,0,4,0,0,0
2025-05-26 00:45,5,0,5,0,0,0
2025-05-26 01:00,0,0,0,0,0,0
2025-05-26 01:15,6,3,3,0,0,0
2025-05-26 01:30,0,0,0,0,0,0
2025-05-26 01:45,3,1,2,0,0,0
2025-05-26 02:00,0,0,0,0,0,0
2025-05-26 02:15,3,1,2,0,0,0
2025-05-26 02:30,0,0,0,0,0,0
2025-05-26 02:45,1,1,0,0,0,0
2025-05-26 03:00,0,0,0,0,0,0
2025-05-26 03:15,1,1,0,0,0,0
2025-05-26 03:30,0,0,0,0,0,0
2025-05-26 03:45,0,0,0,0,0,0
2025-05-26 04:00,0,0,0,0,0,0
2025-05-26 04:15,2,1,1,0,0,0
2025-05-26 04:30,8,0,8,0,0,0
2025-05-26 04:45,8,3,5,0,0,0
2025-05-26 05:00,7,3,4,0,0,0
2025-05-26 05:15,10,3,7,0,0,0
2025-05-26 05:30,9,5,4,0,0,0
2025-05-26 05:45,33,14,19,0,0,0
2025-05-26 06:00,28,14,14,0,0,0
2025-05-26 06:15,51,16,35,0,0,0
2025-05-26 06:30,52,18,34,0,0,0
2025-05-26 06:45,74,36,38,0,0,0
2025-05-26 07:00,79,54,25,0,0,0
2025-05-26 07:15,113,48,65,0,0,0
2025-05-26 07:30,191,87,104,0,0,0
2025-05-26 07:45,198,119,79,0,0,0
2025-05-26 08:00,158,83,75,0,0,0
2025-05-26 08:15,162,85,77,0,0,0
2025-05-26 08:30,161,83,78,0,0,0
2025-05-26 08:45,144,72,72,0,0,0
2025-05-26 09:00,119,55,64,0,0,0
2025-05-26 09:15,100,54,46,0,0,0
2025-05-26 09:30,91,38,53,0,0,0
2025-05-26 09:45,145,54,91,0,0,0
2025-05-26 10:00,129,32,97,0,0,0
2025-05-26 10:15,83,37,46,0,0,0
2025-05-26 10:30,70,31,39,0,0,0
2025-05-26 10:45,79,29,50,0,0,0
2025-05-26 11:00,111,41,70,0,0,0
2025-05-26 11:15,89,43,46,0,0,0
2025-05-26 11:30,90,43,47,0,0,0
2025-05-26 11:45,113,51,62,0,0,0
2025-05-26 12:00,124,46,78,0,0,0
2025-05-26 12:15,119,49,70,0,0,0
2025-05-26 12:30,135,76,59,0,0,0
2025-05-26 12:45,141,66,75,0,0,0
2025-05-26 13:00,120,52,68,0,0,0
2025-05-26 13:15,126,63,63,0,0,0
2025-05-26 13:30,97,40,57,0,0,0
2025-05-26 13:45,141,68,73,0,0,0
2025-05-26 14:00,154,81,73,0,0,0
2025-05-26 14:15,119,66,53,0,0,0
2025-05-26 14:30,127,67,60,0,0,0
2025-05-26 14:45,134,56,78,0,0,0
2025-05-26 15:00,141,71,70,0,0,0
2025-05-26 15:15,149,84,65,0,0,0
2025-05-26 15:30,128,64,64,0,0,0
2025-05-26 15:45,201,92,109,0,0,0
2025-05-26 16:00,164,70,94,0,0,0
2025-05-26 16:15,154,81,73,0,0,0
2025-05-26 16:30,188,98,90,0,0,0
2025-05-26 16:45,156,72,84,0,0,0
2025-05-26 17:00,222,93,129,0,0,0
2025-05-26 17:15,179,92,87,0,0,0
2025-05-26 17:30,183,92,91,0,0,0
2025-05-26 17:45,221,110,111,0,0,0
2025-05-26 18:00,184,92,92,0,0,0
2025-05-26 18:15,173,87,86,0,0,0
2025-05-26 18:30,154,84,70,0,0,0
2025-05-26 18:45,151,82,69,0,0,0
2025-05-26 19:00,120,78,42,0,0,0
2025-05-26 19:15,125,61,64,0,0,0
2025-05-26 19:30,122,66,56,0,0,0
2025-05-26 19:45,124,72,52,0,0,0
2025-05-26 20:00,112,64,48,0,0,0
2025-05-26 20:15,97,51,46,0,0,0
2025-05-26 20:30,88,45,43,0,0,0
2025-05-26 20:45,66,26,40,0,0,0
2025-05-26 21:00,75,45,30,0,0,0
2025-05-26 21:15,77,44,33,0,0,0
2025-05-26 21:30,58,25,33,0,0,0
2025-05-26 21:45,34,13,21,0,0,0
2025-05-26 22:00,51,24,27,0,0,0
2025-05-26 22:15,57,23,34,0,0,0
2025-05-26 22:30,46,15,31,0,0,0
2025-05-26 22:45,44,14,30,0,0,0
2025-05-26 23:00,36,10,26,0,0,0
2025-05-26 23:15,20,5,15,0,0,0
2025-05-26 23:30,9,1,8,0,0,0
2025-05-26 23:45,15,6,9,0,0,0
2025-05-27 00:00,19,3,16,0,0,0
2025-05-27 00:15,7,3,4,0,0,0
2025-05-27 00:30,10,5,5,0,0,0
2025-05-27 00:45,8,4,4,0,0,0
2025-05-27 01:00,2,0,2,0,0,0
2025-05-27 01:15,7,2,5,0,0,0
2025-05-27 01:30,4,1,3,0,0,0
2025-05-27 01:45,1,0,1,0,0,0
2025-05-27 02:00,3,0,3,0,0,0
2025-05-27 02:15,0,0,0,0,0,0
2025-05-27 02:30,5,0,5,0,0,0
2025-05-27 02:45,0,0,0,0,0,0
2025-05-27 03:00,4,4,0,0,0,0
2025-05-27 03:15,1,1,0,0,0,0
2025-05-27 03:30,1,1,0,0,0,0
2025-05-27 03:45,0,0,0,0,0,0
2025-05-27 04:00,1,1,0,0,0,0
2025-05-27 04:15,0,0,0,0,0,0
2025-05-27 04:30,6,2,4,0,0,0
2025-05-27 04:45,4,1,3,0,0,0
2025-05-27 05:00,9,4,5,0,0,0
2025-05-27 05:15,11,2,9,0,0,0
2025-05-27 05:30,14,6,8,0,0,0
2025-05-27 05:45,40,21,19,0,0,0
2025-05-27 06:00,31,12,19,0,0,0
2025-05-27 06:15,37,15,22,0,0,0
2025-05-27 06:30,53,16,37,0,0,0
2025-05-27 06:45,61,43,18,0,0,0
2025-05-27 07:00,88,49,39,0,0,0
2025-05-27 07:15,123,67,56,0,0,0
2025-05-27 07:30,138,65,73,0,0,0
2025-05-27 07:45,211,106,105,0,0,0
2025-05-27 08:00,200,80,120,0,0,0
2025-05-27 08:15,167,89,78,0,0,0
2025-05-27 08:30,126,69,57,0,0,0
2025-05-27 08:45,166,91,75,0,0,0
2025-05-27 09:00,106,45,61,0,0,0
2025-05-27 09:15,107,27,80,0,0,0
2025-05-27 09:30,89,27,62,0,0,0
2025-05-27 09:45,132,42,90,0,0,0
2025-05-27 10:00,149,41,108,0,0,0
2025-05-27 10:15,84,36,48,0,0,0
2025-05-27 10:30,87,35,52,0,0,0
2025-05-27 10:45,118,44,74,0,0,0
2025-05-27 11:00,73,29,44,0,0,0
2025-05-27 11:15,79,35,44,0,0,0
2025-05-27 11:30,100,40,60,0,0,0
2025-05-27 11:45,135,49,86,0,0,0
2025-05-27 12:00,156,75,81,0,0,0
2025-05-27 12:15,118,53,65,0,0,0
2025-05-27 12:30,104,39,65,0,0,0
2025-05-27 12:45,121,57,64,0,0,0
2025-05-27 13:00,126,58,68,0,0,0
2025-05-27 13:15,155,69,86,0,0,0
2025-05-27 13:30,143,70,73,0,0,0
2025-05-27 13:45,144,73,71,0,0,0
2025-05-27 14:00,149,84,65,0,0,0
2025-05-27 14:15,115,55,60,0,0,0
2025-05-27 14:30,112,40,72,0,0,0
2025-05-27 14:45,98,49,49,0,0,0
2025-05-27 15:00,113,58,55,0,0,0
2025-05-27 15:15,105,54,51,0,0,0
2025-05-27 15:30,159,74,85,0,0,0
2025-05-27 15:45,156,97,59,0,0,0
2025-05-27 16:00,175,92,83,0,0,0
2025-05-27 16:15,150,67,83,0,0,0
2025-05-27 16:30,140,64,76,0,0,0
2025-05-27 16:45,164,74,90,0,0,0
2025-05-27 17:00,150,60,90,0,0,0
2025-05-27 17:15,178,73,105,0,0,0
2025-05-27 17:30,173,90,83,0,0,0
2025-05-27 17:45,203,115,88,0,0,0
2025-05-27 18:00,147,74,73,0,0,0
2025-05-27 18:15,138,68,70,0,0,0
2025-05-27 18:30,128,58,70,0,0,0
2025-05-27 18:45,123,83,40,0,0,0
2025-05-27 19:00,118,52,66,0,0,0
2025-05-27 19:15,75,42,33,0,0,0
2025-05-27 19:30,106,51,55,0,0,0
2025-05-27 19:45,79,39,40,0,0,0
2025-05-27 20:00,97,42,55,0,0,0
2025-05-27 20:15,69,34,35,0,0,0
2025-05-27 20:30,61,33,28,0,0,0
2025-05-27 20:45,46,26,20,0,0,0
2025-05-27 21:00,56,21,35,0,0,0
2025-05-27 21:15,48,22,26,0,0,0
2025-05-27 21:30,49,16,33,0,0,0
2025-05-27 21:45,57,22,35,0,0,0
2025-05-27 22:00,46,22,24,0,0,0
2025-05-27 22:15,53,13,40,0,0,0
2025-05-27 22:30,37,19,18,0,0,0
2025-05-27 22:45,30,15,15,0,0,0
2025-05-27 23:00,26,9,17,0,0,0
2025-05-27 23:15,23,5,18,0,0,0
2025-05-27 23:30,13,3,10,0,0,0
2025-05-27 23:45,8,5,3,0,0,0
