Datetime,100031300 (Hafenstraße),101031300 (Hafenstraße Fahrräder IN),102031300 (Hafenstraße Fahrräder OUT),100031300-status,101031300-status,102031300-status
2025-07-01 00:00,17,5,12,0,0,0
2025-07-01 00:15,15,12,3,0,0,0
2025-07-01 00:30,9,3,6,0,0,0
2025-07-01 00:45,6,2,4,0,0,0
2025-07-01 01:00,6,4,2,0,0,0
2025-07-01 01:15,3,0,3,0,0,0
2025-07-01 01:30,2,0,2,0,0,0
2025-07-01 01:45,4,1,3,0,0,0
2025-07-01 02:00,1,0,1,0,0,0
2025-07-01 02:15,0,0,0,0,0,0
2025-07-01 02:30,3,1,2,0,0,0
2025-07-01 02:45,2,2,0,0,0,0
2025-07-01 03:00,3,3,0,0,0,0
2025-07-01 03:15,2,0,2,0,0,0
2025-07-01 03:30,2,1,1,0,0,0
2025-07-01 03:45,2,2,0,0,0,0
2025-07-01 04:00,1,1,0,0,0,0
2025-07-01 04:15,2,1,1,0,0,0
2025-07-01 04:30,3,0,3,0,0,0
2025-07-01 04:45,5,2,3,0,0,0
2025-07-01 05:00,7,3,4,0,0,0
2025-07-01 05:15,17,7,10,0,0,0
2025-07-01 05:30,36,20,16,0,0,0
2025-07-01 05:45,35,21,14,0,0,0
2025-07-01 06:00,37,17,20,0,0,0
2025-07-01 06:15,44,25,19,0,0,0
2025-07-01 06:30,49,21,28,0,0,0
2025-07-01 06:45,101,54,47,0,0,0
2025-07-01 07:00,100,54,46,0,0,0
2025-07-01 07:15,118,60,58,0,0,0
2025-07-01 07:30,199,87,112,0,0,0
2025-07-01 07:45,198,104,94,0,0,0
2025-07-01 08:00,228,111,117,0,0,0
2025-07-01 08:15,196,97,99,0,0,0
2025-07-01 08:30,159,84,75,0,0,0
2025-07-01 08:45,161,82,79,0,0,0
2025-07-01 09:00,148,64,84,0,0,0
2025-07-01 09:15,98,41,57,0,0,0
2025-07-01 09:30,104,43,61,0,0,0
2025-07-01 09:45,190,62,128,0,0,0
2025-07-01 10:00,133,46,87,0,0,0
2025-07-01 10:15,86,37,49,0,0,0
2025-07-01 10:30,98,43,55,0,0,0
2025-07-01 10:45,103,52,51,0,0,0
2025-07-01 11:00,104,51,53,0,0,0
2025-07-01 11:15,98,49,49,0,0,0
2025-07-01 11:30,117,53,64,0,0,0
2025-07-01 11:45,148,57,91,0,0,0
2025-07-01 12:00,121,57,64,0,0,0
2025-07-01 12:15,136,68,68,0,0,0
2025-07-01 12:30,156,86,70,0,0,0
2025-07-01 12:45,144,69,75,0,0,0
2025-07-01 13:00,113,52,61,0,0,0
2025-07-01 13:15,135,79,56,0,0,0
2025-07-01 13:30,126,74,52,0,0,0
2025-07-01 13:45,137,93,44,0,0,0
2025-07-01 14:00,134,63,71,0,0,0
2025-07-01 14:15,122,66,56,0,0,0
2025-07-01 14:30,129,70,59,0,0,0
2025-07-01 14:45,122,65,57,0,0,0
2025-07-01 15:00,152,77,75,0,0,0
2025-07-01 15:15,145,83,62,0,0,0
2025-07-01 15:30,149,88,61,0,0,0
2025-07-01 15:45,176,90,86,0,0,0
2025-07-01 16:00,210,123,87,0,0,0
2025-07-01 16:15,185,114,71,0,0,0
2025-07-01 16:30,195,111,84,0,0,0
2025-07-01 16:45,219,112,107,0,0,0
2025-07-01 17:00,205,105,100,0,0,0
2025-07-01 17:15,212,118,94,0,0,0
2025-07-01 17:30,208,109,99,0,0,0
2025-07-01 17:45,205,126,79,0,0,0
2025-07-01 18:00,196,121,75,0,0,0
2025-07-01 18:15,190,92,98,0,0,0
2025-07-01 18:30,179,119,60,0,0,0
2025-07-01 18:45,171,102,69,0,0,0
2025-07-01 19:00,141,81,60,0,0,0
2025-07-01 19:15,141,81,60,0,0,0
2025-07-01 19:30,178,87,91,0,0,0
2025-07-01 19:45,158,91,67,0,0,0
2025-07-01 20:00,150,77,73,0,0,0
2025-07-01 20:15,128,50,78,0,0,0
2025-07-01 20:30,135,57,78,0,0,0
2025-07-01 20:45,115,46,69,0,0,0
2025-07-01 21:00,118,47,71,0,0,0
2025-07-01 21:15,103,39,64,0,0,0
2025-07-01 21:30,105,30,75,0,0,0
2025-07-01 21:45,128,31,97,0,0,0
2025-07-01 22:00,111,31,80,0,0,0
2025-07-01 22:15,100,27,73,0,0,0
2025-07-01 22:30,85,27,58,0,0,0
2025-07-01 22:45,69,18,51,0,0,0
2025-07-01 23:00,103,23,80,0,0,0
2025-07-01 23:15,84,18,66,0,0,0
2025-07-01 23:30,38,15,23,0,0,0
2025-07-01 23:45,33,9,24,0,0,0
2025-07-02 00:00,30,3,27,0,0,0
2025-07-02 00:15,17,4,13,0,0,0
2025-07-02 00:30,20,7,13,0,0,0
2025-07-02 00:45,20,3,17,0,0,0
2025-07-02 01:00,13,2,11,0,0,0
2025-07-02 01:15,22,3,19,0,0,0
2025-07-02 01:30,9,1,8,0,0,0
2025-07-02 01:45,14,3,11,0,0,0
2025-07-02 02:00,9,1,8,0,0,0
2025-07-02 02:15,4,0,4,0,0,0
2025-07-02 02:30,3,2,1,0,0,0
2025-07-02 02:45,6,3,3,0,0,0
2025-07-02 03:00,1,0,1,0,0,0
2025-07-02 03:15,5,1,4,0,0,0
2025-07-02 03:30,3,2,1,0,0,0
2025-07-02 03:45,4,2,2,0,0,0
2025-07-02 04:00,3,1,2,0,0,0
2025-07-02 04:15,5,3,2,0,0,0
2025-07-02 04:30,9,3,6,0,0,0
2025-07-02 04:45,5,4,1,0,0,0
2025-07-02 05:00,4,3,1,0,0,0
2025-07-02 05:15,15,9,6,0,0,0
2025-07-02 05:30,31,10,21,0,0,0
2025-07-02 05:45,46,25,21,0,0,0
2025-07-02 06:00,36,18,18,0,0,0
2025-07-02 06:15,51,29,22,0,0,0
2025-07-02 06:30,64,36,28,0,0,0
2025-07-02 06:45,95,53,42,0,0,0
2025-07-02 07:00,96,54,42,0,0,0
2025-07-02 07:15,112,52,60,0,0,0
2025-07-02 07:30,187,79,108,0,0,0
2025-07-02 07:45,222,116,106,0,0,0
2025-07-02 08:00,187,84,103,0,0,0
2025-07-02 08:15,123,56,67,0,0,0
2025-07-02 08:30,170,78,92,0,0,0
2025-07-02 08:45,169,93,76,0,0,0
2025-07-02 09:00,106,48,58,0,0,0
2025-07-02 09:15,110,44,66,0,0,0
2025-07-02 09:30,129,53,76,0,0,0
2025-07-02 09:45,133,45,88,0,0,0
2025-07-02 10:00,140,49,91,0,0,0
2025-07-02 10:15,101,50,51,0,0,0
2025-07-02 10:30,111,50,61,0,0,0
2025-07-02 10:45,109,47,62,0,0,0
2025-07-02 11:00,76,35,41,0,0,0
2025-07-02 11:15,119,54,65,0,0,0
2025-07-02 11:30,118,49,69,0,0,0
2025-07-02 11:45,134,59,75,0,0,0
2025-07-02 12:00,141,63,78,0,0,0
2025-07-02 12:15,108,55,53,0,0,0
2025-07-02 12:30,138,79,59,0,0,0
2025-07-02 12:45,125,61,64,0,0,0
2025-07-02 13:00,117,76,41,0,0,0
2025-07-02 13:15,110,54,56,0,0,0
2025-07-02 13:30,132,64,68,0,0,0
2025-07-02 13:45,141,77,64,0,0,0
2025-07-02 14:00,140,76,64,0,0,0
2025-07-02 14:15,120,74,46,0,0,0
2025-07-02 14:30,126,65,61,0,0,0
2025-07-02 14:45,130,90,40,0,0,0
2025-07-02 15:00,144,87,57,0,0,0
2025-07-02 15:15,121,83,38,0,0,0
2025-07-02 15:30,139,75,64,0,0,0
2025-07-02 15:45,160,96,64,0,0,0
2025-07-02 16:00,176,101,75,0,0,0
2025-07-02 16:15,178,90,88,0,0,0
2025-07-02 16:30,170,93,77,0,0,0
2025-07-02 16:45,200,103,97,0,0,0
2025-07-02 17:00,224,107,117,0,0,0
2025-07-02 17:15,203,107,96,0,0,0
2025-07-02 17:30,239,88,151,0,0,0
2025-07-02 17:45,303,108,195,0,0,0
2025-07-02 18:00,190,68,122,0,0,0
2025-07-02 18:15,112,37,75,0,0,0
2025-07-02 18:30,98,41,57,0,0,0
2025-07-02 18:45,78,29,49,0,0,0
2025-07-02 19:00,93,41,52,0,0,0
2025-07-02 19:15,59,24,35,0,0,0
2025-07-02 19:30,70,34,36,0,0,0
2025-07-02 19:45,87,45,42,0,0,0
2025-07-02 20:00,68,35,33,0,0,0
2025-07-02 20:15,71,29,42,0,0,0
2025-07-02 20:30,55,26,29,0,0,0
2025-07-02 20:45,49,24,25,0,0,0
2025-07-02 21:00,59,22,37,0,0,0
2025-07-02 21:15,53,24,29,0,0,0
2025-07-02 21:30,31,11,20,0,0,0
2025-07-02 21:45,35,10,25,0,0,0
2025-07-02 22:00,60,24,36,0,0,0
2025-07-02 22:15,54,15,39,0,0,0
2025-07-02 22:30,44,16,28,0,0,0
2025-07-02 22:45,39,15,24,0,0,0
2025-07-02 23:00,33,12,21,0,0,0
2025-07-02 23:15,34,8,26,0,0,0
2025-07-02 23:30,26,8,18,0,0,0
2025-07-02 23:45,19,5,14,0,0,0
2025-07-03 00:00,20,11,9,0,0,0
2025-07-03 00:15,22,8,14,0,0,0
2025-07-03 00:30,21,5,16,0,0,0
2025-07-03 00:45,11,4,7,0,0,0
2025-07-03 01:00,7,4,3,0,0,0
2025-07-03 01:15,8,5,3,0,0,0
2025-07-03 01:30,11,5,6,0,0,0
2025-07-03 01:45,9,2,7,0,0,0
2025-07-03 02:00,5,2,3,0,0,0
2025-07-03 02:15,3,1,2,0,0,0
2025-07-03 02:30,3,1,2,0,0,0
2025-07-03 02:45,2,2,0,0,0,0
2025-07-03 03:00,4,4,0,0,0,0
2025-07-03 03:15,3,3,0,0,0,0
2025-07-03 03:30,4,2,2,0,0,0
2025-07-03 03:45,6,3,3,0,0,0
2025-07-03 04:00,5,3,2,0,0,0
2025-07-03 04:15,3,1,2,0,0,0
2025-07-03 04:30,12,1,11,0,0,0
2025-07-03 04:45,8,4,4,0,0,0
2025-07-03 05:00,8,4,4,0,0,0
2025-07-03 05:15,16,6,10,0,0,0
2025-07-03 05:30,21,9,12,0,0,0
2025-07-03 05:45,17,10,7,0,0,0
2025-07-03 06:00,31,16,15,0,0,0
2025-07-03 06:15,44,24,20,0,0,0
2025-07-03 06:30,52,19,33,0,0,0
2025-07-03 06:45,78,52,26,0,0,0
2025-07-03 07:00,94,52,42,0,0,0
2025-07-03 07:15,126,69,57,0,0,0
2025-07-03 07:30,156,65,91,0,0,0
2025-07-03 07:45,221,116,105,0,0,0
2025-07-03 08:00,192,82,110,0,0,0
2025-07-03 08:15,169,79,90,0,0,0
2025-07-03 08:30,135,71,64,0,0,0
2025-07-03 08:45,184,96,88,0,0,0
2025-07-03 09:00,119,57,62,0,0,0
2025-07-03 09:15,104,37,67,0,0,0
2025-07-03 09:30,86,43,43,0,0,0
2025-07-03 09:45,120,51,69,0,0,0
2025-07-03 10:00,117,34,83,0,0,0
2025-07-03 10:15,99,46,53,0,0,0
2025-07-03 10:30,101,38,63,0,0,0
2025-07-03 10:45,89,30,59,0,0,0
2025-07-03 11:00,90,42,48,0,0,0
2025-07-03 11:15,103,47,56,0,0,0
2025-07-03 11:30,102,45,57,0,0,0
2025-07-03 11:45,149,66,83,0,0,0
2025-07-03 12:00,118,45,73,0,0,0
2025-07-03 12:15,119,59,60,0,0,0
2025-07-03 12:30,122,63,59,0,0,0
2025-07-03 12:45,134,59,75,0,0,0
2025-07-03 13:00,141,59,82,0,0,0
2025-07-03 13:15,125,68,57,0,0,0
2025-07-03 13:30,138,66,72,0,0,0
2025-07-03 13:45,166,77,89,0,0,0
2025-07-03 14:00,241,64,177,0,0,0
2025-07-03 14:15,142,72,70,0,0,0
2025-07-03 14:30,134,76,58,0,0,0
2025-07-03 14:45,135,68,67,0,0,0
2025-07-03 15:00,134,73,61,0,0,0
2025-07-03 15:15,137,80,57,0,0,0
2025-07-03 15:30,137,74,63,0,0,0
2025-07-03 15:45,188,115,73,0,0,0
2025-07-03 16:00,184,95,89,0,0,0
2025-07-03 16:15,185,94,91,0,0,0
2025-07-03 16:30,199,92,107,0,0,0
2025-07-03 16:45,214,99,115,0,0,0
2025-07-03 17:00,183,78,105,0,0,0
2025-07-03 17:15,202,98,104,0,0,0
2025-07-03 17:30,238,117,121,0,0,0
2025-07-03 17:45,242,113,129,0,0,0
2025-07-03 18:00,166,96,70,0,0,0
2025-07-03 18:15,136,82,54,0,0,0
2025-07-03 18:30,219,120,99,0,0,0
2025-07-03 18:45,180,106,74,0,0,0
2025-07-03 19:00,159,78,81,0,0,0
2025-07-03 19:15,153,81,72,0,0,0
2025-07-03 19:30,137,79,58,0,0,0
2025-07-03 19:45,170,111,59,0,0,0
2025-07-03 20:00,145,84,61,0,0,0
2025-07-03 20:15,108,56,52,0,0,0
2025-07-03 20:30,107,67,40,0,0,0
2025-07-03 20:45,105,48,57,0,0,0
2025-07-03 21:00,111,60,51,0,0,0
2025-07-03 21:15,98,51,47,0,0,0
2025-07-03 21:30,78,28,50,0,0,0
2025-07-03 21:45,66,25,41,0,0,0
2025-07-03 22:00,95,43,52,0,0,0
2025-07-03 22:15,72,30,42,0,0,0
2025-07-03 22:30,81,23,58,0,0,0
2025-07-03 22:45,73,29,44,0,0,0
2025-07-03 23:00,82,26,56,0,0,0
2025-07-03 23:15,78,23,55,0,0,0
2025-07-03 23:30,53,12,41,0,0,0
2025-07-03 23:45,66,19,47,0,0,0
2025-07-04 00:00,31,7,24,0,0,0
2025-07-04 00:15,18,2,16,0,0,0
2025-07-04 00:30,17,10,7,0,0,0
2025-07-04 00:45,13,3,10,0,0,0
2025-07-04 01:00,13,4,9,0,0,0
2025-07-04 01:15,10,6,4,0,0,0
2025-07-04 01:30,10,0,10,0,0,0
2025-07-04 01:45,7,0,7,0,0,0
2025-07-04 02:00,4,1,3,0,0,0
2025-07-04 02:15,6,4,2,0,0,0
2025-07-04 02:30,3,2,1,0,0,0
2025-07-04 02:45,2,0,2,0,0,0
2025-07-04 03:00,1,1,0,0,0,0
2025-07-04 03:15,4,3,1,0,0,0
2025-07-04 03:30,1,0,1,0,0,0
2025-07-04 03:45,5,5,0,0,0,0
2025-07-04 04:00,8,2,6,0,0,0
2025-07-04 04:15,1,1,0,0,0,0
2025-07-04 04:30,3,1,2,0,0,0
2025-07-04 04:45,9,4,5,0,0,0
2025-07-04 05:00,5,0,5,0,0,0
2025-07-04 05:15,22,9,13,0,0,0
2025-07-04 05:30,13,5,8,0,0,0
2025-07-04 05:45,26,16,10,0,0,0
2025-07-04 06:00,27,11,16,0,0,0
2025-07-04 06:15,41,20,21,0,0,0
2025-07-04 06:30,53,30,23,0,0,0
2025-07-04 06:45,80,45,35,0,0,0
2025-07-04 07:00,79,36,43,0,0,0
2025-07-04 07:15,82,42,40,0,0,0
2025-07-04 07:30,145,60,85,0,0,0
2025-07-04 07:45,166,86,80,0,0,0
2025-07-04 08:00,152,59,93,0,0,0
2025-07-04 08:15,126,64,62,0,0,0
2025-07-04 08:30,149,78,71,0,0,0
2025-07-04 08:45,143,63,80,0,0,0
2025-07-04 09:00,97,44,53,0,0,0
2025-07-04 09:15,91,42,49,0,0,0
2025-07-04 09:30,102,35,67,0,0,0
2025-07-04 09:45,129,54,75,0,0,0
2025-07-04 10:00,93,36,57,0,0,0
2025-07-04 10:15,66,28,38,0,0,0
2025-07-04 10:30,75,28,47,0,0,0
2025-07-04 10:45,120,61,59,0,0,0
2025-07-04 11:00,102,45,57,0,0,0
2025-07-04 11:15,120,48,72,0,0,0
2025-07-04 11:30,101,46,55,0,0,0
2025-07-04 11:45,115,63,52,0,0,0
2025-07-04 12:00,136,60,76,0,0,0
2025-07-04 12:15,130,59,71,0,0,0
2025-07-04 12:30,138,78,60,0,0,0
2025-07-04 12:45,170,77,93,0,0,0
2025-07-04 13:00,136,81,55,0,0,0
2025-07-04 13:15,113,50,63,0,0,0
2025-07-04 13:30,134,61,73,0,0,0
2025-07-04 13:45,166,87,79,0,0,0
2025-07-04 14:00,137,70,67,0,0,0
2025-07-04 14:15,125,65,60,0,0,0
2025-07-04 14:30,146,63,83,0,0,0
2025-07-04 14:45,138,56,82,0,0,0
2025-07-04 15:00,163,67,96,0,0,0
2025-07-04 15:15,130,68,62,0,0,0
2025-07-04 15:30,168,88,80,0,0,0
2025-07-04 15:45,160,73,87,0,0,0
2025-07-04 16:00,167,96,71,0,0,0
2025-07-04 16:15,134,65,69,0,0,0
2025-07-04 16:30,171,74,97,0,0,0
2025-07-04 16:45,157,95,62,0,0,0
2025-07-04 17:00,144,80,64,0,0,0
2025-07-04 17:15,163,84,79,0,0,0
2025-07-04 17:30,157,83,74,0,0,0
2025-07-04 17:45,176,106,70,0,0,0
2025-07-04 18:00,149,84,65,0,0,0
2025-07-04 18:15,149,81,68,0,0,0
2025-07-04 18:30,116,61,55,0,0,0
2025-07-04 18:45,164,97,67,0,0,0
2025-07-04 19:00,148,75,73,0,0,0
2025-07-04 19:15,121,73,48,0,0,0
2025-07-04 19:30,105,62,43,0,0,0
2025-07-04 19:45,138,71,67,0,0,0
2025-07-04 20:00,132,53,79,0,0,0
2025-07-04 20:15,117,71,46,0,0,0
2025-07-04 20:30,78,37,41,0,0,0
2025-07-04 20:45,82,42,40,0,0,0
2025-07-04 21:00,93,51,42,0,0,0
2025-07-04 21:15,75,36,39,0,0,0
2025-07-04 21:30,103,42,61,0,0,0
2025-07-04 21:45,81,29,52,0,0,0
2025-07-04 22:00,67,29,38,0,0,0
2025-07-04 22:15,105,30,75,0,0,0
2025-07-04 22:30,74,24,50,0,0,0
2025-07-04 22:45,49,18,31,0,0,0
2025-07-04 23:00,73,29,44,0,0,0
2025-07-04 23:15,63,24,39,0,0,0
2025-07-04 23:30,79,40,39,0,0,0
2025-07-04 23:45,55,25,30,0,0,0
2025-07-05 00:00,63,32,31,0,0,0
2025-07-05 00:15,66,26,40,0,0,0
2025-07-05 00:30,52,22,30,0,0,0
2025-07-05 00:45,36,18,18,0,0,0
2025-07-05 01:00,31,14,17,0,0,0
2025-07-05 01:15,56,30,26,0,0,0
2025-07-05 01:30,23,9,14,0,0,0
2025-07-05 01:45,34,13,21,0,0,0
2025-07-05 02:00,30,11,19,0,0,0
2025-07-05 02:15,13,3,10,0,0,0
2025-07-05 02:30,19,5,14,0,0,0
2025-07-05 02:45,25,9,16,0,0,0
2025-07-05 03:00,18,7,11,0,0,0
2025-07-05 03:15,11,6,5,0,0,0
2025-07-05 03:30,10,3,7,0,0,0
2025-07-05 03:45,15,4,11,0,0,0
2025-07-05 04:00,7,3,4,0,0,0
2025-07-05 04:15,7,1,6,0,0,0
2025-07-05 04:30,8,2,6,0,0,0
2025-07-05 04:45,4,2,2,0,0,0
2025-07-05 05:00,5,0,5,0,0,0
2025-07-05 05:15,8,3,5,0,0,0
2025-07-05 05:30,14,3,11,0,0,0
2025-07-05 05:45,11,6,5,0,0,0
2025-07-05 06:00,7,5,2,0,0,0
2025-07-05 06:15,12,4,8,0,0,0
2025-07-05 06:30,12,7,5,0,0,0
2025-07-05 06:45,9,3,6,0,0,0
2025-07-05 07:00,18,9,9,0,0,0
2025-07-05 07:15,7,3,4,0,0,0
2025-07-05 07:30,17,4,13,0,0,0
2025-07-05 07:45,43,9,34,0,0,0
2025-07-05 08:00,36,10,26,0,0,0
2025-07-05 08:15,34,9,25,0,0,0
2025-07-05 08:30,33,12,21,0,0,0
2025-07-05 08:45,47,23,24,0,0,0
2025-07-05 09:00,51,18,33,0,0,0
2025-07-05 09:15,51,17,34,0,0,0
2025-07-05 09:30,53,23,30,0,0,0
2025-07-05 09:45,113,47,66,0,0,0
2025-07-05 10:00,93,46,47,0,0,0
2025-07-05 10:15,80,36,44,0,0,0
2025-07-05 10:30,60,46,14,0,0,0
2025-07-05 10:45,25,14,11,0,0,0
2025-07-05 11:00,15,4,11,0,0,0
2025-07-05 11:15,18,18,0,0,0,0
2025-07-05 11:30,30,24,6,0,0,0
2025-07-05 11:45,22,11,11,0,0,0
2025-07-05 12:00,11,6,5,0,0,0
2025-07-05 12:15,15,11,4,0,0,0
2025-07-05 12:30,18,14,4,0,0,0
2025-07-05 12:45,12,8,4,0,0,0
2025-07-05 13:00,10,8,2,0,0,0
2025-07-05 13:15,5,5,0,0,0,0
2025-07-05 13:30,6,5,1,0,0,0
2025-07-05 13:45,3,1,2,0,0,0
2025-07-05 14:00,4,1,3,0,0,0
2025-07-05 14:15,1,1,0,0,0,0
2025-07-05 14:30,6,2,4,0,0,0
2025-07-05 14:45,1,0,1,0,0,0
2025-07-05 15:00,0,0,0,0,0,0
2025-07-05 15:15,0,0,0,0,0,0
2025-07-05 15:30,2,2,0,0,0,0
2025-07-05 15:45,0,0,0,0,0,0
2025-07-05 16:00,1,0,1,0,0,0
2025-07-05 16:15,0,0,0,0,0,0
2025-07-05 16:30,0,0,0,0,0,0
2025-07-05 16:45,0,0,0,0,0,0
2025-07-05 17:00,2,2,0,0,0,0
2025-07-05 17:15,0,0,0,0,0,0
2025-07-05 17:30,0,0,0,0,0,0
2025-07-05 17:45,4,2,2,0,0,0
2025-07-05 18:00,3,0,3,0,0,0
2025-07-05 18:15,6,4,2,0,0,0
2025-07-05 18:30,89,88,1,0,0,0
2025-07-05 18:45,19,10,9,0,0,0
2025-07-05 19:00,88,60,28,0,0,0
2025-07-05 19:15,74,42,32,0,0,0
2025-07-05 19:30,112,61,51,0,0,0
2025-07-05 19:45,85,47,38,0,0,0
2025-07-05 20:00,114,67,47,0,0,0
2025-07-05 20:15,92,50,42,0,0,0
2025-07-05 20:30,79,35,44,0,0,0
2025-07-05 20:45,91,35,56,0,0,0
2025-07-05 21:00,88,37,51,0,0,0
2025-07-05 21:15,73,26,47,0,0,0
2025-07-05 21:30,65,21,44,0,0,0
2025-07-05 21:45,81,41,40,0,0,0
2025-07-05 22:00,84,43,41,0,0,0
2025-07-05 22:15,91,33,58,0,0,0
2025-07-05 22:30,101,29,72,0,0,0
2025-07-05 22:45,58,33,25,0,0,0
2025-07-05 23:00,72,43,29,0,0,0
2025-07-05 23:15,60,30,30,0,0,0
2025-07-05 23:30,71,33,38,0,0,0
2025-07-05 23:45,56,21,35,0,0,0
2025-07-06 00:00,62,22,40,0,0,0
2025-07-06 00:15,52,19,33,0,0,0
2025-07-06 00:30,74,48,26,0,0,0
2025-07-06 00:45,48,17,31,0,0,0
2025-07-06 01:00,60,19,41,0,0,0
2025-07-06 01:15,76,27,49,0,0,0
2025-07-06 01:30,33,12,21,0,0,0
2025-07-06 01:45,35,13,22,0,0,0
2025-07-06 02:00,34,10,24,0,0,0
2025-07-06 02:15,27,7,20,0,0,0
2025-07-06 02:30,29,14,15,0,0,0
2025-07-06 02:45,19,4,15,0,0,0
2025-07-06 03:00,26,9,17,0,0,0
2025-07-06 03:15,35,4,31,0,0,0
2025-07-06 03:30,26,1,25,0,0,0
2025-07-06 03:45,23,4,19,0,0,0
2025-07-06 04:00,27,4,23,0,0,0
2025-07-06 04:15,19,0,19,0,0,0
2025-07-06 04:30,14,1,13,0,0,0
2025-07-06 04:45,8,2,6,0,0,0
2025-07-06 05:00,9,0,9,0,0,0
2025-07-06 05:15,17,3,14,0,0,0
2025-07-06 05:30,4,1,3,0,0,0
2025-07-06 05:45,9,3,6,0,0,0
2025-07-06 06:00,2,1,1,0,0,0
2025-07-06 06:15,5,2,3,0,0,0
2025-07-06 06:30,10,6,4,0,0,0
2025-07-06 06:45,3,1,2,0,0,0
2025-07-06 07:00,4,2,2,0,0,0
2025-07-06 07:15,9,5,4,0,0,0
2025-07-06 07:30,6,2,4,0,0,0
2025-07-06 07:45,12,2,10,0,0,0
2025-07-06 08:00,11,0,11,0,0,0
2025-07-06 08:15,17,5,12,0,0,0
2025-07-06 08:30,18,10,8,0,0,0
2025-07-06 08:45,28,12,16,0,0,0
2025-07-06 09:00,32,12,20,0,0,0
2025-07-06 09:15,24,10,14,0,0,0
2025-07-06 09:30,39,9,30,0,0,0
2025-07-06 09:45,54,16,38,0,0,0
2025-07-06 10:00,42,21,21,0,0,0
2025-07-06 10:15,48,22,26,0,0,0
2025-07-06 10:30,71,25,46,0,0,0
2025-07-06 10:45,38,15,23,0,0,0
2025-07-06 11:00,56,18,38,0,0,0
2025-07-06 11:15,54,20,34,0,0,0
2025-07-06 11:30,70,18,52,0,0,0
2025-07-06 11:45,65,31,34,0,0,0
2025-07-06 12:00,64,21,43,0,0,0
2025-07-06 12:15,52,17,35,0,0,0
2025-07-06 12:30,72,31,41,0,0,0
2025-07-06 12:45,80,27,53,0,0,0
2025-07-06 13:00,75,32,43,0,0,0
2025-07-06 13:15,63,35,28,0,0,0
2025-07-06 13:30,66,33,33,0,0,0
2025-07-06 13:45,49,19,30,0,0,0
2025-07-06 14:00,72,30,42,0,0,0
2025-07-06 14:15,63,28,35,0,0,0
2025-07-06 14:30,50,25,25,0,0,0
2025-07-06 14:45,47,18,29,0,0,0
2025-07-06 15:00,64,27,37,0,0,0
2025-07-06 15:15,48,19,29,0,0,0
2025-07-06 15:30,70,32,38,0,0,0
2025-07-06 15:45,66,29,37,0,0,0
2025-07-06 16:00,59,22,37,0,0,0
2025-07-06 16:15,56,27,29,0,0,0
2025-07-06 16:30,56,20,36,0,0,0
2025-07-06 16:45,62,25,37,0,0,0
2025-07-06 17:00,65,27,38,0,0,0
2025-07-06 17:15,67,34,33,0,0,0
2025-07-06 17:30,52,23,29,0,0,0
2025-07-06 17:45,60,28,32,0,0,0
2025-07-06 18:00,59,20,39,0,0,0
2025-07-06 18:15,60,21,39,0,0,0
2025-07-06 18:30,46,14,32,0,0,0
2025-07-06 18:45,48,23,25,0,0,0
2025-07-06 19:00,70,26,44,0,0,0
2025-07-06 19:15,71,28,43,0,0,0
2025-07-06 19:30,61,31,30,0,0,0
2025-07-06 19:45,59,26,33,0,0,0
2025-07-06 20:00,64,28,36,0,0,0
2025-07-06 20:15,81,27,54,0,0,0
2025-07-06 20:30,60,22,38,0,0,0
2025-07-06 20:45,43,18,25,0,0,0
2025-07-06 21:00,50,19,31,0,0,0
2025-07-06 21:15,40,18,22,0,0,0
2025-07-06 21:30,32,12,20,0,0,0
2025-07-06 21:45,42,13,29,0,0,0
2025-07-06 22:00,29,13,16,0,0,0
2025-07-06 22:15,34,8,26,0,0,0
2025-07-06 22:30,30,7,23,0,0,0
2025-07-06 22:45,12,6,6,0,0,0
2025-07-06 23:00,16,7,9,0,0,0
2025-07-06 23:15,15,5,10,0,0,0
2025-07-06 23:30,20,4,16,0,0,0
2025-07-06 23:45,10,6,4,0,0,0
2025-07-07 00:00,7,2,5,0,0,0
2025-07-07 00:15,6,2,4,0,0,0
2025-07-07 00:30,10,5,5,0,0,0
2025-07-07 00:45,7,4,3,0,0,0
2025-07-07 01:00,5,3,2,0,0,0
2025-07-07 01:15,5,0,5,0,0,0
2025-07-07 01:30,2,1,1,0,0,0
2025-07-07 01:45,2,0,2,0,0,0
2025-07-07 02:00,5,1,4,0,0,0
2025-07-07 02:15,2,1,1,0,0,0
2025-07-07 02:30,0,0,0,0,0,0
2025-07-07 02:45,1,1,0,0,0,0
2025-07-07 03:00,0,0,0,0,0,0
2025-07-07 03:15,0,0,0,0,0,0
2025-07-07 03:30,1,0,1,0,0,0
2025-07-07 03:45,3,2,1,0,0,0
2025-07-07 04:00,4,0,4,0,0,0
2025-07-07 04:15,4,1,3,0,0,0
2025-07-07 04:30,9,2,7,0,0,0
2025-07-07 04:45,5,2,3,0,0,0
2025-07-07 05:00,4,3,1,0,0,0
2025-07-07 05:15,11,5,6,0,0,0
2025-07-07 05:30,22,10,12,0,0,0
2025-07-07 05:45,18,10,8,0,0,0
2025-07-07 06:00,21,5,16,0,0,0
2025-07-07 06:15,44,22,22,0,0,0
2025-07-07 06:30,41,20,21,0,0,0
2025-07-07 06:45,78,43,35,0,0,0
2025-07-07 07:00,85,52,33,0,0,0
2025-07-07 07:15,103,44,59,0,0,0
2025-07-07 07:30,190,84,106,0,0,0
2025-07-07 07:45,196,97,99,0,0,0
2025-07-07 08:00,167,82,85,0,0,0
2025-07-07 08:15,163,89,74,0,0,0
2025-07-07 08:30,143,63,80,0,0,0
2025-07-07 08:45,148,76,72,0,0,0
2025-07-07 09:00,109,52,57,0,0,0
2025-07-07 09:15,78,21,57,0,0,0
2025-07-07 09:30,92,35,57,0,0,0
2025-07-07 09:45,112,42,70,0,0,0
2025-07-07 10:00,91,30,61,0,0,0
2025-07-07 10:15,88,36,52,0,0,0
2025-07-07 10:30,92,35,57,0,0,0
2025-07-07 10:45,104,44,60,0,0,0
2025-07-07 11:00,82,34,48,0,0,0
2025-07-07 11:15,59,29,30,0,0,0
2025-07-07 11:30,99,57,42,0,0,0
2025-07-07 11:45,114,37,77,0,0,0
2025-07-07 12:00,109,42,67,0,0,0
2025-07-07 12:15,89,40,49,0,0,0
2025-07-07 12:30,125,69,56,0,0,0
2025-07-07 12:45,98,47,51,0,0,0
2025-07-07 13:00,136,64,72,0,0,0
2025-07-07 13:15,113,49,64,0,0,0
2025-07-07 13:30,120,52,68,0,0,0
2025-07-07 13:45,126,60,66,0,0,0
2025-07-07 14:00,151,71,80,0,0,0
2025-07-07 14:15,92,48,44,0,0,0
2025-07-07 14:30,91,45,46,0,0,0
2025-07-07 14:45,106,43,63,0,0,0
2025-07-07 15:00,110,51,59,0,0,0
2025-07-07 15:15,137,72,65,0,0,0
2025-07-07 15:30,126,69,57,0,0,0
2025-07-07 15:45,133,66,67,0,0,0
2025-07-07 16:00,158,78,80,0,0,0
2025-07-07 16:15,193,106,87,0,0,0
2025-07-07 16:30,137,71,66,0,0,0
2025-07-07 16:45,154,70,84,0,0,0
2025-07-07 17:00,199,81,118,0,0,0
2025-07-07 17:15,210,104,106,0,0,0
2025-07-07 17:30,178,77,101,0,0,0
2025-07-07 17:45,203,107,96,0,0,0
2025-07-07 18:00,181,99,82,0,0,0
2025-07-07 18:15,171,91,80,0,0,0
2025-07-07 18:30,128,65,63,0,0,0
2025-07-07 18:45,127,57,70,0,0,0
2025-07-07 19:00,145,80,65,0,0,0
2025-07-07 19:15,125,60,65,0,0,0
2025-07-07 19:30,112,54,58,0,0,0
2025-07-07 19:45,114,57,57,0,0,0
2025-07-07 20:00,107,60,47,0,0,0
2025-07-07 20:15,96,42,54,0,0,0
2025-07-07 20:30,96,51,45,0,0,0
2025-07-07 20:45,73,36,37,0,0,0
2025-07-07 21:00,60,22,38,0,0,0
2025-07-07 21:15,48,26,22,0,0,0
2025-07-07 21:30,59,27,32,0,0,0
2025-07-07 21:45,66,27,39,0,0,0
2025-07-07 22:00,70,35,35,0,0,0
2025-07-07 22:15,64,14,50,0,0,0
2025-07-07 22:30,35,11,24,0,0,0
2025-07-07 22:45,36,16,20,0,0,0
2025-07-07 23:00,66,16,50,0,0,0
2025-07-07 23:15,29,11,18,0,0,0
2025-07-07 23:30,38,12,26,0,0,0
2025-07-07 23:45,23,6,17,0,0,0
2025-07-08 00:00,6,3,3,0,0,0
2025-07-08 00:15,11,1,10,0,0,0
2025-07-08 00:30,9,2,7,0,0,0
2025-07-08 00:45,6,2,4,0,0,0
2025-07-08 01:00,2,1,1,0,0,0
2025-07-08 01:15,5,1,4,0,0,0
2025-07-08 01:30,1,1,0,0,0,0
2025-07-08 01:45,2,0,2,0,0,0
2025-07-08 02:00,3,2,1,0,0,0
2025-07-08 02:15,1,1,0,0,0,0
2025-07-08 02:30,0,0,0,0,0,0
2025-07-08 02:45,0,0,0,0,0,0
2025-07-08 03:00,3,2,1,0,0,0
2025-07-08 03:15,1,0,1,0,0,0
2025-07-08 03:30,5,3,2,0,0,0
2025-07-08 03:45,4,4,0,0,0,0
2025-07-08 04:00,2,2,0,0,0,0
2025-07-08 04:15,1,1,0,0,0,0
2025-07-08 04:30,2,1,1,0,0,0
2025-07-08 04:45,12,6,6,0,0,0
2025-07-08 05:00,8,4,4,0,0,0
2025-07-08 05:15,10,4,6,0,0,0
2025-07-08 05:30,16,8,8,0,0,0
2025-07-08 05:45,32,14,18,0,0,0
2025-07-08 06:00,35,12,23,0,0,0
2025-07-08 06:15,59,35,24,0,0,0
2025-07-08 06:30,56,21,35,0,0,0
2025-07-08 06:45,76,48,28,0,0,0
2025-07-08 07:00,78,41,37,0,0,0
2025-07-08 07:15,104,49,55,0,0,0
2025-07-08 07:30,150,77,73,0,0,0
2025-07-08 07:45,226,107,119,0,0,0
2025-07-08 08:00,191,89,102,0,0,0
2025-07-08 08:15,168,90,78,0,0,0
2025-07-08 08:30,148,74,74,0,0,0
2025-07-08 08:45,191,113,78,0,0,0
2025-07-08 09:00,107,36,71,0,0,0
2025-07-08 09:15,103,43,60,0,0,0
2025-07-08 09:30,117,48,69,0,0,0
2025-07-08 09:45,127,49,78,0,0,0
2025-07-08 10:00,117,49,68,0,0,0
2025-07-08 10:15,92,44,48,0,0,0
2025-07-08 10:30,98,38,60,0,0,0
2025-07-08 10:45,103,42,61,0,0,0
2025-07-08 11:00,104,49,55,0,0,0
2025-07-08 11:15,92,38,54,0,0,0
2025-07-08 11:30,93,49,44,0,0,0
2025-07-08 11:45,147,77,70,0,0,0
2025-07-08 12:00,125,67,58,0,0,0
2025-07-08 12:15,133,51,82,0,0,0
2025-07-08 12:30,120,49,71,0,0,0
2025-07-08 12:45,131,66,65,0,0,0
2025-07-08 13:00,135,60,75,0,0,0
2025-07-08 13:15,153,83,70,0,0,0
2025-07-08 13:30,132,74,58,0,0,0
2025-07-08 13:45,144,58,86,0,0,0
2025-07-08 14:00,124,65,59,0,0,0
2025-07-08 14:15,148,93,55,0,0,0
2025-07-08 14:30,136,61,75,0,0,0
2025-07-08 14:45,132,74,58,0,0,0
2025-07-08 15:00,125,70,55,0,0,0
2025-07-08 15:15,111,53,58,0,0,0
2025-07-08 15:30,110,54,56,0,0,0
2025-07-08 15:45,158,77,81,0,0,0
2025-07-08 16:00,204,101,103,0,0,0
2025-07-08 16:15,159,83,76,0,0,0
2025-07-08 16:30,170,73,97,0,0,0
2025-07-08 16:45,189,93,96,0,0,0
2025-07-08 17:00,177,82,95,0,0,0
2025-07-08 17:15,202,80,122,0,0,0
2025-07-08 17:30,219,117,102,0,0,0
2025-07-08 17:45,252,133,119,0,0,0
2025-07-08 18:00,183,103,80,0,0,0
2025-07-08 18:15,188,104,84,0,0,0
2025-07-08 18:30,161,112,49,0,0,0
2025-07-08 18:45,179,106,73,0,0,0
2025-07-08 19:00,151,63,88,0,0,0
2025-07-08 19:15,122,87,35,0,0,0
2025-07-08 19:30,125,54,71,0,0,0
2025-07-08 19:45,124,73,51,0,0,0
2025-07-08 20:00,139,64,75,0,0,0
2025-07-08 20:15,103,47,56,0,0,0
2025-07-08 20:30,88,45,43,0,0,0
2025-07-08 20:45,86,38,48,0,0,0
2025-07-08 21:00,82,41,41,0,0,0
2025-07-08 21:15,75,33,42,0,0,0
2025-07-08 21:30,74,36,38,0,0,0
2025-07-08 21:45,78,42,36,0,0,0
2025-07-08 22:00,72,32,40,0,0,0
2025-07-08 22:15,76,22,54,0,0,0
2025-07-08 22:30,62,33,29,0,0,0
2025-07-08 22:45,65,15,50,0,0,0
2025-07-08 23:00,41,11,30,0,0,0
2025-07-08 23:15,31,14,17,0,0,0
2025-07-08 23:30,51,17,34,0,0,0
2025-07-08 23:45,35,6,29,0,0,0
2025-07-09 00:00,22,3,19,0,0,0
2025-07-09 00:15,13,5,8,0,0,0
2025-07-09 00:30,10,3,7,0,0,0
2025-07-09 00:45,13,5,8,0,0,0
2025-07-09 01:00,9,4,5,0,0,0
2025-07-09 01:15,5,1,4,0,0,0
2025-07-09 01:30,5,2,3,0,0,0
2025-07-09 01:45,4,1,3,0,0,0
2025-07-09 02:00,2,0,2,0,0,0
2025-07-09 02:15,7,1,6,0,0,0
2025-07-09 02:30,0,0,0,0,0,0
2025-07-09 02:45,2,2,0,0,0,0
2025-07-09 03:00,1,0,1,0,0,0
2025-07-09 03:15,0,0,0,0,0,0
2025-07-09 03:30,5,3,2,0,0,0
2025-07-09 03:45,3,2,1,0,0,0
2025-07-09 04:00,4,2,2,0,0,0
2025-07-09 04:15,3,2,1,0,0,0
2025-07-09 04:30,7,2,5,0,0,0
2025-07-09 04:45,8,6,2,0,0,0
2025-07-09 05:00,5,3,2,0,0,0
2025-07-09 05:15,19,7,12,0,0,0
2025-07-09 05:30,22,9,13,0,0,0
2025-07-09 05:45,37,19,18,0,0,0
2025-07-09 06:00,28,11,17,0,0,0
2025-07-09 06:15,52,22,30,0,0,0
2025-07-09 06:30,53,26,27,0,0,0
2025-07-09 06:45,88,53,35,0,0,0
2025-07-09 07:00,79,39,40,0,0,0
2025-07-09 07:15,127,68,59,0,0,0
2025-07-09 07:30,187,68,119,0,0,0
2025-07-09 07:45,239,113,126,0,0,0
2025-07-09 08:00,170,72,98,0,0,0
2025-07-09 08:15,201,100,101,0,0,0
2025-07-09 08:30,181,89,92,0,0,0
2025-07-09 08:45,199,95,104,0,0,0
2025-07-09 09:00,112,48,64,0,0,0
2025-07-09 09:15,120,50,70,0,0,0
2025-07-09 09:30,101,46,55,0,0,0
2025-07-09 09:45,115,38,77,0,0,0
2025-07-09 10:00,108,35,73,0,0,0
2025-07-09 10:15,104,44,60,0,0,0
2025-07-09 10:30,88,42,46,0,0,0
2025-07-09 10:45,127,56,71,0,0,0
2025-07-09 11:00,97,40,57,0,0,0
2025-07-09 11:15,111,47,64,0,0,0
2025-07-09 11:30,109,51,58,0,0,0
2025-07-09 11:45,167,45,122,0,0,0
2025-07-09 12:00,129,59,70,0,0,0
2025-07-09 12:15,116,50,66,0,0,0
2025-07-09 12:30,141,78,63,0,0,0
2025-07-09 12:45,149,68,81,0,0,0
2025-07-09 13:00,139,68,71,0,0,0
2025-07-09 13:15,129,57,72,0,0,0
2025-07-09 13:30,146,69,77,0,0,0
2025-07-09 13:45,178,103,75,0,0,0
2025-07-09 14:00,146,82,64,0,0,0
2025-07-09 14:15,132,71,61,0,0,0
2025-07-09 14:30,145,80,65,0,0,0
2025-07-09 14:45,149,85,64,0,0,0
2025-07-09 15:00,156,77,79,0,0,0
2025-07-09 15:15,139,70,69,0,0,0
2025-07-09 15:30,125,59,66,0,0,0
2025-07-09 15:45,175,90,85,0,0,0
2025-07-09 16:00,187,92,95,0,0,0
2025-07-09 16:15,182,90,92,0,0,0
2025-07-09 16:30,153,67,86,0,0,0
2025-07-09 16:45,191,87,104,0,0,0
2025-07-09 17:00,209,94,115,0,0,0
2025-07-09 17:15,204,102,102,0,0,0
2025-07-09 17:30,181,83,98,0,0,0
2025-07-09 17:45,214,114,100,0,0,0
2025-07-09 18:00,212,109,103,0,0,0
2025-07-09 18:15,183,102,81,0,0,0
2025-07-09 18:30,168,91,77,0,0,0
2025-07-09 18:45,194,100,94,0,0,0
2025-07-09 19:00,143,71,72,0,0,0
2025-07-09 19:15,132,76,56,0,0,0
2025-07-09 19:30,152,93,59,0,0,0
2025-07-09 19:45,147,79,68,0,0,0
2025-07-09 20:00,132,86,46,0,0,0
2025-07-09 20:15,94,50,44,0,0,0
2025-07-09 20:30,88,35,53,0,0,0
2025-07-09 20:45,92,48,44,0,0,0
2025-07-09 21:00,100,48,52,0,0,0
2025-07-09 21:15,70,39,31,0,0,0
2025-07-09 21:30,99,44,55,0,0,0
2025-07-09 21:45,83,43,40,0,0,0
2025-07-09 22:00,77,35,42,0,0,0
2025-07-09 22:15,92,26,66,0,0,0
2025-07-09 22:30,76,33,43,0,0,0
2025-07-09 22:45,55,22,33,0,0,0
2025-07-09 23:00,58,17,41,0,0,0
2025-07-09 23:15,59,33,26,0,0,0
2025-07-09 23:30,40,13,27,0,0,0
2025-07-09 23:45,38,14,24,0,0,0
2025-07-10 00:00,23,12,11,0,0,0
2025-07-10 00:15,21,3,18,0,0,0
2025-07-10 00:30,12,7,5,0,0,0
2025-07-10 00:45,30,5,25,0,0,0
2025-07-10 01:00,18,5,13,0,0,0
2025-07-10 01:15,17,3,14,0,0,0
2025-07-10 01:30,8,6,2,0,0,0
2025-07-10 01:45,8,2,6,0,0,0
2025-07-10 02:00,3,3,0,0,0,0
2025-07-10 02:15,5,2,3,0,0,0
2025-07-10 02:30,2,2,0,0,0,0
2025-07-10 02:45,7,1,6,0,0,0
2025-07-10 03:00,5,5,0,0,0,0
2025-07-10 03:15,2,1,1,0,0,0
2025-07-10 03:30,3,2,1,0,0,0
2025-07-10 03:45,3,1,2,0,0,0
2025-07-10 04:00,6,1,5,0,0,0
2025-07-10 04:15,4,0,4,0,0,0
2025-07-10 04:30,6,4,2,0,0,0
2025-07-10 04:45,6,5,1,0,0,0
2025-07-10 05:00,7,4,3,0,0,0
2025-07-10 05:15,15,4,11,0,0,0
2025-07-10 05:30,22,7,15,0,0,0
2025-07-10 05:45,33,11,22,0,0,0
2025-07-10 06:00,29,16,13,0,0,0
2025-07-10 06:15,39,23,16,0,0,0
2025-07-10 06:30,52,24,28,0,0,0
2025-07-10 06:45,81,45,36,0,0,0
2025-07-10 07:00,101,50,51,0,0,0
2025-07-10 07:15,92,52,40,0,0,0
2025-07-10 07:30,167,69,98,0,0,0
2025-07-10 07:45,216,99,117,0,0,0
2025-07-10 08:00,203,91,112,0,0,0
2025-07-10 08:15,169,97,72,0,0,0
2025-07-10 08:30,177,101,76,0,0,0
2025-07-10 08:45,172,86,86,0,0,0
2025-07-10 09:00,121,71,50,0,0,0
2025-07-10 09:15,109,48,61,0,0,0
2025-07-10 09:30,112,46,66,0,0,0
2025-07-10 09:45,121,54,67,0,0,0
2025-07-10 10:00,126,52,74,0,0,0
2025-07-10 10:15,92,34,58,0,0,0
2025-07-10 10:30,77,37,40,0,0,0
2025-07-10 10:45,113,58,55,0,0,0
2025-07-10 11:00,87,42,45,0,0,0
2025-07-10 11:15,113,52,61,0,0,0
2025-07-10 11:30,107,46,61,0,0,0
2025-07-10 11:45,115,58,57,0,0,0
2025-07-10 12:00,133,64,69,0,0,0
2025-07-10 12:15,117,55,62,0,0,0
2025-07-10 12:30,130,56,74,0,0,0
2025-07-10 12:45,147,66,81,0,0,0
2025-07-10 13:00,159,73,86,0,0,0
2025-07-10 13:15,146,54,92,0,0,0
2025-07-10 13:30,144,60,84,0,0,0
2025-07-10 13:45,141,66,75,0,0,0
2025-07-10 14:00,128,65,63,0,0,0
2025-07-10 14:15,150,76,74,0,0,0
2025-07-10 14:30,110,54,56,0,0,0
2025-07-10 14:45,156,84,72,0,0,0
2025-07-10 15:00,144,77,67,0,0,0
2025-07-10 15:15,152,66,86,0,0,0
2025-07-10 15:30,128,72,56,0,0,0
2025-07-10 15:45,176,82,94,0,0,0
2025-07-10 16:00,156,90,66,0,0,0
2025-07-10 16:15,174,87,87,0,0,0
2025-07-10 16:30,166,76,90,0,0,0
2025-07-10 16:45,199,95,104,0,0,0
2025-07-10 17:00,187,96,91,0,0,0
2025-07-10 17:15,190,82,108,0,0,0
2025-07-10 17:30,207,94,113,0,0,0
2025-07-10 17:45,211,125,86,0,0,0
2025-07-10 18:00,191,92,99,0,0,0
2025-07-10 18:15,190,102,88,0,0,0
2025-07-10 18:30,155,89,66,0,0,0
2025-07-10 18:45,195,112,83,0,0,0
2025-07-10 19:00,146,75,71,0,0,0
2025-07-10 19:15,129,74,55,0,0,0
2025-07-10 19:30,143,83,60,0,0,0
2025-07-10 19:45,142,68,74,0,0,0
2025-07-10 20:00,116,69,47,0,0,0
2025-07-10 20:15,133,63,70,0,0,0
2025-07-10 20:30,84,49,35,0,0,0
2025-07-10 20:45,82,36,46,0,0,0
2025-07-10 21:00,74,40,34,0,0,0
2025-07-10 21:15,78,40,38,0,0,0
2025-07-10 21:30,106,48,58,0,0,0
2025-07-10 21:45,97,42,55,0,0,0
2025-07-10 22:00,83,35,48,0,0,0
2025-07-10 22:15,76,32,44,0,0,0
2025-07-10 22:30,67,24,43,0,0,0
2025-07-10 22:45,55,17,38,0,0,0
2025-07-10 23:00,41,18,23,0,0,0
2025-07-10 23:15,43,11,32,0,0,0
2025-07-10 23:30,51,15,36,0,0,0
2025-07-10 23:45,19,11,8,0,0,0
2025-07-11 00:00,22,6,16,0,0,0
2025-07-11 00:15,35,8,27,0,0,0
2025-07-11 00:30,31,3,28,0,0,0
2025-07-11 00:45,7,3,4,0,0,0
2025-07-11 01:00,14,3,11,0,0,0
2025-07-11 01:15,8,5,3,0,0,0
2025-07-11 01:30,7,1,6,0,0,0
2025-07-11 01:45,9,3,6,0,0,0
2025-07-11 02:00,6,3,3,0,0,0
2025-07-11 02:15,7,4,3,0,0,0
2025-07-11 02:30,2,1,1,0,0,0
2025-07-11 02:45,4,2,2,0,0,0
2025-07-11 03:00,1,0,1,0,0,0
2025-07-11 03:15,0,0,0,0,0,0
2025-07-11 03:30,3,3,0,0,0,0
2025-07-11 03:45,7,5,2,0,0,0
2025-07-11 04:00,4,4,0,0,0,0
2025-07-11 04:15,3,0,3,0,0,0
2025-07-11 04:30,7,3,4,0,0,0
2025-07-11 04:45,8,4,4,0,0,0
2025-07-11 05:00,7,4,3,0,0,0
2025-07-11 05:15,8,6,2,0,0,0
2025-07-11 05:30,27,11,16,0,0,0
2025-07-11 05:45,35,12,23,0,0,0
2025-07-11 06:00,30,9,21,0,0,0
2025-07-11 06:15,36,17,19,0,0,0
2025-07-11 06:30,56,25,31,0,0,0
2025-07-11 06:45,60,35,25,0,0,0
2025-07-11 07:00,72,43,29,0,0,0
2025-07-11 07:15,113,42,71,0,0,0
2025-07-11 07:30,146,58,88,0,0,0
2025-07-11 07:45,153,70,83,0,0,0
2025-07-11 08:00,123,53,70,0,0,0
2025-07-11 08:15,127,72,55,0,0,0
2025-07-11 08:30,151,67,84,0,0,0
2025-07-11 08:45,155,63,92,0,0,0
2025-07-11 09:00,106,38,68,0,0,0
2025-07-11 09:15,94,37,57,0,0,0
2025-07-11 09:30,99,38,61,0,0,0
2025-07-11 09:45,124,50,74,0,0,0
2025-07-11 10:00,98,39,59,0,0,0
2025-07-11 10:15,124,59,65,0,0,0
2025-07-11 10:30,109,57,52,0,0,0
2025-07-11 10:45,121,70,51,0,0,0
2025-07-11 11:00,109,52,57,0,0,0
2025-07-11 11:15,115,45,70,0,0,0
2025-07-11 11:30,98,48,50,0,0,0
2025-07-11 11:45,126,59,67,0,0,0
2025-07-11 12:00,146,65,81,0,0,0
2025-07-11 12:15,119,57,62,0,0,0
2025-07-11 12:30,137,69,68,0,0,0
2025-07-11 12:45,161,64,97,0,0,0
2025-07-11 13:00,157,81,76,0,0,0
2025-07-11 13:15,133,64,69,0,0,0
2025-07-11 13:30,142,64,78,0,0,0
2025-07-11 13:45,157,74,83,0,0,0
2025-07-11 14:00,115,40,75,0,0,0
2025-07-11 14:15,117,60,57,0,0,0
2025-07-11 14:30,119,69,50,0,0,0
2025-07-11 14:45,150,74,76,0,0,0
2025-07-11 15:00,133,63,70,0,0,0
2025-07-11 15:15,159,96,63,0,0,0
2025-07-11 15:30,137,63,74,0,0,0
2025-07-11 15:45,148,80,68,0,0,0
2025-07-11 16:00,151,73,78,0,0,0
2025-07-11 16:15,169,83,86,0,0,0
2025-07-11 16:30,157,89,68,0,0,0
2025-07-11 16:45,179,88,91,0,0,0
2025-07-11 17:00,125,56,69,0,0,0
2025-07-11 17:15,128,66,62,0,0,0
2025-07-11 17:30,147,76,71,0,0,0
2025-07-11 17:45,152,77,75,0,0,0
2025-07-11 18:00,167,93,74,0,0,0
2025-07-11 18:15,141,81,60,0,0,0
2025-07-11 18:30,121,62,59,0,0,0
2025-07-11 18:45,152,76,76,0,0,0
2025-07-11 19:00,161,107,54,0,0,0
2025-07-11 19:15,118,82,36,0,0,0
2025-07-11 19:30,107,64,43,0,0,0
2025-07-11 19:45,118,64,54,0,0,0
2025-07-11 20:00,115,65,50,0,0,0
2025-07-11 20:15,116,61,55,0,0,0
2025-07-11 20:30,105,53,52,0,0,0
2025-07-11 20:45,119,61,58,0,0,0
2025-07-11 21:00,94,52,42,0,0,0
2025-07-11 21:15,85,48,37,0,0,0
2025-07-11 21:30,89,35,54,0,0,0
2025-07-11 21:45,94,42,52,0,0,0
2025-07-11 22:00,77,33,44,0,0,0
2025-07-11 22:15,98,51,47,0,0,0
2025-07-11 22:30,75,30,45,0,0,0
2025-07-11 22:45,73,25,48,0,0,0
2025-07-11 23:00,67,30,37,0,0,0
2025-07-11 23:15,89,47,42,0,0,0
2025-07-11 23:30,70,26,44,0,0,0
2025-07-11 23:45,66,26,40,0,0,0
2025-07-12 00:00,46,18,28,0,0,0
2025-07-12 00:15,67,31,36,0,0,0
2025-07-12 00:30,40,16,24,0,0,0
2025-07-12 00:45,43,19,24,0,0,0
2025-07-12 01:00,52,19,33,0,0,0
2025-07-12 01:15,36,14,22,0,0,0
2025-07-12 01:30,47,23,24,0,0,0
2025-07-12 01:45,30,11,19,0,0,0
2025-07-12 02:00,25,6,19,0,0,0
2025-07-12 02:15,24,12,12,0,0,0
2025-07-12 02:30,10,2,8,0,0,0
2025-07-12 02:45,30,11,19,0,0,0
2025-07-12 03:00,25,9,16,0,0,0
2025-07-12 03:15,14,4,10,0,0,0
2025-07-12 03:30,26,5,21,0,0,0
2025-07-12 03:45,9,2,7,0,0,0
2025-07-12 04:00,17,1,16,0,0,0
2025-07-12 04:15,5,3,2,0,0,0
2025-07-12 04:30,8,3,5,0,0,0
2025-07-12 04:45,8,3,5,0,0,0
2025-07-12 05:00,9,1,8,0,0,0
2025-07-12 05:15,9,4,5,0,0,0
2025-07-12 05:30,5,2,3,0,0,0
2025-07-12 05:45,16,4,12,0,0,0
2025-07-12 06:00,16,7,9,0,0,0
2025-07-12 06:15,9,3,6,0,0,0
2025-07-12 06:30,9,2,7,0,0,0
2025-07-12 06:45,11,2,9,0,0,0
2025-07-12 07:00,12,4,8,0,0,0
2025-07-12 07:15,10,5,5,0,0,0
2025-07-12 07:30,20,6,14,0,0,0
2025-07-12 07:45,43,6,37,0,0,0
2025-07-12 08:00,29,9,20,0,0,0
2025-07-12 08:15,27,11,16,0,0,0
2025-07-12 08:30,42,9,33,0,0,0
2025-07-12 08:45,45,18,27,0,0,0
2025-07-12 09:00,37,14,23,0,0,0
2025-07-12 09:15,47,20,27,0,0,0
2025-07-12 09:30,67,22,45,0,0,0
2025-07-12 09:45,81,27,54,0,0,0
2025-07-12 10:00,78,34,44,0,0,0
2025-07-12 10:15,61,22,39,0,0,0
2025-07-12 10:30,72,30,42,0,0,0
2025-07-12 10:45,86,51,35,0,0,0
2025-07-12 11:00,85,34,51,0,0,0
2025-07-12 11:15,87,43,44,0,0,0
2025-07-12 11:30,72,38,34,0,0,0
2025-07-12 11:45,106,43,63,0,0,0
2025-07-12 12:00,89,37,52,0,0,0
2025-07-12 12:15,110,47,63,0,0,0
2025-07-12 12:30,114,59,55,0,0,0
2025-07-12 12:45,121,58,63,0,0,0
2025-07-12 13:00,125,57,68,0,0,0
2025-07-12 13:15,125,62,63,0,0,0
2025-07-12 13:30,115,57,58,0,0,0
2025-07-12 13:45,113,55,58,0,0,0
2025-07-12 14:00,108,61,47,0,0,0
2025-07-12 14:15,95,55,40,0,0,0
2025-07-12 14:30,110,63,47,0,0,0
2025-07-12 14:45,134,82,52,0,0,0
2025-07-12 15:00,102,63,39,0,0,0
2025-07-12 15:15,92,42,50,0,0,0
2025-07-12 15:30,117,67,50,0,0,0
2025-07-12 15:45,112,58,54,0,0,0
2025-07-12 16:00,130,61,69,0,0,0
2025-07-12 16:15,105,63,42,0,0,0
2025-07-12 16:30,79,37,42,0,0,0
2025-07-12 16:45,148,73,75,0,0,0
2025-07-12 17:00,127,56,71,0,0,0
2025-07-12 17:15,116,47,69,0,0,0
2025-07-12 17:30,81,44,37,0,0,0
2025-07-12 17:45,99,60,39,0,0,0
2025-07-12 18:00,103,48,55,0,0,0
2025-07-12 18:15,102,66,36,0,0,0
2025-07-12 18:30,93,42,51,0,0,0
2025-07-12 18:45,107,58,49,0,0,0
2025-07-12 19:00,103,58,45,0,0,0
2025-07-12 19:15,100,50,50,0,0,0
2025-07-12 19:30,90,35,55,0,0,0
2025-07-12 19:45,97,60,37,0,0,0
2025-07-12 20:00,105,60,45,0,0,0
2025-07-12 20:15,107,58,49,0,0,0
2025-07-12 20:30,86,44,42,0,0,0
2025-07-12 20:45,72,36,36,0,0,0
2025-07-12 21:00,90,51,39,0,0,0
2025-07-12 21:15,69,28,41,0,0,0
2025-07-12 21:30,70,21,49,0,0,0
2025-07-12 21:45,72,29,43,0,0,0
2025-07-12 22:00,69,22,47,0,0,0
2025-07-12 22:15,83,34,49,0,0,0
2025-07-12 22:30,117,29,88,0,0,0
2025-07-12 22:45,76,24,52,0,0,0
2025-07-12 23:00,87,28,59,0,0,0
2025-07-12 23:15,80,27,53,0,0,0
2025-07-12 23:30,89,33,56,0,0,0
2025-07-12 23:45,63,22,41,0,0,0
2025-07-13 00:00,72,28,44,0,0,0
2025-07-13 00:15,41,24,17,0,0,0
2025-07-13 00:30,28,13,15,0,0,0
2025-07-13 00:45,45,20,25,0,0,0
2025-07-13 01:00,46,17,29,0,0,0
2025-07-13 01:15,32,15,17,0,0,0
2025-07-13 01:30,34,10,24,0,0,0
2025-07-13 01:45,43,13,30,0,0,0
2025-07-13 02:00,39,12,27,0,0,0
2025-07-13 02:15,20,4,16,0,0,0
2025-07-13 02:30,17,8,9,0,0,0
2025-07-13 02:45,24,2,22,0,0,0
2025-07-13 03:00,23,4,19,0,0,0
2025-07-13 03:15,18,1,17,0,0,0
2025-07-13 03:30,22,5,17,0,0,0
2025-07-13 03:45,5,0,5,0,0,0
2025-07-13 04:00,9,0,9,0,0,0
2025-07-13 04:15,16,1,15,0,0,0
2025-07-13 04:30,16,1,15,0,0,0
2025-07-13 04:45,16,4,12,0,0,0
2025-07-13 05:00,3,0,3,0,0,0
2025-07-13 05:15,6,0,6,0,0,0
2025-07-13 05:30,12,5,7,0,0,0
2025-07-13 05:45,3,1,2,0,0,0
2025-07-13 06:00,6,3,3,0,0,0
2025-07-13 06:15,5,2,3,0,0,0
2025-07-13 06:30,14,6,8,0,0,0
2025-07-13 06:45,4,1,3,0,0,0
2025-07-13 07:00,5,2,3,0,0,0
2025-07-13 07:15,13,9,4,0,0,0
2025-07-13 07:30,10,5,5,0,0,0
2025-07-13 07:45,28,4,24,0,0,0
2025-07-13 08:00,7,1,6,0,0,0
2025-07-13 08:15,16,6,10,0,0,0
2025-07-13 08:30,19,8,11,0,0,0
2025-07-13 08:45,29,14,15,0,0,0
2025-07-13 09:00,28,12,16,0,0,0
2025-07-13 09:15,33,17,16,0,0,0
2025-07-13 09:30,53,11,42,0,0,0
2025-07-13 09:45,58,14,44,0,0,0
2025-07-13 10:00,49,20,29,0,0,0
2025-07-13 10:15,63,16,47,0,0,0
2025-07-13 10:30,47,19,28,0,0,0
2025-07-13 10:45,42,19,23,0,0,0
2025-07-13 11:00,53,29,24,0,0,0
2025-07-13 11:15,55,24,31,0,0,0
2025-07-13 11:30,45,23,22,0,0,0
2025-07-13 11:45,50,28,22,0,0,0
2025-07-13 12:00,59,24,35,0,0,0
2025-07-13 12:15,55,25,30,0,0,0
2025-07-13 12:30,77,39,38,0,0,0
2025-07-13 12:45,83,38,45,0,0,0
2025-07-13 13:00,86,47,39,0,0,0
2025-07-13 13:15,88,37,51,0,0,0
2025-07-13 13:30,75,35,40,0,0,0
2025-07-13 13:45,83,41,42,0,0,0
2025-07-13 14:00,80,29,51,0,0,0
2025-07-13 14:15,81,28,53,0,0,0
2025-07-13 14:30,79,44,35,0,0,0
2025-07-13 14:45,105,63,42,0,0,0
2025-07-13 15:00,93,43,50,0,0,0
2025-07-13 15:15,93,40,53,0,0,0
2025-07-13 15:30,97,45,52,0,0,0
2025-07-13 15:45,83,54,29,0,0,0
2025-07-13 16:00,95,35,60,0,0,0
2025-07-13 16:15,104,55,49,0,0,0
2025-07-13 16:30,108,52,56,0,0,0
2025-07-13 16:45,101,49,52,0,0,0
2025-07-13 17:00,87,40,47,0,0,0
2025-07-13 17:15,124,76,48,0,0,0
2025-07-13 17:30,109,55,54,0,0,0
2025-07-13 17:45,106,59,47,0,0,0
2025-07-13 18:00,79,43,36,0,0,0
2025-07-13 18:15,71,30,41,0,0,0
2025-07-13 18:30,81,40,41,0,0,0
2025-07-13 18:45,85,34,51,0,0,0
2025-07-13 19:00,75,39,36,0,0,0
2025-07-13 19:15,80,41,39,0,0,0
2025-07-13 19:30,74,33,41,0,0,0
2025-07-13 19:45,68,30,38,0,0,0
2025-07-13 20:00,73,24,49,0,0,0
2025-07-13 20:15,103,48,55,0,0,0
2025-07-13 20:30,64,23,41,0,0,0
2025-07-13 20:45,71,26,45,0,0,0
2025-07-13 21:00,66,34,32,0,0,0
2025-07-13 21:15,70,35,35,0,0,0
2025-07-13 21:30,47,26,21,0,0,0
2025-07-13 21:45,52,14,38,0,0,0
2025-07-13 22:00,43,10,33,0,0,0
2025-07-13 22:15,47,14,33,0,0,0
2025-07-13 22:30,40,15,25,0,0,0
2025-07-13 22:45,16,7,9,0,0,0
2025-07-13 23:00,26,8,18,0,0,0
2025-07-13 23:15,24,9,15,0,0,0
2025-07-13 23:30,23,7,16,0,0,0
2025-07-13 23:45,14,5,9,0,0,0
2025-07-14 00:00,11,6,5,0,0,0
2025-07-14 00:15,20,5,15,0,0,0
2025-07-14 00:30,12,6,6,0,0,0
2025-07-14 00:45,2,2,0,0,0,0
2025-07-14 01:00,5,3,2,0,0,0
2025-07-14 01:15,16,5,11,0,0,0
2025-07-14 01:30,1,1,0,0,0,0
2025-07-14 01:45,2,2,0,0,0,0
2025-07-14 02:00,4,1,3,0,0,0
2025-07-14 02:15,3,1,2,0,0,0
2025-07-14 02:30,1,0,1,0,0,0
2025-07-14 02:45,2,1,1,0,0,0
2025-07-14 03:00,1,0,1,0,0,0
2025-07-14 03:15,2,2,0,0,0,0
2025-07-14 03:30,2,1,1,0,0,0
2025-07-14 03:45,0,0,0,0,0,0
2025-07-14 04:00,3,1,2,0,0,0
2025-07-14 04:15,5,2,3,0,0,0
2025-07-14 04:30,4,1,3,0,0,0
2025-07-14 04:45,4,1,3,0,0,0
2025-07-14 05:00,3,1,2,0,0,0
2025-07-14 05:15,11,5,6,0,0,0
2025-07-14 05:30,21,6,15,0,0,0
2025-07-14 05:45,30,16,14,0,0,0
2025-07-14 06:00,29,10,19,0,0,0
2025-07-14 06:15,49,30,19,0,0,0
2025-07-14 06:30,60,29,31,0,0,0
2025-07-14 06:45,63,35,28,0,0,0
2025-07-14 07:00,88,49,39,0,0,0
2025-07-14 07:15,92,52,40,0,0,0
2025-07-14 07:30,132,74,58,0,0,0
2025-07-14 07:45,192,105,87,0,0,0
2025-07-14 08:00,163,86,77,0,0,0
2025-07-14 08:15,127,55,72,0,0,0
2025-07-14 08:30,124,60,64,0,0,0
2025-07-14 08:45,142,71,71,0,0,0
2025-07-14 09:00,113,47,66,0,0,0
2025-07-14 09:15,93,30,63,0,0,0
2025-07-14 09:30,86,30,56,0,0,0
2025-07-14 09:45,115,44,71,0,0,0
2025-07-14 10:00,96,42,54,0,0,0
2025-07-14 10:15,76,39,37,0,0,0
2025-07-14 10:30,94,39,55,0,0,0
2025-07-14 10:45,84,26,58,0,0,0
2025-07-14 11:00,105,42,63,0,0,0
2025-07-14 11:15,73,29,44,0,0,0
2025-07-14 11:30,100,42,58,0,0,0
2025-07-14 11:45,124,46,78,0,0,0
2025-07-14 12:00,116,52,64,0,0,0
2025-07-14 12:15,112,52,60,0,0,0
2025-07-14 12:30,107,53,54,0,0,0
2025-07-14 12:45,104,47,57,0,0,0
2025-07-14 13:00,106,52,54,0,0,0
2025-07-14 13:15,112,60,52,0,0,0
2025-07-14 13:30,116,56,60,0,0,0
2025-07-14 13:45,160,85,75,0,0,0
2025-07-14 14:00,125,62,63,0,0,0
2025-07-14 14:15,123,69,54,0,0,0
2025-07-14 14:30,138,70,68,0,0,0
2025-07-14 14:45,134,64,70,0,0,0
2025-07-14 15:00,152,91,61,0,0,0
2025-07-14 15:15,165,92,73,0,0,0
2025-07-14 15:30,142,69,73,0,0,0
2025-07-14 15:45,152,73,79,0,0,0
2025-07-14 16:00,192,88,104,0,0,0
2025-07-14 16:15,142,70,72,0,0,0
2025-07-14 16:30,175,72,103,0,0,0
2025-07-14 16:45,179,78,101,0,0,0
2025-07-14 17:00,213,87,126,0,0,0
2025-07-14 17:15,181,95,86,0,0,0
2025-07-14 17:30,206,98,108,0,0,0
2025-07-14 17:45,112,60,52,0,0,0
2025-07-14 18:00,182,101,81,0,0,0
2025-07-14 18:15,166,81,85,0,0,0
2025-07-14 18:30,123,62,61,0,0,0
2025-07-14 18:45,156,80,76,0,0,0
2025-07-14 19:00,116,69,47,0,0,0
2025-07-14 19:15,123,70,53,0,0,0
2025-07-14 19:30,125,72,53,0,0,0
2025-07-14 19:45,118,62,56,0,0,0
2025-07-14 20:00,96,58,38,0,0,0
2025-07-14 20:15,72,33,39,0,0,0
2025-07-14 20:30,58,27,31,0,0,0
2025-07-14 20:45,67,30,37,0,0,0
2025-07-14 21:00,96,54,42,0,0,0
2025-07-14 21:15,57,30,27,0,0,0
2025-07-14 21:30,50,24,26,0,0,0
2025-07-14 21:45,63,20,43,0,0,0
2025-07-14 22:00,69,18,51,0,0,0
2025-07-14 22:15,54,13,41,0,0,0
2025-07-14 22:30,38,15,23,0,0,0
2025-07-14 22:45,57,17,40,0,0,0
2025-07-14 23:00,41,11,30,0,0,0
2025-07-14 23:15,44,21,23,0,0,0
2025-07-14 23:30,27,7,20,0,0,0
2025-07-14 23:45,21,10,11,0,0,0
2025-07-15 00:00,12,7,5,0,0,0
2025-07-15 00:15,4,2,2,0,0,0
2025-07-15 00:30,5,0,5,0,0,0
2025-07-15 00:45,9,0,9,0,0,0
2025-07-15 01:00,9,7,2,0,0,0
2025-07-15 01:15,9,1,8,0,0,0
2025-07-15 01:30,4,1,3,0,0,0
2025-07-15 01:45,2,1,1,0,0,0
2025-07-15 02:00,1,0,1,0,0,0
2025-07-15 02:15,2,2,0,0,0,0
2025-07-15 02:30,5,1,4,0,0,0
2025-07-15 02:45,1,1,0,0,0,0
2025-07-15 03:00,0,0,0,0,0,0
2025-07-15 03:15,0,0,0,0,0,0
2025-07-15 03:30,2,1,1,0,0,0
2025-07-15 03:45,5,4,1,0,0,0
2025-07-15 04:00,1,1,0,0,0,0
2025-07-15 04:15,3,1,2,0,0,0
2025-07-15 04:30,5,2,3,0,0,0
2025-07-15 04:45,13,4,9,0,0,0
2025-07-15 05:00,6,2,4,0,0,0
2025-07-15 05:15,18,3,15,0,0,0
2025-07-15 05:30,23,9,14,0,0,0
2025-07-15 05:45,24,13,11,0,0,0
2025-07-15 06:00,19,7,12,0,0,0
2025-07-15 06:15,35,15,20,0,0,0
2025-07-15 06:30,50,19,31,0,0,0
2025-07-15 06:45,82,51,31,0,0,0
2025-07-15 07:00,74,36,38,0,0,0
2025-07-15 07:15,101,58,43,0,0,0
2025-07-15 07:30,101,41,60,0,0,0
2025-07-15 07:45,172,76,96,0,0,0
2025-07-15 08:00,134,51,83,0,0,0
2025-07-15 08:15,144,79,65,0,0,0
2025-07-15 08:30,134,79,55,0,0,0
2025-07-15 08:45,148,67,81,0,0,0
2025-07-15 09:00,117,56,61,0,0,0
2025-07-15 09:15,91,36,55,0,0,0
2025-07-15 09:30,96,34,62,0,0,0
2025-07-15 09:45,126,52,74,0,0,0
2025-07-15 10:00,94,39,55,0,0,0
2025-07-15 10:15,80,32,48,0,0,0
2025-07-15 10:30,105,48,57,0,0,0
2025-07-15 10:45,93,36,57,0,0,0
2025-07-15 11:00,89,41,48,0,0,0
2025-07-15 11:15,79,29,50,0,0,0
2025-07-15 11:30,98,45,53,0,0,0
2025-07-15 11:45,116,48,68,0,0,0
2025-07-15 12:00,119,53,66,0,0,0
2025-07-15 12:15,104,47,57,0,0,0
2025-07-15 12:30,126,53,73,0,0,0
2025-07-15 12:45,143,71,72,0,0,0
2025-07-15 13:00,101,44,57,0,0,0
2025-07-15 13:15,102,45,57,0,0,0
2025-07-15 13:30,134,60,74,0,0,0
2025-07-15 13:45,152,76,76,0,0,0
2025-07-15 14:00,134,64,70,0,0,0
2025-07-15 14:15,121,54,67,0,0,0
2025-07-15 14:30,105,57,48,0,0,0
2025-07-15 14:45,148,86,62,0,0,0
2025-07-15 15:00,112,55,57,0,0,0
2025-07-15 15:15,106,52,54,0,0,0
2025-07-15 15:30,128,45,83,0,0,0
2025-07-15 15:45,156,67,89,0,0,0
2025-07-15 16:00,163,83,80,0,0,0
2025-07-15 16:15,167,82,85,0,0,0
2025-07-15 16:30,154,72,82,0,0,0
2025-07-15 16:45,185,82,103,0,0,0
2025-07-15 17:00,202,98,104,0,0,0
2025-07-15 17:15,203,98,105,0,0,0
2025-07-15 17:30,174,76,98,0,0,0
2025-07-15 17:45,203,119,84,0,0,0
2025-07-15 18:00,176,104,72,0,0,0
2025-07-15 18:15,129,53,76,0,0,0
2025-07-15 18:30,146,62,84,0,0,0
2025-07-15 18:45,167,103,64,0,0,0
2025-07-15 19:00,126,57,69,0,0,0
2025-07-15 19:15,139,73,66,0,0,0
2025-07-15 19:30,89,41,48,0,0,0
2025-07-15 19:45,114,53,61,0,0,0
2025-07-15 20:00,108,64,44,0,0,0
2025-07-15 20:15,94,52,42,0,0,0
2025-07-15 20:30,95,39,56,0,0,0
2025-07-15 20:45,73,46,27,0,0,0
2025-07-15 21:00,78,38,40,0,0,0
2025-07-15 21:15,69,30,39,0,0,0
2025-07-15 21:30,70,35,35,0,0,0
2025-07-15 21:45,65,31,34,0,0,0
2025-07-15 22:00,76,28,48,0,0,0
2025-07-15 22:15,73,30,43,0,0,0
2025-07-15 22:30,44,14,30,0,0,0
2025-07-15 22:45,56,17,39,0,0,0
2025-07-15 23:00,31,7,24,0,0,0
2025-07-15 23:15,33,13,20,0,0,0
2025-07-15 23:30,31,7,24,0,0,0
2025-07-15 23:45,29,10,19,0,0,0
2025-07-16 00:00,21,8,13,0,0,0
2025-07-16 00:15,11,3,8,0,0,0
2025-07-16 00:30,24,9,15,0,0,0
2025-07-16 00:45,15,9,6,0,0,0
2025-07-16 01:00,9,3,6,0,0,0
2025-07-16 01:15,8,2,6,0,0,0
2025-07-16 01:30,6,3,3,0,0,0
2025-07-16 01:45,3,0,3,0,0,0
2025-07-16 02:00,10,3,7,0,0,0
2025-07-16 02:15,7,2,5,0,0,0
2025-07-16 02:30,4,2,2,0,0,0
2025-07-16 02:45,2,0,2,0,0,0
2025-07-16 03:00,1,1,0,0,0,0
2025-07-16 03:15,0,0,0,0,0,0
2025-07-16 03:30,3,1,2,0,0,0
2025-07-16 03:45,3,3,0,0,0,0
2025-07-16 04:00,3,3,0,0,0,0
2025-07-16 04:15,5,3,2,0,0,0
2025-07-16 04:30,7,3,4,0,0,0
2025-07-16 04:45,6,2,4,0,0,0
2025-07-16 05:00,2,1,1,0,0,0
2025-07-16 05:15,9,2,7,0,0,0
2025-07-16 05:30,20,5,15,0,0,0
2025-07-16 05:45,37,22,15,0,0,0
2025-07-16 06:00,23,10,13,0,0,0
2025-07-16 06:15,52,23,29,0,0,0
2025-07-16 06:30,40,18,22,0,0,0
2025-07-16 06:45,64,40,24,0,0,0
2025-07-16 07:00,87,34,53,0,0,0
2025-07-16 07:15,82,42,40,0,0,0
2025-07-16 07:30,113,63,50,0,0,0
2025-07-16 07:45,163,77,86,0,0,0
2025-07-16 08:00,125,62,63,0,0,0
2025-07-16 08:15,123,63,60,0,0,0
2025-07-16 08:30,114,56,58,0,0,0
2025-07-16 08:45,140,63,77,0,0,0
2025-07-16 09:00,109,48,61,0,0,0
2025-07-16 09:15,110,53,57,0,0,0
2025-07-16 09:30,82,31,51,0,0,0
2025-07-16 09:45,88,40,48,0,0,0
2025-07-16 10:00,83,42,41,0,0,0
2025-07-16 10:15,78,27,51,0,0,0
2025-07-16 10:30,91,40,51,0,0,0
2025-07-16 10:45,87,40,47,0,0,0
2025-07-16 11:00,81,34,47,0,0,0
2025-07-16 11:15,87,24,63,0,0,0
2025-07-16 11:30,83,35,48,0,0,0
2025-07-16 11:45,126,49,77,0,0,0
2025-07-16 12:00,131,56,75,0,0,0
2025-07-16 12:15,81,40,41,0,0,0
2025-07-16 12:30,80,32,48,0,0,0
2025-07-16 12:45,81,28,53,0,0,0
2025-07-16 13:00,68,22,46,0,0,0
2025-07-16 13:15,83,32,51,0,0,0
2025-07-16 13:30,100,34,66,0,0,0
2025-07-16 13:45,112,46,66,0,0,0
2025-07-16 14:00,102,50,52,0,0,0
2025-07-16 14:15,103,47,56,0,0,0
2025-07-16 14:30,102,48,54,0,0,0
2025-07-16 14:45,102,52,50,0,0,0
2025-07-16 15:00,85,29,56,0,0,0
2025-07-16 15:15,80,26,54,0,0,0
2025-07-16 15:30,103,50,53,0,0,0
2025-07-16 15:45,141,66,75,0,0,0
2025-07-16 16:00,157,72,85,0,0,0
2025-07-16 16:15,144,68,76,0,0,0
2025-07-16 16:30,132,64,68,0,0,0
2025-07-16 16:45,140,61,79,0,0,0
2025-07-16 17:00,145,66,79,0,0,0
2025-07-16 17:15,161,69,92,0,0,0
2025-07-16 17:30,164,71,93,0,0,0
2025-07-16 17:45,158,82,76,0,0,0
2025-07-16 18:00,140,58,82,0,0,0
2025-07-16 18:15,130,59,71,0,0,0
2025-07-16 18:30,115,55,60,0,0,0
2025-07-16 18:45,129,79,50,0,0,0
2025-07-16 19:00,108,53,55,0,0,0
2025-07-16 19:15,114,55,59,0,0,0
2025-07-16 19:30,98,44,54,0,0,0
2025-07-16 19:45,84,57,27,0,0,0
2025-07-16 20:00,88,53,35,0,0,0
2025-07-16 20:15,88,46,42,0,0,0
2025-07-16 20:30,63,27,36,0,0,0
2025-07-16 20:45,60,30,30,0,0,0
2025-07-16 21:00,52,31,21,0,0,0
2025-07-16 21:15,78,36,42,0,0,0
2025-07-16 21:30,60,34,26,0,0,0
2025-07-16 21:45,45,20,25,0,0,0
2025-07-16 22:00,53,24,29,0,0,0
2025-07-16 22:15,51,19,32,0,0,0
2025-07-16 22:30,62,27,35,0,0,0
2025-07-16 22:45,46,28,18,0,0,0
2025-07-16 23:00,38,23,15,0,0,0
2025-07-16 23:15,43,27,16,0,0,0
2025-07-16 23:30,29,15,14,0,0,0
2025-07-16 23:45,33,10,23,0,0,0
2025-07-17 00:00,24,4,20,0,0,0
2025-07-17 00:15,12,3,9,0,0,0
2025-07-17 00:30,13,4,9,0,0,0
2025-07-17 00:45,13,3,10,0,0,0
2025-07-17 01:00,11,1,10,0,0,0
2025-07-17 01:15,5,4,1,0,0,0
2025-07-17 01:30,13,6,7,0,0,0
2025-07-17 01:45,5,0,5,0,0,0
2025-07-17 02:00,4,0,4,0,0,0
2025-07-17 02:15,6,2,4,0,0,0
2025-07-17 02:30,4,1,3,0,0,0
2025-07-17 02:45,2,2,0,0,0,0
2025-07-17 03:00,1,0,1,0,0,0
2025-07-17 03:15,0,0,0,0,0,0
2025-07-17 03:30,2,1,1,0,0,0
2025-07-17 03:45,3,3,0,0,0,0
2025-07-17 04:00,4,4,0,0,0,0
2025-07-17 04:15,4,1,3,0,0,0
2025-07-17 04:30,4,1,3,0,0,0
2025-07-17 04:45,11,3,8,0,0,0
2025-07-17 05:00,0,0,0,0,0,0
2025-07-17 05:15,15,6,9,0,0,0
2025-07-17 05:30,22,5,17,0,0,0
2025-07-17 05:45,30,12,18,0,0,0
2025-07-17 06:00,25,11,14,0,0,0
2025-07-17 06:15,40,20,20,0,0,0
2025-07-17 06:30,46,22,24,0,0,0
2025-07-17 06:45,62,33,29,0,0,0
2025-07-17 07:00,75,45,30,0,0,0
2025-07-17 07:15,90,51,39,0,0,0
2025-07-17 07:30,129,65,64,0,0,0
2025-07-17 07:45,179,89,90,0,0,0
2025-07-17 08:00,175,102,73,0,0,0
2025-07-17 08:15,171,106,65,0,0,0
2025-07-17 08:30,148,68,80,0,0,0
2025-07-17 08:45,152,72,80,0,0,0
2025-07-17 09:00,94,41,53,0,0,0
2025-07-17 09:15,81,26,55,0,0,0
2025-07-17 09:30,88,35,53,0,0,0
2025-07-17 09:45,123,49,74,0,0,0
2025-07-17 10:00,102,39,63,0,0,0
2025-07-17 10:15,80,36,44,0,0,0
2025-07-17 10:30,86,44,42,0,0,0
2025-07-17 10:45,95,38,57,0,0,0
2025-07-17 11:00,93,41,52,0,0,0
2025-07-17 11:15,101,55,46,0,0,0
2025-07-17 11:30,94,30,64,0,0,0
2025-07-17 11:45,131,61,70,0,0,0
2025-07-17 12:00,110,38,72,0,0,0
2025-07-17 12:15,108,54,54,0,0,0
2025-07-17 12:30,101,46,55,0,0,0
2025-07-17 12:45,160,66,94,0,0,0
2025-07-17 13:00,138,57,81,0,0,0
2025-07-17 13:15,144,46,98,0,0,0
2025-07-17 13:30,120,56,64,0,0,0
2025-07-17 13:45,117,48,69,0,0,0
2025-07-17 14:00,128,59,69,0,0,0
2025-07-17 14:15,135,66,69,0,0,0
2025-07-17 14:30,145,86,59,0,0,0
2025-07-17 14:45,141,73,68,0,0,0
2025-07-17 15:00,149,85,64,0,0,0
2025-07-17 15:15,138,59,79,0,0,0
2025-07-17 15:30,163,81,82,0,0,0
2025-07-17 15:45,165,73,92,0,0,0
2025-07-17 16:00,152,85,67,0,0,0
2025-07-17 16:15,151,70,81,0,0,0
2025-07-17 16:30,181,90,91,0,0,0
2025-07-17 16:45,168,81,87,0,0,0
2025-07-17 17:00,187,91,96,0,0,0
2025-07-17 17:15,162,60,102,0,0,0
2025-07-17 17:30,199,97,102,0,0,0
2025-07-17 17:45,206,112,94,0,0,0
2025-07-17 18:00,181,91,90,0,0,0
2025-07-17 18:15,151,83,68,0,0,0
2025-07-17 18:30,141,82,59,0,0,0
2025-07-17 18:45,133,75,58,0,0,0
2025-07-17 19:00,119,66,53,0,0,0
2025-07-17 19:15,142,74,68,0,0,0
2025-07-17 19:30,80,42,38,0,0,0
2025-07-17 19:45,135,81,54,0,0,0
2025-07-17 20:00,117,72,45,0,0,0
2025-07-17 20:15,90,43,47,0,0,0
2025-07-17 20:30,102,52,50,0,0,0
2025-07-17 20:45,76,40,36,0,0,0
2025-07-17 21:00,92,48,44,0,0,0
2025-07-17 21:15,68,37,31,0,0,0
2025-07-17 21:30,83,39,44,0,0,0
2025-07-17 21:45,55,29,26,0,0,0
2025-07-17 22:00,94,22,72,0,0,0
2025-07-17 22:15,62,23,39,0,0,0
2025-07-17 22:30,40,11,29,0,0,0
2025-07-17 22:45,56,22,34,0,0,0
2025-07-17 23:00,33,9,24,0,0,0
2025-07-17 23:15,36,11,25,0,0,0
2025-07-17 23:30,44,12,32,0,0,0
2025-07-17 23:45,26,6,20,0,0,0
2025-07-18 00:00,26,11,15,0,0,0
2025-07-18 00:15,17,7,10,0,0,0
2025-07-18 00:30,18,4,14,0,0,0
2025-07-18 00:45,18,5,13,0,0,0
2025-07-18 01:00,8,3,5,0,0,0
2025-07-18 01:15,17,5,12,0,0,0
2025-07-18 01:30,9,3,6,0,0,0
2025-07-18 01:45,18,10,8,0,0,0
2025-07-18 02:00,3,2,1,0,0,0
2025-07-18 02:15,1,1,0,0,0,0
2025-07-18 02:30,1,0,1,0,0,0
2025-07-18 02:45,3,3,0,0,0,0
2025-07-18 03:00,5,3,2,0,0,0
2025-07-18 03:15,2,0,2,0,0,0
2025-07-18 03:30,1,0,1,0,0,0
2025-07-18 03:45,1,0,1,0,0,0
2025-07-18 04:00,9,7,2,0,0,0
2025-07-18 04:15,5,1,4,0,0,0
2025-07-18 04:30,4,1,3,0,0,0
2025-07-18 04:45,5,0,5,0,0,0
2025-07-18 05:00,6,6,0,0,0,0
2025-07-18 05:15,12,3,9,0,0,0
2025-07-18 05:30,20,7,13,0,0,0
2025-07-18 05:45,30,11,19,0,0,0
2025-07-18 06:00,26,8,18,0,0,0
2025-07-18 06:15,39,20,19,0,0,0
2025-07-18 06:30,40,18,22,0,0,0
2025-07-18 06:45,77,44,33,0,0,0
2025-07-18 07:00,51,26,25,0,0,0
2025-07-18 07:15,73,37,36,0,0,0
2025-07-18 07:30,102,49,53,0,0,0
2025-07-18 07:45,163,72,91,0,0,0
2025-07-18 08:00,113,58,55,0,0,0
2025-07-18 08:15,131,60,71,0,0,0
2025-07-18 08:30,104,53,51,0,0,0
2025-07-18 08:45,124,52,72,0,0,0
2025-07-18 09:00,96,37,59,0,0,0
2025-07-18 09:15,67,38,29,0,0,0
2025-07-18 09:30,80,36,44,0,0,0
2025-07-18 09:45,106,39,67,0,0,0
2025-07-18 10:00,92,35,57,0,0,0
2025-07-18 10:15,84,37,47,0,0,0
2025-07-18 10:30,85,29,56,0,0,0
2025-07-18 10:45,106,37,69,0,0,0
2025-07-18 11:00,84,42,42,0,0,0
2025-07-18 11:15,104,40,64,0,0,0
2025-07-18 11:30,99,48,51,0,0,0
2025-07-18 11:45,126,52,74,0,0,0
2025-07-18 12:00,115,47,68,0,0,0
2025-07-18 12:15,133,50,83,0,0,0
2025-07-18 12:30,112,47,65,0,0,0
2025-07-18 12:45,122,54,68,0,0,0
2025-07-18 13:00,128,62,66,0,0,0
2025-07-18 13:15,127,55,72,0,0,0
2025-07-18 13:30,146,72,74,0,0,0
2025-07-18 13:45,119,45,74,0,0,0
2025-07-18 14:00,97,45,52,0,0,0
2025-07-18 14:15,137,63,74,0,0,0
2025-07-18 14:30,134,57,77,0,0,0
2025-07-18 14:45,110,51,59,0,0,0
2025-07-18 15:00,130,63,67,0,0,0
2025-07-18 15:15,137,67,70,0,0,0
2025-07-18 15:30,149,81,68,0,0,0
2025-07-18 15:45,173,80,93,0,0,0
2025-07-18 16:00,141,69,72,0,0,0
2025-07-18 16:15,121,62,59,0,0,0
2025-07-18 16:30,138,69,69,0,0,0
2025-07-18 16:45,131,62,69,0,0,0
2025-07-18 17:00,150,82,68,0,0,0
2025-07-18 17:15,142,73,69,0,0,0
2025-07-18 17:30,136,72,64,0,0,0
2025-07-18 17:45,153,87,66,0,0,0
2025-07-18 18:00,124,65,59,0,0,0
2025-07-18 18:15,127,69,58,0,0,0
2025-07-18 18:30,132,78,54,0,0,0
2025-07-18 18:45,141,85,56,0,0,0
2025-07-18 19:00,126,77,49,0,0,0
2025-07-18 19:15,119,55,64,0,0,0
2025-07-18 19:30,117,75,42,0,0,0
2025-07-18 19:45,137,74,63,0,0,0
2025-07-18 20:00,115,71,44,0,0,0
2025-07-18 20:15,111,57,54,0,0,0
2025-07-18 20:30,86,44,42,0,0,0
2025-07-18 20:45,95,39,56,0,0,0
2025-07-18 21:00,80,34,46,0,0,0
2025-07-18 21:15,88,44,44,0,0,0
2025-07-18 21:30,71,32,39,0,0,0
2025-07-18 21:45,71,32,39,0,0,0
2025-07-18 22:00,96,36,60,0,0,0
2025-07-18 22:15,102,32,70,0,0,0
2025-07-18 22:30,99,38,61,0,0,0
2025-07-18 22:45,86,40,46,0,0,0
2025-07-18 23:00,75,41,34,0,0,0
2025-07-18 23:15,67,36,31,0,0,0
2025-07-18 23:30,72,39,33,0,0,0
2025-07-18 23:45,65,41,24,0,0,0
2025-07-19 00:00,46,30,16,0,0,0
2025-07-19 00:15,39,22,17,0,0,0
2025-07-19 00:30,54,28,26,0,0,0
2025-07-19 00:45,57,23,34,0,0,0
2025-07-19 01:00,51,24,27,0,0,0
2025-07-19 01:15,35,14,21,0,0,0
2025-07-19 01:30,36,7,29,0,0,0
2025-07-19 01:45,28,10,18,0,0,0
2025-07-19 02:00,23,3,20,0,0,0
2025-07-19 02:15,21,2,19,0,0,0
2025-07-19 02:30,42,6,36,0,0,0
2025-07-19 02:45,27,7,20,0,0,0
2025-07-19 03:00,27,6,21,0,0,0
2025-07-19 03:15,29,9,20,0,0,0
2025-07-19 03:30,19,1,18,0,0,0
2025-07-19 03:45,15,1,14,0,0,0
2025-07-19 04:00,27,5,22,0,0,0
2025-07-19 04:15,13,3,10,0,0,0
2025-07-19 04:30,13,1,12,0,0,0
2025-07-19 04:45,9,3,6,0,0,0
2025-07-19 05:00,1,0,1,0,0,0
2025-07-19 05:15,14,5,9,0,0,0
2025-07-19 05:30,11,2,9,0,0,0
2025-07-19 05:45,13,4,9,0,0,0
2025-07-19 06:00,11,4,7,0,0,0
2025-07-19 06:15,13,7,6,0,0,0
2025-07-19 06:30,8,2,6,0,0,0
2025-07-19 06:45,8,4,4,0,0,0
2025-07-19 07:00,14,7,7,0,0,0
2025-07-19 07:15,10,3,7,0,0,0
2025-07-19 07:30,15,3,12,0,0,0
2025-07-19 07:45,46,2,44,0,0,0
2025-07-19 08:00,42,8,34,0,0,0
2025-07-19 08:15,27,6,21,0,0,0
2025-07-19 08:30,33,5,28,0,0,0
2025-07-19 08:45,36,13,23,0,0,0
2025-07-19 09:00,37,14,23,0,0,0
2025-07-19 09:15,44,17,27,0,0,0
2025-07-19 09:30,50,19,31,0,0,0
2025-07-19 09:45,72,20,52,0,0,0
2025-07-19 10:00,55,15,40,0,0,0
2025-07-19 10:15,65,22,43,0,0,0
2025-07-19 10:30,76,40,36,0,0,0
2025-07-19 10:45,50,17,33,0,0,0
2025-07-19 11:00,63,25,38,0,0,0
2025-07-19 11:15,69,35,34,0,0,0
2025-07-19 11:30,34,13,21,0,0,0
2025-07-19 11:45,4,4,0,0,0,0
2025-07-19 12:00,9,9,0,0,0,0
2025-07-19 12:15,2,1,1,0,0,0
2025-07-19 12:30,2,2,0,0,0,0
2025-07-19 12:45,3,3,0,0,0,0
2025-07-19 13:00,2,1,1,0,0,0
2025-07-19 13:15,3,1,2,0,0,0
2025-07-19 13:30,4,3,1,0,0,0
2025-07-19 13:45,2,0,2,0,0,0
2025-07-19 14:00,4,3,1,0,0,0
2025-07-19 14:15,1,1,0,0,0,0
2025-07-19 14:30,5,1,4,0,0,0
2025-07-19 14:45,1,1,0,0,0,0
2025-07-19 15:00,0,0,0,0,0,0
2025-07-19 15:15,1,0,1,0,0,0
2025-07-19 15:30,0,0,0,0,0,0
2025-07-19 15:45,2,0,2,0,0,0
2025-07-19 16:00,3,1,2,0,0,0
2025-07-19 16:15,0,0,0,0,0,0
2025-07-19 16:30,2,2,0,0,0,0
2025-07-19 16:45,0,0,0,0,0,0
2025-07-19 17:00,1,0,1,0,0,0
2025-07-19 17:15,0,0,0,0,0,0
2025-07-19 17:30,5,2,3,0,0,0
2025-07-19 17:45,10,5,5,0,0,0
2025-07-19 18:00,47,32,15,0,0,0
2025-07-19 18:15,98,63,35,0,0,0
2025-07-19 18:30,125,70,55,0,0,0
2025-07-19 18:45,148,74,74,0,0,0
2025-07-19 19:00,101,43,58,0,0,0
2025-07-19 19:15,112,60,52,0,0,0
2025-07-19 19:30,115,52,63,0,0,0
2025-07-19 19:45,98,44,54,0,0,0
2025-07-19 20:00,112,55,57,0,0,0
2025-07-19 20:15,64,23,41,0,0,0
2025-07-19 20:30,103,44,59,0,0,0
2025-07-19 20:45,105,43,62,0,0,0
2025-07-19 21:00,92,39,53,0,0,0
2025-07-19 21:15,72,28,44,0,0,0
2025-07-19 21:30,63,24,39,0,0,0
2025-07-19 21:45,83,29,54,0,0,0
2025-07-19 22:00,55,22,33,0,0,0
2025-07-19 22:15,83,16,67,0,0,0
2025-07-19 22:30,72,24,48,0,0,0
2025-07-19 22:45,72,38,34,0,0,0
2025-07-19 23:00,77,35,42,0,0,0
2025-07-19 23:15,68,19,49,0,0,0
2025-07-19 23:30,66,26,40,0,0,0
2025-07-19 23:45,53,19,34,0,0,0
2025-07-20 00:00,45,19,26,0,0,0
2025-07-20 00:15,42,20,22,0,0,0
2025-07-20 00:30,45,14,31,0,0,0
2025-07-20 00:45,40,10,30,0,0,0
2025-07-20 01:00,24,7,17,0,0,0
2025-07-20 01:15,46,8,38,0,0,0
2025-07-20 01:30,31,9,22,0,0,0
2025-07-20 01:45,19,7,12,0,0,0
2025-07-20 02:00,30,4,26,0,0,0
2025-07-20 02:15,24,9,15,0,0,0
2025-07-20 02:30,26,12,14,0,0,0
2025-07-20 02:45,21,7,14,0,0,0
2025-07-20 03:00,11,3,8,0,0,0
2025-07-20 03:15,12,1,11,0,0,0
2025-07-20 03:30,15,4,11,0,0,0
2025-07-20 03:45,9,2,7,0,0,0
2025-07-20 04:00,9,4,5,0,0,0
2025-07-20 04:15,10,1,9,0,0,0
2025-07-20 04:30,14,4,10,0,0,0
2025-07-20 04:45,9,2,7,0,0,0
