Datetime,100034978 (Gartenstraße),101034978 (Gartenstraße einwärts),102034978 (Gartenstraße auswärts),100034978-status,101034978-status,102034978-status
2022-11-01 00:00,6,3,3,0,0,0
2022-11-01 00:15,5,2,3,0,0,0
2022-11-01 00:30,5,2,3,0,0,0
2022-11-01 00:45,10,7,3,0,0,0
2022-11-01 01:00,7,4,3,0,0,0
2022-11-01 01:15,12,8,4,0,0,0
2022-11-01 01:30,16,10,6,0,0,0
2022-11-01 01:45,16,9,7,0,0,0
2022-11-01 02:00,17,6,11,0,0,0
2022-11-01 02:15,9,3,6,0,0,0
2022-11-01 02:30,11,3,8,0,0,0
2022-11-01 02:45,7,1,6,0,0,0
2022-11-01 03:00,15,7,8,0,0,0
2022-11-01 03:15,3,1,2,0,0,0
2022-11-01 03:30,12,4,8,0,0,0
2022-11-01 03:45,4,1,3,0,0,0
2022-11-01 04:00,12,2,10,0,0,0
2022-11-01 04:15,7,1,6,0,0,0
2022-11-01 04:30,4,2,2,0,0,0
2022-11-01 04:45,3,3,0,0,0,0
2022-11-01 05:00,1,0,1,0,0,0
2022-11-01 05:15,9,2,7,0,0,0
2022-11-01 05:30,8,2,6,0,0,0
2022-11-01 05:45,3,2,1,0,0,0
2022-11-01 06:00,3,3,0,0,0,0
2022-11-01 06:15,3,0,3,0,0,0
2022-11-01 06:30,2,2,0,0,0,0
2022-11-01 06:45,3,2,1,0,0,0
2022-11-01 07:00,1,1,0,0,0,0
2022-11-01 07:15,1,0,1,0,0,0
2022-11-01 07:30,10,8,2,0,0,0
2022-11-01 07:45,8,7,1,0,0,0
2022-11-01 08:00,4,3,1,0,0,0
2022-11-01 08:15,5,4,1,0,0,0
2022-11-01 08:30,10,8,2,0,0,0
2022-11-01 08:45,17,9,8,0,0,0
2022-11-01 09:00,9,7,2,0,0,0
2022-11-01 09:15,13,7,6,0,0,0
2022-11-01 09:30,12,8,4,0,0,0
2022-11-01 09:45,25,17,8,0,0,0
2022-11-01 10:00,17,10,7,0,0,0
2022-11-01 10:15,17,11,6,0,0,0
2022-11-01 10:30,29,19,10,0,0,0
2022-11-01 10:45,19,11,8,0,0,0
2022-11-01 11:00,19,12,7,0,0,0
2022-11-01 11:15,24,12,12,0,0,0
2022-11-01 11:30,36,21,15,0,0,0
2022-11-01 11:45,31,11,20,0,0,0
2022-11-01 12:00,27,11,16,0,0,0
2022-11-01 12:15,33,22,11,0,0,0
2022-11-01 12:30,29,15,14,0,0,0
2022-11-01 12:45,24,12,12,0,0,0
2022-11-01 13:00,29,12,17,0,0,0
2022-11-01 13:15,43,22,21,0,0,0
2022-11-01 13:30,29,18,11,0,0,0
2022-11-01 13:45,36,20,16,0,0,0
2022-11-01 14:00,44,24,20,0,0,0
2022-11-01 14:15,52,34,18,0,0,0
2022-11-01 14:30,28,20,8,0,0,0
2022-11-01 14:45,46,22,24,0,0,0
2022-11-01 15:00,46,24,22,0,0,0
2022-11-01 15:15,47,27,20,0,0,0
2022-11-01 15:30,44,21,23,0,0,0
2022-11-01 15:45,44,21,23,0,0,0
2022-11-01 16:00,40,21,19,0,0,0
2022-11-01 16:15,33,23,10,0,0,0
2022-11-01 16:30,46,26,20,0,0,0
2022-11-01 16:45,48,30,18,0,0,0
2022-11-01 17:00,39,22,17,0,0,0
2022-11-01 17:15,34,16,18,0,0,0
2022-11-01 17:30,34,23,11,0,0,0
2022-11-01 17:45,23,16,7,0,0,0
2022-11-01 18:00,34,18,16,0,0,0
2022-11-01 18:15,23,13,10,0,0,0
2022-11-01 18:30,22,9,13,0,0,0
2022-11-01 18:45,20,9,11,0,0,0
2022-11-01 19:00,22,7,15,0,0,0
2022-11-01 19:15,10,7,3,0,0,0
2022-11-01 19:30,19,2,17,0,0,0
2022-11-01 19:45,20,7,13,0,0,0
2022-11-01 20:00,10,2,8,0,0,0
2022-11-01 20:15,13,2,11,0,0,0
2022-11-01 20:30,6,3,3,0,0,0
2022-11-01 20:45,10,6,4,0,0,0
2022-11-01 21:00,13,3,10,0,0,0
2022-11-01 21:15,14,3,11,0,0,0
2022-11-01 21:30,8,5,3,0,0,0
2022-11-01 21:45,13,1,12,0,0,0
2022-11-01 22:00,11,8,3,0,0,0
2022-11-01 22:15,9,5,4,0,0,0
2022-11-01 22:30,3,0,3,0,0,0
2022-11-01 22:45,5,0,5,0,0,0
2022-11-01 23:00,5,2,3,0,0,0
2022-11-01 23:15,4,1,3,0,0,0
2022-11-01 23:30,5,2,3,0,0,0
2022-11-01 23:45,3,0,3,0,0,0
2022-11-02 00:00,4,0,4,0,0,0
2022-11-02 00:15,1,1,0,0,0,0
2022-11-02 00:30,4,1,3,0,0,0
2022-11-02 00:45,0,0,0,0,0,0
2022-11-02 01:00,0,0,0,0,0,0
2022-11-02 01:15,2,0,2,0,0,0
2022-11-02 01:30,0,0,0,0,0,0
2022-11-02 01:45,1,0,1,0,0,0
2022-11-02 02:00,1,0,1,0,0,0
2022-11-02 02:15,0,0,0,0,0,0
2022-11-02 02:30,1,0,1,0,0,0
2022-11-02 02:45,0,0,0,0,0,0
2022-11-02 03:00,1,0,1,0,0,0
2022-11-02 03:15,0,0,0,0,0,0
2022-11-02 03:30,0,0,0,0,0,0
2022-11-02 03:45,0,0,0,0,0,0
2022-11-02 04:00,1,0,1,0,0,0
2022-11-02 04:15,3,3,0,0,0,0
2022-11-02 04:30,3,2,1,0,0,0
2022-11-02 04:45,3,2,1,0,0,0
2022-11-02 05:00,2,2,0,0,0,0
2022-11-02 05:15,5,3,2,0,0,0
2022-11-02 05:30,9,6,3,0,0,0
2022-11-02 05:45,17,8,9,0,0,0
2022-11-02 06:00,10,5,5,0,0,0
2022-11-02 06:15,34,16,18,0,0,0
2022-11-02 06:30,34,17,17,0,0,0
2022-11-02 06:45,34,17,17,0,0,0
2022-11-02 07:00,57,36,21,0,0,0
2022-11-02 07:15,118,86,32,0,0,0
2022-11-02 07:30,158,127,31,0,0,0
2022-11-02 07:45,115,82,33,0,0,0
2022-11-02 08:00,98,65,33,0,0,0
2022-11-02 08:15,63,38,25,0,0,0
2022-11-02 08:30,69,50,19,0,0,0
2022-11-02 08:45,71,43,28,0,0,0
2022-11-02 09:00,47,29,18,0,0,0
2022-11-02 09:15,37,27,10,0,0,0
2022-11-02 09:30,58,39,19,0,0,0
2022-11-02 09:45,71,57,14,0,0,0
2022-11-02 10:00,62,43,19,0,0,0
2022-11-02 10:15,55,39,16,0,0,0
2022-11-02 10:30,42,27,15,0,0,0
2022-11-02 10:45,59,45,14,0,0,0
2022-11-02 11:00,39,24,15,0,0,0
2022-11-02 11:15,56,29,27,0,0,0
2022-11-02 11:30,63,36,27,0,0,0
2022-11-02 11:45,65,41,24,0,0,0
2022-11-02 12:00,63,34,29,0,0,0
2022-11-02 12:15,55,24,31,0,0,0
2022-11-02 12:30,65,34,31,0,0,0
2022-11-02 12:45,52,24,28,0,0,0
2022-11-02 13:00,78,33,45,0,0,0
2022-11-02 13:15,84,38,46,0,0,0
2022-11-02 13:30,71,37,34,0,0,0
2022-11-02 13:45,77,36,41,0,0,0
2022-11-02 14:00,76,33,43,0,0,0
2022-11-02 14:15,58,27,31,0,0,0
2022-11-02 14:30,53,36,17,0,0,0
2022-11-02 14:45,89,50,39,0,0,0
2022-11-02 15:00,67,25,42,0,0,0
2022-11-02 15:15,74,38,36,0,0,0
2022-11-02 15:30,69,33,36,0,0,0
2022-11-02 15:45,103,60,43,0,0,0
2022-11-02 16:00,101,58,43,0,0,0
2022-11-02 16:15,106,63,43,0,0,0
2022-11-02 16:30,103,57,46,0,0,0
2022-11-02 16:45,85,49,36,0,0,0
2022-11-02 17:00,88,47,41,0,0,0
2022-11-02 17:15,82,35,47,0,0,0
2022-11-02 17:30,91,51,40,0,0,0
2022-11-02 17:45,84,54,30,0,0,0
2022-11-02 18:00,85,32,53,0,0,0
2022-11-02 18:15,64,36,28,0,0,0
2022-11-02 18:30,50,22,28,0,0,0
2022-11-02 18:45,51,24,27,0,0,0
2022-11-02 19:00,40,27,13,0,0,0
2022-11-02 19:15,37,22,15,0,0,0
2022-11-02 19:30,35,13,22,0,0,0
2022-11-02 19:45,45,20,25,0,0,0
2022-11-02 20:00,27,8,19,0,0,0
2022-11-02 20:15,27,14,13,0,0,0
2022-11-02 20:30,19,11,8,0,0,0
2022-11-02 20:45,17,5,12,0,0,0
2022-11-02 21:00,18,8,10,0,0,0
2022-11-02 21:15,24,7,17,0,0,0
2022-11-02 21:30,21,8,13,0,0,0
2022-11-02 21:45,15,6,9,0,0,0
2022-11-02 22:00,15,6,9,0,0,0
2022-11-02 22:15,13,2,11,0,0,0
2022-11-02 22:30,14,5,9,0,0,0
2022-11-02 22:45,6,0,6,0,0,0
2022-11-02 23:00,8,3,5,0,0,0
2022-11-02 23:15,7,2,5,0,0,0
2022-11-02 23:30,3,0,3,0,0,0
2022-11-02 23:45,10,2,8,0,0,0
2022-11-03 00:00,7,1,6,0,0,0
2022-11-03 00:15,5,1,4,0,0,0
2022-11-03 00:30,2,0,2,0,0,0
2022-11-03 00:45,3,0,3,0,0,0
2022-11-03 01:00,1,1,0,0,0,0
2022-11-03 01:15,0,0,0,0,0,0
2022-11-03 01:30,0,0,0,0,0,0
2022-11-03 01:45,2,1,1,0,0,0
2022-11-03 02:00,3,0,3,0,0,0
2022-11-03 02:15,1,0,1,0,0,0
2022-11-03 02:30,1,0,1,0,0,0
2022-11-03 02:45,0,0,0,0,0,0
2022-11-03 03:00,1,0,1,0,0,0
2022-11-03 03:15,3,2,1,0,0,0
2022-11-03 03:30,1,0,1,0,0,0
2022-11-03 03:45,0,0,0,0,0,0
2022-11-03 04:00,2,1,1,0,0,0
2022-11-03 04:15,3,2,1,0,0,0
2022-11-03 04:30,2,2,0,0,0,0
2022-11-03 04:45,3,3,0,0,0,0
2022-11-03 05:00,2,1,1,0,0,0
2022-11-03 05:15,4,3,1,0,0,0
2022-11-03 05:30,7,3,4,0,0,0
2022-11-03 05:45,15,9,6,0,0,0
2022-11-03 06:00,13,6,7,0,0,0
2022-11-03 06:15,33,13,20,0,0,0
2022-11-03 06:30,37,20,17,0,0,0
2022-11-03 06:45,30,13,17,0,0,0
2022-11-03 07:00,57,34,23,0,0,0
2022-11-03 07:15,107,75,32,0,0,0
2022-11-03 07:30,171,142,29,0,0,0
2022-11-03 07:45,117,81,36,0,0,0
2022-11-03 08:00,85,50,35,0,0,0
2022-11-03 08:15,79,52,27,0,0,0
2022-11-03 08:30,63,38,25,0,0,0
2022-11-03 08:45,61,47,14,0,0,0
2022-11-03 09:00,43,24,19,0,0,0
2022-11-03 09:15,40,21,19,0,0,0
2022-11-03 09:30,38,26,12,0,0,0
2022-11-03 09:45,48,34,14,0,0,0
2022-11-03 10:00,46,30,16,0,0,0
2022-11-03 10:15,40,27,13,0,0,0
2022-11-03 10:30,58,39,19,0,0,0
2022-11-03 10:45,41,31,10,0,0,0
2022-11-03 11:00,56,35,21,0,0,0
2022-11-03 11:15,43,20,23,0,0,0
2022-11-03 11:30,45,22,23,0,0,0
2022-11-03 11:45,50,29,21,0,0,0
2022-11-03 12:00,49,27,22,0,0,0
2022-11-03 12:15,53,26,27,0,0,0
2022-11-03 12:30,71,30,41,0,0,0
2022-11-03 12:45,55,29,26,0,0,0
2022-11-03 13:00,96,39,57,0,0,0
2022-11-03 13:15,73,31,42,0,0,0
2022-11-03 13:30,47,23,24,0,0,0
2022-11-03 13:45,74,45,29,0,0,0
2022-11-03 14:00,61,26,35,0,0,0
2022-11-03 14:15,66,32,34,0,0,0
2022-11-03 14:30,51,36,15,0,0,0
2022-11-03 14:45,67,34,33,0,0,0
2022-11-03 15:00,71,39,32,0,0,0
2022-11-03 15:15,77,46,31,0,0,0
2022-11-03 15:30,77,40,37,0,0,0
2022-11-03 15:45,106,77,29,0,0,0
2022-11-03 16:00,104,67,37,0,0,0
2022-11-03 16:15,93,64,29,0,0,0
2022-11-03 16:30,84,58,26,0,0,0
2022-11-03 16:45,84,51,33,0,0,0
2022-11-03 17:00,71,39,32,0,0,0
2022-11-03 17:15,91,41,50,0,0,0
2022-11-03 17:30,57,30,27,0,0,0
2022-11-03 17:45,54,27,27,0,0,0
2022-11-03 18:00,59,31,28,0,0,0
2022-11-03 18:15,49,28,21,0,0,0
2022-11-03 18:30,38,15,23,0,0,0
2022-11-03 18:45,50,28,22,0,0,0
2022-11-03 19:00,50,19,31,0,0,0
2022-11-03 19:15,27,11,16,0,0,0
2022-11-03 19:30,17,9,8,0,0,0
2022-11-03 19:45,41,20,21,0,0,0
2022-11-03 20:00,19,11,8,0,0,0
2022-11-03 20:15,20,9,11,0,0,0
2022-11-03 20:30,11,2,9,0,0,0
2022-11-03 20:45,22,9,13,0,0,0
2022-11-03 21:00,16,9,7,0,0,0
2022-11-03 21:15,16,8,8,0,0,0
2022-11-03 21:30,16,4,12,0,0,0
2022-11-03 21:45,14,4,10,0,0,0
2022-11-03 22:00,9,3,6,0,0,0
2022-11-03 22:15,22,3,19,0,0,0
2022-11-03 22:30,10,5,5,0,0,0
2022-11-03 22:45,9,4,5,0,0,0
2022-11-03 23:00,7,3,4,0,0,0
2022-11-03 23:15,6,2,4,0,0,0
2022-11-03 23:30,4,0,4,0,0,0
2022-11-03 23:45,1,0,1,0,0,0
2022-11-04 00:00,2,1,1,0,0,0
2022-11-04 00:15,5,0,5,0,0,0
2022-11-04 00:30,2,0,2,0,0,0
2022-11-04 00:45,0,0,0,0,0,0
2022-11-04 01:00,0,0,0,0,0,0
2022-11-04 01:15,1,0,1,0,0,0
2022-11-04 01:30,1,0,1,0,0,0
2022-11-04 01:45,0,0,0,0,0,0
2022-11-04 02:00,1,1,0,0,0,0
2022-11-04 02:15,2,0,2,0,0,0
2022-11-04 02:30,1,0,1,0,0,0
2022-11-04 02:45,1,0,1,0,0,0
2022-11-04 03:00,0,0,0,0,0,0
2022-11-04 03:15,0,0,0,0,0,0
2022-11-04 03:30,0,0,0,0,0,0
2022-11-04 03:45,0,0,0,0,0,0
2022-11-04 04:00,2,1,1,0,0,0
2022-11-04 04:15,2,2,0,0,0,0
2022-11-04 04:30,3,2,1,0,0,0
2022-11-04 04:45,4,3,1,0,0,0
2022-11-04 05:00,6,3,3,0,0,0
2022-11-04 05:15,3,1,2,0,0,0
2022-11-04 05:30,7,4,3,0,0,0
2022-11-04 05:45,17,6,11,0,0,0
2022-11-04 06:00,16,12,4,0,0,0
2022-11-04 06:15,17,6,11,0,0,0
2022-11-04 06:30,27,11,16,0,0,0
2022-11-04 06:45,28,11,17,0,0,0
2022-11-04 07:00,44,28,16,0,0,0
2022-11-04 07:15,87,70,17,0,0,0
2022-11-04 07:30,162,126,36,0,0,0
2022-11-04 07:45,97,66,31,0,0,0
2022-11-04 08:00,47,32,15,0,0,0
2022-11-04 08:15,60,38,22,0,0,0
2022-11-04 08:30,56,38,18,0,0,0
2022-11-04 08:45,51,27,24,0,0,0
2022-11-04 09:00,48,34,14,0,0,0
2022-11-04 09:15,39,26,13,0,0,0
2022-11-04 09:30,55,30,25,0,0,0
2022-11-04 09:45,56,39,17,0,0,0
2022-11-04 10:00,46,27,19,0,0,0
2022-11-04 10:15,35,19,16,0,0,0
2022-11-04 10:30,30,21,9,0,0,0
2022-11-04 10:45,45,22,23,0,0,0
2022-11-04 11:00,40,20,20,0,0,0
2022-11-04 11:15,37,20,17,0,0,0
2022-11-04 11:30,48,31,17,0,0,0
2022-11-04 11:45,52,31,21,0,0,0
2022-11-04 12:00,34,22,12,0,0,0
2022-11-04 12:15,52,32,20,0,0,0
2022-11-04 12:30,54,28,26,0,0,0
2022-11-04 12:45,68,38,30,0,0,0
2022-11-04 13:00,79,25,54,0,0,0
2022-11-04 13:15,84,29,55,0,0,0
2022-11-04 13:30,72,41,31,0,0,0
2022-11-04 13:45,83,44,39,0,0,0
2022-11-04 14:00,77,37,40,0,0,0
2022-11-04 14:15,81,48,33,0,0,0
2022-11-04 14:30,69,43,26,0,0,0
2022-11-04 14:45,64,36,28,0,0,0
2022-11-04 15:00,80,33,47,0,0,0
2022-11-04 15:15,77,46,31,0,0,0
2022-11-04 15:30,75,43,32,0,0,0
2022-11-04 15:45,70,39,31,0,0,0
2022-11-04 16:00,74,45,29,0,0,0
2022-11-04 16:15,77,41,36,0,0,0
2022-11-04 16:30,73,37,36,0,0,0
2022-11-04 16:45,81,50,31,0,0,0
2022-11-04 17:00,63,41,22,0,0,0
2022-11-04 17:15,60,34,26,0,0,0
2022-11-04 17:30,49,27,22,0,0,0
2022-11-04 17:45,62,34,28,0,0,0
2022-11-04 18:00,69,36,33,0,0,0
2022-11-04 18:15,60,29,31,0,0,0
2022-11-04 18:30,56,28,28,0,0,0
2022-11-04 18:45,45,25,20,0,0,0
2022-11-04 19:00,43,18,25,0,0,0
2022-11-04 19:15,46,28,18,0,0,0
2022-11-04 19:30,31,12,19,0,0,0
2022-11-04 19:45,42,19,23,0,0,0
2022-11-04 20:00,30,19,11,0,0,0
2022-11-04 20:15,35,19,16,0,0,0
2022-11-04 20:30,22,12,10,0,0,0
2022-11-04 20:45,19,6,13,0,0,0
2022-11-04 21:00,22,10,12,0,0,0
2022-11-04 21:15,18,9,9,0,0,0
2022-11-04 21:30,21,6,15,0,0,0
2022-11-04 21:45,32,18,14,0,0,0
2022-11-04 22:00,29,10,19,0,0,0
2022-11-04 22:15,17,9,8,0,0,0
2022-11-04 22:30,18,4,14,0,0,0
2022-11-04 22:45,27,13,14,0,0,0
2022-11-04 23:00,18,14,4,0,0,0
2022-11-04 23:15,15,6,9,0,0,0
2022-11-04 23:30,21,4,17,0,0,0
2022-11-04 23:45,8,1,7,0,0,0
2022-11-05 00:00,15,3,12,0,0,0
2022-11-05 00:15,13,9,4,0,0,0
2022-11-05 00:30,8,4,4,0,0,0
2022-11-05 00:45,8,2,6,0,0,0
2022-11-05 01:00,8,4,4,0,0,0
2022-11-05 01:15,13,4,9,0,0,0
2022-11-05 01:30,3,3,0,0,0,0
2022-11-05 01:45,7,2,5,0,0,0
2022-11-05 02:00,6,0,6,0,0,0
2022-11-05 02:15,4,0,4,0,0,0
2022-11-05 02:30,3,0,3,0,0,0
2022-11-05 02:45,2,1,1,0,0,0
2022-11-05 03:00,4,0,4,0,0,0
2022-11-05 03:15,2,0,2,0,0,0
2022-11-05 03:30,3,2,1,0,0,0
2022-11-05 03:45,1,0,1,0,0,0
2022-11-05 04:00,5,1,4,0,0,0
2022-11-05 04:15,2,1,1,0,0,0
2022-11-05 04:30,5,1,4,0,0,0
2022-11-05 04:45,3,3,0,0,0,0
2022-11-05 05:00,1,0,1,0,0,0
2022-11-05 05:15,6,6,0,0,0,0
2022-11-05 05:30,3,3,0,0,0,0
2022-11-05 05:45,3,2,1,0,0,0
2022-11-05 06:00,5,4,1,0,0,0
2022-11-05 06:15,4,0,4,0,0,0
2022-11-05 06:30,6,4,2,0,0,0
2022-11-05 06:45,5,4,1,0,0,0
2022-11-05 07:00,5,4,1,0,0,0
2022-11-05 07:15,12,8,4,0,0,0
2022-11-05 07:30,9,7,2,0,0,0
2022-11-05 07:45,13,11,2,0,0,0
2022-11-05 08:00,10,8,2,0,0,0
2022-11-05 08:15,16,10,6,0,0,0
2022-11-05 08:30,19,12,7,0,0,0
2022-11-05 08:45,29,22,7,0,0,0
2022-11-05 09:00,30,21,9,0,0,0
2022-11-05 09:15,34,27,7,0,0,0
2022-11-05 09:30,25,19,6,0,0,0
2022-11-05 09:45,59,43,16,0,0,0
2022-11-05 10:00,38,31,7,0,0,0
2022-11-05 10:15,54,37,17,0,0,0
2022-11-05 10:30,47,29,18,0,0,0
2022-11-05 10:45,51,35,16,0,0,0
2022-11-05 11:00,47,34,13,0,0,0
2022-11-05 11:15,55,38,17,0,0,0
2022-11-05 11:30,44,28,16,0,0,0
2022-11-05 11:45,56,36,20,0,0,0
2022-11-05 12:00,51,36,15,0,0,0
2022-11-05 12:15,56,36,20,0,0,0
2022-11-05 12:30,53,37,16,0,0,0
2022-11-05 12:45,51,33,18,0,0,0
2022-11-05 13:00,51,36,15,0,0,0
2022-11-05 13:15,52,32,20,0,0,0
2022-11-05 13:30,47,22,25,0,0,0
2022-11-05 13:45,50,35,15,0,0,0
2022-11-05 14:00,46,17,29,0,0,0
2022-11-05 14:15,42,22,20,0,0,0
2022-11-05 14:30,42,18,24,0,0,0
2022-11-05 14:45,67,37,30,0,0,0
2022-11-05 15:00,46,29,17,0,0,0
2022-11-05 15:15,46,24,22,0,0,0
2022-11-05 15:30,44,20,24,0,0,0
2022-11-05 15:45,57,36,21,0,0,0
2022-11-05 16:00,51,21,30,0,0,0
2022-11-05 16:15,31,14,17,0,0,0
2022-11-05 16:30,43,22,21,0,0,0
2022-11-05 16:45,51,26,25,0,0,0
2022-11-05 17:00,37,21,16,0,0,0
2022-11-05 17:15,55,31,24,0,0,0
2022-11-05 17:30,37,20,17,0,0,0
2022-11-05 17:45,48,15,33,0,0,0
2022-11-05 18:00,50,27,23,0,0,0
2022-11-05 18:15,48,26,22,0,0,0
2022-11-05 18:30,39,27,12,0,0,0
2022-11-05 18:45,38,24,14,0,0,0
2022-11-05 19:00,28,17,11,0,0,0
2022-11-05 19:15,36,26,10,0,0,0
2022-11-05 19:30,27,17,10,0,0,0
2022-11-05 19:45,26,15,11,0,0,0
2022-11-05 20:00,21,12,9,0,0,0
2022-11-05 20:15,29,18,11,0,0,0
2022-11-05 20:30,18,13,5,0,0,0
2022-11-05 20:45,28,17,11,0,0,0
2022-11-05 21:00,18,6,12,0,0,0
2022-11-05 21:15,12,5,7,0,0,0
2022-11-05 21:30,10,5,5,0,0,0
2022-11-05 21:45,14,9,5,0,0,0
2022-11-05 22:00,11,8,3,0,0,0
2022-11-05 22:15,13,4,9,0,0,0
2022-11-05 22:30,31,9,22,0,0,0
2022-11-05 22:45,5,0,5,0,0,0
2022-11-05 23:00,12,2,10,0,0,0
2022-11-05 23:15,12,3,9,0,0,0
2022-11-05 23:30,18,11,7,0,0,0
2022-11-05 23:45,22,7,15,0,0,0
2022-11-06 00:00,7,3,4,0,0,0
2022-11-06 00:15,9,1,8,0,0,0
2022-11-06 00:30,8,3,5,0,0,0
2022-11-06 00:45,16,5,11,0,0,0
2022-11-06 01:00,6,1,5,0,0,0
2022-11-06 01:15,7,1,6,0,0,0
2022-11-06 01:30,5,0,5,0,0,0
2022-11-06 01:45,11,1,10,0,0,0
2022-11-06 02:00,11,5,6,0,0,0
2022-11-06 02:15,5,1,4,0,0,0
2022-11-06 02:30,5,0,5,0,0,0
2022-11-06 02:45,3,0,3,0,0,0
2022-11-06 03:00,2,1,1,0,0,0
2022-11-06 03:15,1,1,0,0,0,0
2022-11-06 03:30,3,0,3,0,0,0
2022-11-06 03:45,6,2,4,0,0,0
2022-11-06 04:00,1,1,0,0,0,0
2022-11-06 04:15,1,1,0,0,0,0
2022-11-06 04:30,2,0,2,0,0,0
2022-11-06 04:45,3,2,1,0,0,0
2022-11-06 05:00,1,1,0,0,0,0
2022-11-06 05:15,2,1,1,0,0,0
2022-11-06 05:30,4,4,0,0,0,0
2022-11-06 05:45,0,0,0,0,0,0
2022-11-06 06:00,4,3,1,0,0,0
2022-11-06 06:15,2,1,1,0,0,0
2022-11-06 06:30,2,2,0,0,0,0
2022-11-06 06:45,2,1,1,0,0,0
2022-11-06 07:00,2,0,2,0,0,0
2022-11-06 07:15,3,2,1,0,0,0
2022-11-06 07:30,4,4,0,0,0,0
2022-11-06 07:45,6,5,1,0,0,0
2022-11-06 08:00,2,1,1,0,0,0
2022-11-06 08:15,6,4,2,0,0,0
2022-11-06 08:30,6,4,2,0,0,0
2022-11-06 08:45,8,6,2,0,0,0
2022-11-06 09:00,10,5,5,0,0,0
2022-11-06 09:15,14,5,9,0,0,0
2022-11-06 09:30,13,5,8,0,0,0
2022-11-06 09:45,27,19,8,0,0,0
2022-11-06 10:00,24,17,7,0,0,0
2022-11-06 10:15,18,13,5,0,0,0
2022-11-06 10:30,26,18,8,0,0,0
2022-11-06 10:45,24,20,4,0,0,0
2022-11-06 11:00,26,13,13,0,0,0
2022-11-06 11:15,24,10,14,0,0,0
2022-11-06 11:30,26,15,11,0,0,0
2022-11-06 11:45,35,21,14,0,0,0
2022-11-06 12:00,25,15,10,0,0,0
2022-11-06 12:15,19,8,11,0,0,0
2022-11-06 12:30,22,18,4,0,0,0
2022-11-06 12:45,36,22,14,0,0,0
2022-11-06 13:00,35,21,14,0,0,0
2022-11-06 13:15,33,17,16,0,0,0
2022-11-06 13:30,34,17,17,0,0,0
2022-11-06 13:45,37,17,20,0,0,0
2022-11-06 14:00,32,7,25,0,0,0
2022-11-06 14:15,26,14,12,0,0,0
2022-11-06 14:30,24,16,8,0,0,0
2022-11-06 14:45,43,24,19,0,0,0
2022-11-06 15:00,19,8,11,0,0,0
2022-11-06 15:15,44,27,17,0,0,0
2022-11-06 15:30,25,11,14,0,0,0
2022-11-06 15:45,25,11,14,0,0,0
2022-11-06 16:00,29,10,19,0,0,0
2022-11-06 16:15,26,9,17,0,0,0
2022-11-06 16:30,39,23,16,0,0,0
2022-11-06 16:45,27,14,13,0,0,0
2022-11-06 17:00,23,10,13,0,0,0
2022-11-06 17:15,30,13,17,0,0,0
2022-11-06 17:30,18,4,14,0,0,0
2022-11-06 17:45,20,8,12,0,0,0
2022-11-06 18:00,8,5,3,0,0,0
2022-11-06 18:15,20,7,13,0,0,0
2022-11-06 18:30,19,8,11,0,0,0
2022-11-06 18:45,24,11,13,0,0,0
2022-11-06 19:00,12,6,6,0,0,0
2022-11-06 19:15,13,5,8,0,0,0
2022-11-06 19:30,10,4,6,0,0,0
2022-11-06 19:45,20,12,8,0,0,0
2022-11-06 20:00,17,3,14,0,0,0
2022-11-06 20:15,10,4,6,0,0,0
2022-11-06 20:30,16,7,9,0,0,0
2022-11-06 20:45,5,2,3,0,0,0
2022-11-06 21:00,8,4,4,0,0,0
2022-11-06 21:15,4,1,3,0,0,0
2022-11-06 21:30,5,1,4,0,0,0
2022-11-06 21:45,8,1,7,0,0,0
2022-11-06 22:00,11,6,5,0,0,0
2022-11-06 22:15,7,2,5,0,0,0
2022-11-06 22:30,3,1,2,0,0,0
2022-11-06 22:45,5,1,4,0,0,0
2022-11-06 23:00,4,2,2,0,0,0
2022-11-06 23:15,4,0,4,0,0,0
2022-11-06 23:30,2,2,0,0,0,0
2022-11-06 23:45,0,0,0,0,0,0
2022-11-07 00:00,1,0,1,0,0,0
2022-11-07 00:15,2,1,1,0,0,0
2022-11-07 00:30,1,0,1,0,0,0
2022-11-07 00:45,1,1,0,0,0,0
2022-11-07 01:00,0,0,0,0,0,0
2022-11-07 01:15,1,0,1,0,0,0
2022-11-07 01:30,0,0,0,0,0,0
2022-11-07 01:45,1,1,0,0,0,0
2022-11-07 02:00,0,0,0,0,0,0
2022-11-07 02:15,1,0,1,0,0,0
2022-11-07 02:30,1,0,1,0,0,0
2022-11-07 02:45,0,0,0,0,0,0
2022-11-07 03:00,1,0,1,0,0,0
2022-11-07 03:15,1,1,0,0,0,0
2022-11-07 03:30,1,0,1,0,0,0
2022-11-07 03:45,1,1,0,0,0,0
2022-11-07 04:00,1,0,1,0,0,0
2022-11-07 04:15,2,2,0,0,0,0
2022-11-07 04:30,2,2,0,0,0,0
2022-11-07 04:45,2,1,1,0,0,0
2022-11-07 05:00,5,4,1,0,0,0
2022-11-07 05:15,4,1,3,0,0,0
2022-11-07 05:30,2,1,1,0,0,0
2022-11-07 05:45,19,9,10,0,0,0
2022-11-07 06:00,10,6,4,0,0,0
2022-11-07 06:15,18,6,12,0,0,0
2022-11-07 06:30,24,7,17,0,0,0
2022-11-07 06:45,34,19,15,0,0,0
2022-11-07 07:00,58,36,22,0,0,0
2022-11-07 07:15,98,68,30,0,0,0
2022-11-07 07:30,148,120,28,0,0,0
2022-11-07 07:45,126,74,52,0,0,0
2022-11-07 08:00,66,50,16,0,0,0
2022-11-07 08:15,77,53,24,0,0,0
2022-11-07 08:30,65,43,22,0,0,0
2022-11-07 08:45,47,37,10,0,0,0
2022-11-07 09:00,43,31,12,0,0,0
2022-11-07 09:15,40,27,13,0,0,0
2022-11-07 09:30,53,38,15,0,0,0
2022-11-07 09:45,65,57,8,0,0,0
2022-11-07 10:00,58,39,19,0,0,0
2022-11-07 10:15,40,28,12,0,0,0
2022-11-07 10:30,30,19,11,0,0,0
2022-11-07 10:45,52,34,18,0,0,0
2022-11-07 11:00,43,27,16,0,0,0
2022-11-07 11:15,35,23,12,0,0,0
2022-11-07 11:30,37,18,19,0,0,0
2022-11-07 11:45,45,29,16,0,0,0
2022-11-07 12:00,48,23,25,0,0,0
2022-11-07 12:15,50,25,25,0,0,0
2022-11-07 12:30,46,16,30,0,0,0
2022-11-07 12:45,52,25,27,0,0,0
2022-11-07 13:00,69,34,35,0,0,0
2022-11-07 13:15,69,33,36,0,0,0
2022-11-07 13:30,47,24,23,0,0,0
2022-11-07 13:45,63,34,29,0,0,0
2022-11-07 14:00,86,33,53,0,0,0
2022-11-07 14:15,67,29,38,0,0,0
2022-11-07 14:30,55,33,22,0,0,0
2022-11-07 14:45,75,47,28,0,0,0
2022-11-07 15:00,74,42,32,0,0,0
2022-11-07 15:15,56,35,21,0,0,0
2022-11-07 15:30,87,53,34,0,0,0
2022-11-07 15:45,124,63,61,0,0,0
2022-11-07 16:00,115,63,52,0,0,0
2022-11-07 16:15,106,58,48,0,0,0
2022-11-07 16:30,72,45,27,0,0,0
2022-11-07 16:45,88,52,36,0,0,0
2022-11-07 17:00,84,55,29,0,0,0
2022-11-07 17:15,81,48,33,0,0,0
2022-11-07 17:30,68,38,30,0,0,0
2022-11-07 17:45,64,39,25,0,0,0
2022-11-07 18:00,77,32,45,0,0,0
2022-11-07 18:15,73,27,46,0,0,0
2022-11-07 18:30,52,26,26,0,0,0
2022-11-07 18:45,45,20,25,0,0,0
2022-11-07 19:00,38,19,19,0,0,0
2022-11-07 19:15,47,20,27,0,0,0
2022-11-07 19:30,26,12,14,0,0,0
2022-11-07 19:45,40,15,25,0,0,0
2022-11-07 20:00,29,9,20,0,0,0
2022-11-07 20:15,12,6,6,0,0,0
2022-11-07 20:30,24,12,12,0,0,0
2022-11-07 20:45,20,8,12,0,0,0
2022-11-07 21:00,17,7,10,0,0,0
2022-11-07 21:15,15,9,6,0,0,0
2022-11-07 21:30,17,1,16,0,0,0
2022-11-07 21:45,19,4,15,0,0,0
2022-11-07 22:00,9,1,8,0,0,0
2022-11-07 22:15,11,4,7,0,0,0
2022-11-07 22:30,14,4,10,0,0,0
2022-11-07 22:45,11,7,4,0,0,0
2022-11-07 23:00,5,3,2,0,0,0
2022-11-07 23:15,9,4,5,0,0,0
2022-11-07 23:30,1,0,1,0,0,0
2022-11-07 23:45,0,0,0,0,0,0
2022-11-08 00:00,2,2,0,0,0,0
2022-11-08 00:15,3,2,1,0,0,0
2022-11-08 00:30,3,2,1,0,0,0
2022-11-08 00:45,1,0,1,0,0,0
2022-11-08 01:00,2,1,1,0,0,0
2022-11-08 01:15,1,0,1,0,0,0
2022-11-08 01:30,1,0,1,0,0,0
2022-11-08 01:45,1,0,1,0,0,0
2022-11-08 02:00,0,0,0,0,0,0
2022-11-08 02:15,1,0,1,0,0,0
2022-11-08 02:30,0,0,0,0,0,0
2022-11-08 02:45,0,0,0,0,0,0
2022-11-08 03:00,0,0,0,0,0,0
2022-11-08 03:15,1,0,1,0,0,0
2022-11-08 03:30,0,0,0,0,0,0
2022-11-08 03:45,2,1,1,0,0,0
2022-11-08 04:00,2,2,0,0,0,0
2022-11-08 04:15,3,3,0,0,0,0
2022-11-08 04:30,0,0,0,0,0,0
2022-11-08 04:45,1,0,1,0,0,0
2022-11-08 05:00,4,4,0,0,0,0
2022-11-08 05:15,6,3,3,0,0,0
2022-11-08 05:30,7,1,6,0,0,0
2022-11-08 05:45,15,6,9,0,0,0
2022-11-08 06:00,20,14,6,0,0,0
2022-11-08 06:15,28,12,16,0,0,0
2022-11-08 06:30,33,17,16,0,0,0
2022-11-08 06:45,43,21,22,0,0,0
2022-11-08 07:00,53,25,28,0,0,0
2022-11-08 07:15,123,96,27,0,0,0
2022-11-08 07:30,168,124,44,0,0,0
2022-11-08 07:45,120,84,36,0,0,0
2022-11-08 08:00,92,57,35,0,0,0
2022-11-08 08:15,64,40,24,0,0,0
2022-11-08 08:30,67,48,19,0,0,0
2022-11-08 08:45,61,40,21,0,0,0
2022-11-08 09:00,44,25,19,0,0,0
2022-11-08 09:15,48,40,8,0,0,0
2022-11-08 09:30,51,32,19,0,0,0
2022-11-08 09:45,64,42,22,0,0,0
2022-11-08 10:00,50,28,22,0,0,0
2022-11-08 10:15,38,29,9,0,0,0
2022-11-08 10:30,35,19,16,0,0,0
2022-11-08 10:45,49,31,18,0,0,0
2022-11-08 11:00,38,22,16,0,0,0
2022-11-08 11:15,45,22,23,0,0,0
2022-11-08 11:30,40,19,21,0,0,0
2022-11-08 11:45,45,33,12,0,0,0
2022-11-08 12:00,40,23,17,0,0,0
2022-11-08 12:15,65,35,30,0,0,0
2022-11-08 12:30,37,20,17,0,0,0
2022-11-08 12:45,51,30,21,0,0,0
2022-11-08 13:00,83,42,41,0,0,0
2022-11-08 13:15,81,27,54,0,0,0
2022-11-08 13:30,64,39,25,0,0,0
2022-11-08 13:45,82,39,43,0,0,0
2022-11-08 14:00,65,26,39,0,0,0
2022-11-08 14:15,89,47,42,0,0,0
2022-11-08 14:30,82,53,29,0,0,0
2022-11-08 14:45,68,39,29,0,0,0
2022-11-08 15:00,69,39,30,0,0,0
2022-11-08 15:15,82,47,35,0,0,0
2022-11-08 15:30,85,45,40,0,0,0
2022-11-08 15:45,95,53,42,0,0,0
2022-11-08 16:00,127,67,60,0,0,0
2022-11-08 16:15,86,47,39,0,0,0
2022-11-08 16:30,92,55,37,0,0,0
2022-11-08 16:45,81,47,34,0,0,0
2022-11-08 17:00,87,38,49,0,0,0
2022-11-08 17:15,98,59,39,0,0,0
2022-11-08 17:30,67,30,37,0,0,0
2022-11-08 17:45,81,43,38,0,0,0
2022-11-08 18:00,83,39,44,0,0,0
2022-11-08 18:15,79,43,36,0,0,0
2022-11-08 18:30,56,20,36,0,0,0
2022-11-08 18:45,48,24,24,0,0,0
2022-11-08 19:00,42,29,13,0,0,0
2022-11-08 19:15,49,34,15,0,0,0
2022-11-08 19:30,36,13,23,0,0,0
2022-11-08 19:45,49,16,33,0,0,0
2022-11-08 20:00,24,10,14,0,0,0
2022-11-08 20:15,30,14,16,0,0,0
2022-11-08 20:30,20,8,12,0,0,0
2022-11-08 20:45,25,13,12,0,0,0
2022-11-08 21:00,24,8,16,0,0,0
2022-11-08 21:15,21,9,12,0,0,0
2022-11-08 21:30,19,9,10,0,0,0
2022-11-08 21:45,21,7,14,0,0,0
2022-11-08 22:00,15,5,10,0,0,0
2022-11-08 22:15,19,6,13,0,0,0
2022-11-08 22:30,12,3,9,0,0,0
2022-11-08 22:45,23,5,18,0,0,0
2022-11-08 23:00,9,4,5,0,0,0
2022-11-08 23:15,7,2,5,0,0,0
2022-11-08 23:30,7,3,4,0,0,0
2022-11-08 23:45,3,0,3,0,0,0
2022-11-09 00:00,3,1,2,0,0,0
2022-11-09 00:15,3,1,2,0,0,0
2022-11-09 00:30,0,0,0,0,0,0
2022-11-09 00:45,2,1,1,0,0,0
2022-11-09 01:00,2,0,2,0,0,0
2022-11-09 01:15,1,0,1,0,0,0
2022-11-09 01:30,1,1,0,0,0,0
2022-11-09 01:45,1,0,1,0,0,0
2022-11-09 02:00,1,0,1,0,0,0
2022-11-09 02:15,1,0,1,0,0,0
2022-11-09 02:30,0,0,0,0,0,0
2022-11-09 02:45,0,0,0,0,0,0
2022-11-09 03:00,0,0,0,0,0,0
2022-11-09 03:15,0,0,0,0,0,0
2022-11-09 03:30,1,0,1,0,0,0
2022-11-09 03:45,1,1,0,0,0,0
2022-11-09 04:00,1,1,0,0,0,0
2022-11-09 04:15,1,0,1,0,0,0
2022-11-09 04:30,2,2,0,0,0,0
2022-11-09 04:45,3,2,1,0,0,0
2022-11-09 05:00,6,5,1,0,0,0
2022-11-09 05:15,3,2,1,0,0,0
2022-11-09 05:30,5,1,4,0,0,0
2022-11-09 05:45,17,9,8,0,0,0
2022-11-09 06:00,20,7,13,0,0,0
2022-11-09 06:15,22,10,12,0,0,0
2022-11-09 06:30,26,8,18,0,0,0
2022-11-09 06:45,44,23,21,0,0,0
2022-11-09 07:00,56,34,22,0,0,0
2022-11-09 07:15,95,68,27,0,0,0
2022-11-09 07:30,163,124,39,0,0,0
2022-11-09 07:45,122,85,37,0,0,0
2022-11-09 08:00,75,45,30,0,0,0
2022-11-09 08:15,77,53,24,0,0,0
2022-11-09 08:30,69,47,22,0,0,0
2022-11-09 08:45,66,46,20,0,0,0
2022-11-09 09:00,54,38,16,0,0,0
2022-11-09 09:15,48,36,12,0,0,0
2022-11-09 09:30,51,42,9,0,0,0
2022-11-09 09:45,64,52,12,0,0,0
2022-11-09 10:00,70,42,28,0,0,0
2022-11-09 10:15,37,23,14,0,0,0
2022-11-09 10:30,41,32,9,0,0,0
2022-11-09 10:45,58,35,23,0,0,0
2022-11-09 11:00,31,17,14,0,0,0
2022-11-09 11:15,56,37,19,0,0,0
2022-11-09 11:30,45,22,23,0,0,0
2022-11-09 11:45,67,39,28,0,0,0
2022-11-09 12:00,60,30,30,0,0,0
2022-11-09 12:15,56,28,28,0,0,0
2022-11-09 12:30,49,26,23,0,0,0
2022-11-09 12:45,58,27,31,0,0,0
2022-11-09 13:00,61,21,40,0,0,0
2022-11-09 13:15,90,35,55,0,0,0
2022-11-09 13:30,50,23,27,0,0,0
2022-11-09 13:45,57,25,32,0,0,0
2022-11-09 14:00,68,36,32,0,0,0
2022-11-09 14:15,58,27,31,0,0,0
2022-11-09 14:30,81,42,39,0,0,0
2022-11-09 14:45,66,33,33,0,0,0
2022-11-09 15:00,79,35,44,0,0,0
2022-11-09 15:15,51,34,17,0,0,0
2022-11-09 15:30,70,40,30,0,0,0
2022-11-09 15:45,103,71,32,0,0,0
2022-11-09 16:00,111,59,52,0,0,0
2022-11-09 16:15,102,55,47,0,0,0
2022-11-09 16:30,96,61,35,0,0,0
2022-11-09 16:45,92,62,30,0,0,0
2022-11-09 17:00,71,35,36,0,0,0
2022-11-09 17:15,88,51,37,0,0,0
2022-11-09 17:30,92,48,44,0,0,0
2022-11-09 17:45,90,39,51,0,0,0
2022-11-09 18:00,74,37,37,0,0,0
2022-11-09 18:15,63,26,37,0,0,0
2022-11-09 18:30,42,24,18,0,0,0
2022-11-09 18:45,55,24,31,0,0,0
2022-11-09 19:00,42,19,23,0,0,0
2022-11-09 19:15,48,30,18,0,0,0
2022-11-09 19:30,39,23,16,0,0,0
2022-11-09 19:45,46,25,21,0,0,0
2022-11-09 20:00,30,12,18,0,0,0
2022-11-09 20:15,31,15,16,0,0,0
2022-11-09 20:30,30,12,18,0,0,0
2022-11-09 20:45,17,7,10,0,0,0
2022-11-09 21:00,18,11,7,0,0,0
2022-11-09 21:15,35,15,20,0,0,0
2022-11-09 21:30,22,6,16,0,0,0
2022-11-09 21:45,20,5,15,0,0,0
2022-11-09 22:00,16,5,11,0,0,0
2022-11-09 22:15,9,2,7,0,0,0
2022-11-09 22:30,24,3,21,0,0,0
2022-11-09 22:45,11,5,6,0,0,0
2022-11-09 23:00,7,4,3,0,0,0
2022-11-09 23:15,18,5,13,0,0,0
2022-11-09 23:30,4,2,2,0,0,0
2022-11-09 23:45,13,4,9,0,0,0
2022-11-10 00:00,6,3,3,0,0,0
2022-11-10 00:15,5,1,4,0,0,0
2022-11-10 00:30,4,1,3,0,0,0
2022-11-10 00:45,5,0,5,0,0,0
2022-11-10 01:00,2,1,1,0,0,0
2022-11-10 01:15,3,0,3,0,0,0
2022-11-10 01:30,1,0,1,0,0,0
2022-11-10 01:45,3,0,3,0,0,0
2022-11-10 02:00,3,0,3,0,0,0
2022-11-10 02:15,2,1,1,0,0,0
2022-11-10 02:30,1,0,1,0,0,0
2022-11-10 02:45,2,0,2,0,0,0
2022-11-10 03:00,1,0,1,0,0,0
2022-11-10 03:15,2,1,1,0,0,0
2022-11-10 03:30,3,0,3,0,0,0
2022-11-10 03:45,0,0,0,0,0,0
2022-11-10 04:00,1,1,0,0,0,0
2022-11-10 04:15,2,1,1,0,0,0
2022-11-10 04:30,2,2,0,0,0,0
2022-11-10 04:45,3,2,1,0,0,0
2022-11-10 05:00,2,1,1,0,0,0
2022-11-10 05:15,7,3,4,0,0,0
2022-11-10 05:30,3,2,1,0,0,0
2022-11-10 05:45,15,5,10,0,0,0
2022-11-10 06:00,23,12,11,0,0,0
2022-11-10 06:15,35,13,22,0,0,0
2022-11-10 06:30,40,17,23,0,0,0
2022-11-10 06:45,39,23,16,0,0,0
2022-11-10 07:00,46,27,19,0,0,0
2022-11-10 07:15,97,66,31,0,0,0
2022-11-10 07:30,160,123,37,0,0,0
2022-11-10 07:45,106,76,30,0,0,0
2022-11-10 08:00,67,37,30,0,0,0
2022-11-10 08:15,84,65,19,0,0,0
2022-11-10 08:30,83,56,27,0,0,0
2022-11-10 08:45,51,36,15,0,0,0
2022-11-10 09:00,48,35,13,0,0,0
2022-11-10 09:15,53,41,12,0,0,0
2022-11-10 09:30,40,25,15,0,0,0
2022-11-10 09:45,64,52,12,0,0,0
2022-11-10 10:00,44,27,17,0,0,0
2022-11-10 10:15,38,23,15,0,0,0
2022-11-10 10:30,37,24,13,0,0,0
2022-11-10 10:45,42,26,16,0,0,0
2022-11-10 11:00,45,26,19,0,0,0
2022-11-10 11:15,35,17,18,0,0,0
2022-11-10 11:30,47,28,19,0,0,0
2022-11-10 11:45,53,36,17,0,0,0
2022-11-10 12:00,36,17,19,0,0,0
2022-11-10 12:15,51,26,25,0,0,0
2022-11-10 12:30,68,34,34,0,0,0
2022-11-10 12:45,56,32,24,0,0,0
2022-11-10 13:00,72,31,41,0,0,0
2022-11-10 13:15,65,27,38,0,0,0
2022-11-10 13:30,77,35,42,0,0,0
2022-11-10 13:45,81,35,46,0,0,0
2022-11-10 14:00,87,37,50,0,0,0
2022-11-10 14:15,67,30,37,0,0,0
2022-11-10 14:30,74,35,39,0,0,0
2022-11-10 14:45,91,71,20,0,0,0
2022-11-10 15:00,85,43,42,0,0,0
2022-11-10 15:15,79,44,35,0,0,0
2022-11-10 15:30,83,47,36,0,0,0
2022-11-10 15:45,119,69,50,0,0,0
2022-11-10 16:00,104,58,46,0,0,0
2022-11-10 16:15,94,52,42,0,0,0
2022-11-10 16:30,103,54,49,0,0,0
2022-11-10 16:45,91,47,44,0,0,0
2022-11-10 17:00,77,37,40,0,0,0
2022-11-10 17:15,92,47,45,0,0,0
2022-11-10 17:30,93,45,48,0,0,0
2022-11-10 17:45,91,60,31,0,0,0
2022-11-10 18:00,79,41,38,0,0,0
2022-11-10 18:15,75,35,40,0,0,0
2022-11-10 18:30,47,30,17,0,0,0
2022-11-10 18:45,50,23,27,0,0,0
2022-11-10 19:00,44,21,23,0,0,0
2022-11-10 19:15,36,18,18,0,0,0
2022-11-10 19:30,33,21,12,0,0,0
2022-11-10 19:45,39,20,19,0,0,0
2022-11-10 20:00,26,12,14,0,0,0
2022-11-10 20:15,43,17,26,0,0,0
2022-11-10 20:30,33,10,23,0,0,0
2022-11-10 20:45,18,6,12,0,0,0
2022-11-10 21:00,13,7,6,0,0,0
2022-11-10 21:15,22,9,13,0,0,0
2022-11-10 21:30,15,4,11,0,0,0
2022-11-10 21:45,12,6,6,0,0,0
2022-11-10 22:00,17,6,11,0,0,0
2022-11-10 22:15,24,6,18,0,0,0
2022-11-10 22:30,14,3,11,0,0,0
2022-11-10 22:45,13,3,10,0,0,0
2022-11-10 23:00,17,6,11,0,0,0
2022-11-10 23:15,15,10,5,0,0,0
2022-11-10 23:30,7,4,3,0,0,0
2022-11-10 23:45,9,3,6,0,0,0
2022-11-11 00:00,7,2,5,0,0,0
2022-11-11 00:15,8,1,7,0,0,0
2022-11-11 00:30,7,2,5,0,0,0
2022-11-11 00:45,8,2,6,0,0,0
2022-11-11 01:00,4,0,4,0,0,0
2022-11-11 01:15,0,0,0,0,0,0
2022-11-11 01:30,1,0,1,0,0,0
2022-11-11 01:45,0,0,0,0,0,0
2022-11-11 02:00,2,1,1,0,0,0
2022-11-11 02:15,3,0,3,0,0,0
2022-11-11 02:30,1,0,1,0,0,0
2022-11-11 02:45,1,0,1,0,0,0
2022-11-11 03:00,0,0,0,0,0,0
2022-11-11 03:15,1,0,1,0,0,0
2022-11-11 03:30,2,0,2,0,0,0
2022-11-11 03:45,0,0,0,0,0,0
2022-11-11 04:00,4,1,3,0,0,0
2022-11-11 04:15,3,3,0,0,0,0
2022-11-11 04:30,2,1,1,0,0,0
2022-11-11 04:45,4,2,2,0,0,0
2022-11-11 05:00,5,3,2,0,0,0
2022-11-11 05:15,4,3,1,0,0,0
2022-11-11 05:30,1,1,0,0,0,0
2022-11-11 05:45,18,9,9,0,0,0
2022-11-11 06:00,17,10,7,0,0,0
2022-11-11 06:15,21,9,12,0,0,0
2022-11-11 06:30,33,14,19,0,0,0
2022-11-11 06:45,30,11,19,0,0,0
2022-11-11 07:00,48,31,17,0,0,0
2022-11-11 07:15,88,67,21,0,0,0
2022-11-11 07:30,154,120,34,0,0,0
2022-11-11 07:45,84,59,25,0,0,0
2022-11-11 08:00,60,41,19,0,0,0
2022-11-11 08:15,66,40,26,0,0,0
2022-11-11 08:30,51,36,15,0,0,0
2022-11-11 08:45,54,35,19,0,0,0
2022-11-11 09:00,50,35,15,0,0,0
2022-11-11 09:15,29,20,9,0,0,0
2022-11-11 09:30,42,33,9,0,0,0
2022-11-11 09:45,57,39,18,0,0,0
2022-11-11 10:00,37,25,12,0,0,0
2022-11-11 10:15,24,12,12,0,0,0
2022-11-11 10:30,47,32,15,0,0,0
2022-11-11 10:45,47,30,17,0,0,0
2022-11-11 11:00,36,24,12,0,0,0
2022-11-11 11:15,33,22,11,0,0,0
2022-11-11 11:30,36,22,14,0,0,0
2022-11-11 11:45,41,24,17,0,0,0
2022-11-11 12:00,52,23,29,0,0,0
2022-11-11 12:15,58,31,27,0,0,0
2022-11-11 12:30,63,24,39,0,0,0
2022-11-11 12:45,64,34,30,0,0,0
2022-11-11 13:00,84,33,51,0,0,0
2022-11-11 13:15,97,38,59,0,0,0
2022-11-11 13:30,69,39,30,0,0,0
2022-11-11 13:45,73,43,30,0,0,0
2022-11-11 14:00,77,49,28,0,0,0
2022-11-11 14:15,71,39,32,0,0,0
2022-11-11 14:30,67,35,32,0,0,0
2022-11-11 14:45,74,42,32,0,0,0
2022-11-11 15:00,65,37,28,0,0,0
2022-11-11 15:15,65,41,24,0,0,0
2022-11-11 15:30,78,37,41,0,0,0
2022-11-11 15:45,79,50,29,0,0,0
2022-11-11 16:00,65,38,27,0,0,0
2022-11-11 16:15,78,33,45,0,0,0
2022-11-11 16:30,71,40,31,0,0,0
2022-11-11 16:45,62,29,33,0,0,0
2022-11-11 17:00,67,29,38,0,0,0
2022-11-11 17:15,52,29,23,0,0,0
2022-11-11 17:30,65,30,35,0,0,0
2022-11-11 17:45,59,38,21,0,0,0
2022-11-11 18:00,77,41,36,0,0,0
2022-11-11 18:15,48,25,23,0,0,0
2022-11-11 18:30,42,21,21,0,0,0
2022-11-11 18:45,51,32,19,0,0,0
2022-11-11 19:00,36,20,16,0,0,0
2022-11-11 19:15,37,20,17,0,0,0
2022-11-11 19:30,45,25,20,0,0,0
2022-11-11 19:45,53,27,26,0,0,0
2022-11-11 20:00,38,15,23,0,0,0
2022-11-11 20:15,21,10,11,0,0,0
2022-11-11 20:30,33,18,15,0,0,0
2022-11-11 20:45,18,8,10,0,0,0
2022-11-11 21:00,21,17,4,0,0,0
2022-11-11 21:15,21,8,13,0,0,0
2022-11-11 21:30,17,6,11,0,0,0
2022-11-11 21:45,22,11,11,0,0,0
2022-11-11 22:00,21,8,13,0,0,0
2022-11-11 22:15,24,7,17,0,0,0
2022-11-11 22:30,14,7,7,0,0,0
2022-11-11 22:45,12,4,8,0,0,0
2022-11-11 23:00,11,3,8,0,0,0
2022-11-11 23:15,23,4,19,0,0,0
2022-11-11 23:30,14,4,10,0,0,0
2022-11-11 23:45,16,7,9,0,0,0
2022-11-12 00:00,17,3,14,0,0,0
2022-11-12 00:15,9,2,7,0,0,0
2022-11-12 00:30,7,2,5,0,0,0
2022-11-12 00:45,8,2,6,0,0,0
2022-11-12 01:00,7,2,5,0,0,0
2022-11-12 01:15,4,0,4,0,0,0
2022-11-12 01:30,8,2,6,0,0,0
2022-11-12 01:45,8,2,6,0,0,0
2022-11-12 02:00,5,0,5,0,0,0
2022-11-12 02:15,2,0,2,0,0,0
2022-11-12 02:30,5,0,5,0,0,0
2022-11-12 02:45,6,0,6,0,0,0
2022-11-12 03:00,4,0,4,0,0,0
2022-11-12 03:15,2,0,2,0,0,0
2022-11-12 03:30,4,2,2,0,0,0
2022-11-12 03:45,0,0,0,0,0,0
2022-11-12 04:00,3,1,2,0,0,0
2022-11-12 04:15,2,2,0,0,0,0
2022-11-12 04:30,3,0,3,0,0,0
2022-11-12 04:45,0,0,0,0,0,0
2022-11-12 05:00,2,1,1,0,0,0
2022-11-12 05:15,1,1,0,0,0,0
2022-11-12 05:30,5,2,3,0,0,0
2022-11-12 05:45,4,4,0,0,0,0
2022-11-12 06:00,2,2,0,0,0,0
2022-11-12 06:15,3,1,2,0,0,0
2022-11-12 06:30,6,4,2,0,0,0
2022-11-12 06:45,9,7,2,0,0,0
2022-11-12 07:00,3,2,1,0,0,0
2022-11-12 07:15,8,6,2,0,0,0
2022-11-12 07:30,9,8,1,0,0,0
2022-11-12 07:45,4,1,3,0,0,0
2022-11-12 08:00,11,5,6,0,0,0
2022-11-12 08:15,18,14,4,0,0,0
2022-11-12 08:30,13,7,6,0,0,0
2022-11-12 08:45,19,12,7,0,0,0
2022-11-12 09:00,26,18,8,0,0,0
2022-11-12 09:15,28,23,5,0,0,0
2022-11-12 09:30,41,32,9,0,0,0
2022-11-12 09:45,47,36,11,0,0,0
2022-11-12 10:00,40,29,11,0,0,0
2022-11-12 10:15,48,34,14,0,0,0
2022-11-12 10:30,40,29,11,0,0,0
2022-11-12 10:45,49,38,11,0,0,0
2022-11-12 11:00,38,27,11,0,0,0
2022-11-12 11:15,68,42,26,0,0,0
2022-11-12 11:30,49,37,12,0,0,0
2022-11-12 11:45,62,46,16,0,0,0
2022-11-12 12:00,50,30,20,0,0,0
2022-11-12 12:15,60,32,28,0,0,0
2022-11-12 12:30,63,42,21,0,0,0
2022-11-12 12:45,59,37,22,0,0,0
2022-11-12 13:00,64,39,25,0,0,0
2022-11-12 13:15,71,49,22,0,0,0
2022-11-12 13:30,49,34,15,0,0,0
2022-11-12 13:45,59,34,25,0,0,0
2022-11-12 14:00,41,22,19,0,0,0
2022-11-12 14:15,63,36,27,0,0,0
2022-11-12 14:30,71,44,27,0,0,0
2022-11-12 14:45,70,48,22,0,0,0
2022-11-12 15:00,53,29,24,0,0,0
2022-11-12 15:15,50,25,25,0,0,0
2022-11-12 15:30,55,21,34,0,0,0
2022-11-12 15:45,53,24,29,0,0,0
2022-11-12 16:00,45,18,27,0,0,0
2022-11-12 16:15,50,21,29,0,0,0
2022-11-12 16:30,57,32,25,0,0,0
2022-11-12 16:45,70,41,29,0,0,0
2022-11-12 17:00,54,17,37,0,0,0
2022-11-12 17:15,47,23,24,0,0,0
2022-11-12 17:30,33,13,20,0,0,0
2022-11-12 17:45,57,27,30,0,0,0
2022-11-12 18:00,36,14,22,0,0,0
2022-11-12 18:15,24,8,16,0,0,0
2022-11-12 18:30,44,26,18,0,0,0
2022-11-12 18:45,27,17,10,0,0,0
2022-11-12 19:00,29,15,14,0,0,0
2022-11-12 19:15,34,23,11,0,0,0
2022-11-12 19:30,46,23,23,0,0,0
2022-11-12 19:45,39,15,24,0,0,0
2022-11-12 20:00,42,24,18,0,0,0
2022-11-12 20:15,17,7,10,0,0,0
2022-11-12 20:30,11,4,7,0,0,0
2022-11-12 20:45,11,4,7,0,0,0
2022-11-12 21:00,25,19,6,0,0,0
2022-11-12 21:15,15,5,10,0,0,0
2022-11-12 21:30,21,15,6,0,0,0
2022-11-12 21:45,16,9,7,0,0,0
2022-11-12 22:00,19,9,10,0,0,0
2022-11-12 22:15,15,7,8,0,0,0
2022-11-12 22:30,9,5,4,0,0,0
2022-11-12 22:45,19,6,13,0,0,0
2022-11-12 23:00,15,2,13,0,0,0
2022-11-12 23:15,12,3,9,0,0,0
2022-11-12 23:30,11,3,8,0,0,0
2022-11-12 23:45,11,2,9,0,0,0
2022-11-13 00:00,13,7,6,0,0,0
2022-11-13 00:15,11,0,11,0,0,0
2022-11-13 00:30,10,1,9,0,0,0
2022-11-13 00:45,13,3,10,0,0,0
2022-11-13 01:00,10,4,6,0,0,0
2022-11-13 01:15,13,2,11,0,0,0
2022-11-13 01:30,9,4,5,0,0,0
2022-11-13 01:45,8,5,3,0,0,0
2022-11-13 02:00,8,4,4,0,0,0
2022-11-13 02:15,3,0,3,0,0,0
2022-11-13 02:30,1,1,0,0,0,0
2022-11-13 02:45,4,3,1,0,0,0
2022-11-13 03:00,3,0,3,0,0,0
2022-11-13 03:15,3,0,3,0,0,0
2022-11-13 03:30,3,1,2,0,0,0
2022-11-13 03:45,6,0,6,0,0,0
2022-11-13 04:00,8,2,6,0,0,0
2022-11-13 04:15,1,1,0,0,0,0
2022-11-13 04:30,2,1,1,0,0,0
2022-11-13 04:45,2,1,1,0,0,0
2022-11-13 05:00,0,0,0,0,0,0
2022-11-13 05:15,0,0,0,0,0,0
2022-11-13 05:30,3,1,2,0,0,0
2022-11-13 05:45,3,3,0,0,0,0
2022-11-13 06:00,5,4,1,0,0,0
2022-11-13 06:15,2,1,1,0,0,0
2022-11-13 06:30,2,1,1,0,0,0
2022-11-13 06:45,1,1,0,0,0,0
2022-11-13 07:00,1,0,1,0,0,0
2022-11-13 07:15,3,2,1,0,0,0
2022-11-13 07:30,6,6,0,0,0,0
2022-11-13 07:45,5,2,3,0,0,0
2022-11-13 08:00,2,1,1,0,0,0
2022-11-13 08:15,2,0,2,0,0,0
2022-11-13 08:30,5,3,2,0,0,0
2022-11-13 08:45,13,9,4,0,0,0
2022-11-13 09:00,10,4,6,0,0,0
2022-11-13 09:15,2,1,1,0,0,0
2022-11-13 09:30,9,7,2,0,0,0
2022-11-13 09:45,26,22,4,0,0,0
2022-11-13 10:00,10,9,1,0,0,0
2022-11-13 10:15,15,10,5,0,0,0
2022-11-13 10:30,21,13,8,0,0,0
2022-11-13 10:45,30,16,14,0,0,0
2022-11-13 11:00,20,12,8,0,0,0
2022-11-13 11:15,22,13,9,0,0,0
2022-11-13 11:30,25,16,9,0,0,0
2022-11-13 11:45,21,12,9,0,0,0
2022-11-13 12:00,18,6,12,0,0,0
2022-11-13 12:15,34,16,18,0,0,0
2022-11-13 12:30,36,19,17,0,0,0
2022-11-13 12:45,32,23,9,0,0,0
2022-11-13 13:00,24,11,13,0,0,0
2022-11-13 13:15,34,15,19,0,0,0
2022-11-13 13:30,44,25,19,0,0,0
2022-11-13 13:45,41,18,23,0,0,0
2022-11-13 14:00,22,9,13,0,0,0
2022-11-13 14:15,48,34,14,0,0,0
2022-11-13 14:30,32,16,16,0,0,0
2022-11-13 14:45,55,29,26,0,0,0
2022-11-13 15:00,42,26,16,0,0,0
2022-11-13 15:15,45,21,24,0,0,0
2022-11-13 15:30,46,29,17,0,0,0
2022-11-13 15:45,51,23,28,0,0,0
2022-11-13 16:00,30,14,16,0,0,0
2022-11-13 16:15,35,18,17,0,0,0
2022-11-13 16:30,38,25,13,0,0,0
2022-11-13 16:45,51,30,21,0,0,0
2022-11-13 17:00,40,18,22,0,0,0
2022-11-13 17:15,42,25,17,0,0,0
2022-11-13 17:30,15,7,8,0,0,0
2022-11-13 17:45,28,15,13,0,0,0
2022-11-13 18:00,17,8,9,0,0,0
2022-11-13 18:15,25,20,5,0,0,0
2022-11-13 18:30,16,9,7,0,0,0
2022-11-13 18:45,26,15,11,0,0,0
2022-11-13 19:00,14,3,11,0,0,0
2022-11-13 19:15,21,9,12,0,0,0
2022-11-13 19:30,13,8,5,0,0,0
2022-11-13 19:45,11,10,1,0,0,0
2022-11-13 20:00,9,6,3,0,0,0
2022-11-13 20:15,18,4,14,0,0,0
2022-11-13 20:30,7,1,6,0,0,0
2022-11-13 20:45,7,5,2,0,0,0
2022-11-13 21:00,15,2,13,0,0,0
2022-11-13 21:15,7,1,6,0,0,0
2022-11-13 21:30,10,2,8,0,0,0
2022-11-13 21:45,6,4,2,0,0,0
2022-11-13 22:00,8,3,5,0,0,0
2022-11-13 22:15,8,1,7,0,0,0
2022-11-13 22:30,11,4,7,0,0,0
2022-11-13 22:45,2,0,2,0,0,0
2022-11-13 23:00,2,0,2,0,0,0
2022-11-13 23:15,3,1,2,0,0,0
2022-11-13 23:30,2,2,0,0,0,0
2022-11-13 23:45,1,0,1,0,0,0
2022-11-14 00:00,1,0,1,0,0,0
2022-11-14 00:15,0,0,0,0,0,0
2022-11-14 00:30,2,0,2,0,0,0
2022-11-14 00:45,1,1,0,0,0,0
2022-11-14 01:00,0,0,0,0,0,0
2022-11-14 01:15,0,0,0,0,0,0
2022-11-14 01:30,1,1,0,0,0,0
2022-11-14 01:45,0,0,0,0,0,0
2022-11-14 02:00,0,0,0,0,0,0
2022-11-14 02:15,1,1,0,0,0,0
2022-11-14 02:30,0,0,0,0,0,0
2022-11-14 02:45,1,0,1,0,0,0
2022-11-14 03:00,0,0,0,0,0,0
2022-11-14 03:15,1,0,1,0,0,0
2022-11-14 03:30,1,1,0,0,0,0
2022-11-14 03:45,0,0,0,0,0,0
2022-11-14 04:00,1,0,1,0,0,0
2022-11-14 04:15,2,2,0,0,0,0
2022-11-14 04:30,4,4,0,0,0,0
2022-11-14 04:45,2,1,1,0,0,0
2022-11-14 05:00,4,3,1,0,0,0
2022-11-14 05:15,6,3,3,0,0,0
2022-11-14 05:30,5,1,4,0,0,0
2022-11-14 05:45,13,4,9,0,0,0
2022-11-14 06:00,20,10,10,0,0,0
2022-11-14 06:15,18,8,10,0,0,0
2022-11-14 06:30,30,13,17,0,0,0
2022-11-14 06:45,33,16,17,0,0,0
2022-11-14 07:00,49,30,19,0,0,0
2022-11-14 07:15,84,63,21,0,0,0
2022-11-14 07:30,163,133,30,0,0,0
2022-11-14 07:45,102,76,26,0,0,0
2022-11-14 08:00,82,61,21,0,0,0
2022-11-14 08:15,75,49,26,0,0,0
2022-11-14 08:30,76,51,25,0,0,0
2022-11-14 08:45,74,42,32,0,0,0
2022-11-14 09:00,50,32,18,0,0,0
2022-11-14 09:15,33,25,8,0,0,0
2022-11-14 09:30,50,34,16,0,0,0
2022-11-14 09:45,67,51,16,0,0,0
2022-11-14 10:00,46,39,7,0,0,0
2022-11-14 10:15,28,18,10,0,0,0
2022-11-14 10:30,32,28,4,0,0,0
2022-11-14 10:45,57,33,24,0,0,0
2022-11-14 11:00,49,30,19,0,0,0
2022-11-14 11:15,41,23,18,0,0,0
2022-11-14 11:30,37,20,17,0,0,0
2022-11-14 11:45,49,33,16,0,0,0
2022-11-14 12:00,45,23,22,0,0,0
2022-11-14 12:15,47,27,20,0,0,0
2022-11-14 12:30,55,28,27,0,0,0
2022-11-14 12:45,57,29,28,0,0,0
2022-11-14 13:00,69,33,36,0,0,0
2022-11-14 13:15,50,17,33,0,0,0
2022-11-14 13:30,52,31,21,0,0,0
2022-11-14 13:45,69,38,31,0,0,0
2022-11-14 14:00,76,29,47,0,0,0
2022-11-14 14:15,54,32,22,0,0,0
2022-11-14 14:30,59,31,28,0,0,0
2022-11-14 14:45,91,46,45,0,0,0
2022-11-14 15:00,75,45,30,0,0,0
2022-11-14 15:15,80,46,34,0,0,0
2022-11-14 15:30,110,50,60,0,0,0
2022-11-14 15:45,105,60,45,0,0,0
2022-11-14 16:00,120,67,53,0,0,0
2022-11-14 16:15,108,57,51,0,0,0
2022-11-14 16:30,79,37,42,0,0,0
2022-11-14 16:45,69,47,22,0,0,0
2022-11-14 17:00,80,39,41,0,0,0
2022-11-14 17:15,82,38,44,0,0,0
2022-11-14 17:30,85,43,42,0,0,0
2022-11-14 17:45,75,37,38,0,0,0
2022-11-14 18:00,84,38,46,0,0,0
2022-11-14 18:15,60,23,37,0,0,0
2022-11-14 18:30,43,16,27,0,0,0
2022-11-14 18:45,45,22,23,0,0,0
2022-11-14 19:00,44,20,24,0,0,0
2022-11-14 19:15,36,21,15,0,0,0
2022-11-14 19:30,40,25,15,0,0,0
2022-11-14 19:45,50,24,26,0,0,0
2022-11-14 20:00,25,7,18,0,0,0
2022-11-14 20:15,26,10,16,0,0,0
2022-11-14 20:30,17,7,10,0,0,0
2022-11-14 20:45,20,10,10,0,0,0
2022-11-14 21:00,15,10,5,0,0,0
2022-11-14 21:15,21,11,10,0,0,0
2022-11-14 21:30,24,7,17,0,0,0
2022-11-14 21:45,19,5,14,0,0,0
2022-11-14 22:00,11,5,6,0,0,0
2022-11-14 22:15,10,2,8,0,0,0
2022-11-14 22:30,5,3,2,0,0,0
2022-11-14 22:45,5,3,2,0,0,0
2022-11-14 23:00,8,3,5,0,0,0
2022-11-14 23:15,3,0,3,0,0,0
2022-11-14 23:30,4,2,2,0,0,0
2022-11-14 23:45,4,3,1,0,0,0
2022-11-15 00:00,2,0,2,0,0,0
2022-11-15 00:15,2,0,2,0,0,0
2022-11-15 00:30,3,1,2,0,0,0
2022-11-15 00:45,1,0,1,0,0,0
2022-11-15 01:00,0,0,0,0,0,0
2022-11-15 01:15,0,0,0,0,0,0
2022-11-15 01:30,2,1,1,0,0,0
2022-11-15 01:45,0,0,0,0,0,0
2022-11-15 02:00,1,0,1,0,0,0
2022-11-15 02:15,0,0,0,0,0,0
2022-11-15 02:30,0,0,0,0,0,0
2022-11-15 02:45,0,0,0,0,0,0
2022-11-15 03:00,2,1,1,0,0,0
2022-11-15 03:15,0,0,0,0,0,0
2022-11-15 03:30,1,1,0,0,0,0
2022-11-15 03:45,0,0,0,0,0,0
2022-11-15 04:00,2,1,1,0,0,0
2022-11-15 04:15,2,2,0,0,0,0
2022-11-15 04:30,2,2,0,0,0,0
2022-11-15 04:45,2,1,1,0,0,0
2022-11-15 05:00,3,3,0,0,0,0
2022-11-15 05:15,1,0,1,0,0,0
2022-11-15 05:30,7,3,4,0,0,0
2022-11-15 05:45,18,5,13,0,0,0
2022-11-15 06:00,20,11,9,0,0,0
2022-11-15 06:15,27,13,14,0,0,0
2022-11-15 06:30,30,13,17,0,0,0
2022-11-15 06:45,36,18,18,0,0,0
2022-11-15 07:00,53,35,18,0,0,0
2022-11-15 07:15,92,71,21,0,0,0
2022-11-15 07:30,173,139,34,0,0,0
2022-11-15 07:45,97,64,33,0,0,0
2022-11-15 08:00,86,57,29,0,0,0
2022-11-15 08:15,84,59,25,0,0,0
2022-11-15 08:30,56,36,20,0,0,0
2022-11-15 08:45,55,41,14,0,0,0
2022-11-15 09:00,48,36,12,0,0,0
2022-11-15 09:15,35,20,15,0,0,0
2022-11-15 09:30,45,26,19,0,0,0
2022-11-15 09:45,62,36,26,0,0,0
2022-11-15 10:00,49,39,10,0,0,0
2022-11-15 10:15,38,28,10,0,0,0
2022-11-15 10:30,36,24,12,0,0,0
2022-11-15 10:45,37,24,13,0,0,0
2022-11-15 11:00,31,18,13,0,0,0
2022-11-15 11:15,46,26,20,0,0,0
2022-11-15 11:30,36,20,16,0,0,0
2022-11-15 11:45,44,25,19,0,0,0
2022-11-15 12:00,51,29,22,0,0,0
2022-11-15 12:15,57,37,20,0,0,0
2022-11-15 12:30,51,27,24,0,0,0
2022-11-15 12:45,55,30,25,0,0,0
2022-11-15 13:00,68,33,35,0,0,0
2022-11-15 13:15,88,30,58,0,0,0
2022-11-15 13:30,53,25,28,0,0,0
2022-11-15 13:45,65,31,34,0,0,0
2022-11-15 14:00,73,34,39,0,0,0
2022-11-15 14:15,58,22,36,0,0,0
2022-11-15 14:30,60,34,26,0,0,0
2022-11-15 14:45,80,49,31,0,0,0
2022-11-15 15:00,57,28,29,0,0,0
2022-11-15 15:15,95,57,38,0,0,0
2022-11-15 15:30,78,44,34,0,0,0
2022-11-15 15:45,92,47,45,0,0,0
2022-11-15 16:00,115,63,52,0,0,0
2022-11-15 16:15,87,55,32,0,0,0
2022-11-15 16:30,99,61,38,0,0,0
2022-11-15 16:45,85,64,21,0,0,0
2022-11-15 17:00,81,45,36,0,0,0
2022-11-15 17:15,87,51,36,0,0,0
2022-11-15 17:30,94,46,48,0,0,0
2022-11-15 17:45,91,55,36,0,0,0
2022-11-15 18:00,76,35,41,0,0,0
2022-11-15 18:15,63,31,32,0,0,0
2022-11-15 18:30,54,26,28,0,0,0
2022-11-15 18:45,52,24,28,0,0,0
2022-11-15 19:00,50,18,32,0,0,0
2022-11-15 19:15,41,19,22,0,0,0
2022-11-15 19:30,35,18,17,0,0,0
2022-11-15 19:45,37,20,17,0,0,0
2022-11-15 20:00,32,18,14,0,0,0
2022-11-15 20:15,30,4,26,0,0,0
2022-11-15 20:30,18,5,13,0,0,0
2022-11-15 20:45,20,11,9,0,0,0
2022-11-15 21:00,21,9,12,0,0,0
2022-11-15 21:15,21,3,18,0,0,0
2022-11-15 21:30,24,12,12,0,0,0
2022-11-15 21:45,24,3,21,0,0,0
2022-11-15 22:00,19,7,12,0,0,0
2022-11-15 22:15,23,6,17,0,0,0
2022-11-15 22:30,9,2,7,0,0,0
2022-11-15 22:45,13,1,12,0,0,0
2022-11-15 23:00,9,0,9,0,0,0
2022-11-15 23:15,5,3,2,0,0,0
2022-11-15 23:30,5,0,5,0,0,0
2022-11-15 23:45,5,3,2,0,0,0
