Datetime,100034978 (Gartenstraße),101034978 (Gartenstraße einwärts),102034978 (Gartenstraße auswärts),100034978-status,101034978-status,102034978-status
2023-10-01 00:00,9,4,5,0,0,0
2023-10-01 00:15,7,4,3,0,0,0
2023-10-01 00:30,8,1,7,0,0,0
2023-10-01 00:45,4,0,4,0,0,0
2023-10-01 01:00,3,2,1,0,0,0
2023-10-01 01:15,4,3,1,0,0,0
2023-10-01 01:30,0,0,0,0,0,0
2023-10-01 01:45,7,0,7,0,0,0
2023-10-01 02:00,5,2,3,0,0,0
2023-10-01 02:15,6,6,0,0,0,0
2023-10-01 02:30,2,0,2,0,0,0
2023-10-01 02:45,3,0,3,0,0,0
2023-10-01 03:00,4,2,2,0,0,0
2023-10-01 03:15,4,2,2,0,0,0
2023-10-01 03:30,0,0,0,0,0,0
2023-10-01 03:45,4,0,4,0,0,0
2023-10-01 04:00,1,0,1,0,0,0
2023-10-01 04:15,4,0,4,0,0,0
2023-10-01 04:30,1,0,1,0,0,0
2023-10-01 04:45,1,1,0,0,0,0
2023-10-01 05:00,1,0,1,0,0,0
2023-10-01 05:15,4,2,2,0,0,0
2023-10-01 05:30,3,2,1,0,0,0
2023-10-01 05:45,1,1,0,0,0,0
2023-10-01 06:00,3,1,2,0,0,0
2023-10-01 06:15,4,3,1,0,0,0
2023-10-01 06:30,2,1,1,0,0,0
2023-10-01 06:45,1,0,1,0,0,0
2023-10-01 07:00,1,1,0,0,0,0
2023-10-01 07:15,0,0,0,0,0,0
2023-10-01 07:30,8,5,3,0,0,0
2023-10-01 07:45,3,3,0,0,0,0
2023-10-01 08:00,2,1,1,0,0,0
2023-10-01 08:15,3,2,1,0,0,0
2023-10-01 08:30,5,5,0,0,0,0
2023-10-01 08:45,10,8,2,0,0,0
2023-10-01 09:00,13,7,6,0,0,0
2023-10-01 09:15,10,5,5,0,0,0
2023-10-01 09:30,23,15,8,0,0,0
2023-10-01 09:45,15,13,2,0,0,0
2023-10-01 10:00,8,3,5,0,0,0
2023-10-01 10:15,12,7,5,0,0,0
2023-10-01 10:30,19,11,8,0,0,0
2023-10-01 10:45,24,8,16,0,0,0
2023-10-01 11:00,6,6,0,0,0,0
2023-10-01 11:15,13,9,4,0,0,0
2023-10-01 11:30,15,7,8,0,0,0
2023-10-01 11:45,20,11,9,0,0,0
2023-10-01 12:00,23,10,13,0,0,0
2023-10-01 12:15,25,21,4,0,0,0
2023-10-01 12:30,34,20,14,0,0,0
2023-10-01 12:45,22,15,7,0,0,0
2023-10-01 13:00,35,14,21,0,0,0
2023-10-01 13:15,39,21,18,0,0,0
2023-10-01 13:30,21,12,9,0,0,0
2023-10-01 13:45,37,17,20,0,0,0
2023-10-01 14:00,34,19,15,0,0,0
2023-10-01 14:15,30,14,16,0,0,0
2023-10-01 14:30,35,20,15,0,0,0
2023-10-01 14:45,26,15,11,0,0,0
2023-10-01 15:00,33,17,16,0,0,0
2023-10-01 15:15,41,29,12,0,0,0
2023-10-01 15:30,44,25,19,0,0,0
2023-10-01 15:45,35,17,18,0,0,0
2023-10-01 16:00,30,14,16,0,0,0
2023-10-01 16:15,36,27,9,0,0,0
2023-10-01 16:30,38,25,13,0,0,0
2023-10-01 16:45,34,25,9,0,0,0
2023-10-01 17:00,35,21,14,0,0,0
2023-10-01 17:15,40,20,20,0,0,0
2023-10-01 17:30,43,22,21,0,0,0
2023-10-01 17:45,46,31,15,0,0,0
2023-10-01 18:00,41,22,19,0,0,0
2023-10-01 18:15,40,18,22,0,0,0
2023-10-01 18:30,35,15,20,0,0,0
2023-10-01 18:45,26,13,13,0,0,0
2023-10-01 19:00,27,14,13,0,0,0
2023-10-01 19:15,21,12,9,0,0,0
2023-10-01 19:30,28,10,18,0,0,0
2023-10-01 19:45,21,4,17,0,0,0
2023-10-01 20:00,19,14,5,0,0,0
2023-10-01 20:15,14,6,8,0,0,0
2023-10-01 20:30,11,6,5,0,0,0
2023-10-01 20:45,16,7,9,0,0,0
2023-10-01 21:00,11,2,9,0,0,0
2023-10-01 21:15,8,3,5,0,0,0
2023-10-01 21:30,8,4,4,0,0,0
2023-10-01 21:45,12,4,8,0,0,0
2023-10-01 22:00,11,2,9,0,0,0
2023-10-01 22:15,6,1,5,0,0,0
2023-10-01 22:30,13,2,11,0,0,0
2023-10-01 22:45,4,1,3,0,0,0
2023-10-01 23:00,4,2,2,0,0,0
2023-10-01 23:15,4,3,1,0,0,0
2023-10-01 23:30,4,1,3,0,0,0
2023-10-01 23:45,4,0,4,0,0,0
2023-10-02 00:00,0,0,0,0,0,0
2023-10-02 00:15,2,1,1,0,0,0
2023-10-02 00:30,3,0,3,0,0,0
2023-10-02 00:45,0,0,0,0,0,0
2023-10-02 01:00,2,0,2,0,0,0
2023-10-02 01:15,0,0,0,0,0,0
2023-10-02 01:30,0,0,0,0,0,0
2023-10-02 01:45,1,1,0,0,0,0
2023-10-02 02:00,1,1,0,0,0,0
2023-10-02 02:15,1,1,0,0,0,0
2023-10-02 02:30,2,0,2,0,0,0
2023-10-02 02:45,0,0,0,0,0,0
2023-10-02 03:00,1,0,1,0,0,0
2023-10-02 03:15,0,0,0,0,0,0
2023-10-02 03:30,1,1,0,0,0,0
2023-10-02 03:45,2,1,1,0,0,0
2023-10-02 04:00,2,1,1,0,0,0
2023-10-02 04:15,0,0,0,0,0,0
2023-10-02 04:30,1,1,0,0,0,0
2023-10-02 04:45,1,1,0,0,0,0
2023-10-02 05:00,3,2,1,0,0,0
2023-10-02 05:15,6,6,0,0,0,0
2023-10-02 05:30,5,2,3,0,0,0
2023-10-02 05:45,5,3,2,0,0,0
2023-10-02 06:00,10,4,6,0,0,0
2023-10-02 06:15,14,5,9,0,0,0
2023-10-02 06:30,21,9,12,0,0,0
2023-10-02 06:45,35,17,18,0,0,0
2023-10-02 07:00,21,14,7,0,0,0
2023-10-02 07:15,31,19,12,0,0,0
2023-10-02 07:30,48,37,11,0,0,0
2023-10-02 07:45,62,35,27,0,0,0
2023-10-02 08:00,37,28,9,0,0,0
2023-10-02 08:15,35,24,11,0,0,0
2023-10-02 08:30,44,30,14,0,0,0
2023-10-02 08:45,29,20,9,0,0,0
2023-10-02 09:00,24,15,9,0,0,0
2023-10-02 09:15,43,32,11,0,0,0
2023-10-02 09:30,45,36,9,0,0,0
2023-10-02 09:45,45,35,10,0,0,0
2023-10-02 10:00,37,27,10,0,0,0
2023-10-02 10:15,31,21,10,0,0,0
2023-10-02 10:30,39,23,16,0,0,0
2023-10-02 10:45,41,29,12,0,0,0
2023-10-02 11:00,39,20,19,0,0,0
2023-10-02 11:15,46,30,16,0,0,0
2023-10-02 11:30,58,38,20,0,0,0
2023-10-02 11:45,52,28,24,0,0,0
2023-10-02 12:00,41,24,17,0,0,0
2023-10-02 12:15,60,36,24,0,0,0
2023-10-02 12:30,47,28,19,0,0,0
2023-10-02 12:45,41,27,14,0,0,0
2023-10-02 13:00,50,22,28,0,0,0
2023-10-02 13:15,48,25,23,0,0,0
2023-10-02 13:30,51,30,21,0,0,0
2023-10-02 13:45,43,24,19,0,0,0
2023-10-02 14:00,56,31,25,0,0,0
2023-10-02 14:15,45,18,27,0,0,0
2023-10-02 14:30,63,31,32,0,0,0
2023-10-02 14:45,60,46,14,0,0,0
2023-10-02 15:00,49,29,20,0,0,0
2023-10-02 15:15,64,34,30,0,0,0
2023-10-02 15:30,69,38,31,0,0,0
2023-10-02 15:45,66,35,31,0,0,0
2023-10-02 16:00,72,38,34,0,0,0
2023-10-02 16:15,73,37,36,0,0,0
2023-10-02 16:30,77,40,37,0,0,0
2023-10-02 16:45,54,33,21,0,0,0
2023-10-02 17:00,78,42,36,0,0,0
2023-10-02 17:15,80,36,44,0,0,0
2023-10-02 17:30,66,38,28,0,0,0
2023-10-02 17:45,67,36,31,0,0,0
2023-10-02 18:00,69,32,37,0,0,0
2023-10-02 18:15,57,29,28,0,0,0
2023-10-02 18:30,70,37,33,0,0,0
2023-10-02 18:45,63,37,26,0,0,0
2023-10-02 19:00,54,26,28,0,0,0
2023-10-02 19:15,47,13,34,0,0,0
2023-10-02 19:30,60,24,36,0,0,0
2023-10-02 19:45,62,26,36,0,0,0
2023-10-02 20:00,37,18,19,0,0,0
2023-10-02 20:15,21,15,6,0,0,0
2023-10-02 20:30,28,12,16,0,0,0
2023-10-02 20:45,19,9,10,0,0,0
2023-10-02 21:00,20,9,11,0,0,0
2023-10-02 21:15,18,5,13,0,0,0
2023-10-02 21:30,27,15,12,0,0,0
2023-10-02 21:45,15,11,4,0,0,0
2023-10-02 22:00,29,12,17,0,0,0
2023-10-02 22:15,12,6,6,0,0,0
2023-10-02 22:30,17,7,10,0,0,0
2023-10-02 22:45,22,6,16,0,0,0
2023-10-02 23:00,10,7,3,0,0,0
2023-10-02 23:15,8,4,4,0,0,0
2023-10-02 23:30,6,4,2,0,0,0
2023-10-02 23:45,6,1,5,0,0,0
2023-10-03 00:00,9,1,8,0,0,0
2023-10-03 00:15,10,6,4,0,0,0
2023-10-03 00:30,8,5,3,0,0,0
2023-10-03 00:45,7,1,6,0,0,0
2023-10-03 01:00,4,1,3,0,0,0
2023-10-03 01:15,9,1,8,0,0,0
2023-10-03 01:30,4,0,4,0,0,0
2023-10-03 01:45,6,1,5,0,0,0
2023-10-03 02:00,1,1,0,0,0,0
2023-10-03 02:15,3,0,3,0,0,0
2023-10-03 02:30,7,1,6,0,0,0
2023-10-03 02:45,2,1,1,0,0,0
2023-10-03 03:00,3,1,2,0,0,0
2023-10-03 03:15,8,0,8,0,0,0
2023-10-03 03:30,3,1,2,0,0,0
2023-10-03 03:45,4,0,4,0,0,0
2023-10-03 04:00,1,1,0,0,0,0
2023-10-03 04:15,2,1,1,0,0,0
2023-10-03 04:30,4,0,4,0,0,0
2023-10-03 04:45,1,1,0,0,0,0
2023-10-03 05:00,2,2,0,0,0,0
2023-10-03 05:15,6,3,3,0,0,0
2023-10-03 05:30,4,2,2,0,0,0
2023-10-03 05:45,2,2,0,0,0,0
2023-10-03 06:00,1,1,0,0,0,0
2023-10-03 06:15,2,1,1,0,0,0
2023-10-03 06:30,2,2,0,0,0,0
2023-10-03 06:45,3,1,2,0,0,0
2023-10-03 07:00,4,3,1,0,0,0
2023-10-03 07:15,5,3,2,0,0,0
2023-10-03 07:30,3,2,1,0,0,0
2023-10-03 07:45,11,9,2,0,0,0
2023-10-03 08:00,6,1,5,0,0,0
2023-10-03 08:15,10,8,2,0,0,0
2023-10-03 08:30,11,8,3,0,0,0
2023-10-03 08:45,18,9,9,0,0,0
2023-10-03 09:00,13,6,7,0,0,0
2023-10-03 09:15,16,11,5,0,0,0
2023-10-03 09:30,14,7,7,0,0,0
2023-10-03 09:45,11,5,6,0,0,0
2023-10-03 10:00,14,9,5,0,0,0
2023-10-03 10:15,17,9,8,0,0,0
2023-10-03 10:30,20,13,7,0,0,0
2023-10-03 10:45,24,19,5,0,0,0
2023-10-03 11:00,21,14,7,0,0,0
2023-10-03 11:15,24,12,12,0,0,0
2023-10-03 11:30,19,12,7,0,0,0
2023-10-03 11:45,21,11,10,0,0,0
2023-10-03 12:00,20,9,11,0,0,0
2023-10-03 12:15,26,18,8,0,0,0
2023-10-03 12:30,18,10,8,0,0,0
2023-10-03 12:45,27,18,9,0,0,0
2023-10-03 13:00,18,6,12,0,0,0
2023-10-03 13:15,26,9,17,0,0,0
2023-10-03 13:30,23,11,12,0,0,0
2023-10-03 13:45,23,12,11,0,0,0
2023-10-03 14:00,28,20,8,0,0,0
2023-10-03 14:15,29,20,9,0,0,0
2023-10-03 14:30,16,8,8,0,0,0
2023-10-03 14:45,29,15,14,0,0,0
2023-10-03 15:00,21,14,7,0,0,0
2023-10-03 15:15,20,4,16,0,0,0
2023-10-03 15:30,30,10,20,0,0,0
2023-10-03 15:45,20,5,15,0,0,0
2023-10-03 16:00,31,7,24,0,0,0
2023-10-03 16:15,23,6,17,0,0,0
2023-10-03 16:30,19,5,14,0,0,0
2023-10-03 16:45,35,22,13,0,0,0
2023-10-03 17:00,14,9,5,0,0,0
2023-10-03 17:15,17,8,9,0,0,0
2023-10-03 17:30,32,14,18,0,0,0
2023-10-03 17:45,31,11,20,0,0,0
2023-10-03 18:00,18,13,5,0,0,0
2023-10-03 18:15,25,15,10,0,0,0
2023-10-03 18:30,23,12,11,0,0,0
2023-10-03 18:45,33,20,13,0,0,0
2023-10-03 19:00,31,16,15,0,0,0
2023-10-03 19:15,22,14,8,0,0,0
2023-10-03 19:30,16,9,7,0,0,0
2023-10-03 19:45,23,8,15,0,0,0
2023-10-03 20:00,11,6,5,0,0,0
2023-10-03 20:15,19,5,14,0,0,0
2023-10-03 20:30,13,9,4,0,0,0
2023-10-03 20:45,6,6,0,0,0,0
2023-10-03 21:00,9,4,5,0,0,0
2023-10-03 21:15,18,7,11,0,0,0
2023-10-03 21:30,15,6,9,0,0,0
2023-10-03 21:45,21,10,11,0,0,0
2023-10-03 22:00,7,1,6,0,0,0
2023-10-03 22:15,6,3,3,0,0,0
2023-10-03 22:30,10,5,5,0,0,0
2023-10-03 22:45,9,3,6,0,0,0
2023-10-03 23:00,8,3,5,0,0,0
2023-10-03 23:15,8,1,7,0,0,0
2023-10-03 23:30,2,1,1,0,0,0
2023-10-03 23:45,4,1,3,0,0,0
2023-10-04 00:00,5,1,4,0,0,0
2023-10-04 00:15,0,0,0,0,0,0
2023-10-04 00:30,6,1,5,0,0,0
2023-10-04 00:45,6,3,3,0,0,0
2023-10-04 01:00,1,0,1,0,0,0
2023-10-04 01:15,1,0,1,0,0,0
2023-10-04 01:30,4,1,3,0,0,0
2023-10-04 01:45,4,1,3,0,0,0
2023-10-04 02:00,2,0,2,0,0,0
2023-10-04 02:15,0,0,0,0,0,0
2023-10-04 02:30,2,1,1,0,0,0
2023-10-04 02:45,3,0,3,0,0,0
2023-10-04 03:00,0,0,0,0,0,0
2023-10-04 03:15,0,0,0,0,0,0
2023-10-04 03:30,1,0,1,0,0,0
2023-10-04 03:45,1,0,1,0,0,0
2023-10-04 04:00,1,0,1,0,0,0
2023-10-04 04:15,0,0,0,0,0,0
2023-10-04 04:30,3,2,1,0,0,0
2023-10-04 04:45,5,5,0,0,0,0
2023-10-04 05:00,1,0,1,0,0,0
2023-10-04 05:15,6,5,1,0,0,0
2023-10-04 05:30,12,6,6,0,0,0
2023-10-04 05:45,11,8,3,0,0,0
2023-10-04 06:00,12,5,7,0,0,0
2023-10-04 06:15,35,13,22,0,0,0
2023-10-04 06:30,36,14,22,0,0,0
2023-10-04 06:45,34,21,13,0,0,0
2023-10-04 07:00,46,27,19,0,0,0
2023-10-04 07:15,55,36,19,0,0,0
2023-10-04 07:30,74,47,27,0,0,0
2023-10-04 07:45,75,43,32,0,0,0
2023-10-04 08:00,55,32,23,0,0,0
2023-10-04 08:15,67,43,24,0,0,0
2023-10-04 08:30,61,43,18,0,0,0
2023-10-04 08:45,64,46,18,0,0,0
2023-10-04 09:00,39,33,6,0,0,0
2023-10-04 09:15,40,25,15,0,0,0
2023-10-04 09:30,48,32,16,0,0,0
2023-10-04 09:45,47,32,15,0,0,0
2023-10-04 10:00,49,35,14,0,0,0
2023-10-04 10:15,38,28,10,0,0,0
2023-10-04 10:30,39,26,13,0,0,0
2023-10-04 10:45,66,45,21,0,0,0
2023-10-04 11:00,49,31,18,0,0,0
2023-10-04 11:15,41,30,11,0,0,0
2023-10-04 11:30,46,26,20,0,0,0
2023-10-04 11:45,57,41,16,0,0,0
2023-10-04 12:00,52,25,27,0,0,0
2023-10-04 12:15,59,27,32,0,0,0
2023-10-04 12:30,43,29,14,0,0,0
2023-10-04 12:45,51,30,21,0,0,0
2023-10-04 13:00,38,17,21,0,0,0
2023-10-04 13:15,57,22,35,0,0,0
2023-10-04 13:30,51,21,30,0,0,0
2023-10-04 13:45,49,23,26,0,0,0
2023-10-04 14:00,47,23,24,0,0,0
2023-10-04 14:15,57,31,26,0,0,0
2023-10-04 14:30,52,25,27,0,0,0
2023-10-04 14:45,63,39,24,0,0,0
2023-10-04 15:00,55,31,24,0,0,0
2023-10-04 15:15,68,42,26,0,0,0
2023-10-04 15:30,70,35,35,0,0,0
2023-10-04 15:45,75,43,32,0,0,0
2023-10-04 16:00,74,43,31,0,0,0
2023-10-04 16:15,86,52,34,0,0,0
2023-10-04 16:30,94,65,29,0,0,0
2023-10-04 16:45,82,49,33,0,0,0
2023-10-04 17:00,77,43,34,0,0,0
2023-10-04 17:15,87,53,34,0,0,0
2023-10-04 17:30,75,43,32,0,0,0
2023-10-04 17:45,76,38,38,0,0,0
2023-10-04 18:00,82,45,37,0,0,0
2023-10-04 18:15,47,27,20,0,0,0
2023-10-04 18:30,54,21,33,0,0,0
2023-10-04 18:45,44,24,20,0,0,0
2023-10-04 19:00,49,32,17,0,0,0
2023-10-04 19:15,47,17,30,0,0,0
2023-10-04 19:30,41,13,28,0,0,0
2023-10-04 19:45,30,18,12,0,0,0
2023-10-04 20:00,26,15,11,0,0,0
2023-10-04 20:15,31,15,16,0,0,0
2023-10-04 20:30,27,15,12,0,0,0
2023-10-04 20:45,25,15,10,0,0,0
2023-10-04 21:00,25,10,15,0,0,0
2023-10-04 21:15,28,7,21,0,0,0
2023-10-04 21:30,29,7,22,0,0,0
2023-10-04 21:45,40,19,21,0,0,0
2023-10-04 22:00,21,6,15,0,0,0
2023-10-04 22:15,17,6,11,0,0,0
2023-10-04 22:30,17,6,11,0,0,0
2023-10-04 22:45,11,6,5,0,0,0
2023-10-04 23:00,9,2,7,0,0,0
2023-10-04 23:15,10,2,8,0,0,0
2023-10-04 23:30,8,1,7,0,0,0
2023-10-04 23:45,5,1,4,0,0,0
2023-10-05 00:00,9,6,3,0,0,0
2023-10-05 00:15,3,1,2,0,0,0
2023-10-05 00:30,4,1,3,0,0,0
2023-10-05 00:45,3,1,2,0,0,0
2023-10-05 01:00,2,2,0,0,0,0
2023-10-05 01:15,5,1,4,0,0,0
2023-10-05 01:30,3,0,3,0,0,0
2023-10-05 01:45,2,0,2,0,0,0
2023-10-05 02:00,2,0,2,0,0,0
2023-10-05 02:15,5,1,4,0,0,0
2023-10-05 02:30,3,0,3,0,0,0
2023-10-05 02:45,3,1,2,0,0,0
2023-10-05 03:00,3,0,3,0,0,0
2023-10-05 03:15,5,1,4,0,0,0
2023-10-05 03:30,3,0,3,0,0,0
2023-10-05 03:45,4,0,4,0,0,0
2023-10-05 04:00,0,0,0,0,0,0
2023-10-05 04:15,0,0,0,0,0,0
2023-10-05 04:30,3,3,0,0,0,0
2023-10-05 04:45,5,4,1,0,0,0
2023-10-05 05:00,2,1,1,0,0,0
2023-10-05 05:15,5,4,1,0,0,0
2023-10-05 05:30,10,3,7,0,0,0
2023-10-05 05:45,8,7,1,0,0,0
2023-10-05 06:00,19,8,11,0,0,0
2023-10-05 06:15,19,10,9,0,0,0
2023-10-05 06:30,33,19,14,0,0,0
2023-10-05 06:45,34,15,19,0,0,0
2023-10-05 07:00,43,21,22,0,0,0
2023-10-05 07:15,41,20,21,0,0,0
2023-10-05 07:30,54,34,20,0,0,0
2023-10-05 07:45,77,50,27,0,0,0
2023-10-05 08:00,55,35,20,0,0,0
2023-10-05 08:15,39,26,13,0,0,0
2023-10-05 08:30,68,38,30,0,0,0
2023-10-05 08:45,48,29,19,0,0,0
2023-10-05 09:00,46,35,11,0,0,0
2023-10-05 09:15,47,34,13,0,0,0
2023-10-05 09:30,52,40,12,0,0,0
2023-10-05 09:45,47,30,17,0,0,0
2023-10-05 10:00,41,28,13,0,0,0
2023-10-05 10:15,46,33,13,0,0,0
2023-10-05 10:30,42,28,14,0,0,0
2023-10-05 10:45,46,32,14,0,0,0
2023-10-05 11:00,35,22,13,0,0,0
2023-10-05 11:15,46,29,17,0,0,0
2023-10-05 11:30,39,27,12,0,0,0
2023-10-05 11:45,44,23,21,0,0,0
2023-10-05 12:00,38,23,15,0,0,0
2023-10-05 12:15,44,22,22,0,0,0
2023-10-05 12:30,39,27,12,0,0,0
2023-10-05 12:45,41,27,14,0,0,0
2023-10-05 13:00,42,21,21,0,0,0
2023-10-05 13:15,49,32,17,0,0,0
2023-10-05 13:30,55,28,27,0,0,0
2023-10-05 13:45,44,30,14,0,0,0
2023-10-05 14:00,42,24,18,0,0,0
2023-10-05 14:15,49,30,19,0,0,0
2023-10-05 14:30,53,35,18,0,0,0
2023-10-05 14:45,69,47,22,0,0,0
2023-10-05 15:00,53,29,24,0,0,0
2023-10-05 15:15,52,33,19,0,0,0
2023-10-05 15:30,62,30,32,0,0,0
2023-10-05 15:45,95,52,43,0,0,0
2023-10-05 16:00,65,36,29,0,0,0
2023-10-05 16:15,76,43,33,0,0,0
2023-10-05 16:30,87,48,39,0,0,0
2023-10-05 16:45,66,41,25,0,0,0
2023-10-05 17:00,65,40,25,0,0,0
2023-10-05 17:15,77,37,40,0,0,0
2023-10-05 17:30,67,44,23,0,0,0
2023-10-05 17:45,55,30,25,0,0,0
2023-10-05 18:00,49,26,23,0,0,0
2023-10-05 18:15,60,33,27,0,0,0
2023-10-05 18:30,52,25,27,0,0,0
2023-10-05 18:45,48,23,25,0,0,0
2023-10-05 19:00,38,20,18,0,0,0
2023-10-05 19:15,48,22,26,0,0,0
2023-10-05 19:30,33,13,20,0,0,0
2023-10-05 19:45,37,22,15,0,0,0
2023-10-05 20:00,21,9,12,0,0,0
2023-10-05 20:15,41,17,24,0,0,0
2023-10-05 20:30,26,13,13,0,0,0
2023-10-05 20:45,13,4,9,0,0,0
2023-10-05 21:00,10,3,7,0,0,0
2023-10-05 21:15,23,15,8,0,0,0
2023-10-05 21:30,18,8,10,0,0,0
2023-10-05 21:45,24,5,19,0,0,0
2023-10-05 22:00,8,6,2,0,0,0
2023-10-05 22:15,19,7,12,0,0,0
2023-10-05 22:30,7,2,5,0,0,0
2023-10-05 22:45,9,5,4,0,0,0
2023-10-05 23:00,6,2,4,0,0,0
2023-10-05 23:15,6,1,5,0,0,0
2023-10-05 23:30,11,5,6,0,0,0
2023-10-05 23:45,3,1,2,0,0,0
2023-10-06 00:00,3,1,2,0,0,0
2023-10-06 00:15,2,0,2,0,0,0
2023-10-06 00:30,3,0,3,0,0,0
2023-10-06 00:45,3,3,0,0,0,0
2023-10-06 01:00,4,2,2,0,0,0
2023-10-06 01:15,3,0,3,0,0,0
2023-10-06 01:30,6,1,5,0,0,0
2023-10-06 01:45,2,0,2,0,0,0
2023-10-06 02:00,2,0,2,0,0,0
2023-10-06 02:15,2,1,1,0,0,0
2023-10-06 02:30,6,0,6,0,0,0
2023-10-06 02:45,3,0,3,0,0,0
2023-10-06 03:00,4,1,3,0,0,0
2023-10-06 03:15,4,1,3,0,0,0
2023-10-06 03:30,1,0,1,0,0,0
2023-10-06 03:45,3,1,2,0,0,0
2023-10-06 04:00,6,2,4,0,0,0
2023-10-06 04:15,1,0,1,0,0,0
2023-10-06 04:30,1,1,0,0,0,0
2023-10-06 04:45,5,4,1,0,0,0
2023-10-06 05:00,1,0,1,0,0,0
2023-10-06 05:15,11,7,4,0,0,0
2023-10-06 05:30,9,3,6,0,0,0
2023-10-06 05:45,8,5,3,0,0,0
2023-10-06 06:00,13,9,4,0,0,0
2023-10-06 06:15,29,15,14,0,0,0
2023-10-06 06:30,23,11,12,0,0,0
2023-10-06 06:45,29,20,9,0,0,0
2023-10-06 07:00,39,24,15,0,0,0
2023-10-06 07:15,36,22,14,0,0,0
2023-10-06 07:30,42,26,16,0,0,0
2023-10-06 07:45,57,33,24,0,0,0
2023-10-06 08:00,53,32,21,0,0,0
2023-10-06 08:15,51,32,19,0,0,0
2023-10-06 08:30,44,34,10,0,0,0
2023-10-06 08:45,46,31,15,0,0,0
2023-10-06 09:00,33,26,7,0,0,0
2023-10-06 09:15,34,25,9,0,0,0
2023-10-06 09:30,56,39,17,0,0,0
2023-10-06 09:45,35,24,11,0,0,0
2023-10-06 10:00,31,18,13,0,0,0
2023-10-06 10:15,29,26,3,0,0,0
2023-10-06 10:30,33,26,7,0,0,0
2023-10-06 10:45,41,27,14,0,0,0
2023-10-06 11:00,39,21,18,0,0,0
2023-10-06 11:15,41,27,14,0,0,0
2023-10-06 11:30,44,30,14,0,0,0
2023-10-06 11:45,43,24,19,0,0,0
2023-10-06 12:00,47,27,20,0,0,0
2023-10-06 12:15,56,28,28,0,0,0
2023-10-06 12:30,47,27,20,0,0,0
2023-10-06 12:45,53,31,22,0,0,0
2023-10-06 13:00,39,19,20,0,0,0
2023-10-06 13:15,56,33,23,0,0,0
2023-10-06 13:30,56,34,22,0,0,0
2023-10-06 13:45,55,29,26,0,0,0
2023-10-06 14:00,58,38,20,0,0,0
2023-10-06 14:15,39,24,15,0,0,0
2023-10-06 14:30,54,32,22,0,0,0
2023-10-06 14:45,67,38,29,0,0,0
2023-10-06 15:00,50,23,27,0,0,0
2023-10-06 15:15,81,44,37,0,0,0
2023-10-06 15:30,60,32,28,0,0,0
2023-10-06 15:45,56,29,27,0,0,0
2023-10-06 16:00,61,31,30,0,0,0
2023-10-06 16:15,67,34,33,0,0,0
2023-10-06 16:30,54,30,24,0,0,0
2023-10-06 16:45,54,31,23,0,0,0
2023-10-06 17:00,46,26,20,0,0,0
2023-10-06 17:15,58,22,36,0,0,0
2023-10-06 17:30,52,28,24,0,0,0
2023-10-06 17:45,48,21,27,0,0,0
2023-10-06 18:00,58,29,29,0,0,0
2023-10-06 18:15,46,26,20,0,0,0
2023-10-06 18:30,46,26,20,0,0,0
2023-10-06 18:45,55,31,24,0,0,0
2023-10-06 19:00,57,36,21,0,0,0
2023-10-06 19:15,35,14,21,0,0,0
2023-10-06 19:30,28,16,12,0,0,0
2023-10-06 19:45,44,23,21,0,0,0
2023-10-06 20:00,26,19,7,0,0,0
2023-10-06 20:15,31,20,11,0,0,0
2023-10-06 20:30,39,15,24,0,0,0
2023-10-06 20:45,20,13,7,0,0,0
2023-10-06 21:00,23,8,15,0,0,0
2023-10-06 21:15,21,6,15,0,0,0
2023-10-06 21:30,23,9,14,0,0,0
2023-10-06 21:45,36,15,21,0,0,0
2023-10-06 22:00,8,3,5,0,0,0
2023-10-06 22:15,23,3,20,0,0,0
2023-10-06 22:30,21,8,13,0,0,0
2023-10-06 22:45,22,10,12,0,0,0
2023-10-06 23:00,12,2,10,0,0,0
2023-10-06 23:15,10,2,8,0,0,0
2023-10-06 23:30,4,2,2,0,0,0
2023-10-06 23:45,9,1,8,0,0,0
2023-10-07 00:00,9,2,7,0,0,0
2023-10-07 00:15,9,3,6,0,0,0
2023-10-07 00:30,8,1,7,0,0,0
2023-10-07 00:45,10,4,6,0,0,0
2023-10-07 01:00,9,4,5,0,0,0
2023-10-07 01:15,3,1,2,0,0,0
2023-10-07 01:30,3,0,3,0,0,0
2023-10-07 01:45,9,2,7,0,0,0
2023-10-07 02:00,0,0,0,0,0,0
2023-10-07 02:15,6,0,6,0,0,0
2023-10-07 02:30,2,0,2,0,0,0
2023-10-07 02:45,8,0,8,0,0,0
2023-10-07 03:00,5,0,5,0,0,0
2023-10-07 03:15,2,0,2,0,0,0
2023-10-07 03:30,1,0,1,0,0,0
2023-10-07 03:45,2,1,1,0,0,0
2023-10-07 04:00,2,2,0,0,0,0
2023-10-07 04:15,3,1,2,0,0,0
2023-10-07 04:30,6,2,4,0,0,0
2023-10-07 04:45,4,1,3,0,0,0
2023-10-07 05:00,1,0,1,0,0,0
2023-10-07 05:15,1,1,0,0,0,0
2023-10-07 05:30,4,4,0,0,0,0
2023-10-07 05:45,3,2,1,0,0,0
2023-10-07 06:00,4,2,2,0,0,0
2023-10-07 06:15,3,1,2,0,0,0
2023-10-07 06:30,2,2,0,0,0,0
2023-10-07 06:45,8,5,3,0,0,0
2023-10-07 07:00,6,3,3,0,0,0
2023-10-07 07:15,9,7,2,0,0,0
2023-10-07 07:30,7,7,0,0,0,0
2023-10-07 07:45,10,9,1,0,0,0
2023-10-07 08:00,15,13,2,0,0,0
2023-10-07 08:15,12,8,4,0,0,0
2023-10-07 08:30,18,15,3,0,0,0
2023-10-07 08:45,20,13,7,0,0,0
2023-10-07 09:00,22,15,7,0,0,0
2023-10-07 09:15,17,14,3,0,0,0
2023-10-07 09:30,27,19,8,0,0,0
2023-10-07 09:45,34,25,9,0,0,0
2023-10-07 10:00,48,38,10,0,0,0
2023-10-07 10:15,38,33,5,0,0,0
2023-10-07 10:30,45,31,14,0,0,0
2023-10-07 10:45,40,24,16,0,0,0
2023-10-07 11:00,33,23,10,0,0,0
2023-10-07 11:15,48,29,19,0,0,0
2023-10-07 11:30,43,31,12,0,0,0
2023-10-07 11:45,52,35,17,0,0,0
2023-10-07 12:00,48,30,18,0,0,0
2023-10-07 12:15,45,28,17,0,0,0
2023-10-07 12:30,57,34,23,0,0,0
2023-10-07 12:45,55,40,15,0,0,0
2023-10-07 13:00,60,38,22,0,0,0
2023-10-07 13:15,49,28,21,0,0,0
2023-10-07 13:30,39,17,22,0,0,0
2023-10-07 13:45,44,23,21,0,0,0
2023-10-07 14:00,41,16,25,0,0,0
2023-10-07 14:15,50,21,29,0,0,0
2023-10-07 14:30,37,18,19,0,0,0
2023-10-07 14:45,45,13,32,0,0,0
2023-10-07 15:00,37,17,20,0,0,0
2023-10-07 15:15,42,16,26,0,0,0
2023-10-07 15:30,43,25,18,0,0,0
2023-10-07 15:45,45,26,19,0,0,0
2023-10-07 16:00,45,20,25,0,0,0
2023-10-07 16:15,40,16,24,0,0,0
2023-10-07 16:30,35,21,14,0,0,0
2023-10-07 16:45,31,16,15,0,0,0
2023-10-07 17:00,29,20,9,0,0,0
2023-10-07 17:15,38,21,17,0,0,0
2023-10-07 17:30,38,19,19,0,0,0
2023-10-07 17:45,51,24,27,0,0,0
2023-10-07 18:00,42,22,20,0,0,0
2023-10-07 18:15,49,23,26,0,0,0
2023-10-07 18:30,25,13,12,0,0,0
2023-10-07 18:45,40,22,18,0,0,0
2023-10-07 19:00,34,19,15,0,0,0
2023-10-07 19:15,27,11,16,0,0,0
2023-10-07 19:30,40,12,28,0,0,0
2023-10-07 19:45,32,10,22,0,0,0
2023-10-07 20:00,20,14,6,0,0,0
2023-10-07 20:15,29,21,8,0,0,0
2023-10-07 20:30,19,4,15,0,0,0
2023-10-07 20:45,16,7,9,0,0,0
2023-10-07 21:00,17,8,9,0,0,0
2023-10-07 21:15,15,2,13,0,0,0
2023-10-07 21:30,12,7,5,0,0,0
2023-10-07 21:45,25,17,8,0,0,0
2023-10-07 22:00,14,4,10,0,0,0
2023-10-07 22:15,8,1,7,0,0,0
2023-10-07 22:30,16,3,13,0,0,0
2023-10-07 22:45,2,0,2,0,0,0
2023-10-07 23:00,8,2,6,0,0,0
2023-10-07 23:15,11,3,8,0,0,0
2023-10-07 23:30,13,3,10,0,0,0
2023-10-07 23:45,14,6,8,0,0,0
2023-10-08 00:00,12,5,7,0,0,0
2023-10-08 00:15,8,2,6,0,0,0
2023-10-08 00:30,8,1,7,0,0,0
2023-10-08 00:45,3,0,3,0,0,0
2023-10-08 01:00,11,4,7,0,0,0
2023-10-08 01:15,8,2,6,0,0,0
2023-10-08 01:30,3,2,1,0,0,0
2023-10-08 01:45,3,2,1,0,0,0
2023-10-08 02:00,10,6,4,0,0,0
2023-10-08 02:15,1,1,0,0,0,0
2023-10-08 02:30,3,1,2,0,0,0
2023-10-08 02:45,7,0,7,0,0,0
2023-10-08 03:00,5,0,5,0,0,0
2023-10-08 03:15,3,2,1,0,0,0
2023-10-08 03:30,4,2,2,0,0,0
2023-10-08 03:45,2,0,2,0,0,0
2023-10-08 04:00,3,2,1,0,0,0
2023-10-08 04:15,0,0,0,0,0,0
2023-10-08 04:30,0,0,0,0,0,0
2023-10-08 04:45,3,2,1,0,0,0
2023-10-08 05:00,6,1,5,0,0,0
2023-10-08 05:15,1,1,0,0,0,0
2023-10-08 05:30,1,1,0,0,0,0
2023-10-08 05:45,2,1,1,0,0,0
2023-10-08 06:00,3,1,2,0,0,0
2023-10-08 06:15,2,1,1,0,0,0
2023-10-08 06:30,2,1,1,0,0,0
2023-10-08 06:45,1,0,1,0,0,0
2023-10-08 07:00,0,0,0,0,0,0
2023-10-08 07:15,1,0,1,0,0,0
2023-10-08 07:30,5,4,1,0,0,0
2023-10-08 07:45,2,1,1,0,0,0
2023-10-08 08:00,4,3,1,0,0,0
2023-10-08 08:15,2,1,1,0,0,0
2023-10-08 08:30,2,1,1,0,0,0
2023-10-08 08:45,6,4,2,0,0,0
2023-10-08 09:00,4,2,2,0,0,0
2023-10-08 09:15,5,3,2,0,0,0
2023-10-08 09:30,9,8,1,0,0,0
2023-10-08 09:45,6,5,1,0,0,0
2023-10-08 10:00,12,8,4,0,0,0
2023-10-08 10:15,10,4,6,0,0,0
2023-10-08 10:30,15,11,4,0,0,0
2023-10-08 10:45,19,12,7,0,0,0
2023-10-08 11:00,10,5,5,0,0,0
2023-10-08 11:15,11,8,3,0,0,0
2023-10-08 11:30,17,12,5,0,0,0
2023-10-08 11:45,27,19,8,0,0,0
2023-10-08 12:00,24,11,13,0,0,0
2023-10-08 12:15,16,12,4,0,0,0
2023-10-08 12:30,29,16,13,0,0,0
2023-10-08 12:45,18,14,4,0,0,0
2023-10-08 13:00,12,9,3,0,0,0
2023-10-08 13:15,22,11,11,0,0,0
2023-10-08 13:30,22,12,10,0,0,0
2023-10-08 13:45,24,15,9,0,0,0
2023-10-08 14:00,25,11,14,0,0,0
2023-10-08 14:15,25,18,7,0,0,0
2023-10-08 14:30,25,18,7,0,0,0
2023-10-08 14:45,23,13,10,0,0,0
2023-10-08 15:00,26,17,9,0,0,0
2023-10-08 15:15,30,16,14,0,0,0
2023-10-08 15:30,32,22,10,0,0,0
2023-10-08 15:45,21,14,7,0,0,0
2023-10-08 16:00,36,21,15,0,0,0
2023-10-08 16:15,22,8,14,0,0,0
2023-10-08 16:30,30,12,18,0,0,0
2023-10-08 16:45,41,22,19,0,0,0
2023-10-08 17:00,27,14,13,0,0,0
2023-10-08 17:15,30,16,14,0,0,0
2023-10-08 17:30,44,23,21,0,0,0
2023-10-08 17:45,25,15,10,0,0,0
2023-10-08 18:00,19,4,15,0,0,0
2023-10-08 18:15,40,16,24,0,0,0
2023-10-08 18:30,22,12,10,0,0,0
2023-10-08 18:45,23,12,11,0,0,0
2023-10-08 19:00,15,5,10,0,0,0
2023-10-08 19:15,15,8,7,0,0,0
2023-10-08 19:30,13,7,6,0,0,0
2023-10-08 19:45,18,6,12,0,0,0
2023-10-08 20:00,13,5,8,0,0,0
2023-10-08 20:15,7,1,6,0,0,0
2023-10-08 20:30,10,2,8,0,0,0
2023-10-08 20:45,10,4,6,0,0,0
2023-10-08 21:00,14,7,7,0,0,0
2023-10-08 21:15,13,6,7,0,0,0
2023-10-08 21:30,8,3,5,0,0,0
2023-10-08 21:45,15,7,8,0,0,0
2023-10-08 22:00,8,3,5,0,0,0
2023-10-08 22:15,9,4,5,0,0,0
2023-10-08 22:30,10,4,6,0,0,0
2023-10-08 22:45,4,1,3,0,0,0
2023-10-08 23:00,3,1,2,0,0,0
2023-10-08 23:15,6,0,6,0,0,0
2023-10-08 23:30,3,1,2,0,0,0
2023-10-08 23:45,4,2,2,0,0,0
2023-10-09 00:00,8,4,4,0,0,0
2023-10-09 00:15,2,1,1,0,0,0
2023-10-09 00:30,1,0,1,0,0,0
2023-10-09 00:45,4,0,4,0,0,0
2023-10-09 01:00,0,0,0,0,0,0
2023-10-09 01:15,3,1,2,0,0,0
2023-10-09 01:30,0,0,0,0,0,0
2023-10-09 01:45,1,1,0,0,0,0
2023-10-09 02:00,1,1,0,0,0,0
2023-10-09 02:15,1,0,1,0,0,0
2023-10-09 02:30,0,0,0,0,0,0
2023-10-09 02:45,1,0,1,0,0,0
2023-10-09 03:00,1,0,1,0,0,0
2023-10-09 03:15,0,0,0,0,0,0
2023-10-09 03:30,1,0,1,0,0,0
2023-10-09 03:45,2,1,1,0,0,0
2023-10-09 04:00,0,0,0,0,0,0
2023-10-09 04:15,1,1,0,0,0,0
2023-10-09 04:30,3,3,0,0,0,0
2023-10-09 04:45,3,2,1,0,0,0
2023-10-09 05:00,3,2,1,0,0,0
2023-10-09 05:15,5,3,2,0,0,0
2023-10-09 05:30,9,3,6,0,0,0
2023-10-09 05:45,5,4,1,0,0,0
2023-10-09 06:00,9,4,5,0,0,0
2023-10-09 06:15,41,16,25,0,0,0
2023-10-09 06:30,34,14,20,0,0,0
2023-10-09 06:45,28,13,15,0,0,0
2023-10-09 07:00,38,22,16,0,0,0
2023-10-09 07:15,45,24,21,0,0,0
2023-10-09 07:30,55,32,23,0,0,0
2023-10-09 07:45,63,45,18,0,0,0
2023-10-09 08:00,52,27,25,0,0,0
2023-10-09 08:15,62,40,22,0,0,0
2023-10-09 08:30,54,38,16,0,0,0
2023-10-09 08:45,33,21,12,0,0,0
2023-10-09 09:00,22,17,5,0,0,0
2023-10-09 09:15,33,24,9,0,0,0
2023-10-09 09:30,35,29,6,0,0,0
2023-10-09 09:45,51,38,13,0,0,0
2023-10-09 10:00,32,22,10,0,0,0
2023-10-09 10:15,31,19,12,0,0,0
2023-10-09 10:30,30,21,9,0,0,0
2023-10-09 10:45,21,12,9,0,0,0
2023-10-09 11:00,22,18,4,0,0,0
2023-10-09 11:15,24,14,10,0,0,0
2023-10-09 11:30,39,23,16,0,0,0
2023-10-09 11:45,44,32,12,0,0,0
2023-10-09 12:00,34,22,12,0,0,0
2023-10-09 12:15,24,15,9,0,0,0
2023-10-09 12:30,33,22,11,0,0,0
2023-10-09 12:45,42,23,19,0,0,0
2023-10-09 13:00,34,18,16,0,0,0
2023-10-09 13:15,52,29,23,0,0,0
2023-10-09 13:30,52,24,28,0,0,0
2023-10-09 13:45,44,27,17,0,0,0
2023-10-09 14:00,46,25,21,0,0,0
2023-10-09 14:15,41,23,18,0,0,0
2023-10-09 14:30,53,31,22,0,0,0
2023-10-09 14:45,65,40,25,0,0,0
2023-10-09 15:00,59,33,26,0,0,0
2023-10-09 15:15,62,32,30,0,0,0
2023-10-09 15:30,71,43,28,0,0,0
2023-10-09 15:45,61,34,27,0,0,0
2023-10-09 16:00,91,46,45,0,0,0
2023-10-09 16:15,89,48,41,0,0,0
2023-10-09 16:30,59,36,23,0,0,0
2023-10-09 16:45,73,51,22,0,0,0
2023-10-09 17:00,78,48,30,0,0,0
2023-10-09 17:15,59,30,29,0,0,0
2023-10-09 17:30,69,35,34,0,0,0
2023-10-09 17:45,69,36,33,0,0,0
2023-10-09 18:00,81,41,40,0,0,0
2023-10-09 18:15,53,30,23,0,0,0
2023-10-09 18:30,30,18,12,0,0,0
2023-10-09 18:45,29,17,12,0,0,0
2023-10-09 19:00,37,12,25,0,0,0
2023-10-09 19:15,49,23,26,0,0,0
2023-10-09 19:30,20,13,7,0,0,0
2023-10-09 19:45,21,10,11,0,0,0
2023-10-09 20:00,37,13,24,0,0,0
2023-10-09 20:15,37,22,15,0,0,0
2023-10-09 20:30,14,6,8,0,0,0
2023-10-09 20:45,23,9,14,0,0,0
2023-10-09 21:00,16,5,11,0,0,0
2023-10-09 21:15,13,9,4,0,0,0
2023-10-09 21:30,18,11,7,0,0,0
2023-10-09 21:45,21,8,13,0,0,0
2023-10-09 22:00,14,6,8,0,0,0
2023-10-09 22:15,7,3,4,0,0,0
2023-10-09 22:30,10,5,5,0,0,0
2023-10-09 22:45,6,4,2,0,0,0
2023-10-09 23:00,7,0,7,0,0,0
2023-10-09 23:15,2,0,2,0,0,0
2023-10-09 23:30,1,0,1,0,0,0
2023-10-09 23:45,2,0,2,0,0,0
2023-10-10 00:00,5,2,3,0,0,0
2023-10-10 00:15,2,0,2,0,0,0
2023-10-10 00:30,0,0,0,0,0,0
2023-10-10 00:45,0,0,0,0,0,0
2023-10-10 01:00,0,0,0,0,0,0
2023-10-10 01:15,3,3,0,0,0,0
2023-10-10 01:30,1,0,1,0,0,0
2023-10-10 01:45,1,0,1,0,0,0
2023-10-10 02:00,1,1,0,0,0,0
2023-10-10 02:15,1,0,1,0,0,0
2023-10-10 02:30,1,1,0,0,0,0
2023-10-10 02:45,0,0,0,0,0,0
2023-10-10 03:00,1,0,1,0,0,0
2023-10-10 03:15,1,0,1,0,0,0
2023-10-10 03:30,0,0,0,0,0,0
2023-10-10 03:45,1,1,0,0,0,0
2023-10-10 04:00,3,0,3,0,0,0
2023-10-10 04:15,1,0,1,0,0,0
2023-10-10 04:30,2,2,0,0,0,0
2023-10-10 04:45,3,3,0,0,0,0
2023-10-10 05:00,2,1,1,0,0,0
2023-10-10 05:15,2,2,0,0,0,0
2023-10-10 05:30,6,4,2,0,0,0
2023-10-10 05:45,10,7,3,0,0,0
2023-10-10 06:00,15,4,11,0,0,0
2023-10-10 06:15,32,16,16,0,0,0
2023-10-10 06:30,37,20,17,0,0,0
2023-10-10 06:45,34,16,18,0,0,0
2023-10-10 07:00,50,29,21,0,0,0
2023-10-10 07:15,52,31,21,0,0,0
2023-10-10 07:30,67,39,28,0,0,0
2023-10-10 07:45,72,44,28,0,0,0
2023-10-10 08:00,74,44,30,0,0,0
2023-10-10 08:15,59,32,27,0,0,0
2023-10-10 08:30,56,38,18,0,0,0
2023-10-10 08:45,60,38,22,0,0,0
2023-10-10 09:00,42,23,19,0,0,0
2023-10-10 09:15,24,17,7,0,0,0
2023-10-10 09:30,50,33,17,0,0,0
2023-10-10 09:45,60,42,18,0,0,0
2023-10-10 10:00,31,21,10,0,0,0
2023-10-10 10:15,31,20,11,0,0,0
2023-10-10 10:30,24,17,7,0,0,0
2023-10-10 10:45,48,31,17,0,0,0
2023-10-10 11:00,37,21,16,0,0,0
2023-10-10 11:15,39,27,12,0,0,0
2023-10-10 11:30,36,22,14,0,0,0
2023-10-10 11:45,55,41,14,0,0,0
2023-10-10 12:00,52,25,27,0,0,0
2023-10-10 12:15,46,34,12,0,0,0
2023-10-10 12:30,49,28,21,0,0,0
2023-10-10 12:45,57,31,26,0,0,0
2023-10-10 13:00,34,15,19,0,0,0
2023-10-10 13:15,40,20,20,0,0,0
2023-10-10 13:30,45,29,16,0,0,0
2023-10-10 13:45,72,43,29,0,0,0
2023-10-10 14:00,57,27,30,0,0,0
2023-10-10 14:15,54,29,25,0,0,0
2023-10-10 14:30,45,27,18,0,0,0
2023-10-10 14:45,70,37,33,0,0,0
2023-10-10 15:00,56,36,20,0,0,0
2023-10-10 15:15,74,53,21,0,0,0
2023-10-10 15:30,72,47,25,0,0,0
2023-10-10 15:45,93,57,36,0,0,0
2023-10-10 16:00,88,50,38,0,0,0
2023-10-10 16:15,73,42,31,0,0,0
2023-10-10 16:30,76,51,25,0,0,0
2023-10-10 16:45,106,52,54,0,0,0
2023-10-10 17:00,80,42,38,0,0,0
2023-10-10 17:15,77,36,41,0,0,0
2023-10-10 17:30,67,29,38,0,0,0
2023-10-10 17:45,89,53,36,0,0,0
2023-10-10 18:00,74,34,40,0,0,0
2023-10-10 18:15,63,32,31,0,0,0
2023-10-10 18:30,48,16,32,0,0,0
2023-10-10 18:45,60,30,30,0,0,0
2023-10-10 19:00,42,19,23,0,0,0
2023-10-10 19:15,35,14,21,0,0,0
2023-10-10 19:30,26,16,10,0,0,0
2023-10-10 19:45,31,12,19,0,0,0
2023-10-10 20:00,38,16,22,0,0,0
2023-10-10 20:15,25,8,17,0,0,0
2023-10-10 20:30,29,11,18,0,0,0
2023-10-10 20:45,18,6,12,0,0,0
2023-10-10 21:00,12,3,9,0,0,0
2023-10-10 21:15,18,12,6,0,0,0
2023-10-10 21:30,21,6,15,0,0,0
2023-10-10 21:45,16,7,9,0,0,0
2023-10-10 22:00,14,8,6,0,0,0
2023-10-10 22:15,14,4,10,0,0,0
2023-10-10 22:30,11,7,4,0,0,0
2023-10-10 22:45,20,5,15,0,0,0
2023-10-10 23:00,10,0,10,0,0,0
2023-10-10 23:15,12,6,6,0,0,0
2023-10-10 23:30,10,3,7,0,0,0
2023-10-10 23:45,3,0,3,0,0,0
2023-10-11 00:00,9,3,6,0,0,0
2023-10-11 00:15,5,1,4,0,0,0
2023-10-11 00:30,3,0,3,0,0,0
2023-10-11 00:45,4,3,1,0,0,0
2023-10-11 01:00,0,0,0,0,0,0
2023-10-11 01:15,1,0,1,0,0,0
2023-10-11 01:30,1,0,1,0,0,0
2023-10-11 01:45,2,1,1,0,0,0
2023-10-11 02:00,4,1,3,0,0,0
2023-10-11 02:15,0,0,0,0,0,0
2023-10-11 02:30,1,0,1,0,0,0
2023-10-11 02:45,0,0,0,0,0,0
2023-10-11 03:00,0,0,0,0,0,0
2023-10-11 03:15,0,0,0,0,0,0
2023-10-11 03:30,0,0,0,0,0,0
2023-10-11 03:45,3,1,2,0,0,0
2023-10-11 04:00,1,0,1,0,0,0
2023-10-11 04:15,1,0,1,0,0,0
2023-10-11 04:30,5,4,1,0,0,0
2023-10-11 04:45,2,2,0,0,0,0
2023-10-11 05:00,4,2,2,0,0,0
2023-10-11 05:15,6,6,0,0,0,0
2023-10-11 05:30,7,4,3,0,0,0
2023-10-11 05:45,12,8,4,0,0,0
2023-10-11 06:00,15,7,8,0,0,0
2023-10-11 06:15,35,16,19,0,0,0
2023-10-11 06:30,30,15,15,0,0,0
2023-10-11 06:45,40,24,16,0,0,0
2023-10-11 07:00,53,37,16,0,0,0
2023-10-11 07:15,41,24,17,0,0,0
2023-10-11 07:30,72,50,22,0,0,0
2023-10-11 07:45,87,54,33,0,0,0
2023-10-11 08:00,69,48,21,0,0,0
2023-10-11 08:15,74,53,21,0,0,0
2023-10-11 08:30,58,40,18,0,0,0
2023-10-11 08:45,68,41,27,0,0,0
2023-10-11 09:00,51,39,12,0,0,0
2023-10-11 09:15,51,40,11,0,0,0
2023-10-11 09:30,46,33,13,0,0,0
2023-10-11 09:45,66,51,15,0,0,0
2023-10-11 10:00,44,33,11,0,0,0
2023-10-11 10:15,45,24,21,0,0,0
2023-10-11 10:30,44,30,14,0,0,0
2023-10-11 10:45,38,26,12,0,0,0
2023-10-11 11:00,43,24,19,0,0,0
2023-10-11 11:15,56,43,13,0,0,0
2023-10-11 11:30,64,40,24,0,0,0
2023-10-11 11:45,63,40,23,0,0,0
2023-10-11 12:00,60,36,24,0,0,0
2023-10-11 12:15,56,35,21,0,0,0
2023-10-11 12:30,47,23,24,0,0,0
2023-10-11 12:45,52,30,22,0,0,0
2023-10-11 13:00,59,32,27,0,0,0
2023-10-11 13:15,51,25,26,0,0,0
2023-10-11 13:30,68,25,43,0,0,0
2023-10-11 13:45,53,25,28,0,0,0
2023-10-11 14:00,56,23,33,0,0,0
2023-10-11 14:15,55,25,30,0,0,0
2023-10-11 14:30,46,21,25,0,0,0
2023-10-11 14:45,56,26,30,0,0,0
2023-10-11 15:00,77,39,38,0,0,0
2023-10-11 15:15,74,41,33,0,0,0
2023-10-11 15:30,68,37,31,0,0,0
2023-10-11 15:45,76,41,35,0,0,0
2023-10-11 16:00,73,40,33,0,0,0
2023-10-11 16:15,78,47,31,0,0,0
2023-10-11 16:30,88,47,41,0,0,0
2023-10-11 16:45,64,36,28,0,0,0
2023-10-11 17:00,76,48,28,0,0,0
2023-10-11 17:15,76,45,31,0,0,0
2023-10-11 17:30,73,36,37,0,0,0
2023-10-11 17:45,87,35,52,0,0,0
2023-10-11 18:00,69,37,32,0,0,0
2023-10-11 18:15,67,27,40,0,0,0
2023-10-11 18:30,44,23,21,0,0,0
2023-10-11 18:45,68,33,35,0,0,0
2023-10-11 19:00,49,33,16,0,0,0
2023-10-11 19:15,61,26,35,0,0,0
2023-10-11 19:30,37,18,19,0,0,0
2023-10-11 19:45,39,20,19,0,0,0
2023-10-11 20:00,35,16,19,0,0,0
2023-10-11 20:15,35,15,20,0,0,0
2023-10-11 20:30,31,17,14,0,0,0
2023-10-11 20:45,23,13,10,0,0,0
2023-10-11 21:00,22,17,5,0,0,0
2023-10-11 21:15,14,8,6,0,0,0
2023-10-11 21:30,26,7,19,0,0,0
2023-10-11 21:45,24,8,16,0,0,0
2023-10-11 22:00,14,2,12,0,0,0
2023-10-11 22:15,14,5,9,0,0,0
2023-10-11 22:30,25,7,18,0,0,0
2023-10-11 22:45,17,3,14,0,0,0
2023-10-11 23:00,10,5,5,0,0,0
2023-10-11 23:15,4,0,4,0,0,0
2023-10-11 23:30,10,5,5,0,0,0
2023-10-11 23:45,4,1,3,0,0,0
2023-10-12 00:00,1,1,0,0,0,0
2023-10-12 00:15,6,3,3,0,0,0
2023-10-12 00:30,7,1,6,0,0,0
2023-10-12 00:45,2,1,1,0,0,0
2023-10-12 01:00,2,2,0,0,0,0
2023-10-12 01:15,4,1,3,0,0,0
2023-10-12 01:30,1,0,1,0,0,0
2023-10-12 01:45,3,0,3,0,0,0
2023-10-12 02:00,5,1,4,0,0,0
2023-10-12 02:15,2,0,2,0,0,0
2023-10-12 02:30,3,0,3,0,0,0
2023-10-12 02:45,1,0,1,0,0,0
2023-10-12 03:00,1,0,1,0,0,0
2023-10-12 03:15,0,0,0,0,0,0
2023-10-12 03:30,3,1,2,0,0,0
2023-10-12 03:45,2,0,2,0,0,0
2023-10-12 04:00,4,1,3,0,0,0
2023-10-12 04:15,0,0,0,0,0,0
2023-10-12 04:30,1,1,0,0,0,0
2023-10-12 04:45,5,3,2,0,0,0
2023-10-12 05:00,2,0,2,0,0,0
2023-10-12 05:15,5,5,0,0,0,0
2023-10-12 05:30,3,1,2,0,0,0
2023-10-12 05:45,10,5,5,0,0,0
2023-10-12 06:00,8,4,4,0,0,0
2023-10-12 06:15,20,10,10,0,0,0
2023-10-12 06:30,15,6,9,0,0,0
2023-10-12 06:45,29,17,12,0,0,0
2023-10-12 07:00,34,20,14,0,0,0
2023-10-12 07:15,23,17,6,0,0,0
2023-10-12 07:30,40,24,16,0,0,0
2023-10-12 07:45,47,31,16,0,0,0
2023-10-12 08:00,43,32,11,0,0,0
2023-10-12 08:15,35,22,13,0,0,0
2023-10-12 08:30,50,29,21,0,0,0
2023-10-12 08:45,37,18,19,0,0,0
2023-10-12 09:00,21,12,9,0,0,0
2023-10-12 09:15,23,16,7,0,0,0
2023-10-12 09:30,28,20,8,0,0,0
2023-10-12 09:45,39,31,8,0,0,0
2023-10-12 10:00,28,14,14,0,0,0
2023-10-12 10:15,22,15,7,0,0,0
2023-10-12 10:30,19,12,7,0,0,0
2023-10-12 10:45,20,13,7,0,0,0
2023-10-12 11:00,11,4,7,0,0,0
2023-10-12 11:15,18,15,3,0,0,0
2023-10-12 11:30,23,16,7,0,0,0
2023-10-12 11:45,42,31,11,0,0,0
2023-10-12 12:00,28,15,13,0,0,0
2023-10-12 12:15,29,14,15,0,0,0
2023-10-12 12:30,20,12,8,0,0,0
2023-10-12 12:45,20,12,8,0,0,0
2023-10-12 13:00,24,15,9,0,0,0
2023-10-12 13:15,32,15,17,0,0,0
2023-10-12 13:30,28,16,12,0,0,0
2023-10-12 13:45,31,20,11,0,0,0
2023-10-12 14:00,38,20,18,0,0,0
2023-10-12 14:15,36,25,11,0,0,0
2023-10-12 14:30,39,24,15,0,0,0
2023-10-12 14:45,29,18,11,0,0,0
2023-10-12 15:00,37,19,18,0,0,0
2023-10-12 15:15,46,31,15,0,0,0
2023-10-12 15:30,24,15,9,0,0,0
2023-10-12 15:45,36,17,19,0,0,0
2023-10-12 16:00,60,31,29,0,0,0
2023-10-12 16:15,57,29,28,0,0,0
2023-10-12 16:30,42,20,22,0,0,0
2023-10-12 16:45,43,24,19,0,0,0
2023-10-12 17:00,40,24,16,0,0,0
2023-10-12 17:15,48,25,23,0,0,0
2023-10-12 17:30,34,20,14,0,0,0
2023-10-12 17:45,51,26,25,0,0,0
2023-10-12 18:00,32,13,19,0,0,0
2023-10-12 18:15,33,12,21,0,0,0
2023-10-12 18:30,27,10,17,0,0,0
2023-10-12 18:45,36,19,17,0,0,0
2023-10-12 19:00,27,20,7,0,0,0
2023-10-12 19:15,24,14,10,0,0,0
2023-10-12 19:30,28,18,10,0,0,0
2023-10-12 19:45,31,18,13,0,0,0
2023-10-12 20:00,26,10,16,0,0,0
2023-10-12 20:15,20,11,9,0,0,0
2023-10-12 20:30,13,4,9,0,0,0
2023-10-12 20:45,15,9,6,0,0,0
2023-10-12 21:00,10,7,3,0,0,0
2023-10-12 21:15,6,4,2,0,0,0
2023-10-12 21:30,11,4,7,0,0,0
2023-10-12 21:45,9,4,5,0,0,0
2023-10-12 22:00,11,5,6,0,0,0
2023-10-12 22:15,23,5,18,0,0,0
2023-10-12 22:30,13,3,10,0,0,0
2023-10-12 22:45,10,4,6,0,0,0
2023-10-12 23:00,13,2,11,0,0,0
2023-10-12 23:15,6,1,5,0,0,0
2023-10-12 23:30,5,1,4,0,0,0
2023-10-12 23:45,4,2,2,0,0,0
2023-10-13 00:00,4,0,4,0,0,0
2023-10-13 00:15,7,1,6,0,0,0
2023-10-13 00:30,7,5,2,0,0,0
2023-10-13 00:45,3,1,2,0,0,0
2023-10-13 01:00,0,0,0,0,0,0
2023-10-13 01:15,1,0,1,0,0,0
2023-10-13 01:30,0,0,0,0,0,0
2023-10-13 01:45,3,0,3,0,0,0
2023-10-13 02:00,0,0,0,0,0,0
2023-10-13 02:15,6,6,0,0,0,0
2023-10-13 02:30,4,3,1,0,0,0
2023-10-13 02:45,0,0,0,0,0,0
2023-10-13 03:00,0,0,0,0,0,0
2023-10-13 03:15,0,0,0,0,0,0
2023-10-13 03:30,0,0,0,0,0,0
2023-10-13 03:45,1,0,1,0,0,0
2023-10-13 04:00,1,1,0,0,0,0
2023-10-13 04:15,0,0,0,0,0,0
2023-10-13 04:30,2,2,0,0,0,0
2023-10-13 04:45,7,5,2,0,0,0
2023-10-13 05:00,5,4,1,0,0,0
2023-10-13 05:15,3,2,1,0,0,0
2023-10-13 05:30,8,3,5,0,0,0
2023-10-13 05:45,9,6,3,0,0,0
2023-10-13 06:00,7,5,2,0,0,0
2023-10-13 06:15,17,10,7,0,0,0
2023-10-13 06:30,25,13,12,0,0,0
2023-10-13 06:45,18,10,8,0,0,0
2023-10-13 07:00,28,14,14,0,0,0
2023-10-13 07:15,30,19,11,0,0,0
2023-10-13 07:30,27,19,8,0,0,0
2023-10-13 07:45,37,20,17,0,0,0
2023-10-13 08:00,38,25,13,0,0,0
2023-10-13 08:15,33,28,5,0,0,0
2023-10-13 08:30,46,32,14,0,0,0
2023-10-13 08:45,26,15,11,0,0,0
2023-10-13 09:00,32,17,15,0,0,0
2023-10-13 09:15,29,18,11,0,0,0
2023-10-13 09:30,31,23,8,0,0,0
2023-10-13 09:45,31,22,9,0,0,0
2023-10-13 10:00,27,17,10,0,0,0
2023-10-13 10:15,33,18,15,0,0,0
2023-10-13 10:30,32,23,9,0,0,0
2023-10-13 10:45,21,9,12,0,0,0
2023-10-13 11:00,33,20,13,0,0,0
2023-10-13 11:15,24,18,6,0,0,0
2023-10-13 11:30,53,30,23,0,0,0
2023-10-13 11:45,52,28,24,0,0,0
2023-10-13 12:00,54,32,22,0,0,0
2023-10-13 12:15,49,29,20,0,0,0
2023-10-13 12:30,47,32,15,0,0,0
2023-10-13 12:45,59,37,22,0,0,0
2023-10-13 13:00,58,31,27,0,0,0
2023-10-13 13:15,48,21,27,0,0,0
2023-10-13 13:30,46,33,13,0,0,0
2023-10-13 13:45,43,22,21,0,0,0
2023-10-13 14:00,47,24,23,0,0,0
2023-10-13 14:15,63,33,30,0,0,0
2023-10-13 14:30,63,38,25,0,0,0
2023-10-13 14:45,69,48,21,0,0,0
2023-10-13 15:00,42,21,21,0,0,0
2023-10-13 15:15,60,36,24,0,0,0
2023-10-13 15:30,54,32,22,0,0,0
2023-10-13 15:45,57,32,25,0,0,0
2023-10-13 16:00,69,44,25,0,0,0
2023-10-13 16:15,58,35,23,0,0,0
2023-10-13 16:30,68,48,20,0,0,0
2023-10-13 16:45,43,25,18,0,0,0
2023-10-13 17:00,58,32,26,0,0,0
2023-10-13 17:15,57,32,25,0,0,0
2023-10-13 17:30,46,22,24,0,0,0
2023-10-13 17:45,45,24,21,0,0,0
2023-10-13 18:00,42,18,24,0,0,0
2023-10-13 18:15,54,22,32,0,0,0
2023-10-13 18:30,44,31,13,0,0,0
2023-10-13 18:45,43,18,25,0,0,0
2023-10-13 19:00,39,20,19,0,0,0
2023-10-13 19:15,30,13,17,0,0,0
2023-10-13 19:30,22,9,13,0,0,0
2023-10-13 19:45,31,18,13,0,0,0
2023-10-13 20:00,26,13,13,0,0,0
2023-10-13 20:15,18,6,12,0,0,0
2023-10-13 20:30,23,8,15,0,0,0
2023-10-13 20:45,15,4,11,0,0,0
2023-10-13 21:00,17,8,9,0,0,0
2023-10-13 21:15,11,6,5,0,0,0
2023-10-13 21:30,13,6,7,0,0,0
2023-10-13 21:45,11,4,7,0,0,0
2023-10-13 22:00,12,5,7,0,0,0
2023-10-13 22:15,14,2,12,0,0,0
2023-10-13 22:30,11,2,9,0,0,0
2023-10-13 22:45,6,1,5,0,0,0
2023-10-13 23:00,12,2,10,0,0,0
2023-10-13 23:15,11,2,9,0,0,0
2023-10-13 23:30,17,5,12,0,0,0
2023-10-13 23:45,7,2,5,0,0,0
2023-10-14 00:00,8,0,8,0,0,0
2023-10-14 00:15,8,4,4,0,0,0
2023-10-14 00:30,4,0,4,0,0,0
2023-10-14 00:45,15,6,9,0,0,0
2023-10-14 01:00,6,3,3,0,0,0
2023-10-14 01:15,2,0,2,0,0,0
2023-10-14 01:30,4,1,3,0,0,0
2023-10-14 01:45,2,0,2,0,0,0
2023-10-14 02:00,5,5,0,0,0,0
2023-10-14 02:15,6,1,5,0,0,0
2023-10-14 02:30,2,1,1,0,0,0
2023-10-14 02:45,2,0,2,0,0,0
2023-10-14 03:00,0,0,0,0,0,0
2023-10-14 03:15,1,0,1,0,0,0
2023-10-14 03:30,2,2,0,0,0,0
2023-10-14 03:45,1,1,0,0,0,0
2023-10-14 04:00,3,1,2,0,0,0
2023-10-14 04:15,5,0,5,0,0,0
2023-10-14 04:30,2,2,0,0,0,0
2023-10-14 04:45,3,2,1,0,0,0
2023-10-14 05:00,1,0,1,0,0,0
2023-10-14 05:15,5,3,2,0,0,0
2023-10-14 05:30,3,1,2,0,0,0
2023-10-14 05:45,7,6,1,0,0,0
2023-10-14 06:00,2,0,2,0,0,0
2023-10-14 06:15,3,0,3,0,0,0
2023-10-14 06:30,7,3,4,0,0,0
2023-10-14 06:45,3,2,1,0,0,0
2023-10-14 07:00,3,2,1,0,0,0
2023-10-14 07:15,5,4,1,0,0,0
2023-10-14 07:30,10,5,5,0,0,0
2023-10-14 07:45,12,8,4,0,0,0
2023-10-14 08:00,14,12,2,0,0,0
2023-10-14 08:15,15,12,3,0,0,0
2023-10-14 08:30,13,12,1,0,0,0
2023-10-14 08:45,28,22,6,0,0,0
2023-10-14 09:00,21,10,11,0,0,0
2023-10-14 09:15,30,24,6,0,0,0
2023-10-14 09:30,31,25,6,0,0,0
2023-10-14 09:45,40,27,13,0,0,0
2023-10-14 10:00,29,23,6,0,0,0
2023-10-14 10:15,46,37,9,0,0,0
2023-10-14 10:30,44,29,15,0,0,0
2023-10-14 10:45,43,39,4,0,0,0
2023-10-14 11:00,37,23,14,0,0,0
2023-10-14 11:15,53,30,23,0,0,0
2023-10-14 11:30,48,28,20,0,0,0
2023-10-14 11:45,38,28,10,0,0,0
2023-10-14 12:00,49,30,19,0,0,0
2023-10-14 12:15,38,25,13,0,0,0
2023-10-14 12:30,64,43,21,0,0,0
2023-10-14 12:45,65,41,24,0,0,0
2023-10-14 13:00,52,28,24,0,0,0
2023-10-14 13:15,46,20,26,0,0,0
2023-10-14 13:30,42,26,16,0,0,0
2023-10-14 13:45,45,21,24,0,0,0
2023-10-14 14:00,46,23,23,0,0,0
2023-10-14 14:15,53,18,35,0,0,0
2023-10-14 14:30,47,19,28,0,0,0
2023-10-14 14:45,42,21,21,0,0,0
2023-10-14 15:00,47,28,19,0,0,0
2023-10-14 15:15,51,23,28,0,0,0
2023-10-14 15:30,37,21,16,0,0,0
2023-10-14 15:45,37,20,17,0,0,0
2023-10-14 16:00,26,12,14,0,0,0
2023-10-14 16:15,44,22,22,0,0,0
2023-10-14 16:30,39,20,19,0,0,0
2023-10-14 16:45,31,15,16,0,0,0
2023-10-14 17:00,53,27,26,0,0,0
2023-10-14 17:15,34,17,17,0,0,0
2023-10-14 17:30,28,16,12,0,0,0
2023-10-14 17:45,48,24,24,0,0,0
2023-10-14 18:00,37,27,10,0,0,0
2023-10-14 18:15,44,25,19,0,0,0
2023-10-14 18:30,40,24,16,0,0,0
2023-10-14 18:45,46,28,18,0,0,0
2023-10-14 19:00,28,17,11,0,0,0
2023-10-14 19:15,35,25,10,0,0,0
2023-10-14 19:30,35,10,25,0,0,0
2023-10-14 19:45,37,22,15,0,0,0
2023-10-14 20:00,31,19,12,0,0,0
2023-10-14 20:15,25,8,17,0,0,0
2023-10-14 20:30,18,8,10,0,0,0
2023-10-14 20:45,28,21,7,0,0,0
2023-10-14 21:00,20,10,10,0,0,0
2023-10-14 21:15,11,6,5,0,0,0
2023-10-14 21:30,11,8,3,0,0,0
2023-10-14 21:45,13,5,8,0,0,0
2023-10-14 22:00,14,3,11,0,0,0
2023-10-14 22:15,20,4,16,0,0,0
2023-10-14 22:30,10,2,8,0,0,0
2023-10-14 22:45,7,1,6,0,0,0
2023-10-14 23:00,15,10,5,0,0,0
2023-10-14 23:15,16,4,12,0,0,0
2023-10-14 23:30,18,10,8,0,0,0
2023-10-14 23:45,14,4,10,0,0,0
2023-10-15 00:00,13,4,9,0,0,0
2023-10-15 00:15,8,1,7,0,0,0
2023-10-15 00:30,5,2,3,0,0,0
2023-10-15 00:45,13,6,7,0,0,0
2023-10-15 01:00,9,3,6,0,0,0
2023-10-15 01:15,3,0,3,0,0,0
2023-10-15 01:30,3,0,3,0,0,0
2023-10-15 01:45,10,1,9,0,0,0
2023-10-15 02:00,7,2,5,0,0,0
2023-10-15 02:15,4,2,2,0,0,0
2023-10-15 02:30,5,1,4,0,0,0
2023-10-15 02:45,1,0,1,0,0,0
2023-10-15 03:00,0,0,0,0,0,0
2023-10-15 03:15,2,0,2,0,0,0
2023-10-15 03:30,1,0,1,0,0,0
2023-10-15 03:45,6,1,5,0,0,0
2023-10-15 04:00,6,4,2,0,0,0
2023-10-15 04:15,4,0,4,0,0,0
2023-10-15 04:30,1,1,0,0,0,0
2023-10-15 04:45,3,1,2,0,0,0
2023-10-15 05:00,1,0,1,0,0,0
2023-10-15 05:15,1,0,1,0,0,0
2023-10-15 05:30,1,1,0,0,0,0
2023-10-15 05:45,2,1,1,0,0,0
2023-10-15 06:00,1,1,0,0,0,0
2023-10-15 06:15,3,1,2,0,0,0
2023-10-15 06:30,2,0,2,0,0,0
2023-10-15 06:45,2,2,0,0,0,0
2023-10-15 07:00,0,0,0,0,0,0
2023-10-15 07:15,3,2,1,0,0,0
2023-10-15 07:30,2,1,1,0,0,0
2023-10-15 07:45,4,1,3,0,0,0
2023-10-15 08:00,3,3,0,0,0,0
2023-10-15 08:15,3,3,0,0,0,0
2023-10-15 08:30,7,4,3,0,0,0
2023-10-15 08:45,13,10,3,0,0,0
2023-10-15 09:00,7,3,4,0,0,0
2023-10-15 09:15,7,6,1,0,0,0
2023-10-15 09:30,7,7,0,0,0,0
2023-10-15 09:45,11,8,3,0,0,0
2023-10-15 10:00,14,11,3,0,0,0
2023-10-15 10:15,14,7,7,0,0,0
2023-10-15 10:30,24,17,7,0,0,0
2023-10-15 10:45,13,8,5,0,0,0
2023-10-15 11:00,21,11,10,0,0,0
2023-10-15 11:15,11,6,5,0,0,0
2023-10-15 11:30,16,4,12,0,0,0
2023-10-15 11:45,26,20,6,0,0,0
2023-10-15 12:00,19,9,10,0,0,0
2023-10-15 12:15,16,8,8,0,0,0
2023-10-15 12:30,22,13,9,0,0,0
2023-10-15 12:45,19,7,12,0,0,0
2023-10-15 13:00,28,20,8,0,0,0
2023-10-15 13:15,34,16,18,0,0,0
2023-10-15 13:30,27,15,12,0,0,0
2023-10-15 13:45,25,15,10,0,0,0
2023-10-15 14:00,36,23,13,0,0,0
2023-10-15 14:15,26,10,16,0,0,0
2023-10-15 14:30,40,24,16,0,0,0
2023-10-15 14:45,43,26,17,0,0,0
2023-10-15 15:00,33,17,16,0,0,0
2023-10-15 15:15,28,18,10,0,0,0
2023-10-15 15:30,43,36,7,0,0,0
2023-10-15 15:45,19,13,6,0,0,0
2023-10-15 16:00,24,11,13,0,0,0
2023-10-15 16:15,9,3,6,0,0,0
2023-10-15 16:30,21,10,11,0,0,0
2023-10-15 16:45,24,14,10,0,0,0
2023-10-15 17:00,22,12,10,0,0,0
2023-10-15 17:15,27,16,11,0,0,0
2023-10-15 17:30,31,8,23,0,0,0
2023-10-15 17:45,26,17,9,0,0,0
2023-10-15 18:00,26,15,11,0,0,0
2023-10-15 18:15,16,4,12,0,0,0
2023-10-15 18:30,20,15,5,0,0,0
2023-10-15 18:45,35,14,21,0,0,0
2023-10-15 19:00,25,13,12,0,0,0
2023-10-15 19:15,22,9,13,0,0,0
2023-10-15 19:30,13,5,8,0,0,0
2023-10-15 19:45,17,9,8,0,0,0
2023-10-15 20:00,20,6,14,0,0,0
2023-10-15 20:15,16,8,8,0,0,0
2023-10-15 20:30,8,1,7,0,0,0
2023-10-15 20:45,8,1,7,0,0,0
2023-10-15 21:00,18,1,17,0,0,0
2023-10-15 21:15,13,3,10,0,0,0
2023-10-15 21:30,12,4,8,0,0,0
2023-10-15 21:45,7,3,4,0,0,0
2023-10-15 22:00,7,6,1,0,0,0
2023-10-15 22:15,11,3,8,0,0,0
2023-10-15 22:30,8,1,7,0,0,0
2023-10-15 22:45,7,2,5,0,0,0
2023-10-15 23:00,3,2,1,0,0,0
2023-10-15 23:15,5,3,2,0,0,0
2023-10-15 23:30,1,0,1,0,0,0
2023-10-15 23:45,0,0,0,0,0,0
2023-10-16 00:00,1,0,1,0,0,0
2023-10-16 00:15,0,0,0,0,0,0
2023-10-16 00:30,2,1,1,0,0,0
2023-10-16 00:45,0,0,0,0,0,0
2023-10-16 01:00,0,0,0,0,0,0
2023-10-16 01:15,0,0,0,0,0,0
2023-10-16 01:30,1,1,0,0,0,0
2023-10-16 01:45,1,1,0,0,0,0
2023-10-16 02:00,0,0,0,0,0,0
2023-10-16 02:15,3,1,2,0,0,0
2023-10-16 02:30,0,0,0,0,0,0
2023-10-16 02:45,0,0,0,0,0,0
2023-10-16 03:00,0,0,0,0,0,0
2023-10-16 03:15,0,0,0,0,0,0
2023-10-16 03:30,1,1,0,0,0,0
2023-10-16 03:45,1,0,1,0,0,0
2023-10-16 04:00,2,1,1,0,0,0
2023-10-16 04:15,2,1,1,0,0,0
2023-10-16 04:30,4,4,0,0,0,0
2023-10-16 04:45,1,1,0,0,0,0
2023-10-16 05:00,2,1,1,0,0,0
2023-10-16 05:15,7,5,2,0,0,0
2023-10-16 05:30,6,5,1,0,0,0
2023-10-16 05:45,11,9,2,0,0,0
2023-10-16 06:00,15,10,5,0,0,0
2023-10-16 06:15,19,7,12,0,0,0
2023-10-16 06:30,48,17,31,0,0,0
2023-10-16 06:45,36,15,21,0,0,0
2023-10-16 07:00,37,26,11,0,0,0
2023-10-16 07:15,84,53,31,0,0,0
2023-10-16 07:30,167,140,27,0,0,0
2023-10-16 07:45,113,85,28,0,0,0
2023-10-16 08:00,96,58,38,0,0,0
2023-10-16 08:15,72,44,28,0,0,0
2023-10-16 08:30,64,41,23,0,0,0
2023-10-16 08:45,50,36,14,0,0,0
2023-10-16 09:00,36,24,12,0,0,0
2023-10-16 09:15,45,31,14,0,0,0
2023-10-16 09:30,35,23,12,0,0,0
2023-10-16 09:45,53,38,15,0,0,0
2023-10-16 10:00,25,19,6,0,0,0
2023-10-16 10:15,36,22,14,0,0,0
2023-10-16 10:30,35,23,12,0,0,0
2023-10-16 10:45,30,21,9,0,0,0
2023-10-16 11:00,26,13,13,0,0,0
2023-10-16 11:15,35,22,13,0,0,0
2023-10-16 11:30,44,27,17,0,0,0
2023-10-16 11:45,54,34,20,0,0,0
2023-10-16 12:00,35,23,12,0,0,0
2023-10-16 12:15,43,21,22,0,0,0
2023-10-16 12:30,50,19,31,0,0,0
2023-10-16 12:45,49,28,21,0,0,0
2023-10-16 13:00,61,33,28,0,0,0
2023-10-16 13:15,70,25,45,0,0,0
2023-10-16 13:30,55,24,31,0,0,0
2023-10-16 13:45,64,34,30,0,0,0
2023-10-16 14:00,53,26,27,0,0,0
2023-10-16 14:15,54,27,27,0,0,0
2023-10-16 14:30,62,32,30,0,0,0
2023-10-16 14:45,64,33,31,0,0,0
2023-10-16 15:00,56,34,22,0,0,0
2023-10-16 15:15,61,33,28,0,0,0
2023-10-16 15:30,82,41,41,0,0,0
2023-10-16 15:45,99,62,37,0,0,0
2023-10-16 16:00,111,60,51,0,0,0
2023-10-16 16:15,108,61,47,0,0,0
2023-10-16 16:30,86,50,36,0,0,0
2023-10-16 16:45,95,52,43,0,0,0
2023-10-16 17:00,88,52,36,0,0,0
2023-10-16 17:15,68,33,35,0,0,0
2023-10-16 17:30,85,47,38,0,0,0
2023-10-16 17:45,87,43,44,0,0,0
2023-10-16 18:00,87,37,50,0,0,0
2023-10-16 18:15,85,39,46,0,0,0
2023-10-16 18:30,47,22,25,0,0,0
2023-10-16 18:45,47,23,24,0,0,0
2023-10-16 19:00,51,27,24,0,0,0
2023-10-16 19:15,45,20,25,0,0,0
2023-10-16 19:30,35,10,25,0,0,0
2023-10-16 19:45,35,19,16,0,0,0
2023-10-16 20:00,41,14,27,0,0,0
2023-10-16 20:15,22,6,16,0,0,0
2023-10-16 20:30,19,9,10,0,0,0
2023-10-16 20:45,17,10,7,0,0,0
2023-10-16 21:00,12,3,9,0,0,0
2023-10-16 21:15,20,7,13,0,0,0
2023-10-16 21:30,12,6,6,0,0,0
2023-10-16 21:45,15,0,15,0,0,0
2023-10-16 22:00,13,5,8,0,0,0
2023-10-16 22:15,18,5,13,0,0,0
2023-10-16 22:30,16,3,13,0,0,0
2023-10-16 22:45,12,6,6,0,0,0
2023-10-16 23:00,3,0,3,0,0,0
2023-10-16 23:15,8,4,4,0,0,0
2023-10-16 23:30,1,1,0,0,0,0
2023-10-16 23:45,3,1,2,0,0,0
2023-10-17 00:00,3,1,2,0,0,0
2023-10-17 00:15,0,0,0,0,0,0
2023-10-17 00:30,2,1,1,0,0,0
2023-10-17 00:45,2,0,2,0,0,0
2023-10-17 01:00,1,0,1,0,0,0
2023-10-17 01:15,1,1,0,0,0,0
2023-10-17 01:30,0,0,0,0,0,0
2023-10-17 01:45,0,0,0,0,0,0
2023-10-17 02:00,0,0,0,0,0,0
2023-10-17 02:15,2,0,2,0,0,0
2023-10-17 02:30,0,0,0,0,0,0
2023-10-17 02:45,1,1,0,0,0,0
2023-10-17 03:00,0,0,0,0,0,0
2023-10-17 03:15,0,0,0,0,0,0
2023-10-17 03:30,0,0,0,0,0,0
2023-10-17 03:45,2,0,2,0,0,0
2023-10-17 04:00,1,1,0,0,0,0
2023-10-17 04:15,1,1,0,0,0,0
2023-10-17 04:30,3,3,0,0,0,0
2023-10-17 04:45,2,1,1,0,0,0
2023-10-17 05:00,1,1,0,0,0,0
2023-10-17 05:15,4,3,1,0,0,0
2023-10-17 05:30,8,4,4,0,0,0
2023-10-17 05:45,10,4,6,0,0,0
2023-10-17 06:00,13,9,4,0,0,0
2023-10-17 06:15,27,12,15,0,0,0
2023-10-17 06:30,42,20,22,0,0,0
2023-10-17 06:45,29,16,13,0,0,0
2023-10-17 07:00,44,28,16,0,0,0
2023-10-17 07:15,88,60,28,0,0,0
2023-10-17 07:30,176,136,40,0,0,0
2023-10-17 07:45,130,82,48,0,0,0
2023-10-17 08:00,73,44,29,0,0,0
2023-10-17 08:15,77,49,28,0,0,0
2023-10-17 08:30,61,37,24,0,0,0
2023-10-17 08:45,58,40,18,0,0,0
2023-10-17 09:00,38,21,17,0,0,0
2023-10-17 09:15,35,21,14,0,0,0
2023-10-17 09:30,55,34,21,0,0,0
2023-10-17 09:45,72,51,21,0,0,0
2023-10-17 10:00,38,30,8,0,0,0
2023-10-17 10:15,23,15,8,0,0,0
2023-10-17 10:30,36,26,10,0,0,0
2023-10-17 10:45,41,22,19,0,0,0
2023-10-17 11:00,29,20,9,0,0,0
2023-10-17 11:15,50,21,29,0,0,0
2023-10-17 11:30,48,30,18,0,0,0
2023-10-17 11:45,48,35,13,0,0,0
2023-10-17 12:00,56,29,27,0,0,0
2023-10-17 12:15,45,24,21,0,0,0
2023-10-17 12:30,55,30,25,0,0,0
2023-10-17 12:45,52,31,21,0,0,0
2023-10-17 13:00,61,25,36,0,0,0
2023-10-17 13:15,92,36,56,0,0,0
2023-10-17 13:30,51,21,30,0,0,0
2023-10-17 13:45,79,48,31,0,0,0
2023-10-17 14:00,72,32,40,0,0,0
2023-10-17 14:15,68,32,36,0,0,0
2023-10-17 14:30,63,32,31,0,0,0
2023-10-17 14:45,77,44,33,0,0,0
2023-10-17 15:00,82,43,39,0,0,0
2023-10-17 15:15,82,48,34,0,0,0
2023-10-17 15:30,77,49,28,0,0,0
2023-10-17 15:45,82,45,37,0,0,0
2023-10-17 16:00,111,63,48,0,0,0
2023-10-17 16:15,84,43,41,0,0,0
2023-10-17 16:30,102,57,45,0,0,0
2023-10-17 16:45,92,55,37,0,0,0
2023-10-17 17:00,101,59,42,0,0,0
2023-10-17 17:15,107,57,50,0,0,0
2023-10-17 17:30,94,51,43,0,0,0
2023-10-17 17:45,85,45,40,0,0,0
2023-10-17 18:00,102,48,54,0,0,0
2023-10-17 18:15,65,38,27,0,0,0
2023-10-17 18:30,80,48,32,0,0,0
2023-10-17 18:45,67,34,33,0,0,0
2023-10-17 19:00,33,18,15,0,0,0
2023-10-17 19:15,45,20,25,0,0,0
2023-10-17 19:30,34,18,16,0,0,0
2023-10-17 19:45,53,23,30,0,0,0
2023-10-17 20:00,27,9,18,0,0,0
2023-10-17 20:15,34,10,24,0,0,0
2023-10-17 20:30,24,7,17,0,0,0
2023-10-17 20:45,19,6,13,0,0,0
2023-10-17 21:00,35,9,26,0,0,0
2023-10-17 21:15,15,3,12,0,0,0
2023-10-17 21:30,13,0,13,0,0,0
2023-10-17 21:45,17,5,12,0,0,0
2023-10-17 22:00,13,4,9,0,0,0
2023-10-17 22:15,21,6,15,0,0,0
2023-10-17 22:30,13,2,11,0,0,0
2023-10-17 22:45,21,6,15,0,0,0
2023-10-17 23:00,12,0,12,0,0,0
2023-10-17 23:15,8,1,7,0,0,0
2023-10-17 23:30,11,4,7,0,0,0
2023-10-17 23:45,2,0,2,0,0,0
2023-10-18 00:00,4,2,2,0,0,0
2023-10-18 00:15,3,1,2,0,0,0
2023-10-18 00:30,0,0,0,0,0,0
2023-10-18 00:45,3,1,2,0,0,0
2023-10-18 01:00,2,2,0,0,0,0
2023-10-18 01:15,3,0,3,0,0,0
2023-10-18 01:30,1,0,1,0,0,0
2023-10-18 01:45,0,0,0,0,0,0
2023-10-18 02:00,0,0,0,0,0,0
2023-10-18 02:15,0,0,0,0,0,0
2023-10-18 02:30,2,1,1,0,0,0
2023-10-18 02:45,1,0,1,0,0,0
2023-10-18 03:00,0,0,0,0,0,0
2023-10-18 03:15,0,0,0,0,0,0
2023-10-18 03:30,0,0,0,0,0,0
2023-10-18 03:45,0,0,0,0,0,0
2023-10-18 04:00,1,1,0,0,0,0
2023-10-18 04:15,3,1,2,0,0,0
2023-10-18 04:30,2,2,0,0,0,0
2023-10-18 04:45,4,3,1,0,0,0
2023-10-18 05:00,1,1,0,0,0,0
2023-10-18 05:15,5,4,1,0,0,0
2023-10-18 05:30,11,6,5,0,0,0
2023-10-18 05:45,2,2,0,0,0,0
2023-10-18 06:00,18,10,8,0,0,0
2023-10-18 06:15,23,10,13,0,0,0
2023-10-18 06:30,42,21,21,0,0,0
2023-10-18 06:45,48,27,21,0,0,0
2023-10-18 07:00,59,38,21,0,0,0
2023-10-18 07:15,78,56,22,0,0,0
2023-10-18 07:30,145,115,30,0,0,0
2023-10-18 07:45,113,76,37,0,0,0
2023-10-18 08:00,87,53,34,0,0,0
2023-10-18 08:15,80,53,27,0,0,0
2023-10-18 08:30,72,46,26,0,0,0
2023-10-18 08:45,67,43,24,0,0,0
2023-10-18 09:00,38,24,14,0,0,0
2023-10-18 09:15,56,41,15,0,0,0
2023-10-18 09:30,62,48,14,0,0,0
2023-10-18 09:45,94,74,20,0,0,0
2023-10-18 10:00,42,29,13,0,0,0
2023-10-18 10:15,42,31,11,0,0,0
2023-10-18 10:30,27,19,8,0,0,0
2023-10-18 10:45,38,23,15,0,0,0
2023-10-18 11:00,34,21,13,0,0,0
2023-10-18 11:15,49,28,21,0,0,0
2023-10-18 11:30,40,19,21,0,0,0
2023-10-18 11:45,49,32,17,0,0,0
2023-10-18 12:00,55,25,30,0,0,0
2023-10-18 12:15,53,29,24,0,0,0
2023-10-18 12:30,51,23,28,0,0,0
2023-10-18 12:45,75,32,43,0,0,0
2023-10-18 13:00,92,30,62,0,0,0
2023-10-18 13:15,79,41,38,0,0,0
2023-10-18 13:30,61,26,35,0,0,0
2023-10-18 13:45,69,38,31,0,0,0
2023-10-18 14:00,60,28,32,0,0,0
2023-10-18 14:15,68,20,48,0,0,0
2023-10-18 14:30,67,37,30,0,0,0
2023-10-18 14:45,59,40,19,0,0,0
2023-10-18 15:00,58,31,27,0,0,0
2023-10-18 15:15,75,45,30,0,0,0
2023-10-18 15:30,90,43,47,0,0,0
2023-10-18 15:45,90,49,41,0,0,0
2023-10-18 16:00,89,51,38,0,0,0
2023-10-18 16:15,105,58,47,0,0,0
2023-10-18 16:30,79,38,41,0,0,0
2023-10-18 16:45,79,50,29,0,0,0
2023-10-18 17:00,77,38,39,0,0,0
2023-10-18 17:15,81,44,37,0,0,0
2023-10-18 17:30,90,44,46,0,0,0
2023-10-18 17:45,95,56,39,0,0,0
2023-10-18 18:00,89,32,57,0,0,0
2023-10-18 18:15,61,31,30,0,0,0
2023-10-18 18:30,51,26,25,0,0,0
2023-10-18 18:45,59,23,36,0,0,0
2023-10-18 19:00,50,18,32,0,0,0
2023-10-18 19:15,47,22,25,0,0,0
2023-10-18 19:30,47,32,15,0,0,0
2023-10-18 19:45,38,17,21,0,0,0
2023-10-18 20:00,28,9,19,0,0,0
2023-10-18 20:15,37,9,28,0,0,0
2023-10-18 20:30,23,8,15,0,0,0
2023-10-18 20:45,20,8,12,0,0,0
2023-10-18 21:00,27,10,17,0,0,0
2023-10-18 21:15,16,4,12,0,0,0
2023-10-18 21:30,11,7,4,0,0,0
2023-10-18 21:45,14,5,9,0,0,0
2023-10-18 22:00,23,8,15,0,0,0
2023-10-18 22:15,18,4,14,0,0,0
2023-10-18 22:30,21,3,18,0,0,0
2023-10-18 22:45,18,8,10,0,0,0
2023-10-18 23:00,10,4,6,0,0,0
2023-10-18 23:15,7,2,5,0,0,0
2023-10-18 23:30,14,2,12,0,0,0
2023-10-18 23:45,2,0,2,0,0,0
2023-10-19 00:00,9,3,6,0,0,0
2023-10-19 00:15,1,1,0,0,0,0
2023-10-19 00:30,7,0,7,0,0,0
2023-10-19 00:45,2,0,2,0,0,0
2023-10-19 01:00,0,0,0,0,0,0
2023-10-19 01:15,1,0,1,0,0,0
2023-10-19 01:30,0,0,0,0,0,0
2023-10-19 01:45,0,0,0,0,0,0
2023-10-19 02:00,5,0,5,0,0,0
2023-10-19 02:15,1,0,1,0,0,0
2023-10-19 02:30,2,0,2,0,0,0
2023-10-19 02:45,1,0,1,0,0,0
2023-10-19 03:00,1,0,1,0,0,0
2023-10-19 03:15,1,0,1,0,0,0
2023-10-19 03:30,0,0,0,0,0,0
2023-10-19 03:45,1,0,1,0,0,0
2023-10-19 04:00,2,1,1,0,0,0
2023-10-19 04:15,1,1,0,0,0,0
2023-10-19 04:30,2,2,0,0,0,0
2023-10-19 04:45,4,3,1,0,0,0
2023-10-19 05:00,4,1,3,0,0,0
2023-10-19 05:15,7,6,1,0,0,0
2023-10-19 05:30,8,7,1,0,0,0
2023-10-19 05:45,11,6,5,0,0,0
2023-10-19 06:00,12,7,5,0,0,0
2023-10-19 06:15,26,12,14,0,0,0
2023-10-19 06:30,27,9,18,0,0,0
2023-10-19 06:45,38,19,19,0,0,0
2023-10-19 07:00,46,40,6,0,0,0
2023-10-19 07:15,72,54,18,0,0,0
2023-10-19 07:30,155,123,32,0,0,0
2023-10-19 07:45,105,69,36,0,0,0
2023-10-19 08:00,76,56,20,0,0,0
2023-10-19 08:15,49,29,20,0,0,0
2023-10-19 08:30,77,54,23,0,0,0
2023-10-19 08:45,49,31,18,0,0,0
2023-10-19 09:00,30,20,10,0,0,0
2023-10-19 09:15,34,22,12,0,0,0
2023-10-19 09:30,38,31,7,0,0,0
2023-10-19 09:45,51,37,14,0,0,0
2023-10-19 10:00,43,28,15,0,0,0
2023-10-19 10:15,34,22,12,0,0,0
2023-10-19 10:30,44,28,16,0,0,0
2023-10-19 10:45,48,32,16,0,0,0
2023-10-19 11:00,22,13,9,0,0,0
2023-10-19 11:15,40,17,23,0,0,0
2023-10-19 11:30,45,27,18,0,0,0
2023-10-19 11:45,47,32,15,0,0,0
2023-10-19 12:00,49,29,20,0,0,0
2023-10-19 12:15,44,24,20,0,0,0
2023-10-19 12:30,37,19,18,0,0,0
2023-10-19 12:45,47,26,21,0,0,0
2023-10-19 13:00,57,23,34,0,0,0
2023-10-19 13:15,65,22,43,0,0,0
2023-10-19 13:30,56,25,31,0,0,0
2023-10-19 13:45,74,55,19,0,0,0
2023-10-19 14:00,64,23,41,0,0,0
2023-10-19 14:15,55,25,30,0,0,0
2023-10-19 14:30,56,29,27,0,0,0
2023-10-19 14:45,70,40,30,0,0,0
2023-10-19 15:00,100,44,56,0,0,0
2023-10-19 15:15,78,47,31,0,0,0
2023-10-19 15:30,76,40,36,0,0,0
2023-10-19 15:45,94,48,46,0,0,0
2023-10-19 16:00,91,45,46,0,0,0
2023-10-19 16:15,103,61,42,0,0,0
2023-10-19 16:30,93,53,40,0,0,0
2023-10-19 16:45,84,56,28,0,0,0
2023-10-19 17:00,83,48,35,0,0,0
2023-10-19 17:15,72,43,29,0,0,0
2023-10-19 17:30,80,44,36,0,0,0
2023-10-19 17:45,75,39,36,0,0,0
2023-10-19 18:00,74,33,41,0,0,0
2023-10-19 18:15,62,36,26,0,0,0
2023-10-19 18:30,51,28,23,0,0,0
2023-10-19 18:45,60,30,30,0,0,0
2023-10-19 19:00,45,22,23,0,0,0
2023-10-19 19:15,35,23,12,0,0,0
2023-10-19 19:30,34,16,18,0,0,0
2023-10-19 19:45,53,25,28,0,0,0
2023-10-19 20:00,34,12,22,0,0,0
2023-10-19 20:15,24,10,14,0,0,0
2023-10-19 20:30,25,13,12,0,0,0
2023-10-19 20:45,23,11,12,0,0,0
2023-10-19 21:00,17,10,7,0,0,0
2023-10-19 21:15,16,9,7,0,0,0
2023-10-19 21:30,18,7,11,0,0,0
2023-10-19 21:45,22,2,20,0,0,0
2023-10-19 22:00,23,3,20,0,0,0
2023-10-19 22:15,36,15,21,0,0,0
2023-10-19 22:30,15,2,13,0,0,0
2023-10-19 22:45,12,3,9,0,0,0
2023-10-19 23:00,6,0,6,0,0,0
2023-10-19 23:15,4,0,4,0,0,0
2023-10-19 23:30,4,1,3,0,0,0
2023-10-19 23:45,4,1,3,0,0,0
2023-10-20 00:00,7,1,6,0,0,0
2023-10-20 00:15,4,1,3,0,0,0
2023-10-20 00:30,0,0,0,0,0,0
2023-10-20 00:45,0,0,0,0,0,0
2023-10-20 01:00,2,0,2,0,0,0
2023-10-20 01:15,0,0,0,0,0,0
2023-10-20 01:30,3,0,3,0,0,0
2023-10-20 01:45,1,0,1,0,0,0
2023-10-20 02:00,2,0,2,0,0,0
2023-10-20 02:15,3,0,3,0,0,0
2023-10-20 02:30,3,0,3,0,0,0
2023-10-20 02:45,4,0,4,0,0,0
2023-10-20 03:00,1,0,1,0,0,0
2023-10-20 03:15,1,1,0,0,0,0
2023-10-20 03:30,0,0,0,0,0,0
2023-10-20 03:45,2,0,2,0,0,0
2023-10-20 04:00,2,2,0,0,0,0
2023-10-20 04:15,0,0,0,0,0,0
2023-10-20 04:30,3,3,0,0,0,0
2023-10-20 04:45,6,6,0,0,0,0
2023-10-20 05:00,1,0,1,0,0,0
2023-10-20 05:15,7,5,2,0,0,0
2023-10-20 05:30,10,6,4,0,0,0
2023-10-20 05:45,2,2,0,0,0,0
2023-10-20 06:00,10,9,1,0,0,0
2023-10-20 06:15,20,10,10,0,0,0
2023-10-20 06:30,26,11,15,0,0,0
2023-10-20 06:45,29,14,15,0,0,0
2023-10-20 07:00,33,25,8,0,0,0
2023-10-20 07:15,50,35,15,0,0,0
2023-10-20 07:30,116,90,26,0,0,0
2023-10-20 07:45,99,76,23,0,0,0
2023-10-20 08:00,52,29,23,0,0,0
2023-10-20 08:15,61,40,21,0,0,0
2023-10-20 08:30,35,22,13,0,0,0
2023-10-20 08:45,34,21,13,0,0,0
2023-10-20 09:00,35,21,14,0,0,0
2023-10-20 09:15,23,19,4,0,0,0
2023-10-20 09:30,25,19,6,0,0,0
2023-10-20 09:45,35,21,14,0,0,0
2023-10-20 10:00,25,13,12,0,0,0
2023-10-20 10:15,16,7,9,0,0,0
2023-10-20 10:30,15,9,6,0,0,0
2023-10-20 10:45,22,14,8,0,0,0
2023-10-20 11:00,32,14,18,0,0,0
2023-10-20 11:15,24,13,11,0,0,0
2023-10-20 11:30,19,10,9,0,0,0
2023-10-20 11:45,29,15,14,0,0,0
2023-10-20 12:00,21,13,8,0,0,0
2023-10-20 12:15,22,12,10,0,0,0
2023-10-20 12:30,29,14,15,0,0,0
2023-10-20 12:45,40,14,26,0,0,0
2023-10-20 13:00,57,15,42,0,0,0
2023-10-20 13:15,59,24,35,0,0,0
2023-10-20 13:30,37,17,20,0,0,0
2023-10-20 13:45,40,15,25,0,0,0
2023-10-20 14:00,57,33,24,0,0,0
2023-10-20 14:15,41,18,23,0,0,0
2023-10-20 14:30,52,28,24,0,0,0
2023-10-20 14:45,37,20,17,0,0,0
2023-10-20 15:00,55,34,21,0,0,0
2023-10-20 15:15,32,21,11,0,0,0
2023-10-20 15:30,32,14,18,0,0,0
2023-10-20 15:45,44,26,18,0,0,0
2023-10-20 16:00,38,18,20,0,0,0
2023-10-20 16:15,45,26,19,0,0,0
2023-10-20 16:30,39,20,19,0,0,0
2023-10-20 16:45,34,15,19,0,0,0
2023-10-20 17:00,26,12,14,0,0,0
2023-10-20 17:15,28,22,6,0,0,0
2023-10-20 17:30,36,21,15,0,0,0
2023-10-20 17:45,41,23,18,0,0,0
2023-10-20 18:00,22,10,12,0,0,0
2023-10-20 18:15,35,14,21,0,0,0
2023-10-20 18:30,44,27,17,0,0,0
2023-10-20 18:45,34,22,12,0,0,0
2023-10-20 19:00,25,12,13,0,0,0
2023-10-20 19:15,21,12,9,0,0,0
2023-10-20 19:30,38,22,16,0,0,0
2023-10-20 19:45,35,20,15,0,0,0
2023-10-20 20:00,18,9,9,0,0,0
2023-10-20 20:15,28,17,11,0,0,0
2023-10-20 20:30,15,7,8,0,0,0
2023-10-20 20:45,18,13,5,0,0,0
2023-10-20 21:00,17,10,7,0,0,0
2023-10-20 21:15,12,0,12,0,0,0
2023-10-20 21:30,22,12,10,0,0,0
2023-10-20 21:45,11,3,8,0,0,0
2023-10-20 22:00,9,3,6,0,0,0
2023-10-20 22:15,16,8,8,0,0,0
2023-10-20 22:30,15,5,10,0,0,0
2023-10-20 22:45,4,0,4,0,0,0
2023-10-20 23:00,6,1,5,0,0,0
2023-10-20 23:15,12,5,7,0,0,0
2023-10-20 23:30,11,3,8,0,0,0
2023-10-20 23:45,11,5,6,0,0,0
2023-10-21 00:00,7,1,6,0,0,0
2023-10-21 00:15,6,1,5,0,0,0
2023-10-21 00:30,9,5,4,0,0,0
2023-10-21 00:45,13,8,5,0,0,0
2023-10-21 01:00,10,5,5,0,0,0
2023-10-21 01:15,7,2,5,0,0,0
2023-10-21 01:30,3,1,2,0,0,0
2023-10-21 01:45,5,0,5,0,0,0
2023-10-21 02:00,7,1,6,0,0,0
2023-10-21 02:15,6,2,4,0,0,0
2023-10-21 02:30,4,1,3,0,0,0
2023-10-21 02:45,2,0,2,0,0,0
2023-10-21 03:00,4,0,4,0,0,0
2023-10-21 03:15,5,1,4,0,0,0
2023-10-21 03:30,3,1,2,0,0,0
2023-10-21 03:45,0,0,0,0,0,0
2023-10-21 04:00,0,0,0,0,0,0
2023-10-21 04:15,1,1,0,0,0,0
2023-10-21 04:30,3,2,1,0,0,0
2023-10-21 04:45,3,1,2,0,0,0
2023-10-21 05:00,0,0,0,0,0,0
2023-10-21 05:15,7,4,3,0,0,0
2023-10-21 05:30,3,3,0,0,0,0
2023-10-21 05:45,4,4,0,0,0,0
2023-10-21 06:00,3,2,1,0,0,0
2023-10-21 06:15,4,2,2,0,0,0
2023-10-21 06:30,3,2,1,0,0,0
2023-10-21 06:45,1,1,0,0,0,0
2023-10-21 07:00,3,2,1,0,0,0
2023-10-21 07:15,6,4,2,0,0,0
2023-10-21 07:30,4,4,0,0,0,0
2023-10-21 07:45,4,3,1,0,0,0
2023-10-21 08:00,8,6,2,0,0,0
2023-10-21 08:15,10,9,1,0,0,0
2023-10-21 08:30,17,12,5,0,0,0
2023-10-21 08:45,20,12,8,0,0,0
2023-10-21 09:00,15,12,3,0,0,0
2023-10-21 09:15,26,20,6,0,0,0
2023-10-21 09:30,32,19,13,0,0,0
2023-10-21 09:45,41,33,8,0,0,0
2023-10-21 10:00,29,20,9,0,0,0
2023-10-21 10:15,40,30,10,0,0,0
2023-10-21 10:30,39,29,10,0,0,0
2023-10-21 10:45,32,25,7,0,0,0
2023-10-21 11:00,26,18,8,0,0,0
2023-10-21 11:15,30,20,10,0,0,0
2023-10-21 11:30,39,32,7,0,0,0
2023-10-21 11:45,34,28,6,0,0,0
2023-10-21 12:00,56,36,20,0,0,0
2023-10-21 12:15,35,20,15,0,0,0
2023-10-21 12:30,51,29,22,0,0,0
2023-10-21 12:45,56,43,13,0,0,0
2023-10-21 13:00,48,29,19,0,0,0
2023-10-21 13:15,53,28,25,0,0,0
2023-10-21 13:30,43,29,14,0,0,0
2023-10-21 13:45,70,40,30,0,0,0
2023-10-21 14:00,43,22,21,0,0,0
2023-10-21 14:15,55,30,25,0,0,0
2023-10-21 14:30,38,17,21,0,0,0
2023-10-21 14:45,70,45,25,0,0,0
2023-10-21 15:00,37,19,18,0,0,0
2023-10-21 15:15,44,19,25,0,0,0
2023-10-21 15:30,46,18,28,0,0,0
2023-10-21 15:45,45,25,20,0,0,0
2023-10-21 16:00,41,27,14,0,0,0
2023-10-21 16:15,44,23,21,0,0,0
2023-10-21 16:30,43,21,22,0,0,0
2023-10-21 16:45,63,34,29,0,0,0
2023-10-21 17:00,38,18,20,0,0,0
2023-10-21 17:15,44,16,28,0,0,0
2023-10-21 17:30,35,20,15,0,0,0
2023-10-21 17:45,48,26,22,0,0,0
2023-10-21 18:00,46,26,20,0,0,0
2023-10-21 18:15,45,28,17,0,0,0
2023-10-21 18:30,43,23,20,0,0,0
2023-10-21 18:45,52,31,21,0,0,0
2023-10-21 19:00,28,18,10,0,0,0
2023-10-21 19:15,38,20,18,0,0,0
2023-10-21 19:30,37,11,26,0,0,0
2023-10-21 19:45,31,18,13,0,0,0
2023-10-21 20:00,36,19,17,0,0,0
2023-10-21 20:15,27,16,11,0,0,0
2023-10-21 20:30,21,7,14,0,0,0
2023-10-21 20:45,21,7,14,0,0,0
2023-10-21 21:00,19,6,13,0,0,0
2023-10-21 21:15,25,11,14,0,0,0
2023-10-21 21:30,13,4,9,0,0,0
2023-10-21 21:45,19,7,12,0,0,0
2023-10-21 22:00,18,6,12,0,0,0
2023-10-21 22:15,18,6,12,0,0,0
2023-10-21 22:30,22,8,14,0,0,0
2023-10-21 22:45,6,1,5,0,0,0
2023-10-21 23:00,14,3,11,0,0,0
2023-10-21 23:15,10,5,5,0,0,0
2023-10-21 23:30,16,3,13,0,0,0
2023-10-21 23:45,17,6,11,0,0,0
2023-10-22 00:00,11,3,8,0,0,0
2023-10-22 00:15,11,2,9,0,0,0
2023-10-22 00:30,5,0,5,0,0,0
2023-10-22 00:45,9,2,7,0,0,0
2023-10-22 01:00,5,4,1,0,0,0
2023-10-22 01:15,8,5,3,0,0,0
2023-10-22 01:30,8,1,7,0,0,0
2023-10-22 01:45,13,8,5,0,0,0
2023-10-22 02:00,9,5,4,0,0,0
2023-10-22 02:15,6,3,3,0,0,0
2023-10-22 02:30,10,1,9,0,0,0
2023-10-22 02:45,7,3,4,0,0,0
2023-10-22 03:00,2,1,1,0,0,0
2023-10-22 03:15,8,5,3,0,0,0
2023-10-22 03:30,1,0,1,0,0,0
2023-10-22 03:45,0,0,0,0,0,0
2023-10-22 04:00,1,0,1,0,0,0
2023-10-22 04:15,3,2,1,0,0,0
2023-10-22 04:30,6,2,4,0,0,0
2023-10-22 04:45,0,0,0,0,0,0
2023-10-22 05:00,2,0,2,0,0,0
2023-10-22 05:15,2,2,0,0,0,0
2023-10-22 05:30,2,0,2,0,0,0
2023-10-22 05:45,0,0,0,0,0,0
2023-10-22 06:00,1,0,1,0,0,0
2023-10-22 06:15,3,2,1,0,0,0
2023-10-22 06:30,2,0,2,0,0,0
2023-10-22 06:45,2,1,1,0,0,0
2023-10-22 07:00,0,0,0,0,0,0
2023-10-22 07:15,4,1,3,0,0,0
2023-10-22 07:30,3,3,0,0,0,0
2023-10-22 07:45,4,2,2,0,0,0
2023-10-22 08:00,5,3,2,0,0,0
2023-10-22 08:15,3,3,0,0,0,0
2023-10-22 08:30,7,5,2,0,0,0
2023-10-22 08:45,7,6,1,0,0,0
2023-10-22 09:00,3,2,1,0,0,0
2023-10-22 09:15,15,13,2,0,0,0
2023-10-22 09:30,15,12,3,0,0,0
2023-10-22 09:45,13,10,3,0,0,0
2023-10-22 10:00,13,9,4,0,0,0
2023-10-22 10:15,17,11,6,0,0,0
2023-10-22 10:30,18,14,4,0,0,0
2023-10-22 10:45,29,17,12,0,0,0
2023-10-22 11:00,13,9,4,0,0,0
2023-10-22 11:15,25,17,8,0,0,0
2023-10-22 11:30,29,20,9,0,0,0
2023-10-22 11:45,15,13,2,0,0,0
2023-10-22 12:00,19,14,5,0,0,0
2023-10-22 12:15,49,29,20,0,0,0
2023-10-22 12:30,35,21,14,0,0,0
2023-10-22 12:45,30,15,15,0,0,0
2023-10-22 13:00,26,14,12,0,0,0
2023-10-22 13:15,30,13,17,0,0,0
2023-10-22 13:30,23,9,14,0,0,0
2023-10-22 13:45,36,21,15,0,0,0
2023-10-22 14:00,28,14,14,0,0,0
2023-10-22 14:15,30,15,15,0,0,0
2023-10-22 14:30,36,21,15,0,0,0
2023-10-22 14:45,47,30,17,0,0,0
2023-10-22 15:00,53,24,29,0,0,0
2023-10-22 15:15,33,20,13,0,0,0
2023-10-22 15:30,38,31,7,0,0,0
2023-10-22 15:45,36,21,15,0,0,0
2023-10-22 16:00,24,9,15,0,0,0
2023-10-22 16:15,24,12,12,0,0,0
2023-10-22 16:30,20,9,11,0,0,0
2023-10-22 16:45,37,17,20,0,0,0
2023-10-22 17:00,40,7,33,0,0,0
2023-10-22 17:15,18,6,12,0,0,0
2023-10-22 17:30,33,11,22,0,0,0
2023-10-22 17:45,32,13,19,0,0,0
2023-10-22 18:00,31,11,20,0,0,0
2023-10-22 18:15,24,7,17,0,0,0
2023-10-22 18:30,14,10,4,0,0,0
2023-10-22 18:45,23,11,12,0,0,0
2023-10-22 19:00,26,15,11,0,0,0
2023-10-22 19:15,17,8,9,0,0,0
2023-10-22 19:30,13,7,6,0,0,0
2023-10-22 19:45,17,11,6,0,0,0
2023-10-22 20:00,12,9,3,0,0,0
2023-10-22 20:15,14,7,7,0,0,0
2023-10-22 20:30,10,2,8,0,0,0
2023-10-22 20:45,10,4,6,0,0,0
2023-10-22 21:00,16,4,12,0,0,0
2023-10-22 21:15,8,6,2,0,0,0
2023-10-22 21:30,7,1,6,0,0,0
2023-10-22 21:45,11,3,8,0,0,0
2023-10-22 22:00,7,1,6,0,0,0
2023-10-22 22:15,5,1,4,0,0,0
2023-10-22 22:30,8,2,6,0,0,0
2023-10-22 22:45,7,4,3,0,0,0
2023-10-22 23:00,3,0,3,0,0,0
2023-10-22 23:15,3,0,3,0,0,0
2023-10-22 23:30,2,0,2,0,0,0
2023-10-22 23:45,1,0,1,0,0,0
2023-10-23 00:00,2,1,1,0,0,0
2023-10-23 00:15,1,0,1,0,0,0
2023-10-23 00:30,1,0,1,0,0,0
2023-10-23 00:45,0,0,0,0,0,0
2023-10-23 01:00,1,1,0,0,0,0
2023-10-23 01:15,1,1,0,0,0,0
2023-10-23 01:30,0,0,0,0,0,0
2023-10-23 01:45,0,0,0,0,0,0
2023-10-23 02:00,0,0,0,0,0,0
2023-10-23 02:15,0,0,0,0,0,0
2023-10-23 02:30,1,0,1,0,0,0
2023-10-23 02:45,0,0,0,0,0,0
2023-10-23 03:00,0,0,0,0,0,0
2023-10-23 03:15,0,0,0,0,0,0
2023-10-23 03:30,0,0,0,0,0,0
2023-10-23 03:45,2,1,1,0,0,0
2023-10-23 04:00,0,0,0,0,0,0
2023-10-23 04:15,1,1,0,0,0,0
2023-10-23 04:30,4,4,0,0,0,0
2023-10-23 04:45,3,2,1,0,0,0
2023-10-23 05:00,3,3,0,0,0,0
2023-10-23 05:15,6,5,1,0,0,0
2023-10-23 05:30,9,6,3,0,0,0
2023-10-23 05:45,10,6,4,0,0,0
2023-10-23 06:00,18,7,11,0,0,0
2023-10-23 06:15,25,10,15,0,0,0
2023-10-23 06:30,34,12,22,0,0,0
2023-10-23 06:45,40,24,16,0,0,0
2023-10-23 07:00,52,38,14,0,0,0
2023-10-23 07:15,74,54,20,0,0,0
2023-10-23 07:30,173,139,34,0,0,0
2023-10-23 07:45,113,80,33,0,0,0
2023-10-23 08:00,70,50,20,0,0,0
2023-10-23 08:15,85,60,25,0,0,0
2023-10-23 08:30,70,48,22,0,0,0
2023-10-23 08:45,65,44,21,0,0,0
2023-10-23 09:00,40,31,9,0,0,0
2023-10-23 09:15,38,21,17,0,0,0
2023-10-23 09:30,43,25,18,0,0,0
2023-10-23 09:45,47,36,11,0,0,0
2023-10-23 10:00,44,30,14,0,0,0
2023-10-23 10:15,31,18,13,0,0,0
2023-10-23 10:30,27,18,9,0,0,0
2023-10-23 10:45,33,18,15,0,0,0
2023-10-23 11:00,37,21,16,0,0,0
2023-10-23 11:15,45,32,13,0,0,0
2023-10-23 11:30,47,29,18,0,0,0
2023-10-23 11:45,71,51,20,0,0,0
2023-10-23 12:00,50,35,15,0,0,0
2023-10-23 12:15,58,30,28,0,0,0
2023-10-23 12:30,63,32,31,0,0,0
2023-10-23 12:45,64,30,34,0,0,0
2023-10-23 13:00,62,22,40,0,0,0
2023-10-23 13:15,70,24,46,0,0,0
2023-10-23 13:30,42,18,24,0,0,0
2023-10-23 13:45,68,38,30,0,0,0
2023-10-23 14:00,63,28,35,0,0,0
2023-10-23 14:15,71,34,37,0,0,0
2023-10-23 14:30,51,29,22,0,0,0
2023-10-23 14:45,77,47,30,0,0,0
2023-10-23 15:00,94,57,37,0,0,0
2023-10-23 15:15,74,48,26,0,0,0
2023-10-23 15:30,101,53,48,0,0,0
2023-10-23 15:45,87,47,40,0,0,0
2023-10-23 16:00,105,48,57,0,0,0
2023-10-23 16:15,111,70,41,0,0,0
2023-10-23 16:30,99,62,37,0,0,0
2023-10-23 16:45,95,46,49,0,0,0
2023-10-23 17:00,101,62,39,0,0,0
2023-10-23 17:15,94,60,34,0,0,0
2023-10-23 17:30,78,37,41,0,0,0
2023-10-23 17:45,93,47,46,0,0,0
2023-10-23 18:00,72,25,47,0,0,0
2023-10-23 18:15,65,30,35,0,0,0
2023-10-23 18:30,53,31,22,0,0,0
2023-10-23 18:45,53,28,25,0,0,0
2023-10-23 19:00,50,28,22,0,0,0
2023-10-23 19:15,62,32,30,0,0,0
2023-10-23 19:30,51,21,30,0,0,0
2023-10-23 19:45,27,10,17,0,0,0
2023-10-23 20:00,40,13,27,0,0,0
2023-10-23 20:15,31,11,20,0,0,0
2023-10-23 20:30,16,7,9,0,0,0
2023-10-23 20:45,15,0,15,0,0,0
2023-10-23 21:00,25,10,15,0,0,0
2023-10-23 21:15,24,5,19,0,0,0
2023-10-23 21:30,16,4,12,0,0,0
2023-10-23 21:45,19,3,16,0,0,0
2023-10-23 22:00,10,3,7,0,0,0
2023-10-23 22:15,23,4,19,0,0,0
2023-10-23 22:30,11,2,9,0,0,0
2023-10-23 22:45,6,2,4,0,0,0
2023-10-23 23:00,9,3,6,0,0,0
2023-10-23 23:15,14,3,11,0,0,0
2023-10-23 23:30,7,0,7,0,0,0
2023-10-23 23:45,0,0,0,0,0,0
2023-10-24 00:00,4,0,4,0,0,0
2023-10-24 00:15,2,0,2,0,0,0
2023-10-24 00:30,4,0,4,0,0,0
2023-10-24 00:45,3,0,3,0,0,0
2023-10-24 01:00,1,0,1,0,0,0
2023-10-24 01:15,3,0,3,0,0,0
2023-10-24 01:30,2,0,2,0,0,0
2023-10-24 01:45,2,0,2,0,0,0
2023-10-24 02:00,1,1,0,0,0,0
2023-10-24 02:15,2,0,2,0,0,0
2023-10-24 02:30,1,0,1,0,0,0
2023-10-24 02:45,1,0,1,0,0,0
2023-10-24 03:00,1,1,0,0,0,0
2023-10-24 03:15,2,0,2,0,0,0
2023-10-24 03:30,0,0,0,0,0,0
2023-10-24 03:45,0,0,0,0,0,0
2023-10-24 04:00,1,0,1,0,0,0
2023-10-24 04:15,1,1,0,0,0,0
2023-10-24 04:30,3,2,1,0,0,0
2023-10-24 04:45,3,3,0,0,0,0
2023-10-24 05:00,1,1,0,0,0,0
2023-10-24 05:15,4,3,1,0,0,0
2023-10-24 05:30,8,5,3,0,0,0
2023-10-24 05:45,8,5,3,0,0,0
2023-10-24 06:00,19,10,9,0,0,0
2023-10-24 06:15,28,18,10,0,0,0
2023-10-24 06:30,33,16,17,0,0,0
2023-10-24 06:45,43,20,23,0,0,0
2023-10-24 07:00,54,32,22,0,0,0
2023-10-24 07:15,76,51,25,0,0,0
2023-10-24 07:30,174,147,27,0,0,0
2023-10-24 07:45,125,88,37,0,0,0
2023-10-24 08:00,87,63,24,0,0,0
2023-10-24 08:15,74,42,32,0,0,0
2023-10-24 08:30,57,38,19,0,0,0
2023-10-24 08:45,59,37,22,0,0,0
2023-10-24 09:00,31,21,10,0,0,0
2023-10-24 09:15,33,22,11,0,0,0
2023-10-24 09:30,52,36,16,0,0,0
2023-10-24 09:45,64,51,13,0,0,0
2023-10-24 10:00,43,32,11,0,0,0
2023-10-24 10:15,31,15,16,0,0,0
2023-10-24 10:30,31,21,10,0,0,0
2023-10-24 10:45,45,30,15,0,0,0
2023-10-24 11:00,36,23,13,0,0,0
2023-10-24 11:15,32,18,14,0,0,0
2023-10-24 11:30,40,23,17,0,0,0
2023-10-24 11:45,56,31,25,0,0,0
2023-10-24 12:00,57,32,25,0,0,0
2023-10-24 12:15,50,21,29,0,0,0
2023-10-24 12:30,45,21,24,0,0,0
2023-10-24 12:45,44,27,17,0,0,0
2023-10-24 13:00,59,22,37,0,0,0
2023-10-24 13:15,68,17,51,0,0,0
2023-10-24 13:30,41,27,14,0,0,0
2023-10-24 13:45,67,41,26,0,0,0
2023-10-24 14:00,65,29,36,0,0,0
2023-10-24 14:15,59,30,29,0,0,0
2023-10-24 14:30,64,43,21,0,0,0
2023-10-24 14:45,81,50,31,0,0,0
2023-10-24 15:00,62,37,25,0,0,0
2023-10-24 15:15,64,32,32,0,0,0
2023-10-24 15:30,110,62,48,0,0,0
2023-10-24 15:45,89,49,40,0,0,0
2023-10-24 16:00,94,45,49,0,0,0
2023-10-24 16:15,61,22,39,0,0,0
2023-10-24 16:30,58,33,25,0,0,0
2023-10-24 16:45,72,43,29,0,0,0
2023-10-24 17:00,72,33,39,0,0,0
2023-10-24 17:15,76,47,29,0,0,0
2023-10-24 17:30,79,45,34,0,0,0
2023-10-24 17:45,78,50,28,0,0,0
2023-10-24 18:00,76,41,35,0,0,0
2023-10-24 18:15,74,35,39,0,0,0
2023-10-24 18:30,76,44,32,0,0,0
2023-10-24 18:45,47,30,17,0,0,0
2023-10-24 19:00,52,32,20,0,0,0
2023-10-24 19:15,48,26,22,0,0,0
2023-10-24 19:30,50,28,22,0,0,0
2023-10-24 19:45,70,36,34,0,0,0
2023-10-24 20:00,72,55,17,0,0,0
2023-10-24 20:15,54,34,20,0,0,0
2023-10-24 20:30,37,21,16,0,0,0
2023-10-24 20:45,25,5,20,0,0,0
2023-10-24 21:00,30,8,22,0,0,0
2023-10-24 21:15,47,1,46,0,0,0
2023-10-24 21:30,73,3,70,0,0,0
2023-10-24 21:45,20,1,19,0,0,0
2023-10-24 22:00,31,6,25,0,0,0
2023-10-24 22:15,24,2,22,0,0,0
2023-10-24 22:30,20,5,15,0,0,0
2023-10-24 22:45,18,2,16,0,0,0
2023-10-24 23:00,5,3,2,0,0,0
2023-10-24 23:15,10,2,8,0,0,0
2023-10-24 23:30,10,4,6,0,0,0
2023-10-24 23:45,4,0,4,0,0,0
