Datetime,100034978 (Gartenstraße),101034978 (Gartenstraße einwärts),102034978 (Gartenstraße auswärts),100034978-status,101034978-status,102034978-status
2023-05-01 00:00,9,6,3,0,0,0
2023-05-01 00:15,7,0,7,0,0,0
2023-05-01 00:30,5,2,3,0,0,0
2023-05-01 00:45,8,1,7,0,0,0
2023-05-01 01:00,11,4,7,0,0,0
2023-05-01 01:15,8,4,4,0,0,0
2023-05-01 01:30,10,2,8,0,0,0
2023-05-01 01:45,9,1,8,0,0,0
2023-05-01 02:00,3,1,2,0,0,0
2023-05-01 02:15,7,1,6,0,0,0
2023-05-01 02:30,8,5,3,0,0,0
2023-05-01 02:45,5,2,3,0,0,0
2023-05-01 03:00,3,1,2,0,0,0
2023-05-01 03:15,3,0,3,0,0,0
2023-05-01 03:30,4,1,3,0,0,0
2023-05-01 03:45,10,0,10,0,0,0
2023-05-01 04:00,4,1,3,0,0,0
2023-05-01 04:15,1,1,0,0,0,0
2023-05-01 04:30,5,0,5,0,0,0
2023-05-01 04:45,3,1,2,0,0,0
2023-05-01 05:00,3,2,1,0,0,0
2023-05-01 05:15,5,3,2,0,0,0
2023-05-01 05:30,0,0,0,0,0,0
2023-05-01 05:45,3,2,1,0,0,0
2023-05-01 06:00,1,1,0,0,0,0
2023-05-01 06:15,2,2,0,0,0,0
2023-05-01 06:30,4,1,3,0,0,0
2023-05-01 06:45,3,1,2,0,0,0
2023-05-01 07:00,0,0,0,0,0,0
2023-05-01 07:15,1,1,0,0,0,0
2023-05-01 07:30,2,1,1,0,0,0
2023-05-01 07:45,3,2,1,0,0,0
2023-05-01 08:00,4,1,3,0,0,0
2023-05-01 08:15,3,2,1,0,0,0
2023-05-01 08:30,3,2,1,0,0,0
2023-05-01 08:45,8,3,5,0,0,0
2023-05-01 09:00,9,5,4,0,0,0
2023-05-01 09:15,12,5,7,0,0,0
2023-05-01 09:30,12,7,5,0,0,0
2023-05-01 09:45,19,10,9,0,0,0
2023-05-01 10:00,12,5,7,0,0,0
2023-05-01 10:15,19,11,8,0,0,0
2023-05-01 10:30,36,7,29,0,0,0
2023-05-01 10:45,38,18,20,0,0,0
2023-05-01 11:00,27,13,14,0,0,0
2023-05-01 11:15,25,7,18,0,0,0
2023-05-01 11:30,26,6,20,0,0,0
2023-05-01 11:45,41,20,21,0,0,0
2023-05-01 12:00,36,17,19,0,0,0
2023-05-01 12:15,23,7,16,0,0,0
2023-05-01 12:30,37,16,21,0,0,0
2023-05-01 12:45,38,24,14,0,0,0
2023-05-01 13:00,55,17,38,0,0,0
2023-05-01 13:15,60,38,22,0,0,0
2023-05-01 13:30,48,40,8,0,0,0
2023-05-01 13:45,59,39,20,0,0,0
2023-05-01 14:00,50,27,23,0,0,0
2023-05-01 14:15,46,31,15,0,0,0
2023-05-01 14:30,54,26,28,0,0,0
2023-05-01 14:45,72,55,17,0,0,0
2023-05-01 15:00,44,21,23,0,0,0
2023-05-01 15:15,38,21,17,0,0,0
2023-05-01 15:30,62,38,24,0,0,0
2023-05-01 15:45,74,33,41,0,0,0
2023-05-01 16:00,46,21,25,0,0,0
2023-05-01 16:15,44,21,23,0,0,0
2023-05-01 16:30,32,23,9,0,0,0
2023-05-01 16:45,44,34,10,0,0,0
2023-05-01 17:00,33,15,18,0,0,0
2023-05-01 17:15,59,35,24,0,0,0
2023-05-01 17:30,63,33,30,0,0,0
2023-05-01 17:45,49,29,20,0,0,0
2023-05-01 18:00,38,19,19,0,0,0
2023-05-01 18:15,43,18,25,0,0,0
2023-05-01 18:30,60,27,33,0,0,0
2023-05-01 18:45,49,31,18,0,0,0
2023-05-01 19:00,16,8,8,0,0,0
2023-05-01 19:15,7,2,5,0,0,0
2023-05-01 19:30,16,9,7,0,0,0
2023-05-01 19:45,16,3,13,0,0,0
2023-05-01 20:00,25,16,9,0,0,0
2023-05-01 20:15,19,12,7,0,0,0
2023-05-01 20:30,17,7,10,0,0,0
2023-05-01 20:45,18,9,9,0,0,0
2023-05-01 21:00,8,1,7,0,0,0
2023-05-01 21:15,14,5,9,0,0,0
2023-05-01 21:30,10,2,8,0,0,0
2023-05-01 21:45,8,6,2,0,0,0
2023-05-01 22:00,7,2,5,0,0,0
2023-05-01 22:15,5,2,3,0,0,0
2023-05-01 22:30,2,0,2,0,0,0
2023-05-01 22:45,7,1,6,0,0,0
2023-05-01 23:00,4,2,2,0,0,0
2023-05-01 23:15,3,0,3,0,0,0
2023-05-01 23:30,2,0,2,0,0,0
2023-05-01 23:45,3,0,3,0,0,0
2023-05-02 00:00,1,0,1,0,0,0
2023-05-02 00:15,1,0,1,0,0,0
2023-05-02 00:30,3,0,3,0,0,0
2023-05-02 00:45,0,0,0,0,0,0
2023-05-02 01:00,0,0,0,0,0,0
2023-05-02 01:15,1,0,1,0,0,0
2023-05-02 01:30,1,0,1,0,0,0
2023-05-02 01:45,1,0,1,0,0,0
2023-05-02 02:00,1,0,1,0,0,0
2023-05-02 02:15,1,0,1,0,0,0
2023-05-02 02:30,1,0,1,0,0,0
2023-05-02 02:45,0,0,0,0,0,0
2023-05-02 03:00,0,0,0,0,0,0
2023-05-02 03:15,3,2,1,0,0,0
2023-05-02 03:30,0,0,0,0,0,0
2023-05-02 03:45,1,1,0,0,0,0
2023-05-02 04:00,1,0,1,0,0,0
2023-05-02 04:15,0,0,0,0,0,0
2023-05-02 04:30,1,1,0,0,0,0
2023-05-02 04:45,3,2,1,0,0,0
2023-05-02 05:00,2,1,1,0,0,0
2023-05-02 05:15,9,6,3,0,0,0
2023-05-02 05:30,7,4,3,0,0,0
2023-05-02 05:45,9,6,3,0,0,0
2023-05-02 06:00,22,7,15,0,0,0
2023-05-02 06:15,20,11,9,0,0,0
2023-05-02 06:30,25,15,10,0,0,0
2023-05-02 06:45,36,16,20,0,0,0
2023-05-02 07:00,52,34,18,0,0,0
2023-05-02 07:15,71,53,18,0,0,0
2023-05-02 07:30,146,113,33,0,0,0
2023-05-02 07:45,103,72,31,0,0,0
2023-05-02 08:00,69,49,20,0,0,0
2023-05-02 08:15,71,44,27,0,0,0
2023-05-02 08:30,63,39,24,0,0,0
2023-05-02 08:45,43,31,12,0,0,0
2023-05-02 09:00,39,24,15,0,0,0
2023-05-02 09:15,29,23,6,0,0,0
2023-05-02 09:30,45,29,16,0,0,0
2023-05-02 09:45,56,39,17,0,0,0
2023-05-02 10:00,50,32,18,0,0,0
2023-05-02 10:15,27,20,7,0,0,0
2023-05-02 10:30,24,14,10,0,0,0
2023-05-02 10:45,21,11,10,0,0,0
2023-05-02 11:00,34,19,15,0,0,0
2023-05-02 11:15,48,28,20,0,0,0
2023-05-02 11:30,45,24,21,0,0,0
2023-05-02 11:45,50,30,20,0,0,0
2023-05-02 12:00,54,30,24,0,0,0
2023-05-02 12:15,47,23,24,0,0,0
2023-05-02 12:30,38,23,15,0,0,0
2023-05-02 12:45,37,20,17,0,0,0
2023-05-02 13:00,50,17,33,0,0,0
2023-05-02 13:15,72,25,47,0,0,0
2023-05-02 13:30,42,27,15,0,0,0
2023-05-02 13:45,63,32,31,0,0,0
2023-05-02 14:00,63,25,38,0,0,0
2023-05-02 14:15,70,35,35,0,0,0
2023-05-02 14:30,57,34,23,0,0,0
2023-05-02 14:45,68,42,26,0,0,0
2023-05-02 15:00,64,35,29,0,0,0
2023-05-02 15:15,82,51,31,0,0,0
2023-05-02 15:30,93,39,54,0,0,0
2023-05-02 15:45,80,39,41,0,0,0
2023-05-02 16:00,75,45,30,0,0,0
2023-05-02 16:15,98,57,41,0,0,0
2023-05-02 16:30,80,40,40,0,0,0
2023-05-02 16:45,84,46,38,0,0,0
2023-05-02 17:00,88,48,40,0,0,0
2023-05-02 17:15,77,46,31,0,0,0
2023-05-02 17:30,70,40,30,0,0,0
2023-05-02 17:45,81,43,38,0,0,0
2023-05-02 18:00,73,35,38,0,0,0
2023-05-02 18:15,83,43,40,0,0,0
2023-05-02 18:30,65,25,40,0,0,0
2023-05-02 18:45,54,25,29,0,0,0
2023-05-02 19:00,47,12,35,0,0,0
2023-05-02 19:15,50,24,26,0,0,0
2023-05-02 19:30,41,21,20,0,0,0
2023-05-02 19:45,50,27,23,0,0,0
2023-05-02 20:00,35,17,18,0,0,0
2023-05-02 20:15,39,17,22,0,0,0
2023-05-02 20:30,34,6,28,0,0,0
2023-05-02 20:45,27,15,12,0,0,0
2023-05-02 21:00,20,9,11,0,0,0
2023-05-02 21:15,23,6,17,0,0,0
2023-05-02 21:30,27,10,17,0,0,0
2023-05-02 21:45,7,3,4,0,0,0
2023-05-02 22:00,21,10,11,0,0,0
2023-05-02 22:15,13,7,6,0,0,0
2023-05-02 22:30,17,3,14,0,0,0
2023-05-02 22:45,8,3,5,0,0,0
2023-05-02 23:00,14,1,13,0,0,0
2023-05-02 23:15,12,3,9,0,0,0
2023-05-02 23:30,3,0,3,0,0,0
2023-05-02 23:45,6,2,4,0,0,0
2023-05-03 00:00,3,1,2,0,0,0
2023-05-03 00:15,1,0,1,0,0,0
2023-05-03 00:30,1,0,1,0,0,0
2023-05-03 00:45,1,0,1,0,0,0
2023-05-03 01:00,1,0,1,0,0,0
2023-05-03 01:15,0,0,0,0,0,0
2023-05-03 01:30,1,0,1,0,0,0
2023-05-03 01:45,0,0,0,0,0,0
2023-05-03 02:00,2,0,2,0,0,0
2023-05-03 02:15,2,0,2,0,0,0
2023-05-03 02:30,2,1,1,0,0,0
2023-05-03 02:45,0,0,0,0,0,0
2023-05-03 03:00,0,0,0,0,0,0
2023-05-03 03:15,0,0,0,0,0,0
2023-05-03 03:30,0,0,0,0,0,0
2023-05-03 03:45,2,0,2,0,0,0
2023-05-03 04:00,0,0,0,0,0,0
2023-05-03 04:15,0,0,0,0,0,0
2023-05-03 04:30,4,3,1,0,0,0
2023-05-03 04:45,3,3,0,0,0,0
2023-05-03 05:00,2,2,0,0,0,0
2023-05-03 05:15,4,2,2,0,0,0
2023-05-03 05:30,9,6,3,0,0,0
2023-05-03 05:45,17,9,8,0,0,0
2023-05-03 06:00,16,9,7,0,0,0
2023-05-03 06:15,22,13,9,0,0,0
2023-05-03 06:30,31,15,16,0,0,0
2023-05-03 06:45,28,18,10,0,0,0
2023-05-03 07:00,65,38,27,0,0,0
2023-05-03 07:15,95,70,25,0,0,0
2023-05-03 07:30,144,108,36,0,0,0
2023-05-03 07:45,100,75,25,0,0,0
2023-05-03 08:00,95,63,32,0,0,0
2023-05-03 08:15,85,55,30,0,0,0
2023-05-03 08:30,78,57,21,0,0,0
2023-05-03 08:45,67,51,16,0,0,0
2023-05-03 09:00,41,31,10,0,0,0
2023-05-03 09:15,43,30,13,0,0,0
2023-05-03 09:30,50,38,12,0,0,0
2023-05-03 09:45,90,67,23,0,0,0
2023-05-03 10:00,38,25,13,0,0,0
2023-05-03 10:15,52,34,18,0,0,0
2023-05-03 10:30,46,33,13,0,0,0
2023-05-03 10:45,42,27,15,0,0,0
2023-05-03 11:00,36,18,18,0,0,0
2023-05-03 11:15,40,24,16,0,0,0
2023-05-03 11:30,56,33,23,0,0,0
2023-05-03 11:45,60,31,29,0,0,0
2023-05-03 12:00,59,35,24,0,0,0
2023-05-03 12:15,49,23,26,0,0,0
2023-05-03 12:30,55,23,32,0,0,0
2023-05-03 12:45,62,34,28,0,0,0
2023-05-03 13:00,71,29,42,0,0,0
2023-05-03 13:15,77,33,44,0,0,0
2023-05-03 13:30,65,31,34,0,0,0
2023-05-03 13:45,72,34,38,0,0,0
2023-05-03 14:00,76,39,37,0,0,0
2023-05-03 14:15,57,27,30,0,0,0
2023-05-03 14:30,51,22,29,0,0,0
2023-05-03 14:45,73,39,34,0,0,0
2023-05-03 15:00,105,48,57,0,0,0
2023-05-03 15:15,67,43,24,0,0,0
2023-05-03 15:30,93,48,45,0,0,0
2023-05-03 15:45,125,64,61,0,0,0
2023-05-03 16:00,79,46,33,0,0,0
2023-05-03 16:15,96,50,46,0,0,0
2023-05-03 16:30,99,55,44,0,0,0
2023-05-03 16:45,88,50,38,0,0,0
2023-05-03 17:00,85,51,34,0,0,0
2023-05-03 17:15,97,59,38,0,0,0
2023-05-03 17:30,93,41,52,0,0,0
2023-05-03 17:45,102,53,49,0,0,0
2023-05-03 18:00,82,36,46,0,0,0
2023-05-03 18:15,72,32,40,0,0,0
2023-05-03 18:30,70,24,46,0,0,0
2023-05-03 18:45,73,29,44,0,0,0
2023-05-03 19:00,54,27,27,0,0,0
2023-05-03 19:15,51,24,27,0,0,0
2023-05-03 19:30,48,18,30,0,0,0
2023-05-03 19:45,47,27,20,0,0,0
2023-05-03 20:00,49,24,25,0,0,0
2023-05-03 20:15,39,14,25,0,0,0
2023-05-03 20:30,36,14,22,0,0,0
2023-05-03 20:45,25,12,13,0,0,0
2023-05-03 21:00,25,13,12,0,0,0
2023-05-03 21:15,29,9,20,0,0,0
2023-05-03 21:30,18,4,14,0,0,0
2023-05-03 21:45,29,15,14,0,0,0
2023-05-03 22:00,24,9,15,0,0,0
2023-05-03 22:15,11,3,8,0,0,0
2023-05-03 22:30,21,4,17,0,0,0
2023-05-03 22:45,15,1,14,0,0,0
2023-05-03 23:00,9,1,8,0,0,0
2023-05-03 23:15,9,4,5,0,0,0
2023-05-03 23:30,3,1,2,0,0,0
2023-05-03 23:45,7,2,5,0,0,0
2023-05-04 00:00,6,1,5,0,0,0
2023-05-04 00:15,3,0,3,0,0,0
2023-05-04 00:30,3,0,3,0,0,0
2023-05-04 00:45,3,1,2,0,0,0
2023-05-04 01:00,3,1,2,0,0,0
2023-05-04 01:15,1,0,1,0,0,0
2023-05-04 01:30,1,0,1,0,0,0
2023-05-04 01:45,0,0,0,0,0,0
2023-05-04 02:00,4,0,4,0,0,0
2023-05-04 02:15,2,0,2,0,0,0
2023-05-04 02:30,1,0,1,0,0,0
2023-05-04 02:45,1,0,1,0,0,0
2023-05-04 03:00,1,0,1,0,0,0
2023-05-04 03:15,0,0,0,0,0,0
2023-05-04 03:30,2,0,2,0,0,0
2023-05-04 03:45,0,0,0,0,0,0
2023-05-04 04:00,2,1,1,0,0,0
2023-05-04 04:15,3,2,1,0,0,0
2023-05-04 04:30,1,1,0,0,0,0
2023-05-04 04:45,3,3,0,0,0,0
2023-05-04 05:00,3,2,1,0,0,0
2023-05-04 05:15,4,2,2,0,0,0
2023-05-04 05:30,10,5,5,0,0,0
2023-05-04 05:45,17,9,8,0,0,0
2023-05-04 06:00,20,10,10,0,0,0
2023-05-04 06:15,19,11,8,0,0,0
2023-05-04 06:30,44,22,22,0,0,0
2023-05-04 06:45,35,23,12,0,0,0
2023-05-04 07:00,54,34,20,0,0,0
2023-05-04 07:15,93,72,21,0,0,0
2023-05-04 07:30,133,101,32,0,0,0
2023-05-04 07:45,100,76,24,0,0,0
2023-05-04 08:00,85,53,32,0,0,0
2023-05-04 08:15,76,49,27,0,0,0
2023-05-04 08:30,66,43,23,0,0,0
2023-05-04 08:45,65,42,23,0,0,0
2023-05-04 09:00,44,27,17,0,0,0
2023-05-04 09:15,28,21,7,0,0,0
2023-05-04 09:30,42,26,16,0,0,0
2023-05-04 09:45,66,52,14,0,0,0
2023-05-04 10:00,39,29,10,0,0,0
2023-05-04 10:15,26,18,8,0,0,0
2023-05-04 10:30,40,26,14,0,0,0
2023-05-04 10:45,34,22,12,0,0,0
2023-05-04 11:00,26,18,8,0,0,0
2023-05-04 11:15,27,19,8,0,0,0
2023-05-04 11:30,44,27,17,0,0,0
2023-05-04 11:45,59,29,30,0,0,0
2023-05-04 12:00,45,20,25,0,0,0
2023-05-04 12:15,45,25,20,0,0,0
2023-05-04 12:30,41,26,15,0,0,0
2023-05-04 12:45,53,19,34,0,0,0
2023-05-04 13:00,62,28,34,0,0,0
2023-05-04 13:15,78,33,45,0,0,0
2023-05-04 13:30,47,23,24,0,0,0
2023-05-04 13:45,83,47,36,0,0,0
2023-05-04 14:00,80,44,36,0,0,0
2023-05-04 14:15,49,25,24,0,0,0
2023-05-04 14:30,74,38,36,0,0,0
2023-05-04 14:45,100,55,45,0,0,0
2023-05-04 15:00,101,55,46,0,0,0
2023-05-04 15:15,85,49,36,0,0,0
2023-05-04 15:30,82,46,36,0,0,0
2023-05-04 15:45,103,58,45,0,0,0
2023-05-04 16:00,123,70,53,0,0,0
2023-05-04 16:15,112,66,46,0,0,0
2023-05-04 16:30,96,56,40,0,0,0
2023-05-04 16:45,104,62,42,0,0,0
2023-05-04 17:00,92,44,48,0,0,0
2023-05-04 17:15,104,49,55,0,0,0
2023-05-04 17:30,92,47,45,0,0,0
2023-05-04 17:45,98,55,43,0,0,0
2023-05-04 18:00,78,41,37,0,0,0
2023-05-04 18:15,91,37,54,0,0,0
2023-05-04 18:30,82,33,49,0,0,0
2023-05-04 18:45,77,38,39,0,0,0
2023-05-04 19:00,39,19,20,0,0,0
2023-05-04 19:15,48,17,31,0,0,0
2023-05-04 19:30,52,22,30,0,0,0
2023-05-04 19:45,42,20,22,0,0,0
2023-05-04 20:00,51,21,30,0,0,0
2023-05-04 20:15,34,12,22,0,0,0
2023-05-04 20:30,29,13,16,0,0,0
2023-05-04 20:45,25,10,15,0,0,0
2023-05-04 21:00,20,5,15,0,0,0
2023-05-04 21:15,27,9,18,0,0,0
2023-05-04 21:30,29,9,20,0,0,0
2023-05-04 21:45,35,11,24,0,0,0
2023-05-04 22:00,23,7,16,0,0,0
2023-05-04 22:15,22,4,18,0,0,0
2023-05-04 22:30,21,7,14,0,0,0
2023-05-04 22:45,26,4,22,0,0,0
2023-05-04 23:00,13,3,10,0,0,0
2023-05-04 23:15,12,4,8,0,0,0
2023-05-04 23:30,9,5,4,0,0,0
2023-05-04 23:45,4,1,3,0,0,0
2023-05-05 00:00,9,1,8,0,0,0
2023-05-05 00:15,4,1,3,0,0,0
2023-05-05 00:30,3,0,3,0,0,0
2023-05-05 00:45,1,0,1,0,0,0
2023-05-05 01:00,0,0,0,0,0,0
2023-05-05 01:15,1,0,1,0,0,0
2023-05-05 01:30,2,0,2,0,0,0
2023-05-05 01:45,0,0,0,0,0,0
2023-05-05 02:00,1,0,1,0,0,0
2023-05-05 02:15,1,0,1,0,0,0
2023-05-05 02:30,0,0,0,0,0,0
2023-05-05 02:45,1,0,1,0,0,0
2023-05-05 03:00,0,0,0,0,0,0
2023-05-05 03:15,0,0,0,0,0,0
2023-05-05 03:30,1,0,1,0,0,0
2023-05-05 03:45,3,1,2,0,0,0
2023-05-05 04:00,0,0,0,0,0,0
2023-05-05 04:15,1,1,0,0,0,0
2023-05-05 04:30,1,0,1,0,0,0
2023-05-05 04:45,3,2,1,0,0,0
2023-05-05 05:00,0,0,0,0,0,0
2023-05-05 05:15,6,4,2,0,0,0
2023-05-05 05:30,9,6,3,0,0,0
2023-05-05 05:45,14,5,9,0,0,0
2023-05-05 06:00,13,6,7,0,0,0
2023-05-05 06:15,18,12,6,0,0,0
2023-05-05 06:30,29,14,15,0,0,0
2023-05-05 06:45,24,15,9,0,0,0
2023-05-05 07:00,38,23,15,0,0,0
2023-05-05 07:15,63,53,10,0,0,0
2023-05-05 07:30,117,89,28,0,0,0
2023-05-05 07:45,102,76,26,0,0,0
2023-05-05 08:00,52,37,15,0,0,0
2023-05-05 08:15,77,58,19,0,0,0
2023-05-05 08:30,65,44,21,0,0,0
2023-05-05 08:45,56,34,22,0,0,0
2023-05-05 09:00,36,27,9,0,0,0
2023-05-05 09:15,41,30,11,0,0,0
2023-05-05 09:30,40,26,14,0,0,0
2023-05-05 09:45,57,37,20,0,0,0
2023-05-05 10:00,29,21,8,0,0,0
2023-05-05 10:15,27,14,13,0,0,0
2023-05-05 10:30,31,18,13,0,0,0
2023-05-05 10:45,44,29,15,0,0,0
2023-05-05 11:00,36,22,14,0,0,0
2023-05-05 11:15,39,21,18,0,0,0
2023-05-05 11:30,45,23,22,0,0,0
2023-05-05 11:45,60,38,22,0,0,0
2023-05-05 12:00,61,35,26,0,0,0
2023-05-05 12:15,68,33,35,0,0,0
2023-05-05 12:30,59,22,37,0,0,0
2023-05-05 12:45,59,31,28,0,0,0
2023-05-05 13:00,67,27,40,0,0,0
2023-05-05 13:15,109,42,67,0,0,0
2023-05-05 13:30,59,33,26,0,0,0
2023-05-05 13:45,77,42,35,0,0,0
2023-05-05 14:00,82,35,47,0,0,0
2023-05-05 14:15,74,35,39,0,0,0
2023-05-05 14:30,88,49,39,0,0,0
2023-05-05 14:45,78,33,45,0,0,0
2023-05-05 15:00,80,44,36,0,0,0
2023-05-05 15:15,77,36,41,0,0,0
2023-05-05 15:30,67,32,35,0,0,0
2023-05-05 15:45,60,38,22,0,0,0
2023-05-05 16:00,48,25,23,0,0,0
2023-05-05 16:15,70,35,35,0,0,0
2023-05-05 16:30,65,28,37,0,0,0
2023-05-05 16:45,34,14,20,0,0,0
2023-05-05 17:00,40,21,19,0,0,0
2023-05-05 17:15,35,17,18,0,0,0
2023-05-05 17:30,50,31,19,0,0,0
2023-05-05 17:45,50,30,20,0,0,0
2023-05-05 18:00,54,24,30,0,0,0
2023-05-05 18:15,38,12,26,0,0,0
2023-05-05 18:30,52,22,30,0,0,0
2023-05-05 18:45,27,13,14,0,0,0
2023-05-05 19:00,38,13,25,0,0,0
2023-05-05 19:15,37,22,15,0,0,0
2023-05-05 19:30,41,21,20,0,0,0
2023-05-05 19:45,40,16,24,0,0,0
2023-05-05 20:00,28,22,6,0,0,0
2023-05-05 20:15,30,16,14,0,0,0
2023-05-05 20:30,23,11,12,0,0,0
2023-05-05 20:45,23,18,5,0,0,0
2023-05-05 21:00,20,13,7,0,0,0
2023-05-05 21:15,17,10,7,0,0,0
2023-05-05 21:30,25,8,17,0,0,0
2023-05-05 21:45,15,5,10,0,0,0
2023-05-05 22:00,14,8,6,0,0,0
2023-05-05 22:15,28,15,13,0,0,0
2023-05-05 22:30,16,4,12,0,0,0
2023-05-05 22:45,27,11,16,0,0,0
2023-05-05 23:00,23,11,12,0,0,0
2023-05-05 23:15,11,1,10,0,0,0
2023-05-05 23:30,22,2,20,0,0,0
2023-05-05 23:45,10,5,5,0,0,0
2023-05-06 00:00,11,7,4,0,0,0
2023-05-06 00:15,9,4,5,0,0,0
2023-05-06 00:30,13,9,4,0,0,0
2023-05-06 00:45,17,5,12,0,0,0
2023-05-06 01:00,11,6,5,0,0,0
2023-05-06 01:15,7,0,7,0,0,0
2023-05-06 01:30,2,1,1,0,0,0
2023-05-06 01:45,7,2,5,0,0,0
2023-05-06 02:00,11,0,11,0,0,0
2023-05-06 02:15,3,0,3,0,0,0
2023-05-06 02:30,9,0,9,0,0,0
2023-05-06 02:45,6,0,6,0,0,0
2023-05-06 03:00,2,0,2,0,0,0
2023-05-06 03:15,4,1,3,0,0,0
2023-05-06 03:30,2,1,1,0,0,0
2023-05-06 03:45,5,0,5,0,0,0
2023-05-06 04:00,0,0,0,0,0,0
2023-05-06 04:15,4,2,2,0,0,0
2023-05-06 04:30,1,1,0,0,0,0
2023-05-06 04:45,6,3,3,0,0,0
2023-05-06 05:00,1,1,0,0,0,0
2023-05-06 05:15,3,3,0,0,0,0
2023-05-06 05:30,2,2,0,0,0,0
2023-05-06 05:45,5,4,1,0,0,0
2023-05-06 06:00,4,3,1,0,0,0
2023-05-06 06:15,7,3,4,0,0,0
2023-05-06 06:30,4,1,3,0,0,0
2023-05-06 06:45,6,5,1,0,0,0
2023-05-06 07:00,12,7,5,0,0,0
2023-05-06 07:15,9,7,2,0,0,0
2023-05-06 07:30,8,6,2,0,0,0
2023-05-06 07:45,7,3,4,0,0,0
2023-05-06 08:00,11,8,3,0,0,0
2023-05-06 08:15,23,17,6,0,0,0
2023-05-06 08:30,23,16,7,0,0,0
2023-05-06 08:45,31,24,7,0,0,0
2023-05-06 09:00,37,19,18,0,0,0
2023-05-06 09:15,29,24,5,0,0,0
2023-05-06 09:30,45,37,8,0,0,0
2023-05-06 09:45,35,28,7,0,0,0
2023-05-06 10:00,53,36,17,0,0,0
2023-05-06 10:15,41,28,13,0,0,0
2023-05-06 10:30,45,31,14,0,0,0
2023-05-06 10:45,52,38,14,0,0,0
2023-05-06 11:00,49,32,17,0,0,0
2023-05-06 11:15,44,30,14,0,0,0
2023-05-06 11:30,59,43,16,0,0,0
2023-05-06 11:45,53,36,17,0,0,0
2023-05-06 12:00,41,22,19,0,0,0
2023-05-06 12:15,67,40,27,0,0,0
2023-05-06 12:30,54,33,21,0,0,0
2023-05-06 12:45,52,25,27,0,0,0
2023-05-06 13:00,40,17,23,0,0,0
2023-05-06 13:15,66,29,37,0,0,0
2023-05-06 13:30,56,22,34,0,0,0
2023-05-06 13:45,61,36,25,0,0,0
2023-05-06 14:00,47,21,26,0,0,0
2023-05-06 14:15,64,33,31,0,0,0
2023-05-06 14:30,92,36,56,0,0,0
2023-05-06 14:45,60,30,30,0,0,0
2023-05-06 15:00,47,23,24,0,0,0
2023-05-06 15:15,52,27,25,0,0,0
2023-05-06 15:30,34,17,17,0,0,0
2023-05-06 15:45,58,33,25,0,0,0
2023-05-06 16:00,38,17,21,0,0,0
2023-05-06 16:15,40,17,23,0,0,0
2023-05-06 16:30,52,31,21,0,0,0
2023-05-06 16:45,45,20,25,0,0,0
2023-05-06 17:00,39,20,19,0,0,0
2023-05-06 17:15,48,21,27,0,0,0
2023-05-06 17:30,63,26,37,0,0,0
2023-05-06 17:45,46,26,20,0,0,0
2023-05-06 18:00,49,22,27,0,0,0
2023-05-06 18:15,52,29,23,0,0,0
2023-05-06 18:30,42,33,9,0,0,0
2023-05-06 18:45,53,29,24,0,0,0
2023-05-06 19:00,42,24,18,0,0,0
2023-05-06 19:15,36,23,13,0,0,0
2023-05-06 19:30,43,22,21,0,0,0
2023-05-06 19:45,43,25,18,0,0,0
2023-05-06 20:00,32,16,16,0,0,0
2023-05-06 20:15,36,16,20,0,0,0
2023-05-06 20:30,31,14,17,0,0,0
2023-05-06 20:45,20,14,6,0,0,0
2023-05-06 21:00,20,10,10,0,0,0
2023-05-06 21:15,22,5,17,0,0,0
2023-05-06 21:30,12,8,4,0,0,0
2023-05-06 21:45,14,8,6,0,0,0
2023-05-06 22:00,21,10,11,0,0,0
2023-05-06 22:15,13,6,7,0,0,0
2023-05-06 22:30,12,5,7,0,0,0
2023-05-06 22:45,20,8,12,0,0,0
2023-05-06 23:00,16,5,11,0,0,0
2023-05-06 23:15,19,7,12,0,0,0
2023-05-06 23:30,9,4,5,0,0,0
2023-05-06 23:45,11,5,6,0,0,0
2023-05-07 00:00,19,7,12,0,0,0
2023-05-07 00:15,6,2,4,0,0,0
2023-05-07 00:30,23,7,16,0,0,0
2023-05-07 00:45,13,10,3,0,0,0
2023-05-07 01:00,4,3,1,0,0,0
2023-05-07 01:15,9,1,8,0,0,0
2023-05-07 01:30,5,2,3,0,0,0
2023-05-07 01:45,2,0,2,0,0,0
2023-05-07 02:00,9,6,3,0,0,0
2023-05-07 02:15,6,1,5,0,0,0
2023-05-07 02:30,13,5,8,0,0,0
2023-05-07 02:45,6,3,3,0,0,0
2023-05-07 03:00,11,2,9,0,0,0
2023-05-07 03:15,3,0,3,0,0,0
2023-05-07 03:30,5,0,5,0,0,0
2023-05-07 03:45,2,0,2,0,0,0
2023-05-07 04:00,5,2,3,0,0,0
2023-05-07 04:15,2,0,2,0,0,0
2023-05-07 04:30,2,0,2,0,0,0
2023-05-07 04:45,0,0,0,0,0,0
2023-05-07 05:00,3,0,3,0,0,0
2023-05-07 05:15,1,1,0,0,0,0
2023-05-07 05:30,1,1,0,0,0,0
2023-05-07 05:45,4,4,0,0,0,0
2023-05-07 06:00,4,2,2,0,0,0
2023-05-07 06:15,3,1,2,0,0,0
2023-05-07 06:30,0,0,0,0,0,0
2023-05-07 06:45,4,1,3,0,0,0
2023-05-07 07:00,5,3,2,0,0,0
2023-05-07 07:15,2,2,0,0,0,0
2023-05-07 07:30,3,2,1,0,0,0
2023-05-07 07:45,8,5,3,0,0,0
2023-05-07 08:00,4,1,3,0,0,0
2023-05-07 08:15,2,1,1,0,0,0
2023-05-07 08:30,10,8,2,0,0,0
2023-05-07 08:45,8,7,1,0,0,0
2023-05-07 09:00,8,4,4,0,0,0
2023-05-07 09:15,8,5,3,0,0,0
2023-05-07 09:30,21,14,7,0,0,0
2023-05-07 09:45,22,6,16,0,0,0
2023-05-07 10:00,24,20,4,0,0,0
2023-05-07 10:15,12,9,3,0,0,0
2023-05-07 10:30,29,18,11,0,0,0
2023-05-07 10:45,31,15,16,0,0,0
2023-05-07 11:00,15,8,7,0,0,0
2023-05-07 11:15,24,10,14,0,0,0
2023-05-07 11:30,23,15,8,0,0,0
2023-05-07 11:45,29,20,9,0,0,0
2023-05-07 12:00,25,14,11,0,0,0
2023-05-07 12:15,24,13,11,0,0,0
2023-05-07 12:30,36,12,24,0,0,0
2023-05-07 12:45,30,18,12,0,0,0
2023-05-07 13:00,38,21,17,0,0,0
2023-05-07 13:15,30,18,12,0,0,0
2023-05-07 13:30,41,20,21,0,0,0
2023-05-07 13:45,45,24,21,0,0,0
2023-05-07 14:00,41,25,16,0,0,0
2023-05-07 14:15,52,21,31,0,0,0
2023-05-07 14:30,35,23,12,0,0,0
2023-05-07 14:45,34,16,18,0,0,0
2023-05-07 15:00,40,25,15,0,0,0
2023-05-07 15:15,26,11,15,0,0,0
2023-05-07 15:30,52,26,26,0,0,0
2023-05-07 15:45,32,14,18,0,0,0
2023-05-07 16:00,29,12,17,0,0,0
2023-05-07 16:15,45,26,19,0,0,0
2023-05-07 16:30,46,24,22,0,0,0
2023-05-07 16:45,42,25,17,0,0,0
2023-05-07 17:00,37,19,18,0,0,0
2023-05-07 17:15,39,20,19,0,0,0
2023-05-07 17:30,33,12,21,0,0,0
2023-05-07 17:45,28,17,11,0,0,0
2023-05-07 18:00,46,22,24,0,0,0
2023-05-07 18:15,24,13,11,0,0,0
2023-05-07 18:30,29,21,8,0,0,0
2023-05-07 18:45,17,12,5,0,0,0
2023-05-07 19:00,32,13,19,0,0,0
2023-05-07 19:15,19,7,12,0,0,0
2023-05-07 19:30,26,14,12,0,0,0
2023-05-07 19:45,24,10,14,0,0,0
2023-05-07 20:00,18,10,8,0,0,0
2023-05-07 20:15,13,4,9,0,0,0
2023-05-07 20:30,16,8,8,0,0,0
2023-05-07 20:45,12,4,8,0,0,0
2023-05-07 21:00,10,6,4,0,0,0
2023-05-07 21:15,11,5,6,0,0,0
2023-05-07 21:30,4,1,3,0,0,0
2023-05-07 21:45,11,6,5,0,0,0
2023-05-07 22:00,15,4,11,0,0,0
2023-05-07 22:15,8,5,3,0,0,0
2023-05-07 22:30,7,3,4,0,0,0
2023-05-07 22:45,14,1,13,0,0,0
2023-05-07 23:00,9,6,3,0,0,0
2023-05-07 23:15,5,3,2,0,0,0
2023-05-07 23:30,4,3,1,0,0,0
2023-05-07 23:45,1,1,0,0,0,0
2023-05-08 00:00,2,0,2,0,0,0
2023-05-08 00:15,1,1,0,0,0,0
2023-05-08 00:30,1,1,0,0,0,0
2023-05-08 00:45,1,0,1,0,0,0
2023-05-08 01:00,0,0,0,0,0,0
2023-05-08 01:15,3,0,3,0,0,0
2023-05-08 01:30,0,0,0,0,0,0
2023-05-08 01:45,0,0,0,0,0,0
2023-05-08 02:00,0,0,0,0,0,0
2023-05-08 02:15,1,0,1,0,0,0
2023-05-08 02:30,0,0,0,0,0,0
2023-05-08 02:45,1,0,1,0,0,0
2023-05-08 03:00,0,0,0,0,0,0
2023-05-08 03:15,0,0,0,0,0,0
2023-05-08 03:30,2,1,1,0,0,0
2023-05-08 03:45,0,0,0,0,0,0
2023-05-08 04:00,0,0,0,0,0,0
2023-05-08 04:15,0,0,0,0,0,0
2023-05-08 04:30,1,0,1,0,0,0
2023-05-08 04:45,4,3,1,0,0,0
2023-05-08 05:00,4,3,1,0,0,0
2023-05-08 05:15,6,3,3,0,0,0
2023-05-08 05:30,11,4,7,0,0,0
2023-05-08 05:45,10,6,4,0,0,0
2023-05-08 06:00,17,4,13,0,0,0
2023-05-08 06:15,18,11,7,0,0,0
2023-05-08 06:30,29,12,17,0,0,0
2023-05-08 06:45,50,25,25,0,0,0
2023-05-08 07:00,54,36,18,0,0,0
2023-05-08 07:15,96,66,30,0,0,0
2023-05-08 07:30,153,120,33,0,0,0
2023-05-08 07:45,99,69,30,0,0,0
2023-05-08 08:00,95,62,33,0,0,0
2023-05-08 08:15,72,46,26,0,0,0
2023-05-08 08:30,66,49,17,0,0,0
2023-05-08 08:45,62,36,26,0,0,0
2023-05-08 09:00,37,25,12,0,0,0
2023-05-08 09:15,46,30,16,0,0,0
2023-05-08 09:30,48,24,24,0,0,0
2023-05-08 09:45,53,37,16,0,0,0
2023-05-08 10:00,40,30,10,0,0,0
2023-05-08 10:15,23,14,9,0,0,0
2023-05-08 10:30,36,25,11,0,0,0
2023-05-08 10:45,32,14,18,0,0,0
2023-05-08 11:00,38,17,21,0,0,0
2023-05-08 11:15,40,17,23,0,0,0
2023-05-08 11:30,47,35,12,0,0,0
2023-05-08 11:45,52,37,15,0,0,0
2023-05-08 12:00,46,27,19,0,0,0
2023-05-08 12:15,55,26,29,0,0,0
2023-05-08 12:30,55,27,28,0,0,0
2023-05-08 12:45,80,42,38,0,0,0
2023-05-08 13:00,68,35,33,0,0,0
2023-05-08 13:15,78,29,49,0,0,0
2023-05-08 13:30,56,34,22,0,0,0
2023-05-08 13:45,70,40,30,0,0,0
2023-05-08 14:00,56,23,33,0,0,0
2023-05-08 14:15,77,39,38,0,0,0
2023-05-08 14:30,62,23,39,0,0,0
2023-05-08 14:45,79,40,39,0,0,0
2023-05-08 15:00,81,39,42,0,0,0
2023-05-08 15:15,74,43,31,0,0,0
2023-05-08 15:30,72,36,36,0,0,0
2023-05-08 15:45,96,52,44,0,0,0
2023-05-08 16:00,104,58,46,0,0,0
2023-05-08 16:15,69,36,33,0,0,0
2023-05-08 16:30,80,40,40,0,0,0
2023-05-08 16:45,85,56,29,0,0,0
2023-05-08 17:00,82,45,37,0,0,0
2023-05-08 17:15,84,52,32,0,0,0
2023-05-08 17:30,82,39,43,0,0,0
2023-05-08 17:45,98,64,34,0,0,0
2023-05-08 18:00,76,39,37,0,0,0
2023-05-08 18:15,82,43,39,0,0,0
2023-05-08 18:30,52,33,19,0,0,0
2023-05-08 18:45,58,28,30,0,0,0
2023-05-08 19:00,60,27,33,0,0,0
2023-05-08 19:15,46,23,23,0,0,0
2023-05-08 19:30,36,22,14,0,0,0
2023-05-08 19:45,45,22,23,0,0,0
2023-05-08 20:00,45,18,27,0,0,0
2023-05-08 20:15,42,23,19,0,0,0
2023-05-08 20:30,33,11,22,0,0,0
2023-05-08 20:45,23,7,16,0,0,0
2023-05-08 21:00,30,14,16,0,0,0
2023-05-08 21:15,31,15,16,0,0,0
2023-05-08 21:30,34,9,25,0,0,0
2023-05-08 21:45,28,8,20,0,0,0
2023-05-08 22:00,20,2,18,0,0,0
2023-05-08 22:15,9,2,7,0,0,0
2023-05-08 22:30,11,7,4,0,0,0
2023-05-08 22:45,7,6,1,0,0,0
2023-05-08 23:00,8,2,6,0,0,0
2023-05-08 23:15,10,2,8,0,0,0
2023-05-08 23:30,8,2,6,0,0,0
2023-05-08 23:45,5,0,5,0,0,0
2023-05-09 00:00,2,0,2,0,0,0
2023-05-09 00:15,5,1,4,0,0,0
2023-05-09 00:30,0,0,0,0,0,0
2023-05-09 00:45,2,1,1,0,0,0
2023-05-09 01:00,2,2,0,0,0,0
2023-05-09 01:15,2,0,2,0,0,0
2023-05-09 01:30,0,0,0,0,0,0
2023-05-09 01:45,1,1,0,0,0,0
2023-05-09 02:00,4,0,4,0,0,0
2023-05-09 02:15,1,0,1,0,0,0
2023-05-09 02:30,0,0,0,0,0,0
2023-05-09 02:45,0,0,0,0,0,0
2023-05-09 03:00,0,0,0,0,0,0
2023-05-09 03:15,0,0,0,0,0,0
2023-05-09 03:30,1,0,1,0,0,0
2023-05-09 03:45,1,1,0,0,0,0
2023-05-09 04:00,0,0,0,0,0,0
2023-05-09 04:15,2,1,1,0,0,0
2023-05-09 04:30,0,0,0,0,0,0
2023-05-09 04:45,3,2,1,0,0,0
2023-05-09 05:00,2,1,1,0,0,0
2023-05-09 05:15,3,3,0,0,0,0
2023-05-09 05:30,12,7,5,0,0,0
2023-05-09 05:45,21,9,12,0,0,0
2023-05-09 06:00,19,9,10,0,0,0
2023-05-09 06:15,23,11,12,0,0,0
2023-05-09 06:30,22,12,10,0,0,0
2023-05-09 06:45,36,23,13,0,0,0
2023-05-09 07:00,47,26,21,0,0,0
2023-05-09 07:15,81,58,23,0,0,0
2023-05-09 07:30,157,116,41,0,0,0
2023-05-09 07:45,87,62,25,0,0,0
2023-05-09 08:00,80,60,20,0,0,0
2023-05-09 08:15,87,58,29,0,0,0
2023-05-09 08:30,58,37,21,0,0,0
2023-05-09 08:45,58,40,18,0,0,0
2023-05-09 09:00,42,29,13,0,0,0
2023-05-09 09:15,34,24,10,0,0,0
2023-05-09 09:30,40,23,17,0,0,0
2023-05-09 09:45,74,54,20,0,0,0
2023-05-09 10:00,29,20,9,0,0,0
2023-05-09 10:15,35,17,18,0,0,0
2023-05-09 10:30,33,18,15,0,0,0
2023-05-09 10:45,31,17,14,0,0,0
2023-05-09 11:00,42,21,21,0,0,0
2023-05-09 11:15,35,23,12,0,0,0
2023-05-09 11:30,39,26,13,0,0,0
2023-05-09 11:45,46,28,18,0,0,0
2023-05-09 12:00,48,30,18,0,0,0
2023-05-09 12:15,44,20,24,0,0,0
2023-05-09 12:30,45,21,24,0,0,0
2023-05-09 12:45,43,21,22,0,0,0
2023-05-09 13:00,66,23,43,0,0,0
2023-05-09 13:15,80,22,58,0,0,0
2023-05-09 13:30,51,29,22,0,0,0
2023-05-09 13:45,63,32,31,0,0,0
2023-05-09 14:00,85,35,50,0,0,0
2023-05-09 14:15,62,32,30,0,0,0
2023-05-09 14:30,63,39,24,0,0,0
2023-05-09 14:45,70,35,35,0,0,0
2023-05-09 15:00,66,40,26,0,0,0
2023-05-09 15:15,72,32,40,0,0,0
2023-05-09 15:30,90,51,39,0,0,0
2023-05-09 15:45,73,45,28,0,0,0
2023-05-09 16:00,56,27,29,0,0,0
2023-05-09 16:15,94,57,37,0,0,0
2023-05-09 16:30,100,49,51,0,0,0
2023-05-09 16:45,78,31,47,0,0,0
2023-05-09 17:00,55,29,26,0,0,0
2023-05-09 17:15,59,30,29,0,0,0
2023-05-09 17:30,57,27,30,0,0,0
2023-05-09 17:45,67,39,28,0,0,0
2023-05-09 18:00,68,26,42,0,0,0
2023-05-09 18:15,56,18,38,0,0,0
2023-05-09 18:30,59,17,42,0,0,0
2023-05-09 18:45,31,10,21,0,0,0
2023-05-09 19:00,40,18,22,0,0,0
2023-05-09 19:15,19,8,11,0,0,0
2023-05-09 19:30,9,5,4,0,0,0
2023-05-09 19:45,36,10,26,0,0,0
2023-05-09 20:00,27,9,18,0,0,0
2023-05-09 20:15,22,7,15,0,0,0
2023-05-09 20:30,17,4,13,0,0,0
2023-05-09 20:45,12,5,7,0,0,0
2023-05-09 21:00,13,9,4,0,0,0
2023-05-09 21:15,12,6,6,0,0,0
2023-05-09 21:30,17,5,12,0,0,0
2023-05-09 21:45,10,7,3,0,0,0
2023-05-09 22:00,10,6,4,0,0,0
2023-05-09 22:15,12,5,7,0,0,0
2023-05-09 22:30,10,1,9,0,0,0
2023-05-09 22:45,13,2,11,0,0,0
2023-05-09 23:00,10,3,7,0,0,0
2023-05-09 23:15,7,2,5,0,0,0
2023-05-09 23:30,1,0,1,0,0,0
2023-05-09 23:45,2,1,1,0,0,0
2023-05-10 00:00,3,1,2,0,0,0
2023-05-10 00:15,0,0,0,0,0,0
2023-05-10 00:30,1,1,0,0,0,0
2023-05-10 00:45,0,0,0,0,0,0
2023-05-10 01:00,0,0,0,0,0,0
2023-05-10 01:15,3,2,1,0,0,0
2023-05-10 01:30,0,0,0,0,0,0
2023-05-10 01:45,0,0,0,0,0,0
2023-05-10 02:00,2,0,2,0,0,0
2023-05-10 02:15,1,0,1,0,0,0
2023-05-10 02:30,5,0,5,0,0,0
2023-05-10 02:45,0,0,0,0,0,0
2023-05-10 03:00,0,0,0,0,0,0
2023-05-10 03:15,0,0,0,0,0,0
2023-05-10 03:30,0,0,0,0,0,0
2023-05-10 03:45,1,1,0,0,0,0
2023-05-10 04:00,0,0,0,0,0,0
2023-05-10 04:15,3,1,2,0,0,0
2023-05-10 04:30,3,2,1,0,0,0
2023-05-10 04:45,2,2,0,0,0,0
2023-05-10 05:00,3,2,1,0,0,0
2023-05-10 05:15,4,3,1,0,0,0
2023-05-10 05:30,3,2,1,0,0,0
2023-05-10 05:45,10,8,2,0,0,0
2023-05-10 06:00,15,6,9,0,0,0
2023-05-10 06:15,13,10,3,0,0,0
2023-05-10 06:30,26,9,17,0,0,0
2023-05-10 06:45,34,21,13,0,0,0
2023-05-10 07:00,41,27,14,0,0,0
2023-05-10 07:15,73,54,19,0,0,0
2023-05-10 07:30,141,108,33,0,0,0
2023-05-10 07:45,130,92,38,0,0,0
2023-05-10 08:00,62,48,14,0,0,0
2023-05-10 08:15,67,37,30,0,0,0
2023-05-10 08:30,69,52,17,0,0,0
2023-05-10 08:45,48,35,13,0,0,0
2023-05-10 09:00,35,26,9,0,0,0
2023-05-10 09:15,39,28,11,0,0,0
2023-05-10 09:30,50,36,14,0,0,0
2023-05-10 09:45,46,36,10,0,0,0
2023-05-10 10:00,43,29,14,0,0,0
2023-05-10 10:15,35,24,11,0,0,0
2023-05-10 10:30,41,33,8,0,0,0
2023-05-10 10:45,25,17,8,0,0,0
2023-05-10 11:00,31,18,13,0,0,0
2023-05-10 11:15,43,29,14,0,0,0
2023-05-10 11:30,36,22,14,0,0,0
2023-05-10 11:45,44,25,19,0,0,0
2023-05-10 12:00,46,17,29,0,0,0
2023-05-10 12:15,54,31,23,0,0,0
2023-05-10 12:30,46,22,24,0,0,0
2023-05-10 12:45,54,30,24,0,0,0
2023-05-10 13:00,60,26,34,0,0,0
2023-05-10 13:15,64,34,30,0,0,0
2023-05-10 13:30,55,27,28,0,0,0
2023-05-10 13:45,62,35,27,0,0,0
2023-05-10 14:00,58,21,37,0,0,0
2023-05-10 14:15,48,24,24,0,0,0
2023-05-10 14:30,69,38,31,0,0,0
2023-05-10 14:45,52,22,30,0,0,0
2023-05-10 15:00,57,24,33,0,0,0
2023-05-10 15:15,63,30,33,0,0,0
2023-05-10 15:30,78,44,34,0,0,0
2023-05-10 15:45,87,39,48,0,0,0
2023-05-10 16:00,78,47,31,0,0,0
2023-05-10 16:15,88,44,44,0,0,0
2023-05-10 16:30,72,34,38,0,0,0
2023-05-10 16:45,79,48,31,0,0,0
2023-05-10 17:00,74,41,33,0,0,0
2023-05-10 17:15,84,55,29,0,0,0
2023-05-10 17:30,69,41,28,0,0,0
2023-05-10 17:45,94,54,40,0,0,0
2023-05-10 18:00,81,42,39,0,0,0
2023-05-10 18:15,67,36,31,0,0,0
2023-05-10 18:30,83,39,44,0,0,0
2023-05-10 18:45,60,28,32,0,0,0
2023-05-10 19:00,40,26,14,0,0,0
2023-05-10 19:15,48,32,16,0,0,0
2023-05-10 19:30,42,21,21,0,0,0
2023-05-10 19:45,56,23,33,0,0,0
2023-05-10 20:00,41,16,25,0,0,0
2023-05-10 20:15,36,15,21,0,0,0
2023-05-10 20:30,25,12,13,0,0,0
2023-05-10 20:45,29,22,7,0,0,0
2023-05-10 21:00,22,10,12,0,0,0
2023-05-10 21:15,26,10,16,0,0,0
2023-05-10 21:30,28,9,19,0,0,0
2023-05-10 21:45,29,11,18,0,0,0
2023-05-10 22:00,26,16,10,0,0,0
2023-05-10 22:15,24,9,15,0,0,0
2023-05-10 22:30,13,4,9,0,0,0
2023-05-10 22:45,18,6,12,0,0,0
2023-05-10 23:00,10,2,8,0,0,0
2023-05-10 23:15,10,2,8,0,0,0
2023-05-10 23:30,7,0,7,0,0,0
2023-05-10 23:45,4,0,4,0,0,0
2023-05-11 00:00,2,2,0,0,0,0
2023-05-11 00:15,9,0,9,0,0,0
2023-05-11 00:30,6,3,3,0,0,0
2023-05-11 00:45,5,1,4,0,0,0
2023-05-11 01:00,0,0,0,0,0,0
2023-05-11 01:15,2,0,2,0,0,0
2023-05-11 01:30,1,0,1,0,0,0
2023-05-11 01:45,2,1,1,0,0,0
2023-05-11 02:00,2,0,2,0,0,0
2023-05-11 02:15,4,0,4,0,0,0
2023-05-11 02:30,1,0,1,0,0,0
2023-05-11 02:45,1,0,1,0,0,0
2023-05-11 03:00,2,0,2,0,0,0
2023-05-11 03:15,0,0,0,0,0,0
2023-05-11 03:30,0,0,0,0,0,0
2023-05-11 03:45,3,2,1,0,0,0
2023-05-11 04:00,2,0,2,0,0,0
2023-05-11 04:15,1,1,0,0,0,0
2023-05-11 04:30,3,1,2,0,0,0
2023-05-11 04:45,1,1,0,0,0,0
2023-05-11 05:00,3,3,0,0,0,0
2023-05-11 05:15,7,2,5,0,0,0
2023-05-11 05:30,5,3,2,0,0,0
2023-05-11 05:45,19,9,10,0,0,0
2023-05-11 06:00,26,9,17,0,0,0
2023-05-11 06:15,24,13,11,0,0,0
2023-05-11 06:30,34,16,18,0,0,0
2023-05-11 06:45,34,19,15,0,0,0
2023-05-11 07:00,50,32,18,0,0,0
2023-05-11 07:15,89,69,20,0,0,0
2023-05-11 07:30,138,106,32,0,0,0
2023-05-11 07:45,100,74,26,0,0,0
2023-05-11 08:00,78,55,23,0,0,0
2023-05-11 08:15,77,63,14,0,0,0
2023-05-11 08:30,68,44,24,0,0,0
2023-05-11 08:45,41,28,13,0,0,0
2023-05-11 09:00,47,26,21,0,0,0
2023-05-11 09:15,37,26,11,0,0,0
2023-05-11 09:30,35,27,8,0,0,0
2023-05-11 09:45,67,45,22,0,0,0
2023-05-11 10:00,29,17,12,0,0,0
2023-05-11 10:15,32,18,14,0,0,0
2023-05-11 10:30,28,19,9,0,0,0
2023-05-11 10:45,32,23,9,0,0,0
2023-05-11 11:00,32,17,15,0,0,0
2023-05-11 11:15,35,16,19,0,0,0
2023-05-11 11:30,40,25,15,0,0,0
2023-05-11 11:45,61,38,23,0,0,0
2023-05-11 12:00,41,23,18,0,0,0
2023-05-11 12:15,42,17,25,0,0,0
2023-05-11 12:30,44,17,27,0,0,0
2023-05-11 12:45,40,20,20,0,0,0
2023-05-11 13:00,53,19,34,0,0,0
2023-05-11 13:15,62,26,36,0,0,0
2023-05-11 13:30,42,21,21,0,0,0
2023-05-11 13:45,41,20,21,0,0,0
2023-05-11 14:00,53,15,38,0,0,0
2023-05-11 14:15,59,23,36,0,0,0
2023-05-11 14:30,54,28,26,0,0,0
2023-05-11 14:45,65,42,23,0,0,0
2023-05-11 15:00,86,38,48,0,0,0
2023-05-11 15:15,74,40,34,0,0,0
2023-05-11 15:30,86,38,48,0,0,0
2023-05-11 15:45,86,40,46,0,0,0
2023-05-11 16:00,85,45,40,0,0,0
2023-05-11 16:15,59,34,25,0,0,0
2023-05-11 16:30,82,54,28,0,0,0
2023-05-11 16:45,78,39,39,0,0,0
2023-05-11 17:00,94,48,46,0,0,0
2023-05-11 17:15,83,41,42,0,0,0
2023-05-11 17:30,65,31,34,0,0,0
2023-05-11 17:45,67,33,34,0,0,0
2023-05-11 18:00,67,34,33,0,0,0
2023-05-11 18:15,56,29,27,0,0,0
2023-05-11 18:30,62,30,32,0,0,0
2023-05-11 18:45,48,30,18,0,0,0
2023-05-11 19:00,46,32,14,0,0,0
2023-05-11 19:15,33,23,10,0,0,0
2023-05-11 19:30,41,21,20,0,0,0
2023-05-11 19:45,46,18,28,0,0,0
2023-05-11 20:00,26,13,13,0,0,0
2023-05-11 20:15,30,12,18,0,0,0
2023-05-11 20:30,30,17,13,0,0,0
2023-05-11 20:45,25,11,14,0,0,0
2023-05-11 21:00,13,6,7,0,0,0
2023-05-11 21:15,18,6,12,0,0,0
2023-05-11 21:30,23,6,17,0,0,0
2023-05-11 21:45,23,5,18,0,0,0
2023-05-11 22:00,21,8,13,0,0,0
2023-05-11 22:15,19,4,15,0,0,0
2023-05-11 22:30,9,0,9,0,0,0
2023-05-11 22:45,16,4,12,0,0,0
2023-05-11 23:00,8,4,4,0,0,0
2023-05-11 23:15,12,2,10,0,0,0
2023-05-11 23:30,5,1,4,0,0,0
2023-05-11 23:45,8,1,7,0,0,0
2023-05-12 00:00,1,0,1,0,0,0
2023-05-12 00:15,4,0,4,0,0,0
2023-05-12 00:30,2,0,2,0,0,0
2023-05-12 00:45,1,0,1,0,0,0
2023-05-12 01:00,0,0,0,0,0,0
2023-05-12 01:15,1,0,1,0,0,0
2023-05-12 01:30,3,0,3,0,0,0
2023-05-12 01:45,2,0,2,0,0,0
2023-05-12 02:00,2,1,1,0,0,0
2023-05-12 02:15,1,0,1,0,0,0
2023-05-12 02:30,2,0,2,0,0,0
2023-05-12 02:45,0,0,0,0,0,0
2023-05-12 03:00,0,0,0,0,0,0
2023-05-12 03:15,2,0,2,0,0,0
2023-05-12 03:30,0,0,0,0,0,0
2023-05-12 03:45,1,0,1,0,0,0
2023-05-12 04:00,0,0,0,0,0,0
2023-05-12 04:15,1,0,1,0,0,0
2023-05-12 04:30,3,2,1,0,0,0
2023-05-12 04:45,3,2,1,0,0,0
2023-05-12 05:00,1,1,0,0,0,0
2023-05-12 05:15,8,5,3,0,0,0
2023-05-12 05:30,5,2,3,0,0,0
2023-05-12 05:45,13,9,4,0,0,0
2023-05-12 06:00,15,8,7,0,0,0
2023-05-12 06:15,27,14,13,0,0,0
2023-05-12 06:30,25,12,13,0,0,0
2023-05-12 06:45,34,12,22,0,0,0
2023-05-12 07:00,48,34,14,0,0,0
2023-05-12 07:15,80,63,17,0,0,0
2023-05-12 07:30,134,106,28,0,0,0
2023-05-12 07:45,95,64,31,0,0,0
2023-05-12 08:00,52,37,15,0,0,0
2023-05-12 08:15,69,48,21,0,0,0
2023-05-12 08:30,63,42,21,0,0,0
2023-05-12 08:45,60,41,19,0,0,0
2023-05-12 09:00,31,21,10,0,0,0
2023-05-12 09:15,42,25,17,0,0,0
2023-05-12 09:30,39,34,5,0,0,0
2023-05-12 09:45,59,46,13,0,0,0
2023-05-12 10:00,34,24,10,0,0,0
2023-05-12 10:15,40,22,18,0,0,0
2023-05-12 10:30,38,30,8,0,0,0
2023-05-12 10:45,51,33,18,0,0,0
2023-05-12 11:00,48,23,25,0,0,0
2023-05-12 11:15,43,26,17,0,0,0
2023-05-12 11:30,47,24,23,0,0,0
2023-05-12 11:45,53,34,19,0,0,0
2023-05-12 12:00,54,30,24,0,0,0
2023-05-12 12:15,53,31,22,0,0,0
2023-05-12 12:30,64,28,36,0,0,0
2023-05-12 12:45,59,38,21,0,0,0
2023-05-12 13:00,78,32,46,0,0,0
2023-05-12 13:15,109,45,64,0,0,0
2023-05-12 13:30,72,36,36,0,0,0
2023-05-12 13:45,69,37,32,0,0,0
2023-05-12 14:00,77,43,34,0,0,0
2023-05-12 14:15,88,48,40,0,0,0
2023-05-12 14:30,90,51,39,0,0,0
2023-05-12 14:45,84,43,41,0,0,0
2023-05-12 15:00,64,34,30,0,0,0
2023-05-12 15:15,83,46,37,0,0,0
2023-05-12 15:30,56,35,21,0,0,0
2023-05-12 15:45,64,34,30,0,0,0
2023-05-12 16:00,73,42,31,0,0,0
2023-05-12 16:15,102,54,48,0,0,0
2023-05-12 16:30,78,49,29,0,0,0
2023-05-12 16:45,61,30,31,0,0,0
2023-05-12 17:00,79,42,37,0,0,0
2023-05-12 17:15,73,41,32,0,0,0
2023-05-12 17:30,77,44,33,0,0,0
2023-05-12 17:45,67,36,31,0,0,0
2023-05-12 18:00,55,28,27,0,0,0
2023-05-12 18:15,52,28,24,0,0,0
2023-05-12 18:30,70,34,36,0,0,0
2023-05-12 18:45,75,50,25,0,0,0
2023-05-12 19:00,56,32,24,0,0,0
2023-05-12 19:15,54,22,32,0,0,0
2023-05-12 19:30,47,27,20,0,0,0
2023-05-12 19:45,34,21,13,0,0,0
2023-05-12 20:00,48,28,20,0,0,0
2023-05-12 20:15,39,23,16,0,0,0
2023-05-12 20:30,22,10,12,0,0,0
2023-05-12 20:45,29,13,16,0,0,0
2023-05-12 21:00,25,11,14,0,0,0
2023-05-12 21:15,37,12,25,0,0,0
2023-05-12 21:30,40,20,20,0,0,0
2023-05-12 21:45,37,12,25,0,0,0
2023-05-12 22:00,44,11,33,0,0,0
2023-05-12 22:15,27,9,18,0,0,0
2023-05-12 22:30,42,11,31,0,0,0
2023-05-12 22:45,18,7,11,0,0,0
2023-05-12 23:00,18,10,8,0,0,0
2023-05-12 23:15,22,4,18,0,0,0
2023-05-12 23:30,12,5,7,0,0,0
2023-05-12 23:45,23,9,14,0,0,0
2023-05-13 00:00,10,1,9,0,0,0
2023-05-13 00:15,22,10,12,0,0,0
2023-05-13 00:30,9,1,8,0,0,0
2023-05-13 00:45,5,1,4,0,0,0
2023-05-13 01:00,3,2,1,0,0,0
2023-05-13 01:15,7,1,6,0,0,0
2023-05-13 01:30,17,7,10,0,0,0
2023-05-13 01:45,6,1,5,0,0,0
2023-05-13 02:00,15,7,8,0,0,0
2023-05-13 02:15,9,1,8,0,0,0
2023-05-13 02:30,5,2,3,0,0,0
2023-05-13 02:45,7,4,3,0,0,0
2023-05-13 03:00,4,0,4,0,0,0
2023-05-13 03:15,1,1,0,0,0,0
2023-05-13 03:30,1,0,1,0,0,0
2023-05-13 03:45,2,0,2,0,0,0
2023-05-13 04:00,2,0,2,0,0,0
2023-05-13 04:15,4,1,3,0,0,0
2023-05-13 04:30,1,1,0,0,0,0
2023-05-13 04:45,1,0,1,0,0,0
2023-05-13 05:00,3,3,0,0,0,0
2023-05-13 05:15,2,2,0,0,0,0
2023-05-13 05:30,1,1,0,0,0,0
2023-05-13 05:45,4,2,2,0,0,0
2023-05-13 06:00,6,6,0,0,0,0
2023-05-13 06:15,8,4,4,0,0,0
2023-05-13 06:30,1,1,0,0,0,0
2023-05-13 06:45,2,2,0,0,0,0
2023-05-13 07:00,5,3,2,0,0,0
2023-05-13 07:15,12,8,4,0,0,0
2023-05-13 07:30,16,12,4,0,0,0
2023-05-13 07:45,18,13,5,0,0,0
2023-05-13 08:00,21,13,8,0,0,0
2023-05-13 08:15,25,23,2,0,0,0
2023-05-13 08:30,31,22,9,0,0,0
2023-05-13 08:45,28,17,11,0,0,0
2023-05-13 09:00,34,15,19,0,0,0
2023-05-13 09:15,48,36,12,0,0,0
2023-05-13 09:30,44,30,14,0,0,0
2023-05-13 09:45,54,36,18,0,0,0
2023-05-13 10:00,60,55,5,0,0,0
2023-05-13 10:15,66,44,22,0,0,0
2023-05-13 10:30,61,44,17,0,0,0
2023-05-13 10:45,51,34,17,0,0,0
2023-05-13 11:00,57,41,16,0,0,0
2023-05-13 11:15,58,38,20,0,0,0
2023-05-13 11:30,69,45,24,0,0,0
2023-05-13 11:45,67,48,19,0,0,0
2023-05-13 12:00,77,54,23,0,0,0
2023-05-13 12:15,64,37,27,0,0,0
2023-05-13 12:30,65,44,21,0,0,0
2023-05-13 12:45,73,48,25,0,0,0
2023-05-13 13:00,67,36,31,0,0,0
2023-05-13 13:15,82,44,38,0,0,0
2023-05-13 13:30,67,43,24,0,0,0
2023-05-13 13:45,76,36,40,0,0,0
2023-05-13 14:00,71,38,33,0,0,0
2023-05-13 14:15,78,30,48,0,0,0
2023-05-13 14:30,69,44,25,0,0,0
2023-05-13 14:45,92,63,29,0,0,0
2023-05-13 15:00,73,50,23,0,0,0
2023-05-13 15:15,76,45,31,0,0,0
2023-05-13 15:30,57,34,23,0,0,0
2023-05-13 15:45,69,51,18,0,0,0
2023-05-13 16:00,54,30,24,0,0,0
2023-05-13 16:15,62,37,25,0,0,0
2023-05-13 16:30,74,43,31,0,0,0
2023-05-13 16:45,61,36,25,0,0,0
2023-05-13 17:00,63,15,48,0,0,0
2023-05-13 17:15,66,41,25,0,0,0
2023-05-13 17:30,49,14,35,0,0,0
2023-05-13 17:45,69,27,42,0,0,0
2023-05-13 18:00,75,34,41,0,0,0
2023-05-13 18:15,66,29,37,0,0,0
2023-05-13 18:30,47,17,30,0,0,0
2023-05-13 18:45,48,22,26,0,0,0
2023-05-13 19:00,53,35,18,0,0,0
2023-05-13 19:15,36,17,19,0,0,0
2023-05-13 19:30,40,22,18,0,0,0
2023-05-13 19:45,36,17,19,0,0,0
2023-05-13 20:00,53,38,15,0,0,0
2023-05-13 20:15,36,28,8,0,0,0
2023-05-13 20:30,41,25,16,0,0,0
2023-05-13 20:45,23,6,17,0,0,0
2023-05-13 21:00,21,10,11,0,0,0
2023-05-13 21:15,20,9,11,0,0,0
2023-05-13 21:30,29,15,14,0,0,0
2023-05-13 21:45,20,7,13,0,0,0
2023-05-13 22:00,14,5,9,0,0,0
2023-05-13 22:15,20,4,16,0,0,0
2023-05-13 22:30,14,5,9,0,0,0
2023-05-13 22:45,20,11,9,0,0,0
2023-05-13 23:00,15,4,11,0,0,0
2023-05-13 23:15,16,4,12,0,0,0
2023-05-13 23:30,11,6,5,0,0,0
2023-05-13 23:45,15,6,9,0,0,0
2023-05-14 00:00,16,3,13,0,0,0
2023-05-14 00:15,12,3,9,0,0,0
2023-05-14 00:30,11,4,7,0,0,0
2023-05-14 00:45,3,2,1,0,0,0
2023-05-14 01:00,9,1,8,0,0,0
2023-05-14 01:15,13,3,10,0,0,0
2023-05-14 01:30,16,7,9,0,0,0
2023-05-14 01:45,8,1,7,0,0,0
2023-05-14 02:00,6,0,6,0,0,0
2023-05-14 02:15,2,0,2,0,0,0
2023-05-14 02:30,7,4,3,0,0,0
2023-05-14 02:45,7,0,7,0,0,0
2023-05-14 03:00,7,1,6,0,0,0
2023-05-14 03:15,2,0,2,0,0,0
2023-05-14 03:30,2,1,1,0,0,0
2023-05-14 03:45,1,0,1,0,0,0
2023-05-14 04:00,2,0,2,0,0,0
2023-05-14 04:15,1,0,1,0,0,0
2023-05-14 04:30,3,0,3,0,0,0
2023-05-14 04:45,5,2,3,0,0,0
2023-05-14 05:00,0,0,0,0,0,0
2023-05-14 05:15,2,1,1,0,0,0
2023-05-14 05:30,5,4,1,0,0,0
2023-05-14 05:45,3,3,0,0,0,0
2023-05-14 06:00,1,0,1,0,0,0
2023-05-14 06:15,1,0,1,0,0,0
2023-05-14 06:30,4,1,3,0,0,0
2023-05-14 06:45,2,1,1,0,0,0
2023-05-14 07:00,2,2,0,0,0,0
2023-05-14 07:15,2,0,2,0,0,0
2023-05-14 07:30,3,2,1,0,0,0
2023-05-14 07:45,6,4,2,0,0,0
2023-05-14 08:00,5,2,3,0,0,0
2023-05-14 08:15,16,11,5,0,0,0
2023-05-14 08:30,12,10,2,0,0,0
2023-05-14 08:45,7,5,2,0,0,0
2023-05-14 09:00,14,11,3,0,0,0
2023-05-14 09:15,14,8,6,0,0,0
2023-05-14 09:30,25,20,5,0,0,0
2023-05-14 09:45,24,7,17,0,0,0
2023-05-14 10:00,20,17,3,0,0,0
2023-05-14 10:15,19,10,9,0,0,0
2023-05-14 10:30,28,18,10,0,0,0
2023-05-14 10:45,16,9,7,0,0,0
2023-05-14 11:00,19,10,9,0,0,0
2023-05-14 11:15,27,18,9,0,0,0
2023-05-14 11:30,28,16,12,0,0,0
2023-05-14 11:45,58,42,16,0,0,0
2023-05-14 12:00,41,26,15,0,0,0
2023-05-14 12:15,41,17,24,0,0,0
2023-05-14 12:30,37,17,20,0,0,0
2023-05-14 12:45,29,11,18,0,0,0
2023-05-14 13:00,35,20,15,0,0,0
2023-05-14 13:15,40,27,13,0,0,0
2023-05-14 13:30,43,24,19,0,0,0
2023-05-14 13:45,42,23,19,0,0,0
2023-05-14 14:00,38,18,20,0,0,0
2023-05-14 14:15,34,8,26,0,0,0
2023-05-14 14:30,64,34,30,0,0,0
2023-05-14 14:45,47,13,34,0,0,0
2023-05-14 15:00,59,20,39,0,0,0
2023-05-14 15:15,33,20,13,0,0,0
2023-05-14 15:30,45,22,23,0,0,0
2023-05-14 15:45,33,23,10,0,0,0
2023-05-14 16:00,35,14,21,0,0,0
2023-05-14 16:15,38,27,11,0,0,0
2023-05-14 16:30,38,22,16,0,0,0
2023-05-14 16:45,42,25,17,0,0,0
2023-05-14 17:00,33,16,17,0,0,0
2023-05-14 17:15,34,15,19,0,0,0
2023-05-14 17:30,47,26,21,0,0,0
2023-05-14 17:45,25,16,9,0,0,0
2023-05-14 18:00,38,19,19,0,0,0
2023-05-14 18:15,50,22,28,0,0,0
2023-05-14 18:30,25,12,13,0,0,0
2023-05-14 18:45,16,5,11,0,0,0
2023-05-14 19:00,26,10,16,0,0,0
2023-05-14 19:15,35,15,20,0,0,0
2023-05-14 19:30,42,12,30,0,0,0
2023-05-14 19:45,28,12,16,0,0,0
2023-05-14 20:00,22,13,9,0,0,0
2023-05-14 20:15,19,12,7,0,0,0
2023-05-14 20:30,16,9,7,0,0,0
2023-05-14 20:45,16,6,10,0,0,0
2023-05-14 21:00,17,9,8,0,0,0
2023-05-14 21:15,20,10,10,0,0,0
2023-05-14 21:30,11,6,5,0,0,0
2023-05-14 21:45,15,6,9,0,0,0
2023-05-14 22:00,9,4,5,0,0,0
2023-05-14 22:15,10,5,5,0,0,0
2023-05-14 22:30,7,2,5,0,0,0
2023-05-14 22:45,8,2,6,0,0,0
2023-05-14 23:00,3,1,2,0,0,0
2023-05-14 23:15,2,1,1,0,0,0
2023-05-14 23:30,7,1,6,0,0,0
2023-05-14 23:45,3,2,1,0,0,0
2023-05-15 00:00,2,0,2,0,0,0
2023-05-15 00:15,2,1,1,0,0,0
2023-05-15 00:30,0,0,0,0,0,0
2023-05-15 00:45,0,0,0,0,0,0
2023-05-15 01:00,1,0,1,0,0,0
2023-05-15 01:15,1,0,1,0,0,0
2023-05-15 01:30,2,2,0,0,0,0
2023-05-15 01:45,0,0,0,0,0,0
2023-05-15 02:00,1,1,0,0,0,0
2023-05-15 02:15,1,0,1,0,0,0
2023-05-15 02:30,0,0,0,0,0,0
2023-05-15 02:45,0,0,0,0,0,0
2023-05-15 03:00,0,0,0,0,0,0
2023-05-15 03:15,0,0,0,0,0,0
2023-05-15 03:30,1,1,0,0,0,0
2023-05-15 03:45,2,1,1,0,0,0
2023-05-15 04:00,1,0,1,0,0,0
2023-05-15 04:15,0,0,0,0,0,0
2023-05-15 04:30,0,0,0,0,0,0
2023-05-15 04:45,3,0,3,0,0,0
2023-05-15 05:00,4,3,1,0,0,0
2023-05-15 05:15,5,4,1,0,0,0
2023-05-15 05:30,9,4,5,0,0,0
2023-05-15 05:45,16,8,8,0,0,0
2023-05-15 06:00,17,7,10,0,0,0
2023-05-15 06:15,26,13,13,0,0,0
2023-05-15 06:30,39,21,18,0,0,0
2023-05-15 06:45,37,20,17,0,0,0
2023-05-15 07:00,52,31,21,0,0,0
2023-05-15 07:15,89,60,29,0,0,0
2023-05-15 07:30,160,120,40,0,0,0
2023-05-15 07:45,90,72,18,0,0,0
2023-05-15 08:00,66,49,17,0,0,0
2023-05-15 08:15,84,55,29,0,0,0
2023-05-15 08:30,64,46,18,0,0,0
2023-05-15 08:45,55,39,16,0,0,0
2023-05-15 09:00,54,37,17,0,0,0
2023-05-15 09:15,31,18,13,0,0,0
2023-05-15 09:30,50,35,15,0,0,0
2023-05-15 09:45,50,32,18,0,0,0
2023-05-15 10:00,48,35,13,0,0,0
2023-05-15 10:15,31,17,14,0,0,0
2023-05-15 10:30,39,23,16,0,0,0
2023-05-15 10:45,52,33,19,0,0,0
2023-05-15 11:00,42,21,21,0,0,0
2023-05-15 11:15,37,20,17,0,0,0
2023-05-15 11:30,41,27,14,0,0,0
2023-05-15 11:45,60,37,23,0,0,0
2023-05-15 12:00,40,26,14,0,0,0
2023-05-15 12:15,37,11,26,0,0,0
2023-05-15 12:30,54,17,37,0,0,0
2023-05-15 12:45,37,22,15,0,0,0
2023-05-15 13:00,48,22,26,0,0,0
2023-05-15 13:15,48,12,36,0,0,0
2023-05-15 13:30,50,24,26,0,0,0
2023-05-15 13:45,51,24,27,0,0,0
2023-05-15 14:00,61,29,32,0,0,0
2023-05-15 14:15,78,36,42,0,0,0
2023-05-15 14:30,65,34,31,0,0,0
2023-05-15 14:45,60,33,27,0,0,0
2023-05-15 15:00,78,40,38,0,0,0
2023-05-15 15:15,79,46,33,0,0,0
2023-05-15 15:30,94,55,39,0,0,0
2023-05-15 15:45,104,58,46,0,0,0
2023-05-15 16:00,97,57,40,0,0,0
2023-05-15 16:15,87,49,38,0,0,0
2023-05-15 16:30,102,60,42,0,0,0
2023-05-15 16:45,92,53,39,0,0,0
2023-05-15 17:00,88,48,40,0,0,0
2023-05-15 17:15,93,52,41,0,0,0
2023-05-15 17:30,85,39,46,0,0,0
2023-05-15 17:45,87,54,33,0,0,0
2023-05-15 18:00,82,36,46,0,0,0
2023-05-15 18:15,88,33,55,0,0,0
2023-05-15 18:30,65,33,32,0,0,0
2023-05-15 18:45,65,30,35,0,0,0
2023-05-15 19:00,59,23,36,0,0,0
2023-05-15 19:15,67,37,30,0,0,0
2023-05-15 19:30,37,20,17,0,0,0
2023-05-15 19:45,38,18,20,0,0,0
2023-05-15 20:00,25,9,16,0,0,0
2023-05-15 20:15,34,14,20,0,0,0
2023-05-15 20:30,26,9,17,0,0,0
2023-05-15 20:45,27,13,14,0,0,0
2023-05-15 21:00,27,7,20,0,0,0
2023-05-15 21:15,27,9,18,0,0,0
2023-05-15 21:30,21,9,12,0,0,0
2023-05-15 21:45,20,5,15,0,0,0
2023-05-15 22:00,10,4,6,0,0,0
2023-05-15 22:15,14,6,8,0,0,0
2023-05-15 22:30,18,8,10,0,0,0
2023-05-15 22:45,5,1,4,0,0,0
2023-05-15 23:00,16,7,9,0,0,0
2023-05-15 23:15,9,3,6,0,0,0
2023-05-15 23:30,6,2,4,0,0,0
2023-05-15 23:45,4,1,3,0,0,0
2023-05-16 00:00,5,3,2,0,0,0
2023-05-16 00:15,0,0,0,0,0,0
2023-05-16 00:30,1,0,1,0,0,0
2023-05-16 00:45,2,0,2,0,0,0
2023-05-16 01:00,1,0,1,0,0,0
2023-05-16 01:15,0,0,0,0,0,0
2023-05-16 01:30,0,0,0,0,0,0
2023-05-16 01:45,0,0,0,0,0,0
2023-05-16 02:00,2,0,2,0,0,0
2023-05-16 02:15,1,0,1,0,0,0
2023-05-16 02:30,2,2,0,0,0,0
2023-05-16 02:45,2,1,1,0,0,0
2023-05-16 03:00,0,0,0,0,0,0
2023-05-16 03:15,0,0,0,0,0,0
2023-05-16 03:30,0,0,0,0,0,0
2023-05-16 03:45,0,0,0,0,0,0
2023-05-16 04:00,2,1,1,0,0,0
2023-05-16 04:15,2,2,0,0,0,0
2023-05-16 04:30,2,1,1,0,0,0
2023-05-16 04:45,1,1,0,0,0,0
2023-05-16 05:00,3,1,2,0,0,0
2023-05-16 05:15,9,5,4,0,0,0
2023-05-16 05:30,9,6,3,0,0,0
2023-05-16 05:45,13,9,4,0,0,0
2023-05-16 06:00,24,13,11,0,0,0
2023-05-16 06:15,28,14,14,0,0,0
2023-05-16 06:30,39,14,25,0,0,0
2023-05-16 06:45,43,23,20,0,0,0
2023-05-16 07:00,53,31,22,0,0,0
2023-05-16 07:15,69,46,23,0,0,0
2023-05-16 07:30,129,89,40,0,0,0
2023-05-16 07:45,111,77,34,0,0,0
2023-05-16 08:00,68,52,16,0,0,0
2023-05-16 08:15,77,52,25,0,0,0
2023-05-16 08:30,67,37,30,0,0,0
2023-05-16 08:45,61,40,21,0,0,0
2023-05-16 09:00,49,32,17,0,0,0
2023-05-16 09:15,31,23,8,0,0,0
2023-05-16 09:30,46,33,13,0,0,0
2023-05-16 09:45,54,43,11,0,0,0
2023-05-16 10:00,50,33,17,0,0,0
2023-05-16 10:15,47,34,13,0,0,0
2023-05-16 10:30,43,29,14,0,0,0
2023-05-16 10:45,46,25,21,0,0,0
2023-05-16 11:00,37,20,17,0,0,0
2023-05-16 11:15,32,22,10,0,0,0
2023-05-16 11:30,47,26,21,0,0,0
2023-05-16 11:45,61,41,20,0,0,0
2023-05-16 12:00,47,22,25,0,0,0
2023-05-16 12:15,57,24,33,0,0,0
2023-05-16 12:30,64,37,27,0,0,0
2023-05-16 12:45,49,28,21,0,0,0
2023-05-16 13:00,48,31,17,0,0,0
2023-05-16 13:15,65,22,43,0,0,0
2023-05-16 13:30,57,31,26,0,0,0
2023-05-16 13:45,75,36,39,0,0,0
2023-05-16 14:00,66,32,34,0,0,0
2023-05-16 14:15,57,25,32,0,0,0
2023-05-16 14:30,63,25,38,0,0,0
2023-05-16 14:45,72,38,34,0,0,0
2023-05-16 15:00,79,44,35,0,0,0
2023-05-16 15:15,74,41,33,0,0,0
2023-05-16 15:30,69,35,34,0,0,0
2023-05-16 15:45,72,38,34,0,0,0
2023-05-16 16:00,98,47,51,0,0,0
2023-05-16 16:15,91,54,37,0,0,0
2023-05-16 16:30,102,60,42,0,0,0
2023-05-16 16:45,88,49,39,0,0,0
2023-05-16 17:00,91,54,37,0,0,0
2023-05-16 17:15,88,52,36,0,0,0
2023-05-16 17:30,96,52,44,0,0,0
2023-05-16 17:45,83,38,45,0,0,0
2023-05-16 18:00,79,33,46,0,0,0
2023-05-16 18:15,65,26,39,0,0,0
2023-05-16 18:30,85,35,50,0,0,0
2023-05-16 18:45,65,38,27,0,0,0
2023-05-16 19:00,54,20,34,0,0,0
2023-05-16 19:15,32,17,15,0,0,0
2023-05-16 19:30,27,12,15,0,0,0
2023-05-16 19:45,51,28,23,0,0,0
2023-05-16 20:00,32,11,21,0,0,0
2023-05-16 20:15,37,17,20,0,0,0
2023-05-16 20:30,18,5,13,0,0,0
2023-05-16 20:45,21,6,15,0,0,0
2023-05-16 21:00,21,5,16,0,0,0
2023-05-16 21:15,23,9,14,0,0,0
2023-05-16 21:30,28,3,25,0,0,0
2023-05-16 21:45,21,5,16,0,0,0
2023-05-16 22:00,20,5,15,0,0,0
2023-05-16 22:15,19,5,14,0,0,0
2023-05-16 22:30,9,4,5,0,0,0
2023-05-16 22:45,10,5,5,0,0,0
2023-05-16 23:00,16,2,14,0,0,0
2023-05-16 23:15,9,1,8,0,0,0
2023-05-16 23:30,7,2,5,0,0,0
2023-05-16 23:45,2,0,2,0,0,0
2023-05-17 00:00,7,4,3,0,0,0
2023-05-17 00:15,3,1,2,0,0,0
2023-05-17 00:30,1,0,1,0,0,0
2023-05-17 00:45,1,0,1,0,0,0
2023-05-17 01:00,1,0,1,0,0,0
2023-05-17 01:15,2,2,0,0,0,0
2023-05-17 01:30,1,0,1,0,0,0
2023-05-17 01:45,3,0,3,0,0,0
2023-05-17 02:00,0,0,0,0,0,0
2023-05-17 02:15,1,0,1,0,0,0
2023-05-17 02:30,0,0,0,0,0,0
2023-05-17 02:45,0,0,0,0,0,0
2023-05-17 03:00,0,0,0,0,0,0
2023-05-17 03:15,0,0,0,0,0,0
2023-05-17 03:30,0,0,0,0,0,0
2023-05-17 03:45,1,1,0,0,0,0
2023-05-17 04:00,1,1,0,0,0,0
2023-05-17 04:15,1,0,1,0,0,0
2023-05-17 04:30,3,2,1,0,0,0
2023-05-17 04:45,2,2,0,0,0,0
2023-05-17 05:00,1,1,0,0,0,0
2023-05-17 05:15,8,6,2,0,0,0
2023-05-17 05:30,11,6,5,0,0,0
2023-05-17 05:45,16,8,8,0,0,0
2023-05-17 06:00,18,8,10,0,0,0
2023-05-17 06:15,18,14,4,0,0,0
2023-05-17 06:30,32,14,18,0,0,0
2023-05-17 06:45,32,19,13,0,0,0
2023-05-17 07:00,51,34,17,0,0,0
2023-05-17 07:15,70,49,21,0,0,0
2023-05-17 07:30,148,114,34,0,0,0
2023-05-17 07:45,107,72,35,0,0,0
2023-05-17 08:00,96,66,30,0,0,0
2023-05-17 08:15,95,64,31,0,0,0
2023-05-17 08:30,56,35,21,0,0,0
2023-05-17 08:45,56,34,22,0,0,0
2023-05-17 09:00,41,29,12,0,0,0
2023-05-17 09:15,51,39,12,0,0,0
2023-05-17 09:30,44,31,13,0,0,0
2023-05-17 09:45,68,50,18,0,0,0
2023-05-17 10:00,57,34,23,0,0,0
2023-05-17 10:15,54,37,17,0,0,0
2023-05-17 10:30,47,32,15,0,0,0
2023-05-17 10:45,49,33,16,0,0,0
2023-05-17 11:00,38,19,19,0,0,0
2023-05-17 11:15,50,29,21,0,0,0
2023-05-17 11:30,42,26,16,0,0,0
2023-05-17 11:45,60,32,28,0,0,0
2023-05-17 12:00,51,29,22,0,0,0
2023-05-17 12:15,59,23,36,0,0,0
2023-05-17 12:30,65,29,36,0,0,0
2023-05-17 12:45,59,32,27,0,0,0
2023-05-17 13:00,83,36,47,0,0,0
2023-05-17 13:15,63,24,39,0,0,0
2023-05-17 13:30,64,29,35,0,0,0
2023-05-17 13:45,66,31,35,0,0,0
2023-05-17 14:00,66,31,35,0,0,0
2023-05-17 14:15,86,44,42,0,0,0
2023-05-17 14:30,85,37,48,0,0,0
2023-05-17 14:45,68,30,38,0,0,0
2023-05-17 15:00,64,32,32,0,0,0
2023-05-17 15:15,107,65,42,0,0,0
2023-05-17 15:30,84,35,49,0,0,0
2023-05-17 15:45,87,44,43,0,0,0
2023-05-17 16:00,89,53,36,0,0,0
2023-05-17 16:15,86,45,41,0,0,0
2023-05-17 16:30,93,43,50,0,0,0
2023-05-17 16:45,102,58,44,0,0,0
2023-05-17 17:00,85,45,40,0,0,0
2023-05-17 17:15,98,54,44,0,0,0
2023-05-17 17:30,107,58,49,0,0,0
2023-05-17 17:45,87,55,32,0,0,0
2023-05-17 18:00,70,25,45,0,0,0
2023-05-17 18:15,65,30,35,0,0,0
2023-05-17 18:30,65,31,34,0,0,0
2023-05-17 18:45,81,49,32,0,0,0
2023-05-17 19:00,54,28,26,0,0,0
2023-05-17 19:15,44,23,21,0,0,0
2023-05-17 19:30,52,26,26,0,0,0
2023-05-17 19:45,47,23,24,0,0,0
2023-05-17 20:00,45,17,28,0,0,0
2023-05-17 20:15,38,22,16,0,0,0
2023-05-17 20:30,39,23,16,0,0,0
2023-05-17 20:45,28,15,13,0,0,0
2023-05-17 21:00,30,16,14,0,0,0
2023-05-17 21:15,38,14,24,0,0,0
2023-05-17 21:30,30,13,17,0,0,0
2023-05-17 21:45,28,9,19,0,0,0
2023-05-17 22:00,35,6,29,0,0,0
2023-05-17 22:15,18,6,12,0,0,0
2023-05-17 22:30,17,9,8,0,0,0
2023-05-17 22:45,15,6,9,0,0,0
2023-05-17 23:00,14,4,10,0,0,0
2023-05-17 23:15,20,7,13,0,0,0
2023-05-17 23:30,20,4,16,0,0,0
2023-05-17 23:45,14,8,6,0,0,0
2023-05-18 00:00,12,5,7,0,0,0
2023-05-18 00:15,8,3,5,0,0,0
2023-05-18 00:30,10,3,7,0,0,0
2023-05-18 00:45,11,7,4,0,0,0
2023-05-18 01:00,3,0,3,0,0,0
2023-05-18 01:15,7,0,7,0,0,0
2023-05-18 01:30,9,3,6,0,0,0
2023-05-18 01:45,5,0,5,0,0,0
2023-05-18 02:00,4,2,2,0,0,0
2023-05-18 02:15,12,3,9,0,0,0
2023-05-18 02:30,2,1,1,0,0,0
2023-05-18 02:45,5,2,3,0,0,0
2023-05-18 03:00,4,0,4,0,0,0
2023-05-18 03:15,5,0,5,0,0,0
2023-05-18 03:30,2,0,2,0,0,0
2023-05-18 03:45,5,1,4,0,0,0
2023-05-18 04:00,5,0,5,0,0,0
2023-05-18 04:15,3,0,3,0,0,0
2023-05-18 04:30,1,0,1,0,0,0
2023-05-18 04:45,1,1,0,0,0,0
2023-05-18 05:00,5,1,4,0,0,0
2023-05-18 05:15,3,0,3,0,0,0
2023-05-18 05:30,4,3,1,0,0,0
2023-05-18 05:45,3,2,1,0,0,0
2023-05-18 06:00,1,0,1,0,0,0
2023-05-18 06:15,4,4,0,0,0,0
2023-05-18 06:30,3,1,2,0,0,0
2023-05-18 06:45,1,0,1,0,0,0
2023-05-18 07:00,3,1,2,0,0,0
2023-05-18 07:15,7,3,4,0,0,0
2023-05-18 07:30,2,2,0,0,0,0
2023-05-18 07:45,10,7,3,0,0,0
2023-05-18 08:00,3,0,3,0,0,0
2023-05-18 08:15,4,3,1,0,0,0
2023-05-18 08:30,7,5,2,0,0,0
2023-05-18 08:45,8,3,5,0,0,0
2023-05-18 09:00,8,2,6,0,0,0
2023-05-18 09:15,9,7,2,0,0,0
2023-05-18 09:30,16,13,3,0,0,0
2023-05-18 09:45,25,13,12,0,0,0
2023-05-18 10:00,21,13,8,0,0,0
2023-05-18 10:15,9,5,4,0,0,0
2023-05-18 10:30,18,12,6,0,0,0
2023-05-18 10:45,23,11,12,0,0,0
2023-05-18 11:00,12,7,5,0,0,0
2023-05-18 11:15,20,11,9,0,0,0
2023-05-18 11:30,27,14,13,0,0,0
2023-05-18 11:45,34,20,14,0,0,0
2023-05-18 12:00,27,13,14,0,0,0
2023-05-18 12:15,31,19,12,0,0,0
2023-05-18 12:30,22,13,9,0,0,0
2023-05-18 12:45,41,24,17,0,0,0
2023-05-18 13:00,35,19,16,0,0,0
2023-05-18 13:15,39,17,22,0,0,0
2023-05-18 13:30,24,13,11,0,0,0
2023-05-18 13:45,24,18,6,0,0,0
2023-05-18 14:00,28,17,11,0,0,0
2023-05-18 14:15,26,14,12,0,0,0
2023-05-18 14:30,43,28,15,0,0,0
2023-05-18 14:45,43,24,19,0,0,0
2023-05-18 15:00,35,17,18,0,0,0
2023-05-18 15:15,38,17,21,0,0,0
2023-05-18 15:30,38,20,18,0,0,0
2023-05-18 15:45,33,20,13,0,0,0
2023-05-18 16:00,45,34,11,0,0,0
2023-05-18 16:15,39,24,15,0,0,0
2023-05-18 16:30,42,23,19,0,0,0
2023-05-18 16:45,35,26,9,0,0,0
2023-05-18 17:00,27,17,10,0,0,0
2023-05-18 17:15,43,21,22,0,0,0
2023-05-18 17:30,38,16,22,0,0,0
2023-05-18 17:45,51,37,14,0,0,0
2023-05-18 18:00,47,20,27,0,0,0
2023-05-18 18:15,41,25,16,0,0,0
2023-05-18 18:30,22,14,8,0,0,0
2023-05-18 18:45,39,19,20,0,0,0
2023-05-18 19:00,32,21,11,0,0,0
2023-05-18 19:15,21,8,13,0,0,0
2023-05-18 19:30,31,15,16,0,0,0
2023-05-18 19:45,30,10,20,0,0,0
2023-05-18 20:00,32,13,19,0,0,0
2023-05-18 20:15,20,12,8,0,0,0
2023-05-18 20:30,22,11,11,0,0,0
2023-05-18 20:45,33,14,19,0,0,0
2023-05-18 21:00,20,8,12,0,0,0
2023-05-18 21:15,19,9,10,0,0,0
2023-05-18 21:30,16,10,6,0,0,0
2023-05-18 21:45,13,5,8,0,0,0
2023-05-18 22:00,10,4,6,0,0,0
2023-05-18 22:15,12,4,8,0,0,0
2023-05-18 22:30,13,5,8,0,0,0
2023-05-18 22:45,13,4,9,0,0,0
2023-05-18 23:00,12,5,7,0,0,0
2023-05-18 23:15,9,1,8,0,0,0
2023-05-18 23:30,13,5,8,0,0,0
2023-05-18 23:45,4,3,1,0,0,0
2023-05-19 00:00,6,3,3,0,0,0
2023-05-19 00:15,7,4,3,0,0,0
2023-05-19 00:30,2,0,2,0,0,0
2023-05-19 00:45,1,0,1,0,0,0
2023-05-19 01:00,2,2,0,0,0,0
2023-05-19 01:15,1,1,0,0,0,0
2023-05-19 01:30,2,2,0,0,0,0
2023-05-19 01:45,0,0,0,0,0,0
2023-05-19 02:00,1,0,1,0,0,0
2023-05-19 02:15,1,1,0,0,0,0
2023-05-19 02:30,1,0,1,0,0,0
2023-05-19 02:45,1,0,1,0,0,0
2023-05-19 03:00,2,0,2,0,0,0
2023-05-19 03:15,0,0,0,0,0,0
2023-05-19 03:30,1,0,1,0,0,0
2023-05-19 03:45,0,0,0,0,0,0
2023-05-19 04:00,3,1,2,0,0,0
2023-05-19 04:15,2,2,0,0,0,0
2023-05-19 04:30,2,1,1,0,0,0
2023-05-19 04:45,1,1,0,0,0,0
2023-05-19 05:00,1,1,0,0,0,0
2023-05-19 05:15,6,6,0,0,0,0
2023-05-19 05:30,8,6,2,0,0,0
2023-05-19 05:45,9,4,5,0,0,0
2023-05-19 06:00,4,1,3,0,0,0
2023-05-19 06:15,17,13,4,0,0,0
2023-05-19 06:30,12,6,6,0,0,0
2023-05-19 06:45,20,10,10,0,0,0
2023-05-19 07:00,22,13,9,0,0,0
2023-05-19 07:15,31,25,6,0,0,0
2023-05-19 07:30,31,21,10,0,0,0
2023-05-19 07:45,44,30,14,0,0,0
2023-05-19 08:00,27,22,5,0,0,0
2023-05-19 08:15,50,34,16,0,0,0
2023-05-19 08:30,34,29,5,0,0,0
2023-05-19 08:45,45,29,16,0,0,0
2023-05-19 09:00,36,28,8,0,0,0
2023-05-19 09:15,45,34,11,0,0,0
2023-05-19 09:30,32,20,12,0,0,0
2023-05-19 09:45,62,45,17,0,0,0
2023-05-19 10:00,39,19,20,0,0,0
2023-05-19 10:15,50,38,12,0,0,0
2023-05-19 10:30,38,23,15,0,0,0
2023-05-19 10:45,54,38,16,0,0,0
2023-05-19 11:00,36,21,15,0,0,0
2023-05-19 11:15,65,35,30,0,0,0
2023-05-19 11:30,36,25,11,0,0,0
2023-05-19 11:45,46,24,22,0,0,0
2023-05-19 12:00,55,25,30,0,0,0
2023-05-19 12:15,68,37,31,0,0,0
2023-05-19 12:30,56,26,30,0,0,0
2023-05-19 12:45,58,37,21,0,0,0
2023-05-19 13:00,50,29,21,0,0,0
2023-05-19 13:15,75,39,36,0,0,0
2023-05-19 13:30,43,23,20,0,0,0
2023-05-19 13:45,71,42,29,0,0,0
2023-05-19 14:00,77,44,33,0,0,0
2023-05-19 14:15,62,35,27,0,0,0
2023-05-19 14:30,78,36,42,0,0,0
2023-05-19 14:45,58,42,16,0,0,0
2023-05-19 15:00,63,40,23,0,0,0
2023-05-19 15:15,55,31,24,0,0,0
2023-05-19 15:30,51,32,19,0,0,0
2023-05-19 15:45,63,29,34,0,0,0
2023-05-19 16:00,63,33,30,0,0,0
2023-05-19 16:15,58,26,32,0,0,0
2023-05-19 16:30,63,37,26,0,0,0
2023-05-19 16:45,50,28,22,0,0,0
2023-05-19 17:00,70,31,39,0,0,0
2023-05-19 17:15,61,37,24,0,0,0
2023-05-19 17:30,56,31,25,0,0,0
2023-05-19 17:45,60,36,24,0,0,0
2023-05-19 18:00,71,46,25,0,0,0
2023-05-19 18:15,42,26,16,0,0,0
2023-05-19 18:30,43,20,23,0,0,0
2023-05-19 18:45,52,30,22,0,0,0
2023-05-19 19:00,38,18,20,0,0,0
2023-05-19 19:15,70,52,18,0,0,0
2023-05-19 19:30,38,20,18,0,0,0
2023-05-19 19:45,52,26,26,0,0,0
2023-05-19 20:00,38,20,18,0,0,0
2023-05-19 20:15,32,16,16,0,0,0
2023-05-19 20:30,24,11,13,0,0,0
2023-05-19 20:45,23,7,16,0,0,0
2023-05-19 21:00,31,17,14,0,0,0
2023-05-19 21:15,29,10,19,0,0,0
2023-05-19 21:30,22,10,12,0,0,0
2023-05-19 21:45,32,20,12,0,0,0
2023-05-19 22:00,29,9,20,0,0,0
2023-05-19 22:15,19,6,13,0,0,0
2023-05-19 22:30,15,2,13,0,0,0
2023-05-19 22:45,20,4,16,0,0,0
2023-05-19 23:00,13,4,9,0,0,0
2023-05-19 23:15,10,3,7,0,0,0
2023-05-19 23:30,9,4,5,0,0,0
2023-05-19 23:45,5,3,2,0,0,0
2023-05-20 00:00,6,0,6,0,0,0
2023-05-20 00:15,4,1,3,0,0,0
2023-05-20 00:30,5,2,3,0,0,0
2023-05-20 00:45,14,3,11,0,0,0
2023-05-20 01:00,3,1,2,0,0,0
2023-05-20 01:15,7,4,3,0,0,0
2023-05-20 01:30,2,2,0,0,0,0
2023-05-20 01:45,0,0,0,0,0,0
2023-05-20 02:00,4,3,1,0,0,0
2023-05-20 02:15,1,0,1,0,0,0
2023-05-20 02:30,0,0,0,0,0,0
2023-05-20 02:45,5,0,5,0,0,0
2023-05-20 03:00,0,0,0,0,0,0
2023-05-20 03:15,0,0,0,0,0,0
2023-05-20 03:30,8,1,7,0,0,0
2023-05-20 03:45,2,1,1,0,0,0
2023-05-20 04:00,1,0,1,0,0,0
2023-05-20 04:15,0,0,0,0,0,0
2023-05-20 04:30,5,4,1,0,0,0
2023-05-20 04:45,2,1,1,0,0,0
2023-05-20 05:00,1,0,1,0,0,0
2023-05-20 05:15,8,5,3,0,0,0
2023-05-20 05:30,7,6,1,0,0,0
2023-05-20 05:45,6,6,0,0,0,0
2023-05-20 06:00,4,2,2,0,0,0
2023-05-20 06:15,3,1,2,0,0,0
2023-05-20 06:30,5,3,2,0,0,0
2023-05-20 06:45,5,4,1,0,0,0
2023-05-20 07:00,12,9,3,0,0,0
2023-05-20 07:15,7,6,1,0,0,0
2023-05-20 07:30,8,7,1,0,0,0
2023-05-20 07:45,21,13,8,0,0,0
2023-05-20 08:00,20,19,1,0,0,0
2023-05-20 08:15,33,29,4,0,0,0
2023-05-20 08:30,30,23,7,0,0,0
2023-05-20 08:45,34,28,6,0,0,0
2023-05-20 09:00,23,17,6,0,0,0
2023-05-20 09:15,33,24,9,0,0,0
2023-05-20 09:30,33,27,6,0,0,0
2023-05-20 09:45,49,34,15,0,0,0
2023-05-20 10:00,52,35,17,0,0,0
2023-05-20 10:15,42,36,6,0,0,0
2023-05-20 10:30,51,26,25,0,0,0
2023-05-20 10:45,57,44,13,0,0,0
2023-05-20 11:00,78,54,24,0,0,0
2023-05-20 11:15,63,35,28,0,0,0
2023-05-20 11:30,50,24,26,0,0,0
2023-05-20 11:45,60,43,17,0,0,0
2023-05-20 12:00,56,27,29,0,0,0
2023-05-20 12:15,55,39,16,0,0,0
2023-05-20 12:30,49,33,16,0,0,0
2023-05-20 12:45,83,50,33,0,0,0
2023-05-20 13:00,41,24,17,0,0,0
2023-05-20 13:15,72,34,38,0,0,0
2023-05-20 13:30,51,27,24,0,0,0
2023-05-20 13:45,82,35,47,0,0,0
2023-05-20 14:00,64,33,31,0,0,0
2023-05-20 14:15,57,35,22,0,0,0
2023-05-20 14:30,57,22,35,0,0,0
2023-05-20 14:45,61,14,47,0,0,0
2023-05-20 15:00,58,20,38,0,0,0
2023-05-20 15:15,45,20,25,0,0,0
2023-05-20 15:30,37,13,24,0,0,0
2023-05-20 15:45,54,20,34,0,0,0
2023-05-20 16:00,40,16,24,0,0,0
2023-05-20 16:15,43,23,20,0,0,0
2023-05-20 16:30,51,30,21,0,0,0
2023-05-20 16:45,43,19,24,0,0,0
2023-05-20 17:00,41,18,23,0,0,0
2023-05-20 17:15,52,23,29,0,0,0
2023-05-20 17:30,33,19,14,0,0,0
2023-05-20 17:45,52,29,23,0,0,0
2023-05-20 18:00,55,25,30,0,0,0
2023-05-20 18:15,31,17,14,0,0,0
2023-05-20 18:30,37,16,21,0,0,0
2023-05-20 18:45,39,13,26,0,0,0
2023-05-20 19:00,26,14,12,0,0,0
2023-05-20 19:15,27,18,9,0,0,0
2023-05-20 19:30,40,24,16,0,0,0
2023-05-20 19:45,35,19,16,0,0,0
2023-05-20 20:00,33,16,17,0,0,0
2023-05-20 20:15,37,19,18,0,0,0
2023-05-20 20:30,23,10,13,0,0,0
2023-05-20 20:45,29,13,16,0,0,0
2023-05-20 21:00,20,11,9,0,0,0
2023-05-20 21:15,23,14,9,0,0,0
2023-05-20 21:30,18,12,6,0,0,0
2023-05-20 21:45,23,8,15,0,0,0
2023-05-20 22:00,8,5,3,0,0,0
2023-05-20 22:15,19,10,9,0,0,0
2023-05-20 22:30,20,5,15,0,0,0
2023-05-20 22:45,14,10,4,0,0,0
2023-05-20 23:00,13,3,10,0,0,0
2023-05-20 23:15,11,5,6,0,0,0
2023-05-20 23:30,9,3,6,0,0,0
2023-05-20 23:45,13,8,5,0,0,0
2023-05-21 00:00,17,9,8,0,0,0
2023-05-21 00:15,9,3,6,0,0,0
2023-05-21 00:30,7,2,5,0,0,0
2023-05-21 00:45,11,4,7,0,0,0
2023-05-21 01:00,6,4,2,0,0,0
2023-05-21 01:15,5,1,4,0,0,0
2023-05-21 01:30,12,7,5,0,0,0
2023-05-21 01:45,2,0,2,0,0,0
2023-05-21 02:00,5,1,4,0,0,0
2023-05-21 02:15,3,0,3,0,0,0
2023-05-21 02:30,8,3,5,0,0,0
2023-05-21 02:45,2,2,0,0,0,0
2023-05-21 03:00,7,4,3,0,0,0
2023-05-21 03:15,2,1,1,0,0,0
2023-05-21 03:30,2,0,2,0,0,0
2023-05-21 03:45,3,0,3,0,0,0
2023-05-21 04:00,2,1,1,0,0,0
2023-05-21 04:15,3,1,2,0,0,0
2023-05-21 04:30,0,0,0,0,0,0
2023-05-21 04:45,0,0,0,0,0,0
2023-05-21 05:00,2,1,1,0,0,0
2023-05-21 05:15,1,0,1,0,0,0
2023-05-21 05:30,6,2,4,0,0,0
2023-05-21 05:45,3,3,0,0,0,0
2023-05-21 06:00,1,1,0,0,0,0
2023-05-21 06:15,4,1,3,0,0,0
2023-05-21 06:30,7,4,3,0,0,0
2023-05-21 06:45,3,1,2,0,0,0
2023-05-21 07:00,1,1,0,0,0,0
2023-05-21 07:15,3,0,3,0,0,0
2023-05-21 07:30,4,3,1,0,0,0
2023-05-21 07:45,9,6,3,0,0,0
2023-05-21 08:00,1,0,1,0,0,0
2023-05-21 08:15,8,6,2,0,0,0
2023-05-21 08:30,5,4,1,0,0,0
2023-05-21 08:45,10,9,1,0,0,0
2023-05-21 09:00,6,5,1,0,0,0
2023-05-21 09:15,21,7,14,0,0,0
2023-05-21 09:30,17,10,7,0,0,0
2023-05-21 09:45,24,16,8,0,0,0
2023-05-21 10:00,17,11,6,0,0,0
2023-05-21 10:15,17,13,4,0,0,0
2023-05-21 10:30,24,16,8,0,0,0
2023-05-21 10:45,31,19,12,0,0,0
2023-05-21 11:00,22,13,9,0,0,0
2023-05-21 11:15,32,16,16,0,0,0
2023-05-21 11:30,17,12,5,0,0,0
2023-05-21 11:45,26,15,11,0,0,0
2023-05-21 12:00,41,13,28,0,0,0
2023-05-21 12:15,44,26,18,0,0,0
2023-05-21 12:30,33,23,10,0,0,0
2023-05-21 12:45,33,24,9,0,0,0
2023-05-21 13:00,34,11,23,0,0,0
2023-05-21 13:15,36,22,14,0,0,0
2023-05-21 13:30,47,26,21,0,0,0
2023-05-21 13:45,40,21,19,0,0,0
2023-05-21 14:00,38,19,19,0,0,0
2023-05-21 14:15,59,32,27,0,0,0
2023-05-21 14:30,41,25,16,0,0,0
2023-05-21 14:45,49,27,22,0,0,0
2023-05-21 15:00,46,21,25,0,0,0
2023-05-21 15:15,30,16,14,0,0,0
2023-05-21 15:30,41,25,16,0,0,0
2023-05-21 15:45,32,15,17,0,0,0
2023-05-21 16:00,44,19,25,0,0,0
2023-05-21 16:15,31,17,14,0,0,0
2023-05-21 16:30,30,13,17,0,0,0
2023-05-21 16:45,55,33,22,0,0,0
2023-05-21 17:00,40,22,18,0,0,0
2023-05-21 17:15,34,22,12,0,0,0
2023-05-21 17:30,47,33,14,0,0,0
2023-05-21 17:45,45,31,14,0,0,0
2023-05-21 18:00,40,23,17,0,0,0
2023-05-21 18:15,31,13,18,0,0,0
2023-05-21 18:30,20,7,13,0,0,0
2023-05-21 18:45,18,10,8,0,0,0
2023-05-21 19:00,26,12,14,0,0,0
2023-05-21 19:15,21,7,14,0,0,0
2023-05-21 19:30,19,4,15,0,0,0
2023-05-21 19:45,20,5,15,0,0,0
2023-05-21 20:00,34,13,21,0,0,0
2023-05-21 20:15,22,10,12,0,0,0
2023-05-21 20:30,18,4,14,0,0,0
2023-05-21 20:45,14,9,5,0,0,0
2023-05-21 21:00,18,5,13,0,0,0
2023-05-21 21:15,14,4,10,0,0,0
2023-05-21 21:30,6,3,3,0,0,0
2023-05-21 21:45,14,6,8,0,0,0
2023-05-21 22:00,4,2,2,0,0,0
2023-05-21 22:15,6,0,6,0,0,0
2023-05-21 22:30,9,2,7,0,0,0
2023-05-21 22:45,6,0,6,0,0,0
2023-05-21 23:00,2,1,1,0,0,0
2023-05-21 23:15,2,0,2,0,0,0
2023-05-21 23:30,1,0,1,0,0,0
2023-05-21 23:45,1,1,0,0,0,0
2023-05-22 00:00,1,0,1,0,0,0
2023-05-22 00:15,0,0,0,0,0,0
2023-05-22 00:30,2,1,1,0,0,0
2023-05-22 00:45,1,1,0,0,0,0
2023-05-22 01:00,0,0,0,0,0,0
2023-05-22 01:15,0,0,0,0,0,0
2023-05-22 01:30,0,0,0,0,0,0
2023-05-22 01:45,0,0,0,0,0,0
2023-05-22 02:00,2,0,2,0,0,0
2023-05-22 02:15,1,0,1,0,0,0
2023-05-22 02:30,3,3,0,0,0,0
2023-05-22 02:45,0,0,0,0,0,0
2023-05-22 03:00,0,0,0,0,0,0
2023-05-22 03:15,0,0,0,0,0,0
2023-05-22 03:30,1,0,1,0,0,0
2023-05-22 03:45,2,1,1,0,0,0
2023-05-22 04:00,1,0,1,0,0,0
2023-05-22 04:15,0,0,0,0,0,0
2023-05-22 04:30,3,2,1,0,0,0
2023-05-22 04:45,5,4,1,0,0,0
2023-05-22 05:00,2,1,1,0,0,0
2023-05-22 05:15,7,5,2,0,0,0
2023-05-22 05:30,9,4,5,0,0,0
2023-05-22 05:45,15,5,10,0,0,0
2023-05-22 06:00,15,6,9,0,0,0
2023-05-22 06:15,28,17,11,0,0,0
2023-05-22 06:30,34,15,19,0,0,0
2023-05-22 06:45,37,17,20,0,0,0
2023-05-22 07:00,49,27,22,0,0,0
2023-05-22 07:15,89,57,32,0,0,0
2023-05-22 07:30,119,91,28,0,0,0
2023-05-22 07:45,96,72,24,0,0,0
2023-05-22 08:00,78,56,22,0,0,0
2023-05-22 08:15,64,40,24,0,0,0
2023-05-22 08:30,60,47,13,0,0,0
2023-05-22 08:45,51,36,15,0,0,0
2023-05-22 09:00,44,28,16,0,0,0
2023-05-22 09:15,41,29,12,0,0,0
2023-05-22 09:30,44,26,18,0,0,0
2023-05-22 09:45,71,56,15,0,0,0
2023-05-22 10:00,46,27,19,0,0,0
2023-05-22 10:15,27,17,10,0,0,0
2023-05-22 10:30,45,26,19,0,0,0
2023-05-22 10:45,35,22,13,0,0,0
2023-05-22 11:00,46,25,21,0,0,0
2023-05-22 11:15,38,15,23,0,0,0
2023-05-22 11:30,44,21,23,0,0,0
2023-05-22 11:45,46,28,18,0,0,0
2023-05-22 12:00,55,29,26,0,0,0
2023-05-22 12:15,55,25,30,0,0,0
2023-05-22 12:30,47,26,21,0,0,0
2023-05-22 12:45,53,22,31,0,0,0
2023-05-22 13:00,73,42,31,0,0,0
2023-05-22 13:15,65,22,43,0,0,0
2023-05-22 13:30,60,32,28,0,0,0
2023-05-22 13:45,74,36,38,0,0,0
2023-05-22 14:00,84,40,44,0,0,0
2023-05-22 14:15,64,34,30,0,0,0
2023-05-22 14:30,73,38,35,0,0,0
2023-05-22 14:45,72,41,31,0,0,0
2023-05-22 15:00,86,44,42,0,0,0
2023-05-22 15:15,95,57,38,0,0,0
2023-05-22 15:30,65,29,36,0,0,0
2023-05-22 15:45,81,40,41,0,0,0
2023-05-22 16:00,83,58,25,0,0,0
2023-05-22 16:15,90,56,34,0,0,0
2023-05-22 16:30,61,41,20,0,0,0
2023-05-22 16:45,57,32,25,0,0,0
2023-05-22 17:00,75,43,32,0,0,0
2023-05-22 17:15,85,47,38,0,0,0
2023-05-22 17:30,66,47,19,0,0,0
2023-05-22 17:45,71,43,28,0,0,0
2023-05-22 18:00,66,27,39,0,0,0
2023-05-22 18:15,70,41,29,0,0,0
2023-05-22 18:30,58,26,32,0,0,0
2023-05-22 18:45,44,24,20,0,0,0
2023-05-22 19:00,43,25,18,0,0,0
2023-05-22 19:15,46,20,26,0,0,0
2023-05-22 19:30,27,11,16,0,0,0
2023-05-22 19:45,34,10,24,0,0,0
2023-05-22 20:00,30,17,13,0,0,0
2023-05-22 20:15,26,14,12,0,0,0
2023-05-22 20:30,22,11,11,0,0,0
2023-05-22 20:45,23,9,14,0,0,0
2023-05-22 21:00,17,9,8,0,0,0
2023-05-22 21:15,16,8,8,0,0,0
2023-05-22 21:30,20,5,15,0,0,0
2023-05-22 21:45,21,9,12,0,0,0
2023-05-22 22:00,18,9,9,0,0,0
2023-05-22 22:15,9,4,5,0,0,0
2023-05-22 22:30,26,9,17,0,0,0
2023-05-22 22:45,20,8,12,0,0,0
2023-05-22 23:00,10,4,6,0,0,0
2023-05-22 23:15,6,1,5,0,0,0
2023-05-22 23:30,3,2,1,0,0,0
2023-05-22 23:45,12,7,5,0,0,0
2023-05-23 00:00,4,2,2,0,0,0
2023-05-23 00:15,3,0,3,0,0,0
2023-05-23 00:30,3,1,2,0,0,0
2023-05-23 00:45,3,0,3,0,0,0
2023-05-23 01:00,1,1,0,0,0,0
2023-05-23 01:15,0,0,0,0,0,0
2023-05-23 01:30,3,0,3,0,0,0
2023-05-23 01:45,1,1,0,0,0,0
2023-05-23 02:00,1,0,1,0,0,0
2023-05-23 02:15,3,0,3,0,0,0
2023-05-23 02:30,0,0,0,0,0,0
2023-05-23 02:45,1,0,1,0,0,0
2023-05-23 03:00,0,0,0,0,0,0
2023-05-23 03:15,0,0,0,0,0,0
2023-05-23 03:30,1,0,1,0,0,0
2023-05-23 03:45,1,1,0,0,0,0
2023-05-23 04:00,1,0,1,0,0,0
2023-05-23 04:15,0,0,0,0,0,0
2023-05-23 04:30,3,2,1,0,0,0
2023-05-23 04:45,3,3,0,0,0,0
2023-05-23 05:00,4,2,2,0,0,0
2023-05-23 05:15,6,1,5,0,0,0
2023-05-23 05:30,7,2,5,0,0,0
2023-05-23 05:45,15,7,8,0,0,0
2023-05-23 06:00,20,10,10,0,0,0
2023-05-23 06:15,32,13,19,0,0,0
2023-05-23 06:30,31,16,15,0,0,0
2023-05-23 06:45,52,23,29,0,0,0
2023-05-23 07:00,45,30,15,0,0,0
2023-05-23 07:15,77,49,28,0,0,0
2023-05-23 07:30,152,112,40,0,0,0
2023-05-23 07:45,120,83,37,0,0,0
2023-05-23 08:00,77,50,27,0,0,0
2023-05-23 08:15,68,41,27,0,0,0
2023-05-23 08:30,48,33,15,0,0,0
2023-05-23 08:45,53,36,17,0,0,0
2023-05-23 09:00,18,10,8,0,0,0
2023-05-23 09:15,28,16,12,0,0,0
2023-05-23 09:30,43,33,10,0,0,0
2023-05-23 09:45,52,42,10,0,0,0
2023-05-23 10:00,36,25,11,0,0,0
2023-05-23 10:15,38,27,11,0,0,0
2023-05-23 10:30,35,22,13,0,0,0
2023-05-23 10:45,29,19,10,0,0,0
2023-05-23 11:00,27,15,12,0,0,0
2023-05-23 11:15,36,25,11,0,0,0
2023-05-23 11:30,30,20,10,0,0,0
2023-05-23 11:45,53,36,17,0,0,0
2023-05-23 12:00,35,16,19,0,0,0
2023-05-23 12:15,44,22,22,0,0,0
2023-05-23 12:30,36,19,17,0,0,0
2023-05-23 12:45,40,22,18,0,0,0
2023-05-23 13:00,76,33,43,0,0,0
2023-05-23 13:15,72,20,52,0,0,0
2023-05-23 13:30,48,25,23,0,0,0
2023-05-23 13:45,69,39,30,0,0,0
2023-05-23 14:00,76,33,43,0,0,0
2023-05-23 14:15,53,33,20,0,0,0
2023-05-23 14:30,57,33,24,0,0,0
2023-05-23 14:45,75,38,37,0,0,0
2023-05-23 15:00,67,34,33,0,0,0
2023-05-23 15:15,83,43,40,0,0,0
2023-05-23 15:30,87,55,32,0,0,0
2023-05-23 15:45,88,47,41,0,0,0
2023-05-23 16:00,92,52,40,0,0,0
2023-05-23 16:15,89,46,43,0,0,0
2023-05-23 16:30,91,65,26,0,0,0
2023-05-23 16:45,95,55,40,0,0,0
2023-05-23 17:00,100,52,48,0,0,0
2023-05-23 17:15,87,54,33,0,0,0
2023-05-23 17:30,66,36,30,0,0,0
2023-05-23 17:45,77,43,34,0,0,0
2023-05-23 18:00,94,43,51,0,0,0
2023-05-23 18:15,78,38,40,0,0,0
2023-05-23 18:30,72,34,38,0,0,0
2023-05-23 18:45,59,24,35,0,0,0
2023-05-23 19:00,56,23,33,0,0,0
2023-05-23 19:15,46,21,25,0,0,0
2023-05-23 19:30,53,28,25,0,0,0
2023-05-23 19:45,35,17,18,0,0,0
2023-05-23 20:00,44,21,23,0,0,0
2023-05-23 20:15,37,20,17,0,0,0
2023-05-23 20:30,21,5,16,0,0,0
2023-05-23 20:45,24,10,14,0,0,0
2023-05-23 21:00,24,11,13,0,0,0
2023-05-23 21:15,27,13,14,0,0,0
2023-05-23 21:30,24,9,15,0,0,0
2023-05-23 21:45,20,10,10,0,0,0
2023-05-23 22:00,18,5,13,0,0,0
2023-05-23 22:15,22,6,16,0,0,0
2023-05-23 22:30,15,5,10,0,0,0
2023-05-23 22:45,14,2,12,0,0,0
2023-05-23 23:00,15,3,12,0,0,0
2023-05-23 23:15,8,0,8,0,0,0
2023-05-23 23:30,10,1,9,0,0,0
2023-05-23 23:45,10,4,6,0,0,0
2023-05-24 00:00,8,4,4,0,0,0
2023-05-24 00:15,0,0,0,0,0,0
2023-05-24 00:30,0,0,0,0,0,0
2023-05-24 00:45,2,0,2,0,0,0
2023-05-24 01:00,3,1,2,0,0,0
2023-05-24 01:15,1,0,1,0,0,0
2023-05-24 01:30,1,0,1,0,0,0
2023-05-24 01:45,0,0,0,0,0,0
2023-05-24 02:00,1,0,1,0,0,0
2023-05-24 02:15,2,0,2,0,0,0
2023-05-24 02:30,2,1,1,0,0,0
2023-05-24 02:45,0,0,0,0,0,0
2023-05-24 03:00,2,0,2,0,0,0
2023-05-24 03:15,1,0,1,0,0,0
2023-05-24 03:30,2,0,2,0,0,0
2023-05-24 03:45,2,1,1,0,0,0
2023-05-24 04:00,0,0,0,0,0,0
2023-05-24 04:15,1,1,0,0,0,0
2023-05-24 04:30,3,3,0,0,0,0
2023-05-24 04:45,6,5,1,0,0,0
2023-05-24 05:00,6,3,3,0,0,0
2023-05-24 05:15,5,3,2,0,0,0
2023-05-24 05:30,9,3,6,0,0,0
2023-05-24 05:45,18,8,10,0,0,0
2023-05-24 06:00,19,10,9,0,0,0
2023-05-24 06:15,27,10,17,0,0,0
2023-05-24 06:30,36,18,18,0,0,0
2023-05-24 06:45,39,24,15,0,0,0
2023-05-24 07:00,52,35,17,0,0,0
2023-05-24 07:15,85,60,25,0,0,0
2023-05-24 07:30,135,108,27,0,0,0
2023-05-24 07:45,118,79,39,0,0,0
2023-05-24 08:00,78,58,20,0,0,0
2023-05-24 08:15,84,58,26,0,0,0
2023-05-24 08:30,65,43,22,0,0,0
2023-05-24 08:45,84,58,26,0,0,0
2023-05-24 09:00,52,31,21,0,0,0
2023-05-24 09:15,47,35,12,0,0,0
2023-05-24 09:30,44,29,15,0,0,0
2023-05-24 09:45,76,53,23,0,0,0
2023-05-24 10:00,50,30,20,0,0,0
2023-05-24 10:15,43,25,18,0,0,0
2023-05-24 10:30,53,39,14,0,0,0
2023-05-24 10:45,53,26,27,0,0,0
2023-05-24 11:00,27,15,12,0,0,0
2023-05-24 11:15,37,20,17,0,0,0
2023-05-24 11:30,51,30,21,0,0,0
2023-05-24 11:45,55,30,25,0,0,0
2023-05-24 12:00,37,21,16,0,0,0
2023-05-24 12:15,49,22,27,0,0,0
2023-05-24 12:30,55,26,29,0,0,0
2023-05-24 12:45,41,25,16,0,0,0
2023-05-24 13:00,50,21,29,0,0,0
2023-05-24 13:15,71,31,40,0,0,0
2023-05-24 13:30,68,25,43,0,0,0
2023-05-24 13:45,80,41,39,0,0,0
2023-05-24 14:00,59,23,36,0,0,0
2023-05-24 14:15,56,19,37,0,0,0
2023-05-24 14:30,61,28,33,0,0,0
2023-05-24 14:45,75,40,35,0,0,0
2023-05-24 15:00,74,37,37,0,0,0
2023-05-24 15:15,68,39,29,0,0,0
2023-05-24 15:30,74,30,44,0,0,0
2023-05-24 15:45,98,62,36,0,0,0
2023-05-24 16:00,96,52,44,0,0,0
2023-05-24 16:15,94,52,42,0,0,0
2023-05-24 16:30,81,45,36,0,0,0
2023-05-24 16:45,76,42,34,0,0,0
2023-05-24 17:00,74,49,25,0,0,0
2023-05-24 17:15,64,37,27,0,0,0
2023-05-24 17:30,66,37,29,0,0,0
2023-05-24 17:45,84,48,36,0,0,0
2023-05-24 18:00,63,34,29,0,0,0
2023-05-24 18:15,68,34,34,0,0,0
2023-05-24 18:30,71,32,39,0,0,0
2023-05-24 18:45,57,29,28,0,0,0
2023-05-24 19:00,42,24,18,0,0,0
2023-05-24 19:15,50,27,23,0,0,0
2023-05-24 19:30,40,14,26,0,0,0
2023-05-24 19:45,30,15,15,0,0,0
2023-05-24 20:00,27,14,13,0,0,0
2023-05-24 20:15,39,20,19,0,0,0
2023-05-24 20:30,34,12,22,0,0,0
2023-05-24 20:45,17,9,8,0,0,0
2023-05-24 21:00,26,14,12,0,0,0
2023-05-24 21:15,21,6,15,0,0,0
2023-05-24 21:30,22,5,17,0,0,0
2023-05-24 21:45,13,4,9,0,0,0
2023-05-24 22:00,31,10,21,0,0,0
2023-05-24 22:15,23,4,19,0,0,0
2023-05-24 22:30,14,4,10,0,0,0
2023-05-24 22:45,11,2,9,0,0,0
2023-05-24 23:00,12,8,4,0,0,0
2023-05-24 23:15,14,2,12,0,0,0
2023-05-24 23:30,4,2,2,0,0,0
2023-05-24 23:45,6,2,4,0,0,0
2023-05-25 00:00,13,3,10,0,0,0
2023-05-25 00:15,6,0,6,0,0,0
2023-05-25 00:30,2,0,2,0,0,0
2023-05-25 00:45,10,1,9,0,0,0
2023-05-25 01:00,2,0,2,0,0,0
2023-05-25 01:15,4,1,3,0,0,0
2023-05-25 01:30,3,0,3,0,0,0
2023-05-25 01:45,2,2,0,0,0,0
2023-05-25 02:00,2,1,1,0,0,0
2023-05-25 02:15,0,0,0,0,0,0
2023-05-25 02:30,4,2,2,0,0,0
2023-05-25 02:45,2,0,2,0,0,0
2023-05-25 03:00,1,0,1,0,0,0
2023-05-25 03:15,3,0,3,0,0,0
2023-05-25 03:30,1,1,0,0,0,0
2023-05-25 03:45,2,1,1,0,0,0
2023-05-25 04:00,3,2,1,0,0,0
2023-05-25 04:15,1,0,1,0,0,0
2023-05-25 04:30,2,1,1,0,0,0
2023-05-25 04:45,3,3,0,0,0,0
2023-05-25 05:00,2,1,1,0,0,0
2023-05-25 05:15,5,2,3,0,0,0
2023-05-25 05:30,8,1,7,0,0,0
2023-05-25 05:45,11,5,6,0,0,0
2023-05-25 06:00,14,5,9,0,0,0
2023-05-25 06:15,23,10,13,0,0,0
2023-05-25 06:30,36,18,18,0,0,0
2023-05-25 06:45,45,21,24,0,0,0
2023-05-25 07:00,56,35,21,0,0,0
2023-05-25 07:15,77,58,19,0,0,0
2023-05-25 07:30,157,131,26,0,0,0
2023-05-25 07:45,74,47,27,0,0,0
2023-05-25 08:00,84,56,28,0,0,0
2023-05-25 08:15,76,45,31,0,0,0
2023-05-25 08:30,68,44,24,0,0,0
2023-05-25 08:45,56,37,19,0,0,0
2023-05-25 09:00,34,27,7,0,0,0
2023-05-25 09:15,43,28,15,0,0,0
2023-05-25 09:30,58,37,21,0,0,0
2023-05-25 09:45,60,41,19,0,0,0
2023-05-25 10:00,44,31,13,0,0,0
2023-05-25 10:15,37,19,18,0,0,0
2023-05-25 10:30,47,28,19,0,0,0
2023-05-25 10:45,49,32,17,0,0,0
2023-05-25 11:00,39,21,18,0,0,0
2023-05-25 11:15,32,22,10,0,0,0
2023-05-25 11:30,48,36,12,0,0,0
2023-05-25 11:45,34,17,17,0,0,0
2023-05-25 12:00,50,29,21,0,0,0
2023-05-25 12:15,58,23,35,0,0,0
2023-05-25 12:30,38,17,21,0,0,0
2023-05-25 12:45,47,25,22,0,0,0
2023-05-25 13:00,70,29,41,0,0,0
2023-05-25 13:15,62,22,40,0,0,0
2023-05-25 13:30,67,27,40,0,0,0
2023-05-25 13:45,75,38,37,0,0,0
2023-05-25 14:00,79,33,46,0,0,0
2023-05-25 14:15,52,26,26,0,0,0
2023-05-25 14:30,51,30,21,0,0,0
2023-05-25 14:45,85,58,27,0,0,0
2023-05-25 15:00,67,30,37,0,0,0
2023-05-25 15:15,74,44,30,0,0,0
2023-05-25 15:30,87,48,39,0,0,0
2023-05-25 15:45,78,38,40,0,0,0
2023-05-25 16:00,89,47,42,0,0,0
2023-05-25 16:15,80,48,32,0,0,0
2023-05-25 16:30,65,33,32,0,0,0
2023-05-25 16:45,94,62,32,0,0,0
2023-05-25 17:00,92,49,43,0,0,0
2023-05-25 17:15,102,51,51,0,0,0
2023-05-25 17:30,80,45,35,0,0,0
2023-05-25 17:45,65,29,36,0,0,0
2023-05-25 18:00,66,28,38,0,0,0
2023-05-25 18:15,67,35,32,0,0,0
2023-05-25 18:30,52,31,21,0,0,0
2023-05-25 18:45,59,26,33,0,0,0
2023-05-25 19:00,59,37,22,0,0,0
2023-05-25 19:15,47,25,22,0,0,0
2023-05-25 19:30,36,18,18,0,0,0
2023-05-25 19:45,51,17,34,0,0,0
2023-05-25 20:00,34,14,20,0,0,0
2023-05-25 20:15,40,18,22,0,0,0
2023-05-25 20:30,23,3,20,0,0,0
2023-05-25 20:45,28,12,16,0,0,0
2023-05-25 21:00,38,19,19,0,0,0
2023-05-25 21:15,30,12,18,0,0,0
2023-05-25 21:30,24,12,12,0,0,0
2023-05-25 21:45,34,9,25,0,0,0
2023-05-25 22:00,26,12,14,0,0,0
2023-05-25 22:15,27,9,18,0,0,0
2023-05-25 22:30,19,3,16,0,0,0
2023-05-25 22:45,11,3,8,0,0,0
2023-05-25 23:00,11,1,10,0,0,0
2023-05-25 23:15,12,3,9,0,0,0
2023-05-25 23:30,11,7,4,0,0,0
2023-05-25 23:45,9,3,6,0,0,0
2023-05-26 00:00,4,0,4,0,0,0
2023-05-26 00:15,1,0,1,0,0,0
2023-05-26 00:30,4,1,3,0,0,0
2023-05-26 00:45,8,1,7,0,0,0
2023-05-26 01:00,5,4,1,0,0,0
2023-05-26 01:15,4,0,4,0,0,0
2023-05-26 01:30,0,0,0,0,0,0
2023-05-26 01:45,3,0,3,0,0,0
2023-05-26 02:00,1,0,1,0,0,0
2023-05-26 02:15,1,0,1,0,0,0
2023-05-26 02:30,0,0,0,0,0,0
2023-05-26 02:45,2,1,1,0,0,0
2023-05-26 03:00,1,0,1,0,0,0
2023-05-26 03:15,2,0,2,0,0,0
2023-05-26 03:30,2,0,2,0,0,0
2023-05-26 03:45,2,0,2,0,0,0
2023-05-26 04:00,2,2,0,0,0,0
2023-05-26 04:15,2,0,2,0,0,0
2023-05-26 04:30,3,2,1,0,0,0
2023-05-26 04:45,2,2,0,0,0,0
2023-05-26 05:00,2,1,1,0,0,0
2023-05-26 05:15,8,7,1,0,0,0
2023-05-26 05:30,8,1,7,0,0,0
2023-05-26 05:45,13,3,10,0,0,0
2023-05-26 06:00,18,10,8,0,0,0
2023-05-26 06:15,17,8,9,0,0,0
2023-05-26 06:30,26,13,13,0,0,0
2023-05-26 06:45,32,17,15,0,0,0
2023-05-26 07:00,43,23,20,0,0,0
2023-05-26 07:15,47,37,10,0,0,0
2023-05-26 07:30,129,99,30,0,0,0
2023-05-26 07:45,84,60,24,0,0,0
2023-05-26 08:00,74,49,25,0,0,0
2023-05-26 08:15,50,31,19,0,0,0
2023-05-26 08:30,45,29,16,0,0,0
2023-05-26 08:45,51,31,20,0,0,0
2023-05-26 09:00,44,32,12,0,0,0
2023-05-26 09:15,38,22,16,0,0,0
2023-05-26 09:30,40,29,11,0,0,0
2023-05-26 09:45,48,31,17,0,0,0
2023-05-26 10:00,37,27,10,0,0,0
2023-05-26 10:15,49,27,22,0,0,0
2023-05-26 10:30,39,21,18,0,0,0
2023-05-26 10:45,37,20,17,0,0,0
2023-05-26 11:00,39,23,16,0,0,0
2023-05-26 11:15,38,19,19,0,0,0
2023-05-26 11:30,58,40,18,0,0,0
2023-05-26 11:45,58,33,25,0,0,0
2023-05-26 12:00,60,31,29,0,0,0
2023-05-26 12:15,59,28,31,0,0,0
2023-05-26 12:30,47,22,25,0,0,0
2023-05-26 12:45,48,30,18,0,0,0
2023-05-26 13:00,80,39,41,0,0,0
2023-05-26 13:15,71,30,41,0,0,0
2023-05-26 13:30,63,34,29,0,0,0
2023-05-26 13:45,90,41,49,0,0,0
2023-05-26 14:00,72,36,36,0,0,0
2023-05-26 14:15,64,34,30,0,0,0
2023-05-26 14:30,71,38,33,0,0,0
2023-05-26 14:45,76,41,35,0,0,0
2023-05-26 15:00,81,36,45,0,0,0
2023-05-26 15:15,67,43,24,0,0,0
2023-05-26 15:30,70,41,29,0,0,0
2023-05-26 15:45,53,23,30,0,0,0
2023-05-26 16:00,54,30,24,0,0,0
2023-05-26 16:15,50,25,25,0,0,0
2023-05-26 16:30,60,34,26,0,0,0
2023-05-26 16:45,52,30,22,0,0,0
2023-05-26 17:00,53,26,27,0,0,0
2023-05-26 17:15,55,27,28,0,0,0
2023-05-26 17:30,57,28,29,0,0,0
2023-05-26 17:45,60,36,24,0,0,0
2023-05-26 18:00,75,35,40,0,0,0
2023-05-26 18:15,60,26,34,0,0,0
2023-05-26 18:30,44,23,21,0,0,0
2023-05-26 18:45,61,31,30,0,0,0
2023-05-26 19:00,46,21,25,0,0,0
2023-05-26 19:15,52,30,22,0,0,0
2023-05-26 19:30,48,25,23,0,0,0
2023-05-26 19:45,59,26,33,0,0,0
2023-05-26 20:00,30,13,17,0,0,0
2023-05-26 20:15,50,22,28,0,0,0
2023-05-26 20:30,30,12,18,0,0,0
2023-05-26 20:45,25,12,13,0,0,0
2023-05-26 21:00,32,22,10,0,0,0
2023-05-26 21:15,26,15,11,0,0,0
2023-05-26 21:30,37,19,18,0,0,0
2023-05-26 21:45,41,15,26,0,0,0
2023-05-26 22:00,20,9,11,0,0,0
2023-05-26 22:15,27,7,20,0,0,0
2023-05-26 22:30,16,8,8,0,0,0
2023-05-26 22:45,13,5,8,0,0,0
2023-05-26 23:00,5,0,5,0,0,0
2023-05-26 23:15,15,7,8,0,0,0
2023-05-26 23:30,14,3,11,0,0,0
2023-05-26 23:45,8,2,6,0,0,0
2023-05-27 00:00,14,8,6,0,0,0
2023-05-27 00:15,10,1,9,0,0,0
2023-05-27 00:30,12,5,7,0,0,0
2023-05-27 00:45,8,3,5,0,0,0
2023-05-27 01:00,6,4,2,0,0,0
2023-05-27 01:15,7,2,5,0,0,0
2023-05-27 01:30,5,1,4,0,0,0
2023-05-27 01:45,8,2,6,0,0,0
2023-05-27 02:00,2,1,1,0,0,0
2023-05-27 02:15,7,4,3,0,0,0
2023-05-27 02:30,3,2,1,0,0,0
2023-05-27 02:45,3,1,2,0,0,0
2023-05-27 03:00,3,0,3,0,0,0
2023-05-27 03:15,7,2,5,0,0,0
2023-05-27 03:30,1,0,1,0,0,0
2023-05-27 03:45,2,2,0,0,0,0
2023-05-27 04:00,9,8,1,0,0,0
2023-05-27 04:15,1,0,1,0,0,0
2023-05-27 04:30,2,1,1,0,0,0
2023-05-27 04:45,3,2,1,0,0,0
2023-05-27 05:00,1,0,1,0,0,0
2023-05-27 05:15,4,4,0,0,0,0
2023-05-27 05:30,4,2,2,0,0,0
2023-05-27 05:45,2,2,0,0,0,0
2023-05-27 06:00,7,5,2,0,0,0
2023-05-27 06:15,7,3,4,0,0,0
2023-05-27 06:30,3,3,0,0,0,0
2023-05-27 06:45,6,4,2,0,0,0
2023-05-27 07:00,9,9,0,0,0,0
2023-05-27 07:15,8,7,1,0,0,0
2023-05-27 07:30,15,13,2,0,0,0
2023-05-27 07:45,20,13,7,0,0,0
2023-05-27 08:00,17,10,7,0,0,0
2023-05-27 08:15,29,20,9,0,0,0
2023-05-27 08:30,22,17,5,0,0,0
2023-05-27 08:45,26,21,5,0,0,0
2023-05-27 09:00,22,14,8,0,0,0
2023-05-27 09:15,30,20,10,0,0,0
2023-05-27 09:30,41,29,12,0,0,0
2023-05-27 09:45,50,33,17,0,0,0
2023-05-27 10:00,49,42,7,0,0,0
2023-05-27 10:15,47,29,18,0,0,0
2023-05-27 10:30,42,24,18,0,0,0
2023-05-27 10:45,50,32,18,0,0,0
2023-05-27 11:00,53,39,14,0,0,0
2023-05-27 11:15,61,46,15,0,0,0
2023-05-27 11:30,45,30,15,0,0,0
2023-05-27 11:45,70,35,35,0,0,0
2023-05-27 12:00,59,37,22,0,0,0
2023-05-27 12:15,57,37,20,0,0,0
2023-05-27 12:30,58,30,28,0,0,0
2023-05-27 12:45,78,42,36,0,0,0
2023-05-27 13:00,70,28,42,0,0,0
2023-05-27 13:15,59,26,33,0,0,0
2023-05-27 13:30,50,27,23,0,0,0
2023-05-27 13:45,65,39,26,0,0,0
2023-05-27 14:00,63,24,39,0,0,0
2023-05-27 14:15,52,32,20,0,0,0
2023-05-27 14:30,61,29,32,0,0,0
2023-05-27 14:45,79,43,36,0,0,0
2023-05-27 15:00,54,30,24,0,0,0
2023-05-27 15:15,43,23,20,0,0,0
2023-05-27 15:30,36,21,15,0,0,0
2023-05-27 15:45,46,28,18,0,0,0
2023-05-27 16:00,45,23,22,0,0,0
2023-05-27 16:15,47,24,23,0,0,0
2023-05-27 16:30,42,27,15,0,0,0
2023-05-27 16:45,48,29,19,0,0,0
2023-05-27 17:00,26,19,7,0,0,0
2023-05-27 17:15,33,16,17,0,0,0
2023-05-27 17:30,36,25,11,0,0,0
2023-05-27 17:45,53,30,23,0,0,0
2023-05-27 18:00,47,18,29,0,0,0
2023-05-27 18:15,47,25,22,0,0,0
2023-05-27 18:30,33,19,14,0,0,0
2023-05-27 18:45,38,25,13,0,0,0
2023-05-27 19:00,44,29,15,0,0,0
2023-05-27 19:15,39,21,18,0,0,0
2023-05-27 19:30,29,14,15,0,0,0
2023-05-27 19:45,38,22,16,0,0,0
2023-05-27 20:00,26,14,12,0,0,0
2023-05-27 20:15,31,19,12,0,0,0
2023-05-27 20:30,30,15,15,0,0,0
2023-05-27 20:45,14,8,6,0,0,0
2023-05-27 21:00,37,18,19,0,0,0
2023-05-27 21:15,14,7,7,0,0,0
2023-05-27 21:30,23,7,16,0,0,0
2023-05-27 21:45,28,14,14,0,0,0
2023-05-27 22:00,12,5,7,0,0,0
2023-05-27 22:15,11,7,4,0,0,0
2023-05-27 22:30,11,5,6,0,0,0
2023-05-27 22:45,9,1,8,0,0,0
2023-05-27 23:00,10,2,8,0,0,0
2023-05-27 23:15,14,5,9,0,0,0
2023-05-27 23:30,8,2,6,0,0,0
2023-05-27 23:45,12,7,5,0,0,0
2023-05-28 00:00,16,12,4,0,0,0
2023-05-28 00:15,4,0,4,0,0,0
2023-05-28 00:30,14,1,13,0,0,0
2023-05-28 00:45,6,3,3,0,0,0
2023-05-28 01:00,2,2,0,0,0,0
2023-05-28 01:15,6,1,5,0,0,0
2023-05-28 01:30,9,5,4,0,0,0
2023-05-28 01:45,2,0,2,0,0,0
2023-05-28 02:00,3,0,3,0,0,0
2023-05-28 02:15,5,2,3,0,0,0
2023-05-28 02:30,6,2,4,0,0,0
2023-05-28 02:45,1,0,1,0,0,0
2023-05-28 03:00,7,3,4,0,0,0
2023-05-28 03:15,1,1,0,0,0,0
2023-05-28 03:30,3,2,1,0,0,0
2023-05-28 03:45,1,0,1,0,0,0
2023-05-28 04:00,5,1,4,0,0,0
2023-05-28 04:15,1,1,0,0,0,0
2023-05-28 04:30,1,0,1,0,0,0
2023-05-28 04:45,2,1,1,0,0,0
2023-05-28 05:00,3,0,3,0,0,0
2023-05-28 05:15,2,1,1,0,0,0
2023-05-28 05:30,2,1,1,0,0,0
2023-05-28 05:45,0,0,0,0,0,0
2023-05-28 06:00,1,1,0,0,0,0
2023-05-28 06:15,2,1,1,0,0,0
2023-05-28 06:30,2,2,0,0,0,0
2023-05-28 06:45,4,1,3,0,0,0
2023-05-28 07:00,1,1,0,0,0,0
2023-05-28 07:15,4,3,1,0,0,0
2023-05-28 07:30,7,6,1,0,0,0
2023-05-28 07:45,3,0,3,0,0,0
2023-05-28 08:00,3,0,3,0,0,0
2023-05-28 08:15,6,5,1,0,0,0
2023-05-28 08:30,8,6,2,0,0,0
2023-05-28 08:45,8,7,1,0,0,0
2023-05-28 09:00,17,13,4,0,0,0
2023-05-28 09:15,15,11,4,0,0,0
2023-05-28 09:30,6,4,2,0,0,0
2023-05-28 09:45,31,26,5,0,0,0
2023-05-28 10:00,12,8,4,0,0,0
2023-05-28 10:15,16,11,5,0,0,0
2023-05-28 10:30,14,10,4,0,0,0
2023-05-28 10:45,19,7,12,0,0,0
2023-05-28 11:00,28,10,18,0,0,0
2023-05-28 11:15,25,15,10,0,0,0
2023-05-28 11:30,37,14,23,0,0,0
2023-05-28 11:45,32,13,19,0,0,0
2023-05-28 12:00,42,17,25,0,0,0
2023-05-28 12:15,25,12,13,0,0,0
2023-05-28 12:30,27,9,18,0,0,0
2023-05-28 12:45,35,20,15,0,0,0
2023-05-28 13:00,31,22,9,0,0,0
2023-05-28 13:15,33,19,14,0,0,0
2023-05-28 13:30,35,23,12,0,0,0
2023-05-28 13:45,34,13,21,0,0,0
2023-05-28 14:00,44,24,20,0,0,0
2023-05-28 14:15,26,9,17,0,0,0
2023-05-28 14:30,38,21,17,0,0,0
2023-05-28 14:45,31,14,17,0,0,0
2023-05-28 15:00,31,15,16,0,0,0
2023-05-28 15:15,48,28,20,0,0,0
2023-05-28 15:30,35,22,13,0,0,0
2023-05-28 15:45,37,26,11,0,0,0
2023-05-28 16:00,37,21,16,0,0,0
2023-05-28 16:15,41,24,17,0,0,0
2023-05-28 16:30,35,14,21,0,0,0
2023-05-28 16:45,23,14,9,0,0,0
2023-05-28 17:00,17,12,5,0,0,0
2023-05-28 17:15,47,33,14,0,0,0
2023-05-28 17:30,45,33,12,0,0,0
2023-05-28 17:45,45,29,16,0,0,0
2023-05-28 18:00,27,10,17,0,0,0
2023-05-28 18:15,35,26,9,0,0,0
2023-05-28 18:30,25,14,11,0,0,0
2023-05-28 18:45,29,14,15,0,0,0
2023-05-28 19:00,17,9,8,0,0,0
2023-05-28 19:15,35,18,17,0,0,0
2023-05-28 19:30,23,11,12,0,0,0
2023-05-28 19:45,19,13,6,0,0,0
2023-05-28 20:00,19,9,10,0,0,0
2023-05-28 20:15,26,15,11,0,0,0
2023-05-28 20:30,23,9,14,0,0,0
2023-05-28 20:45,17,8,9,0,0,0
2023-05-28 21:00,18,8,10,0,0,0
2023-05-28 21:15,18,6,12,0,0,0
2023-05-28 21:30,26,10,16,0,0,0
2023-05-28 21:45,14,7,7,0,0,0
2023-05-28 22:00,13,4,9,0,0,0
2023-05-28 22:15,17,5,12,0,0,0
2023-05-28 22:30,10,7,3,0,0,0
2023-05-28 22:45,10,6,4,0,0,0
2023-05-28 23:00,3,1,2,0,0,0
2023-05-28 23:15,12,4,8,0,0,0
2023-05-28 23:30,11,5,6,0,0,0
2023-05-28 23:45,4,2,2,0,0,0
2023-05-29 00:00,5,1,4,0,0,0
2023-05-29 00:15,5,3,2,0,0,0
2023-05-29 00:30,3,1,2,0,0,0
2023-05-29 00:45,10,2,8,0,0,0
2023-05-29 01:00,2,0,2,0,0,0
2023-05-29 01:15,3,1,2,0,0,0
2023-05-29 01:30,4,2,2,0,0,0
2023-05-29 01:45,2,2,0,0,0,0
2023-05-29 02:00,2,1,1,0,0,0
2023-05-29 02:15,4,1,3,0,0,0
2023-05-29 02:30,0,0,0,0,0,0
2023-05-29 02:45,0,0,0,0,0,0
2023-05-29 03:00,1,0,1,0,0,0
2023-05-29 03:15,2,0,2,0,0,0
2023-05-29 03:30,0,0,0,0,0,0
2023-05-29 03:45,2,1,1,0,0,0
2023-05-29 04:00,2,0,2,0,0,0
2023-05-29 04:15,0,0,0,0,0,0
2023-05-29 04:30,4,3,1,0,0,0
2023-05-29 04:45,1,1,0,0,0,0
2023-05-29 05:00,1,1,0,0,0,0
2023-05-29 05:15,5,4,1,0,0,0
2023-05-29 05:30,2,1,1,0,0,0
2023-05-29 05:45,1,0,1,0,0,0
2023-05-29 06:00,2,2,0,0,0,0
2023-05-29 06:15,0,0,0,0,0,0
2023-05-29 06:30,4,3,1,0,0,0
2023-05-29 06:45,2,1,1,0,0,0
2023-05-29 07:00,2,0,2,0,0,0
2023-05-29 07:15,2,1,1,0,0,0
2023-05-29 07:30,6,5,1,0,0,0
2023-05-29 07:45,4,4,0,0,0,0
2023-05-29 08:00,6,3,3,0,0,0
2023-05-29 08:15,1,0,1,0,0,0
2023-05-29 08:30,5,2,3,0,0,0
2023-05-29 08:45,11,7,4,0,0,0
2023-05-29 09:00,9,4,5,0,0,0
2023-05-29 09:15,13,9,4,0,0,0
2023-05-29 09:30,10,7,3,0,0,0
2023-05-29 09:45,17,7,10,0,0,0
2023-05-29 10:00,21,13,8,0,0,0
2023-05-29 10:15,20,9,11,0,0,0
2023-05-29 10:30,19,9,10,0,0,0
2023-05-29 10:45,22,16,6,0,0,0
2023-05-29 11:00,29,15,14,0,0,0
2023-05-29 11:15,19,8,11,0,0,0
2023-05-29 11:30,24,10,14,0,0,0
2023-05-29 11:45,26,16,10,0,0,0
2023-05-29 12:00,38,23,15,0,0,0
2023-05-29 12:15,28,19,9,0,0,0
2023-05-29 12:30,36,16,20,0,0,0
2023-05-29 12:45,33,20,13,0,0,0
2023-05-29 13:00,29,12,17,0,0,0
2023-05-29 13:15,23,14,9,0,0,0
2023-05-29 13:30,52,27,25,0,0,0
2023-05-29 13:45,23,11,12,0,0,0
2023-05-29 14:00,30,14,16,0,0,0
2023-05-29 14:15,44,29,15,0,0,0
2023-05-29 14:30,25,11,14,0,0,0
2023-05-29 14:45,71,48,23,0,0,0
2023-05-29 15:00,33,12,21,0,0,0
2023-05-29 15:15,34,17,17,0,0,0
2023-05-29 15:30,25,13,12,0,0,0
2023-05-29 15:45,30,14,16,0,0,0
2023-05-29 16:00,34,18,16,0,0,0
2023-05-29 16:15,26,11,15,0,0,0
2023-05-29 16:30,32,21,11,0,0,0
2023-05-29 16:45,27,10,17,0,0,0
2023-05-29 17:00,33,17,16,0,0,0
2023-05-29 17:15,31,15,16,0,0,0
2023-05-29 17:30,39,20,19,0,0,0
2023-05-29 17:45,31,19,12,0,0,0
2023-05-29 18:00,43,28,15,0,0,0
2023-05-29 18:15,29,11,18,0,0,0
2023-05-29 18:30,41,26,15,0,0,0
2023-05-29 18:45,43,29,14,0,0,0
2023-05-29 19:00,20,11,9,0,0,0
2023-05-29 19:15,31,24,7,0,0,0
2023-05-29 19:30,19,8,11,0,0,0
2023-05-29 19:45,26,13,13,0,0,0
2023-05-29 20:00,24,12,12,0,0,0
2023-05-29 20:15,19,12,7,0,0,0
2023-05-29 20:30,16,5,11,0,0,0
2023-05-29 20:45,20,9,11,0,0,0
2023-05-29 21:00,22,7,15,0,0,0
2023-05-29 21:15,13,8,5,0,0,0
2023-05-29 21:30,15,5,10,0,0,0
2023-05-29 21:45,21,15,6,0,0,0
2023-05-29 22:00,11,4,7,0,0,0
2023-05-29 22:15,7,0,7,0,0,0
2023-05-29 22:30,11,4,7,0,0,0
2023-05-29 22:45,5,1,4,0,0,0
2023-05-29 23:00,7,2,5,0,0,0
2023-05-29 23:15,9,4,5,0,0,0
2023-05-29 23:30,1,1,0,0,0,0
2023-05-29 23:45,2,0,2,0,0,0
2023-05-30 00:00,5,5,,0,0,
2023-05-30 00:15,1,1,,0,0,
2023-05-30 00:30,0,0,,0,0,
2023-05-30 00:45,0,0,,0,0,
2023-05-30 01:00,0,0,,0,0,
2023-05-30 01:15,0,0,,0,0,
2023-05-30 01:30,0,0,,0,0,
2023-05-30 01:45,0,0,,0,0,
2023-05-30 02:00,0,0,,0,0,
2023-05-30 02:15,2,2,,0,0,
2023-05-30 02:30,0,0,,0,0,
2023-05-30 02:45,0,0,,0,0,
2023-05-30 03:00,0,0,,0,0,
2023-05-30 03:15,0,0,,0,0,
2023-05-30 03:30,0,0,,0,0,
2023-05-30 03:45,1,1,,0,0,
2023-05-30 04:00,1,1,,0,0,
2023-05-30 04:15,2,2,,0,0,
2023-05-30 04:30,1,1,,0,0,
2023-05-30 04:45,2,2,,0,0,
2023-05-30 05:00,2,2,,0,0,
2023-05-30 05:15,4,4,,0,0,
2023-05-30 05:30,6,6,,0,0,
2023-05-30 05:45,8,8,,0,0,
2023-05-30 06:00,5,5,,0,0,
2023-05-30 06:15,16,16,,0,0,
2023-05-30 06:30,18,18,,0,0,
2023-05-30 06:45,23,23,,0,0,
2023-05-30 07:00,18,18,,0,0,
2023-05-30 07:15,29,29,,0,0,
2023-05-30 07:30,43,43,,0,0,
2023-05-30 07:45,46,46,,0,0,
2023-05-30 08:00,50,50,,0,0,
2023-05-30 08:15,46,46,,0,0,
2023-05-30 08:30,26,26,,0,0,
2023-05-30 08:45,39,39,,0,0,
2023-05-30 09:00,32,32,,0,0,
2023-05-30 09:15,26,26,,0,0,
2023-05-30 09:30,19,19,,0,0,
2023-05-30 09:45,28,28,,0,0,
2023-05-30 10:00,26,26,,0,0,
2023-05-30 10:15,22,22,,0,0,
2023-05-30 10:30,23,23,,0,0,
2023-05-30 10:45,30,30,,0,0,
2023-05-30 11:00,20,20,,0,0,
2023-05-30 11:15,31,31,,0,0,
2023-05-30 11:30,41,41,,0,0,
2023-05-30 11:45,23,23,,0,0,
2023-05-30 12:00,26,26,,0,0,
2023-05-30 12:15,37,37,,0,0,
2023-05-30 12:30,32,32,,0,0,
2023-05-30 12:45,39,39,,0,0,
2023-05-30 13:00,30,30,,0,0,
2023-05-30 13:15,36,36,,0,0,
2023-05-30 13:30,32,32,,0,0,
2023-05-30 13:45,41,41,,0,0,
2023-05-30 14:00,22,22,,0,0,
2023-05-30 14:15,30,30,,0,0,
2023-05-30 14:30,38,38,,0,0,
2023-05-30 14:45,57,57,,0,0,
2023-05-30 15:00,40,40,,0,0,
2023-05-30 15:15,39,39,,0,0,
2023-05-30 15:30,43,43,,0,0,
2023-05-30 15:45,51,51,,0,0,
2023-05-30 16:00,46,46,,0,0,
2023-05-30 16:15,48,48,,0,0,
2023-05-30 16:30,45,45,,0,0,
2023-05-30 16:45,44,44,,0,0,
2023-05-30 17:00,48,48,,0,0,
2023-05-30 17:15,54,54,,0,0,
2023-05-30 17:30,44,44,,0,0,
2023-05-30 17:45,32,32,,0,0,
2023-05-30 18:00,36,36,,0,0,
2023-05-30 18:15,37,37,,0,0,
2023-05-30 18:30,29,29,,0,0,
2023-05-30 18:45,27,27,,0,0,
2023-05-30 19:00,14,14,,0,0,
2023-05-30 19:15,15,15,,0,0,
2023-05-30 19:30,19,19,,0,0,
2023-05-30 19:45,23,23,,0,0,
2023-05-30 20:00,6,6,,0,0,
2023-05-30 20:15,10,10,,0,0,
2023-05-30 20:30,6,6,,0,0,
2023-05-30 20:45,8,8,,0,0,
2023-05-30 21:00,13,13,,0,0,
2023-05-30 21:15,18,18,,0,0,
2023-05-30 21:30,2,2,,0,0,
2023-05-30 21:45,7,7,,0,0,
2023-05-30 22:00,8,8,,0,0,
2023-05-30 22:15,4,4,,0,0,
2023-05-30 22:30,3,3,,0,0,
2023-05-30 22:45,2,2,,0,0,
2023-05-30 23:00,4,4,,0,0,
2023-05-30 23:15,2,2,,0,0,
2023-05-30 23:30,1,1,,0,0,
2023-05-30 23:45,3,3,,0,0,
