Datetime,100034978 (Gartenstraße),101034978 (Gartenstraße einwärts),102034978 (Gartenstraße auswärts),100034978-status,101034978-status,102034978-status
2024-06-01 00:00,13,0,13,0,0,0
2024-06-01 00:15,14,7,7,0,0,0
2024-06-01 00:30,4,1,3,0,0,0
2024-06-01 00:45,8,1,7,0,0,0
2024-06-01 01:00,2,1,1,0,0,0
2024-06-01 01:15,3,1,2,0,0,0
2024-06-01 01:30,3,0,3,0,0,0
2024-06-01 01:45,6,2,4,0,0,0
2024-06-01 02:00,3,1,2,0,0,0
2024-06-01 02:15,7,1,6,0,0,0
2024-06-01 02:30,4,2,2,0,0,0
2024-06-01 02:45,4,0,4,0,0,0
2024-06-01 03:00,8,2,6,0,0,0
2024-06-01 03:15,4,2,2,0,0,0
2024-06-01 03:30,1,0,1,0,0,0
2024-06-01 03:45,1,1,0,0,0,0
2024-06-01 04:00,0,0,0,0,0,0
2024-06-01 04:15,4,4,0,0,0,0
2024-06-01 04:30,2,2,0,0,0,0
2024-06-01 04:45,1,1,0,0,0,0
2024-06-01 05:00,3,1,2,0,0,0
2024-06-01 05:15,4,2,2,0,0,0
2024-06-01 05:30,7,4,3,0,0,0
2024-06-01 05:45,4,2,2,0,0,0
2024-06-01 06:00,0,0,0,0,0,0
2024-06-01 06:15,2,1,1,0,0,0
2024-06-01 06:30,5,3,2,0,0,0
2024-06-01 06:45,5,4,1,0,0,0
2024-06-01 07:00,4,3,1,0,0,0
2024-06-01 07:15,8,7,1,0,0,0
2024-06-01 07:30,7,4,3,0,0,0
2024-06-01 07:45,16,7,9,0,0,0
2024-06-01 08:00,8,4,4,0,0,0
2024-06-01 08:15,15,13,2,0,0,0
2024-06-01 08:30,19,16,3,0,0,0
2024-06-01 08:45,21,12,9,0,0,0
2024-06-01 09:00,31,25,6,0,0,0
2024-06-01 09:15,24,22,2,0,0,0
2024-06-01 09:30,23,18,5,0,0,0
2024-06-01 09:45,39,33,6,0,0,0
2024-06-01 10:00,36,23,13,0,0,0
2024-06-01 10:15,43,30,13,0,0,0
2024-06-01 10:30,42,36,6,0,0,0
2024-06-01 10:45,54,37,17,0,0,0
2024-06-01 11:00,42,27,15,0,0,0
2024-06-01 11:15,43,28,15,0,0,0
2024-06-01 11:30,60,47,13,0,0,0
2024-06-01 11:45,47,20,27,0,0,0
2024-06-01 12:00,68,48,20,0,0,0
2024-06-01 12:15,47,33,14,0,0,0
2024-06-01 12:30,51,34,17,0,0,0
2024-06-01 12:45,52,34,18,0,0,0
2024-06-01 13:00,49,22,27,0,0,0
2024-06-01 13:15,40,26,14,0,0,0
2024-06-01 13:30,45,26,19,0,0,0
2024-06-01 13:45,52,29,23,0,0,0
2024-06-01 14:00,59,28,31,0,0,0
2024-06-01 14:15,46,23,23,0,0,0
2024-06-01 14:30,46,25,21,0,0,0
2024-06-01 14:45,45,24,21,0,0,0
2024-06-01 15:00,52,28,24,0,0,0
2024-06-01 15:15,47,22,25,0,0,0
2024-06-01 15:30,46,20,26,0,0,0
2024-06-01 15:45,55,27,28,0,0,0
2024-06-01 16:00,55,29,26,0,0,0
2024-06-01 16:15,35,17,18,0,0,0
2024-06-01 16:30,36,18,18,0,0,0
2024-06-01 16:45,57,35,22,0,0,0
2024-06-01 17:00,42,24,18,0,0,0
2024-06-01 17:15,47,23,24,0,0,0
2024-06-01 17:30,29,18,11,0,0,0
2024-06-01 17:45,43,29,14,0,0,0
2024-06-01 18:00,40,23,17,0,0,0
2024-06-01 18:15,23,13,10,0,0,0
2024-06-01 18:30,25,15,10,0,0,0
2024-06-01 18:45,37,31,6,0,0,0
2024-06-01 19:00,44,21,23,0,0,0
2024-06-01 19:15,39,25,14,0,0,0
2024-06-01 19:30,42,19,23,0,0,0
2024-06-01 19:45,28,17,11,0,0,0
2024-06-01 20:00,35,23,12,0,0,0
2024-06-01 20:15,22,8,14,0,0,0
2024-06-01 20:30,19,10,9,0,0,0
2024-06-01 20:45,20,10,10,0,0,0
2024-06-01 21:00,16,6,10,0,0,0
2024-06-01 21:15,30,17,13,0,0,0
2024-06-01 21:30,10,4,6,0,0,0
2024-06-01 21:45,10,6,4,0,0,0
2024-06-01 22:00,18,7,11,0,0,0
2024-06-01 22:15,14,6,8,0,0,0
2024-06-01 22:30,6,3,3,0,0,0
2024-06-01 22:45,8,3,5,0,0,0
2024-06-01 23:00,16,5,11,0,0,0
2024-06-01 23:15,14,8,6,0,0,0
2024-06-01 23:30,19,11,8,0,0,0
2024-06-01 23:45,16,7,9,0,0,0
2024-06-02 00:00,12,2,10,0,0,0
2024-06-02 00:15,14,5,9,0,0,0
2024-06-02 00:30,7,5,2,0,0,0
2024-06-02 00:45,5,0,5,0,0,0
2024-06-02 01:00,3,3,0,0,0,0
2024-06-02 01:15,4,1,3,0,0,0
2024-06-02 01:30,12,10,2,0,0,0
2024-06-02 01:45,3,0,3,0,0,0
2024-06-02 02:00,9,2,7,0,0,0
2024-06-02 02:15,4,2,2,0,0,0
2024-06-02 02:30,5,2,3,0,0,0
2024-06-02 02:45,4,0,4,0,0,0
2024-06-02 03:00,4,0,4,0,0,0
2024-06-02 03:15,3,3,0,0,0,0
2024-06-02 03:30,0,0,0,0,0,0
2024-06-02 03:45,0,0,0,0,0,0
2024-06-02 04:00,0,0,0,0,0,0
2024-06-02 04:15,2,0,2,0,0,0
2024-06-02 04:30,3,0,3,0,0,0
2024-06-02 04:45,4,1,3,0,0,0
2024-06-02 05:00,2,0,2,0,0,0
2024-06-02 05:15,0,0,0,0,0,0
2024-06-02 05:30,2,1,1,0,0,0
2024-06-02 05:45,2,1,1,0,0,0
2024-06-02 06:00,5,2,3,0,0,0
2024-06-02 06:15,1,1,0,0,0,0
2024-06-02 06:30,0,0,0,0,0,0
2024-06-02 06:45,2,1,1,0,0,0
2024-06-02 07:00,3,3,0,0,0,0
2024-06-02 07:15,2,1,1,0,0,0
2024-06-02 07:30,3,2,1,0,0,0
2024-06-02 07:45,3,0,3,0,0,0
2024-06-02 08:00,2,1,1,0,0,0
2024-06-02 08:15,2,2,0,0,0,0
2024-06-02 08:30,5,1,4,0,0,0
2024-06-02 08:45,8,7,1,0,0,0
2024-06-02 09:00,11,8,3,0,0,0
2024-06-02 09:15,4,2,2,0,0,0
2024-06-02 09:30,11,10,1,0,0,0
2024-06-02 09:45,20,10,10,0,0,0
2024-06-02 10:00,18,13,5,0,0,0
2024-06-02 10:15,10,6,4,0,0,0
2024-06-02 10:30,14,6,8,0,0,0
2024-06-02 10:45,13,8,5,0,0,0
2024-06-02 11:00,17,10,7,0,0,0
2024-06-02 11:15,15,7,8,0,0,0
2024-06-02 11:30,26,13,13,0,0,0
2024-06-02 11:45,18,7,11,0,0,0
2024-06-02 12:00,29,11,18,0,0,0
2024-06-02 12:15,31,9,22,0,0,0
2024-06-02 12:30,22,13,9,0,0,0
2024-06-02 12:45,15,7,8,0,0,0
2024-06-02 13:00,28,16,12,0,0,0
2024-06-02 13:15,27,14,13,0,0,0
2024-06-02 13:30,16,8,8,0,0,0
2024-06-02 13:45,48,31,17,0,0,0
2024-06-02 14:00,24,13,11,0,0,0
2024-06-02 14:15,21,14,7,0,0,0
2024-06-02 14:30,29,15,14,0,0,0
2024-06-02 14:45,33,20,13,0,0,0
2024-06-02 15:00,25,13,12,0,0,0
2024-06-02 15:15,26,9,17,0,0,0
2024-06-02 15:30,22,10,12,0,0,0
2024-06-02 15:45,24,12,12,0,0,0
2024-06-02 16:00,17,8,9,0,0,0
2024-06-02 16:15,22,12,10,0,0,0
2024-06-02 16:30,35,18,17,0,0,0
2024-06-02 16:45,28,14,14,0,0,0
2024-06-02 17:00,40,17,23,0,0,0
2024-06-02 17:15,35,16,19,0,0,0
2024-06-02 17:30,34,21,13,0,0,0
2024-06-02 17:45,28,16,12,0,0,0
2024-06-02 18:00,27,14,13,0,0,0
2024-06-02 18:15,41,21,20,0,0,0
2024-06-02 18:30,25,13,12,0,0,0
2024-06-02 18:45,20,13,7,0,0,0
2024-06-02 19:00,23,12,11,0,0,0
2024-06-02 19:15,16,5,11,0,0,0
2024-06-02 19:30,20,10,10,0,0,0
2024-06-02 19:45,23,13,10,0,0,0
2024-06-02 20:00,20,8,12,0,0,0
2024-06-02 20:15,13,8,5,0,0,0
2024-06-02 20:30,24,10,14,0,0,0
2024-06-02 20:45,21,5,16,0,0,0
2024-06-02 21:00,15,4,11,0,0,0
2024-06-02 21:15,12,6,6,0,0,0
2024-06-02 21:30,15,8,7,0,0,0
2024-06-02 21:45,11,5,6,0,0,0
2024-06-02 22:00,8,5,3,0,0,0
2024-06-02 22:15,7,4,3,0,0,0
2024-06-02 22:30,13,2,11,0,0,0
2024-06-02 22:45,5,1,4,0,0,0
2024-06-02 23:00,3,1,2,0,0,0
2024-06-02 23:15,6,1,5,0,0,0
2024-06-02 23:30,0,0,0,0,0,0
2024-06-02 23:45,1,1,0,0,0,0
2024-06-03 00:00,1,0,1,0,0,0
2024-06-03 00:15,0,0,0,0,0,0
2024-06-03 00:30,2,0,2,0,0,0
2024-06-03 00:45,0,0,0,0,0,0
2024-06-03 01:00,0,0,0,0,0,0
2024-06-03 01:15,1,0,1,0,0,0
2024-06-03 01:30,0,0,0,0,0,0
2024-06-03 01:45,2,1,1,0,0,0
2024-06-03 02:00,1,0,1,0,0,0
2024-06-03 02:15,1,0,1,0,0,0
2024-06-03 02:30,0,0,0,0,0,0
2024-06-03 02:45,0,0,0,0,0,0
2024-06-03 03:00,0,0,0,0,0,0
2024-06-03 03:15,0,0,0,0,0,0
2024-06-03 03:30,0,0,0,0,0,0
2024-06-03 03:45,2,2,0,0,0,0
2024-06-03 04:00,1,1,0,0,0,0
2024-06-03 04:15,5,3,2,0,0,0
2024-06-03 04:30,3,3,0,0,0,0
2024-06-03 04:45,2,0,2,0,0,0
2024-06-03 05:00,3,0,3,0,0,0
2024-06-03 05:15,6,3,3,0,0,0
2024-06-03 05:30,7,5,2,0,0,0
2024-06-03 05:45,13,7,6,0,0,0
2024-06-03 06:00,15,7,8,0,0,0
2024-06-03 06:15,31,11,20,0,0,0
2024-06-03 06:30,40,15,25,0,0,0
2024-06-03 06:45,39,23,16,0,0,0
2024-06-03 07:00,54,30,24,0,0,0
2024-06-03 07:15,71,54,17,0,0,0
2024-06-03 07:30,138,112,26,0,0,0
2024-06-03 07:45,110,80,30,0,0,0
2024-06-03 08:00,92,60,32,0,0,0
2024-06-03 08:15,61,41,20,0,0,0
2024-06-03 08:30,69,54,15,0,0,0
2024-06-03 08:45,52,38,14,0,0,0
2024-06-03 09:00,43,26,17,0,0,0
2024-06-03 09:15,40,30,10,0,0,0
2024-06-03 09:30,38,27,11,0,0,0
2024-06-03 09:45,60,41,19,0,0,0
2024-06-03 10:00,41,29,12,0,0,0
2024-06-03 10:15,29,21,8,0,0,0
2024-06-03 10:30,48,33,15,0,0,0
2024-06-03 10:45,41,20,21,0,0,0
2024-06-03 11:00,41,24,17,0,0,0
2024-06-03 11:15,30,20,10,0,0,0
2024-06-03 11:30,40,23,17,0,0,0
2024-06-03 11:45,49,37,12,0,0,0
2024-06-03 12:00,57,33,24,0,0,0
2024-06-03 12:15,53,24,29,0,0,0
2024-06-03 12:30,49,23,26,0,0,0
2024-06-03 12:45,60,31,29,0,0,0
2024-06-03 13:00,66,33,33,0,0,0
2024-06-03 13:15,56,28,28,0,0,0
2024-06-03 13:30,53,22,31,0,0,0
2024-06-03 13:45,57,30,27,0,0,0
2024-06-03 14:00,75,34,41,0,0,0
2024-06-03 14:15,52,29,23,0,0,0
2024-06-03 14:30,68,37,31,0,0,0
2024-06-03 14:45,71,36,35,0,0,0
2024-06-03 15:00,65,32,33,0,0,0
2024-06-03 15:15,64,43,21,0,0,0
2024-06-03 15:30,89,57,32,0,0,0
2024-06-03 15:45,103,59,44,0,0,0
2024-06-03 16:00,83,51,32,0,0,0
2024-06-03 16:15,91,49,42,0,0,0
2024-06-03 16:30,96,55,41,0,0,0
2024-06-03 16:45,77,44,33,0,0,0
2024-06-03 17:00,87,41,46,0,0,0
2024-06-03 17:15,78,41,37,0,0,0
2024-06-03 17:30,90,39,51,0,0,0
2024-06-03 17:45,67,27,40,0,0,0
2024-06-03 18:00,76,37,39,0,0,0
2024-06-03 18:15,65,24,41,0,0,0
2024-06-03 18:30,51,22,29,0,0,0
2024-06-03 18:45,48,20,28,0,0,0
2024-06-03 19:00,51,24,27,0,0,0
2024-06-03 19:15,57,26,31,0,0,0
2024-06-03 19:30,43,24,19,0,0,0
2024-06-03 19:45,38,17,21,0,0,0
2024-06-03 20:00,41,13,28,0,0,0
2024-06-03 20:15,37,13,24,0,0,0
2024-06-03 20:30,23,7,16,0,0,0
2024-06-03 20:45,20,7,13,0,0,0
2024-06-03 21:00,19,10,9,0,0,0
2024-06-03 21:15,19,10,9,0,0,0
2024-06-03 21:30,13,7,6,0,0,0
2024-06-03 21:45,22,8,14,0,0,0
2024-06-03 22:00,31,12,19,0,0,0
2024-06-03 22:15,30,25,5,0,0,0
2024-06-03 22:30,10,2,8,0,0,0
2024-06-03 22:45,6,4,2,0,0,0
2024-06-03 23:00,8,3,5,0,0,0
2024-06-03 23:15,5,2,3,0,0,0
2024-06-03 23:30,3,2,1,0,0,0
2024-06-03 23:45,1,1,0,0,0,0
2024-06-04 00:00,3,0,3,0,0,0
2024-06-04 00:15,2,2,0,0,0,0
2024-06-04 00:30,2,1,1,0,0,0
2024-06-04 00:45,0,0,0,0,0,0
2024-06-04 01:00,0,0,0,0,0,0
2024-06-04 01:15,1,0,1,0,0,0
2024-06-04 01:30,1,0,1,0,0,0
2024-06-04 01:45,0,0,0,0,0,0
2024-06-04 02:00,1,1,0,0,0,0
2024-06-04 02:15,2,0,2,0,0,0
2024-06-04 02:30,1,1,0,0,0,0
2024-06-04 02:45,0,0,0,0,0,0
2024-06-04 03:00,2,0,2,0,0,0
2024-06-04 03:15,0,0,0,0,0,0
2024-06-04 03:30,0,0,0,0,0,0
2024-06-04 03:45,1,0,1,0,0,0
2024-06-04 04:00,2,2,0,0,0,0
2024-06-04 04:15,2,1,1,0,0,0
2024-06-04 04:30,2,1,1,0,0,0
2024-06-04 04:45,4,2,2,0,0,0
2024-06-04 05:00,3,1,2,0,0,0
2024-06-04 05:15,6,1,5,0,0,0
2024-06-04 05:30,13,7,6,0,0,0
2024-06-04 05:45,18,7,11,0,0,0
2024-06-04 06:00,22,10,12,0,0,0
2024-06-04 06:15,31,15,16,0,0,0
2024-06-04 06:30,31,14,17,0,0,0
2024-06-04 06:45,48,23,25,0,0,0
2024-06-04 07:00,56,33,23,0,0,0
2024-06-04 07:15,83,50,33,0,0,0
2024-06-04 07:30,156,121,35,0,0,0
2024-06-04 07:45,111,74,37,0,0,0
2024-06-04 08:00,89,61,28,0,0,0
2024-06-04 08:15,68,42,26,0,0,0
2024-06-04 08:30,68,52,16,0,0,0
2024-06-04 08:45,62,44,18,0,0,0
2024-06-04 09:00,50,40,10,0,0,0
2024-06-04 09:15,53,40,13,0,0,0
2024-06-04 09:30,50,37,13,0,0,0
2024-06-04 09:45,57,44,13,0,0,0
2024-06-04 10:00,31,22,9,0,0,0
2024-06-04 10:15,33,16,17,0,0,0
2024-06-04 10:30,33,17,16,0,0,0
2024-06-04 10:45,32,17,15,0,0,0
2024-06-04 11:00,38,22,16,0,0,0
2024-06-04 11:15,24,14,10,0,0,0
2024-06-04 11:30,42,24,18,0,0,0
2024-06-04 11:45,48,31,17,0,0,0
2024-06-04 12:00,40,23,17,0,0,0
2024-06-04 12:15,64,28,36,0,0,0
2024-06-04 12:30,45,25,20,0,0,0
2024-06-04 12:45,41,24,17,0,0,0
2024-06-04 13:00,70,26,44,0,0,0
2024-06-04 13:15,80,31,49,0,0,0
2024-06-04 13:30,50,24,26,0,0,0
2024-06-04 13:45,68,39,29,0,0,0
2024-06-04 14:00,63,28,35,0,0,0
2024-06-04 14:15,64,32,32,0,0,0
2024-06-04 14:30,48,28,20,0,0,0
2024-06-04 14:45,98,65,33,0,0,0
2024-06-04 15:00,78,53,25,0,0,0
2024-06-04 15:15,72,42,30,0,0,0
2024-06-04 15:30,96,70,26,0,0,0
2024-06-04 15:45,74,38,36,0,0,0
2024-06-04 16:00,85,51,34,0,0,0
2024-06-04 16:15,88,54,34,0,0,0
2024-06-04 16:30,95,45,50,0,0,0
2024-06-04 16:45,91,55,36,0,0,0
2024-06-04 17:00,97,53,44,0,0,0
2024-06-04 17:15,81,40,41,0,0,0
2024-06-04 17:30,76,32,44,0,0,0
2024-06-04 17:45,95,50,45,0,0,0
2024-06-04 18:00,98,43,55,0,0,0
2024-06-04 18:15,101,54,47,0,0,0
2024-06-04 18:30,59,27,32,0,0,0
2024-06-04 18:45,66,34,32,0,0,0
2024-06-04 19:00,57,34,23,0,0,0
2024-06-04 19:15,52,21,31,0,0,0
2024-06-04 19:30,64,30,34,0,0,0
2024-06-04 19:45,50,28,22,0,0,0
2024-06-04 20:00,36,14,22,0,0,0
2024-06-04 20:15,38,16,22,0,0,0
2024-06-04 20:30,19,6,13,0,0,0
2024-06-04 20:45,19,10,9,0,0,0
2024-06-04 21:00,26,15,11,0,0,0
2024-06-04 21:15,21,9,12,0,0,0
2024-06-04 21:30,34,12,22,0,0,0
2024-06-04 21:45,22,6,16,0,0,0
2024-06-04 22:00,23,6,17,0,0,0
2024-06-04 22:15,20,10,10,0,0,0
2024-06-04 22:30,14,6,8,0,0,0
2024-06-04 22:45,9,1,8,0,0,0
2024-06-04 23:00,14,3,11,0,0,0
2024-06-04 23:15,8,1,7,0,0,0
2024-06-04 23:30,5,3,2,0,0,0
2024-06-04 23:45,8,1,7,0,0,0
2024-06-05 00:00,7,2,5,0,0,0
2024-06-05 00:15,6,2,4,0,0,0
2024-06-05 00:30,0,0,0,0,0,0
2024-06-05 00:45,1,1,0,0,0,0
2024-06-05 01:00,2,0,2,0,0,0
2024-06-05 01:15,1,0,1,0,0,0
2024-06-05 01:30,0,0,0,0,0,0
2024-06-05 01:45,1,1,0,0,0,0
2024-06-05 02:00,2,0,2,0,0,0
2024-06-05 02:15,0,0,0,0,0,0
2024-06-05 02:30,1,0,1,0,0,0
2024-06-05 02:45,0,0,0,0,0,0
2024-06-05 03:00,0,0,0,0,0,0
2024-06-05 03:15,1,0,1,0,0,0
2024-06-05 03:30,0,0,0,0,0,0
2024-06-05 03:45,1,0,1,0,0,0
2024-06-05 04:00,2,1,1,0,0,0
2024-06-05 04:15,3,3,0,0,0,0
2024-06-05 04:30,3,2,1,0,0,0
2024-06-05 04:45,2,1,1,0,0,0
2024-06-05 05:00,3,0,3,0,0,0
2024-06-05 05:15,3,2,1,0,0,0
2024-06-05 05:30,7,3,4,0,0,0
2024-06-05 05:45,10,8,2,0,0,0
2024-06-05 06:00,16,8,8,0,0,0
2024-06-05 06:15,24,9,15,0,0,0
2024-06-05 06:30,37,14,23,0,0,0
2024-06-05 06:45,35,21,14,0,0,0
2024-06-05 07:00,46,27,19,0,0,0
2024-06-05 07:15,66,43,23,0,0,0
2024-06-05 07:30,135,103,32,0,0,0
2024-06-05 07:45,100,65,35,0,0,0
2024-06-05 08:00,83,61,22,0,0,0
2024-06-05 08:15,65,51,14,0,0,0
2024-06-05 08:30,63,42,21,0,0,0
2024-06-05 08:45,67,48,19,0,0,0
2024-06-05 09:00,41,29,12,0,0,0
2024-06-05 09:15,47,31,16,0,0,0
2024-06-05 09:30,39,30,9,0,0,0
2024-06-05 09:45,61,42,19,0,0,0
2024-06-05 10:00,60,43,17,0,0,0
2024-06-05 10:15,42,28,14,0,0,0
2024-06-05 10:30,34,27,7,0,0,0
2024-06-05 10:45,35,21,14,0,0,0
2024-06-05 11:00,43,24,19,0,0,0
2024-06-05 11:15,39,25,14,0,0,0
2024-06-05 11:30,39,24,15,0,0,0
2024-06-05 11:45,73,49,24,0,0,0
2024-06-05 12:00,67,29,38,0,0,0
2024-06-05 12:15,61,32,29,0,0,0
2024-06-05 12:30,54,30,24,0,0,0
2024-06-05 12:45,57,25,32,0,0,0
2024-06-05 13:00,75,30,45,0,0,0
2024-06-05 13:15,66,31,35,0,0,0
2024-06-05 13:30,61,27,34,0,0,0
2024-06-05 13:45,63,31,32,0,0,0
2024-06-05 14:00,68,26,42,0,0,0
2024-06-05 14:15,60,38,22,0,0,0
2024-06-05 14:30,61,32,29,0,0,0
2024-06-05 14:45,69,39,30,0,0,0
2024-06-05 15:00,75,46,29,0,0,0
2024-06-05 15:15,76,56,20,0,0,0
2024-06-05 15:30,103,62,41,0,0,0
2024-06-05 15:45,72,37,35,0,0,0
2024-06-05 16:00,98,48,50,0,0,0
2024-06-05 16:15,90,58,32,0,0,0
2024-06-05 16:30,61,31,30,0,0,0
2024-06-05 16:45,79,46,33,0,0,0
2024-06-05 17:00,81,41,40,0,0,0
2024-06-05 17:15,105,61,44,0,0,0
2024-06-05 17:30,86,56,30,0,0,0
2024-06-05 17:45,77,46,31,0,0,0
2024-06-05 18:00,82,35,47,0,0,0
2024-06-05 18:15,58,32,26,0,0,0
2024-06-05 18:30,49,28,21,0,0,0
2024-06-05 18:45,79,44,35,0,0,0
2024-06-05 19:00,76,35,41,0,0,0
2024-06-05 19:15,42,19,23,0,0,0
2024-06-05 19:30,46,24,22,0,0,0
2024-06-05 19:45,47,24,23,0,0,0
2024-06-05 20:00,30,9,21,0,0,0
2024-06-05 20:15,31,10,21,0,0,0
2024-06-05 20:30,25,8,17,0,0,0
2024-06-05 20:45,28,10,18,0,0,0
2024-06-05 21:00,35,15,20,0,0,0
2024-06-05 21:15,22,7,15,0,0,0
2024-06-05 21:30,17,6,11,0,0,0
2024-06-05 21:45,23,12,11,0,0,0
2024-06-05 22:00,18,9,9,0,0,0
2024-06-05 22:15,26,8,18,0,0,0
2024-06-05 22:30,13,3,10,0,0,0
2024-06-05 22:45,25,9,16,0,0,0
2024-06-05 23:00,13,4,9,0,0,0
2024-06-05 23:15,12,4,8,0,0,0
2024-06-05 23:30,7,2,5,0,0,0
2024-06-05 23:45,10,8,2,0,0,0
2024-06-06 00:00,7,0,7,0,0,0
2024-06-06 00:15,7,2,5,0,0,0
2024-06-06 00:30,4,1,3,0,0,0
2024-06-06 00:45,1,0,1,0,0,0
2024-06-06 01:00,3,0,3,0,0,0
2024-06-06 01:15,3,0,3,0,0,0
2024-06-06 01:30,3,1,2,0,0,0
2024-06-06 01:45,2,0,2,0,0,0
2024-06-06 02:00,1,1,0,0,0,0
2024-06-06 02:15,0,0,0,0,0,0
2024-06-06 02:30,2,0,2,0,0,0
2024-06-06 02:45,1,0,1,0,0,0
2024-06-06 03:00,5,0,5,0,0,0
2024-06-06 03:15,1,0,1,0,0,0
2024-06-06 03:30,1,0,1,0,0,0
2024-06-06 03:45,2,0,2,0,0,0
2024-06-06 04:00,1,0,1,0,0,0
2024-06-06 04:15,6,3,3,0,0,0
2024-06-06 04:30,1,1,0,0,0,0
2024-06-06 04:45,4,1,3,0,0,0
2024-06-06 05:00,5,0,5,0,0,0
2024-06-06 05:15,4,1,3,0,0,0
2024-06-06 05:30,9,6,3,0,0,0
2024-06-06 05:45,15,7,8,0,0,0
2024-06-06 06:00,15,6,9,0,0,0
2024-06-06 06:15,31,16,15,0,0,0
2024-06-06 06:30,35,19,16,0,0,0
2024-06-06 06:45,40,18,22,0,0,0
2024-06-06 07:00,57,35,22,0,0,0
2024-06-06 07:15,83,48,35,0,0,0
2024-06-06 07:30,134,97,37,0,0,0
2024-06-06 07:45,102,73,29,0,0,0
2024-06-06 08:00,90,59,31,0,0,0
2024-06-06 08:15,54,39,15,0,0,0
2024-06-06 08:30,68,45,23,0,0,0
2024-06-06 08:45,64,45,19,0,0,0
2024-06-06 09:00,35,26,9,0,0,0
2024-06-06 09:15,41,33,8,0,0,0
2024-06-06 09:30,44,32,12,0,0,0
2024-06-06 09:45,55,43,12,0,0,0
2024-06-06 10:00,45,29,16,0,0,0
2024-06-06 10:15,32,22,10,0,0,0
2024-06-06 10:30,28,20,8,0,0,0
2024-06-06 10:45,57,39,18,0,0,0
2024-06-06 11:00,39,19,20,0,0,0
2024-06-06 11:15,30,15,15,0,0,0
2024-06-06 11:30,43,24,19,0,0,0
2024-06-06 11:45,45,24,21,0,0,0
2024-06-06 12:00,40,24,16,0,0,0
2024-06-06 12:15,50,24,26,0,0,0
2024-06-06 12:30,63,31,32,0,0,0
2024-06-06 12:45,50,28,22,0,0,0
2024-06-06 13:00,85,33,52,0,0,0
2024-06-06 13:15,59,26,33,0,0,0
2024-06-06 13:30,48,28,20,0,0,0
2024-06-06 13:45,73,45,28,0,0,0
2024-06-06 14:00,59,30,29,0,0,0
2024-06-06 14:15,56,26,30,0,0,0
2024-06-06 14:30,68,36,32,0,0,0
2024-06-06 14:45,91,58,33,0,0,0
2024-06-06 15:00,62,42,20,0,0,0
2024-06-06 15:15,86,60,26,0,0,0
2024-06-06 15:30,74,56,18,0,0,0
2024-06-06 15:45,97,54,43,0,0,0
2024-06-06 16:00,83,49,34,0,0,0
2024-06-06 16:15,101,73,28,0,0,0
2024-06-06 16:30,69,36,33,0,0,0
2024-06-06 16:45,107,66,41,0,0,0
2024-06-06 17:00,85,49,36,0,0,0
2024-06-06 17:15,76,50,26,0,0,0
2024-06-06 17:30,91,39,52,0,0,0
2024-06-06 17:45,99,54,45,0,0,0
2024-06-06 18:00,83,43,40,0,0,0
2024-06-06 18:15,68,36,32,0,0,0
2024-06-06 18:30,65,27,38,0,0,0
2024-06-06 18:45,64,38,26,0,0,0
2024-06-06 19:00,46,19,27,0,0,0
2024-06-06 19:15,45,22,23,0,0,0
2024-06-06 19:30,47,23,24,0,0,0
2024-06-06 19:45,37,19,18,0,0,0
2024-06-06 20:00,38,15,23,0,0,0
2024-06-06 20:15,46,25,21,0,0,0
2024-06-06 20:30,22,9,13,0,0,0
2024-06-06 20:45,41,13,28,0,0,0
2024-06-06 21:00,25,10,15,0,0,0
2024-06-06 21:15,19,10,9,0,0,0
2024-06-06 21:30,21,6,15,0,0,0
2024-06-06 21:45,31,9,22,0,0,0
2024-06-06 22:00,16,6,10,0,0,0
2024-06-06 22:15,29,12,17,0,0,0
2024-06-06 22:30,17,4,13,0,0,0
2024-06-06 22:45,9,3,6,0,0,0
2024-06-06 23:00,12,4,8,0,0,0
2024-06-06 23:15,7,2,5,0,0,0
2024-06-06 23:30,5,4,1,0,0,0
2024-06-06 23:45,8,1,7,0,0,0
2024-06-07 00:00,9,3,6,0,0,0
2024-06-07 00:15,4,1,3,0,0,0
2024-06-07 00:30,3,0,3,0,0,0
2024-06-07 00:45,3,0,3,0,0,0
2024-06-07 01:00,1,0,1,0,0,0
2024-06-07 01:15,2,0,2,0,0,0
2024-06-07 01:30,1,0,1,0,0,0
2024-06-07 01:45,1,0,1,0,0,0
2024-06-07 02:00,2,0,2,0,0,0
2024-06-07 02:15,3,1,2,0,0,0
2024-06-07 02:30,1,0,1,0,0,0
2024-06-07 02:45,1,0,1,0,0,0
2024-06-07 03:00,1,0,1,0,0,0
2024-06-07 03:15,0,0,0,0,0,0
2024-06-07 03:30,0,0,0,0,0,0
2024-06-07 03:45,1,0,1,0,0,0
2024-06-07 04:00,2,2,0,0,0,0
2024-06-07 04:15,2,2,0,0,0,0
2024-06-07 04:30,3,1,2,0,0,0
2024-06-07 04:45,1,0,1,0,0,0
2024-06-07 05:00,3,0,3,0,0,0
2024-06-07 05:15,3,0,3,0,0,0
2024-06-07 05:30,10,8,2,0,0,0
2024-06-07 05:45,10,9,1,0,0,0
2024-06-07 06:00,14,7,7,0,0,0
2024-06-07 06:15,24,8,16,0,0,0
2024-06-07 06:30,32,22,10,0,0,0
2024-06-07 06:45,37,19,18,0,0,0
2024-06-07 07:00,48,31,17,0,0,0
2024-06-07 07:15,70,47,23,0,0,0
2024-06-07 07:30,135,106,29,0,0,0
2024-06-07 07:45,86,54,32,0,0,0
2024-06-07 08:00,70,52,18,0,0,0
2024-06-07 08:15,56,39,17,0,0,0
2024-06-07 08:30,62,40,22,0,0,0
2024-06-07 08:45,65,43,22,0,0,0
2024-06-07 09:00,43,31,12,0,0,0
2024-06-07 09:15,43,30,13,0,0,0
2024-06-07 09:30,35,27,8,0,0,0
2024-06-07 09:45,52,37,15,0,0,0
2024-06-07 10:00,38,27,11,0,0,0
2024-06-07 10:15,35,25,10,0,0,0
2024-06-07 10:30,32,20,12,0,0,0
2024-06-07 10:45,36,19,17,0,0,0
2024-06-07 11:00,43,30,13,0,0,0
2024-06-07 11:15,74,34,40,0,0,0
2024-06-07 11:30,42,25,17,0,0,0
2024-06-07 11:45,42,25,17,0,0,0
2024-06-07 12:00,56,31,25,0,0,0
2024-06-07 12:15,46,26,20,0,0,0
2024-06-07 12:30,55,28,27,0,0,0
2024-06-07 12:45,64,29,35,0,0,0
2024-06-07 13:00,79,36,43,0,0,0
2024-06-07 13:15,66,25,41,0,0,0
2024-06-07 13:30,49,27,22,0,0,0
2024-06-07 13:45,68,33,35,0,0,0
2024-06-07 14:00,84,49,35,0,0,0
2024-06-07 14:15,78,45,33,0,0,0
2024-06-07 14:30,64,34,30,0,0,0
2024-06-07 14:45,83,47,36,0,0,0
2024-06-07 15:00,66,37,29,0,0,0
2024-06-07 15:15,60,31,29,0,0,0
2024-06-07 15:30,65,36,29,0,0,0
2024-06-07 15:45,80,45,35,0,0,0
2024-06-07 16:00,51,27,24,0,0,0
2024-06-07 16:15,70,38,32,0,0,0
2024-06-07 16:30,72,41,31,0,0,0
2024-06-07 16:45,61,32,29,0,0,0
2024-06-07 17:00,58,38,20,0,0,0
2024-06-07 17:15,50,25,25,0,0,0
2024-06-07 17:30,48,30,18,0,0,0
2024-06-07 17:45,54,32,22,0,0,0
2024-06-07 18:00,66,34,32,0,0,0
2024-06-07 18:15,67,40,27,0,0,0
2024-06-07 18:30,56,34,22,0,0,0
2024-06-07 18:45,68,34,34,0,0,0
2024-06-07 19:00,61,38,23,0,0,0
2024-06-07 19:15,37,24,13,0,0,0
2024-06-07 19:30,60,39,21,0,0,0
2024-06-07 19:45,50,25,25,0,0,0
2024-06-07 20:00,39,21,18,0,0,0
2024-06-07 20:15,54,28,26,0,0,0
2024-06-07 20:30,35,21,14,0,0,0
2024-06-07 20:45,30,23,7,0,0,0
2024-06-07 21:00,30,14,16,0,0,0
2024-06-07 21:15,30,20,10,0,0,0
2024-06-07 21:30,26,8,18,0,0,0
2024-06-07 21:45,25,11,14,0,0,0
2024-06-07 22:00,32,8,24,0,0,0
2024-06-07 22:15,17,5,12,0,0,0
2024-06-07 22:30,29,11,18,0,0,0
2024-06-07 22:45,20,4,16,0,0,0
2024-06-07 23:00,35,13,22,0,0,0
2024-06-07 23:15,25,9,16,0,0,0
2024-06-07 23:30,27,6,21,0,0,0
2024-06-07 23:45,15,2,13,0,0,0
2024-06-08 00:00,14,0,14,0,0,0
2024-06-08 00:15,14,1,13,0,0,0
2024-06-08 00:30,27,7,20,0,0,0
2024-06-08 00:45,18,5,13,0,0,0
2024-06-08 01:00,6,2,4,0,0,0
2024-06-08 01:15,6,3,3,0,0,0
2024-06-08 01:30,7,0,7,0,0,0
2024-06-08 01:45,16,6,10,0,0,0
2024-06-08 02:00,6,1,5,0,0,0
2024-06-08 02:15,10,1,9,0,0,0
2024-06-08 02:30,3,1,2,0,0,0
2024-06-08 02:45,8,3,5,0,0,0
2024-06-08 03:00,6,2,4,0,0,0
2024-06-08 03:15,2,1,1,0,0,0
2024-06-08 03:30,4,3,1,0,0,0
2024-06-08 03:45,1,1,0,0,0,0
2024-06-08 04:00,0,0,0,0,0,0
2024-06-08 04:15,2,2,0,0,0,0
2024-06-08 04:30,2,2,0,0,0,0
2024-06-08 04:45,3,1,2,0,0,0
2024-06-08 05:00,1,0,1,0,0,0
2024-06-08 05:15,2,1,1,0,0,0
2024-06-08 05:30,4,4,0,0,0,0
2024-06-08 05:45,6,4,2,0,0,0
2024-06-08 06:00,7,5,2,0,0,0
2024-06-08 06:15,6,2,4,0,0,0
2024-06-08 06:30,5,4,1,0,0,0
2024-06-08 06:45,7,6,1,0,0,0
2024-06-08 07:00,2,2,0,0,0,0
2024-06-08 07:15,9,6,3,0,0,0
2024-06-08 07:30,10,6,4,0,0,0
2024-06-08 07:45,17,13,4,0,0,0
2024-06-08 08:00,14,12,2,0,0,0
2024-06-08 08:15,13,11,2,0,0,0
2024-06-08 08:30,27,23,4,0,0,0
2024-06-08 08:45,30,20,10,0,0,0
2024-06-08 09:00,32,29,3,0,0,0
2024-06-08 09:15,29,17,12,0,0,0
2024-06-08 09:30,33,23,10,0,0,0
2024-06-08 09:45,53,38,15,0,0,0
2024-06-08 10:00,33,27,6,0,0,0
2024-06-08 10:15,51,37,14,0,0,0
2024-06-08 10:30,43,27,16,0,0,0
2024-06-08 10:45,47,29,18,0,0,0
2024-06-08 11:00,49,33,16,0,0,0
2024-06-08 11:15,49,34,15,0,0,0
2024-06-08 11:30,48,30,18,0,0,0
2024-06-08 11:45,55,30,25,0,0,0
2024-06-08 12:00,51,33,18,0,0,0
2024-06-08 12:15,52,35,17,0,0,0
2024-06-08 12:30,41,23,18,0,0,0
2024-06-08 12:45,54,25,29,0,0,0
2024-06-08 13:00,63,35,28,0,0,0
2024-06-08 13:15,50,24,26,0,0,0
2024-06-08 13:30,70,41,29,0,0,0
2024-06-08 13:45,62,33,29,0,0,0
2024-06-08 14:00,45,24,21,0,0,0
2024-06-08 14:15,68,34,34,0,0,0
2024-06-08 14:30,61,33,28,0,0,0
2024-06-08 14:45,60,35,25,0,0,0
2024-06-08 15:00,38,22,16,0,0,0
2024-06-08 15:15,65,32,33,0,0,0
2024-06-08 15:30,59,29,30,0,0,0
2024-06-08 15:45,69,46,23,0,0,0
2024-06-08 16:00,43,17,26,0,0,0
2024-06-08 16:15,72,40,32,0,0,0
2024-06-08 16:30,53,24,29,0,0,0
2024-06-08 16:45,49,23,26,0,0,0
2024-06-08 17:00,52,27,25,0,0,0
2024-06-08 17:15,56,33,23,0,0,0
2024-06-08 17:30,45,31,14,0,0,0
2024-06-08 17:45,52,36,16,0,0,0
2024-06-08 18:00,47,23,24,0,0,0
2024-06-08 18:15,45,25,20,0,0,0
2024-06-08 18:30,48,24,24,0,0,0
2024-06-08 18:45,42,25,17,0,0,0
2024-06-08 19:00,39,21,18,0,0,0
2024-06-08 19:15,34,17,17,0,0,0
2024-06-08 19:30,47,28,19,0,0,0
2024-06-08 19:45,39,25,14,0,0,0
2024-06-08 20:00,25,14,11,0,0,0
2024-06-08 20:15,33,16,17,0,0,0
2024-06-08 20:30,22,7,15,0,0,0
2024-06-08 20:45,24,12,12,0,0,0
2024-06-08 21:00,29,17,12,0,0,0
2024-06-08 21:15,20,16,4,0,0,0
2024-06-08 21:30,22,14,8,0,0,0
2024-06-08 21:45,10,3,7,0,0,0
2024-06-08 22:00,17,8,9,0,0,0
2024-06-08 22:15,35,6,29,0,0,0
2024-06-08 22:30,17,8,9,0,0,0
2024-06-08 22:45,17,3,14,0,0,0
2024-06-08 23:00,15,7,8,0,0,0
2024-06-08 23:15,22,8,14,0,0,0
2024-06-08 23:30,13,2,11,0,0,0
2024-06-08 23:45,11,1,10,0,0,0
2024-06-09 00:00,18,8,10,0,0,0
2024-06-09 00:15,14,6,8,0,0,0
2024-06-09 00:30,10,3,7,0,0,0
2024-06-09 00:45,6,3,3,0,0,0
2024-06-09 01:00,11,5,6,0,0,0
2024-06-09 01:15,6,0,6,0,0,0
2024-06-09 01:30,9,3,6,0,0,0
2024-06-09 01:45,8,3,5,0,0,0
2024-06-09 02:00,2,1,1,0,0,0
2024-06-09 02:15,5,2,3,0,0,0
2024-06-09 02:30,0,0,0,0,0,0
2024-06-09 02:45,6,1,5,0,0,0
2024-06-09 03:00,0,0,0,0,0,0
2024-06-09 03:15,5,0,5,0,0,0
2024-06-09 03:30,2,1,1,0,0,0
2024-06-09 03:45,0,0,0,0,0,0
2024-06-09 04:00,0,0,0,0,0,0
2024-06-09 04:15,0,0,0,0,0,0
2024-06-09 04:30,1,1,0,0,0,0
2024-06-09 04:45,0,0,0,0,0,0
2024-06-09 05:00,0,0,0,0,0,0
2024-06-09 05:15,1,1,0,0,0,0
2024-06-09 05:30,5,3,2,0,0,0
2024-06-09 05:45,1,1,0,0,0,0
2024-06-09 06:00,2,1,1,0,0,0
2024-06-09 06:15,2,1,1,0,0,0
2024-06-09 06:30,2,1,1,0,0,0
2024-06-09 06:45,1,0,1,0,0,0
2024-06-09 07:00,3,3,0,0,0,0
2024-06-09 07:15,3,2,1,0,0,0
2024-06-09 07:30,4,3,1,0,0,0
2024-06-09 07:45,9,6,3,0,0,0
2024-06-09 08:00,6,3,3,0,0,0
2024-06-09 08:15,6,3,3,0,0,0
2024-06-09 08:30,5,2,3,0,0,0
2024-06-09 08:45,4,3,1,0,0,0
2024-06-09 09:00,15,9,6,0,0,0
2024-06-09 09:15,4,3,1,0,0,0
2024-06-09 09:30,10,8,2,0,0,0
2024-06-09 09:45,27,16,11,0,0,0
2024-06-09 10:00,22,18,4,0,0,0
2024-06-09 10:15,26,22,4,0,0,0
2024-06-09 10:30,30,18,12,0,0,0
2024-06-09 10:45,33,19,14,0,0,0
2024-06-09 11:00,38,26,12,0,0,0
2024-06-09 11:15,22,10,12,0,0,0
2024-06-09 11:30,27,13,14,0,0,0
2024-06-09 11:45,29,16,13,0,0,0
2024-06-09 12:00,28,17,11,0,0,0
2024-06-09 12:15,24,11,13,0,0,0
2024-06-09 12:30,29,12,17,0,0,0
2024-06-09 12:45,34,20,14,0,0,0
2024-06-09 13:00,42,17,25,0,0,0
2024-06-09 13:15,45,27,18,0,0,0
2024-06-09 13:30,32,18,14,0,0,0
2024-06-09 13:45,48,26,22,0,0,0
2024-06-09 14:00,24,12,12,0,0,0
2024-06-09 14:15,40,15,25,0,0,0
2024-06-09 14:30,27,12,15,0,0,0
2024-06-09 14:45,32,20,12,0,0,0
2024-06-09 15:00,38,19,19,0,0,0
2024-06-09 15:15,35,14,21,0,0,0
2024-06-09 15:30,38,17,21,0,0,0
2024-06-09 15:45,40,29,11,0,0,0
2024-06-09 16:00,20,13,7,0,0,0
2024-06-09 16:15,31,14,17,0,0,0
2024-06-09 16:30,47,25,22,0,0,0
2024-06-09 16:45,41,24,17,0,0,0
2024-06-09 17:00,41,29,12,0,0,0
2024-06-09 17:15,46,25,21,0,0,0
2024-06-09 17:30,48,33,15,0,0,0
2024-06-09 17:45,56,30,26,0,0,0
2024-06-09 18:00,24,10,14,0,0,0
2024-06-09 18:15,39,8,31,0,0,0
2024-06-09 18:30,34,12,22,0,0,0
2024-06-09 18:45,36,12,24,0,0,0
2024-06-09 19:00,24,7,17,0,0,0
2024-06-09 19:15,34,20,14,0,0,0
2024-06-09 19:30,24,8,16,0,0,0
2024-06-09 19:45,18,10,8,0,0,0
2024-06-09 20:00,12,4,8,0,0,0
2024-06-09 20:15,24,10,14,0,0,0
2024-06-09 20:30,47,34,13,0,0,0
2024-06-09 20:45,14,5,9,0,0,0
2024-06-09 21:00,24,14,10,0,0,0
2024-06-09 21:15,11,6,5,0,0,0
2024-06-09 21:30,10,2,8,0,0,0
2024-06-09 21:45,17,7,10,0,0,0
2024-06-09 22:00,9,3,6,0,0,0
2024-06-09 22:15,11,2,9,0,0,0
2024-06-09 22:30,11,1,10,0,0,0
2024-06-09 22:45,7,1,6,0,0,0
2024-06-09 23:00,6,2,4,0,0,0
2024-06-09 23:15,8,3,5,0,0,0
2024-06-09 23:30,2,1,1,0,0,0
2024-06-09 23:45,2,0,2,0,0,0
2024-06-10 00:00,3,2,1,0,0,0
2024-06-10 00:15,0,0,0,0,0,0
2024-06-10 00:30,1,1,0,0,0,0
2024-06-10 00:45,0,0,0,0,0,0
2024-06-10 01:00,0,0,0,0,0,0
2024-06-10 01:15,0,0,0,0,0,0
2024-06-10 01:30,0,0,0,0,0,0
2024-06-10 01:45,0,0,0,0,0,0
2024-06-10 02:00,0,0,0,0,0,0
2024-06-10 02:15,0,0,0,0,0,0
2024-06-10 02:30,1,0,1,0,0,0
2024-06-10 02:45,0,0,0,0,0,0
2024-06-10 03:00,0,0,0,0,0,0
2024-06-10 03:15,0,0,0,0,0,0
2024-06-10 03:30,0,0,0,0,0,0
2024-06-10 03:45,0,0,0,0,0,0
2024-06-10 04:00,0,0,0,0,0,0
2024-06-10 04:15,1,1,0,0,0,0
2024-06-10 04:30,1,1,0,0,0,0
2024-06-10 04:45,4,2,2,0,0,0
2024-06-10 05:00,4,2,2,0,0,0
2024-06-10 05:15,6,4,2,0,0,0
2024-06-10 05:30,5,5,0,0,0,0
2024-06-10 05:45,5,3,2,0,0,0
2024-06-10 06:00,24,14,10,0,0,0
2024-06-10 06:15,24,8,16,0,0,0
2024-06-10 06:30,22,11,11,0,0,0
2024-06-10 06:45,35,17,18,0,0,0
2024-06-10 07:00,43,30,13,0,0,0
2024-06-10 07:15,57,37,20,0,0,0
2024-06-10 07:30,140,110,30,0,0,0
2024-06-10 07:45,93,62,31,0,0,0
2024-06-10 08:00,76,51,25,0,0,0
2024-06-10 08:15,46,25,21,0,0,0
2024-06-10 08:30,56,34,22,0,0,0
2024-06-10 08:45,50,33,17,0,0,0
2024-06-10 09:00,33,24,9,0,0,0
2024-06-10 09:15,27,17,10,0,0,0
2024-06-10 09:30,42,30,12,0,0,0
2024-06-10 09:45,31,21,10,0,0,0
2024-06-10 10:00,25,18,7,0,0,0
2024-06-10 10:15,27,19,8,0,0,0
2024-06-10 10:30,20,12,8,0,0,0
2024-06-10 10:45,20,13,7,0,0,0
2024-06-10 11:00,19,15,4,0,0,0
2024-06-10 11:15,21,17,4,0,0,0
2024-06-10 11:30,29,17,12,0,0,0
2024-06-10 11:45,34,25,9,0,0,0
2024-06-10 12:00,33,20,13,0,0,0
2024-06-10 12:15,32,21,11,0,0,0
2024-06-10 12:30,21,12,9,0,0,0
2024-06-10 12:45,40,19,21,0,0,0
2024-06-10 13:00,35,15,20,0,0,0
2024-06-10 13:15,29,9,20,0,0,0
2024-06-10 13:30,28,16,12,0,0,0
2024-06-10 13:45,38,20,18,0,0,0
2024-06-10 14:00,54,17,37,0,0,0
2024-06-10 14:15,41,17,24,0,0,0
2024-06-10 14:30,45,24,21,0,0,0
2024-06-10 14:45,40,21,19,0,0,0
2024-06-10 15:00,50,26,24,0,0,0
2024-06-10 15:15,48,25,23,0,0,0
2024-06-10 15:30,55,26,29,0,0,0
2024-06-10 15:45,70,39,31,0,0,0
2024-06-10 16:00,60,32,28,0,0,0
2024-06-10 16:15,65,38,27,0,0,0
2024-06-10 16:30,51,25,26,0,0,0
2024-06-10 16:45,58,28,30,0,0,0
2024-06-10 17:00,47,23,24,0,0,0
2024-06-10 17:15,57,34,23,0,0,0
2024-06-10 17:30,71,32,39,0,0,0
2024-06-10 17:45,55,31,24,0,0,0
2024-06-10 18:00,51,24,27,0,0,0
2024-06-10 18:15,57,21,36,0,0,0
2024-06-10 18:30,37,14,23,0,0,0
2024-06-10 18:45,42,15,27,0,0,0
2024-06-10 19:00,39,13,26,0,0,0
2024-06-10 19:15,28,18,10,0,0,0
2024-06-10 19:30,34,24,10,0,0,0
2024-06-10 19:45,27,11,16,0,0,0
2024-06-10 20:00,30,16,14,0,0,0
2024-06-10 20:15,16,6,10,0,0,0
2024-06-10 20:30,15,4,11,0,0,0
2024-06-10 20:45,11,2,9,0,0,0
2024-06-10 21:00,18,6,12,0,0,0
2024-06-10 21:15,15,6,9,0,0,0
2024-06-10 21:30,18,13,5,0,0,0
2024-06-10 21:45,18,9,9,0,0,0
2024-06-10 22:00,16,6,10,0,0,0
2024-06-10 22:15,17,3,14,0,0,0
2024-06-10 22:30,9,4,5,0,0,0
2024-06-10 22:45,7,3,4,0,0,0
2024-06-10 23:00,7,2,5,0,0,0
2024-06-10 23:15,2,1,1,0,0,0
2024-06-10 23:30,8,1,7,0,0,0
2024-06-10 23:45,1,0,1,0,0,0
2024-06-11 00:00,1,0,1,0,0,0
2024-06-11 00:15,1,0,1,0,0,0
2024-06-11 00:30,0,0,0,0,0,0
2024-06-11 00:45,1,1,0,0,0,0
2024-06-11 01:00,0,0,0,0,0,0
2024-06-11 01:15,1,0,1,0,0,0
2024-06-11 01:30,0,0,0,0,0,0
2024-06-11 01:45,0,0,0,0,0,0
2024-06-11 02:00,0,0,0,0,0,0
2024-06-11 02:15,2,0,2,0,0,0
2024-06-11 02:30,1,0,1,0,0,0
2024-06-11 02:45,0,0,0,0,0,0
2024-06-11 03:00,1,0,1,0,0,0
2024-06-11 03:15,1,0,1,0,0,0
2024-06-11 03:30,2,0,2,0,0,0
2024-06-11 03:45,1,1,0,0,0,0
2024-06-11 04:00,1,1,0,0,0,0
2024-06-11 04:15,1,1,0,0,0,0
2024-06-11 04:30,2,1,1,0,0,0
2024-06-11 04:45,5,3,2,0,0,0
2024-06-11 05:00,4,3,1,0,0,0
2024-06-11 05:15,4,2,2,0,0,0
2024-06-11 05:30,5,4,1,0,0,0
2024-06-11 05:45,10,5,5,0,0,0
2024-06-11 06:00,18,5,13,0,0,0
2024-06-11 06:15,26,17,9,0,0,0
2024-06-11 06:30,23,13,10,0,0,0
2024-06-11 06:45,50,30,20,0,0,0
2024-06-11 07:00,42,29,13,0,0,0
2024-06-11 07:15,73,48,25,0,0,0
2024-06-11 07:30,149,124,25,0,0,0
2024-06-11 07:45,111,69,42,0,0,0
2024-06-11 08:00,63,49,14,0,0,0
2024-06-11 08:15,71,48,23,0,0,0
2024-06-11 08:30,62,49,13,0,0,0
2024-06-11 08:45,70,53,17,0,0,0
2024-06-11 09:00,43,37,6,0,0,0
2024-06-11 09:15,48,34,14,0,0,0
2024-06-11 09:30,33,21,12,0,0,0
2024-06-11 09:45,50,29,21,0,0,0
2024-06-11 10:00,43,24,19,0,0,0
2024-06-11 10:15,35,26,9,0,0,0
2024-06-11 10:30,37,25,12,0,0,0
2024-06-11 10:45,33,15,18,0,0,0
2024-06-11 11:00,32,15,17,0,0,0
2024-06-11 11:15,26,12,14,0,0,0
2024-06-11 11:30,41,24,17,0,0,0
2024-06-11 11:45,52,34,18,0,0,0
2024-06-11 12:00,43,28,15,0,0,0
2024-06-11 12:15,44,23,21,0,0,0
2024-06-11 12:30,53,24,29,0,0,0
2024-06-11 12:45,38,24,14,0,0,0
2024-06-11 13:00,69,27,42,0,0,0
2024-06-11 13:15,66,26,40,0,0,0
2024-06-11 13:30,39,20,19,0,0,0
2024-06-11 13:45,72,38,34,0,0,0
2024-06-11 14:00,78,32,46,0,0,0
2024-06-11 14:15,50,32,18,0,0,0
2024-06-11 14:30,54,29,25,0,0,0
2024-06-11 14:45,53,33,20,0,0,0
2024-06-11 15:00,58,34,24,0,0,0
2024-06-11 15:15,65,36,29,0,0,0
2024-06-11 15:30,77,36,41,0,0,0
2024-06-11 15:45,75,34,41,0,0,0
2024-06-11 16:00,91,53,38,0,0,0
2024-06-11 16:15,79,41,38,0,0,0
2024-06-11 16:30,58,31,27,0,0,0
2024-06-11 16:45,56,24,32,0,0,0
2024-06-11 17:00,79,46,33,0,0,0
2024-06-11 17:15,78,43,35,0,0,0
2024-06-11 17:30,71,38,33,0,0,0
2024-06-11 17:45,85,54,31,0,0,0
2024-06-11 18:00,63,25,38,0,0,0
2024-06-11 18:15,67,37,30,0,0,0
2024-06-11 18:30,68,30,38,0,0,0
2024-06-11 18:45,66,32,34,0,0,0
2024-06-11 19:00,42,18,24,0,0,0
2024-06-11 19:15,42,22,20,0,0,0
2024-06-11 19:30,43,27,16,0,0,0
2024-06-11 19:45,42,22,20,0,0,0
2024-06-11 20:00,34,13,21,0,0,0
2024-06-11 20:15,26,11,15,0,0,0
2024-06-11 20:30,27,10,17,0,0,0
2024-06-11 20:45,16,6,10,0,0,0
2024-06-11 21:00,17,6,11,0,0,0
2024-06-11 21:15,29,15,14,0,0,0
2024-06-11 21:30,26,10,16,0,0,0
2024-06-11 21:45,17,7,10,0,0,0
2024-06-11 22:00,14,1,13,0,0,0
2024-06-11 22:15,19,3,16,0,0,0
2024-06-11 22:30,11,2,9,0,0,0
2024-06-11 22:45,7,3,4,0,0,0
2024-06-11 23:00,7,3,4,0,0,0
2024-06-11 23:15,7,4,3,0,0,0
2024-06-11 23:30,5,0,5,0,0,0
2024-06-11 23:45,1,1,0,0,0,0
2024-06-12 00:00,4,1,3,0,0,0
2024-06-12 00:15,1,0,1,0,0,0
2024-06-12 00:30,2,1,1,0,0,0
2024-06-12 00:45,0,0,0,0,0,0
2024-06-12 01:00,2,0,2,0,0,0
2024-06-12 01:15,0,0,0,0,0,0
2024-06-12 01:30,8,6,2,0,0,0
2024-06-12 01:45,2,2,0,0,0,0
2024-06-12 02:00,0,0,0,0,0,0
2024-06-12 02:15,1,0,1,0,0,0
2024-06-12 02:30,0,0,0,0,0,0
2024-06-12 02:45,0,0,0,0,0,0
2024-06-12 03:00,1,0,1,0,0,0
2024-06-12 03:15,0,0,0,0,0,0
2024-06-12 03:30,1,0,1,0,0,0
2024-06-12 03:45,0,0,0,0,0,0
2024-06-12 04:00,0,0,0,0,0,0
2024-06-12 04:15,3,3,0,0,0,0
2024-06-12 04:30,2,0,2,0,0,0
2024-06-12 04:45,2,2,0,0,0,0
2024-06-12 05:00,4,0,4,0,0,0
2024-06-12 05:15,3,2,1,0,0,0
2024-06-12 05:30,7,5,2,0,0,0
2024-06-12 05:45,8,5,3,0,0,0
2024-06-12 06:00,15,5,10,0,0,0
2024-06-12 06:15,33,17,16,0,0,0
2024-06-12 06:30,24,10,14,0,0,0
2024-06-12 06:45,35,22,13,0,0,0
2024-06-12 07:00,59,37,22,0,0,0
2024-06-12 07:15,67,41,26,0,0,0
2024-06-12 07:30,145,117,28,0,0,0
2024-06-12 07:45,108,71,37,0,0,0
2024-06-12 08:00,84,47,37,0,0,0
2024-06-12 08:15,62,40,22,0,0,0
2024-06-12 08:30,80,57,23,0,0,0
2024-06-12 08:45,50,32,18,0,0,0
2024-06-12 09:00,50,37,13,0,0,0
2024-06-12 09:15,47,32,15,0,0,0
2024-06-12 09:30,48,35,13,0,0,0
2024-06-12 09:45,57,44,13,0,0,0
2024-06-12 10:00,52,37,15,0,0,0
2024-06-12 10:15,47,28,19,0,0,0
2024-06-12 10:30,28,18,10,0,0,0
2024-06-12 10:45,50,33,17,0,0,0
2024-06-12 11:00,27,12,15,0,0,0
2024-06-12 11:15,52,21,31,0,0,0
2024-06-12 11:30,41,24,17,0,0,0
2024-06-12 11:45,62,34,28,0,0,0
2024-06-12 12:00,64,36,28,0,0,0
2024-06-12 12:15,37,20,17,0,0,0
2024-06-12 12:30,61,29,32,0,0,0
2024-06-12 12:45,53,22,31,0,0,0
2024-06-12 13:00,63,23,40,0,0,0
2024-06-12 13:15,61,24,37,0,0,0
2024-06-12 13:30,66,30,36,0,0,0
2024-06-12 13:45,46,19,27,0,0,0
2024-06-12 14:00,69,37,32,0,0,0
2024-06-12 14:15,64,29,35,0,0,0
2024-06-12 14:30,72,33,39,0,0,0
2024-06-12 14:45,51,25,26,0,0,0
2024-06-12 15:00,48,25,23,0,0,0
2024-06-12 15:15,62,48,14,0,0,0
2024-06-12 15:30,74,36,38,0,0,0
2024-06-12 15:45,80,52,28,0,0,0
2024-06-12 16:00,84,50,34,0,0,0
2024-06-12 16:15,84,47,37,0,0,0
2024-06-12 16:30,90,42,48,0,0,0
2024-06-12 16:45,75,42,33,0,0,0
2024-06-12 17:00,77,43,34,0,0,0
2024-06-12 17:15,82,40,42,0,0,0
2024-06-12 17:30,75,40,35,0,0,0
2024-06-12 17:45,92,46,46,0,0,0
2024-06-12 18:00,72,37,35,0,0,0
2024-06-12 18:15,84,41,43,0,0,0
2024-06-12 18:30,64,38,26,0,0,0
2024-06-12 18:45,64,34,30,0,0,0
2024-06-12 19:00,74,48,26,0,0,0
2024-06-12 19:15,63,39,24,0,0,0
2024-06-12 19:30,48,28,20,0,0,0
2024-06-12 19:45,52,26,26,0,0,0
2024-06-12 20:00,38,18,20,0,0,0
2024-06-12 20:15,38,13,25,0,0,0
2024-06-12 20:30,24,13,11,0,0,0
2024-06-12 20:45,24,13,11,0,0,0
2024-06-12 21:00,18,6,12,0,0,0
2024-06-12 21:15,29,15,14,0,0,0
2024-06-12 21:30,34,18,16,0,0,0
2024-06-12 21:45,29,15,14,0,0,0
2024-06-12 22:00,15,5,10,0,0,0
2024-06-12 22:15,10,3,7,0,0,0
2024-06-12 22:30,25,7,18,0,0,0
2024-06-12 22:45,17,4,13,0,0,0
2024-06-12 23:00,21,2,19,0,0,0
2024-06-12 23:15,8,1,7,0,0,0
2024-06-12 23:30,4,0,4,0,0,0
2024-06-12 23:45,5,1,4,0,0,0
