Datetime,300037925 (Goldstraße),353413828 (Goldstraße [Bike Stadteinwärts]),353413829 (Goldstraße [Bike Stadtauswärts]),300037925-status,353413828-status,353413829-status
2025-05-01 00:00,2,0,2,4,4,4
2025-05-01 00:15,2,1,1,4,4,4
2025-05-01 00:30,1,0,1,4,4,4
2025-05-01 00:45,1,1,0,4,4,4
2025-05-01 01:00,1,0,1,4,4,4
2025-05-01 01:15,1,0,1,4,4,4
2025-05-01 01:30,0,0,0,4,4,4
2025-05-01 01:45,0,0,0,4,4,4
2025-05-01 02:00,0,0,0,4,4,4
2025-05-01 02:15,0,0,0,4,4,4
2025-05-01 02:30,0,0,0,4,4,4
2025-05-01 02:45,0,0,0,4,4,4
2025-05-01 03:00,0,0,0,4,4,4
2025-05-01 03:15,0,0,0,4,4,4
2025-05-01 03:30,1,1,0,4,4,4
2025-05-01 03:45,0,0,0,4,4,4
2025-05-01 04:00,0,0,0,4,4,4
2025-05-01 04:15,0,0,0,4,4,4
2025-05-01 04:30,0,0,0,4,4,4
2025-05-01 04:45,1,1,0,4,4,4
2025-05-01 05:00,0,0,0,4,4,4
2025-05-01 05:15,3,3,0,4,4,4
2025-05-01 05:30,4,4,0,4,4,4
2025-05-01 05:45,3,3,0,4,4,4
2025-05-01 06:00,7,6,1,4,4,4
2025-05-01 06:15,6,6,0,4,4,4
2025-05-01 06:30,10,8,2,4,4,4
2025-05-01 06:45,17,14,3,4,4,4
2025-05-01 07:00,26,21,5,4,4,4
2025-05-01 07:15,37,31,6,4,4,4
2025-05-01 07:30,70,61,9,4,4,4
2025-05-01 07:45,53,42,11,4,4,4
2025-05-01 08:00,39,31,8,4,4,4
2025-05-01 08:15,35,28,7,4,4,4
2025-05-01 08:30,37,29,8,4,4,4
2025-05-01 08:45,36,28,8,4,4,4
2025-05-01 09:00,23,18,5,4,4,4
2025-05-01 09:15,24,18,6,4,4,4
2025-05-01 09:30,29,23,6,4,4,4
2025-05-01 09:45,28,20,8,4,4,4
2025-05-01 10:00,21,15,6,4,4,4
2025-05-01 10:15,18,13,5,4,4,4
2025-05-01 10:30,22,16,6,4,4,4
2025-05-01 10:45,22,15,7,4,4,4
2025-05-01 11:00,20,13,7,4,4,4
2025-05-01 11:15,25,15,10,4,4,4
2025-05-01 11:30,23,12,11,4,4,4
2025-05-01 11:45,26,16,10,4,4,4
2025-05-01 12:00,21,12,9,4,4,4
2025-05-01 12:15,20,10,10,4,4,4
2025-05-01 12:30,25,12,13,4,4,4
2025-05-01 12:45,26,11,15,4,4,4
2025-05-01 13:00,35,14,21,4,4,4
2025-05-01 13:15,29,12,17,4,4,4
2025-05-01 13:30,25,14,11,4,4,4
2025-05-01 13:45,30,17,13,4,4,4
2025-05-01 14:00,27,12,15,4,4,4
2025-05-01 14:15,29,13,16,4,4,4
2025-05-01 14:30,29,15,14,4,4,4
2025-05-01 14:45,35,20,15,4,4,4
2025-05-01 15:00,31,15,16,4,4,4
2025-05-01 15:15,35,20,15,4,4,4
2025-05-01 15:30,36,17,19,4,4,4
2025-05-01 15:45,38,20,18,4,4,4
2025-05-01 16:00,36,20,16,4,4,4
2025-05-01 16:15,35,19,16,4,4,4
2025-05-01 16:30,32,13,19,4,4,4
2025-05-01 16:45,30,13,17,4,4,4
2025-05-01 17:00,36,18,18,4,4,4
2025-05-01 17:15,32,14,18,4,4,4
2025-05-01 17:30,33,12,21,4,4,4
2025-05-01 17:45,39,21,18,4,4,4
2025-05-01 18:00,31,13,18,4,4,4
2025-05-01 18:15,32,14,18,4,4,4
2025-05-01 18:30,28,12,16,4,4,4
2025-05-01 18:45,26,13,13,4,4,4
2025-05-01 19:00,18,9,9,4,4,4
2025-05-01 19:15,20,10,10,4,4,4
2025-05-01 19:30,18,9,9,4,4,4
2025-05-01 19:45,18,8,10,4,4,4
2025-05-01 20:00,15,5,10,4,4,4
2025-05-01 20:15,9,4,5,4,4,4
2025-05-01 20:30,8,3,5,4,4,4
2025-05-01 20:45,7,2,5,4,4,4
2025-05-01 21:00,8,2,6,4,4,4
2025-05-01 21:15,9,2,7,4,4,4
2025-05-01 21:30,8,2,6,4,4,4
2025-05-01 21:45,6,1,5,4,4,4
2025-05-01 22:00,10,3,7,4,4,4
2025-05-01 22:15,8,1,7,4,4,4
2025-05-01 22:30,6,2,4,4,4,4
2025-05-01 22:45,5,2,3,4,4,4
2025-05-01 23:00,3,1,2,4,4,4
2025-05-01 23:15,3,1,2,4,4,4
2025-05-01 23:30,2,1,1,4,4,4
2025-05-01 23:45,1,0,1,4,4,4
2025-05-02 00:00,2,1,1,4,4,4
2025-05-02 00:15,1,0,1,4,4,4
2025-05-02 00:30,1,0,1,4,4,4
2025-05-02 00:45,1,0,1,4,4,4
2025-05-02 01:00,1,0,1,4,4,4
2025-05-02 01:15,1,0,1,4,4,4
2025-05-02 01:30,0,0,0,4,4,4
2025-05-02 01:45,0,0,0,4,4,4
2025-05-02 02:00,0,0,0,4,4,4
2025-05-02 02:15,0,0,0,4,4,4
2025-05-02 02:30,0,0,0,4,4,4
2025-05-02 02:45,0,0,0,4,4,4
2025-05-02 03:00,0,0,0,4,4,4
2025-05-02 03:15,0,0,0,4,4,4
2025-05-02 03:30,1,1,0,4,4,4
2025-05-02 03:45,0,0,0,4,4,4
2025-05-02 04:00,0,0,0,4,4,4
2025-05-02 04:15,0,0,0,4,4,4
2025-05-02 04:30,0,0,0,4,4,4
2025-05-02 04:45,1,1,0,4,4,4
2025-05-02 05:00,1,1,0,4,4,4
2025-05-02 05:15,3,3,0,4,4,4
2025-05-02 05:30,4,4,0,4,4,4
2025-05-02 05:45,3,3,0,4,4,4
2025-05-02 06:00,6,6,0,4,4,4
2025-05-02 06:15,8,7,1,4,4,4
2025-05-02 06:30,10,7,3,4,4,4
2025-05-02 06:45,20,17,3,4,4,4
2025-05-02 07:00,20,18,2,4,4,4
2025-05-02 07:15,37,32,5,4,4,4
2025-05-02 07:30,71,63,8,4,4,4
2025-05-02 07:45,49,39,10,4,4,4
2025-05-02 08:00,40,31,9,4,4,4
2025-05-02 08:15,33,27,6,4,4,4
2025-05-02 08:30,38,31,7,4,4,4
2025-05-02 08:45,42,32,10,4,4,4
2025-05-02 09:00,26,19,7,4,4,4
2025-05-02 09:15,26,19,7,4,4,4
2025-05-02 09:30,28,21,7,4,4,4
2025-05-02 09:45,32,26,6,4,4,4
2025-05-02 10:00,25,19,6,4,4,4
2025-05-02 10:15,23,17,6,4,4,4
2025-05-02 10:30,21,15,6,4,4,4
2025-05-02 10:45,31,20,11,4,4,4
2025-05-02 11:00,27,16,11,4,4,4
2025-05-02 11:15,30,17,13,4,4,4
2025-05-02 11:30,35,23,12,4,4,4
2025-05-02 11:45,31,19,12,4,4,4
2025-05-02 12:00,29,16,13,4,4,4
2025-05-02 12:15,33,19,14,4,4,4
2025-05-02 12:30,32,15,17,4,4,4
2025-05-02 12:45,33,17,16,4,4,4
2025-05-02 13:00,57,19,38,4,4,4
2025-05-02 13:15,42,18,24,4,4,4
2025-05-02 13:30,36,18,18,4,4,4
2025-05-02 13:45,38,19,19,4,4,4
2025-05-02 14:00,40,16,24,4,4,4
2025-05-02 14:15,42,21,21,4,4,4
2025-05-02 14:30,34,16,18,4,4,4
2025-05-02 14:45,40,22,18,4,4,4
2025-05-02 15:00,40,19,21,4,4,4
2025-05-02 15:15,39,21,18,4,4,4
2025-05-02 15:30,37,18,19,4,4,4
2025-05-02 15:45,37,21,16,4,4,4
2025-05-02 16:00,32,19,13,4,4,4
2025-05-02 16:15,33,17,16,4,4,4
2025-05-02 16:30,31,15,16,4,4,4
2025-05-02 16:45,31,19,12,4,4,4
2025-05-02 17:00,33,19,14,4,4,4
2025-05-02 17:15,33,17,16,4,4,4
2025-05-02 17:30,28,15,13,4,4,4
2025-05-02 17:45,35,20,15,4,4,4
2025-05-02 18:00,33,15,18,4,4,4
2025-05-02 18:15,31,16,15,4,4,4
2025-05-02 18:30,32,17,15,4,4,4
2025-05-02 18:45,32,21,11,4,4,4
2025-05-02 19:00,25,11,14,4,4,4
2025-05-02 19:15,22,11,11,4,4,4
2025-05-02 19:30,17,9,8,4,4,4
2025-05-02 19:45,21,11,10,4,4,4
2025-05-02 20:00,17,9,8,4,4,4
2025-05-02 20:15,18,10,8,4,4,4
2025-05-02 20:30,9,4,5,4,4,4
2025-05-02 20:45,12,5,7,4,4,4
2025-05-02 21:00,10,4,6,4,4,4
2025-05-02 21:15,11,4,7,4,4,4
2025-05-02 21:30,10,4,6,4,4,4
2025-05-02 21:45,8,2,6,4,4,4
2025-05-02 22:00,8,2,6,4,4,4
2025-05-02 22:15,10,3,7,4,4,4
2025-05-02 22:30,9,3,6,4,4,4
2025-05-02 22:45,9,3,6,4,4,4
2025-05-02 23:00,9,2,7,4,4,4
2025-05-02 23:15,6,1,5,4,4,4
2025-05-02 23:30,8,3,5,4,4,4
2025-05-02 23:45,5,1,4,4,4,4
2025-05-03 00:00,7,2,5,4,4,4
2025-05-03 00:15,5,2,3,4,4,4
2025-05-03 00:30,6,2,4,4,4,4
2025-05-03 00:45,4,1,3,4,4,4
2025-05-03 01:00,6,2,4,4,4,4
2025-05-03 01:15,2,0,2,4,4,4
2025-05-03 01:30,2,1,1,4,4,4
2025-05-03 01:45,2,0,2,4,4,4
2025-05-03 02:00,4,1,3,4,4,4
2025-05-03 02:15,2,1,1,4,4,4
2025-05-03 02:30,1,0,1,4,4,4
2025-05-03 02:45,1,0,1,4,4,4
2025-05-03 03:00,1,0,1,4,4,4
2025-05-03 03:15,1,0,1,4,4,4
2025-05-03 03:30,1,0,1,4,4,4
2025-05-03 03:45,1,0,1,4,4,4
2025-05-03 04:00,0,0,0,4,4,4
2025-05-03 04:15,1,1,0,4,4,4
2025-05-03 04:30,0,0,0,4,4,4
2025-05-03 04:45,2,2,0,4,4,4
2025-05-03 05:00,1,1,0,4,4,4
2025-05-03 05:15,1,1,0,4,4,4
2025-05-03 05:30,2,2,0,4,4,4
2025-05-03 05:45,3,3,0,4,4,4
2025-05-03 06:00,2,1,1,4,4,4
2025-05-03 06:15,1,1,0,4,4,4
2025-05-03 06:30,4,4,0,4,4,4
2025-05-03 06:45,5,4,1,4,4,4
2025-05-03 07:00,6,5,1,4,4,4
2025-05-03 07:15,10,8,2,4,4,4
2025-05-03 07:30,14,11,3,4,4,4
2025-05-03 07:45,16,13,3,4,4,4
2025-05-03 08:00,16,11,5,4,4,4
2025-05-03 08:15,17,11,6,4,4,4
2025-05-03 08:30,25,19,6,4,4,4
2025-05-03 08:45,27,21,6,4,4,4
2025-05-03 09:00,27,21,6,4,4,4
2025-05-03 09:15,26,21,5,4,4,4
2025-05-03 09:30,26,20,6,4,4,4
2025-05-03 09:45,43,36,7,4,4,4
2025-05-03 10:00,33,27,6,4,4,4
2025-05-03 10:15,42,32,10,4,4,4
2025-05-03 10:30,36,27,9,4,4,4
2025-05-03 10:45,47,33,14,4,4,4
2025-05-03 11:00,48,35,13,4,4,4
2025-05-03 11:15,47,31,16,4,4,4
2025-05-03 11:30,45,32,13,4,4,4
2025-05-03 11:45,44,31,13,4,4,4
2025-05-03 12:00,47,31,16,4,4,4
2025-05-03 12:15,44,31,13,4,4,4
2025-05-03 12:30,43,29,14,4,4,4
2025-05-03 12:45,42,25,17,4,4,4
2025-05-03 13:00,40,23,17,4,4,4
2025-05-03 13:15,38,22,16,4,4,4
2025-05-03 13:30,40,22,18,4,4,4
2025-05-03 13:45,41,22,19,4,4,4
2025-05-03 14:00,37,21,16,4,4,4
2025-05-03 14:15,39,20,19,4,4,4
2025-05-03 14:30,34,17,17,4,4,4
2025-05-03 14:45,42,20,22,4,4,4
2025-05-03 15:00,35,20,15,4,4,4
2025-05-03 15:15,34,18,16,4,4,4
2025-05-03 15:30,33,18,15,4,4,4
2025-05-03 15:45,31,17,14,4,4,4
2025-05-03 16:00,29,17,12,4,4,4
2025-05-03 16:15,30,16,14,4,4,4
2025-05-03 16:30,31,17,14,4,4,4
2025-05-03 16:45,30,14,16,4,4,4
2025-05-03 17:00,25,12,13,4,4,4
2025-05-03 17:15,28,17,11,4,4,4
2025-05-03 17:30,25,13,12,4,4,4
2025-05-03 17:45,26,13,13,4,4,4
2025-05-03 18:00,25,13,12,4,4,4
2025-05-03 18:15,26,12,14,4,4,4
2025-05-03 18:30,20,10,10,4,4,4
2025-05-03 18:45,25,14,11,4,4,4
2025-05-03 19:00,20,11,9,4,4,4
2025-05-03 19:15,20,10,10,4,4,4
2025-05-03 19:30,16,9,7,4,4,4
2025-05-03 19:45,15,8,7,4,4,4
2025-05-03 20:00,14,6,8,4,4,4
2025-05-03 20:15,10,5,5,4,4,4
2025-05-03 20:30,8,3,5,4,4,4
2025-05-03 20:45,9,4,5,4,4,4
2025-05-03 21:00,7,3,4,4,4,4
2025-05-03 21:15,8,4,4,4,4,4
2025-05-03 21:30,7,3,4,4,4,4
2025-05-03 21:45,9,3,6,4,4,4
2025-05-03 22:00,10,4,6,4,4,4
2025-05-03 22:15,6,2,4,4,4,4
2025-05-03 22:30,6,2,4,4,4,4
2025-05-03 22:45,8,3,5,4,4,4
2025-05-03 23:00,7,3,4,4,4,4
2025-05-03 23:15,6,2,4,4,4,4
2025-05-03 23:30,7,2,5,4,4,4
2025-05-03 23:45,6,2,4,4,4,4
2025-05-04 00:00,6,3,3,4,4,4
2025-05-04 00:15,4,1,3,4,4,4
2025-05-04 00:30,6,1,5,4,4,4
2025-05-04 00:45,4,2,2,4,4,4
2025-05-04 01:00,3,1,2,4,4,4
2025-05-04 01:15,3,1,2,4,4,4
2025-05-04 01:30,3,1,2,4,4,4
2025-05-04 01:45,2,1,1,4,4,4
2025-05-04 02:00,2,1,1,4,4,4
2025-05-04 02:15,3,1,2,4,4,4
2025-05-04 02:30,1,0,1,4,4,4
2025-05-04 02:45,1,0,1,4,4,4
2025-05-04 03:00,1,0,1,4,4,4
2025-05-04 03:15,1,0,1,4,4,4
2025-05-04 03:30,2,1,1,4,4,4
2025-05-04 03:45,1,0,1,4,4,4
2025-05-04 04:00,1,0,1,4,4,4
2025-05-04 04:15,0,0,0,4,4,4
2025-05-04 04:30,0,0,0,4,4,4
2025-05-04 04:45,0,0,0,4,4,4
2025-05-04 05:00,0,0,0,4,4,4
2025-05-04 05:15,0,0,0,4,4,4
2025-05-04 05:30,1,1,0,4,4,4
2025-05-04 05:45,1,1,0,4,4,4
2025-05-04 06:00,0,0,0,4,4,4
2025-05-04 06:15,1,1,0,4,4,4
2025-05-04 06:30,1,1,0,4,4,4
2025-05-04 06:45,2,1,1,4,4,4
2025-05-04 07:00,1,1,0,4,4,4
2025-05-04 07:15,1,0,1,4,4,4
2025-05-04 07:30,0,0,0,4,4,4
2025-05-04 07:45,3,2,1,4,4,4
2025-05-04 08:00,5,3,2,4,4,4
2025-05-04 08:15,5,4,1,4,4,4
2025-05-04 08:30,4,3,1,4,4,4
2025-05-04 08:45,6,4,2,4,4,4
2025-05-04 09:00,6,4,2,4,4,4
2025-05-04 09:15,8,5,3,4,4,4
2025-05-04 09:30,9,6,3,4,4,4
2025-05-04 09:45,11,8,3,4,4,4
2025-05-04 10:00,9,6,3,4,4,4
2025-05-04 10:15,7,5,2,4,4,4
2025-05-04 10:30,7,5,2,4,4,4
2025-05-04 10:45,10,7,3,4,4,4
2025-05-04 11:00,10,7,3,4,4,4
2025-05-04 11:15,11,7,4,4,4,4
2025-05-04 11:30,12,8,4,4,4,4
2025-05-04 11:45,13,8,5,4,4,4
2025-05-04 12:00,13,7,6,4,4,4
2025-05-04 12:15,16,10,6,4,4,4
2025-05-04 12:30,15,9,6,4,4,4
2025-05-04 12:45,17,10,7,4,4,4
2025-05-04 13:00,15,9,6,4,4,4
2025-05-04 13:15,15,8,7,4,4,4
2025-05-04 13:30,17,10,7,4,4,4
2025-05-04 13:45,19,11,8,4,4,4
2025-05-04 14:00,18,10,8,4,4,4
2025-05-04 14:15,15,10,5,4,4,4
2025-05-04 14:30,20,12,8,4,4,4
2025-05-04 14:45,21,14,7,4,4,4
2025-05-04 15:00,21,13,8,4,4,4
2025-05-04 15:15,21,13,8,4,4,4
2025-05-04 15:30,17,9,8,4,4,4
2025-05-04 15:45,20,12,8,4,4,4
2025-05-04 16:00,17,9,8,4,4,4
2025-05-04 16:15,15,8,7,4,4,4
2025-05-04 16:30,19,9,10,4,4,4
2025-05-04 16:45,17,10,7,4,4,4
2025-05-04 17:00,19,10,9,4,4,4
2025-05-04 17:15,19,10,9,4,4,4
2025-05-04 17:30,16,8,8,4,4,4
2025-05-04 17:45,17,10,7,4,4,4
2025-05-04 18:00,17,10,7,4,4,4
2025-05-04 18:15,14,8,6,4,4,4
2025-05-04 18:30,14,6,8,4,4,4
2025-05-04 18:45,16,8,8,4,4,4
2025-05-04 19:00,12,6,6,4,4,4
2025-05-04 19:15,8,4,4,4,4,4
2025-05-04 19:30,12,7,5,4,4,4
2025-05-04 19:45,9,5,4,4,4,4
2025-05-04 20:00,9,4,5,4,4,4
2025-05-04 20:15,8,3,5,4,4,4
2025-05-04 20:30,7,2,5,4,4,4
2025-05-04 20:45,7,3,4,4,4,4
2025-05-04 21:00,5,1,4,4,4,4
2025-05-04 21:15,5,2,3,4,4,4
2025-05-04 21:30,4,2,2,4,4,4
2025-05-04 21:45,3,1,2,4,4,4
2025-05-04 22:00,4,2,2,4,4,4
2025-05-04 22:15,4,1,3,4,4,4
2025-05-04 22:30,3,1,2,4,4,4
2025-05-04 22:45,2,1,1,4,4,4
2025-05-04 23:00,2,0,2,4,4,4
2025-05-04 23:15,1,0,1,4,4,4
2025-05-04 23:30,1,0,1,4,4,4
2025-05-04 23:45,2,1,1,4,4,4
2025-05-05 00:00,1,0,1,4,4,4
2025-05-05 00:15,1,0,1,4,4,4
2025-05-05 00:30,0,0,0,4,4,4
2025-05-05 00:45,0,0,0,4,4,4
2025-05-05 01:00,0,0,0,4,4,4
2025-05-05 01:15,0,0,0,4,4,4
2025-05-05 01:30,0,0,0,4,4,4
2025-05-05 01:45,0,0,0,4,4,4
2025-05-05 02:00,0,0,0,4,4,4
2025-05-05 02:15,0,0,0,4,4,4
2025-05-05 02:30,0,0,0,4,4,4
2025-05-05 02:45,0,0,0,4,4,4
2025-05-05 03:00,0,0,0,4,4,4
2025-05-05 03:15,0,0,0,4,4,4
2025-05-05 03:30,1,1,0,4,4,4
2025-05-05 03:45,0,0,0,4,4,4
2025-05-05 04:00,0,0,0,4,4,4
2025-05-05 04:15,0,0,0,4,4,4
2025-05-05 04:30,0,0,0,4,4,4
2025-05-05 04:45,1,1,0,4,4,4
2025-05-05 05:00,1,1,0,4,4,4
2025-05-05 05:15,4,4,0,4,4,4
2025-05-05 05:30,3,3,0,4,4,4
2025-05-05 05:45,5,4,1,4,4,4
2025-05-05 06:00,7,6,1,4,4,4
2025-05-05 06:15,8,7,1,4,4,4
2025-05-05 06:30,11,7,4,4,4,4
2025-05-05 06:45,31,23,8,4,4,4
2025-05-05 07:00,32,28,4,4,4,4
2025-05-05 07:15,46,37,9,4,4,4
2025-05-05 07:30,84,72,12,4,4,4
2025-05-05 07:45,69,55,14,4,4,4
2025-05-05 08:00,52,41,11,4,4,4
2025-05-05 08:15,49,37,12,4,4,4
2025-05-05 08:30,46,36,10,4,4,4
2025-05-05 08:45,50,39,11,4,4,4
2025-05-05 09:00,37,24,13,4,4,4
2025-05-05 09:15,31,23,8,4,4,4
2025-05-05 09:30,38,28,10,4,4,4
2025-05-05 09:45,35,24,11,4,4,4
2025-05-05 10:00,30,20,10,4,4,4
2025-05-05 10:15,24,16,8,4,4,4
2025-05-05 10:30,22,14,8,4,4,4
2025-05-05 10:45,26,18,8,4,4,4
2025-05-05 11:00,23,14,9,4,4,4
2025-05-05 11:15,30,19,11,4,4,4
2025-05-05 11:30,31,17,14,4,4,4
2025-05-05 11:45,33,18,15,4,4,4
2025-05-05 12:00,28,16,12,4,4,4
2025-05-05 12:15,34,21,13,4,4,4
2025-05-05 12:30,30,15,15,4,4,4
2025-05-05 12:45,32,16,16,4,4,4
2025-05-05 13:00,42,19,23,4,4,4
2025-05-05 13:15,43,21,22,4,4,4
2025-05-05 13:30,31,17,14,4,4,4
2025-05-05 13:45,39,27,12,4,4,4
2025-05-05 14:00,34,15,19,4,4,4
2025-05-05 14:15,33,17,16,4,4,4
2025-05-05 14:30,35,20,15,4,4,4
2025-05-05 14:45,42,20,22,4,4,4
2025-05-05 15:00,40,20,20,4,4,4
2025-05-05 15:15,46,22,24,4,4,4
2025-05-05 15:30,47,20,27,4,4,4
2025-05-05 15:45,48,27,21,4,4,4
2025-05-05 16:00,47,25,22,4,4,4
2025-05-05 16:15,50,25,25,4,4,4
2025-05-05 16:30,41,18,23,4,4,4
2025-05-05 16:45,45,22,23,4,4,4
2025-05-05 17:00,42,21,21,4,4,4
2025-05-05 17:15,39,17,22,4,4,4
2025-05-05 17:30,43,18,25,4,4,4
2025-05-05 17:45,44,18,26,4,4,4
2025-05-05 18:00,42,17,25,4,4,4
2025-05-05 18:15,36,15,21,4,4,4
2025-05-05 18:30,27,8,19,4,4,4
2025-05-05 18:45,29,14,15,4,4,4
2025-05-05 19:00,25,9,16,4,4,4
2025-05-05 19:15,21,10,11,4,4,4
2025-05-05 19:30,16,7,9,4,4,4
2025-05-05 19:45,18,7,11,4,4,4
2025-05-05 20:00,17,5,12,4,4,4
2025-05-05 20:15,13,6,7,4,4,4
2025-05-05 20:30,10,3,7,4,4,4
2025-05-05 20:45,8,2,6,4,4,4
2025-05-05 21:00,12,3,9,4,4,4
2025-05-05 21:15,9,3,6,4,4,4
2025-05-05 21:30,7,1,6,4,4,4
2025-05-05 21:45,7,3,4,4,4,4
2025-05-05 22:00,6,2,4,4,4,4
2025-05-05 22:15,6,2,4,4,4,4
2025-05-05 22:30,6,2,4,4,4,4
2025-05-05 22:45,4,1,3,4,4,4
2025-05-05 23:00,3,0,3,4,4,4
2025-05-05 23:15,3,1,2,4,4,4
2025-05-05 23:30,1,0,1,4,4,4
2025-05-05 23:45,2,0,2,4,4,4
2025-05-06 00:00,1,0,1,4,4,4
2025-05-06 00:15,1,1,0,4,4,4
2025-05-06 00:30,1,0,1,4,4,4
2025-05-06 00:45,0,0,0,4,4,4
2025-05-06 01:00,1,0,1,4,4,4
2025-05-06 01:15,0,0,0,4,4,4
2025-05-06 01:30,0,0,0,4,4,4
2025-05-06 01:45,0,0,0,4,4,4
2025-05-06 02:00,0,0,0,4,4,4
2025-05-06 02:15,0,0,0,4,4,4
2025-05-06 02:30,0,0,0,4,4,4
2025-05-06 02:45,0,0,0,4,4,4
2025-05-06 03:00,0,0,0,4,4,4
2025-05-06 03:15,0,0,0,4,4,4
2025-05-06 03:30,0,0,0,4,4,4
2025-05-06 03:45,0,0,0,4,4,4
2025-05-06 04:00,0,0,0,4,4,4
2025-05-06 04:15,1,0,1,4,4,4
2025-05-06 04:30,4,1,3,4,4,4
2025-05-06 04:45,2,1,1,4,4,4
2025-05-06 05:00,3,2,1,4,4,4
2025-05-06 05:15,6,5,1,4,4,4
2025-05-06 05:30,4,4,0,4,4,4
2025-05-06 05:45,6,5,1,4,4,4
2025-05-06 06:00,7,6,1,4,4,4
2025-05-06 06:15,10,9,1,4,4,4
2025-05-06 06:30,12,9,3,4,4,4
2025-05-06 06:45,22,18,4,4,4,4
2025-05-06 07:00,29,24,5,4,4,4
2025-05-06 07:15,47,42,5,4,4,4
2025-05-06 07:30,91,79,12,4,4,4
2025-05-06 07:45,69,56,13,4,4,4
2025-05-06 08:00,54,42,12,4,4,4
2025-05-06 08:15,47,38,9,4,4,4
2025-05-06 08:30,46,37,9,4,4,4
2025-05-06 08:45,47,35,12,4,4,4
2025-05-06 09:00,31,22,9,4,4,4
2025-05-06 09:15,29,22,7,4,4,4
2025-05-06 09:30,36,26,10,4,4,4
2025-05-06 09:45,39,27,12,4,4,4
2025-05-06 10:00,33,20,13,4,4,4
2025-05-06 10:15,30,20,10,4,4,4
2025-05-06 10:30,28,20,8,4,4,4
2025-05-06 10:45,31,22,9,4,4,4
2025-05-06 11:00,25,15,10,4,4,4
2025-05-06 11:15,32,20,12,4,4,4
2025-05-06 11:30,28,15,13,4,4,4
2025-05-06 11:45,33,21,12,4,4,4
2025-05-06 12:00,27,16,11,4,4,4
2025-05-06 12:15,30,17,13,4,4,4
2025-05-06 12:30,36,16,20,4,4,4
2025-05-06 12:45,39,20,19,4,4,4
2025-05-06 13:00,43,16,27,4,4,4
2025-05-06 13:15,39,19,20,4,4,4
2025-05-06 13:30,31,15,16,4,4,4
2025-05-06 13:45,40,23,17,4,4,4
2025-05-06 14:00,38,15,23,4,4,4
2025-05-06 14:15,38,18,20,4,4,4
2025-05-06 14:30,38,19,19,4,4,4
2025-05-06 14:45,41,25,16,4,4,4
2025-05-06 15:00,48,26,22,4,4,4
2025-05-06 15:15,45,25,20,4,4,4
2025-05-06 15:30,50,25,25,4,4,4
2025-05-06 15:45,58,32,26,4,4,4
2025-05-06 16:00,54,26,28,4,4,4
2025-05-06 16:15,49,22,27,4,4,4
2025-05-06 16:30,39,17,22,4,4,4
2025-05-06 16:45,42,20,22,4,4,4
2025-05-06 17:00,48,21,27,4,4,4
2025-05-06 17:15,47,20,27,4,4,4
2025-05-06 17:30,37,15,22,4,4,4
2025-05-06 17:45,44,22,22,4,4,4
2025-05-06 18:00,41,15,26,4,4,4
2025-05-06 18:15,38,16,22,4,4,4
2025-05-06 18:30,30,12,18,4,4,4
2025-05-06 18:45,27,13,14,4,4,4
2025-05-06 19:00,26,10,16,4,4,4
2025-05-06 19:15,20,11,9,4,4,4
2025-05-06 19:30,18,7,11,4,4,4
2025-05-06 19:45,19,9,10,4,4,4
2025-05-06 20:00,18,6,12,4,4,4
2025-05-06 20:15,13,6,7,4,4,4
2025-05-06 20:30,12,6,6,4,4,4
2025-05-06 20:45,8,2,6,4,4,4
2025-05-06 21:00,9,2,7,4,4,4
2025-05-06 21:15,9,3,6,4,4,4
2025-05-06 21:30,8,2,6,4,4,4
2025-05-06 21:45,9,2,7,4,4,4
2025-05-06 22:00,8,2,6,4,4,4
2025-05-06 22:15,7,2,5,4,4,4
2025-05-06 22:30,5,1,4,4,4,4
2025-05-06 22:45,6,1,5,4,4,4
2025-05-06 23:00,4,1,3,4,4,4
2025-05-06 23:15,4,1,3,4,4,4
2025-05-06 23:30,2,1,1,4,4,4
2025-05-06 23:45,1,0,1,4,4,4
2025-05-07 00:00,1,0,1,4,4,4
2025-05-07 00:15,0,0,0,4,4,4
2025-05-07 00:30,1,0,1,4,4,4
2025-05-07 00:45,2,1,1,4,4,4
2025-05-07 01:00,2,1,1,4,4,4
2025-05-07 01:15,2,0,2,4,4,4
2025-05-07 01:30,1,1,0,4,4,4
2025-05-07 01:45,1,1,0,4,4,4
2025-05-07 02:00,1,0,1,4,4,4
2025-05-07 02:15,1,1,0,4,4,4
2025-05-07 02:30,1,1,0,4,4,4
2025-05-07 02:45,1,1,0,4,4,4
2025-05-07 03:00,1,0,1,4,4,4
2025-05-07 03:15,1,0,1,4,4,4
2025-05-07 03:30,1,1,0,4,4,4
2025-05-07 03:45,1,1,0,4,4,4
2025-05-07 04:00,1,0,1,4,4,4
2025-05-07 04:15,1,0,1,4,4,4
2025-05-07 04:30,0,0,0,4,4,4
2025-05-07 04:45,1,1,0,4,4,4
2025-05-07 05:00,2,2,0,4,4,4
2025-05-07 05:15,4,4,0,4,4,4
2025-05-07 05:30,5,5,0,4,4,4
2025-05-07 05:45,6,5,1,4,4,4
2025-05-07 06:00,7,6,1,4,4,4
2025-05-07 06:15,13,10,3,4,4,4
2025-05-07 06:30,14,11,3,4,4,4
2025-05-07 06:45,21,19,2,4,4,4
2025-05-07 07:00,33,28,5,4,4,4
2025-05-07 07:15,51,45,6,4,4,4
2025-05-07 07:30,100,85,15,4,4,4
2025-05-07 07:45,79,65,14,4,4,4
2025-05-07 08:00,67,51,16,4,4,4
2025-05-07 08:15,59,43,16,4,4,4
2025-05-07 08:30,45,30,15,4,4,4
2025-05-07 08:45,55,42,13,4,4,4
2025-05-07 09:00,38,25,13,4,4,4
2025-05-07 09:15,39,29,10,4,4,4
2025-05-07 09:30,49,40,9,4,4,4
2025-05-07 09:45,47,35,12,4,4,4
2025-05-07 10:00,37,28,9,4,4,4
2025-05-07 10:15,32,23,9,4,4,4
2025-05-07 10:30,33,22,11,4,4,4
2025-05-07 10:45,40,26,14,4,4,4
2025-05-07 11:00,32,21,11,4,4,4
2025-05-07 11:15,45,24,21,4,4,4
2025-05-07 11:30,40,22,18,4,4,4
2025-05-07 11:45,39,23,16,4,4,4
2025-05-07 12:00,37,24,13,4,4,4
2025-05-07 12:15,36,21,15,4,4,4
2025-05-07 12:30,38,20,18,4,4,4
2025-05-07 12:45,41,22,19,4,4,4
2025-05-07 13:00,46,21,25,4,4,4
2025-05-07 13:15,42,19,23,4,4,4
2025-05-07 13:30,38,18,20,4,4,4
2025-05-07 13:45,43,27,16,4,4,4
2025-05-07 14:00,42,18,24,4,4,4
2025-05-07 14:15,41,17,24,4,4,4
2025-05-07 14:30,36,18,18,4,4,4
2025-05-07 14:45,52,27,25,4,4,4
2025-05-07 15:00,47,25,22,4,4,4
2025-05-07 15:15,45,23,22,4,4,4
2025-05-07 15:30,50,19,31,4,4,4
2025-05-07 15:45,48,25,23,4,4,4
2025-05-07 16:00,50,24,26,4,4,4
2025-05-07 16:15,45,20,25,4,4,4
2025-05-07 16:30,47,20,27,4,4,4
2025-05-07 16:45,46,21,25,4,4,4
2025-05-07 17:00,40,16,24,4,4,4
2025-05-07 17:15,53,24,29,4,4,4
2025-05-07 17:30,47,22,25,4,4,4
2025-05-07 17:45,45,21,24,4,4,4
2025-05-07 18:00,40,18,22,4,4,4
2025-05-07 18:15,38,19,19,4,4,4
2025-05-07 18:30,31,14,17,4,4,4
2025-05-07 18:45,32,18,14,4,4,4
2025-05-07 19:00,28,11,17,4,4,4
2025-05-07 19:15,25,12,13,4,4,4
2025-05-07 19:30,20,8,12,4,4,4
2025-05-07 19:45,18,9,9,4,4,4
2025-05-07 20:00,21,10,11,4,4,4
2025-05-07 20:15,14,6,8,4,4,4
2025-05-07 20:30,11,4,7,4,4,4
2025-05-07 20:45,10,5,5,4,4,4
2025-05-07 21:00,12,4,8,4,4,4
2025-05-07 21:15,10,4,6,4,4,4
2025-05-07 21:30,10,2,8,4,4,4
2025-05-07 21:45,9,3,6,4,4,4
2025-05-07 22:00,13,3,10,4,4,4
2025-05-07 22:15,9,3,6,4,4,4
2025-05-07 22:30,9,2,7,4,4,4
2025-05-07 22:45,9,3,6,4,4,4
2025-05-07 23:00,6,1,5,4,4,4
2025-05-07 23:15,6,2,4,4,4,4
2025-05-07 23:30,4,2,2,4,4,4
2025-05-07 23:45,4,1,3,4,4,4
2025-05-08 00:00,2,0,2,4,4,4
2025-05-08 00:15,2,1,1,4,4,4
2025-05-08 00:30,1,0,1,4,4,4
2025-05-08 00:45,2,1,1,4,4,4
2025-05-08 01:00,1,0,1,4,4,4
2025-05-08 01:15,2,1,1,4,4,4
2025-05-08 01:30,0,0,0,4,4,4
2025-05-08 01:45,1,0,1,4,4,4
2025-05-08 02:00,0,0,0,4,4,4
2025-05-08 02:15,0,0,0,4,4,4
2025-05-08 02:30,0,0,0,4,4,4
2025-05-08 02:45,0,0,0,4,4,4
2025-05-08 03:00,0,0,0,4,4,4
2025-05-08 03:15,1,0,1,4,4,4
2025-05-08 03:30,1,1,0,4,4,4
2025-05-08 03:45,0,0,0,4,4,4
2025-05-08 04:00,0,0,0,4,4,4
2025-05-08 04:15,0,0,0,4,4,4
2025-05-08 04:30,0,0,0,4,4,4
2025-05-08 04:45,2,1,1,4,4,4
2025-05-08 05:00,1,1,0,4,4,4
2025-05-08 05:15,4,4,0,4,4,4
2025-05-08 05:30,5,5,0,4,4,4
2025-05-08 05:45,4,4,0,4,4,4
2025-05-08 06:00,9,8,1,4,4,4
2025-05-08 06:15,10,9,1,4,4,4
2025-05-08 06:30,13,11,2,4,4,4
2025-05-08 06:45,22,19,3,4,4,4
2025-05-08 07:00,34,28,6,4,4,4
2025-05-08 07:15,50,42,8,4,4,4
2025-05-08 07:30,94,82,12,4,4,4
2025-05-08 07:45,71,56,15,4,4,4
2025-05-08 08:00,53,42,11,4,4,4
2025-05-08 08:15,47,38,9,4,4,4
2025-05-08 08:30,51,40,11,4,4,4
2025-05-08 08:45,48,37,11,4,4,4
2025-05-08 09:00,31,24,7,4,4,4
2025-05-08 09:15,32,24,8,4,4,4
2025-05-08 09:30,39,31,8,4,4,4
2025-05-08 09:45,37,27,10,4,4,4
2025-05-08 10:00,29,21,8,4,4,4
2025-05-08 10:15,25,18,7,4,4,4
2025-05-08 10:30,29,21,8,4,4,4
2025-05-08 10:45,29,20,9,4,4,4
2025-05-08 11:00,27,17,10,4,4,4
2025-05-08 11:15,34,20,14,4,4,4
2025-05-08 11:30,31,16,15,4,4,4
2025-05-08 11:45,34,21,13,4,4,4
2025-05-08 12:00,29,17,12,4,4,4
2025-05-08 12:15,26,13,13,4,4,4
2025-05-08 12:30,34,16,18,4,4,4
2025-05-08 12:45,35,15,20,4,4,4
2025-05-08 13:00,46,18,28,4,4,4
2025-05-08 13:15,39,16,23,4,4,4
2025-05-08 13:30,33,18,15,4,4,4
2025-05-08 13:45,40,23,17,4,4,4
2025-05-08 14:00,36,16,20,4,4,4
2025-05-08 14:15,40,18,22,4,4,4
2025-05-08 14:30,40,21,19,4,4,4
2025-05-08 14:45,47,26,21,4,4,4
2025-05-08 15:00,42,21,21,4,4,4
2025-05-08 15:15,46,26,20,4,4,4
2025-05-08 15:30,48,23,25,4,4,4
2025-05-08 15:45,50,26,24,4,4,4
2025-05-08 16:00,48,27,21,4,4,4
2025-05-08 16:15,46,25,21,4,4,4
2025-05-08 16:30,44,18,26,4,4,4
2025-05-08 16:45,40,18,22,4,4,4
2025-05-08 17:00,50,25,25,4,4,4
2025-05-08 17:15,42,18,24,4,4,4
2025-05-08 17:30,45,17,28,4,4,4
2025-05-08 17:45,52,28,24,4,4,4
2025-05-08 18:00,42,18,24,4,4,4
2025-05-08 18:15,43,18,25,4,4,4
2025-05-08 18:30,37,16,21,4,4,4
2025-05-08 18:45,35,18,17,4,4,4
2025-05-08 19:00,26,13,13,4,4,4
2025-05-08 19:15,27,13,14,4,4,4
2025-05-08 19:30,24,12,12,4,4,4
2025-05-08 19:45,24,11,13,4,4,4
2025-05-08 20:00,20,7,13,4,4,4
2025-05-08 20:15,12,5,7,4,4,4
2025-05-08 20:30,9,3,6,4,4,4
2025-05-08 20:45,10,3,7,4,4,4
2025-05-08 21:00,11,3,8,4,4,4
2025-05-08 21:15,13,3,10,4,4,4
2025-05-08 21:30,10,2,8,4,4,4
2025-05-08 21:45,8,2,6,4,4,4
2025-05-08 22:00,14,4,10,4,4,4
2025-05-08 22:15,11,2,9,4,4,4
2025-05-08 22:30,8,2,6,4,4,4
2025-05-08 22:45,7,3,4,4,4,4
2025-05-08 23:00,5,2,3,4,4,4
2025-05-08 23:15,4,1,3,4,4,4
2025-05-08 23:30,3,1,2,4,4,4
2025-05-08 23:45,2,0,2,4,4,4
2025-05-09 00:00,2,1,1,4,4,4
2025-05-09 00:15,1,0,1,4,4,4
2025-05-09 00:30,1,0,1,4,4,4
2025-05-09 00:45,1,0,1,4,4,4
2025-05-09 01:00,1,0,1,4,4,4
2025-05-09 01:15,1,0,1,4,4,4
2025-05-09 01:30,0,0,0,4,4,4
2025-05-09 01:45,0,0,0,4,4,4
2025-05-09 02:00,0,0,0,4,4,4
2025-05-09 02:15,0,0,0,4,4,4
2025-05-09 02:30,0,0,0,4,4,4
2025-05-09 02:45,0,0,0,4,4,4
2025-05-09 03:00,1,1,0,4,4,4
2025-05-09 03:15,0,0,0,4,4,4
2025-05-09 03:30,1,1,0,4,4,4
2025-05-09 03:45,0,0,0,4,4,4
2025-05-09 04:00,0,0,0,4,4,4
2025-05-09 04:15,0,0,0,4,4,4
2025-05-09 04:30,0,0,0,4,4,4
2025-05-09 04:45,1,1,0,4,4,4
2025-05-09 05:00,1,1,0,4,4,4
2025-05-09 05:15,3,3,0,4,4,4
2025-05-09 05:30,5,5,0,4,4,4
2025-05-09 05:45,4,4,0,4,4,4
2025-05-09 06:00,7,7,0,4,4,4
2025-05-09 06:15,10,8,2,4,4,4
2025-05-09 06:30,11,8,3,4,4,4
2025-05-09 06:45,22,19,3,4,4,4
2025-05-09 07:00,22,20,2,4,4,4
2025-05-09 07:15,40,35,5,4,4,4
2025-05-09 07:30,79,70,9,4,4,4
2025-05-09 07:45,55,44,11,4,4,4
2025-05-09 08:00,45,35,10,4,4,4
2025-05-09 08:15,37,30,7,4,4,4
2025-05-09 08:30,43,35,8,4,4,4
2025-05-09 08:45,47,35,12,4,4,4
2025-05-09 09:00,30,22,8,4,4,4
2025-05-09 09:15,29,21,8,4,4,4
2025-05-09 09:30,31,24,7,4,4,4
2025-05-09 09:45,36,29,7,4,4,4
2025-05-09 10:00,28,21,7,4,4,4
2025-05-09 10:15,25,18,7,4,4,4
2025-05-09 10:30,24,17,7,4,4,4
2025-05-09 10:45,34,22,12,4,4,4
2025-05-09 11:00,30,18,12,4,4,4
2025-05-09 11:15,34,19,15,4,4,4
2025-05-09 11:30,39,25,14,4,4,4
2025-05-09 11:45,34,21,13,4,4,4
2025-05-09 12:00,32,18,14,4,4,4
2025-05-09 12:15,36,21,15,4,4,4
2025-05-09 12:30,36,17,19,4,4,4
2025-05-09 12:45,37,19,18,4,4,4
2025-05-09 13:00,63,21,42,4,4,4
2025-05-09 13:15,47,20,27,4,4,4
2025-05-09 13:30,41,20,21,4,4,4
2025-05-09 13:45,43,22,21,4,4,4
2025-05-09 14:00,44,18,26,4,4,4
2025-05-09 14:15,46,23,23,4,4,4
2025-05-09 14:30,37,17,20,4,4,4
2025-05-09 14:45,45,25,20,4,4,4
2025-05-09 15:00,44,21,23,4,4,4
2025-05-09 15:15,43,23,20,4,4,4
2025-05-09 15:30,41,20,21,4,4,4
2025-05-09 15:45,41,24,17,4,4,4
2025-05-09 16:00,37,22,15,4,4,4
2025-05-09 16:15,37,19,18,4,4,4
2025-05-09 16:30,34,16,18,4,4,4
2025-05-09 16:45,34,21,13,4,4,4
2025-05-09 17:00,37,21,16,4,4,4
2025-05-09 17:15,37,19,18,4,4,4
2025-05-09 17:30,32,17,15,4,4,4
2025-05-09 17:45,39,23,16,4,4,4
2025-05-09 18:00,37,17,20,4,4,4
2025-05-09 18:15,34,17,17,4,4,4
2025-05-09 18:30,36,19,17,4,4,4
2025-05-09 18:45,35,23,12,4,4,4
2025-05-09 19:00,28,12,16,4,4,4
2025-05-09 19:15,24,12,12,4,4,4
2025-05-09 19:30,20,11,9,4,4,4
2025-05-09 19:45,23,12,11,4,4,4
2025-05-09 20:00,19,10,9,4,4,4
2025-05-09 20:15,20,11,9,4,4,4
2025-05-09 20:30,10,4,6,4,4,4
2025-05-09 20:45,12,5,7,4,4,4
2025-05-09 21:00,11,4,7,4,4,4
2025-05-09 21:15,12,4,8,4,4,4
2025-05-09 21:30,12,5,7,4,4,4
2025-05-09 21:45,10,3,7,4,4,4
2025-05-09 22:00,8,2,6,4,4,4
2025-05-09 22:15,11,3,8,4,4,4
2025-05-09 22:30,10,3,7,4,4,4
2025-05-09 22:45,10,3,7,4,4,4
2025-05-09 23:00,10,2,8,4,4,4
2025-05-09 23:15,6,1,5,4,4,4
2025-05-09 23:30,9,3,6,4,4,4
2025-05-09 23:45,5,1,4,4,4,4
2025-05-10 00:00,7,2,5,4,4,4
2025-05-10 00:15,6,3,3,4,4,4
2025-05-10 00:30,6,2,4,4,4,4
2025-05-10 00:45,4,1,3,4,4,4
2025-05-10 01:00,6,2,4,4,4,4
2025-05-10 01:15,2,0,2,4,4,4
2025-05-10 01:30,3,1,2,4,4,4
2025-05-10 01:45,2,0,2,4,4,4
2025-05-10 02:00,4,1,3,4,4,4
2025-05-10 02:15,3,1,2,4,4,4
2025-05-10 02:30,1,0,1,4,4,4
2025-05-10 02:45,1,0,1,4,4,4
2025-05-10 03:00,2,0,2,4,4,4
2025-05-10 03:15,1,0,1,4,4,4
2025-05-10 03:30,0,0,0,4,4,4
2025-05-10 03:45,1,0,1,4,4,4
2025-05-10 04:00,0,0,0,4,4,4
2025-05-10 04:15,1,1,0,4,4,4
2025-05-10 04:30,0,0,0,4,4,4
2025-05-10 04:45,2,2,0,4,4,4
2025-05-10 05:00,1,1,0,4,4,4
2025-05-10 05:15,1,1,0,4,4,4
2025-05-10 05:30,3,3,0,4,4,4
2025-05-10 05:45,3,3,0,4,4,4
2025-05-10 06:00,2,1,1,4,4,4
2025-05-10 06:15,2,2,0,4,4,4
2025-05-10 06:30,4,4,0,4,4,4
2025-05-10 06:45,6,5,1,4,4,4
2025-05-10 07:00,6,5,1,4,4,4
2025-05-10 07:15,11,9,2,4,4,4
2025-05-10 07:30,16,13,3,4,4,4
2025-05-10 07:45,17,14,3,4,4,4
2025-05-10 08:00,18,12,6,4,4,4
2025-05-10 08:15,19,12,7,4,4,4
2025-05-10 08:30,29,22,7,4,4,4
2025-05-10 08:45,29,23,6,4,4,4
2025-05-10 09:00,31,24,7,4,4,4
2025-05-10 09:15,29,23,6,4,4,4
2025-05-10 09:30,30,23,7,4,4,4
2025-05-10 09:45,48,40,8,4,4,4
2025-05-10 10:00,37,30,7,4,4,4
2025-05-10 10:15,47,36,11,4,4,4
2025-05-10 10:30,41,31,10,4,4,4
2025-05-10 10:45,52,37,15,4,4,4
2025-05-10 11:00,54,39,15,4,4,4
2025-05-10 11:15,53,35,18,4,4,4
2025-05-10 11:30,51,36,15,4,4,4
2025-05-10 11:45,50,35,15,4,4,4
2025-05-10 12:00,53,35,18,4,4,4
2025-05-10 12:15,50,35,15,4,4,4
2025-05-10 12:30,48,33,15,4,4,4
2025-05-10 12:45,47,28,19,4,4,4
2025-05-10 13:00,46,26,20,4,4,4
2025-05-10 13:15,43,25,18,4,4,4
2025-05-10 13:30,45,24,21,4,4,4
2025-05-10 13:45,45,24,21,4,4,4
2025-05-10 14:00,42,24,18,4,4,4
2025-05-10 14:15,45,23,22,4,4,4
2025-05-10 14:30,38,19,19,4,4,4
2025-05-10 14:45,48,23,25,4,4,4
2025-05-10 15:00,40,23,17,4,4,4
2025-05-10 15:15,38,20,18,4,4,4
2025-05-10 15:30,37,20,17,4,4,4
2025-05-10 15:45,35,19,16,4,4,4
2025-05-10 16:00,33,19,14,4,4,4
2025-05-10 16:15,34,18,16,4,4,4
2025-05-10 16:30,35,19,16,4,4,4
2025-05-10 16:45,34,16,18,4,4,4
2025-05-10 17:00,29,14,15,4,4,4
2025-05-10 17:15,32,19,13,4,4,4
2025-05-10 17:30,28,15,13,4,4,4
2025-05-10 17:45,29,15,14,4,4,4
2025-05-10 18:00,27,14,13,4,4,4
2025-05-10 18:15,29,14,15,4,4,4
2025-05-10 18:30,24,12,12,4,4,4
2025-05-10 18:45,28,16,12,4,4,4
2025-05-10 19:00,22,12,10,4,4,4
2025-05-10 19:15,22,11,11,4,4,4
2025-05-10 19:30,18,10,8,4,4,4
2025-05-10 19:45,17,9,8,4,4,4
2025-05-10 20:00,14,6,8,4,4,4
2025-05-10 20:15,11,6,5,4,4,4
2025-05-10 20:30,9,4,5,4,4,4
2025-05-10 20:45,10,4,6,4,4,4
2025-05-10 21:00,8,4,4,4,4,4
2025-05-10 21:15,10,5,5,4,4,4
2025-05-10 21:30,8,3,5,4,4,4
2025-05-10 21:45,10,3,7,4,4,4
2025-05-10 22:00,10,4,6,4,4,4
2025-05-10 22:15,7,2,5,4,4,4
2025-05-10 22:30,7,2,5,4,4,4
2025-05-10 22:45,9,3,6,4,4,4
2025-05-10 23:00,8,3,5,4,4,4
2025-05-10 23:15,7,2,5,4,4,4
2025-05-10 23:30,8,2,6,4,4,4
2025-05-10 23:45,7,3,4,4,4,4
2025-05-11 00:00,6,3,3,4,4,4
2025-05-11 00:15,5,1,4,4,4,4
2025-05-11 00:30,7,1,6,4,4,4
2025-05-11 00:45,5,2,3,4,4,4
2025-05-11 01:00,4,1,3,4,4,4
2025-05-11 01:15,4,1,3,4,4,4
2025-05-11 01:30,4,1,3,4,4,4
2025-05-11 01:45,4,2,2,4,4,4
2025-05-11 02:00,3,1,2,4,4,4
2025-05-11 02:15,3,1,2,4,4,4
2025-05-11 02:30,2,1,1,4,4,4
2025-05-11 02:45,1,0,1,4,4,4
2025-05-11 03:00,1,0,1,4,4,4
2025-05-11 03:15,1,0,1,4,4,4
2025-05-11 03:30,2,1,1,4,4,4
2025-05-11 03:45,1,0,1,4,4,4
2025-05-11 04:00,1,0,1,4,4,4
2025-05-11 04:15,1,0,1,4,4,4
2025-05-11 04:30,0,0,0,4,4,4
2025-05-11 04:45,1,1,0,4,4,4
2025-05-11 05:00,0,0,0,4,4,4
2025-05-11 05:15,0,0,0,4,4,4
2025-05-11 05:30,2,2,0,4,4,4
2025-05-11 05:45,2,2,0,4,4,4
2025-05-11 06:00,0,0,0,4,4,4
2025-05-11 06:15,1,1,0,4,4,4
2025-05-11 06:30,1,1,0,4,4,4
2025-05-11 06:45,2,1,1,4,4,4
2025-05-11 07:00,1,1,0,4,4,4
2025-05-11 07:15,1,0,1,4,4,4
2025-05-11 07:30,1,1,0,4,4,4
2025-05-11 07:45,5,3,2,4,4,4
2025-05-11 08:00,5,3,2,4,4,4
2025-05-11 08:15,7,5,2,4,4,4
2025-05-11 08:30,5,3,2,4,4,4
2025-05-11 08:45,7,5,2,4,4,4
2025-05-11 09:00,7,5,2,4,4,4
2025-05-11 09:15,11,7,4,4,4,4
2025-05-11 09:30,11,8,3,4,4,4
2025-05-11 09:45,13,10,3,4,4,4
2025-05-11 10:00,12,8,4,4,4,4
2025-05-11 10:15,9,6,3,4,4,4
2025-05-11 10:30,10,7,3,4,4,4
2025-05-11 10:45,13,9,4,4,4,4
2025-05-11 11:00,13,9,4,4,4,4
2025-05-11 11:15,14,9,5,4,4,4
2025-05-11 11:30,15,10,5,4,4,4
2025-05-11 11:45,15,9,6,4,4,4
2025-05-11 12:00,16,9,7,4,4,4
2025-05-11 12:15,20,13,7,4,4,4
2025-05-11 12:30,20,12,8,4,4,4
2025-05-11 12:45,22,13,9,4,4,4
2025-05-11 13:00,19,11,8,4,4,4
2025-05-11 13:15,19,10,9,4,4,4
2025-05-11 13:30,22,13,9,4,4,4
2025-05-11 13:45,25,14,11,4,4,4
2025-05-11 14:00,23,13,10,4,4,4
2025-05-11 14:15,19,13,6,4,4,4
2025-05-11 14:30,25,15,10,4,4,4
2025-05-11 14:45,27,18,9,4,4,4
2025-05-11 15:00,26,16,10,4,4,4
2025-05-11 15:15,27,17,10,4,4,4
2025-05-11 15:30,21,11,10,4,4,4
2025-05-11 15:45,25,15,10,4,4,4
2025-05-11 16:00,21,12,9,4,4,4
2025-05-11 16:15,19,10,9,4,4,4
2025-05-11 16:30,23,11,12,4,4,4
2025-05-11 16:45,21,12,9,4,4,4
2025-05-11 17:00,24,13,11,4,4,4
2025-05-11 17:15,25,13,12,4,4,4
2025-05-11 17:30,20,10,10,4,4,4
2025-05-11 17:45,22,13,9,4,4,4
2025-05-11 18:00,22,13,9,4,4,4
2025-05-11 18:15,18,10,8,4,4,4
2025-05-11 18:30,18,8,10,4,4,4
2025-05-11 18:45,19,9,10,4,4,4
2025-05-11 19:00,15,7,8,4,4,4
2025-05-11 19:15,10,5,5,4,4,4
2025-05-11 19:30,15,8,7,4,4,4
2025-05-11 19:45,12,7,5,4,4,4
2025-05-11 20:00,12,5,7,4,4,4
2025-05-11 20:15,10,4,6,4,4,4
2025-05-11 20:30,9,2,7,4,4,4
2025-05-11 20:45,9,4,5,4,4,4
2025-05-11 21:00,7,2,5,4,4,4
2025-05-11 21:15,6,2,4,4,4,4
2025-05-11 21:30,5,2,3,4,4,4
2025-05-11 21:45,5,2,3,4,4,4
2025-05-11 22:00,5,3,2,4,4,4
2025-05-11 22:15,5,1,4,4,4,4
2025-05-11 22:30,3,1,2,4,4,4
2025-05-11 22:45,2,1,1,4,4,4
2025-05-11 23:00,2,0,2,4,4,4
2025-05-11 23:15,1,0,1,4,4,4
2025-05-11 23:30,3,1,2,4,4,4
2025-05-11 23:45,2,1,1,4,4,4
2025-05-12 00:00,1,0,1,4,4,4
2025-05-12 00:15,1,0,1,4,4,4
2025-05-12 00:30,0,0,0,4,4,4
2025-05-12 00:45,0,0,0,4,4,4
2025-05-12 01:00,0,0,0,4,4,4
2025-05-12 01:15,0,0,0,4,4,4
2025-05-12 01:30,0,0,0,4,4,4
2025-05-12 01:45,0,0,0,4,4,4
2025-05-12 02:00,0,0,0,4,4,4
2025-05-12 02:15,1,1,0,4,4,4
2025-05-12 02:30,0,0,0,4,4,4
2025-05-12 02:45,0,0,0,4,4,4
2025-05-12 03:00,0,0,0,4,4,4
2025-05-12 03:15,0,0,0,4,4,4
2025-05-12 03:30,1,1,0,4,4,4
2025-05-12 03:45,0,0,0,4,4,4
2025-05-12 04:00,0,0,0,4,4,4
2025-05-12 04:15,0,0,0,4,4,4
2025-05-12 04:30,0,0,0,4,4,4
2025-05-12 04:45,1,1,0,4,4,4
2025-05-12 05:00,1,1,0,4,4,4
2025-05-12 05:15,4,4,0,4,4,4
2025-05-12 05:30,3,3,0,4,4,4
2025-05-12 05:45,5,4,1,4,4,4
2025-05-12 06:00,8,7,1,4,4,4
2025-05-12 06:15,9,8,1,4,4,4
2025-05-12 06:30,12,7,5,4,4,4
2025-05-12 06:45,33,25,8,4,4,4
2025-05-12 07:00,35,30,5,4,4,4
2025-05-12 07:15,49,40,9,4,4,4
2025-05-12 07:30,90,77,13,4,4,4
2025-05-12 07:45,73,59,14,4,4,4
2025-05-12 08:00,56,44,12,4,4,4
2025-05-12 08:15,51,39,12,4,4,4
2025-05-12 08:30,49,38,11,4,4,4
2025-05-12 08:45,53,42,11,4,4,4
2025-05-12 09:00,38,25,13,4,4,4
2025-05-12 09:15,34,25,9,4,4,4
2025-05-12 09:30,40,30,10,4,4,4
2025-05-12 09:45,38,26,12,4,4,4
2025-05-12 10:00,31,21,10,4,4,4
2025-05-12 10:15,26,17,9,4,4,4
2025-05-12 10:30,24,15,9,4,4,4
2025-05-12 10:45,28,19,9,4,4,4
2025-05-12 11:00,25,15,10,4,4,4
2025-05-12 11:15,32,20,12,4,4,4
2025-05-12 11:30,34,19,15,4,4,4
2025-05-12 11:45,36,20,16,4,4,4
2025-05-12 12:00,30,17,13,4,4,4
2025-05-12 12:15,37,23,14,4,4,4
2025-05-12 12:30,32,16,16,4,4,4
2025-05-12 12:45,34,17,17,4,4,4
2025-05-12 13:00,44,20,24,4,4,4
2025-05-12 13:15,47,23,24,4,4,4
2025-05-12 13:30,33,18,15,4,4,4
2025-05-12 13:45,41,28,13,4,4,4
2025-05-12 14:00,36,16,20,4,4,4
2025-05-12 14:15,35,18,17,4,4,4
2025-05-12 14:30,37,21,16,4,4,4
2025-05-12 14:45,44,21,23,4,4,4
2025-05-12 15:00,44,22,22,4,4,4
2025-05-12 15:15,49,24,25,4,4,4
2025-05-12 15:30,50,21,29,4,4,4
2025-05-12 15:45,51,29,22,4,4,4
2025-05-12 16:00,51,27,24,4,4,4
2025-05-12 16:15,52,26,26,4,4,4
2025-05-12 16:30,44,19,25,4,4,4
2025-05-12 16:45,47,23,24,4,4,4
2025-05-12 17:00,45,23,22,4,4,4
2025-05-12 17:15,42,19,23,4,4,4
2025-05-12 17:30,47,20,27,4,4,4
2025-05-12 17:45,47,19,28,4,4,4
2025-05-12 18:00,45,18,27,4,4,4
2025-05-12 18:15,39,16,23,4,4,4
2025-05-12 18:30,29,9,20,4,4,4
2025-05-12 18:45,31,15,16,4,4,4
2025-05-12 19:00,26,9,17,4,4,4
2025-05-12 19:15,22,10,12,4,4,4
2025-05-12 19:30,17,8,9,4,4,4
2025-05-12 19:45,20,8,12,4,4,4
2025-05-12 20:00,18,5,13,4,4,4
2025-05-12 20:15,13,6,7,4,4,4
2025-05-12 20:30,11,3,8,4,4,4
2025-05-12 20:45,9,2,7,4,4,4
2025-05-12 21:00,12,3,9,4,4,4
2025-05-12 21:15,9,3,6,4,4,4
2025-05-12 21:30,8,1,7,4,4,4
2025-05-12 21:45,8,3,5,4,4,4
2025-05-12 22:00,7,2,5,4,4,4
2025-05-12 22:15,6,2,4,4,4,4
2025-05-12 22:30,6,2,4,4,4,4
2025-05-12 22:45,4,1,3,4,4,4
2025-05-12 23:00,4,0,4,4,4,4
2025-05-12 23:15,3,1,2,4,4,4
2025-05-12 23:30,2,0,2,4,4,4
2025-05-12 23:45,2,0,2,4,4,4
2025-05-13 00:00,1,0,1,4,4,4
2025-05-13 00:15,1,1,0,4,4,4
2025-05-13 00:30,1,0,1,4,4,4
2025-05-13 00:45,0,0,0,4,4,4
2025-05-13 01:00,1,0,1,4,4,4
2025-05-13 01:15,0,0,0,4,4,4
2025-05-13 01:30,0,0,0,4,4,4
2025-05-13 01:45,0,0,0,4,4,4
2025-05-13 02:00,0,0,0,4,4,4
2025-05-13 02:15,0,0,0,4,4,4
2025-05-13 02:30,0,0,0,4,4,4
2025-05-13 02:45,0,0,0,4,4,4
2025-05-13 03:00,0,0,0,4,4,4
2025-05-13 03:15,0,0,0,4,4,4
2025-05-13 03:30,0,0,0,4,4,4
2025-05-13 03:45,0,0,0,4,4,4
2025-05-13 04:00,0,0,0,4,4,4
2025-05-13 04:15,1,0,1,4,4,4
2025-05-13 04:30,4,1,3,4,4,4
2025-05-13 04:45,2,1,1,4,4,4
2025-05-13 05:00,3,2,1,4,4,4
2025-05-13 05:15,6,5,1,4,4,4
2025-05-13 05:30,4,4,0,4,4,4
2025-05-13 05:45,6,5,1,4,4,4
2025-05-13 06:00,7,6,1,4,4,4
2025-05-13 06:15,11,10,1,4,4,4
2025-05-13 06:30,13,10,3,4,4,4
2025-05-13 06:45,24,19,5,4,4,4
2025-05-13 07:00,30,25,5,4,4,4
2025-05-13 07:15,51,45,6,4,4,4
2025-05-13 07:30,96,83,13,4,4,4
2025-05-13 07:45,72,59,13,4,4,4
2025-05-13 08:00,58,45,13,4,4,4
2025-05-13 08:15,49,40,9,4,4,4
2025-05-13 08:30,48,39,9,4,4,4
2025-05-13 08:45,48,36,12,4,4,4
2025-05-13 09:00,33,23,10,4,4,4
2025-05-13 09:15,31,23,8,4,4,4
2025-05-13 09:30,38,28,10,4,4,4
2025-05-13 09:45,41,29,12,4,4,4
2025-05-13 10:00,34,21,13,4,4,4
2025-05-13 10:15,31,21,10,4,4,4
2025-05-13 10:30,29,21,8,4,4,4
2025-05-13 10:45,33,23,10,4,4,4
2025-05-13 11:00,26,16,10,4,4,4
2025-05-13 11:15,34,21,13,4,4,4
2025-05-13 11:30,30,16,14,4,4,4
2025-05-13 11:45,35,22,13,4,4,4
2025-05-13 12:00,29,17,12,4,4,4
2025-05-13 12:15,32,18,14,4,4,4
2025-05-13 12:30,38,17,21,4,4,4
2025-05-13 12:45,41,21,20,4,4,4
2025-05-13 13:00,45,17,28,4,4,4
2025-05-13 13:15,41,20,21,4,4,4
2025-05-13 13:30,33,16,17,4,4,4
2025-05-13 13:45,42,24,18,4,4,4
2025-05-13 14:00,40,15,25,4,4,4
2025-05-13 14:15,40,19,21,4,4,4
2025-05-13 14:30,40,20,20,4,4,4
2025-05-13 14:45,42,26,16,4,4,4
2025-05-13 15:00,50,27,23,4,4,4
2025-05-13 15:15,47,26,21,4,4,4
2025-05-13 15:30,52,26,26,4,4,4
2025-05-13 15:45,61,34,27,4,4,4
2025-05-13 16:00,58,28,30,4,4,4
2025-05-13 16:15,51,23,28,4,4,4
2025-05-13 16:30,41,18,23,4,4,4
2025-05-13 16:45,44,21,23,4,4,4
2025-05-13 17:00,50,22,28,4,4,4
2025-05-13 17:15,50,22,28,4,4,4
2025-05-13 17:30,40,16,24,4,4,4
2025-05-13 17:45,47,24,23,4,4,4
2025-05-13 18:00,44,16,28,4,4,4
2025-05-13 18:15,39,16,23,4,4,4
2025-05-13 18:30,32,13,19,4,4,4
2025-05-13 18:45,28,13,15,4,4,4
2025-05-13 19:00,26,10,16,4,4,4
2025-05-13 19:15,21,11,10,4,4,4
2025-05-13 19:30,20,8,12,4,4,4
2025-05-13 19:45,20,9,11,4,4,4
2025-05-13 20:00,19,6,13,4,4,4
2025-05-13 20:15,14,6,8,4,4,4
2025-05-13 20:30,12,6,6,4,4,4
2025-05-13 20:45,8,2,6,4,4,4
2025-05-13 21:00,9,2,7,4,4,4
2025-05-13 21:15,10,3,7,4,4,4
2025-05-13 21:30,8,2,6,4,4,4
2025-05-13 21:45,9,2,7,4,4,4
2025-05-13 22:00,8,2,6,4,4,4
2025-05-13 22:15,8,2,6,4,4,4
2025-05-13 22:30,6,1,5,4,4,4
2025-05-13 22:45,7,2,5,4,4,4
2025-05-13 23:00,5,1,4,4,4,4
2025-05-13 23:15,4,1,3,4,4,4
2025-05-13 23:30,2,1,1,4,4,4
2025-05-13 23:45,1,0,1,4,4,4
2025-05-14 00:00,1,0,1,4,4,4
2025-05-14 00:15,0,0,0,4,4,4
2025-05-14 00:30,1,0,1,4,4,4
2025-05-14 00:45,2,1,1,4,4,4
2025-05-14 01:00,2,1,1,4,4,4
2025-05-14 01:15,2,0,2,4,4,4
2025-05-14 01:30,1,1,0,4,4,4
2025-05-14 01:45,1,1,0,4,4,4
2025-05-14 02:00,1,0,1,4,4,4
2025-05-14 02:15,1,1,0,4,4,4
2025-05-14 02:30,1,1,0,4,4,4
2025-05-14 02:45,1,1,0,4,4,4
2025-05-14 03:00,2,1,1,4,4,4
2025-05-14 03:15,1,0,1,4,4,4
2025-05-14 03:30,1,1,0,4,4,4
2025-05-14 03:45,1,1,0,4,4,4
2025-05-14 04:00,2,1,1,4,4,4
2025-05-14 04:15,2,1,1,4,4,4
2025-05-14 04:30,0,0,0,4,4,4
2025-05-14 04:45,1,1,0,4,4,4
2025-05-14 05:00,2,2,0,4,4,4
2025-05-14 05:15,4,4,0,4,4,4
2025-05-14 05:30,5,5,0,4,4,4
2025-05-14 05:45,6,5,1,4,4,4
2025-05-14 06:00,7,6,1,4,4,4
2025-05-14 06:15,14,11,3,4,4,4
2025-05-14 06:30,14,11,3,4,4,4
2025-05-14 06:45,22,20,2,4,4,4
2025-05-14 07:00,35,29,6,4,4,4
2025-05-14 07:15,53,47,6,4,4,4
2025-05-14 07:30,105,89,16,4,4,4
2025-05-14 07:45,82,68,14,4,4,4
2025-05-14 08:00,70,53,17,4,4,4
2025-05-14 08:15,62,45,17,4,4,4
2025-05-14 08:30,48,32,16,4,4,4
2025-05-14 08:45,57,44,13,4,4,4
2025-05-14 09:00,40,26,14,4,4,4
2025-05-14 09:15,41,31,10,4,4,4
2025-05-14 09:30,52,42,10,4,4,4
2025-05-14 09:45,48,36,12,4,4,4
2025-05-14 10:00,40,30,10,4,4,4
2025-05-14 10:15,33,24,9,4,4,4
2025-05-14 10:30,36,24,12,4,4,4
2025-05-14 10:45,42,27,15,4,4,4
2025-05-14 11:00,33,22,11,4,4,4
2025-05-14 11:15,47,25,22,4,4,4
2025-05-14 11:30,42,23,19,4,4,4
2025-05-14 11:45,41,24,17,4,4,4
2025-05-14 12:00,39,25,14,4,4,4
2025-05-14 12:15,38,22,16,4,4,4
2025-05-14 12:30,41,22,19,4,4,4
2025-05-14 12:45,43,23,20,4,4,4
2025-05-14 13:00,49,22,27,4,4,4
2025-05-14 13:15,45,20,25,4,4,4
2025-05-14 13:30,40,19,21,4,4,4
2025-05-14 13:45,45,28,17,4,4,4
2025-05-14 14:00,45,19,26,4,4,4
2025-05-14 14:15,43,18,25,4,4,4
2025-05-14 14:30,37,19,18,4,4,4
2025-05-14 14:45,54,28,26,4,4,4
2025-05-14 15:00,50,27,23,4,4,4
2025-05-14 15:15,47,24,23,4,4,4
2025-05-14 15:30,52,20,32,4,4,4
2025-05-14 15:45,51,27,24,4,4,4
2025-05-14 16:00,53,26,27,4,4,4
2025-05-14 16:15,48,22,26,4,4,4
2025-05-14 16:30,50,21,29,4,4,4
2025-05-14 16:45,49,23,26,4,4,4
2025-05-14 17:00,42,17,25,4,4,4
2025-05-14 17:15,56,26,30,4,4,4
2025-05-14 17:30,50,23,27,4,4,4
2025-05-14 17:45,49,23,26,4,4,4
2025-05-14 18:00,43,19,24,4,4,4
2025-05-14 18:15,39,19,20,4,4,4
2025-05-14 18:30,33,15,18,4,4,4
2025-05-14 18:45,34,19,15,4,4,4
2025-05-14 19:00,30,12,18,4,4,4
2025-05-14 19:15,27,13,14,4,4,4
2025-05-14 19:30,21,9,12,4,4,4
2025-05-14 19:45,19,9,10,4,4,4
2025-05-14 20:00,22,10,12,4,4,4
2025-05-14 20:15,15,6,9,4,4,4
2025-05-14 20:30,11,4,7,4,4,4
2025-05-14 20:45,10,5,5,4,4,4
2025-05-14 21:00,13,4,9,4,4,4
2025-05-14 21:15,11,4,7,4,4,4
2025-05-14 21:30,10,2,8,4,4,4
2025-05-14 21:45,9,3,6,4,4,4
2025-05-14 22:00,13,3,10,4,4,4
2025-05-14 22:15,10,3,7,4,4,4
2025-05-14 22:30,10,3,7,4,4,4
2025-05-14 22:45,9,3,6,4,4,4
2025-05-14 23:00,7,1,6,4,4,4
2025-05-14 23:15,6,2,4,4,4,4
2025-05-14 23:30,4,2,2,4,4,4
2025-05-14 23:45,4,1,3,4,4,4
2025-05-15 00:00,2,0,2,4,4,4
2025-05-15 00:15,2,1,1,4,4,4
2025-05-15 00:30,1,0,1,4,4,4
2025-05-15 00:45,2,1,1,4,4,4
2025-05-15 01:00,1,0,1,4,4,4
2025-05-15 01:15,2,1,1,4,4,4
2025-05-15 01:30,0,0,0,4,4,4
2025-05-15 01:45,1,0,1,4,4,4
2025-05-15 02:00,0,0,0,4,4,4
2025-05-15 02:15,0,0,0,4,4,4
2025-05-15 02:30,0,0,0,4,4,4
2025-05-15 02:45,0,0,0,4,4,4
2025-05-15 03:00,0,0,0,4,4,4
2025-05-15 03:15,1,0,1,4,4,4
2025-05-15 03:30,1,1,0,4,4,4
2025-05-15 03:45,0,0,0,4,4,4
2025-05-15 04:00,0,0,0,4,4,4
2025-05-15 04:15,0,0,0,4,4,4
2025-05-15 04:30,0,0,0,4,4,4
2025-05-15 04:45,2,1,1,4,4,4
2025-05-15 05:00,1,1,0,4,4,4
2025-05-15 05:15,4,4,0,4,4,4
2025-05-15 05:30,5,5,0,4,4,4
2025-05-15 05:45,4,4,0,4,4,4
2025-05-15 06:00,9,8,1,4,4,4
2025-05-15 06:15,10,9,1,4,4,4
2025-05-15 06:30,13,11,2,4,4,4
2025-05-15 06:45,22,19,3,4,4,4
2025-05-15 07:00,34,28,6,4,4,4
2025-05-15 07:15,50,42,8,4,4,4
2025-05-15 07:30,95,83,12,4,4,4
2025-05-15 07:45,71,56,15,4,4,4
2025-05-15 08:00,53,42,11,4,4,4
2025-05-15 08:15,48,38,10,4,4,4
2025-05-15 08:30,51,40,11,4,4,4
2025-05-15 08:45,49,38,11,4,4,4
2025-05-15 09:00,31,24,7,4,4,4
2025-05-15 09:15,32,24,8,4,4,4
2025-05-15 09:30,39,31,8,4,4,4
2025-05-15 09:45,37,27,10,4,4,4
2025-05-15 10:00,29,21,8,4,4,4
2025-05-15 10:15,25,18,7,4,4,4
2025-05-15 10:30,29,21,8,4,4,4
2025-05-15 10:45,30,20,10,4,4,4
2025-05-15 11:00,27,17,10,4,4,4
2025-05-15 11:15,34,20,14,4,0,4
2025-05-15 11:30,31,16,15,4,4,4
2025-05-15 11:45,34,21,13,4,4,4
2025-05-15 12:00,29,17,12,4,4,4
2025-05-15 12:15,26,13,13,4,4,4
2025-05-15 12:30,34,16,18,4,4,4
2025-05-15 12:45,36,16,20,4,4,4
2025-05-15 13:00,47,18,29,4,4,4
2025-05-15 13:15,39,16,23,4,4,4
2025-05-15 13:30,33,18,15,4,0,4
2025-05-15 13:45,40,23,17,4,0,4
2025-05-15 14:00,36,16,20,4,4,4
2025-05-15 14:15,40,18,22,4,4,4
2025-05-15 14:30,40,21,19,4,4,0
2025-05-15 14:45,47,26,21,4,4,4
2025-05-15 15:00,42,21,21,4,4,4
2025-05-15 15:15,47,27,20,4,4,4
2025-05-15 15:30,49,23,26,4,4,4
2025-05-15 15:45,51,27,24,4,4,4
2025-05-15 16:00,49,27,22,4,4,4
2025-05-15 16:15,47,26,21,4,4,4
2025-05-15 16:30,44,18,26,4,4,4
2025-05-15 16:45,41,18,23,4,4,0
2025-05-15 17:00,50,25,25,4,4,4
2025-05-15 17:15,43,19,24,4,0,4
2025-05-15 17:30,45,17,28,4,4,4
2025-05-15 17:45,52,28,24,4,4,0
2025-05-15 18:00,42,18,24,4,4,4
2025-05-15 18:15,44,19,25,4,4,4
2025-05-15 18:30,38,16,22,4,4,4
2025-05-15 18:45,35,18,17,4,4,4
2025-05-15 19:00,26,13,13,4,0,4
2025-05-15 19:15,28,14,14,4,4,4
2025-05-15 19:30,24,12,12,4,4,4
2025-05-15 19:45,24,11,13,4,4,4
2025-05-15 20:00,20,7,13,4,4,4
2025-05-15 20:15,12,5,7,4,4,4
2025-05-15 20:30,9,3,6,4,4,4
2025-05-15 20:45,10,3,7,4,4,4
2025-05-15 21:00,11,3,8,4,4,4
2025-05-15 21:15,13,3,10,4,4,4
2025-05-15 21:30,10,2,8,4,4,4
2025-05-15 21:45,8,2,6,4,4,4
2025-05-15 22:00,14,4,10,4,4,4
2025-05-15 22:15,11,2,9,4,0,4
2025-05-15 22:30,8,2,6,4,4,4
2025-05-15 22:45,7,3,4,4,4,4
2025-05-15 23:00,5,2,3,4,4,4
2025-05-15 23:15,4,1,3,4,4,4
2025-05-15 23:30,3,1,2,4,4,0
2025-05-15 23:45,2,0,2,4,0,4
2025-05-16 00:00,0,0,0,0,0,0
2025-05-16 00:15,2,0,2,0,0,0
2025-05-16 00:30,0,0,0,0,0,0
2025-05-16 00:45,0,0,0,0,0,0
2025-05-16 01:00,0,0,0,0,0,0
2025-05-16 01:15,2,0,2,0,0,0
2025-05-16 01:30,0,0,0,0,0,0
2025-05-16 01:45,0,0,0,0,0,0
2025-05-16 02:00,0,0,0,0,0,0
2025-05-16 02:15,1,0,1,0,0,0
2025-05-16 02:30,2,0,2,0,0,0
2025-05-16 02:45,0,0,0,0,0,0
2025-05-16 03:00,0,0,0,0,0,0
2025-05-16 03:15,3,0,3,0,0,0
2025-05-16 03:30,1,1,0,0,0,0
2025-05-16 03:45,0,0,0,0,0,0
2025-05-16 04:00,0,0,0,0,0,0
2025-05-16 04:15,0,0,0,0,0,0
2025-05-16 04:30,0,0,0,0,0,0
2025-05-16 04:45,1,1,0,0,0,0
2025-05-16 05:00,0,0,0,0,0,0
2025-05-16 05:15,3,3,0,0,0,0
2025-05-16 05:30,3,3,0,0,0,0
2025-05-16 05:45,2,1,1,0,0,0
2025-05-16 06:00,3,2,1,0,0,0
2025-05-16 06:15,9,5,4,0,0,0
2025-05-16 06:30,10,4,6,0,0,0
2025-05-16 06:45,11,10,1,0,0,0
2025-05-16 07:00,14,13,1,0,0,0
2025-05-16 07:15,34,31,3,0,0,0
2025-05-16 07:30,76,68,8,0,0,0
2025-05-16 07:45,44,36,8,0,0,0
2025-05-16 08:00,40,27,13,0,0,0
2025-05-16 08:15,41,34,7,0,0,0
2025-05-16 08:30,26,20,6,0,0,0
2025-05-16 08:45,38,31,7,0,0,0
2025-05-16 09:00,21,17,4,0,0,0
2025-05-16 09:15,24,22,2,0,0,0
2025-05-16 09:30,25,17,8,0,0,0
2025-05-16 09:45,30,25,5,0,0,0
2025-05-16 10:00,32,20,12,0,0,0
2025-05-16 10:15,21,19,2,0,0,0
2025-05-16 10:30,23,15,8,0,0,0
2025-05-16 10:45,19,8,11,0,0,0
2025-05-16 11:00,37,21,16,0,0,0
2025-05-16 11:15,29,17,12,0,0,0
2025-05-16 11:30,35,19,16,0,0,0
2025-05-16 11:45,25,17,8,0,0,0
2025-05-16 12:00,28,16,12,0,0,0
2025-05-16 12:15,44,24,20,0,0,0
2025-05-16 12:30,29,15,14,0,0,0
2025-05-16 12:45,30,20,10,0,0,0
2025-05-16 13:00,72,28,44,0,0,0
2025-05-16 13:15,45,17,28,0,0,0
2025-05-16 13:30,36,17,19,0,0,0
2025-05-16 13:45,33,12,21,0,0,0
2025-05-16 14:00,31,12,19,0,0,0
2025-05-16 14:15,33,15,18,0,0,0
2025-05-16 14:30,39,20,19,0,0,0
2025-05-16 14:45,43,21,22,0,0,0
2025-05-16 15:00,53,26,27,0,0,0
2025-05-16 15:15,35,19,16,0,0,0
2025-05-16 15:30,57,26,31,0,0,0
2025-05-16 15:45,43,33,10,0,0,0
2025-05-16 16:00,50,28,22,0,0,0
2025-05-16 16:15,27,16,11,0,0,0
2025-05-16 16:30,35,16,19,0,0,0
2025-05-16 16:45,33,23,10,0,0,0
2025-05-16 17:00,36,21,15,0,0,0
2025-05-16 17:15,36,19,17,0,0,0
2025-05-16 17:30,27,16,11,0,0,0
2025-05-16 17:45,28,16,12,0,0,0
2025-05-16 18:00,49,26,23,0,0,0
2025-05-16 18:15,37,19,18,0,0,0
2025-05-16 18:30,33,10,23,0,0,0
2025-05-16 18:45,36,28,8,0,0,0
2025-05-16 19:00,25,13,12,0,0,0
2025-05-16 19:15,36,11,25,0,0,0
2025-05-16 19:30,14,7,7,0,0,0
2025-05-16 19:45,24,13,11,0,0,0
2025-05-16 20:00,18,9,9,0,0,0
2025-05-16 20:15,23,17,6,0,0,0
2025-05-16 20:30,10,2,8,0,0,0
2025-05-16 20:45,9,4,5,0,0,0
2025-05-16 21:00,7,2,5,0,0,0
2025-05-16 21:15,10,4,6,0,0,0
2025-05-16 21:30,17,8,9,0,0,0
2025-05-16 21:45,8,5,3,0,0,0
2025-05-16 22:00,9,4,5,0,0,0
2025-05-16 22:15,10,3,7,0,0,0
2025-05-16 22:30,7,3,4,0,0,0
2025-05-16 22:45,5,1,4,0,0,0
2025-05-16 23:00,10,3,7,0,0,0
2025-05-16 23:15,7,0,7,0,0,0
2025-05-16 23:30,6,2,4,0,0,0
2025-05-16 23:45,4,0,4,0,0,0
2025-05-17 00:00,1,0,1,0,0,0
2025-05-17 00:15,4,3,1,0,0,0
2025-05-17 00:30,11,6,5,0,0,0
2025-05-17 00:45,4,1,3,0,0,0
2025-05-17 01:00,7,1,6,0,0,0
2025-05-17 01:15,3,0,3,0,0,0
2025-05-17 01:30,0,0,0,0,0,0
2025-05-17 01:45,2,0,2,0,0,0
2025-05-17 02:00,3,0,3,0,0,0
2025-05-17 02:15,4,2,2,0,0,0
2025-05-17 02:30,1,0,1,0,0,0
2025-05-17 02:45,1,1,0,0,0,0
2025-05-17 03:00,1,1,0,0,0,0
2025-05-17 03:15,1,0,1,0,0,0
2025-05-17 03:30,0,0,0,0,0,0
2025-05-17 03:45,1,0,1,0,0,0
2025-05-17 04:00,1,0,1,0,0,0
2025-05-17 04:15,0,0,0,0,0,0
2025-05-17 04:30,1,1,0,0,0,0
2025-05-17 04:45,2,2,0,0,0,0
2025-05-17 05:00,2,2,0,0,0,0
2025-05-17 05:15,2,2,0,0,0,0
2025-05-17 05:30,4,4,0,0,0,0
2025-05-17 05:45,4,4,0,0,0,0
2025-05-17 06:00,6,6,0,0,0,0
2025-05-17 06:15,1,1,0,0,0,0
2025-05-17 06:30,4,2,2,0,0,0
2025-05-17 06:45,8,6,2,0,0,0
2025-05-17 07:00,7,5,2,0,0,0
2025-05-17 07:15,10,8,2,0,0,0
2025-05-17 07:30,18,18,0,0,0,0
2025-05-17 07:45,15,12,3,0,0,0
2025-05-17 08:00,25,16,9,0,0,0
2025-05-17 08:15,22,16,6,0,0,0
2025-05-17 08:30,29,22,7,0,0,0
2025-05-17 08:45,24,18,6,0,0,0
2025-05-17 09:00,43,37,6,0,0,0
2025-05-17 09:15,33,26,7,0,0,0
2025-05-17 09:30,27,17,10,0,0,0
2025-05-17 09:45,53,41,12,0,0,0
2025-05-17 10:00,41,35,6,0,0,0
2025-05-17 10:15,48,37,11,0,0,0
2025-05-17 10:30,47,34,13,0,0,0
2025-05-17 10:45,68,44,24,0,0,0
2025-05-17 11:00,58,35,23,0,0,0
2025-05-17 11:15,50,32,18,0,0,0
2025-05-17 11:30,40,25,15,0,0,0
2025-05-17 11:45,38,26,12,0,0,0
2025-05-17 12:00,45,26,19,0,0,0
2025-05-17 12:15,49,36,13,0,0,0
2025-05-17 12:30,39,25,14,0,0,0
2025-05-17 12:45,48,29,19,0,0,0
2025-05-17 13:00,32,13,19,0,0,0
2025-05-17 13:15,43,17,26,0,0,0
2025-05-17 13:30,58,28,30,0,0,0
2025-05-17 13:45,37,16,21,0,0,0
2025-05-17 14:00,35,18,17,0,0,0
2025-05-17 14:15,35,20,15,0,0,0
2025-05-17 14:30,39,23,16,0,0,0
2025-05-17 14:45,44,22,22,0,0,0
2025-05-17 15:00,44,21,23,0,0,0
2025-05-17 15:15,31,14,17,0,0,0
2025-05-17 15:30,27,12,15,0,0,0
2025-05-17 15:45,26,10,16,0,0,0
2025-05-17 16:00,33,23,10,0,0,0
2025-05-17 16:15,40,19,21,0,0,0
2025-05-17 16:30,27,11,16,0,0,0
2025-05-17 16:45,28,7,21,0,0,0
2025-05-17 17:00,25,13,12,0,0,0
2025-05-17 17:15,27,18,9,0,0,0
2025-05-17 17:30,24,10,14,0,0,0
2025-05-17 17:45,25,11,14,0,0,0
2025-05-17 18:00,17,9,8,0,0,0
2025-05-17 18:15,23,8,15,0,0,0
2025-05-17 18:30,21,13,8,0,0,0
2025-05-17 18:45,24,14,10,0,0,0
2025-05-17 19:00,15,6,9,0,0,0
2025-05-17 19:15,20,8,12,0,0,0
2025-05-17 19:30,21,14,7,0,0,0
2025-05-17 19:45,14,13,1,0,0,0
2025-05-17 20:00,13,8,5,0,0,0
2025-05-17 20:15,9,4,5,0,0,0
2025-05-17 20:30,10,2,8,0,0,0
2025-05-17 20:45,17,7,10,0,0,0
2025-05-17 21:00,5,1,4,0,0,0
2025-05-17 21:15,10,4,6,0,0,0
2025-05-17 21:30,6,3,3,0,0,0
2025-05-17 21:45,8,4,4,0,0,0
2025-05-17 22:00,14,6,8,0,0,0
2025-05-17 22:15,13,4,9,0,0,0
2025-05-17 22:30,6,2,4,0,0,0
2025-05-17 22:45,10,4,6,0,0,0
2025-05-17 23:00,5,1,4,0,0,0
2025-05-17 23:15,4,1,3,0,0,0
2025-05-17 23:30,5,2,3,0,0,0
2025-05-17 23:45,3,2,1,0,0,0
2025-05-18 00:00,5,1,4,0,0,0
2025-05-18 00:15,3,3,0,0,0,0
2025-05-18 00:30,6,0,6,0,0,0
2025-05-18 00:45,6,2,4,0,0,0
2025-05-18 01:00,5,1,4,0,0,0
2025-05-18 01:15,2,1,1,0,0,0
2025-05-18 01:30,2,2,0,0,0,0
2025-05-18 01:45,7,4,3,0,0,0
2025-05-18 02:00,2,1,1,0,0,0
2025-05-18 02:15,6,4,2,0,0,0
2025-05-18 02:30,2,1,1,0,0,0
2025-05-18 02:45,2,1,1,0,0,0
2025-05-18 03:00,2,1,1,0,0,0
2025-05-18 03:15,1,0,1,0,0,0
2025-05-18 03:30,1,1,0,0,0,0
2025-05-18 03:45,0,0,0,0,0,0
2025-05-18 04:00,0,0,0,0,0,0
2025-05-18 04:15,2,1,1,0,0,0
2025-05-18 04:30,0,0,0,0,0,0
2025-05-18 04:45,2,2,0,0,0,0
2025-05-18 05:00,0,0,0,0,0,0
2025-05-18 05:15,2,2,0,0,0,0
2025-05-18 05:30,2,1,1,0,0,0
2025-05-18 05:45,3,3,0,0,0,0
2025-05-18 06:00,0,0,0,0,0,0
2025-05-18 06:15,1,1,0,0,0,0
2025-05-18 06:30,1,0,1,0,0,0
2025-05-18 06:45,3,1,2,0,0,0
2025-05-18 07:00,2,1,1,0,0,0
2025-05-18 07:15,1,1,0,0,0,0
2025-05-18 07:30,0,0,0,0,0,0
2025-05-18 07:45,4,1,3,0,0,0
2025-05-18 08:00,3,3,0,0,0,0
2025-05-18 08:15,7,5,2,0,0,0
2025-05-18 08:30,5,3,2,0,0,0
2025-05-18 08:45,11,7,4,0,0,0
2025-05-18 09:00,4,2,2,0,0,0
2025-05-18 09:15,2,0,2,0,0,0
2025-05-18 09:30,10,7,3,0,0,0
2025-05-18 09:45,12,8,4,0,0,0
2025-05-18 10:00,11,7,4,0,0,0
2025-05-18 10:15,5,5,0,0,0,0
2025-05-18 10:30,5,3,2,0,0,0
2025-05-18 10:45,13,9,4,0,0,0
2025-05-18 11:00,7,4,3,0,0,0
2025-05-18 11:15,9,8,1,0,0,0
2025-05-18 11:30,10,7,3,0,0,0
2025-05-18 11:45,16,8,8,0,0,0
2025-05-18 12:00,20,10,10,0,0,0
2025-05-18 12:15,15,10,5,0,0,0
2025-05-18 12:30,19,4,15,0,0,0
2025-05-18 12:45,20,13,7,0,0,0
2025-05-18 13:00,19,12,7,0,0,0
2025-05-18 13:15,26,11,15,0,0,0
2025-05-18 13:30,17,9,8,0,0,0
2025-05-18 13:45,29,11,18,0,0,0
2025-05-18 14:00,20,10,10,0,0,0
2025-05-18 14:15,24,14,10,0,0,0
2025-05-18 14:30,20,14,6,0,0,0
2025-05-18 14:45,26,20,6,0,0,0
2025-05-18 15:00,40,24,16,0,0,0
2025-05-18 15:15,20,12,8,0,0,0
2025-05-18 15:30,13,6,7,0,0,0
2025-05-18 15:45,23,16,7,0,0,0
2025-05-18 16:00,12,10,2,0,0,0
2025-05-18 16:15,20,13,7,0,0,0
2025-05-18 16:30,10,8,2,0,0,0
2025-05-18 16:45,21,13,8,0,0,0
2025-05-18 17:00,10,5,5,0,0,0
2025-05-18 17:15,24,10,14,0,0,0
2025-05-18 17:30,13,6,7,0,0,0
2025-05-18 17:45,33,19,14,0,0,0
2025-05-18 18:00,27,18,9,0,0,0
2025-05-18 18:15,18,12,6,0,0,0
2025-05-18 18:30,19,7,12,0,0,0
2025-05-18 18:45,22,15,7,0,0,0
2025-05-18 19:00,19,8,11,0,0,0
2025-05-18 19:15,12,3,9,0,0,0
2025-05-18 19:30,18,13,5,0,0,0
2025-05-18 19:45,6,0,6,0,0,0
2025-05-18 20:00,7,3,4,0,0,0
2025-05-18 20:15,11,5,6,0,0,0
2025-05-18 20:30,9,2,7,0,0,0
2025-05-18 20:45,9,5,4,0,0,0
2025-05-18 21:00,4,3,1,0,0,0
2025-05-18 21:15,5,3,2,0,0,0
2025-05-18 21:30,5,3,2,0,0,0
2025-05-18 21:45,5,2,3,0,0,0
2025-05-18 22:00,6,5,1,0,0,0
2025-05-18 22:15,1,0,1,0,0,0
2025-05-18 22:30,2,0,2,0,0,0
2025-05-18 22:45,2,2,0,0,0,0
2025-05-18 23:00,0,0,0,0,0,0
2025-05-18 23:15,1,0,1,0,0,0
2025-05-18 23:30,2,0,2,0,0,0
2025-05-18 23:45,3,1,2,0,0,0
2025-05-19 00:00,0,0,0,0,0,0
2025-05-19 00:15,0,0,0,0,0,0
2025-05-19 00:30,0,0,0,0,0,0
2025-05-19 00:45,2,0,2,0,0,0
2025-05-19 01:00,0,0,0,0,0,0
2025-05-19 01:15,1,0,1,0,0,0
2025-05-19 01:30,0,0,0,0,0,0
2025-05-19 01:45,0,0,0,0,0,0
2025-05-19 02:00,0,0,0,0,0,0
2025-05-19 02:15,1,0,1,0,0,0
2025-05-19 02:30,0,0,0,0,0,0
2025-05-19 02:45,1,1,0,0,0,0
2025-05-19 03:00,0,0,0,0,0,0
2025-05-19 03:15,1,0,1,0,0,0
2025-05-19 03:30,2,2,0,0,0,0
2025-05-19 03:45,0,0,0,0,0,0
2025-05-19 04:00,1,0,1,0,0,0
2025-05-19 04:15,0,0,0,0,0,0
2025-05-19 04:30,0,0,0,0,0,0
2025-05-19 04:45,1,1,0,0,0,0
2025-05-19 05:00,3,3,0,0,0,0
2025-05-19 05:15,1,1,0,0,0,0
2025-05-19 05:30,4,4,0,0,0,0
2025-05-19 05:45,0,0,0,0,0,0
2025-05-19 06:00,6,5,1,0,0,0
2025-05-19 06:15,9,9,0,0,0,0
2025-05-19 06:30,8,6,2,0,0,0
2025-05-19 06:45,25,14,11,0,0,0
2025-05-19 07:00,25,21,4,0,0,0
2025-05-19 07:15,57,45,12,0,0,0
2025-05-19 07:30,76,69,7,0,0,0
2025-05-19 07:45,67,47,20,0,0,0
2025-05-19 08:00,51,44,7,0,0,0
2025-05-19 08:15,48,38,10,0,0,0
2025-05-19 08:30,31,24,7,0,0,0
2025-05-19 08:45,50,36,14,0,0,0
2025-05-19 09:00,26,18,8,0,0,0
2025-05-19 09:15,38,26,12,0,0,0
2025-05-19 09:30,39,31,8,0,0,0
2025-05-19 09:45,45,32,13,0,0,0
2025-05-19 10:00,39,27,12,0,0,0
2025-05-19 10:15,38,20,18,0,0,0
2025-05-19 10:30,21,13,8,0,0,0
2025-05-19 10:45,25,20,5,0,0,0
2025-05-19 11:00,19,15,4,0,0,0
2025-05-19 11:15,19,14,5,0,0,0
2025-05-19 11:30,24,15,9,0,0,0
2025-05-19 11:45,36,18,18,0,0,0
2025-05-19 12:00,32,18,14,0,0,0
2025-05-19 12:15,27,12,15,0,0,0
2025-05-19 12:30,19,9,10,0,0,0
2025-05-19 12:45,27,14,13,0,0,0
2025-05-19 13:00,36,16,20,0,0,0
2025-05-19 13:15,33,15,18,0,0,0
2025-05-19 13:30,32,13,19,0,0,0
2025-05-19 13:45,35,19,16,0,0,0
2025-05-19 14:00,32,8,24,0,0,0
2025-05-19 14:15,36,21,15,0,0,0
2025-05-19 14:30,31,17,14,0,0,0
2025-05-19 14:45,48,35,13,0,0,0
2025-05-19 15:00,56,29,27,0,0,0
2025-05-19 15:15,42,19,23,0,0,0
2025-05-19 15:30,51,27,24,0,0,0
2025-05-19 15:45,46,22,24,0,0,0
2025-05-19 16:00,55,31,24,0,0,0
2025-05-19 16:15,48,20,28,0,0,0
2025-05-19 16:30,40,16,24,0,0,0
2025-05-19 16:45,48,26,22,0,0,0
2025-05-19 17:00,43,23,20,0,0,0
2025-05-19 17:15,44,15,29,0,0,0
2025-05-19 17:30,49,22,27,0,0,0
2025-05-19 17:45,48,21,27,0,0,0
2025-05-19 18:00,41,26,15,0,0,0
2025-05-19 18:15,32,19,13,0,0,0
2025-05-19 18:30,23,10,13,0,0,0
2025-05-19 18:45,37,21,16,0,0,0
2025-05-19 19:00,25,8,17,0,0,0
2025-05-19 19:15,21,10,11,0,0,0
2025-05-19 19:30,23,10,13,0,0,0
2025-05-19 19:45,17,8,9,0,0,0
2025-05-19 20:00,31,5,26,0,0,0
2025-05-19 20:15,20,8,12,0,0,0
2025-05-19 20:30,19,8,11,0,0,0
2025-05-19 20:45,14,2,12,0,0,0
2025-05-19 21:00,13,2,11,0,0,0
2025-05-19 21:15,17,9,8,0,0,0
2025-05-19 21:30,8,2,6,0,0,0
2025-05-19 21:45,14,5,9,0,0,0
2025-05-19 22:00,2,1,1,0,0,0
2025-05-19 22:15,12,3,9,0,0,0
2025-05-19 22:30,7,3,4,0,0,0
2025-05-19 22:45,6,4,2,0,0,0
2025-05-19 23:00,2,1,1,0,0,0
2025-05-19 23:15,2,0,2,0,0,0
2025-05-19 23:30,3,0,3,0,0,0
2025-05-19 23:45,2,1,1,0,0,0
2025-05-20 00:00,1,0,1,0,0,0
2025-05-20 00:15,3,1,2,0,0,0
2025-05-20 00:30,0,0,0,0,0,0
2025-05-20 00:45,1,1,0,0,0,0
2025-05-20 01:00,1,0,1,0,0,0
2025-05-20 01:15,1,0,1,0,0,0
2025-05-20 01:30,0,0,0,0,0,0
2025-05-20 01:45,0,0,0,0,0,0
2025-05-20 02:00,0,0,0,0,0,0
2025-05-20 02:15,0,0,0,0,0,0
2025-05-20 02:30,0,0,0,0,0,0
2025-05-20 02:45,0,0,0,0,0,0
2025-05-20 03:00,0,0,0,0,0,0
2025-05-20 03:15,0,0,0,0,0,0
2025-05-20 03:30,0,0,0,0,0,0
2025-05-20 03:45,1,0,1,0,0,0
2025-05-20 04:00,0,0,0,0,0,0
2025-05-20 04:15,0,0,0,0,0,0
2025-05-20 04:30,1,1,0,0,0,0
2025-05-20 04:45,0,0,0,0,0,0
2025-05-20 05:00,6,4,2,0,0,0
2025-05-20 05:15,6,4,2,0,0,0
2025-05-20 05:30,1,1,0,0,0,0
2025-05-20 05:45,7,6,1,0,0,0
2025-05-20 06:00,9,7,2,0,0,0
2025-05-20 06:15,14,12,2,0,0,0
2025-05-20 06:30,6,3,3,0,0,0
2025-05-20 06:45,24,17,7,0,0,0
2025-05-20 07:00,37,26,11,0,0,0
2025-05-20 07:15,51,43,8,0,0,0
2025-05-20 07:30,88,76,12,0,0,0
2025-05-20 07:45,56,50,6,0,0,0
2025-05-20 08:00,44,31,13,0,0,0
2025-05-20 08:15,40,35,5,0,0,0
2025-05-20 08:30,49,41,8,0,0,0
2025-05-20 08:45,44,33,11,0,0,0
2025-05-20 09:00,34,26,8,0,0,0
2025-05-20 09:15,23,17,6,0,0,0
2025-05-20 09:30,24,16,8,0,0,0
2025-05-20 09:45,41,27,14,0,0,0
2025-05-20 10:00,26,23,3,0,0,0
2025-05-20 10:15,21,9,12,0,0,0
2025-05-20 10:30,19,11,8,0,0,0
2025-05-20 10:45,35,24,11,0,0,0
2025-05-20 11:00,38,22,16,0,0,0
2025-05-20 11:15,40,26,14,0,0,0
2025-05-20 11:30,28,16,12,0,0,0
2025-05-20 11:45,41,25,16,0,0,0
2025-05-20 12:00,26,16,10,0,0,0
2025-05-20 12:15,32,17,15,0,0,0
2025-05-20 12:30,53,24,29,0,0,0
2025-05-20 12:45,38,17,21,0,0,0
2025-05-20 13:00,29,13,16,0,0,0
2025-05-20 13:15,40,21,19,0,0,0
2025-05-20 13:30,14,8,6,0,0,0
2025-05-20 13:45,37,19,18,0,0,0
2025-05-20 14:00,44,12,32,0,0,0
2025-05-20 14:15,43,29,14,0,0,0
2025-05-20 14:30,37,23,14,0,0,0
2025-05-20 14:45,30,15,15,0,0,0
2025-05-20 15:00,53,25,28,0,0,0
2025-05-20 15:15,50,21,29,0,0,0
2025-05-20 15:30,48,21,27,0,0,0
2025-05-20 15:45,51,28,23,0,0,0
2025-05-20 16:00,66,29,37,0,0,0
2025-05-20 16:15,42,17,25,0,0,0
2025-05-20 16:30,42,22,20,0,0,0
2025-05-20 16:45,37,17,20,0,0,0
2025-05-20 17:00,42,22,20,0,0,0
2025-05-20 17:15,58,23,35,0,0,0
2025-05-20 17:30,50,21,29,0,0,0
2025-05-20 17:45,45,24,21,0,0,0
2025-05-20 18:00,49,12,37,0,0,0
2025-05-20 18:15,37,23,14,0,0,0
2025-05-20 18:30,25,12,13,0,0,0
2025-05-20 18:45,32,17,15,0,0,0
2025-05-20 19:00,36,7,29,0,0,0
2025-05-20 19:15,26,15,11,0,0,0
2025-05-20 19:30,23,9,14,0,0,0
2025-05-20 19:45,30,16,14,0,0,0
2025-05-20 20:00,17,7,10,0,0,0
2025-05-20 20:15,13,8,5,0,0,0
2025-05-20 20:30,15,11,4,0,0,0
2025-05-20 20:45,12,4,8,0,0,0
2025-05-20 21:00,12,4,8,0,0,0
2025-05-20 21:15,6,4,2,0,0,0
2025-05-20 21:30,12,7,5,0,0,0
2025-05-20 21:45,16,7,9,0,0,0
2025-05-20 22:00,14,3,11,0,0,0
2025-05-20 22:15,5,0,5,0,0,0
2025-05-20 22:30,4,0,4,0,0,0
2025-05-20 22:45,8,0,8,0,0,0
2025-05-20 23:00,4,4,0,0,0,0
2025-05-20 23:15,13,4,9,0,0,0
2025-05-20 23:30,4,4,0,0,0,0
2025-05-20 23:45,0,0,0,0,0,0
2025-05-21 00:00,2,1,1,0,0,0
2025-05-21 00:15,2,0,2,0,0,0
2025-05-21 00:30,6,2,4,0,0,0
2025-05-21 00:45,2,2,0,0,0,0
2025-05-21 01:00,0,0,0,0,0,0
2025-05-21 01:15,0,0,0,0,0,0
2025-05-21 01:30,0,0,0,0,0,0
2025-05-21 01:45,0,0,0,0,0,0
2025-05-21 02:00,0,0,0,0,0,0
2025-05-21 02:15,4,4,0,0,0,0
2025-05-21 02:30,1,0,1,0,0,0
2025-05-21 02:45,0,0,0,0,0,0
2025-05-21 03:00,0,0,0,0,0,0
2025-05-21 03:15,0,0,0,0,0,0
2025-05-21 03:30,2,2,0,0,0,0
2025-05-21 03:45,0,0,0,0,0,0
2025-05-21 04:00,0,0,0,0,0,0
2025-05-21 04:15,0,0,0,0,0,0
2025-05-21 04:30,0,0,0,0,0,0
2025-05-21 04:45,2,2,0,0,0,0
2025-05-21 05:00,1,1,0,0,0,0
2025-05-21 05:15,2,1,1,0,0,0
2025-05-21 05:30,2,1,1,0,0,0
2025-05-21 05:45,5,5,0,0,0,0
2025-05-21 06:00,9,8,1,0,0,0
2025-05-21 06:15,16,11,5,0,0,0
2025-05-21 06:30,17,13,4,0,0,0
2025-05-21 06:45,18,17,1,0,0,0
2025-05-21 07:00,29,23,6,0,0,0
2025-05-21 07:15,48,45,3,0,0,0
2025-05-21 07:30,111,88,23,0,0,0
2025-05-21 07:45,80,64,16,0,0,0
2025-05-21 08:00,65,50,15,0,0,0
2025-05-21 08:15,58,31,27,0,0,0
2025-05-21 08:30,31,25,6,0,0,0
2025-05-21 08:45,34,27,7,0,0,0
2025-05-21 09:00,35,15,20,0,0,0
2025-05-21 09:15,39,34,5,0,0,0
2025-05-21 09:30,58,42,16,0,0,0
2025-05-21 09:45,47,35,12,0,0,0
2025-05-21 10:00,46,33,13,0,0,0
2025-05-21 10:15,43,33,10,0,0,0
2025-05-21 10:30,32,21,11,0,0,0
2025-05-21 10:45,31,17,14,0,0,0
2025-05-21 11:00,32,20,12,0,0,0
2025-05-21 11:15,43,19,24,0,0,0
2025-05-21 11:30,47,23,24,0,0,0
2025-05-21 11:45,49,29,20,0,0,0
2025-05-21 12:00,47,27,20,0,0,0
2025-05-21 12:15,31,18,13,0,0,0
2025-05-21 12:30,36,14,22,0,0,0
2025-05-21 12:45,40,23,17,0,0,0
2025-05-21 13:00,45,26,19,0,0,0
2025-05-21 13:15,46,25,21,0,0,0
2025-05-21 13:30,43,23,20,0,0,0
2025-05-21 13:45,55,33,22,0,0,0
2025-05-21 14:00,43,18,25,0,0,0
2025-05-21 14:15,35,13,22,0,0,0
2025-05-21 14:30,44,23,21,0,0,0
2025-05-21 14:45,44,17,27,0,0,0
2025-05-21 15:00,53,26,27,0,0,0
2025-05-21 15:15,45,22,23,0,0,0
2025-05-21 15:30,59,21,38,0,0,0
2025-05-21 15:45,52,28,24,0,0,0
2025-05-21 16:00,45,23,22,0,0,0
2025-05-21 16:15,49,24,25,0,0,0
2025-05-21 16:30,50,23,27,0,0,0
2025-05-21 16:45,42,28,14,0,0,0
2025-05-21 17:00,40,10,30,0,0,0
2025-05-21 17:15,43,25,18,0,0,0
2025-05-21 17:30,48,18,30,0,0,0
2025-05-21 17:45,39,19,20,0,0,0
2025-05-21 18:00,52,24,28,0,0,0
2025-05-21 18:15,28,11,17,0,0,0
2025-05-21 18:30,26,17,9,0,0,0
2025-05-21 18:45,39,21,18,0,0,0
2025-05-21 19:00,26,12,14,0,0,0
2025-05-21 19:15,35,15,20,0,0,0
2025-05-21 19:30,25,14,11,0,0,0
2025-05-21 19:45,27,15,12,0,0,0
2025-05-21 20:00,18,8,10,0,0,0
2025-05-21 20:15,20,7,13,0,0,0
2025-05-21 20:30,18,11,7,0,0,0
2025-05-21 20:45,7,3,4,0,0,0
2025-05-21 21:00,9,6,3,0,0,0
2025-05-21 21:15,19,12,7,0,0,0
2025-05-21 21:30,8,5,3,0,0,0
2025-05-21 21:45,9,4,5,0,0,0
2025-05-21 22:00,16,2,14,0,0,0
2025-05-21 22:15,14,4,10,0,0,0
2025-05-21 22:30,13,3,10,0,0,0
2025-05-21 22:45,7,3,4,0,0,0
2025-05-21 23:00,12,1,11,0,0,0
2025-05-21 23:15,7,4,3,0,0,0
2025-05-21 23:30,5,3,2,0,0,0
2025-05-21 23:45,7,5,2,0,0,0
2025-05-22 00:00,1,0,1,0,0,0
2025-05-22 00:15,0,0,0,0,0,0
2025-05-22 00:30,1,0,1,0,0,0
2025-05-22 00:45,0,0,0,0,0,0
2025-05-22 01:00,2,0,2,0,0,0
2025-05-22 01:15,1,0,1,0,0,0
2025-05-22 01:30,0,0,0,0,0,0
2025-05-22 01:45,3,1,2,0,0,0
2025-05-22 02:00,0,0,0,0,0,0
2025-05-22 02:15,0,0,0,0,0,0
2025-05-22 02:30,0,0,0,0,0,0
2025-05-22 02:45,0,0,0,0,0,0
2025-05-22 03:00,0,0,0,0,0,0
2025-05-22 03:15,1,0,1,0,0,0
2025-05-22 03:30,1,1,0,0,0,0
2025-05-22 03:45,0,0,0,0,0,0
2025-05-22 04:00,0,0,0,0,0,0
2025-05-22 04:15,0,0,0,0,0,0
2025-05-22 04:30,0,0,0,0,0,0
2025-05-22 04:45,1,1,0,0,0,0
2025-05-22 05:00,1,1,0,0,0,0
2025-05-22 05:15,2,2,0,0,0,0
2025-05-22 05:30,1,1,0,0,0,0
2025-05-22 05:45,3,3,0,0,0,0
2025-05-22 06:00,10,8,2,0,0,0
2025-05-22 06:15,5,5,0,0,0,0
2025-05-22 06:30,5,5,0,0,0,0
2025-05-22 06:45,9,9,0,0,0,0
2025-05-22 07:00,28,20,8,0,0,0
2025-05-22 07:15,39,34,5,0,0,0
2025-05-22 07:30,83,68,15,0,0,0
2025-05-22 07:45,49,42,7,0,0,0
2025-05-22 08:00,46,35,11,0,0,0
2025-05-22 08:15,41,31,10,0,0,0
2025-05-22 08:30,47,37,10,0,0,0
2025-05-22 08:45,41,35,6,0,0,0
2025-05-22 09:00,26,20,6,0,0,0
2025-05-22 09:15,24,23,1,0,0,0
2025-05-22 09:30,33,26,7,0,0,0
2025-05-22 09:45,35,22,13,0,0,0
2025-05-22 10:00,28,21,7,0,0,0
2025-05-22 10:15,19,14,5,0,0,0
2025-05-22 10:30,24,18,6,0,0,0
2025-05-22 10:45,23,16,7,0,0,0
2025-05-22 11:00,27,21,6,0,0,0
2025-05-22 11:15,38,23,15,0,0,0
2025-05-22 11:30,26,14,12,0,0,0
2025-05-22 11:45,39,24,15,0,0,0
2025-05-22 12:00,30,17,13,0,0,0
2025-05-22 12:15,17,7,10,0,0,0
2025-05-22 12:30,39,10,29,0,0,0
2025-05-22 12:45,29,13,16,0,0,0
2025-05-22 13:00,37,12,25,0,0,0
2025-05-22 13:15,25,12,13,0,0,0
2025-05-22 13:30,27,17,10,0,0,0
2025-05-22 13:45,32,22,10,0,0,0
2025-05-22 14:00,36,12,24,0,0,0
2025-05-22 14:15,25,11,14,0,0,0
2025-05-22 14:30,27,10,17,0,0,0
2025-05-22 14:45,47,26,21,0,0,0
2025-05-22 15:00,18,10,8,0,0,0
2025-05-22 15:15,33,16,17,0,0,0
2025-05-22 15:30,43,27,16,0,0,0
2025-05-22 15:45,41,22,19,0,0,0
2025-05-22 16:00,39,20,19,0,0,0
2025-05-22 16:15,37,20,17,0,0,0
2025-05-22 16:30,42,18,24,0,0,0
2025-05-22 16:45,31,20,11,0,0,0
2025-05-22 17:00,40,18,22,0,0,0
2025-05-22 17:15,28,20,8,0,0,0
2025-05-22 17:30,33,12,21,0,0,0
2025-05-22 17:45,42,23,19,0,0,0
2025-05-22 18:00,44,21,23,0,0,0
2025-05-22 18:15,33,13,20,0,0,0
2025-05-22 18:30,26,11,15,0,0,0
2025-05-22 18:45,44,17,27,0,0,0
2025-05-22 19:00,25,8,17,0,0,0
2025-05-22 19:15,17,14,3,0,0,0
2025-05-22 19:30,21,6,15,0,0,0
2025-05-22 19:45,13,8,5,0,0,0
2025-05-22 20:00,15,5,10,0,0,0
2025-05-22 20:15,16,7,9,0,0,0
2025-05-22 20:30,14,7,7,0,0,0
2025-05-22 20:45,8,1,7,0,0,0
2025-05-22 21:00,12,3,9,0,0,0
2025-05-22 21:15,6,1,5,0,0,0
2025-05-22 21:30,14,0,14,0,0,0
2025-05-22 21:45,5,2,3,0,0,0
2025-05-22 22:00,8,0,8,0,0,0
2025-05-22 22:15,9,2,7,0,0,0
2025-05-22 22:30,9,2,7,0,0,0
2025-05-22 22:45,4,0,4,0,0,0
2025-05-22 23:00,7,1,6,0,0,0
2025-05-22 23:15,9,2,7,0,0,0
2025-05-22 23:30,2,1,1,0,0,0
2025-05-22 23:45,1,0,1,0,0,0
2025-05-23 00:00,2,1,1,0,0,0
2025-05-23 00:15,0,0,0,0,0,0
2025-05-23 00:30,1,0,1,0,0,0
2025-05-23 00:45,3,0,3,0,0,0
2025-05-23 01:00,0,0,0,0,0,0
2025-05-23 01:15,0,0,0,0,0,0
2025-05-23 01:30,0,0,0,0,0,0
2025-05-23 01:45,1,1,0,0,0,0
2025-05-23 02:00,1,1,0,0,0,0
2025-05-23 02:15,0,0,0,0,0,0
2025-05-23 02:30,1,0,1,0,0,0
2025-05-23 02:45,0,0,0,0,0,0
2025-05-23 03:00,0,0,0,0,0,0
2025-05-23 03:15,1,0,1,0,0,0
2025-05-23 03:30,1,1,0,0,0,0
2025-05-23 03:45,0,0,0,0,0,0
2025-05-23 04:00,0,0,0,0,0,0
2025-05-23 04:15,0,0,0,0,0,0
2025-05-23 04:30,0,0,0,0,0,0
2025-05-23 04:45,1,1,0,0,0,0
2025-05-23 05:00,2,2,0,0,0,0
2025-05-23 05:15,1,1,0,0,0,0
2025-05-23 05:30,1,1,0,0,0,0
2025-05-23 05:45,0,0,0,0,0,0
2025-05-23 06:00,7,7,0,0,0,0
2025-05-23 06:15,7,6,1,0,0,0
2025-05-23 06:30,10,7,3,0,0,0
2025-05-23 06:45,10,9,1,0,0,0
2025-05-23 07:00,11,11,0,0,0,0
2025-05-23 07:15,37,34,3,0,0,0
2025-05-23 07:30,52,48,4,0,0,0
2025-05-23 07:45,47,40,7,0,0,0
2025-05-23 08:00,36,33,3,0,0,0
2025-05-23 08:15,24,17,7,0,0,0
2025-05-23 08:30,40,31,9,0,0,0
2025-05-23 08:45,46,41,5,0,0,0
2025-05-23 09:00,36,25,11,0,0,0
2025-05-23 09:15,18,14,4,0,0,0
2025-05-23 09:30,23,19,4,0,0,0
2025-05-23 09:45,30,27,3,0,0,0
2025-05-23 10:00,28,25,3,0,0,0
2025-05-23 10:15,20,13,7,0,0,0
2025-05-23 10:30,14,11,3,0,0,0
2025-05-23 10:45,32,19,13,0,0,0
2025-05-23 11:00,34,16,18,0,0,0
2025-05-23 11:15,24,14,10,0,0,0
2025-05-23 11:30,35,23,12,0,0,0
2025-05-23 11:45,29,18,11,0,0,0
2025-05-23 12:00,25,13,12,0,0,0
2025-05-23 12:15,33,25,8,0,0,0
2025-05-23 12:30,39,16,23,0,0,0
2025-05-23 12:45,23,11,12,0,0,0
2025-05-23 13:00,49,20,29,0,0,0
2025-05-23 13:15,41,21,20,0,0,0
2025-05-23 13:30,20,9,11,0,0,0
2025-05-23 13:45,32,14,18,0,0,0
2025-05-23 14:00,31,9,22,0,0,0
2025-05-23 14:15,36,22,14,0,0,0
2025-05-23 14:30,14,6,8,0,0,0
2025-05-23 14:45,28,9,19,0,0,0
2025-05-23 15:00,24,10,14,0,0,0
2025-05-23 15:15,30,15,15,0,0,0
2025-05-23 15:30,21,11,10,0,0,0
2025-05-23 15:45,27,13,14,0,0,0
2025-05-23 16:00,29,17,12,0,0,0
2025-05-23 16:15,29,9,20,0,0,0
2025-05-23 16:30,19,10,9,0,0,0
2025-05-23 16:45,12,10,2,0,0,0
2025-05-23 17:00,17,11,6,0,0,0
2025-05-23 17:15,27,13,14,0,0,0
2025-05-23 17:30,23,11,12,0,0,0
2025-05-23 17:45,28,15,13,0,0,0
2025-05-23 18:00,14,4,10,0,0,0
2025-05-23 18:15,14,7,7,0,0,0
2025-05-23 18:30,34,28,6,0,0,0
2025-05-23 18:45,29,13,16,0,0,0
2025-05-23 19:00,25,12,13,0,0,0
2025-05-23 19:15,21,14,7,0,0,0
2025-05-23 19:30,12,6,6,0,0,0
2025-05-23 19:45,14,7,7,0,0,0
2025-05-23 20:00,17,12,5,0,0,0
2025-05-23 20:15,9,6,3,0,0,0
2025-05-23 20:30,6,3,3,0,0,0
2025-05-23 20:45,13,2,11,0,0,0
2025-05-23 21:00,5,3,2,0,0,0
2025-05-23 21:15,9,3,6,0,0,0
2025-05-23 21:30,2,1,1,0,0,0
2025-05-23 21:45,4,2,2,0,0,0
2025-05-23 22:00,1,1,0,0,0,0
2025-05-23 22:15,2,0,2,0,0,0
2025-05-23 22:30,8,3,5,0,0,0
2025-05-23 22:45,13,5,8,0,0,0
2025-05-23 23:00,4,0,4,0,0,0
2025-05-23 23:15,3,0,3,0,0,0
2025-05-23 23:30,7,2,5,0,0,0
2025-05-23 23:45,5,2,3,0,0,0
2025-05-24 00:00,6,4,2,0,0,0
2025-05-24 00:15,6,0,6,0,0,0
2025-05-24 00:30,2,1,1,0,0,0
2025-05-24 00:45,2,0,2,0,0,0
2025-05-24 01:00,5,0,5,0,0,0
2025-05-24 01:15,3,1,2,0,0,0
2025-05-24 01:30,1,0,1,0,0,0
2025-05-24 01:45,2,2,0,0,0,0
2025-05-24 02:00,2,0,2,0,0,0
2025-05-24 02:15,1,0,1,0,0,0
2025-05-24 02:30,1,0,1,0,0,0
2025-05-24 02:45,1,0,1,0,0,0
2025-05-24 03:00,0,0,0,0,0,0
2025-05-24 03:15,2,0,2,0,0,0
2025-05-24 03:30,0,0,0,0,0,0
2025-05-24 03:45,0,0,0,0,0,0
2025-05-24 04:00,0,0,0,0,0,0
2025-05-24 04:15,1,1,0,0,0,0
2025-05-24 04:30,0,0,0,0,0,0
2025-05-24 04:45,1,1,0,0,0,0
2025-05-24 05:00,0,0,0,0,0,0
2025-05-24 05:15,2,2,0,0,0,0
2025-05-24 05:30,0,0,0,0,0,0
2025-05-24 05:45,3,3,0,0,0,0
2025-05-24 06:00,2,2,0,0,0,0
2025-05-24 06:15,2,2,0,0,0,0
2025-05-24 06:30,4,4,0,0,0,0
2025-05-24 06:45,7,4,3,0,0,0
2025-05-24 07:00,6,6,0,0,0,0
2025-05-24 07:15,6,6,0,0,0,0
2025-05-24 07:30,19,16,3,0,0,0
2025-05-24 07:45,11,9,2,0,0,0
2025-05-24 08:00,15,10,5,0,0,0
2025-05-24 08:15,15,5,10,0,0,0
2025-05-24 08:30,14,12,2,0,0,0
2025-05-24 08:45,28,20,8,0,0,0
2025-05-24 09:00,23,18,5,0,0,0
2025-05-24 09:15,28,19,9,0,0,0
2025-05-24 09:30,27,22,5,0,0,0
2025-05-24 09:45,50,43,7,0,0,0
2025-05-24 10:00,35,21,14,0,0,0
2025-05-24 10:15,42,30,12,0,0,0
2025-05-24 10:30,34,26,8,0,0,0
2025-05-24 10:45,27,14,13,0,0,0
2025-05-24 11:00,42,29,13,0,0,0
2025-05-24 11:15,40,21,19,0,0,0
2025-05-24 11:30,39,25,14,0,0,0
2025-05-24 11:45,42,31,11,0,0,0
2025-05-24 12:00,28,15,13,0,0,0
2025-05-24 12:15,44,30,14,0,0,0
2025-05-24 12:30,33,10,23,0,0,0
2025-05-24 12:45,49,36,13,0,0,0
2025-05-24 13:00,45,28,17,0,0,0
2025-05-24 13:15,20,11,9,0,0,0
2025-05-24 13:30,30,21,9,0,0,0
2025-05-24 13:45,27,14,13,0,0,0
2025-05-24 14:00,33,16,17,0,0,0
2025-05-24 14:15,32,11,21,0,0,0
2025-05-24 14:30,26,15,11,0,0,0
2025-05-24 14:45,55,36,19,0,0,0
2025-05-24 15:00,46,33,13,0,0,0
2025-05-24 15:15,30,21,9,0,0,0
2025-05-24 15:30,36,27,9,0,0,0
2025-05-24 15:45,17,13,4,0,0,0
2025-05-24 16:00,21,10,11,0,0,0
2025-05-24 16:15,31,21,10,0,0,0
2025-05-24 16:30,30,21,9,0,0,0
2025-05-24 16:45,17,7,10,0,0,0
2025-05-24 17:00,22,11,11,0,0,0
2025-05-24 17:15,35,14,21,0,0,0
2025-05-24 17:30,9,4,5,0,0,0
2025-05-24 17:45,15,5,10,0,0,0
2025-05-24 18:00,22,6,16,0,0,0
2025-05-24 18:15,17,6,11,0,0,0
2025-05-24 18:30,29,12,17,0,0,0
2025-05-24 18:45,15,4,11,0,0,0
2025-05-24 19:00,12,9,3,0,0,0
2025-05-24 19:15,14,6,8,0,0,0
2025-05-24 19:30,12,5,7,0,0,0
2025-05-24 19:45,9,8,1,0,0,0
2025-05-24 20:00,8,3,5,0,0,0
2025-05-24 20:15,8,3,5,0,0,0
2025-05-24 20:30,2,0,2,0,0,0
2025-05-24 20:45,10,4,6,0,0,0
2025-05-24 21:00,3,2,1,0,0,0
2025-05-24 21:15,1,0,1,0,0,0
2025-05-24 21:30,6,5,1,0,0,0
2025-05-24 21:45,2,1,1,0,0,0
2025-05-24 22:00,6,1,5,0,0,0
2025-05-24 22:15,5,1,4,0,0,0
2025-05-24 22:30,9,0,9,0,0,0
2025-05-24 22:45,6,1,5,0,0,0
2025-05-24 23:00,3,2,1,0,0,0
2025-05-24 23:15,3,1,2,0,0,0
2025-05-24 23:30,4,3,1,0,0,0
2025-05-24 23:45,5,1,4,0,0,0
2025-05-25 00:00,3,1,2,0,0,0
2025-05-25 00:15,5,1,4,0,0,0
2025-05-25 00:30,4,0,4,0,0,0
2025-05-25 00:45,4,2,2,0,0,0
2025-05-25 01:00,2,1,1,0,0,0
2025-05-25 01:15,0,0,0,0,0,0
2025-05-25 01:30,2,1,1,0,0,0
2025-05-25 01:45,2,1,1,0,0,0
2025-05-25 02:00,0,0,0,0,0,0
2025-05-25 02:15,0,0,0,0,0,0
2025-05-25 02:30,1,0,1,0,0,0
2025-05-25 02:45,0,0,0,0,0,0
2025-05-25 03:00,6,4,2,0,0,0
2025-05-25 03:15,2,0,2,0,0,0
2025-05-25 03:30,4,2,2,0,0,0
2025-05-25 03:45,0,0,0,0,0,0
2025-05-25 04:00,0,0,0,0,0,0
2025-05-25 04:15,1,1,0,0,0,0
2025-05-25 04:30,1,0,1,0,0,0
2025-05-25 04:45,0,0,0,0,0,0
2025-05-25 05:00,0,0,0,0,0,0
2025-05-25 05:15,0,0,0,0,0,0
2025-05-25 05:30,0,0,0,0,0,0
2025-05-25 05:45,3,3,0,0,0,0
2025-05-25 06:00,0,0,0,0,0,0
2025-05-25 06:15,1,1,0,0,0,0
2025-05-25 06:30,0,0,0,0,0,0
2025-05-25 06:45,1,1,0,0,0,0
2025-05-25 07:00,1,1,0,0,0,0
2025-05-25 07:15,0,0,0,0,0,0
2025-05-25 07:30,1,1,0,0,0,0
2025-05-25 07:45,1,1,0,0,0,0
2025-05-25 08:00,3,1,2,0,0,0
2025-05-25 08:15,0,0,0,0,0,0
2025-05-25 08:30,5,1,4,0,0,0
2025-05-25 08:45,3,2,1,0,0,0
2025-05-25 09:00,1,0,1,0,0,0
2025-05-25 09:15,8,7,1,0,0,0
2025-05-25 09:30,5,4,1,0,0,0
2025-05-25 09:45,2,2,0,0,0,0
2025-05-25 10:00,1,1,0,0,0,0
2025-05-25 10:15,12,7,5,0,0,0
2025-05-25 10:30,3,3,0,0,0,0
2025-05-25 10:45,10,7,3,0,0,0
2025-05-25 11:00,27,11,16,0,0,0
2025-05-25 11:15,1,1,0,0,0,0
2025-05-25 11:30,2,1,1,0,0,0
2025-05-25 11:45,7,4,3,0,0,0
2025-05-25 12:00,9,7,2,0,0,0
2025-05-25 12:15,14,8,6,0,0,0
2025-05-25 12:30,8,5,3,0,0,0
2025-05-25 12:45,2,0,2,0,0,0
2025-05-25 13:00,24,11,13,0,0,0
2025-05-25 13:15,3,0,3,0,0,0
2025-05-25 13:30,14,8,6,0,0,0
2025-05-25 13:45,14,6,8,0,0,0
2025-05-25 14:00,12,8,4,0,0,0
2025-05-25 14:15,12,4,8,0,0,0
2025-05-25 14:30,7,5,2,0,0,0
2025-05-25 14:45,10,7,3,0,0,0
2025-05-25 15:00,13,8,5,0,0,0
2025-05-25 15:15,9,7,2,0,0,0
2025-05-25 15:30,15,12,3,0,0,0
2025-05-25 15:45,12,4,8,0,0,0
2025-05-25 16:00,9,8,1,0,0,0
2025-05-25 16:15,15,7,8,0,0,0
2025-05-25 16:30,17,10,7,0,0,0
2025-05-25 16:45,8,7,1,0,0,0
2025-05-25 17:00,18,12,6,0,0,0
2025-05-25 17:15,18,11,7,0,0,0
2025-05-25 17:30,18,9,9,0,0,0
2025-05-25 17:45,21,15,6,0,0,0
2025-05-25 18:00,23,14,9,0,0,0
2025-05-25 18:15,12,7,5,0,0,0
2025-05-25 18:30,8,8,0,0,0,0
2025-05-25 18:45,13,5,8,0,0,0
2025-05-25 19:00,10,4,6,0,0,0
2025-05-25 19:15,10,6,4,0,0,0
2025-05-25 19:30,10,4,6,0,0,0
2025-05-25 19:45,9,5,4,0,0,0
2025-05-25 20:00,9,4,5,0,0,0
2025-05-25 20:15,16,6,10,0,0,0
2025-05-25 20:30,4,1,3,0,0,0
2025-05-25 20:45,4,3,1,0,0,0
2025-05-25 21:00,14,3,11,0,0,0
2025-05-25 21:15,4,2,2,0,0,0
2025-05-25 21:30,2,1,1,0,0,0
2025-05-25 21:45,4,4,0,0,0,0
2025-05-25 22:00,7,2,5,0,0,0
2025-05-25 22:15,8,7,1,0,0,0
2025-05-25 22:30,2,1,1,0,0,0
2025-05-25 22:45,2,1,1,0,0,0
2025-05-25 23:00,3,1,2,0,0,0
2025-05-25 23:15,1,0,1,0,0,0
2025-05-25 23:30,0,0,0,0,0,0
2025-05-25 23:45,1,1,0,0,0,0
2025-05-26 00:00,1,0,1,0,0,0
2025-05-26 00:15,0,0,0,0,0,0
2025-05-26 00:30,0,0,0,0,0,0
2025-05-26 00:45,1,0,1,0,0,0
2025-05-26 01:00,1,0,1,0,0,0
2025-05-26 01:15,0,0,0,0,0,0
2025-05-26 01:30,0,0,0,0,0,0
2025-05-26 01:45,0,0,0,0,0,0
2025-05-26 02:00,0,0,0,0,0,0
2025-05-26 02:15,0,0,0,0,0,0
2025-05-26 02:30,1,0,1,0,0,0
2025-05-26 02:45,1,1,0,0,0,0
2025-05-26 03:00,0,0,0,0,0,0
2025-05-26 03:15,0,0,0,0,0,0
2025-05-26 03:30,0,0,0,0,0,0
2025-05-26 03:45,1,1,0,0,0,0
2025-05-26 04:00,0,0,0,0,0,0
2025-05-26 04:15,0,0,0,0,0,0
2025-05-26 04:30,0,0,0,0,0,0
2025-05-26 04:45,1,1,0,0,0,0
2025-05-26 05:00,1,1,0,0,0,0
2025-05-26 05:15,5,5,0,0,0,0
2025-05-26 05:30,1,1,0,0,0,0
2025-05-26 05:45,3,2,1,0,0,0
2025-05-26 06:00,4,4,0,0,0,0
2025-05-26 06:15,8,8,0,0,0,0
2025-05-26 06:30,8,8,0,0,0,0
2025-05-26 06:45,24,17,7,0,0,0
2025-05-26 07:00,29,25,4,0,0,0
2025-05-26 07:15,45,38,7,0,0,0
2025-05-26 07:30,64,61,3,0,0,0
2025-05-26 07:45,53,38,15,0,0,0
2025-05-26 08:00,50,36,14,0,0,0
2025-05-26 08:15,56,50,6,0,0,0
2025-05-26 08:30,23,19,4,0,0,0
2025-05-26 08:45,33,27,6,0,0,0
2025-05-26 09:00,34,18,16,0,0,0
2025-05-26 09:15,28,22,6,0,0,0
2025-05-26 09:30,36,28,8,0,0,0
2025-05-26 09:45,40,29,11,0,0,0
2025-05-26 10:00,23,16,7,0,0,0
2025-05-26 10:15,39,17,22,0,0,0
2025-05-26 10:30,29,20,9,0,0,0
2025-05-26 10:45,46,35,11,0,0,0
2025-05-26 11:00,18,11,7,0,0,0
2025-05-26 11:15,31,15,16,0,0,0
2025-05-26 11:30,35,16,19,0,0,0
2025-05-26 11:45,23,14,9,0,0,0
2025-05-26 12:00,27,12,15,0,0,0
2025-05-26 12:15,17,7,10,0,0,0
2025-05-26 12:30,23,11,12,0,0,0
2025-05-26 12:45,34,13,21,0,0,0
2025-05-26 13:00,38,25,13,0,0,0
2025-05-26 13:15,52,19,33,0,0,0
2025-05-26 13:30,25,15,10,0,0,0
2025-05-26 13:45,39,27,12,0,0,0
2025-05-26 14:00,33,10,23,0,0,0
2025-05-26 14:15,31,15,16,0,0,0
2025-05-26 14:30,30,20,10,0,0,0
2025-05-26 14:45,38,17,21,0,0,0
2025-05-26 15:00,29,12,17,0,0,0
2025-05-26 15:15,42,19,23,0,0,0
2025-05-26 15:30,43,19,24,0,0,0
2025-05-26 15:45,43,25,18,0,0,0
2025-05-26 16:00,40,20,20,0,0,0
2025-05-26 16:15,50,30,20,0,0,0
2025-05-26 16:30,40,24,16,0,0,0
2025-05-26 16:45,36,17,19,0,0,0
2025-05-26 17:00,47,21,26,0,0,0
2025-05-26 17:15,41,17,24,0,0,0
2025-05-26 17:30,46,22,24,0,0,0
2025-05-26 17:45,45,21,24,0,0,0
2025-05-26 18:00,35,12,23,0,0,0
2025-05-26 18:15,34,17,17,0,0,0
2025-05-26 18:30,26,11,15,0,0,0
2025-05-26 18:45,18,7,11,0,0,0
2025-05-26 19:00,14,5,9,0,0,0
2025-05-26 19:15,15,6,9,0,0,0
2025-05-26 19:30,14,7,7,0,0,0
2025-05-26 19:45,17,4,13,0,0,0
2025-05-26 20:00,13,2,11,0,0,0
2025-05-26 20:15,11,4,7,0,0,0
2025-05-26 20:30,14,9,5,0,0,0
2025-05-26 20:45,13,2,11,0,0,0
2025-05-26 21:00,18,9,9,0,0,0
2025-05-26 21:15,0,0,0,0,0,0
2025-05-26 21:30,6,2,4,0,0,0
2025-05-26 21:45,12,4,8,0,0,0
2025-05-26 22:00,3,1,2,0,0,0
2025-05-26 22:15,9,5,4,0,0,0
2025-05-26 22:30,4,0,4,0,0,0
2025-05-26 22:45,5,1,4,0,0,0
2025-05-26 23:00,1,0,1,0,0,0
2025-05-26 23:15,5,0,5,0,0,0
2025-05-26 23:30,0,0,0,0,0,0
2025-05-26 23:45,0,0,0,0,0,0
2025-05-27 00:00,2,0,2,0,0,0
2025-05-27 00:15,2,0,2,0,0,0
2025-05-27 00:30,4,4,0,0,0,0
2025-05-27 00:45,0,0,0,0,0,0
2025-05-27 01:00,0,0,0,0,0,0
2025-05-27 01:15,0,0,0,0,0,0
2025-05-27 01:30,0,0,0,0,0,0
2025-05-27 01:45,1,0,1,0,0,0
2025-05-27 02:00,0,0,0,0,0,0
2025-05-27 02:15,0,0,0,0,0,0
2025-05-27 02:30,0,0,0,0,0,0
2025-05-27 02:45,0,0,0,0,0,0
2025-05-27 03:00,0,0,0,0,0,0
2025-05-27 03:15,0,0,0,0,0,0
2025-05-27 03:30,1,1,0,0,0,0
2025-05-27 03:45,0,0,0,0,0,0
2025-05-27 04:00,0,0,0,0,0,0
2025-05-27 04:15,0,0,0,0,0,0
2025-05-27 04:30,0,0,0,0,0,0
2025-05-27 04:45,2,1,1,0,0,0
2025-05-27 05:00,1,1,0,0,0,0
2025-05-27 05:15,5,5,0,0,0,0
2025-05-27 05:30,1,1,0,0,0,0
2025-05-27 05:45,1,1,0,0,0,0
2025-05-27 06:00,6,5,1,0,0,0
2025-05-27 06:15,12,12,0,0,0,0
2025-05-27 06:30,6,6,0,0,0,0
2025-05-27 06:45,21,14,7,0,0,0
2025-05-27 07:00,13,10,3,0,0,0
2025-05-27 07:15,47,43,4,0,0,0
2025-05-27 07:30,62,56,6,0,0,0
2025-05-27 07:45,52,41,11,0,0,0
2025-05-27 08:00,42,34,8,0,0,0
2025-05-27 08:15,44,29,15,0,0,0
2025-05-27 08:30,36,27,9,0,0,0
2025-05-27 08:45,35,27,8,0,0,0
2025-05-27 09:00,27,22,5,0,0,0
2025-05-27 09:15,30,27,3,0,0,0
2025-05-27 09:30,24,17,7,0,0,0
2025-05-27 09:45,44,32,12,0,0,0
2025-05-27 10:00,22,17,5,0,0,0
2025-05-27 10:15,20,11,9,0,0,0
2025-05-27 10:30,31,21,10,0,0,0
2025-05-27 10:45,24,19,5,0,0,0
2025-05-27 11:00,23,19,4,0,0,0
2025-05-27 11:15,21,13,8,0,0,0
2025-05-27 11:30,29,18,11,0,0,0
2025-05-27 11:45,26,18,8,0,0,0
2025-05-27 12:00,41,26,15,0,0,0
2025-05-27 12:15,32,13,19,0,0,0
2025-05-27 12:30,32,14,18,0,0,0
2025-05-27 12:45,23,8,15,0,0,0
2025-05-27 13:00,30,8,22,0,0,0
2025-05-27 13:15,25,9,16,0,0,0
2025-05-27 13:30,31,20,11,0,0,0
2025-05-27 13:45,33,17,16,0,0,0
2025-05-27 14:00,34,18,16,0,0,0
2025-05-27 14:15,41,19,22,0,0,0
2025-05-27 14:30,29,14,15,0,0,0
2025-05-27 14:45,33,19,14,0,0,0
2025-05-27 15:00,37,19,18,0,0,0
2025-05-27 15:15,30,20,10,0,0,0
2025-05-27 15:30,36,18,18,0,0,0
2025-05-27 15:45,31,21,10,0,0,0
2025-05-27 16:00,44,19,25,0,0,0
2025-05-27 16:15,29,11,18,0,0,0
2025-05-27 16:30,25,10,15,0,0,0
2025-05-27 16:45,52,29,23,0,0,0
2025-05-27 17:00,33,14,19,0,0,0
2025-05-27 17:15,42,22,20,0,0,0
2025-05-27 17:30,32,20,12,0,0,0
2025-05-27 17:45,47,29,18,0,0,0
2025-05-27 18:00,37,11,26,0,0,0
2025-05-27 18:15,35,11,24,0,0,0
2025-05-27 18:30,21,8,13,0,0,0
2025-05-27 18:45,23,7,16,0,0,0
2025-05-27 19:00,21,7,14,0,0,0
2025-05-27 19:15,27,15,12,0,0,0
2025-05-27 19:30,21,17,4,0,0,0
2025-05-27 19:45,34,22,12,0,0,0
2025-05-27 20:00,26,20,6,0,0,0
2025-05-27 20:15,17,15,2,0,0,0
2025-05-27 20:30,17,15,2,0,0,0
2025-05-27 20:45,22,18,4,0,0,0
2025-05-27 21:00,26,21,5,0,0,0
2025-05-27 21:15,17,15,2,0,0,0
2025-05-27 21:30,13,7,6,0,0,0
2025-05-27 21:45,10,4,6,0,0,0
2025-05-27 22:00,24,20,4,0,0,0
2025-05-27 22:15,11,8,3,0,0,0
2025-05-27 22:30,6,2,4,0,0,0
2025-05-27 22:45,5,4,1,0,0,0
2025-05-27 23:00,10,10,0,0,0,0
2025-05-27 23:15,9,9,0,0,0,0
2025-05-27 23:30,8,6,2,0,0,0
2025-05-27 23:45,1,1,0,0,0,0
2025-05-28 00:00,3,2,1,0,0,0
2025-05-28 00:15,1,1,0,0,0,0
2025-05-28 00:30,6,6,0,0,0,0
2025-05-28 00:45,3,2,1,0,0,0
2025-05-28 01:00,0,0,0,0,0,0
2025-05-28 01:15,0,0,0,0,0,0
2025-05-28 01:30,0,0,0,0,0,0
2025-05-28 01:45,0,0,0,0,0,0
2025-05-28 02:00,0,0,0,0,0,0
2025-05-28 02:15,0,0,0,0,0,0
2025-05-28 02:30,1,0,1,0,0,0
2025-05-28 02:45,0,0,0,0,0,0
2025-05-28 03:00,0,0,0,0,0,0
2025-05-28 03:15,1,1,0,0,0,0
2025-05-28 03:30,1,1,0,0,0,0
2025-05-28 03:45,0,0,0,0,0,0
2025-05-28 04:00,0,0,0,0,0,0
2025-05-28 04:15,1,0,1,0,0,0
2025-05-28 04:30,0,0,0,0,0,0
2025-05-28 04:45,1,1,0,0,0,0
2025-05-28 05:00,2,1,1,0,0,0
2025-05-28 05:15,1,1,0,0,0,0
2025-05-28 05:30,1,1,0,0,0,0
2025-05-28 05:45,2,2,0,0,0,0
2025-05-28 06:00,4,4,0,0,0,0
2025-05-28 06:15,6,6,0,0,0,0
2025-05-28 06:30,8,7,1,0,0,0
2025-05-28 06:45,21,14,7,0,0,0
2025-05-28 07:00,22,20,2,0,0,0
2025-05-28 07:15,43,35,8,0,0,0
2025-05-28 07:30,62,55,7,0,0,0
2025-05-28 07:45,56,43,13,0,0,0
2025-05-28 08:00,35,26,9,0,0,0
2025-05-28 08:15,39,29,10,0,0,0
2025-05-28 08:30,46,24,22,0,0,0
2025-05-28 08:45,51,38,13,0,0,0
2025-05-28 09:00,31,26,5,0,0,0
2025-05-28 09:15,23,18,5,0,0,0
2025-05-28 09:30,42,34,8,0,0,0
2025-05-28 09:45,47,36,11,0,0,0
2025-05-28 10:00,37,30,7,0,0,0
2025-05-28 10:15,46,38,8,0,0,0
2025-05-28 10:30,35,17,18,0,0,0
2025-05-28 10:45,26,20,6,0,0,0
2025-05-28 11:00,27,22,5,0,0,0
2025-05-28 11:15,23,15,8,0,0,0
2025-05-28 11:30,34,20,14,0,0,0
2025-05-28 11:45,36,19,17,0,0,0
2025-05-28 12:00,26,20,6,0,0,0
2025-05-28 12:15,28,20,8,0,0,0
2025-05-28 12:30,21,13,8,0,0,0
2025-05-28 12:45,33,18,15,0,0,0
2025-05-28 13:00,26,11,15,0,0,0
2025-05-28 13:15,33,18,15,0,0,0
2025-05-28 13:30,25,12,13,0,0,0
2025-05-28 13:45,27,16,11,0,0,0
2025-05-28 14:00,43,11,32,0,0,0
2025-05-28 14:15,19,10,9,0,0,0
2025-05-28 14:30,26,8,18,0,0,0
2025-05-28 14:45,28,15,13,0,0,0
2025-05-28 15:00,39,31,8,0,0,0
2025-05-28 15:15,124,111,13,0,0,0
2025-05-28 15:30,51,25,26,0,0,0
2025-05-28 15:45,38,17,21,0,0,0
2025-05-28 16:00,40,11,29,0,0,0
2025-05-28 16:15,31,14,17,0,0,0
2025-05-28 16:30,37,20,17,0,0,0
2025-05-28 16:45,26,12,14,0,0,0
2025-05-28 17:00,13,6,7,0,0,0
2025-05-28 17:15,25,16,9,0,0,0
2025-05-28 17:30,26,12,14,0,0,0
2025-05-28 17:45,28,12,16,0,0,0
2025-05-28 18:00,34,15,19,0,0,0
2025-05-28 18:15,38,14,24,0,0,0
2025-05-28 18:30,24,10,14,0,0,0
2025-05-28 18:45,21,16,5,0,0,0
2025-05-28 19:00,25,11,14,0,0,0
2025-05-28 19:15,37,31,6,0,0,0
2025-05-28 19:30,17,6,11,0,0,0
2025-05-28 19:45,7,3,4,0,0,0
2025-05-28 20:00,12,6,6,0,0,0
2025-05-28 20:15,10,8,2,0,0,0
2025-05-28 20:30,8,6,2,0,0,0
2025-05-28 20:45,12,5,7,0,0,0
2025-05-28 21:00,11,8,3,0,0,0
2025-05-28 21:15,11,2,9,0,0,0
2025-05-28 21:30,10,5,5,0,0,0
2025-05-28 21:45,10,3,7,0,0,0
2025-05-28 22:00,6,1,5,0,0,0
2025-05-28 22:15,7,6,1,0,0,0
2025-05-28 22:30,9,4,5,0,0,0
2025-05-28 22:45,3,0,3,0,0,0
2025-05-28 23:00,8,2,6,0,0,0
2025-05-28 23:15,2,0,2,0,0,0
2025-05-28 23:30,7,1,6,0,0,0
2025-05-28 23:45,13,4,9,0,0,0
2025-05-29 00:00,2,0,2,0,0,0
2025-05-29 00:15,3,2,1,0,0,0
2025-05-29 00:30,1,0,1,0,0,0
2025-05-29 00:45,4,2,2,0,0,0
2025-05-29 01:00,4,0,4,0,0,0
2025-05-29 01:15,3,2,1,0,0,0
2025-05-29 01:30,2,0,2,0,0,0
2025-05-29 01:45,2,2,0,0,0,0
2025-05-29 02:00,2,0,2,0,0,0
2025-05-29 02:15,1,1,0,0,0,0
2025-05-29 02:30,0,0,0,0,0,0
2025-05-29 02:45,6,1,5,0,0,0
2025-05-29 03:00,2,0,2,0,0,0
2025-05-29 03:15,2,0,2,0,0,0
2025-05-29 03:30,1,0,1,0,0,0
2025-05-29 03:45,1,0,1,0,0,0
2025-05-29 04:00,1,0,1,0,0,0
2025-05-29 04:15,0,0,0,0,0,0
2025-05-29 04:30,0,0,0,0,0,0
2025-05-29 04:45,1,0,1,0,0,0
2025-05-29 05:00,0,0,0,0,0,0
2025-05-29 05:15,1,1,0,0,0,0
2025-05-29 05:30,1,1,0,0,0,0
2025-05-29 05:45,1,1,0,0,0,0
2025-05-29 06:00,1,1,0,0,0,0
2025-05-29 06:15,0,0,0,0,0,0
2025-05-29 06:30,1,1,0,0,0,0
2025-05-29 06:45,0,0,0,0,0,0
2025-05-29 07:00,2,1,1,0,0,0
2025-05-29 07:15,0,0,0,0,0,0
2025-05-29 07:30,0,0,0,0,0,0
2025-05-29 07:45,0,0,0,0,0,0
2025-05-29 08:00,4,3,1,0,0,0
2025-05-29 08:15,1,1,0,0,0,0
2025-05-29 08:30,1,0,1,0,0,0
2025-05-29 08:45,5,4,1,0,0,0
2025-05-29 09:00,3,0,3,0,0,0
2025-05-29 09:15,7,4,3,0,0,0
2025-05-29 09:30,15,8,7,0,0,0
2025-05-29 09:45,14,8,6,0,0,0
2025-05-29 10:00,18,5,13,0,0,0
2025-05-29 10:15,6,2,4,0,0,0
2025-05-29 10:30,5,1,4,0,0,0
2025-05-29 10:45,18,7,11,0,0,0
2025-05-29 11:00,10,6,4,0,0,0
2025-05-29 11:15,12,2,10,0,0,0
2025-05-29 11:30,21,10,11,0,0,0
2025-05-29 11:45,14,6,8,0,0,0
2025-05-29 12:00,23,13,10,0,0,0
2025-05-29 12:15,7,4,3,0,0,0
2025-05-29 12:30,12,4,8,0,0,0
2025-05-29 12:45,23,15,8,0,0,0
2025-05-29 13:00,22,14,8,0,0,0
2025-05-29 13:15,23,17,6,0,0,0
2025-05-29 13:30,14,11,3,0,0,0
2025-05-29 13:45,6,2,4,0,0,0
2025-05-29 14:00,4,3,1,0,0,0
2025-05-29 14:15,11,7,4,0,0,0
2025-05-29 14:30,15,5,10,0,0,0
2025-05-29 14:45,22,20,2,0,0,0
2025-05-29 15:00,22,15,7,0,0,0
2025-05-29 15:15,18,12,6,0,0,0
2025-05-29 15:30,12,5,7,0,0,0
2025-05-29 15:45,9,4,5,0,0,0
2025-05-29 16:00,25,11,14,0,0,0
2025-05-29 16:15,16,15,1,0,0,0
2025-05-29 16:30,17,11,6,0,0,0
2025-05-29 16:45,20,9,11,0,0,0
2025-05-29 17:00,31,8,23,0,0,0
2025-05-29 17:15,16,14,2,0,0,0
2025-05-29 17:30,14,8,6,0,0,0
2025-05-29 17:45,16,13,3,0,0,0
2025-05-29 18:00,15,9,6,0,0,0
2025-05-29 18:15,25,14,11,0,0,0
2025-05-29 18:30,6,5,1,0,0,0
2025-05-29 18:45,7,3,4,0,0,0
2025-05-29 19:00,7,2,5,0,0,0
2025-05-29 19:15,7,2,5,0,0,0
2025-05-29 19:30,5,3,2,0,0,0
2025-05-29 19:45,12,5,7,0,0,0
2025-05-29 20:00,12,8,4,0,0,0
2025-05-29 20:15,9,6,3,0,0,0
2025-05-29 20:30,2,1,1,0,0,0
2025-05-29 20:45,4,0,4,0,0,0
2025-05-29 21:00,13,10,3,0,0,0
2025-05-29 21:15,5,3,2,0,0,0
2025-05-29 21:30,6,0,6,0,0,0
2025-05-29 21:45,1,0,1,0,0,0
2025-05-29 22:00,9,2,7,0,0,0
2025-05-29 22:15,5,2,3,0,0,0
2025-05-29 22:30,4,1,3,0,0,0
2025-05-29 22:45,4,1,3,0,0,0
2025-05-29 23:00,4,3,1,0,0,0
2025-05-29 23:15,5,3,2,0,0,0
2025-05-29 23:30,8,2,6,0,0,0
2025-05-29 23:45,2,2,0,0,0,0
