Datetime,300037925 (Goldstraße),353413828 (Goldstraße [Bike Stadteinwärts]),353413829 (Goldstraße [Bike Stadtauswärts]),300037925-status,353413828-status,353413829-status
2025-05-15 10:30,27,15,12,0,0,0
2025-05-15 10:45,19,12,7,0,0,0
2025-05-15 11:00,28,14,14,0,0,0
2025-05-15 11:15,28,20,8,0,0,0
2025-05-15 11:30,18,11,7,0,0,0
2025-05-15 11:45,41,26,15,0,0,0
2025-05-15 12:00,27,14,13,0,0,0
2025-05-15 12:15,23,8,15,0,0,0
2025-05-15 12:30,24,12,12,0,0,0
2025-05-15 12:45,42,19,23,0,0,0
2025-05-15 13:00,32,11,21,0,0,0
2025-05-15 13:15,24,17,7,0,0,0
2025-05-15 13:30,28,18,10,0,0,0
2025-05-15 13:45,41,23,18,0,0,0
2025-05-15 14:00,22,10,12,0,0,0
2025-05-15 14:15,34,15,19,0,0,0
2025-05-15 14:30,44,25,19,0,0,0
2025-05-15 14:45,26,10,16,0,0,0
2025-05-15 15:00,46,22,24,0,0,0
2025-05-15 15:15,53,36,17,0,0,0
2025-05-15 15:30,45,22,23,0,0,0
2025-05-15 15:45,64,41,23,0,0,0
2025-05-15 16:00,57,33,24,0,0,0
2025-05-15 16:15,47,22,25,0,0,0
2025-05-15 16:30,39,19,20,0,0,0
2025-05-15 16:45,42,19,23,0,0,0
2025-05-15 17:00,48,19,29,0,0,0
2025-05-15 17:15,44,19,25,0,0,0
2025-05-15 17:30,38,20,18,0,0,0
2025-05-15 17:45,54,30,24,0,0,0
2025-05-15 18:00,48,19,29,0,0,0
2025-05-15 18:15,44,15,29,0,0,0
2025-05-15 18:30,39,26,13,0,0,0
2025-05-15 18:45,32,19,13,0,0,0
2025-05-15 19:00,25,13,12,0,0,0
2025-05-15 19:15,28,16,12,0,0,0
2025-05-15 19:30,28,13,15,0,0,0
2025-05-15 19:45,20,10,10,0,0,0
2025-05-15 20:00,21,9,12,0,0,0
2025-05-15 20:15,26,10,16,0,0,0
2025-05-15 20:30,14,4,10,0,0,0
2025-05-15 20:45,11,6,5,0,0,0
2025-05-15 21:00,12,1,11,0,0,0
2025-05-15 21:15,8,2,6,0,0,0
2025-05-15 21:30,5,3,2,0,0,0
2025-05-15 21:45,14,3,11,0,0,0
2025-05-15 22:00,10,2,8,0,0,0
2025-05-15 22:15,8,2,6,0,0,0
2025-05-15 22:30,9,4,5,0,0,0
2025-05-15 22:45,9,1,8,0,0,0
2025-05-15 23:00,7,3,4,0,0,0
2025-05-15 23:15,3,2,1,0,0,0
2025-05-15 23:30,2,0,2,0,0,0
2025-05-15 23:45,1,0,1,0,0,0
2025-05-16 00:00,0,0,0,0,0,0
2025-05-16 00:15,2,0,2,0,0,0
2025-05-16 00:30,0,0,0,0,0,0
2025-05-16 00:45,0,0,0,0,0,0
2025-05-16 01:00,0,0,0,0,0,0
2025-05-16 01:15,2,0,2,0,0,0
2025-05-16 01:30,0,0,0,0,0,0
2025-05-16 01:45,0,0,0,0,0,0
2025-05-16 02:00,0,0,0,0,0,0
2025-05-16 02:15,1,0,1,0,0,0
2025-05-16 02:30,2,0,2,0,0,0
2025-05-16 02:45,0,0,0,0,0,0
2025-05-16 03:00,0,0,0,0,0,0
2025-05-16 03:15,3,0,3,0,0,0
2025-05-16 03:30,1,1,0,0,0,0
2025-05-16 03:45,0,0,0,0,0,0
2025-05-16 04:00,0,0,0,0,0,0
2025-05-16 04:15,0,0,0,0,0,0
2025-05-16 04:30,0,0,0,0,0,0
2025-05-16 04:45,1,1,0,0,0,0
2025-05-16 05:00,0,0,0,0,0,0
2025-05-16 05:15,3,3,0,0,0,0
2025-05-16 05:30,3,3,0,0,0,0
2025-05-16 05:45,2,1,1,0,0,0
2025-05-16 06:00,3,2,1,0,0,0
2025-05-16 06:15,9,5,4,0,0,0
2025-05-16 06:30,10,4,6,0,0,0
2025-05-16 06:45,11,10,1,0,0,0
2025-05-16 07:00,14,13,1,0,0,0
2025-05-16 07:15,34,31,3,0,0,0
2025-05-16 07:30,76,68,8,0,0,0
2025-05-16 07:45,44,36,8,0,0,0
2025-05-16 08:00,40,27,13,0,0,0
2025-05-16 08:15,41,34,7,0,0,0
2025-05-16 08:30,26,20,6,0,0,0
2025-05-16 08:45,38,31,7,0,0,0
2025-05-16 09:00,21,17,4,0,0,0
2025-05-16 09:15,24,22,2,0,0,0
2025-05-16 09:30,25,17,8,0,0,0
2025-05-16 09:45,30,25,5,0,0,0
2025-05-16 10:00,32,20,12,0,0,0
2025-05-16 10:15,21,19,2,0,0,0
2025-05-16 10:30,23,15,8,0,0,0
2025-05-16 10:45,19,8,11,0,0,0
2025-05-16 11:00,37,21,16,0,0,0
2025-05-16 11:15,29,17,12,0,0,0
2025-05-16 11:30,35,19,16,0,0,0
2025-05-16 11:45,25,17,8,0,0,0
2025-05-16 12:00,28,16,12,0,0,0
2025-05-16 12:15,44,24,20,0,0,0
2025-05-16 12:30,29,15,14,0,0,0
2025-05-16 12:45,30,20,10,0,0,0
2025-05-16 13:00,72,28,44,0,0,0
2025-05-16 13:15,45,17,28,0,0,0
2025-05-16 13:30,36,17,19,0,0,0
2025-05-16 13:45,33,12,21,0,0,0
2025-05-16 14:00,31,12,19,0,0,0
2025-05-16 14:15,33,15,18,0,0,0
2025-05-16 14:30,39,20,19,0,0,0
2025-05-16 14:45,43,21,22,0,0,0
2025-05-16 15:00,53,26,27,0,0,0
2025-05-16 15:15,35,19,16,0,0,0
2025-05-16 15:30,57,26,31,0,0,0
2025-05-16 15:45,43,33,10,0,0,0
2025-05-16 16:00,50,28,22,0,0,0
2025-05-16 16:15,27,16,11,0,0,0
2025-05-16 16:30,35,16,19,0,0,0
2025-05-16 16:45,33,23,10,0,0,0
2025-05-16 17:00,36,21,15,0,0,0
2025-05-16 17:15,36,19,17,0,0,0
2025-05-16 17:30,27,16,11,0,0,0
2025-05-16 17:45,28,16,12,0,0,0
2025-05-16 18:00,49,26,23,0,0,0
2025-05-16 18:15,37,19,18,0,0,0
2025-05-16 18:30,33,10,23,0,0,0
2025-05-16 18:45,36,28,8,0,0,0
2025-05-16 19:00,25,13,12,0,0,0
2025-05-16 19:15,36,11,25,0,0,0
2025-05-16 19:30,14,7,7,0,0,0
2025-05-16 19:45,24,13,11,0,0,0
2025-05-16 20:00,18,9,9,0,0,0
2025-05-16 20:15,23,17,6,0,0,0
2025-05-16 20:30,10,2,8,0,0,0
2025-05-16 20:45,9,4,5,0,0,0
2025-05-16 21:00,7,2,5,0,0,0
2025-05-16 21:15,10,4,6,0,0,0
2025-05-16 21:30,17,8,9,0,0,0
2025-05-16 21:45,8,5,3,0,0,0
2025-05-16 22:00,9,4,5,0,0,0
2025-05-16 22:15,10,3,7,0,0,0
2025-05-16 22:30,7,3,4,0,0,0
2025-05-16 22:45,5,1,4,0,0,0
2025-05-16 23:00,10,3,7,0,0,0
2025-05-16 23:15,7,0,7,0,0,0
2025-05-16 23:30,6,2,4,0,0,0
2025-05-16 23:45,4,0,4,0,0,0
2025-05-17 00:00,1,0,1,0,0,0
2025-05-17 00:15,4,3,1,0,0,0
2025-05-17 00:30,11,6,5,0,0,0
2025-05-17 00:45,4,1,3,0,0,0
2025-05-17 01:00,7,1,6,0,0,0
2025-05-17 01:15,3,0,3,0,0,0
2025-05-17 01:30,0,0,0,0,0,0
2025-05-17 01:45,2,0,2,0,0,0
2025-05-17 02:00,3,0,3,0,0,0
2025-05-17 02:15,4,2,2,0,0,0
2025-05-17 02:30,1,0,1,0,0,0
2025-05-17 02:45,1,1,0,0,0,0
2025-05-17 03:00,1,1,0,0,0,0
2025-05-17 03:15,1,0,1,0,0,0
2025-05-17 03:30,0,0,0,0,0,0
2025-05-17 03:45,1,0,1,0,0,0
2025-05-17 04:00,1,0,1,0,0,0
2025-05-17 04:15,0,0,0,0,0,0
2025-05-17 04:30,1,1,0,0,0,0
2025-05-17 04:45,2,2,0,0,0,0
2025-05-17 05:00,2,2,0,0,0,0
2025-05-17 05:15,2,2,0,0,0,0
2025-05-17 05:30,4,4,0,0,0,0
2025-05-17 05:45,4,4,0,0,0,0
2025-05-17 06:00,6,6,0,0,0,0
2025-05-17 06:15,1,1,0,0,0,0
2025-05-17 06:30,4,2,2,0,0,0
2025-05-17 06:45,8,6,2,0,0,0
2025-05-17 07:00,7,5,2,0,0,0
2025-05-17 07:15,10,8,2,0,0,0
2025-05-17 07:30,18,18,0,0,0,0
2025-05-17 07:45,15,12,3,0,0,0
2025-05-17 08:00,25,16,9,0,0,0
2025-05-17 08:15,22,16,6,0,0,0
2025-05-17 08:30,29,22,7,0,0,0
2025-05-17 08:45,24,18,6,0,0,0
2025-05-17 09:00,43,37,6,0,0,0
2025-05-17 09:15,33,26,7,0,0,0
2025-05-17 09:30,27,17,10,0,0,0
2025-05-17 09:45,53,41,12,0,0,0
2025-05-17 10:00,41,35,6,0,0,0
2025-05-17 10:15,48,37,11,0,0,0
2025-05-17 10:30,47,34,13,0,0,0
2025-05-17 10:45,68,44,24,0,0,0
2025-05-17 11:00,58,35,23,0,0,0
2025-05-17 11:15,50,32,18,0,0,0
2025-05-17 11:30,40,25,15,0,0,0
2025-05-17 11:45,38,26,12,0,0,0
2025-05-17 12:00,45,26,19,0,0,0
2025-05-17 12:15,49,36,13,0,0,0
2025-05-17 12:30,39,25,14,0,0,0
2025-05-17 12:45,48,29,19,0,0,0
2025-05-17 13:00,32,13,19,0,0,0
2025-05-17 13:15,43,17,26,0,0,0
2025-05-17 13:30,58,28,30,0,0,0
2025-05-17 13:45,37,16,21,0,0,0
2025-05-17 14:00,35,18,17,0,0,0
2025-05-17 14:15,35,20,15,0,0,0
2025-05-17 14:30,39,23,16,0,0,0
2025-05-17 14:45,44,22,22,0,0,0
2025-05-17 15:00,44,21,23,0,0,0
2025-05-17 15:15,31,14,17,0,0,0
2025-05-17 15:30,27,12,15,0,0,0
2025-05-17 15:45,26,10,16,0,0,0
2025-05-17 16:00,33,23,10,0,0,0
2025-05-17 16:15,40,19,21,0,0,0
2025-05-17 16:30,27,11,16,0,0,0
2025-05-17 16:45,28,7,21,0,0,0
2025-05-17 17:00,25,13,12,0,0,0
2025-05-17 17:15,27,18,9,0,0,0
2025-05-17 17:30,24,10,14,0,0,0
2025-05-17 17:45,25,11,14,0,0,0
2025-05-17 18:00,17,9,8,0,0,0
2025-05-17 18:15,23,8,15,0,0,0
2025-05-17 18:30,21,13,8,0,0,0
2025-05-17 18:45,24,14,10,0,0,0
2025-05-17 19:00,15,6,9,0,0,0
2025-05-17 19:15,20,8,12,0,0,0
2025-05-17 19:30,21,14,7,0,0,0
2025-05-17 19:45,14,13,1,0,0,0
2025-05-17 20:00,13,8,5,0,0,0
2025-05-17 20:15,9,4,5,0,0,0
2025-05-17 20:30,10,2,8,0,0,0
2025-05-17 20:45,17,7,10,0,0,0
2025-05-17 21:00,5,1,4,0,0,0
2025-05-17 21:15,10,4,6,0,0,0
2025-05-17 21:30,6,3,3,0,0,0
2025-05-17 21:45,8,4,4,0,0,0
2025-05-17 22:00,14,6,8,0,0,0
2025-05-17 22:15,13,4,9,0,0,0
2025-05-17 22:30,6,2,4,0,0,0
2025-05-17 22:45,10,4,6,0,0,0
2025-05-17 23:00,5,1,4,0,0,0
2025-05-17 23:15,4,1,3,0,0,0
2025-05-17 23:30,5,2,3,0,0,0
2025-05-17 23:45,3,2,1,0,0,0
2025-05-18 00:00,5,1,4,0,0,0
2025-05-18 00:15,3,3,0,0,0,0
2025-05-18 00:30,6,0,6,0,0,0
2025-05-18 00:45,6,2,4,0,0,0
2025-05-18 01:00,5,1,4,0,0,0
2025-05-18 01:15,2,1,1,0,0,0
2025-05-18 01:30,2,2,0,0,0,0
2025-05-18 01:45,7,4,3,0,0,0
2025-05-18 02:00,2,1,1,0,0,0
2025-05-18 02:15,6,4,2,0,0,0
2025-05-18 02:30,2,1,1,0,0,0
2025-05-18 02:45,2,1,1,0,0,0
2025-05-18 03:00,2,1,1,0,0,0
2025-05-18 03:15,1,0,1,0,0,0
2025-05-18 03:30,1,1,0,0,0,0
2025-05-18 03:45,0,0,0,0,0,0
2025-05-18 04:00,0,0,0,0,0,0
2025-05-18 04:15,2,1,1,0,0,0
2025-05-18 04:30,0,0,0,0,0,0
2025-05-18 04:45,2,2,0,0,0,0
2025-05-18 05:00,0,0,0,0,0,0
2025-05-18 05:15,2,2,0,0,0,0
2025-05-18 05:30,2,1,1,0,0,0
2025-05-18 05:45,3,3,0,0,0,0
2025-05-18 06:00,0,0,0,0,0,0
2025-05-18 06:15,1,1,0,0,0,0
2025-05-18 06:30,1,0,1,0,0,0
2025-05-18 06:45,3,1,2,0,0,0
2025-05-18 07:00,2,1,1,0,0,0
2025-05-18 07:15,1,1,0,0,0,0
2025-05-18 07:30,0,0,0,0,0,0
2025-05-18 07:45,4,1,3,0,0,0
2025-05-18 08:00,3,3,0,0,0,0
2025-05-18 08:15,7,5,2,0,0,0
2025-05-18 08:30,5,3,2,0,0,0
2025-05-18 08:45,11,7,4,0,0,0
2025-05-18 09:00,4,2,2,0,0,0
2025-05-18 09:15,2,0,2,0,0,0
2025-05-18 09:30,10,7,3,0,0,0
2025-05-18 09:45,12,8,4,0,0,0
2025-05-18 10:00,11,7,4,0,0,0
2025-05-18 10:15,5,5,0,0,0,0
2025-05-18 10:30,5,3,2,0,0,0
2025-05-18 10:45,13,9,4,0,0,0
2025-05-18 11:00,7,4,3,0,0,0
2025-05-18 11:15,9,8,1,0,0,0
2025-05-18 11:30,10,7,3,0,0,0
2025-05-18 11:45,16,8,8,0,0,0
2025-05-18 12:00,20,10,10,0,0,0
2025-05-18 12:15,15,10,5,0,0,0
2025-05-18 12:30,19,4,15,0,0,0
2025-05-18 12:45,20,13,7,0,0,0
2025-05-18 13:00,19,12,7,0,0,0
2025-05-18 13:15,26,11,15,0,0,0
2025-05-18 13:30,17,9,8,0,0,0
2025-05-18 13:45,29,11,18,0,0,0
2025-05-18 14:00,20,10,10,0,0,0
2025-05-18 14:15,24,14,10,0,0,0
2025-05-18 14:30,20,14,6,0,0,0
2025-05-18 14:45,26,20,6,0,0,0
2025-05-18 15:00,40,24,16,0,0,0
2025-05-18 15:15,20,12,8,0,0,0
2025-05-18 15:30,13,6,7,0,0,0
2025-05-18 15:45,23,16,7,0,0,0
2025-05-18 16:00,12,10,2,0,0,0
2025-05-18 16:15,20,13,7,0,0,0
2025-05-18 16:30,10,8,2,0,0,0
2025-05-18 16:45,21,13,8,0,0,0
2025-05-18 17:00,10,5,5,0,0,0
2025-05-18 17:15,24,10,14,0,0,0
2025-05-18 17:30,13,6,7,0,0,0
2025-05-18 17:45,33,19,14,0,0,0
2025-05-18 18:00,27,18,9,0,0,0
2025-05-18 18:15,18,12,6,0,0,0
2025-05-18 18:30,19,7,12,0,0,0
2025-05-18 18:45,22,15,7,0,0,0
2025-05-18 19:00,19,8,11,0,0,0
2025-05-18 19:15,12,3,9,0,0,0
2025-05-18 19:30,18,13,5,0,0,0
2025-05-18 19:45,6,0,6,0,0,0
2025-05-18 20:00,7,3,4,0,0,0
2025-05-18 20:15,11,5,6,0,0,0
2025-05-18 20:30,9,2,7,0,0,0
2025-05-18 20:45,9,5,4,0,0,0
2025-05-18 21:00,4,3,1,0,0,0
2025-05-18 21:15,5,3,2,0,0,0
2025-05-18 21:30,5,3,2,0,0,0
2025-05-18 21:45,5,2,3,0,0,0
2025-05-18 22:00,6,5,1,0,0,0
2025-05-18 22:15,1,0,1,0,0,0
2025-05-18 22:30,2,0,2,0,0,0
2025-05-18 22:45,2,2,0,0,0,0
2025-05-18 23:00,0,0,0,0,0,0
2025-05-18 23:15,1,0,1,0,0,0
2025-05-18 23:30,2,0,2,0,0,0
2025-05-18 23:45,3,1,2,0,0,0
2025-05-19 00:00,0,0,0,0,0,0
2025-05-19 00:15,0,0,0,0,0,0
2025-05-19 00:30,0,0,0,0,0,0
2025-05-19 00:45,2,0,2,0,0,0
2025-05-19 01:00,0,0,0,0,0,0
2025-05-19 01:15,1,0,1,0,0,0
2025-05-19 01:30,0,0,0,0,0,0
2025-05-19 01:45,0,0,0,0,0,0
2025-05-19 02:00,0,0,0,0,0,0
2025-05-19 02:15,1,0,1,0,0,0
2025-05-19 02:30,0,0,0,0,0,0
2025-05-19 02:45,1,1,0,0,0,0
2025-05-19 03:00,0,0,0,0,0,0
2025-05-19 03:15,1,0,1,0,0,0
2025-05-19 03:30,2,2,0,0,0,0
2025-05-19 03:45,0,0,0,0,0,0
2025-05-19 04:00,1,0,1,0,0,0
2025-05-19 04:15,0,0,0,0,0,0
2025-05-19 04:30,0,0,0,0,0,0
2025-05-19 04:45,1,1,0,0,0,0
2025-05-19 05:00,3,3,0,0,0,0
2025-05-19 05:15,1,1,0,0,0,0
2025-05-19 05:30,4,4,0,0,0,0
2025-05-19 05:45,0,0,0,0,0,0
2025-05-19 06:00,6,5,1,0,0,0
2025-05-19 06:15,9,9,0,0,0,0
2025-05-19 06:30,8,6,2,0,0,0
2025-05-19 06:45,25,14,11,0,0,0
2025-05-19 07:00,25,21,4,0,0,0
2025-05-19 07:15,57,45,12,0,0,0
2025-05-19 07:30,76,69,7,0,0,0
2025-05-19 07:45,67,47,20,0,0,0
2025-05-19 08:00,51,44,7,0,0,0
2025-05-19 08:15,48,38,10,0,0,0
2025-05-19 08:30,31,24,7,0,0,0
2025-05-19 08:45,50,36,14,0,0,0
2025-05-19 09:00,26,18,8,0,0,0
2025-05-19 09:15,38,26,12,0,0,0
2025-05-19 09:30,39,31,8,0,0,0
2025-05-19 09:45,45,32,13,0,0,0
2025-05-19 10:00,39,27,12,0,0,0
2025-05-19 10:15,38,20,18,0,0,0
2025-05-19 10:30,21,13,8,0,0,0
2025-05-19 10:45,25,20,5,0,0,0
2025-05-19 11:00,19,15,4,0,0,0
2025-05-19 11:15,19,14,5,0,0,0
2025-05-19 11:30,24,15,9,0,0,0
2025-05-19 11:45,36,18,18,0,0,0
2025-05-19 12:00,32,18,14,0,0,0
2025-05-19 12:15,27,12,15,0,0,0
2025-05-19 12:30,19,9,10,0,0,0
2025-05-19 12:45,27,14,13,0,0,0
2025-05-19 13:00,36,16,20,0,0,0
2025-05-19 13:15,33,15,18,0,0,0
2025-05-19 13:30,32,13,19,0,0,0
2025-05-19 13:45,35,19,16,0,0,0
2025-05-19 14:00,32,8,24,0,0,0
2025-05-19 14:15,36,21,15,0,0,0
2025-05-19 14:30,31,17,14,0,0,0
2025-05-19 14:45,48,35,13,0,0,0
2025-05-19 15:00,56,29,27,0,0,0
2025-05-19 15:15,42,19,23,0,0,0
2025-05-19 15:30,51,27,24,0,0,0
2025-05-19 15:45,46,22,24,0,0,0
2025-05-19 16:00,55,31,24,0,0,0
2025-05-19 16:15,48,20,28,0,0,0
2025-05-19 16:30,40,16,24,0,0,0
2025-05-19 16:45,48,26,22,0,0,0
2025-05-19 17:00,43,23,20,0,0,0
2025-05-19 17:15,44,15,29,0,0,0
2025-05-19 17:30,49,22,27,0,0,0
2025-05-19 17:45,48,21,27,0,0,0
2025-05-19 18:00,41,26,15,0,0,0
2025-05-19 18:15,32,19,13,0,0,0
2025-05-19 18:30,23,10,13,0,0,0
2025-05-19 18:45,37,21,16,0,0,0
2025-05-19 19:00,25,8,17,0,0,0
2025-05-19 19:15,21,10,11,0,0,0
2025-05-19 19:30,23,10,13,0,0,0
2025-05-19 19:45,17,8,9,0,0,0
2025-05-19 20:00,31,5,26,0,0,0
2025-05-19 20:15,20,8,12,0,0,0
2025-05-19 20:30,19,8,11,0,0,0
2025-05-19 20:45,14,2,12,0,0,0
2025-05-19 21:00,13,2,11,0,0,0
2025-05-19 21:15,17,9,8,0,0,0
2025-05-19 21:30,8,2,6,0,0,0
2025-05-19 21:45,14,5,9,0,0,0
2025-05-19 22:00,2,1,1,0,0,0
2025-05-19 22:15,12,3,9,0,0,0
2025-05-19 22:30,7,3,4,0,0,0
2025-05-19 22:45,6,4,2,0,0,0
2025-05-19 23:00,2,1,1,0,0,0
2025-05-19 23:15,2,0,2,0,0,0
2025-05-19 23:30,3,0,3,0,0,0
2025-05-19 23:45,2,1,1,0,0,0
2025-05-20 00:00,1,0,1,0,0,0
2025-05-20 00:15,3,1,2,0,0,0
2025-05-20 00:30,0,0,0,0,0,0
2025-05-20 00:45,1,1,0,0,0,0
2025-05-20 01:00,1,0,1,0,0,0
2025-05-20 01:15,1,0,1,0,0,0
2025-05-20 01:30,0,0,0,0,0,0
2025-05-20 01:45,0,0,0,0,0,0
2025-05-20 02:00,0,0,0,0,0,0
2025-05-20 02:15,0,0,0,0,0,0
2025-05-20 02:30,0,0,0,0,0,0
2025-05-20 02:45,0,0,0,0,0,0
2025-05-20 03:00,0,0,0,0,0,0
2025-05-20 03:15,0,0,0,0,0,0
2025-05-20 03:30,0,0,0,0,0,0
2025-05-20 03:45,1,0,1,0,0,0
2025-05-20 04:00,0,0,0,0,0,0
2025-05-20 04:15,0,0,0,0,0,0
2025-05-20 04:30,1,1,0,0,0,0
2025-05-20 04:45,0,0,0,0,0,0
2025-05-20 05:00,6,4,2,0,0,0
2025-05-20 05:15,6,4,2,0,0,0
2025-05-20 05:30,1,1,0,0,0,0
2025-05-20 05:45,7,6,1,0,0,0
2025-05-20 06:00,9,7,2,0,0,0
2025-05-20 06:15,14,12,2,0,0,0
2025-05-20 06:30,6,3,3,0,0,0
2025-05-20 06:45,24,17,7,0,0,0
2025-05-20 07:00,37,26,11,0,0,0
2025-05-20 07:15,51,43,8,0,0,0
2025-05-20 07:30,88,76,12,0,0,0
2025-05-20 07:45,56,50,6,0,0,0
2025-05-20 08:00,44,31,13,0,0,0
2025-05-20 08:15,40,35,5,0,0,0
2025-05-20 08:30,49,41,8,0,0,0
2025-05-20 08:45,44,33,11,0,0,0
2025-05-20 09:00,34,26,8,0,0,0
2025-05-20 09:15,23,17,6,0,0,0
2025-05-20 09:30,24,16,8,0,0,0
2025-05-20 09:45,41,27,14,0,0,0
2025-05-20 10:00,26,23,3,0,0,0
2025-05-20 10:15,21,9,12,0,0,0
2025-05-20 10:30,19,11,8,0,0,0
2025-05-20 10:45,35,24,11,0,0,0
2025-05-20 11:00,38,22,16,0,0,0
2025-05-20 11:15,40,26,14,0,0,0
2025-05-20 11:30,28,16,12,0,0,0
2025-05-20 11:45,41,25,16,0,0,0
2025-05-20 12:00,26,16,10,0,0,0
2025-05-20 12:15,32,17,15,0,0,0
2025-05-20 12:30,53,24,29,0,0,0
2025-05-20 12:45,38,17,21,0,0,0
2025-05-20 13:00,29,13,16,0,0,0
2025-05-20 13:15,40,21,19,0,0,0
2025-05-20 13:30,14,8,6,0,0,0
2025-05-20 13:45,37,19,18,0,0,0
2025-05-20 14:00,44,12,32,0,0,0
2025-05-20 14:15,43,29,14,0,0,0
2025-05-20 14:30,37,23,14,0,0,0
2025-05-20 14:45,30,15,15,0,0,0
2025-05-20 15:00,53,25,28,0,0,0
2025-05-20 15:15,50,21,29,0,0,0
2025-05-20 15:30,48,21,27,0,0,0
2025-05-20 15:45,51,28,23,0,0,0
2025-05-20 16:00,66,29,37,0,0,0
2025-05-20 16:15,42,17,25,0,0,0
2025-05-20 16:30,42,22,20,0,0,0
2025-05-20 16:45,37,17,20,0,0,0
2025-05-20 17:00,42,22,20,0,0,0
2025-05-20 17:15,58,23,35,0,0,0
2025-05-20 17:30,50,21,29,0,0,0
2025-05-20 17:45,45,24,21,0,0,0
2025-05-20 18:00,49,12,37,0,0,0
2025-05-20 18:15,37,23,14,0,0,0
2025-05-20 18:30,25,12,13,0,0,0
2025-05-20 18:45,32,17,15,0,0,0
2025-05-20 19:00,36,7,29,0,0,0
2025-05-20 19:15,26,15,11,0,0,0
2025-05-20 19:30,23,9,14,0,0,0
2025-05-20 19:45,30,16,14,0,0,0
2025-05-20 20:00,17,7,10,0,0,0
2025-05-20 20:15,13,8,5,0,0,0
2025-05-20 20:30,15,11,4,0,0,0
2025-05-20 20:45,12,4,8,0,0,0
2025-05-20 21:00,12,4,8,0,0,0
2025-05-20 21:15,6,4,2,0,0,0
2025-05-20 21:30,12,7,5,0,0,0
2025-05-20 21:45,16,7,9,0,0,0
2025-05-20 22:00,14,3,11,0,0,0
2025-05-20 22:15,5,0,5,0,0,0
2025-05-20 22:30,4,0,4,0,0,0
2025-05-20 22:45,8,0,8,0,0,0
2025-05-20 23:00,4,4,0,0,0,0
2025-05-20 23:15,13,4,9,0,0,0
2025-05-20 23:30,4,4,0,0,0,0
2025-05-20 23:45,0,0,0,0,0,0
2025-05-21 00:00,2,1,1,0,0,0
2025-05-21 00:15,2,0,2,0,0,0
2025-05-21 00:30,6,2,4,0,0,0
2025-05-21 00:45,2,2,0,0,0,0
2025-05-21 01:00,0,0,0,0,0,0
2025-05-21 01:15,0,0,0,0,0,0
2025-05-21 01:30,0,0,0,0,0,0
2025-05-21 01:45,0,0,0,0,0,0
2025-05-21 02:00,0,0,0,0,0,0
2025-05-21 02:15,4,4,0,0,0,0
2025-05-21 02:30,1,0,1,0,0,0
2025-05-21 02:45,0,0,0,0,0,0
2025-05-21 03:00,0,0,0,0,0,0
2025-05-21 03:15,0,0,0,0,0,0
2025-05-21 03:30,2,2,0,0,0,0
2025-05-21 03:45,0,0,0,0,0,0
2025-05-21 04:00,0,0,0,0,0,0
2025-05-21 04:15,0,0,0,0,0,0
2025-05-21 04:30,0,0,0,0,0,0
2025-05-21 04:45,2,2,0,0,0,0
2025-05-21 05:00,1,1,0,0,0,0
2025-05-21 05:15,2,1,1,0,0,0
2025-05-21 05:30,2,1,1,0,0,0
2025-05-21 05:45,5,5,0,0,0,0
2025-05-21 06:00,9,8,1,0,0,0
2025-05-21 06:15,16,11,5,0,0,0
2025-05-21 06:30,17,13,4,0,0,0
2025-05-21 06:45,18,17,1,0,0,0
2025-05-21 07:00,29,23,6,0,0,0
2025-05-21 07:15,48,45,3,0,0,0
2025-05-21 07:30,111,88,23,0,0,0
2025-05-21 07:45,80,64,16,0,0,0
2025-05-21 08:00,65,50,15,0,0,0
2025-05-21 08:15,58,31,27,0,0,0
2025-05-21 08:30,31,25,6,0,0,0
2025-05-21 08:45,34,27,7,0,0,0
2025-05-21 09:00,35,15,20,0,0,0
2025-05-21 09:15,39,34,5,0,0,0
2025-05-21 09:30,58,42,16,0,0,0
2025-05-21 09:45,47,35,12,0,0,0
2025-05-21 10:00,46,33,13,0,0,0
2025-05-21 10:15,43,33,10,0,0,0
2025-05-21 10:30,32,21,11,0,0,0
2025-05-21 10:45,31,17,14,0,0,0
2025-05-21 11:00,32,20,12,0,0,0
2025-05-21 11:15,43,19,24,0,0,0
2025-05-21 11:30,47,23,24,0,0,0
2025-05-21 11:45,49,29,20,0,0,0
2025-05-21 12:00,47,27,20,0,0,0
2025-05-21 12:15,31,18,13,0,0,0
2025-05-21 12:30,36,14,22,0,0,0
2025-05-21 12:45,40,23,17,0,0,0
2025-05-21 13:00,45,26,19,0,0,0
2025-05-21 13:15,46,25,21,0,0,0
2025-05-21 13:30,43,23,20,0,0,0
2025-05-21 13:45,55,33,22,0,0,0
2025-05-21 14:00,43,18,25,0,0,0
2025-05-21 14:15,35,13,22,0,0,0
2025-05-21 14:30,44,23,21,0,0,0
2025-05-21 14:45,44,17,27,0,0,0
2025-05-21 15:00,53,26,27,0,0,0
2025-05-21 15:15,45,22,23,0,0,0
2025-05-21 15:30,59,21,38,0,0,0
2025-05-21 15:45,52,28,24,0,0,0
2025-05-21 16:00,45,23,22,0,0,0
2025-05-21 16:15,49,24,25,0,0,0
2025-05-21 16:30,50,23,27,0,0,0
2025-05-21 16:45,42,28,14,0,0,0
2025-05-21 17:00,40,10,30,0,0,0
2025-05-21 17:15,43,25,18,0,0,0
2025-05-21 17:30,48,18,30,0,0,0
2025-05-21 17:45,39,19,20,0,0,0
2025-05-21 18:00,52,24,28,0,0,0
2025-05-21 18:15,28,11,17,0,0,0
2025-05-21 18:30,26,17,9,0,0,0
2025-05-21 18:45,39,21,18,0,0,0
2025-05-21 19:00,26,12,14,0,0,0
2025-05-21 19:15,35,15,20,0,0,0
2025-05-21 19:30,25,14,11,0,0,0
2025-05-21 19:45,27,15,12,0,0,0
2025-05-21 20:00,18,8,10,0,0,0
2025-05-21 20:15,20,7,13,0,0,0
2025-05-21 20:30,18,11,7,0,0,0
2025-05-21 20:45,7,3,4,0,0,0
2025-05-21 21:00,9,6,3,0,0,0
2025-05-21 21:15,19,12,7,0,0,0
2025-05-21 21:30,8,5,3,0,0,0
2025-05-21 21:45,9,4,5,0,0,0
2025-05-21 22:00,16,2,14,0,0,0
2025-05-21 22:15,14,4,10,0,0,0
2025-05-21 22:30,13,3,10,0,0,0
2025-05-21 22:45,7,3,4,0,0,0
2025-05-21 23:00,12,1,11,0,0,0
2025-05-21 23:15,7,4,3,0,0,0
2025-05-21 23:30,5,3,2,0,0,0
2025-05-21 23:45,7,5,2,0,0,0
2025-05-22 00:00,1,0,1,0,0,0
2025-05-22 00:15,0,0,0,0,0,0
2025-05-22 00:30,1,0,1,0,0,0
2025-05-22 00:45,0,0,0,0,0,0
2025-05-22 01:00,2,0,2,0,0,0
2025-05-22 01:15,1,0,1,0,0,0
2025-05-22 01:30,0,0,0,0,0,0
2025-05-22 01:45,3,1,2,0,0,0
2025-05-22 02:00,0,0,0,0,0,0
2025-05-22 02:15,0,0,0,0,0,0
2025-05-22 02:30,0,0,0,0,0,0
2025-05-22 02:45,0,0,0,0,0,0
2025-05-22 03:00,0,0,0,0,0,0
2025-05-22 03:15,1,0,1,0,0,0
2025-05-22 03:30,1,1,0,0,0,0
2025-05-22 03:45,0,0,0,0,0,0
2025-05-22 04:00,0,0,0,0,0,0
2025-05-22 04:15,0,0,0,0,0,0
2025-05-22 04:30,0,0,0,0,0,0
2025-05-22 04:45,1,1,0,0,0,0
2025-05-22 05:00,1,1,0,0,0,0
2025-05-22 05:15,2,2,0,0,0,0
2025-05-22 05:30,1,1,0,0,0,0
2025-05-22 05:45,3,3,0,0,0,0
2025-05-22 06:00,10,8,2,0,0,0
2025-05-22 06:15,5,5,0,0,0,0
2025-05-22 06:30,5,5,0,0,0,0
2025-05-22 06:45,9,9,0,0,0,0
2025-05-22 07:00,28,20,8,0,0,0
2025-05-22 07:15,39,34,5,0,0,0
2025-05-22 07:30,83,68,15,0,0,0
2025-05-22 07:45,49,42,7,0,0,0
2025-05-22 08:00,46,35,11,0,0,0
2025-05-22 08:15,41,31,10,0,0,0
2025-05-22 08:30,47,37,10,0,0,0
2025-05-22 08:45,41,35,6,0,0,0
2025-05-22 09:00,26,20,6,0,0,0
2025-05-22 09:15,24,23,1,0,0,0
2025-05-22 09:30,33,26,7,0,0,0
2025-05-22 09:45,35,22,13,0,0,0
2025-05-22 10:00,28,21,7,0,0,0
2025-05-22 10:15,19,14,5,0,0,0
2025-05-22 10:30,24,18,6,0,0,0
2025-05-22 10:45,23,16,7,0,0,0
2025-05-22 11:00,27,21,6,0,0,0
2025-05-22 11:15,38,23,15,0,0,0
2025-05-22 11:30,26,14,12,0,0,0
2025-05-22 11:45,39,24,15,0,0,0
2025-05-22 12:00,30,17,13,0,0,0
2025-05-22 12:15,17,7,10,0,0,0
2025-05-22 12:30,39,10,29,0,0,0
2025-05-22 12:45,29,13,16,0,0,0
2025-05-22 13:00,37,12,25,0,0,0
2025-05-22 13:15,25,12,13,0,0,0
2025-05-22 13:30,27,17,10,0,0,0
2025-05-22 13:45,32,22,10,0,0,0
2025-05-22 14:00,36,12,24,0,0,0
2025-05-22 14:15,25,11,14,0,0,0
2025-05-22 14:30,27,10,17,0,0,0
2025-05-22 14:45,47,26,21,0,0,0
2025-05-22 15:00,18,10,8,0,0,0
2025-05-22 15:15,33,16,17,0,0,0
2025-05-22 15:30,43,27,16,0,0,0
2025-05-22 15:45,41,22,19,0,0,0
2025-05-22 16:00,39,20,19,0,0,0
2025-05-22 16:15,37,20,17,0,0,0
2025-05-22 16:30,42,18,24,0,0,0
2025-05-22 16:45,31,20,11,0,0,0
2025-05-22 17:00,40,18,22,0,0,0
2025-05-22 17:15,28,20,8,0,0,0
2025-05-22 17:30,33,12,21,0,0,0
2025-05-22 17:45,42,23,19,0,0,0
2025-05-22 18:00,44,21,23,0,0,0
2025-05-22 18:15,33,13,20,0,0,0
2025-05-22 18:30,26,11,15,0,0,0
2025-05-22 18:45,44,17,27,0,0,0
2025-05-22 19:00,25,8,17,0,0,0
2025-05-22 19:15,17,14,3,0,0,0
2025-05-22 19:30,21,6,15,0,0,0
2025-05-22 19:45,13,8,5,0,0,0
2025-05-22 20:00,15,5,10,0,0,0
2025-05-22 20:15,16,7,9,0,0,0
2025-05-22 20:30,14,7,7,0,0,0
2025-05-22 20:45,8,1,7,0,0,0
2025-05-22 21:00,12,3,9,0,0,0
2025-05-22 21:15,6,1,5,0,0,0
2025-05-22 21:30,14,0,14,0,0,0
2025-05-22 21:45,5,2,3,0,0,0
2025-05-22 22:00,8,0,8,0,0,0
2025-05-22 22:15,9,2,7,0,0,0
2025-05-22 22:30,9,2,7,0,0,0
2025-05-22 22:45,4,0,4,0,0,0
2025-05-22 23:00,7,1,6,0,0,0
2025-05-22 23:15,9,2,7,0,0,0
2025-05-22 23:30,2,1,1,0,0,0
2025-05-22 23:45,1,0,1,0,0,0
2025-05-23 00:00,2,1,1,0,0,0
2025-05-23 00:15,0,0,0,0,0,0
2025-05-23 00:30,1,0,1,0,0,0
2025-05-23 00:45,3,0,3,0,0,0
2025-05-23 01:00,0,0,0,0,0,0
2025-05-23 01:15,0,0,0,0,0,0
2025-05-23 01:30,0,0,0,0,0,0
2025-05-23 01:45,1,1,0,0,0,0
2025-05-23 02:00,1,1,0,0,0,0
2025-05-23 02:15,0,0,0,0,0,0
2025-05-23 02:30,1,0,1,0,0,0
2025-05-23 02:45,0,0,0,0,0,0
2025-05-23 03:00,0,0,0,0,0,0
2025-05-23 03:15,1,0,1,0,0,0
2025-05-23 03:30,1,1,0,0,0,0
2025-05-23 03:45,0,0,0,0,0,0
2025-05-23 04:00,0,0,0,0,0,0
2025-05-23 04:15,0,0,0,0,0,0
2025-05-23 04:30,0,0,0,0,0,0
2025-05-23 04:45,1,1,0,0,0,0
2025-05-23 05:00,2,2,0,0,0,0
2025-05-23 05:15,1,1,0,0,0,0
2025-05-23 05:30,1,1,0,0,0,0
2025-05-23 05:45,0,0,0,0,0,0
2025-05-23 06:00,7,7,0,0,0,0
2025-05-23 06:15,7,6,1,0,0,0
2025-05-23 06:30,10,7,3,0,0,0
2025-05-23 06:45,10,9,1,0,0,0
2025-05-23 07:00,11,11,0,0,0,0
2025-05-23 07:15,37,34,3,0,0,0
2025-05-23 07:30,52,48,4,0,0,0
2025-05-23 07:45,47,40,7,0,0,0
2025-05-23 08:00,36,33,3,0,0,0
2025-05-23 08:15,24,17,7,0,0,0
2025-05-23 08:30,40,31,9,0,0,0
2025-05-23 08:45,46,41,5,0,0,0
2025-05-23 09:00,36,25,11,0,0,0
2025-05-23 09:15,18,14,4,0,0,0
2025-05-23 09:30,23,19,4,0,0,0
2025-05-23 09:45,30,27,3,0,0,0
2025-05-23 10:00,28,25,3,0,0,0
2025-05-23 10:15,20,13,7,0,0,0
2025-05-23 10:30,14,11,3,0,0,0
2025-05-23 10:45,32,19,13,0,0,0
2025-05-23 11:00,34,16,18,0,0,0
2025-05-23 11:15,24,14,10,0,0,0
2025-05-23 11:30,35,23,12,0,0,0
2025-05-23 11:45,29,18,11,0,0,0
2025-05-23 12:00,25,13,12,0,0,0
2025-05-23 12:15,33,25,8,0,0,0
2025-05-23 12:30,39,16,23,0,0,0
2025-05-23 12:45,23,11,12,0,0,0
2025-05-23 13:00,49,20,29,0,0,0
2025-05-23 13:15,41,21,20,0,0,0
2025-05-23 13:30,20,9,11,0,0,0
2025-05-23 13:45,32,14,18,0,0,0
2025-05-23 14:00,31,9,22,0,0,0
2025-05-23 14:15,36,22,14,0,0,0
2025-05-23 14:30,14,6,8,0,0,0
2025-05-23 14:45,28,9,19,0,0,0
2025-05-23 15:00,24,10,14,0,0,0
2025-05-23 15:15,30,15,15,0,0,0
2025-05-23 15:30,21,11,10,0,0,0
2025-05-23 15:45,27,13,14,0,0,0
2025-05-23 16:00,29,17,12,0,0,0
2025-05-23 16:15,29,9,20,0,0,0
2025-05-23 16:30,19,10,9,0,0,0
2025-05-23 16:45,12,10,2,0,0,0
2025-05-23 17:00,17,11,6,0,0,0
2025-05-23 17:15,27,13,14,0,0,0
2025-05-23 17:30,23,11,12,0,0,0
2025-05-23 17:45,28,15,13,0,0,0
2025-05-23 18:00,14,4,10,0,0,0
2025-05-23 18:15,14,7,7,0,0,0
2025-05-23 18:30,34,28,6,0,0,0
2025-05-23 18:45,29,13,16,0,0,0
2025-05-23 19:00,25,12,13,0,0,0
2025-05-23 19:15,21,14,7,0,0,0
2025-05-23 19:30,12,6,6,0,0,0
2025-05-23 19:45,14,7,7,0,0,0
2025-05-23 20:00,17,12,5,0,0,0
2025-05-23 20:15,9,6,3,0,0,0
2025-05-23 20:30,6,3,3,0,0,0
2025-05-23 20:45,13,2,11,0,0,0
2025-05-23 21:00,5,3,2,0,0,0
2025-05-23 21:15,9,3,6,0,0,0
2025-05-23 21:30,2,1,1,0,0,0
2025-05-23 21:45,4,2,2,0,0,0
2025-05-23 22:00,1,1,0,0,0,0
2025-05-23 22:15,2,0,2,0,0,0
2025-05-23 22:30,8,3,5,0,0,0
2025-05-23 22:45,13,5,8,0,0,0
2025-05-23 23:00,4,0,4,0,0,0
2025-05-23 23:15,3,0,3,0,0,0
2025-05-23 23:30,7,2,5,0,0,0
2025-05-23 23:45,5,2,3,0,0,0
2025-05-24 00:00,6,4,2,0,0,0
2025-05-24 00:15,6,0,6,0,0,0
2025-05-24 00:30,2,1,1,0,0,0
2025-05-24 00:45,2,0,2,0,0,0
2025-05-24 01:00,5,0,5,0,0,0
2025-05-24 01:15,3,1,2,0,0,0
2025-05-24 01:30,1,0,1,0,0,0
2025-05-24 01:45,2,2,0,0,0,0
2025-05-24 02:00,2,0,2,0,0,0
2025-05-24 02:15,1,0,1,0,0,0
2025-05-24 02:30,1,0,1,0,0,0
2025-05-24 02:45,1,0,1,0,0,0
2025-05-24 03:00,0,0,0,0,0,0
2025-05-24 03:15,2,0,2,0,0,0
2025-05-24 03:30,0,0,0,0,0,0
2025-05-24 03:45,0,0,0,0,0,0
2025-05-24 04:00,0,0,0,0,0,0
2025-05-24 04:15,1,1,0,0,0,0
2025-05-24 04:30,0,0,0,0,0,0
2025-05-24 04:45,1,1,0,0,0,0
2025-05-24 05:00,0,0,0,0,0,0
2025-05-24 05:15,2,2,0,0,0,0
2025-05-24 05:30,0,0,0,0,0,0
2025-05-24 05:45,3,3,0,0,0,0
2025-05-24 06:00,2,2,0,0,0,0
2025-05-24 06:15,2,2,0,0,0,0
2025-05-24 06:30,4,4,0,0,0,0
2025-05-24 06:45,7,4,3,0,0,0
2025-05-24 07:00,6,6,0,0,0,0
2025-05-24 07:15,6,6,0,0,0,0
2025-05-24 07:30,19,16,3,0,0,0
2025-05-24 07:45,11,9,2,0,0,0
2025-05-24 08:00,15,10,5,0,0,0
2025-05-24 08:15,15,5,10,0,0,0
2025-05-24 08:30,14,12,2,0,0,0
2025-05-24 08:45,28,20,8,0,0,0
2025-05-24 09:00,23,18,5,0,0,0
2025-05-24 09:15,28,19,9,0,0,0
2025-05-24 09:30,27,22,5,0,0,0
2025-05-24 09:45,50,43,7,0,0,0
2025-05-24 10:00,35,21,14,0,0,0
2025-05-24 10:15,42,30,12,0,0,0
2025-05-24 10:30,34,26,8,0,0,0
2025-05-24 10:45,27,14,13,0,0,0
2025-05-24 11:00,42,29,13,0,0,0
2025-05-24 11:15,40,21,19,0,0,0
2025-05-24 11:30,39,25,14,0,0,0
2025-05-24 11:45,42,31,11,0,0,0
2025-05-24 12:00,28,15,13,0,0,0
2025-05-24 12:15,44,30,14,0,0,0
2025-05-24 12:30,33,10,23,0,0,0
2025-05-24 12:45,49,36,13,0,0,0
2025-05-24 13:00,45,28,17,0,0,0
2025-05-24 13:15,20,11,9,0,0,0
2025-05-24 13:30,30,21,9,0,0,0
2025-05-24 13:45,27,14,13,0,0,0
2025-05-24 14:00,33,16,17,0,0,0
2025-05-24 14:15,32,11,21,0,0,0
2025-05-24 14:30,26,15,11,0,0,0
2025-05-24 14:45,55,36,19,0,0,0
2025-05-24 15:00,46,33,13,0,0,0
2025-05-24 15:15,30,21,9,0,0,0
2025-05-24 15:30,36,27,9,0,0,0
2025-05-24 15:45,17,13,4,0,0,0
2025-05-24 16:00,21,10,11,0,0,0
2025-05-24 16:15,31,21,10,0,0,0
2025-05-24 16:30,30,21,9,0,0,0
2025-05-24 16:45,17,7,10,0,0,0
2025-05-24 17:00,22,11,11,0,0,0
2025-05-24 17:15,35,14,21,0,0,0
2025-05-24 17:30,9,4,5,0,0,0
2025-05-24 17:45,15,5,10,0,0,0
2025-05-24 18:00,22,6,16,0,0,0
2025-05-24 18:15,17,6,11,0,0,0
2025-05-24 18:30,29,12,17,0,0,0
2025-05-24 18:45,15,4,11,0,0,0
2025-05-24 19:00,12,9,3,0,0,0
2025-05-24 19:15,14,6,8,0,0,0
2025-05-24 19:30,12,5,7,0,0,0
2025-05-24 19:45,9,8,1,0,0,0
2025-05-24 20:00,8,3,5,0,0,0
2025-05-24 20:15,8,3,5,0,0,0
2025-05-24 20:30,2,0,2,0,0,0
2025-05-24 20:45,10,4,6,0,0,0
2025-05-24 21:00,3,2,1,0,0,0
2025-05-24 21:15,1,0,1,0,0,0
2025-05-24 21:30,6,5,1,0,0,0
2025-05-24 21:45,2,1,1,0,0,0
2025-05-24 22:00,6,1,5,0,0,0
2025-05-24 22:15,5,1,4,0,0,0
2025-05-24 22:30,9,0,9,0,0,0
2025-05-24 22:45,6,1,5,0,0,0
2025-05-24 23:00,3,2,1,0,0,0
2025-05-24 23:15,3,1,2,0,0,0
2025-05-24 23:30,4,3,1,0,0,0
2025-05-24 23:45,5,1,4,0,0,0
