Datetime,300039331 (Grevener Straße),353425091 (Grevener Straße Formel - Fahrräder Stadteinwärts),353425097 (Grevener Straße Formel- Fahrräder Stadtauswärts),300039331-status,353425091-status,353425097-status
2025-07-01 00:00,1,1,0,0,0,0
2025-07-01 00:15,3,3,0,0,0,0
2025-07-01 00:30,4,2,2,0,0,0
2025-07-01 00:45,1,0,1,0,0,0
2025-07-01 01:00,4,1,3,0,0,0
2025-07-01 01:15,0,0,0,0,0,0
2025-07-01 01:30,2,1,1,0,0,0
2025-07-01 01:45,2,2,0,0,0,0
2025-07-01 02:00,0,0,0,0,0,0
2025-07-01 02:15,2,0,2,0,0,0
2025-07-01 02:30,1,0,1,0,0,0
2025-07-01 02:45,1,1,0,0,0,0
2025-07-01 03:00,1,0,1,0,0,0
2025-07-01 03:15,2,2,0,0,0,0
2025-07-01 03:30,5,2,3,0,0,0
2025-07-01 03:45,0,0,0,0,0,0
2025-07-01 04:00,0,0,0,0,0,0
2025-07-01 04:15,0,0,0,0,0,0
2025-07-01 04:30,0,0,0,0,0,0
2025-07-01 04:45,3,3,0,0,0,0
2025-07-01 05:00,2,1,1,0,0,0
2025-07-01 05:15,2,2,0,0,0,0
2025-07-01 05:30,3,1,2,0,0,0
2025-07-01 05:45,4,2,2,0,0,0
2025-07-01 06:00,5,4,1,0,0,0
2025-07-01 06:15,5,2,3,0,0,0
2025-07-01 06:30,6,4,2,0,0,0
2025-07-01 06:45,19,6,13,0,0,0
2025-07-01 07:00,22,8,14,0,0,0
2025-07-01 07:15,30,13,17,0,0,0
2025-07-01 07:30,44,26,18,0,0,0
2025-07-01 07:45,69,36,33,0,0,0
2025-07-01 08:00,44,27,17,0,0,0
2025-07-01 08:15,44,24,20,0,0,0
2025-07-01 08:30,26,11,15,0,0,0
2025-07-01 08:45,51,21,30,0,0,0
2025-07-01 09:00,31,11,20,0,0,0
2025-07-01 09:15,30,18,12,0,0,0
2025-07-01 09:30,34,15,19,0,0,0
2025-07-01 09:45,44,23,21,0,0,0
2025-07-01 10:00,52,20,32,0,0,0
2025-07-01 10:15,28,13,15,0,0,0
2025-07-01 10:30,27,15,12,0,0,0
2025-07-01 10:45,38,23,15,0,0,0
2025-07-01 11:00,28,5,23,0,0,0
2025-07-01 11:15,34,16,18,0,0,0
2025-07-01 11:30,36,15,21,0,0,0
2025-07-01 11:45,40,21,19,0,0,0
2025-07-01 12:00,34,13,21,0,0,0
2025-07-01 12:15,43,14,29,0,0,0
2025-07-01 12:30,41,16,25,0,0,0
2025-07-01 12:45,36,9,27,0,0,0
2025-07-01 13:00,28,13,15,0,0,0
2025-07-01 13:15,51,26,25,0,0,0
2025-07-01 13:30,45,12,33,0,0,0
2025-07-01 13:45,49,11,38,0,0,0
2025-07-01 14:00,57,24,33,0,0,0
2025-07-01 14:15,67,23,44,0,0,0
2025-07-01 14:30,43,20,23,0,0,0
2025-07-01 14:45,48,20,28,0,0,0
2025-07-01 15:00,51,18,33,0,0,0
2025-07-01 15:15,49,11,38,0,0,0
2025-07-01 15:30,39,13,26,0,0,0
2025-07-01 15:45,61,21,40,0,0,0
2025-07-01 16:00,83,31,52,0,0,0
2025-07-01 16:15,76,31,45,0,0,0
2025-07-01 16:30,63,24,39,0,0,0
2025-07-01 16:45,59,29,30,0,0,0
2025-07-01 17:00,69,25,44,0,0,0
2025-07-01 17:15,39,13,26,0,0,0
2025-07-01 17:30,54,18,36,0,0,0
2025-07-01 17:45,50,22,28,0,0,0
2025-07-01 18:00,49,17,32,0,0,0
2025-07-01 18:15,64,18,46,0,0,0
2025-07-01 18:30,75,29,46,0,0,0
2025-07-01 18:45,46,26,20,0,0,0
2025-07-01 19:00,53,35,18,0,0,0
2025-07-01 19:15,48,30,18,0,0,0
2025-07-01 19:30,55,33,22,0,0,0
2025-07-01 19:45,75,45,30,0,0,0
2025-07-01 20:00,65,41,24,0,0,0
2025-07-01 20:15,30,12,18,0,0,0
2025-07-01 20:30,18,9,9,0,0,0
2025-07-01 20:45,21,9,12,0,0,0
2025-07-01 21:00,13,6,7,0,0,0
2025-07-01 21:15,14,6,8,0,0,0
2025-07-01 21:30,17,7,10,0,0,0
2025-07-01 21:45,9,3,6,0,0,0
2025-07-01 22:00,21,12,9,0,0,0
2025-07-01 22:15,15,10,5,0,0,0
2025-07-01 22:30,16,6,10,0,0,0
2025-07-01 22:45,10,4,6,0,0,0
2025-07-01 23:00,11,1,10,0,0,0
2025-07-01 23:15,12,1,11,0,0,0
2025-07-01 23:30,9,4,5,0,0,0
2025-07-01 23:45,6,3,3,0,0,0
2025-07-02 00:00,4,0,4,0,0,0
2025-07-02 00:15,4,2,2,0,0,0
2025-07-02 00:30,0,0,0,0,0,0
2025-07-02 00:45,2,2,0,0,0,0
2025-07-02 01:00,1,0,1,0,0,0
2025-07-02 01:15,3,0,3,0,0,0
2025-07-02 01:30,2,0,2,0,0,0
2025-07-02 01:45,4,3,1,0,0,0
2025-07-02 02:00,0,0,0,0,0,0
2025-07-02 02:15,0,0,0,0,0,0
2025-07-02 02:30,1,0,1,0,0,0
2025-07-02 02:45,2,0,2,0,0,0
2025-07-02 03:00,1,1,0,0,0,0
2025-07-02 03:15,4,2,2,0,0,0
2025-07-02 03:30,2,1,1,0,0,0
2025-07-02 03:45,1,1,0,0,0,0
2025-07-02 04:00,1,0,1,0,0,0
2025-07-02 04:15,2,0,2,0,0,0
2025-07-02 04:30,1,1,0,0,0,0
2025-07-02 04:45,1,1,0,0,0,0
2025-07-02 05:00,4,2,2,0,0,0
2025-07-02 05:15,1,1,0,0,0,0
2025-07-02 05:30,6,4,2,0,0,0
2025-07-02 05:45,8,4,4,0,0,0
2025-07-02 06:00,8,2,6,0,0,0
2025-07-02 06:15,14,7,7,0,0,0
2025-07-02 06:30,12,8,4,0,0,0
2025-07-02 06:45,12,5,7,0,0,0
2025-07-02 07:00,20,13,7,0,0,0
2025-07-02 07:15,19,12,7,0,0,0
2025-07-02 07:30,47,27,20,0,0,0
2025-07-02 07:45,37,18,19,0,0,0
2025-07-02 08:00,36,23,13,0,0,0
2025-07-02 08:15,33,19,14,0,0,0
2025-07-02 08:30,30,18,12,0,0,0
2025-07-02 08:45,21,10,11,0,0,0
2025-07-02 09:00,46,28,18,0,0,0
2025-07-02 09:15,33,21,12,0,0,0
2025-07-02 09:30,20,16,4,0,0,0
2025-07-02 09:45,32,15,17,0,0,0
2025-07-02 10:00,29,16,13,0,0,0
2025-07-02 10:15,15,7,8,0,0,0
2025-07-02 10:30,16,6,10,0,0,0
2025-07-02 10:45,22,12,10,0,0,0
2025-07-02 11:00,23,10,13,0,0,0
2025-07-02 11:15,34,9,25,0,0,0
2025-07-02 11:30,41,9,32,0,0,0
2025-07-02 11:45,62,18,44,0,0,0
2025-07-02 12:00,67,20,47,0,0,0
2025-07-02 12:15,47,8,39,0,0,0
2025-07-02 12:30,34,6,28,0,0,0
2025-07-02 12:45,45,12,33,0,0,0
2025-07-02 13:00,43,16,27,0,0,0
2025-07-02 13:15,52,15,37,0,0,0
2025-07-02 13:30,38,7,31,0,0,0
2025-07-02 13:45,58,27,31,0,0,0
2025-07-02 14:00,47,14,33,0,0,0
2025-07-02 14:15,35,16,19,0,0,0
2025-07-02 14:30,41,13,28,0,0,0
2025-07-02 14:45,45,26,19,0,0,0
2025-07-02 15:00,56,11,45,0,0,0
2025-07-02 15:15,52,23,29,0,0,0
2025-07-02 15:30,46,11,35,0,0,0
2025-07-02 15:45,70,33,37,0,0,0
2025-07-02 16:00,63,22,41,0,0,0
2025-07-02 16:15,68,26,42,0,0,0
2025-07-02 16:30,65,24,41,0,0,0
2025-07-02 16:45,59,33,26,0,0,0
2025-07-02 17:00,63,32,31,0,0,0
2025-07-02 17:15,68,42,26,0,0,0
2025-07-02 17:30,90,53,37,0,0,0
2025-07-02 17:45,59,35,24,0,0,0
2025-07-02 18:00,40,22,18,0,0,0
2025-07-02 18:15,23,9,14,0,0,0
2025-07-02 18:30,18,8,10,0,0,0
2025-07-02 18:45,9,4,5,0,0,0
2025-07-02 19:00,10,4,6,0,0,0
2025-07-02 19:15,11,8,3,0,0,0
2025-07-02 19:30,9,4,5,0,0,0
2025-07-02 19:45,16,11,5,0,0,0
2025-07-02 20:00,14,5,9,0,0,0
2025-07-02 20:15,14,5,9,0,0,0
2025-07-02 20:30,10,3,7,0,0,0
2025-07-02 20:45,7,4,3,0,0,0
2025-07-02 21:00,9,5,4,0,0,0
2025-07-02 21:15,7,1,6,0,0,0
2025-07-02 21:30,6,4,2,0,0,0
2025-07-02 21:45,12,5,7,0,0,0
2025-07-02 22:00,4,3,1,0,0,0
2025-07-02 22:15,4,3,1,0,0,0
2025-07-02 22:30,5,2,3,0,0,0
2025-07-02 22:45,2,1,1,0,0,0
2025-07-02 23:00,11,2,9,0,0,0
2025-07-02 23:15,6,1,5,0,0,0
2025-07-02 23:30,5,0,5,0,0,0
2025-07-02 23:45,3,0,3,0,0,0
2025-07-03 00:00,3,0,3,0,0,0
2025-07-03 00:15,1,1,0,0,0,0
2025-07-03 00:30,1,1,0,0,0,0
2025-07-03 00:45,4,0,4,0,0,0
2025-07-03 01:00,4,1,3,0,0,0
2025-07-03 01:15,0,0,0,0,0,0
2025-07-03 01:30,3,1,2,0,0,0
2025-07-03 01:45,2,2,0,0,0,0
2025-07-03 02:00,0,0,0,0,0,0
2025-07-03 02:15,3,0,3,0,0,0
2025-07-03 02:30,1,1,0,0,0,0
2025-07-03 02:45,0,0,0,0,0,0
2025-07-03 03:00,2,1,1,0,0,0
2025-07-03 03:15,3,3,0,0,0,0
2025-07-03 03:30,2,1,1,0,0,0
2025-07-03 03:45,0,0,0,0,0,0
2025-07-03 04:00,0,0,0,0,0,0
2025-07-03 04:15,0,0,0,0,0,0
2025-07-03 04:30,1,0,1,0,0,0
2025-07-03 04:45,2,1,1,0,0,0
2025-07-03 05:00,3,2,1,0,0,0
2025-07-03 05:15,3,1,2,0,0,0
2025-07-03 05:30,3,1,2,0,0,0
2025-07-03 05:45,3,2,1,0,0,0
2025-07-03 06:00,7,5,2,0,0,0
2025-07-03 06:15,7,1,6,0,0,0
2025-07-03 06:30,12,10,2,0,0,0
2025-07-03 06:45,11,2,9,0,0,0
2025-07-03 07:00,14,8,6,0,0,0
2025-07-03 07:15,36,19,17,0,0,0
2025-07-03 07:30,31,22,9,0,0,0
2025-07-03 07:45,48,30,18,0,0,0
2025-07-03 08:00,34,14,20,0,0,0
2025-07-03 08:15,30,18,12,0,0,0
2025-07-03 08:30,25,14,11,0,0,0
2025-07-03 08:45,32,22,10,0,0,0
2025-07-03 09:00,22,8,14,0,0,0
2025-07-03 09:15,19,10,9,0,0,0
2025-07-03 09:30,25,11,14,0,0,0
2025-07-03 09:45,29,17,12,0,0,0
2025-07-03 10:00,29,17,12,0,0,0
2025-07-03 10:15,25,10,15,0,0,0
2025-07-03 10:30,18,12,6,0,0,0
2025-07-03 10:45,22,7,15,0,0,0
2025-07-03 11:00,17,11,6,0,0,0
2025-07-03 11:15,19,15,4,0,0,0
2025-07-03 11:30,22,9,13,0,0,0
2025-07-03 11:45,25,16,9,0,0,0
2025-07-03 12:00,26,13,13,0,0,0
2025-07-03 12:15,17,8,9,0,0,0
2025-07-03 12:30,30,22,8,0,0,0
2025-07-03 12:45,21,10,11,0,0,0
2025-07-03 13:00,32,10,22,0,0,0
2025-07-03 13:15,33,18,15,0,0,0
2025-07-03 13:30,25,12,13,0,0,0
2025-07-03 13:45,25,9,16,0,0,0
2025-07-03 14:00,55,31,24,0,0,0
2025-07-03 14:15,39,16,23,0,0,0
2025-07-03 14:30,29,14,15,0,0,0
2025-07-03 14:45,32,16,16,0,0,0
2025-07-03 15:00,54,25,29,0,0,0
2025-07-03 15:15,50,24,26,0,0,0
2025-07-03 15:30,39,15,24,0,0,0
2025-07-03 15:45,38,14,24,0,0,0
2025-07-03 16:00,58,21,37,0,0,0
2025-07-03 16:15,45,19,26,0,0,0
2025-07-03 16:30,30,12,18,0,0,0
2025-07-03 16:45,40,17,23,0,0,0
2025-07-03 17:00,32,16,16,0,0,0
2025-07-03 17:15,55,23,32,0,0,0
2025-07-03 17:30,38,15,23,0,0,0
2025-07-03 17:45,43,21,22,0,0,0
2025-07-03 18:00,34,12,22,0,0,0
2025-07-03 18:15,34,21,13,0,0,0
2025-07-03 18:30,34,12,22,0,0,0
2025-07-03 18:45,32,11,21,0,0,0
2025-07-03 19:00,39,19,20,0,0,0
2025-07-03 19:15,45,21,24,0,0,0
2025-07-03 19:30,38,16,22,0,0,0
2025-07-03 19:45,45,20,25,0,0,0
2025-07-03 20:00,35,15,20,0,0,0
2025-07-03 20:15,23,9,14,0,0,0
2025-07-03 20:30,12,5,7,0,0,0
2025-07-03 20:45,21,7,14,0,0,0
2025-07-03 21:00,23,11,12,0,0,0
2025-07-03 21:15,19,12,7,0,0,0
2025-07-03 21:30,12,6,6,0,0,0
2025-07-03 21:45,17,11,6,0,0,0
2025-07-03 22:00,10,5,5,0,0,0
2025-07-03 22:15,14,4,10,0,0,0
2025-07-03 22:30,23,10,13,0,0,0
2025-07-03 22:45,13,5,8,0,0,0
2025-07-03 23:00,18,4,14,0,0,0
2025-07-03 23:15,8,3,5,0,0,0
2025-07-03 23:30,13,4,9,0,0,0
2025-07-03 23:45,2,0,2,0,0,0
2025-07-04 00:00,10,3,7,0,0,0
2025-07-04 00:15,4,3,1,0,0,0
2025-07-04 00:30,8,2,6,0,0,0
2025-07-04 00:45,3,1,2,0,0,0
2025-07-04 01:00,6,3,3,0,0,0
2025-07-04 01:15,5,0,5,0,0,0
2025-07-04 01:30,0,0,0,0,0,0
2025-07-04 01:45,2,2,0,0,0,0
2025-07-04 02:00,2,1,1,0,0,0
2025-07-04 02:15,0,0,0,0,0,0
2025-07-04 02:30,1,1,0,0,0,0
2025-07-04 02:45,1,1,0,0,0,0
2025-07-04 03:00,2,1,1,0,0,0
2025-07-04 03:15,2,2,0,0,0,0
2025-07-04 03:30,4,2,2,0,0,0
2025-07-04 03:45,3,1,2,0,0,0
2025-07-04 04:00,0,0,0,0,0,0
2025-07-04 04:15,2,1,1,0,0,0
2025-07-04 04:30,2,2,0,0,0,0
2025-07-04 04:45,1,0,1,0,0,0
2025-07-04 05:00,4,2,2,0,0,0
2025-07-04 05:15,2,2,0,0,0,0
2025-07-04 05:30,4,4,0,0,0,0
2025-07-04 05:45,4,2,2,0,0,0
2025-07-04 06:00,4,3,1,0,0,0
2025-07-04 06:15,7,4,3,0,0,0
2025-07-04 06:30,7,5,2,0,0,0
2025-07-04 06:45,8,1,7,0,0,0
2025-07-04 07:00,10,4,6,0,0,0
2025-07-04 07:15,24,14,10,0,0,0
2025-07-04 07:30,40,23,17,0,0,0
2025-07-04 07:45,37,27,10,0,0,0
2025-07-04 08:00,37,21,16,0,0,0
2025-07-04 08:15,25,12,13,0,0,0
2025-07-04 08:30,34,19,15,0,0,0
2025-07-04 08:45,38,21,17,0,0,0
2025-07-04 09:00,16,6,10,0,0,0
2025-07-04 09:15,24,16,8,0,0,0
2025-07-04 09:30,21,10,11,0,0,0
2025-07-04 09:45,27,16,11,0,0,0
2025-07-04 10:00,28,16,12,0,0,0
2025-07-04 10:15,24,15,9,0,0,0
2025-07-04 10:30,17,6,11,0,0,0
2025-07-04 10:45,21,7,14,0,0,0
2025-07-04 11:00,26,11,15,0,0,0
2025-07-04 11:15,19,11,8,0,0,0
2025-07-04 11:30,32,16,16,0,0,0
2025-07-04 11:45,32,20,12,0,0,0
2025-07-04 12:00,37,23,14,0,0,0
2025-07-04 12:15,27,9,18,0,0,0
2025-07-04 12:30,34,17,17,0,0,0
2025-07-04 12:45,37,18,19,0,0,0
2025-07-04 13:00,27,14,13,0,0,0
2025-07-04 13:15,33,10,23,0,0,0
2025-07-04 13:30,42,14,28,0,0,0
2025-07-04 13:45,44,17,27,0,0,0
2025-07-04 14:00,39,16,23,0,0,0
2025-07-04 14:15,27,13,14,0,0,0
2025-07-04 14:30,37,19,18,0,0,0
2025-07-04 14:45,46,20,26,0,0,0
2025-07-04 15:00,38,13,25,0,0,0
2025-07-04 15:15,45,24,21,0,0,0
2025-07-04 15:30,45,24,21,0,0,0
2025-07-04 15:45,38,18,20,0,0,0
2025-07-04 16:00,36,19,17,0,0,0
2025-07-04 16:15,32,16,16,0,0,0
2025-07-04 16:30,35,17,18,0,0,0
2025-07-04 16:45,52,16,36,0,0,0
2025-07-04 17:00,49,16,33,0,0,0
2025-07-04 17:15,38,16,22,0,0,0
2025-07-04 17:30,37,14,23,0,0,0
2025-07-04 17:45,37,13,24,0,0,0
2025-07-04 18:00,32,19,13,0,0,0
2025-07-04 18:15,40,18,22,0,0,0
2025-07-04 18:30,30,23,7,0,0,0
2025-07-04 18:45,30,10,20,0,0,0
2025-07-04 19:00,40,20,20,0,0,0
2025-07-04 19:15,33,15,18,0,0,0
2025-07-04 19:30,21,7,14,0,0,0
2025-07-04 19:45,19,10,9,0,0,0
2025-07-04 20:00,28,8,20,0,0,0
2025-07-04 20:15,16,7,9,0,0,0
2025-07-04 20:30,15,7,8,0,0,0
2025-07-04 20:45,24,12,12,0,0,0
2025-07-04 21:00,15,5,10,0,0,0
2025-07-04 21:15,17,10,7,0,0,0
2025-07-04 21:30,22,8,14,0,0,0
2025-07-04 21:45,11,7,4,0,0,0
2025-07-04 22:00,13,7,6,0,0,0
2025-07-04 22:15,16,6,10,0,0,0
2025-07-04 22:30,13,5,8,0,0,0
2025-07-04 22:45,8,3,5,0,0,0
2025-07-04 23:00,19,4,15,0,0,0
2025-07-04 23:15,9,4,5,0,0,0
2025-07-04 23:30,16,6,10,0,0,0
2025-07-04 23:45,13,6,7,0,0,0
2025-07-05 00:00,9,3,6,0,0,0
2025-07-05 00:15,8,3,5,0,0,0
2025-07-05 00:30,7,3,4,0,0,0
2025-07-05 00:45,11,3,8,0,0,0
2025-07-05 01:00,6,3,3,0,0,0
2025-07-05 01:15,2,0,2,0,0,0
2025-07-05 01:30,7,1,6,0,0,0
2025-07-05 01:45,5,3,2,0,0,0
2025-07-05 02:00,1,0,1,0,0,0
2025-07-05 02:15,6,2,4,0,0,0
2025-07-05 02:30,3,1,2,0,0,0
2025-07-05 02:45,9,0,9,0,0,0
2025-07-05 03:00,0,0,0,0,0,0
2025-07-05 03:15,6,5,1,0,0,0
2025-07-05 03:30,4,1,3,0,0,0
2025-07-05 03:45,3,1,2,0,0,0
2025-07-05 04:00,1,1,0,0,0,0
2025-07-05 04:15,4,4,0,0,0,0
2025-07-05 04:30,4,2,2,0,0,0
2025-07-05 04:45,1,0,1,0,0,0
2025-07-05 05:00,0,0,0,0,0,0
2025-07-05 05:15,3,2,1,0,0,0
2025-07-05 05:30,1,0,1,0,0,0
2025-07-05 05:45,1,1,0,0,0,0
2025-07-05 06:00,1,1,0,0,0,0
2025-07-05 06:15,2,1,1,0,0,0
2025-07-05 06:30,2,2,0,0,0,0
2025-07-05 06:45,3,3,0,0,0,0
2025-07-05 07:00,3,1,2,0,0,0
2025-07-05 07:15,3,2,1,0,0,0
2025-07-05 07:30,6,4,2,0,0,0
2025-07-05 07:45,5,1,4,0,0,0
2025-07-05 08:00,14,8,6,0,0,0
2025-07-05 08:15,8,7,1,0,0,0
2025-07-05 08:30,19,8,11,0,0,0
2025-07-05 08:45,17,12,5,0,0,0
2025-07-05 09:00,8,4,4,0,0,0
2025-07-05 09:15,13,7,6,0,0,0
2025-07-05 09:30,18,13,5,0,0,0
2025-07-05 09:45,27,16,11,0,0,0
2025-07-05 10:00,17,11,6,0,0,0
2025-07-05 10:15,21,16,5,0,0,0
2025-07-05 10:30,19,4,15,0,0,0
2025-07-05 10:45,23,10,13,0,0,0
2025-07-05 11:00,11,7,4,0,0,0
2025-07-05 11:15,17,7,10,0,0,0
2025-07-05 11:30,20,13,7,0,0,0
2025-07-05 11:45,23,11,12,0,0,0
2025-07-05 12:00,40,20,20,0,0,0
2025-07-05 12:15,25,14,11,0,0,0
2025-07-05 12:30,24,15,9,0,0,0
2025-07-05 12:45,30,14,16,0,0,0
2025-07-05 13:00,21,10,11,0,0,0
2025-07-05 13:15,21,13,8,0,0,0
2025-07-05 13:30,16,10,6,0,0,0
2025-07-05 13:45,19,5,14,0,0,0
2025-07-05 14:00,26,14,12,0,0,0
2025-07-05 14:15,19,10,9,0,0,0
2025-07-05 14:30,14,7,7,0,0,0
2025-07-05 14:45,20,12,8,0,0,0
2025-07-05 15:00,20,10,10,0,0,0
2025-07-05 15:15,36,18,18,0,0,0
2025-07-05 15:30,24,11,13,0,0,0
2025-07-05 15:45,22,8,14,0,0,0
2025-07-05 16:00,15,10,5,0,0,0
2025-07-05 16:15,22,7,15,0,0,0
2025-07-05 16:30,21,9,12,0,0,0
2025-07-05 16:45,26,5,21,0,0,0
2025-07-05 17:00,17,9,8,0,0,0
2025-07-05 17:15,30,17,13,0,0,0
2025-07-05 17:30,18,9,9,0,0,0
2025-07-05 17:45,29,13,16,0,0,0
2025-07-05 18:00,38,13,25,0,0,0
2025-07-05 18:15,22,12,10,0,0,0
2025-07-05 18:30,22,11,11,0,0,0
2025-07-05 18:45,21,9,12,0,0,0
2025-07-05 19:00,24,14,10,0,0,0
2025-07-05 19:15,20,7,13,0,0,0
2025-07-05 19:30,23,18,5,0,0,0
2025-07-05 19:45,20,10,10,0,0,0
2025-07-05 20:00,12,8,4,0,0,0
2025-07-05 20:15,10,4,6,0,0,0
2025-07-05 20:30,10,4,6,0,0,0
2025-07-05 20:45,19,10,9,0,0,0
2025-07-05 21:00,9,5,4,0,0,0
2025-07-05 21:15,8,4,4,0,0,0
2025-07-05 21:30,11,4,7,0,0,0
2025-07-05 21:45,11,5,6,0,0,0
2025-07-05 22:00,14,5,9,0,0,0
2025-07-05 22:15,15,4,11,0,0,0
2025-07-05 22:30,10,4,6,0,0,0
2025-07-05 22:45,19,7,12,0,0,0
2025-07-05 23:00,3,0,3,0,0,0
2025-07-05 23:15,11,1,10,0,0,0
2025-07-05 23:30,14,6,8,0,0,0
2025-07-05 23:45,5,1,4,0,0,0
2025-07-06 00:00,9,3,6,0,0,0
2025-07-06 00:15,9,8,1,0,0,0
2025-07-06 00:30,8,4,4,0,0,0
2025-07-06 00:45,15,6,9,0,0,0
2025-07-06 01:00,7,4,3,0,0,0
2025-07-06 01:15,1,0,1,0,0,0
2025-07-06 01:30,4,0,4,0,0,0
2025-07-06 01:45,6,2,4,0,0,0
2025-07-06 02:00,3,1,2,0,0,0
2025-07-06 02:15,2,1,1,0,0,0
2025-07-06 02:30,1,1,0,0,0,0
2025-07-06 02:45,5,1,4,0,0,0
2025-07-06 03:00,3,1,2,0,0,0
2025-07-06 03:15,4,1,3,0,0,0
2025-07-06 03:30,3,0,3,0,0,0
2025-07-06 03:45,0,0,0,0,0,0
2025-07-06 04:00,1,1,0,0,0,0
2025-07-06 04:15,3,2,1,0,0,0
2025-07-06 04:30,2,1,1,0,0,0
2025-07-06 04:45,2,1,1,0,0,0
2025-07-06 05:00,4,2,2,0,0,0
2025-07-06 05:15,2,1,1,0,0,0
2025-07-06 05:30,1,1,0,0,0,0
2025-07-06 05:45,1,1,0,0,0,0
2025-07-06 06:00,1,1,0,0,0,0
2025-07-06 06:15,1,0,1,0,0,0
2025-07-06 06:30,4,2,2,0,0,0
2025-07-06 06:45,1,0,1,0,0,0
2025-07-06 07:00,0,0,0,0,0,0
2025-07-06 07:15,4,2,2,0,0,0
2025-07-06 07:30,1,1,0,0,0,0
2025-07-06 07:45,3,2,1,0,0,0
2025-07-06 08:00,4,3,1,0,0,0
2025-07-06 08:15,2,1,1,0,0,0
2025-07-06 08:30,8,3,5,0,0,0
2025-07-06 08:45,8,4,4,0,0,0
2025-07-06 09:00,11,5,6,0,0,0
2025-07-06 09:15,9,4,5,0,0,0
2025-07-06 09:30,14,8,6,0,0,0
2025-07-06 09:45,16,11,5,0,0,0
2025-07-06 10:00,13,6,7,0,0,0
2025-07-06 10:15,17,4,13,0,0,0
2025-07-06 10:30,12,5,7,0,0,0
2025-07-06 10:45,22,14,8,0,0,0
2025-07-06 11:00,11,3,8,0,0,0
2025-07-06 11:15,21,10,11,0,0,0
2025-07-06 11:30,15,7,8,0,0,0
2025-07-06 11:45,15,6,9,0,0,0
2025-07-06 12:00,19,15,4,0,0,0
2025-07-06 12:15,20,11,9,0,0,0
2025-07-06 12:30,19,10,9,0,0,0
2025-07-06 12:45,18,9,9,0,0,0
2025-07-06 13:00,16,12,4,0,0,0
2025-07-06 13:15,15,9,6,0,0,0
2025-07-06 13:30,9,2,7,0,0,0
2025-07-06 13:45,17,10,7,0,0,0
2025-07-06 14:00,10,3,7,0,0,0
2025-07-06 14:15,14,7,7,0,0,0
2025-07-06 14:30,9,6,3,0,0,0
2025-07-06 14:45,11,7,4,0,0,0
2025-07-06 15:00,14,7,7,0,0,0
2025-07-06 15:15,19,8,11,0,0,0
2025-07-06 15:30,16,5,11,0,0,0
2025-07-06 15:45,8,4,4,0,0,0
2025-07-06 16:00,19,5,14,0,0,0
2025-07-06 16:15,17,7,10,0,0,0
2025-07-06 16:30,7,4,3,0,0,0
2025-07-06 16:45,15,7,8,0,0,0
2025-07-06 17:00,7,4,3,0,0,0
2025-07-06 17:15,14,7,7,0,0,0
2025-07-06 17:30,11,9,2,0,0,0
2025-07-06 17:45,17,8,9,0,0,0
2025-07-06 18:00,12,5,7,0,0,0
2025-07-06 18:15,11,0,11,0,0,0
2025-07-06 18:30,12,8,4,0,0,0
2025-07-06 18:45,8,5,3,0,0,0
2025-07-06 19:00,12,7,5,0,0,0
2025-07-06 19:15,9,2,7,0,0,0
2025-07-06 19:30,9,5,4,0,0,0
2025-07-06 19:45,12,8,4,0,0,0
2025-07-06 20:00,6,3,3,0,0,0
2025-07-06 20:15,3,1,2,0,0,0
2025-07-06 20:30,2,1,1,0,0,0
2025-07-06 20:45,3,1,2,0,0,0
2025-07-06 21:00,7,3,4,0,0,0
2025-07-06 21:15,5,2,3,0,0,0
2025-07-06 21:30,3,1,2,0,0,0
2025-07-06 21:45,9,2,7,0,0,0
2025-07-06 22:00,8,2,6,0,0,0
2025-07-06 22:15,1,1,0,0,0,0
2025-07-06 22:30,3,1,2,0,0,0
2025-07-06 22:45,9,2,7,0,0,0
2025-07-06 23:00,2,1,1,0,0,0
2025-07-06 23:15,4,1,3,0,0,0
2025-07-06 23:30,4,3,1,0,0,0
2025-07-06 23:45,2,1,1,0,0,0
2025-07-07 00:00,0,0,0,0,0,0
2025-07-07 00:15,1,1,0,0,0,0
2025-07-07 00:30,2,0,2,0,0,0
2025-07-07 00:45,1,0,1,0,0,0
2025-07-07 01:00,1,1,0,0,0,0
2025-07-07 01:15,0,0,0,0,0,0
2025-07-07 01:30,2,1,1,0,0,0
2025-07-07 01:45,2,1,1,0,0,0
2025-07-07 02:00,2,2,0,0,0,0
2025-07-07 02:15,0,0,0,0,0,0
2025-07-07 02:30,0,0,0,0,0,0
2025-07-07 02:45,0,0,0,0,0,0
2025-07-07 03:00,1,0,1,0,0,0
2025-07-07 03:15,3,2,1,0,0,0
2025-07-07 03:30,1,1,0,0,0,0
2025-07-07 03:45,0,0,0,0,0,0
2025-07-07 04:00,0,0,0,0,0,0
2025-07-07 04:15,1,1,0,0,0,0
2025-07-07 04:30,4,4,0,0,0,0
2025-07-07 04:45,1,1,0,0,0,0
2025-07-07 05:00,4,2,2,0,0,0
2025-07-07 05:15,2,2,0,0,0,0
2025-07-07 05:30,4,2,2,0,0,0
2025-07-07 05:45,3,2,1,0,0,0
2025-07-07 06:00,5,5,0,0,0,0
2025-07-07 06:15,5,2,3,0,0,0
2025-07-07 06:30,7,4,3,0,0,0
2025-07-07 06:45,8,2,6,0,0,0
2025-07-07 07:00,14,8,6,0,0,0
2025-07-07 07:15,25,10,15,0,0,0
2025-07-07 07:30,28,18,10,0,0,0
2025-07-07 07:45,38,21,17,0,0,0
2025-07-07 08:00,35,19,16,0,0,0
2025-07-07 08:15,20,8,12,0,0,0
2025-07-07 08:30,30,19,11,0,0,0
2025-07-07 08:45,27,17,10,0,0,0
2025-07-07 09:00,18,9,9,0,0,0
2025-07-07 09:15,15,8,7,0,0,0
2025-07-07 09:30,32,19,13,0,0,0
2025-07-07 09:45,30,17,13,0,0,0
2025-07-07 10:00,13,8,5,0,0,0
2025-07-07 10:15,22,14,8,0,0,0
2025-07-07 10:30,19,9,10,0,0,0
2025-07-07 10:45,16,10,6,0,0,0
2025-07-07 11:00,17,9,8,0,0,0
2025-07-07 11:15,16,9,7,0,0,0
2025-07-07 11:30,11,6,5,0,0,0
2025-07-07 11:45,20,13,7,0,0,0
2025-07-07 12:00,31,20,11,0,0,0
2025-07-07 12:15,21,12,9,0,0,0
2025-07-07 12:30,15,5,10,0,0,0
2025-07-07 12:45,21,8,13,0,0,0
2025-07-07 13:00,23,9,14,0,0,0
2025-07-07 13:15,18,8,10,0,0,0
2025-07-07 13:30,26,8,18,0,0,0
2025-07-07 13:45,17,7,10,0,0,0
2025-07-07 14:00,27,12,15,0,0,0
2025-07-07 14:15,6,4,2,0,0,0
2025-07-07 14:30,29,16,13,0,0,0
2025-07-07 14:45,21,8,13,0,0,0
2025-07-07 15:00,35,12,23,0,0,0
2025-07-07 15:15,39,18,21,0,0,0
2025-07-07 15:30,33,17,16,0,0,0
2025-07-07 15:45,21,11,10,0,0,0
2025-07-07 16:00,21,12,9,0,0,0
2025-07-07 16:15,36,12,24,0,0,0
2025-07-07 16:30,32,7,25,0,0,0
2025-07-07 16:45,21,9,12,0,0,0
2025-07-07 17:00,34,16,18,0,0,0
2025-07-07 17:15,33,15,18,0,0,0
2025-07-07 17:30,46,19,27,0,0,0
2025-07-07 17:45,46,15,31,0,0,0
2025-07-07 18:00,39,15,24,0,0,0
2025-07-07 18:15,40,23,17,0,0,0
2025-07-07 18:30,27,14,13,0,0,0
2025-07-07 18:45,20,9,11,0,0,0
2025-07-07 19:00,20,9,11,0,0,0
2025-07-07 19:15,28,13,15,0,0,0
2025-07-07 19:30,25,6,19,0,0,0
2025-07-07 19:45,19,10,9,0,0,0
2025-07-07 20:00,25,13,12,0,0,0
2025-07-07 20:15,27,13,14,0,0,0
2025-07-07 20:30,14,4,10,0,0,0
2025-07-07 20:45,16,11,5,0,0,0
2025-07-07 21:00,10,3,7,0,0,0
2025-07-07 21:15,17,6,11,0,0,0
2025-07-07 21:30,10,5,5,0,0,0
2025-07-07 21:45,17,6,11,0,0,0
2025-07-07 22:00,9,1,8,0,0,0
2025-07-07 22:15,10,7,3,0,0,0
2025-07-07 22:30,6,5,1,0,0,0
2025-07-07 22:45,5,0,5,0,0,0
2025-07-07 23:00,5,1,4,0,0,0
2025-07-07 23:15,6,1,5,0,0,0
2025-07-07 23:30,6,2,4,0,0,0
2025-07-07 23:45,2,1,1,0,0,0
2025-07-08 00:00,6,3,3,0,0,0
2025-07-08 00:15,6,2,4,0,0,0
2025-07-08 00:30,2,1,1,0,0,0
2025-07-08 00:45,1,0,1,0,0,0
2025-07-08 01:00,1,0,1,0,0,0
2025-07-08 01:15,1,0,1,0,0,0
2025-07-08 01:30,1,1,0,0,0,0
2025-07-08 01:45,3,2,1,0,0,0
2025-07-08 02:00,1,1,0,0,0,0
2025-07-08 02:15,1,0,1,0,0,0
2025-07-08 02:30,0,0,0,0,0,0
2025-07-08 02:45,0,0,0,0,0,0
2025-07-08 03:00,1,1,0,0,0,0
2025-07-08 03:15,3,3,0,0,0,0
2025-07-08 03:30,1,0,1,0,0,0
2025-07-08 03:45,0,0,0,0,0,0
2025-07-08 04:00,0,0,0,0,0,0
2025-07-08 04:15,3,1,2,0,0,0
2025-07-08 04:30,0,0,0,0,0,0
2025-07-08 04:45,4,3,1,0,0,0
2025-07-08 05:00,2,1,1,0,0,0
2025-07-08 05:15,3,2,1,0,0,0
2025-07-08 05:30,2,2,0,0,0,0
2025-07-08 05:45,2,2,0,0,0,0
2025-07-08 06:00,3,3,0,0,0,0
2025-07-08 06:15,3,2,1,0,0,0
2025-07-08 06:30,6,4,2,0,0,0
2025-07-08 06:45,11,4,7,0,0,0
2025-07-08 07:00,19,14,5,0,0,0
2025-07-08 07:15,28,17,11,0,0,0
2025-07-08 07:30,45,32,13,0,0,0
2025-07-08 07:45,58,33,25,0,0,0
2025-07-08 08:00,31,18,13,0,0,0
2025-07-08 08:15,51,30,21,0,0,0
2025-07-08 08:30,30,19,11,0,0,0
2025-07-08 08:45,29,15,14,0,0,0
2025-07-08 09:00,19,6,13,0,0,0
2025-07-08 09:15,14,4,10,0,0,0
2025-07-08 09:30,19,14,5,0,0,0
2025-07-08 09:45,33,18,15,0,0,0
2025-07-08 10:00,28,17,11,0,0,0
2025-07-08 10:15,17,9,8,0,0,0
2025-07-08 10:30,21,15,6,0,0,0
2025-07-08 10:45,23,11,12,0,0,0
2025-07-08 11:00,17,9,8,0,0,0
2025-07-08 11:15,20,9,11,0,0,0
2025-07-08 11:30,20,15,5,0,0,0
2025-07-08 11:45,20,11,9,0,0,0
2025-07-08 12:00,50,20,30,0,0,0
2025-07-08 12:15,21,12,9,0,0,0
2025-07-08 12:30,17,9,8,0,0,0
2025-07-08 12:45,20,7,13,0,0,0
2025-07-08 13:00,29,11,18,0,0,0
2025-07-08 13:15,33,16,17,0,0,0
2025-07-08 13:30,23,7,16,0,0,0
2025-07-08 13:45,30,18,12,0,0,0
2025-07-08 14:00,34,16,18,0,0,0
2025-07-08 14:15,25,11,14,0,0,0
2025-07-08 14:30,29,12,17,0,0,0
2025-07-08 14:45,36,29,7,0,0,0
2025-07-08 15:00,30,18,12,0,0,0
2025-07-08 15:15,24,7,17,0,0,0
2025-07-08 15:30,39,22,17,0,0,0
2025-07-08 15:45,53,24,29,0,0,0
2025-07-08 16:00,33,13,20,0,0,0
2025-07-08 16:15,25,11,14,0,0,0
2025-07-08 16:30,36,19,17,0,0,0
2025-07-08 16:45,38,13,25,0,0,0
2025-07-08 17:00,32,12,20,0,0,0
2025-07-08 17:15,40,23,17,0,0,0
2025-07-08 17:30,50,22,28,0,0,0
2025-07-08 17:45,38,11,27,0,0,0
2025-07-08 18:00,40,16,24,0,0,0
2025-07-08 18:15,50,24,26,0,0,0
2025-07-08 18:30,43,14,29,0,0,0
2025-07-08 18:45,48,21,27,0,0,0
2025-07-08 19:00,30,12,18,0,0,0
2025-07-08 19:15,40,21,19,0,0,0
2025-07-08 19:30,31,16,15,0,0,0
2025-07-08 19:45,26,14,12,0,0,0
2025-07-08 20:00,27,12,15,0,0,0
2025-07-08 20:15,40,19,21,0,0,0
2025-07-08 20:30,26,12,14,0,0,0
2025-07-08 20:45,14,8,6,0,0,0
2025-07-08 21:00,18,9,9,0,0,0
2025-07-08 21:15,20,8,12,0,0,0
2025-07-08 21:30,9,3,6,0,0,0
2025-07-08 21:45,14,10,4,0,0,0
2025-07-08 22:00,15,8,7,0,0,0
2025-07-08 22:15,16,6,10,0,0,0
2025-07-08 22:30,11,5,6,0,0,0
2025-07-08 22:45,9,5,4,0,0,0
2025-07-08 23:00,15,7,8,0,0,0
2025-07-08 23:15,8,3,5,0,0,0
2025-07-08 23:30,6,2,4,0,0,0
2025-07-08 23:45,9,5,4,0,0,0
2025-07-09 00:00,5,1,4,0,0,0
2025-07-09 00:15,11,2,9,0,0,0
2025-07-09 00:30,3,2,1,0,0,0
2025-07-09 00:45,3,1,2,0,0,0
2025-07-09 01:00,2,0,2,0,0,0
2025-07-09 01:15,1,0,1,0,0,0
2025-07-09 01:30,5,3,2,0,0,0
2025-07-09 01:45,1,0,1,0,0,0
2025-07-09 02:00,2,2,0,0,0,0
2025-07-09 02:15,0,0,0,0,0,0
2025-07-09 02:30,1,0,1,0,0,0
2025-07-09 02:45,1,0,1,0,0,0
2025-07-09 03:00,0,0,0,0,0,0
2025-07-09 03:15,2,2,0,0,0,0
2025-07-09 03:30,2,2,0,0,0,0
2025-07-09 03:45,1,0,1,0,0,0
2025-07-09 04:00,0,0,0,0,0,0
2025-07-09 04:15,1,1,0,0,0,0
2025-07-09 04:30,1,1,0,0,0,0
2025-07-09 04:45,3,2,1,0,0,0
2025-07-09 05:00,2,2,0,0,0,0
2025-07-09 05:15,4,1,3,0,0,0
2025-07-09 05:30,2,1,1,0,0,0
2025-07-09 05:45,3,1,2,0,0,0
2025-07-09 06:00,4,2,2,0,0,0
2025-07-09 06:15,5,2,3,0,0,0
2025-07-09 06:30,7,5,2,0,0,0
2025-07-09 06:45,8,3,5,0,0,0
2025-07-09 07:00,15,8,7,0,0,0
2025-07-09 07:15,36,29,7,0,0,0
2025-07-09 07:30,35,22,13,0,0,0
2025-07-09 07:45,39,26,13,0,0,0
2025-07-09 08:00,36,20,16,0,0,0
2025-07-09 08:15,44,22,22,0,0,0
2025-07-09 08:30,33,20,13,0,0,0
2025-07-09 08:45,43,23,20,0,0,0
2025-07-09 09:00,21,15,6,0,0,0
2025-07-09 09:15,15,8,7,0,0,0
2025-07-09 09:30,20,14,6,0,0,0
2025-07-09 09:45,24,14,10,0,0,0
2025-07-09 10:00,21,13,8,0,0,0
2025-07-09 10:15,21,10,11,0,0,0
2025-07-09 10:30,19,9,10,0,0,0
2025-07-09 10:45,17,11,6,0,0,0
2025-07-09 11:00,23,9,14,0,0,0
2025-07-09 11:15,17,14,3,0,0,0
2025-07-09 11:30,18,11,7,0,0,0
2025-07-09 11:45,35,21,14,0,0,0
2025-07-09 12:00,28,14,14,0,0,0
2025-07-09 12:15,23,9,14,0,0,0
2025-07-09 12:30,31,13,18,0,0,0
2025-07-09 12:45,32,15,17,0,0,0
2025-07-09 13:00,30,14,16,0,0,0
2025-07-09 13:15,31,15,16,0,0,0
2025-07-09 13:30,28,14,14,0,0,0
2025-07-09 13:45,29,11,18,0,0,0
2025-07-09 14:00,31,14,17,0,0,0
2025-07-09 14:15,38,19,19,0,0,0
2025-07-09 14:30,28,14,14,0,0,0
2025-07-09 14:45,29,15,14,0,0,0
2025-07-09 15:00,34,9,25,0,0,0
2025-07-09 15:15,32,14,18,0,0,0
2025-07-09 15:30,37,15,22,0,0,0
2025-07-09 15:45,43,18,25,0,0,0
2025-07-09 16:00,52,14,38,0,0,0
2025-07-09 16:15,41,12,29,0,0,0
2025-07-09 16:30,40,23,17,0,0,0
2025-07-09 16:45,45,19,26,0,0,0
2025-07-09 17:00,53,21,32,0,0,0
2025-07-09 17:15,45,20,25,0,0,0
2025-07-09 17:30,37,20,17,0,0,0
2025-07-09 17:45,61,26,35,0,0,0
2025-07-09 18:00,49,11,38,0,0,0
2025-07-09 18:15,43,17,26,0,0,0
2025-07-09 18:30,51,22,29,0,0,0
2025-07-09 18:45,45,18,27,0,0,0
2025-07-09 19:00,43,14,29,0,0,0
2025-07-09 19:15,31,15,16,0,0,0
2025-07-09 19:30,33,11,22,0,0,0
2025-07-09 19:45,25,17,8,0,0,0
2025-07-09 20:00,26,12,14,0,0,0
2025-07-09 20:15,20,9,11,0,0,0
2025-07-09 20:30,20,9,11,0,0,0
2025-07-09 20:45,23,9,14,0,0,0
2025-07-09 21:00,21,10,11,0,0,0
2025-07-09 21:15,13,6,7,0,0,0
2025-07-09 21:30,23,9,14,0,0,0
2025-07-09 21:45,20,9,11,0,0,0
2025-07-09 22:00,17,1,16,0,0,0
2025-07-09 22:15,14,5,9,0,0,0
2025-07-09 22:30,15,5,10,0,0,0
2025-07-09 22:45,13,1,12,0,0,0
2025-07-09 23:00,10,5,5,0,0,0
2025-07-09 23:15,13,2,11,0,0,0
2025-07-09 23:30,14,6,8,0,0,0
2025-07-09 23:45,4,2,2,0,0,0
2025-07-10 00:00,7,4,3,0,0,0
2025-07-10 00:15,14,6,8,0,0,0
2025-07-10 00:30,3,1,2,0,0,0
2025-07-10 00:45,14,9,5,0,0,0
2025-07-10 01:00,16,11,5,0,0,0
2025-07-10 01:15,12,8,4,0,0,0
2025-07-10 01:30,3,1,2,0,0,0
2025-07-10 01:45,6,3,3,0,0,0
2025-07-10 02:00,1,0,1,0,0,0
2025-07-10 02:15,3,0,3,0,0,0
2025-07-10 02:30,0,0,0,0,0,0
2025-07-10 02:45,2,0,2,0,0,0
2025-07-10 03:00,0,0,0,0,0,0
2025-07-10 03:15,2,2,0,0,0,0
2025-07-10 03:30,3,2,1,0,0,0
2025-07-10 03:45,2,0,2,0,0,0
2025-07-10 04:00,0,0,0,0,0,0
2025-07-10 04:15,2,0,2,0,0,0
2025-07-10 04:30,0,0,0,0,0,0
2025-07-10 04:45,2,2,0,0,0,0
2025-07-10 05:00,2,2,0,0,0,0
2025-07-10 05:15,4,2,2,0,0,0
2025-07-10 05:30,1,1,0,0,0,0
2025-07-10 05:45,5,2,3,0,0,0
2025-07-10 06:00,4,3,1,0,0,0
2025-07-10 06:15,3,2,1,0,0,0
2025-07-10 06:30,5,1,4,0,0,0
2025-07-10 06:45,6,3,3,0,0,0
2025-07-10 07:00,11,9,2,0,0,0
2025-07-10 07:15,19,14,5,0,0,0
2025-07-10 07:30,39,24,15,0,0,0
2025-07-10 07:45,62,40,22,0,0,0
2025-07-10 08:00,57,28,29,0,0,0
2025-07-10 08:15,58,27,31,0,0,0
2025-07-10 08:30,78,25,53,0,0,0
2025-07-10 08:45,127,30,97,0,0,0
2025-07-10 09:00,49,14,35,0,0,0
2025-07-10 09:15,30,8,22,0,0,0
2025-07-10 09:30,31,9,22,0,0,0
2025-07-10 09:45,27,15,12,0,0,0
2025-07-10 10:00,24,13,11,0,0,0
2025-07-10 10:15,21,9,12,0,0,0
2025-07-10 10:30,13,3,10,0,0,0
2025-07-10 10:45,16,11,5,0,0,0
2025-07-10 11:00,23,11,12,0,0,0
2025-07-10 11:15,17,9,8,0,0,0
2025-07-10 11:30,29,19,10,0,0,0
2025-07-10 11:45,33,15,18,0,0,0
2025-07-10 12:00,26,14,12,0,0,0
2025-07-10 12:15,38,21,17,0,0,0
2025-07-10 12:30,88,60,28,0,0,0
2025-07-10 12:45,37,16,21,0,0,0
2025-07-10 13:00,40,26,14,0,0,0
2025-07-10 13:15,19,9,10,0,0,0
2025-07-10 13:30,34,20,14,0,0,0
2025-07-10 13:45,25,14,11,0,0,0
2025-07-10 14:00,34,12,22,0,0,0
2025-07-10 14:15,43,21,22,0,0,0
2025-07-10 14:30,19,9,10,0,0,0
2025-07-10 14:45,35,16,19,0,0,0
2025-07-10 15:00,37,23,14,0,0,0
2025-07-10 15:15,39,15,24,0,0,0
2025-07-10 15:30,35,17,18,0,0,0
2025-07-10 15:45,46,19,27,0,0,0
2025-07-10 16:00,46,20,26,0,0,0
2025-07-10 16:15,57,19,38,0,0,0
2025-07-10 16:30,57,22,35,0,0,0
2025-07-10 16:45,50,17,33,0,0,0
2025-07-10 17:00,40,18,22,0,0,0
2025-07-10 17:15,38,17,21,0,0,0
2025-07-10 17:30,55,23,32,0,0,0
2025-07-10 17:45,41,21,20,0,0,0
2025-07-10 18:00,46,18,28,0,0,0
2025-07-10 18:15,50,16,34,0,0,0
2025-07-10 18:30,40,17,23,0,0,0
2025-07-10 18:45,51,21,30,0,0,0
2025-07-10 19:00,36,12,24,0,0,0
2025-07-10 19:15,31,15,16,0,0,0
2025-07-10 19:30,21,7,14,0,0,0
2025-07-10 19:45,43,23,20,0,0,0
2025-07-10 20:00,26,13,13,0,0,0
2025-07-10 20:15,26,15,11,0,0,0
2025-07-10 20:30,31,18,13,0,0,0
2025-07-10 20:45,27,16,11,0,0,0
2025-07-10 21:00,20,8,12,0,0,0
2025-07-10 21:15,22,11,11,0,0,0
2025-07-10 21:30,17,6,11,0,0,0
2025-07-10 21:45,18,5,13,0,0,0
2025-07-10 22:00,21,8,13,0,0,0
2025-07-10 22:15,19,4,15,0,0,0
2025-07-10 22:30,19,8,11,0,0,0
2025-07-10 22:45,15,4,11,0,0,0
2025-07-10 23:00,7,1,6,0,0,0
2025-07-10 23:15,11,6,5,0,0,0
2025-07-10 23:30,8,5,3,0,0,0
2025-07-10 23:45,10,1,9,0,0,0
2025-07-11 00:00,8,2,6,0,0,0
2025-07-11 00:15,5,0,5,0,0,0
2025-07-11 00:30,4,1,3,0,0,0
2025-07-11 00:45,10,4,6,0,0,0
2025-07-11 01:00,0,0,0,0,0,0
2025-07-11 01:15,3,1,2,0,0,0
2025-07-11 01:30,2,0,2,0,0,0
2025-07-11 01:45,3,1,2,0,0,0
2025-07-11 02:00,6,5,1,0,0,0
2025-07-11 02:15,0,0,0,0,0,0
2025-07-11 02:30,3,0,3,0,0,0
2025-07-11 02:45,1,1,0,0,0,0
2025-07-11 03:00,2,0,2,0,0,0
2025-07-11 03:15,2,2,0,0,0,0
2025-07-11 03:30,2,1,1,0,0,0
2025-07-11 03:45,0,0,0,0,0,0
2025-07-11 04:00,0,0,0,0,0,0
2025-07-11 04:15,3,1,2,0,0,0
2025-07-11 04:30,4,4,0,0,0,0
2025-07-11 04:45,1,0,1,0,0,0
2025-07-11 05:00,5,5,0,0,0,0
2025-07-11 05:15,3,0,3,0,0,0
2025-07-11 05:30,4,3,1,0,0,0
2025-07-11 05:45,2,2,0,0,0,0
2025-07-11 06:00,4,4,0,0,0,0
2025-07-11 06:15,5,3,2,0,0,0
2025-07-11 06:30,6,4,2,0,0,0
2025-07-11 06:45,12,5,7,0,0,0
2025-07-11 07:00,12,3,9,0,0,0
2025-07-11 07:15,26,14,12,0,0,0
2025-07-11 07:30,46,28,18,0,0,0
2025-07-11 07:45,43,29,14,0,0,0
2025-07-11 08:00,44,25,19,0,0,0
2025-07-11 08:15,47,24,23,0,0,0
2025-07-11 08:30,21,11,10,0,0,0
2025-07-11 08:45,30,19,11,0,0,0
2025-07-11 09:00,21,12,9,0,0,0
2025-07-11 09:15,28,12,16,0,0,0
2025-07-11 09:30,14,7,7,0,0,0
2025-07-11 09:45,20,12,8,0,0,0
2025-07-11 10:00,25,16,9,0,0,0
2025-07-11 10:15,27,12,15,0,0,0
2025-07-11 10:30,28,15,13,0,0,0
2025-07-11 10:45,31,12,19,0,0,0
2025-07-11 11:00,33,15,18,0,0,0
2025-07-11 11:15,30,14,16,0,0,0
2025-07-11 11:30,19,10,9,0,0,0
2025-07-11 11:45,21,8,13,0,0,0
2025-07-11 12:00,39,21,18,0,0,0
2025-07-11 12:15,34,17,17,0,0,0
2025-07-11 12:30,28,16,12,0,0,0
2025-07-11 12:45,33,17,16,0,0,0
2025-07-11 13:00,42,24,18,0,0,0
2025-07-11 13:15,33,16,17,0,0,0
2025-07-11 13:30,25,13,12,0,0,0
2025-07-11 13:45,35,15,20,0,0,0
2025-07-11 14:00,42,27,15,0,0,0
2025-07-11 14:15,35,11,24,0,0,0
2025-07-11 14:30,51,32,19,0,0,0
2025-07-11 14:45,46,17,29,0,0,0
2025-07-11 15:00,28,13,15,0,0,0
2025-07-11 15:15,30,18,12,0,0,0
2025-07-11 15:30,33,21,12,0,0,0
2025-07-11 15:45,38,22,16,0,0,0
2025-07-11 16:00,43,20,23,0,0,0
2025-07-11 16:15,27,10,17,0,0,0
2025-07-11 16:30,43,19,24,0,0,0
2025-07-11 16:45,40,21,19,0,0,0
2025-07-11 17:00,24,10,14,0,0,0
2025-07-11 17:15,37,17,20,0,0,0
2025-07-11 17:30,33,16,17,0,0,0
2025-07-11 17:45,31,16,15,0,0,0
2025-07-11 18:00,34,15,19,0,0,0
2025-07-11 18:15,47,19,28,0,0,0
2025-07-11 18:30,37,13,24,0,0,0
2025-07-11 18:45,31,17,14,0,0,0
2025-07-11 19:00,36,23,13,0,0,0
2025-07-11 19:15,19,5,14,0,0,0
2025-07-11 19:30,28,13,15,0,0,0
2025-07-11 19:45,29,15,14,0,0,0
2025-07-11 20:00,24,13,11,0,0,0
2025-07-11 20:15,23,13,10,0,0,0
2025-07-11 20:30,17,5,12,0,0,0
2025-07-11 20:45,12,6,6,0,0,0
2025-07-11 21:00,12,4,8,0,0,0
2025-07-11 21:15,9,4,5,0,0,0
2025-07-11 21:30,20,8,12,0,0,0
2025-07-11 21:45,13,3,10,0,0,0
2025-07-11 22:00,15,8,7,0,0,0
2025-07-11 22:15,26,8,18,0,0,0
2025-07-11 22:30,10,6,4,0,0,0
2025-07-11 22:45,20,11,9,0,0,0
2025-07-11 23:00,13,5,8,0,0,0
2025-07-11 23:15,6,2,4,0,0,0
2025-07-11 23:30,8,5,3,0,0,0
2025-07-11 23:45,9,4,5,0,0,0
2025-07-12 00:00,5,0,5,0,0,0
2025-07-12 00:15,13,4,9,0,0,0
2025-07-12 00:30,6,2,4,0,0,0
2025-07-12 00:45,10,3,7,0,0,0
2025-07-12 01:00,8,2,6,0,0,0
2025-07-12 01:15,1,0,1,0,0,0
2025-07-12 01:30,1,0,1,0,0,0
2025-07-12 01:45,3,3,0,0,0,0
2025-07-12 02:00,4,3,1,0,0,0
2025-07-12 02:15,1,0,1,0,0,0
2025-07-12 02:30,6,1,5,0,0,0
2025-07-12 02:45,1,0,1,0,0,0
2025-07-12 03:00,2,0,2,0,0,0
2025-07-12 03:15,0,0,0,0,0,0
2025-07-12 03:30,2,1,1,0,0,0
2025-07-12 03:45,7,1,6,0,0,0
2025-07-12 04:00,8,3,5,0,0,0
2025-07-12 04:15,2,0,2,0,0,0
2025-07-12 04:30,0,0,0,0,0,0
2025-07-12 04:45,1,0,1,0,0,0
2025-07-12 05:00,4,2,2,0,0,0
2025-07-12 05:15,1,1,0,0,0,0
2025-07-12 05:30,2,1,1,0,0,0
2025-07-12 05:45,2,0,2,0,0,0
2025-07-12 06:00,1,1,0,0,0,0
2025-07-12 06:15,1,1,0,0,0,0
2025-07-12 06:30,1,1,0,0,0,0
2025-07-12 06:45,4,3,1,0,0,0
2025-07-12 07:00,0,0,0,0,0,0
2025-07-12 07:15,1,1,0,0,0,0
2025-07-12 07:30,6,5,1,0,0,0
2025-07-12 07:45,2,2,0,0,0,0
2025-07-12 08:00,7,6,1,0,0,0
2025-07-12 08:15,5,4,1,0,0,0
2025-07-12 08:30,8,3,5,0,0,0
2025-07-12 08:45,16,5,11,0,0,0
2025-07-12 09:00,12,6,6,0,0,0
2025-07-12 09:15,8,4,4,0,0,0
2025-07-12 09:30,18,12,6,0,0,0
2025-07-12 09:45,21,17,4,0,0,0
2025-07-12 10:00,17,7,10,0,0,0
2025-07-12 10:15,28,13,15,0,0,0
2025-07-12 10:30,21,15,6,0,0,0
2025-07-12 10:45,16,8,8,0,0,0
2025-07-12 11:00,25,8,17,0,0,0
2025-07-12 11:15,26,19,7,0,0,0
2025-07-12 11:30,25,13,12,0,0,0
2025-07-12 11:45,28,16,12,0,0,0
2025-07-12 12:00,22,12,10,0,0,0
2025-07-12 12:15,32,14,18,0,0,0
2025-07-12 12:30,19,9,10,0,0,0
2025-07-12 12:45,37,15,22,0,0,0
2025-07-12 13:00,19,4,15,0,0,0
2025-07-12 13:15,23,15,8,0,0,0
2025-07-12 13:30,24,13,11,0,0,0
2025-07-12 13:45,15,7,8,0,0,0
2025-07-12 14:00,26,12,14,0,0,0
2025-07-12 14:15,31,14,17,0,0,0
2025-07-12 14:30,34,16,18,0,0,0
2025-07-12 14:45,23,6,17,0,0,0
2025-07-12 15:00,29,16,13,0,0,0
2025-07-12 15:15,34,18,16,0,0,0
2025-07-12 15:30,31,14,17,0,0,0
2025-07-12 15:45,41,20,21,0,0,0
2025-07-12 16:00,38,24,14,0,0,0
2025-07-12 16:15,22,10,12,0,0,0
2025-07-12 16:30,20,10,10,0,0,0
2025-07-12 16:45,16,6,10,0,0,0
2025-07-12 17:00,16,7,9,0,0,0
2025-07-12 17:15,25,12,13,0,0,0
2025-07-12 17:30,41,23,18,0,0,0
2025-07-12 17:45,30,12,18,0,0,0
2025-07-12 18:00,27,7,20,0,0,0
2025-07-12 18:15,30,15,15,0,0,0
2025-07-12 18:30,27,12,15,0,0,0
2025-07-12 18:45,12,2,10,0,0,0
2025-07-12 19:00,20,11,9,0,0,0
2025-07-12 19:15,22,6,16,0,0,0
2025-07-12 19:30,21,8,13,0,0,0
2025-07-12 19:45,18,11,7,0,0,0
2025-07-12 20:00,10,6,4,0,0,0
2025-07-12 20:15,19,10,9,0,0,0
2025-07-12 20:30,15,5,10,0,0,0
2025-07-12 20:45,11,5,6,0,0,0
2025-07-12 21:00,5,3,2,0,0,0
2025-07-12 21:15,7,7,0,0,0,0
2025-07-12 21:30,17,11,6,0,0,0
2025-07-12 21:45,17,9,8,0,0,0
2025-07-12 22:00,12,5,7,0,0,0
2025-07-12 22:15,19,12,7,0,0,0
2025-07-12 22:30,11,8,3,0,0,0
2025-07-12 22:45,18,6,12,0,0,0
2025-07-12 23:00,22,4,18,0,0,0
2025-07-12 23:15,6,2,4,0,0,0
2025-07-12 23:30,11,3,8,0,0,0
2025-07-12 23:45,6,2,4,0,0,0
2025-07-13 00:00,5,2,3,0,0,0
2025-07-13 00:15,9,4,5,0,0,0
2025-07-13 00:30,6,2,4,0,0,0
2025-07-13 00:45,9,4,5,0,0,0
2025-07-13 01:00,11,4,7,0,0,0
2025-07-13 01:15,7,1,6,0,0,0
2025-07-13 01:30,12,7,5,0,0,0
2025-07-13 01:45,8,6,2,0,0,0
2025-07-13 02:00,2,2,0,0,0,0
2025-07-13 02:15,3,2,1,0,0,0
2025-07-13 02:30,4,1,3,0,0,0
2025-07-13 02:45,7,3,4,0,0,0
2025-07-13 03:00,1,0,1,0,0,0
2025-07-13 03:15,7,2,5,0,0,0
2025-07-13 03:30,3,1,2,0,0,0
2025-07-13 03:45,0,0,0,0,0,0
2025-07-13 04:00,4,3,1,0,0,0
2025-07-13 04:15,1,0,1,0,0,0
2025-07-13 04:30,1,1,0,0,0,0
2025-07-13 04:45,10,4,6,0,0,0
2025-07-13 05:00,1,0,1,0,0,0
2025-07-13 05:15,1,0,1,0,0,0
2025-07-13 05:30,1,0,1,0,0,0
2025-07-13 05:45,0,0,0,0,0,0
2025-07-13 06:00,0,0,0,0,0,0
2025-07-13 06:15,0,0,0,0,0,0
2025-07-13 06:30,3,2,1,0,0,0
2025-07-13 06:45,0,0,0,0,0,0
2025-07-13 07:00,2,1,1,0,0,0
2025-07-13 07:15,1,1,0,0,0,0
2025-07-13 07:30,4,3,1,0,0,0
2025-07-13 07:45,7,4,3,0,0,0
2025-07-13 08:00,3,1,2,0,0,0
2025-07-13 08:15,3,1,2,0,0,0
2025-07-13 08:30,8,2,6,0,0,0
2025-07-13 08:45,6,0,6,0,0,0
2025-07-13 09:00,7,5,2,0,0,0
2025-07-13 09:15,10,4,6,0,0,0
2025-07-13 09:30,17,8,9,0,0,0
2025-07-13 09:45,14,8,6,0,0,0
2025-07-13 10:00,16,9,7,0,0,0
2025-07-13 10:15,13,6,7,0,0,0
2025-07-13 10:30,19,6,13,0,0,0
2025-07-13 10:45,25,10,15,0,0,0
2025-07-13 11:00,17,5,12,0,0,0
2025-07-13 11:15,20,7,13,0,0,0
2025-07-13 11:30,15,4,11,0,0,0
2025-07-13 11:45,26,14,12,0,0,0
2025-07-13 12:00,30,18,12,0,0,0
2025-07-13 12:15,21,11,10,0,0,0
2025-07-13 12:30,18,15,3,0,0,0
2025-07-13 12:45,21,10,11,0,0,0
2025-07-13 13:00,19,6,13,0,0,0
2025-07-13 13:15,24,8,16,0,0,0
2025-07-13 13:30,15,8,7,0,0,0
2025-07-13 13:45,17,11,6,0,0,0
2025-07-13 14:00,23,10,13,0,0,0
2025-07-13 14:15,19,8,11,0,0,0
2025-07-13 14:30,27,10,17,0,0,0
2025-07-13 14:45,23,11,12,0,0,0
2025-07-13 15:00,20,9,11,0,0,0
2025-07-13 15:15,14,6,8,0,0,0
2025-07-13 15:30,22,8,14,0,0,0
2025-07-13 15:45,19,7,12,0,0,0
2025-07-13 16:00,19,10,9,0,0,0
2025-07-13 16:15,13,7,6,0,0,0
2025-07-13 16:30,24,15,9,0,0,0
2025-07-13 16:45,27,13,14,0,0,0
2025-07-13 17:00,27,16,11,0,0,0
2025-07-13 17:15,24,9,15,0,0,0
2025-07-13 17:30,21,8,13,0,0,0
2025-07-13 17:45,17,4,13,0,0,0
2025-07-13 18:00,16,6,10,0,0,0
2025-07-13 18:15,27,13,14,0,0,0
2025-07-13 18:30,19,10,9,0,0,0
2025-07-13 18:45,22,10,12,0,0,0
2025-07-13 19:00,24,10,14,0,0,0
2025-07-13 19:15,18,7,11,0,0,0
2025-07-13 19:30,18,7,11,0,0,0
2025-07-13 19:45,8,4,4,0,0,0
2025-07-13 20:00,13,7,6,0,0,0
2025-07-13 20:15,8,2,6,0,0,0
2025-07-13 20:30,8,3,5,0,0,0
2025-07-13 20:45,17,13,4,0,0,0
2025-07-13 21:00,12,4,8,0,0,0
2025-07-13 21:15,6,2,4,0,0,0
2025-07-13 21:30,12,3,9,0,0,0
2025-07-13 21:45,7,4,3,0,0,0
2025-07-13 22:00,11,1,10,0,0,0
2025-07-13 22:15,6,4,2,0,0,0
2025-07-13 22:30,13,6,7,0,0,0
2025-07-13 22:45,13,7,6,0,0,0
2025-07-13 23:00,1,1,0,0,0,0
2025-07-13 23:15,11,4,7,0,0,0
2025-07-13 23:30,3,0,3,0,0,0
2025-07-13 23:45,5,2,3,0,0,0
2025-07-14 00:00,2,1,1,0,0,0
2025-07-14 00:15,4,2,2,0,0,0
2025-07-14 00:30,2,0,2,0,0,0
2025-07-14 00:45,1,1,0,0,0,0
2025-07-14 01:00,3,3,0,0,0,0
2025-07-14 01:15,1,0,1,0,0,0
2025-07-14 01:30,4,3,1,0,0,0
2025-07-14 01:45,0,0,0,0,0,0
2025-07-14 02:00,2,2,0,0,0,0
2025-07-14 02:15,0,0,0,0,0,0
2025-07-14 02:30,0,0,0,0,0,0
2025-07-14 02:45,0,0,0,0,0,0
2025-07-14 03:00,0,0,0,0,0,0
2025-07-14 03:15,0,0,0,0,0,0
2025-07-14 03:30,2,1,1,0,0,0
2025-07-14 03:45,0,0,0,0,0,0
2025-07-14 04:00,1,1,0,0,0,0
2025-07-14 04:15,1,0,1,0,0,0
2025-07-14 04:30,3,2,1,0,0,0
2025-07-14 04:45,0,0,0,0,0,0
2025-07-14 05:00,4,2,2,0,0,0
2025-07-14 05:15,5,3,2,0,0,0
2025-07-14 05:30,4,3,1,0,0,0
2025-07-14 05:45,5,2,3,0,0,0
2025-07-14 06:00,7,5,2,0,0,0
2025-07-14 06:15,12,6,6,0,0,0
2025-07-14 06:30,6,4,2,0,0,0
2025-07-14 06:45,8,3,5,0,0,0
2025-07-14 07:00,14,12,2,0,0,0
2025-07-14 07:15,12,9,3,0,0,0
2025-07-14 07:30,22,15,7,0,0,0
2025-07-14 07:45,37,27,10,0,0,0
2025-07-14 08:00,27,16,11,0,0,0
2025-07-14 08:15,20,11,9,0,0,0
2025-07-14 08:30,29,20,9,0,0,0
2025-07-14 08:45,36,27,9,0,0,0
2025-07-14 09:00,30,16,14,0,0,0
2025-07-14 09:15,20,13,7,0,0,0
2025-07-14 09:30,24,15,9,0,0,0
2025-07-14 09:45,39,22,17,0,0,0
2025-07-14 10:00,18,10,8,0,0,0
2025-07-14 10:15,22,9,13,0,0,0
2025-07-14 10:30,27,12,15,0,0,0
2025-07-14 10:45,25,13,12,0,0,0
2025-07-14 11:00,24,12,12,0,0,0
2025-07-14 11:15,18,4,14,0,0,0
2025-07-14 11:30,19,11,8,0,0,0
2025-07-14 11:45,16,10,6,0,0,0
2025-07-14 12:00,22,11,11,0,0,0
2025-07-14 12:15,26,10,16,0,0,0
2025-07-14 12:30,23,11,12,0,0,0
2025-07-14 12:45,25,13,12,0,0,0
2025-07-14 13:00,30,14,16,0,0,0
2025-07-14 13:15,33,16,17,0,0,0
2025-07-14 13:30,25,11,14,0,0,0
2025-07-14 13:45,25,13,12,0,0,0
2025-07-14 14:00,25,6,19,0,0,0
2025-07-14 14:15,34,14,20,0,0,0
2025-07-14 14:30,41,17,24,0,0,0
2025-07-14 14:45,41,19,22,0,0,0
2025-07-14 15:00,37,19,18,0,0,0
2025-07-14 15:15,24,12,12,0,0,0
2025-07-14 15:30,27,11,16,0,0,0
2025-07-14 15:45,37,21,16,0,0,0
2025-07-14 16:00,39,16,23,0,0,0
2025-07-14 16:15,35,13,22,0,0,0
2025-07-14 16:30,45,21,24,0,0,0
2025-07-14 16:45,30,9,21,0,0,0
2025-07-14 17:00,27,10,17,0,0,0
2025-07-14 17:15,35,19,16,0,0,0
2025-07-14 17:30,37,13,24,0,0,0
2025-07-14 17:45,20,6,14,0,0,0
2025-07-14 18:00,22,10,12,0,0,0
2025-07-14 18:15,43,17,26,0,0,0
2025-07-14 18:30,36,14,22,0,0,0
2025-07-14 18:45,23,11,12,0,0,0
2025-07-14 19:00,19,5,14,0,0,0
2025-07-14 19:15,18,12,6,0,0,0
2025-07-14 19:30,26,9,17,0,0,0
2025-07-14 19:45,28,10,18,0,0,0
2025-07-14 20:00,28,16,12,0,0,0
2025-07-14 20:15,18,7,11,0,0,0
2025-07-14 20:30,9,4,5,0,0,0
2025-07-14 20:45,13,8,5,0,0,0
2025-07-14 21:00,20,10,10,0,0,0
2025-07-14 21:15,10,7,3,0,0,0
2025-07-14 21:30,16,9,7,0,0,0
2025-07-14 21:45,7,1,6,0,0,0
2025-07-14 22:00,10,6,4,0,0,0
2025-07-14 22:15,12,4,8,0,0,0
2025-07-14 22:30,11,7,4,0,0,0
2025-07-14 22:45,7,3,4,0,0,0
2025-07-14 23:00,8,3,5,0,0,0
2025-07-14 23:15,3,3,0,0,0,0
2025-07-14 23:30,14,5,9,0,0,0
2025-07-14 23:45,3,1,2,0,0,0
2025-07-15 00:00,3,1,2,0,0,0
2025-07-15 00:15,3,3,0,0,0,0
2025-07-15 00:30,0,0,0,0,0,0
2025-07-15 00:45,5,2,3,0,0,0
2025-07-15 01:00,1,1,0,0,0,0
2025-07-15 01:15,2,1,1,0,0,0
2025-07-15 01:30,3,1,2,0,0,0
2025-07-15 01:45,0,0,0,0,0,0
2025-07-15 02:00,2,2,0,0,0,0
2025-07-15 02:15,2,2,0,0,0,0
2025-07-15 02:30,0,0,0,0,0,0
2025-07-15 02:45,1,1,0,0,0,0
2025-07-15 03:00,0,0,0,0,0,0
2025-07-15 03:15,1,0,1,0,0,0
2025-07-15 03:30,1,0,1,0,0,0
2025-07-15 03:45,4,3,1,0,0,0
2025-07-15 04:00,0,0,0,0,0,0
2025-07-15 04:15,1,0,1,0,0,0
2025-07-15 04:30,0,0,0,0,0,0
2025-07-15 04:45,1,1,0,0,0,0
2025-07-15 05:00,3,2,1,0,0,0
2025-07-15 05:15,0,0,0,0,0,0
2025-07-15 05:30,6,4,2,0,0,0
2025-07-15 05:45,5,2,3,0,0,0
2025-07-15 06:00,5,4,1,0,0,0
2025-07-15 06:15,4,2,2,0,0,0
2025-07-15 06:30,7,4,3,0,0,0
2025-07-15 06:45,9,4,5,0,0,0
2025-07-15 07:00,10,6,4,0,0,0
2025-07-15 07:15,5,3,2,0,0,0
2025-07-15 07:30,23,15,8,0,0,0
2025-07-15 07:45,18,13,5,0,0,0
2025-07-15 08:00,18,9,9,0,0,0
2025-07-15 08:15,16,9,7,0,0,0
2025-07-15 08:30,27,14,13,0,0,0
2025-07-15 08:45,24,13,11,0,0,0
2025-07-15 09:00,20,7,13,0,0,0
2025-07-15 09:15,27,17,10,0,0,0
2025-07-15 09:30,12,3,9,0,0,0
2025-07-15 09:45,26,11,15,0,0,0
2025-07-15 10:00,13,5,8,0,0,0
2025-07-15 10:15,22,18,4,0,0,0
2025-07-15 10:30,20,9,11,0,0,0
2025-07-15 10:45,11,6,5,0,0,0
2025-07-15 11:00,12,9,3,0,0,0
2025-07-15 11:15,14,9,5,0,0,0
2025-07-15 11:30,20,9,11,0,0,0
2025-07-15 11:45,24,15,9,0,0,0
2025-07-15 12:00,17,8,9,0,0,0
2025-07-15 12:15,17,13,4,0,0,0
2025-07-15 12:30,24,12,12,0,0,0
2025-07-15 12:45,20,8,12,0,0,0
2025-07-15 13:00,24,11,13,0,0,0
2025-07-15 13:15,20,10,10,0,0,0
2025-07-15 13:30,26,12,14,0,0,0
2025-07-15 13:45,28,12,16,0,0,0
2025-07-15 14:00,26,16,10,0,0,0
2025-07-15 14:15,21,12,9,0,0,0
2025-07-15 14:30,28,14,14,0,0,0
2025-07-15 14:45,30,16,14,0,0,0
2025-07-15 15:00,20,15,5,0,0,0
2025-07-15 15:15,24,9,15,0,0,0
2025-07-15 15:30,30,15,15,0,0,0
2025-07-15 15:45,37,15,22,0,0,0
2025-07-15 16:00,37,16,21,0,0,0
2025-07-15 16:15,34,9,25,0,0,0
2025-07-15 16:30,47,19,28,0,0,0
2025-07-15 16:45,44,21,23,0,0,0
2025-07-15 17:00,29,13,16,0,0,0
2025-07-15 17:15,41,19,22,0,0,0
2025-07-15 17:30,38,10,28,0,0,0
2025-07-15 17:45,29,17,12,0,0,0
2025-07-15 18:00,49,14,35,0,0,0
2025-07-15 18:15,29,12,17,0,0,0
2025-07-15 18:30,24,9,15,0,0,0
2025-07-15 18:45,38,14,24,0,0,0
2025-07-15 19:00,30,18,12,0,0,0
2025-07-15 19:15,36,16,20,0,0,0
2025-07-15 19:30,20,11,9,0,0,0
2025-07-15 19:45,39,16,23,0,0,0
2025-07-15 20:00,22,12,10,0,0,0
2025-07-15 20:15,26,7,19,0,0,0
2025-07-15 20:30,26,15,11,0,0,0
2025-07-15 20:45,11,6,5,0,0,0
2025-07-15 21:00,17,5,12,0,0,0
2025-07-15 21:15,12,4,8,0,0,0
2025-07-15 21:30,17,9,8,0,0,0
2025-07-15 21:45,9,3,6,0,0,0
2025-07-15 22:00,17,7,10,0,0,0
2025-07-15 22:15,15,8,7,0,0,0
2025-07-15 22:30,12,2,10,0,0,0
2025-07-15 22:45,15,5,10,0,0,0
2025-07-15 23:00,15,11,4,0,0,0
2025-07-15 23:15,4,2,2,0,0,0
2025-07-15 23:30,10,3,7,0,0,0
2025-07-15 23:45,3,0,3,0,0,0
2025-07-16 00:00,4,1,3,0,0,0
2025-07-16 00:15,4,2,2,0,0,0
2025-07-16 00:30,3,2,1,0,0,0
2025-07-16 00:45,1,1,0,0,0,0
2025-07-16 01:00,2,0,2,0,0,0
2025-07-16 01:15,2,2,0,0,0,0
2025-07-16 01:30,3,0,3,0,0,0
2025-07-16 01:45,1,0,1,0,0,0
2025-07-16 02:00,6,3,3,0,0,0
2025-07-16 02:15,1,1,0,0,0,0
2025-07-16 02:30,1,0,1,0,0,0
2025-07-16 02:45,1,0,1,0,0,0
2025-07-16 03:00,3,0,3,0,0,0
2025-07-16 03:15,0,0,0,0,0,0
2025-07-16 03:30,4,3,1,0,0,0
2025-07-16 03:45,0,0,0,0,0,0
2025-07-16 04:00,0,0,0,0,0,0
2025-07-16 04:15,5,3,2,0,0,0
2025-07-16 04:30,0,0,0,0,0,0
2025-07-16 04:45,2,2,0,0,0,0
2025-07-16 05:00,2,1,1,0,0,0
2025-07-16 05:15,1,0,1,0,0,0
2025-07-16 05:30,5,3,2,0,0,0
2025-07-16 05:45,1,0,1,0,0,0
2025-07-16 06:00,6,4,2,0,0,0
2025-07-16 06:15,7,3,4,0,0,0
2025-07-16 06:30,8,2,6,0,0,0
2025-07-16 06:45,5,3,2,0,0,0
2025-07-16 07:00,9,6,3,0,0,0
2025-07-16 07:15,12,8,4,0,0,0
2025-07-16 07:30,15,9,6,0,0,0
2025-07-16 07:45,19,10,9,0,0,0
2025-07-16 08:00,20,14,6,0,0,0
2025-07-16 08:15,14,3,11,0,0,0
2025-07-16 08:30,16,6,10,0,0,0
2025-07-16 08:45,32,25,7,0,0,0
2025-07-16 09:00,19,15,4,0,0,0
2025-07-16 09:15,9,5,4,0,0,0
2025-07-16 09:30,21,10,11,0,0,0
2025-07-16 09:45,14,7,7,0,0,0
2025-07-16 10:00,13,8,5,0,0,0
2025-07-16 10:15,16,7,9,0,0,0
2025-07-16 10:30,14,6,8,0,0,0
2025-07-16 10:45,17,9,8,0,0,0
2025-07-16 11:00,21,7,14,0,0,0
2025-07-16 11:15,14,9,5,0,0,0
2025-07-16 11:30,10,3,7,0,0,0
2025-07-16 11:45,35,21,14,0,0,0
2025-07-16 12:00,25,16,9,0,0,0
2025-07-16 12:15,21,12,9,0,0,0
2025-07-16 12:30,5,3,2,0,0,0
2025-07-16 12:45,8,3,5,0,0,0
2025-07-16 13:00,18,13,5,0,0,0
2025-07-16 13:15,19,10,9,0,0,0
2025-07-16 13:30,16,7,9,0,0,0
2025-07-16 13:45,21,7,14,0,0,0
2025-07-16 14:00,21,14,7,0,0,0
2025-07-16 14:15,22,11,11,0,0,0
2025-07-16 14:30,18,9,9,0,0,0
2025-07-16 14:45,33,12,21,0,0,0
2025-07-16 15:00,14,8,6,0,0,0
2025-07-16 15:15,14,6,8,0,0,0
2025-07-16 15:30,9,3,6,0,0,0
2025-07-16 15:45,25,12,13,0,0,0
2025-07-16 16:00,26,7,19,0,0,0
2025-07-16 16:15,30,12,18,0,0,0
2025-07-16 16:30,18,11,7,0,0,0
2025-07-16 16:45,24,11,13,0,0,0
2025-07-16 17:00,32,16,16,0,0,0
2025-07-16 17:15,24,8,16,0,0,0
2025-07-16 17:30,31,16,15,0,0,0
2025-07-16 17:45,34,10,24,0,0,0
2025-07-16 18:00,22,1,21,0,0,0
2025-07-16 18:15,43,15,28,0,0,0
2025-07-16 18:30,46,9,37,0,0,0
2025-07-16 18:45,28,8,20,0,0,0
2025-07-16 19:00,26,11,15,0,0,0
2025-07-16 19:15,20,11,9,0,0,0
2025-07-16 19:30,25,11,14,0,0,0
2025-07-16 19:45,16,8,8,0,0,0
2025-07-16 20:00,27,14,13,0,0,0
2025-07-16 20:15,28,12,16,0,0,0
2025-07-16 20:30,13,4,9,0,0,0
2025-07-16 20:45,4,2,2,0,0,0
2025-07-16 21:00,10,3,7,0,0,0
2025-07-16 21:15,21,12,9,0,0,0
2025-07-16 21:30,7,3,4,0,0,0
2025-07-16 21:45,13,7,6,0,0,0
2025-07-16 22:00,11,6,5,0,0,0
2025-07-16 22:15,11,7,4,0,0,0
2025-07-16 22:30,29,17,12,0,0,0
2025-07-16 22:45,13,5,8,0,0,0
2025-07-16 23:00,11,5,6,0,0,0
2025-07-16 23:15,9,6,3,0,0,0
2025-07-16 23:30,3,0,3,0,0,0
2025-07-16 23:45,3,0,3,0,0,0
2025-07-17 00:00,2,1,1,0,0,0
2025-07-17 00:15,3,0,3,0,0,0
2025-07-17 00:30,11,1,10,0,0,0
2025-07-17 00:45,5,2,3,0,0,0
2025-07-17 01:00,4,3,1,0,0,0
2025-07-17 01:15,3,3,0,0,0,0
2025-07-17 01:30,3,1,2,0,0,0
2025-07-17 01:45,1,1,0,0,0,0
2025-07-17 02:00,2,2,0,0,0,0
2025-07-17 02:15,1,0,1,0,0,0
2025-07-17 02:30,0,0,0,0,0,0
2025-07-17 02:45,4,1,3,0,0,0
2025-07-17 03:00,1,1,0,0,0,0
2025-07-17 03:15,4,0,4,0,0,0
2025-07-17 03:30,1,1,0,0,0,0
2025-07-17 03:45,2,0,2,0,0,0
2025-07-17 04:00,0,0,0,0,0,0
2025-07-17 04:15,1,1,0,0,0,0
2025-07-17 04:30,0,0,0,0,0,0
2025-07-17 04:45,2,2,0,0,0,0
2025-07-17 05:00,3,2,1,0,0,0
2025-07-17 05:15,2,2,0,0,0,0
2025-07-17 05:30,2,2,0,0,0,0
2025-07-17 05:45,3,1,2,0,0,0
2025-07-17 06:00,5,2,3,0,0,0
2025-07-17 06:15,6,3,3,0,0,0
2025-07-17 06:30,3,1,2,0,0,0
2025-07-17 06:45,9,5,4,0,0,0
2025-07-17 07:00,9,5,4,0,0,0
2025-07-17 07:15,17,12,5,0,0,0
2025-07-17 07:30,21,15,6,0,0,0
2025-07-17 07:45,25,15,10,0,0,0
2025-07-17 08:00,20,12,8,0,0,0
2025-07-17 08:15,21,8,13,0,0,0
2025-07-17 08:30,31,20,11,0,0,0
2025-07-17 08:45,38,18,20,0,0,0
2025-07-17 09:00,17,10,7,0,0,0
2025-07-17 09:15,23,15,8,0,0,0
2025-07-17 09:30,23,11,12,0,0,0
2025-07-17 09:45,17,11,6,0,0,0
2025-07-17 10:00,16,7,9,0,0,0
2025-07-17 10:15,21,11,10,0,0,0
2025-07-17 10:30,12,7,5,0,0,0
2025-07-17 10:45,21,10,11,0,0,0
2025-07-17 11:00,13,8,5,0,0,0
2025-07-17 11:15,15,9,6,0,0,0
2025-07-17 11:30,15,3,12,0,0,0
2025-07-17 11:45,23,9,14,0,0,0
2025-07-17 12:00,22,11,11,0,0,0
2025-07-17 12:15,24,12,12,0,0,0
2025-07-17 12:30,29,16,13,0,0,0
2025-07-17 12:45,17,11,6,0,0,0
2025-07-17 13:00,19,7,12,0,0,0
2025-07-17 13:15,21,11,10,0,0,0
2025-07-17 13:30,26,17,9,0,0,0
2025-07-17 13:45,26,12,14,0,0,0
2025-07-17 14:00,32,17,15,0,0,0
2025-07-17 14:15,11,4,7,0,0,0
2025-07-17 14:30,28,18,10,0,0,0
2025-07-17 14:45,26,16,10,0,0,0
2025-07-17 15:00,27,17,10,0,0,0
2025-07-17 15:15,34,17,17,0,0,0
2025-07-17 15:30,37,18,19,0,0,0
2025-07-17 15:45,32,15,17,0,0,0
2025-07-17 16:00,38,21,17,0,0,0
2025-07-17 16:15,34,17,17,0,0,0
2025-07-17 16:30,39,14,25,0,0,0
2025-07-17 16:45,31,17,14,0,0,0
2025-07-17 17:00,29,14,15,0,0,0
2025-07-17 17:15,42,28,14,0,0,0
2025-07-17 17:30,38,15,23,0,0,0
2025-07-17 17:45,25,9,16,0,0,0
2025-07-17 18:00,47,18,29,0,0,0
2025-07-17 18:15,49,18,31,0,0,0
2025-07-17 18:30,35,15,20,0,0,0
2025-07-17 18:45,35,11,24,0,0,0
2025-07-17 19:00,34,18,16,0,0,0
2025-07-17 19:15,22,11,11,0,0,0
2025-07-17 19:30,36,17,19,0,0,0
2025-07-17 19:45,36,12,24,0,0,0
2025-07-17 20:00,29,13,16,0,0,0
2025-07-17 20:15,15,4,11,0,0,0
2025-07-17 20:30,20,9,11,0,0,0
2025-07-17 20:45,15,4,11,0,0,0
2025-07-17 21:00,16,6,10,0,0,0
2025-07-17 21:15,13,7,6,0,0,0
2025-07-17 21:30,9,3,6,0,0,0
2025-07-17 21:45,21,14,7,0,0,0
2025-07-17 22:00,17,11,6,0,0,0
2025-07-17 22:15,13,6,7,0,0,0
2025-07-17 22:30,11,3,8,0,0,0
2025-07-17 22:45,7,2,5,0,0,0
2025-07-17 23:00,13,3,10,0,0,0
2025-07-17 23:15,7,3,4,0,0,0
2025-07-17 23:30,8,4,4,0,0,0
2025-07-17 23:45,10,2,8,0,0,0
2025-07-18 00:00,6,1,5,0,0,0
2025-07-18 00:15,1,1,0,0,0,0
2025-07-18 00:30,1,0,1,0,0,0
2025-07-18 00:45,1,0,1,0,0,0
2025-07-18 01:00,2,0,2,0,0,0
2025-07-18 01:15,4,1,3,0,0,0
2025-07-18 01:30,1,0,1,0,0,0
2025-07-18 01:45,3,2,1,0,0,0
2025-07-18 02:00,2,2,0,0,0,0
2025-07-18 02:15,0,0,0,0,0,0
2025-07-18 02:30,1,0,1,0,0,0
2025-07-18 02:45,2,1,1,0,0,0
2025-07-18 03:00,0,0,0,0,0,0
2025-07-18 03:15,1,0,1,0,0,0
2025-07-18 03:30,2,2,0,0,0,0
2025-07-18 03:45,1,0,1,0,0,0
2025-07-18 04:00,0,0,0,0,0,0
2025-07-18 04:15,4,2,2,0,0,0
2025-07-18 04:30,1,1,0,0,0,0
2025-07-18 04:45,3,2,1,0,0,0
2025-07-18 05:00,1,1,0,0,0,0
2025-07-18 05:15,1,1,0,0,0,0
2025-07-18 05:30,1,1,0,0,0,0
2025-07-18 05:45,5,4,1,0,0,0
2025-07-18 06:00,4,2,2,0,0,0
2025-07-18 06:15,5,3,2,0,0,0
2025-07-18 06:30,7,4,3,0,0,0
2025-07-18 06:45,7,3,4,0,0,0
2025-07-18 07:00,9,2,7,0,0,0
2025-07-18 07:15,14,8,6,0,0,0
2025-07-18 07:30,17,11,6,0,0,0
2025-07-18 07:45,25,21,4,0,0,0
2025-07-18 08:00,30,17,13,0,0,0
2025-07-18 08:15,19,11,8,0,0,0
2025-07-18 08:30,26,14,12,0,0,0
2025-07-18 08:45,18,10,8,0,0,0
2025-07-18 09:00,21,8,13,0,0,0
2025-07-18 09:15,21,12,9,0,0,0
2025-07-18 09:30,17,10,7,0,0,0
2025-07-18 09:45,15,7,8,0,0,0
2025-07-18 10:00,23,7,16,0,0,0
2025-07-18 10:15,20,8,12,0,0,0
2025-07-18 10:30,23,11,12,0,0,0
2025-07-18 10:45,19,8,11,0,0,0
2025-07-18 11:00,22,13,9,0,0,0
2025-07-18 11:15,25,14,11,0,0,0
2025-07-18 11:30,19,6,13,0,0,0
2025-07-18 11:45,21,9,12,0,0,0
2025-07-18 12:00,21,5,16,0,0,0
2025-07-18 12:15,12,8,4,0,0,0
2025-07-18 12:30,26,15,11,0,0,0
2025-07-18 12:45,38,19,19,0,0,0
2025-07-18 13:00,26,16,10,0,0,0
2025-07-18 13:15,29,11,18,0,0,0
2025-07-18 13:30,33,11,22,0,0,0
2025-07-18 13:45,38,17,21,0,0,0
2025-07-18 14:00,32,13,19,0,0,0
2025-07-18 14:15,46,23,23,0,0,0
2025-07-18 14:30,46,38,8,0,0,0
2025-07-18 14:45,37,18,19,0,0,0
2025-07-18 15:00,30,10,20,0,0,0
2025-07-18 15:15,30,12,18,0,0,0
2025-07-18 15:30,33,14,19,0,0,0
2025-07-18 15:45,36,17,19,0,0,0
2025-07-18 16:00,26,10,16,0,0,0
2025-07-18 16:15,23,10,13,0,0,0
2025-07-18 16:30,36,18,18,0,0,0
2025-07-18 16:45,30,18,12,0,0,0
2025-07-18 17:00,31,9,22,0,0,0
2025-07-18 17:15,48,17,31,0,0,0
2025-07-18 17:30,45,20,25,0,0,0
2025-07-18 17:45,30,18,12,0,0,0
2025-07-18 18:00,39,16,23,0,0,0
2025-07-18 18:15,36,15,21,0,0,0
2025-07-18 18:30,31,11,20,0,0,0
2025-07-18 18:45,33,15,18,0,0,0
2025-07-18 19:00,44,29,15,0,0,0
2025-07-18 19:15,22,14,8,0,0,0
2025-07-18 19:30,18,12,6,0,0,0
2025-07-18 19:45,49,22,27,0,0,0
2025-07-18 20:00,22,11,11,0,0,0
2025-07-18 20:15,28,17,11,0,0,0
2025-07-18 20:30,13,2,11,0,0,0
2025-07-18 20:45,26,7,19,0,0,0
2025-07-18 21:00,14,6,8,0,0,0
2025-07-18 21:15,22,10,12,0,0,0
2025-07-18 21:30,11,4,7,0,0,0
2025-07-18 21:45,19,11,8,0,0,0
2025-07-18 22:00,19,10,9,0,0,0
2025-07-18 22:15,22,7,15,0,0,0
2025-07-18 22:30,22,15,7,0,0,0
2025-07-18 22:45,14,4,10,0,0,0
2025-07-18 23:00,12,2,10,0,0,0
2025-07-18 23:15,11,3,8,0,0,0
2025-07-18 23:30,20,1,19,0,0,0
2025-07-18 23:45,13,3,10,0,0,0
2025-07-19 00:00,18,5,13,0,0,0
2025-07-19 00:15,12,3,9,0,0,0
2025-07-19 00:30,6,3,3,0,0,0
2025-07-19 00:45,3,2,1,0,0,0
2025-07-19 01:00,4,0,4,0,0,0
2025-07-19 01:15,5,2,3,0,0,0
2025-07-19 01:30,5,0,5,0,0,0
2025-07-19 01:45,5,2,3,0,0,0
