Datetime,100034983 (Warendorfer Straße),101034983 (Warendorfer Straße stadteinwärts),102034983 (Warendorfer Straße stadtauswärts),100034983-status,101034983-status,102034983-status
2022-11-01 00:00,44,27,17,0,0,0
2022-11-01 00:15,43,14,29,0,0,0
2022-11-01 00:30,25,8,17,0,0,0
2022-11-01 00:45,29,8,21,0,0,0
2022-11-01 01:00,27,8,19,0,0,0
2022-11-01 01:15,24,8,16,0,0,0
2022-11-01 01:30,19,8,11,0,0,0
2022-11-01 01:45,41,20,21,0,0,0
2022-11-01 02:00,25,9,16,0,0,0
2022-11-01 02:15,22,9,13,0,0,0
2022-11-01 02:30,40,14,26,0,0,0
2022-11-01 02:45,25,13,12,0,0,0
2022-11-01 03:00,20,6,14,0,0,0
2022-11-01 03:15,20,3,17,0,0,0
2022-11-01 03:30,26,15,11,0,0,0
2022-11-01 03:45,23,7,16,0,0,0
2022-11-01 04:00,14,3,11,0,0,0
2022-11-01 04:15,16,5,11,0,0,0
2022-11-01 04:30,12,2,10,0,0,0
2022-11-01 04:45,13,2,11,0,0,0
2022-11-01 05:00,3,1,2,0,0,0
2022-11-01 05:15,12,5,7,0,0,0
2022-11-01 05:30,13,8,5,0,0,0
2022-11-01 05:45,2,1,1,0,0,0
2022-11-01 06:00,6,3,3,0,0,0
2022-11-01 06:15,5,3,2,0,0,0
2022-11-01 06:30,5,3,2,0,0,0
2022-11-01 06:45,12,5,7,0,0,0
2022-11-01 07:00,4,2,2,0,0,0
2022-11-01 07:15,11,5,6,0,0,0
2022-11-01 07:30,13,10,3,0,0,0
2022-11-01 07:45,16,11,5,0,0,0
2022-11-01 08:00,7,6,1,0,0,0
2022-11-01 08:15,12,9,3,0,0,0
2022-11-01 08:30,10,8,2,0,0,0
2022-11-01 08:45,25,19,6,0,0,0
2022-11-01 09:00,27,14,13,0,0,0
2022-11-01 09:15,28,18,10,0,0,0
2022-11-01 09:30,34,24,10,0,0,0
2022-11-01 09:45,43,31,12,0,0,0
2022-11-01 10:00,35,23,12,0,0,0
2022-11-01 10:15,38,24,14,0,0,0
2022-11-01 10:30,30,22,8,0,0,0
2022-11-01 10:45,48,35,13,0,0,0
2022-11-01 11:00,57,28,29,0,0,0
2022-11-01 11:15,53,30,23,0,0,0
2022-11-01 11:30,59,41,18,0,0,0
2022-11-01 11:45,60,37,23,0,0,0
2022-11-01 12:00,71,45,26,0,0,0
2022-11-01 12:15,65,40,25,0,0,0
2022-11-01 12:30,66,39,27,0,0,0
2022-11-01 12:45,78,38,40,0,0,0
2022-11-01 13:00,96,61,35,0,0,0
2022-11-01 13:15,94,64,30,0,0,0
2022-11-01 13:30,96,59,37,0,0,0
2022-11-01 13:45,96,56,40,0,0,0
2022-11-01 14:00,81,49,32,0,0,0
2022-11-01 14:15,76,40,36,0,0,0
2022-11-01 14:30,123,86,37,0,0,0
2022-11-01 14:45,111,65,46,0,0,0
2022-11-01 15:00,114,61,53,0,0,0
2022-11-01 15:15,79,49,30,0,0,0
2022-11-01 15:30,113,64,49,0,0,0
2022-11-01 15:45,110,71,39,0,0,0
2022-11-01 16:00,76,43,33,0,0,0
2022-11-01 16:15,97,45,52,0,0,0
2022-11-01 16:30,95,58,37,0,0,0
2022-11-01 16:45,116,72,44,0,0,0
2022-11-01 17:00,77,44,33,0,0,0
2022-11-01 17:15,95,48,47,0,0,0
2022-11-01 17:30,91,42,49,0,0,0
2022-11-01 17:45,102,60,42,0,0,0
2022-11-01 18:00,57,16,41,0,0,0
2022-11-01 18:15,66,35,31,0,0,0
2022-11-01 18:30,68,30,38,0,0,0
2022-11-01 18:45,74,34,40,0,0,0
2022-11-01 19:00,74,33,41,0,0,0
2022-11-01 19:15,49,21,28,0,0,0
2022-11-01 19:30,49,25,24,0,0,0
2022-11-01 19:45,67,32,35,0,0,0
2022-11-01 20:00,37,17,20,0,0,0
2022-11-01 20:15,42,16,26,0,0,0
2022-11-01 20:30,39,21,18,0,0,0
2022-11-01 20:45,31,16,15,0,0,0
2022-11-01 21:00,30,15,15,0,0,0
2022-11-01 21:15,27,9,18,0,0,0
2022-11-01 21:30,45,31,14,0,0,0
2022-11-01 21:45,24,13,11,0,0,0
2022-11-01 22:00,23,11,12,0,0,0
2022-11-01 22:15,40,21,19,0,0,0
2022-11-01 22:30,25,19,6,0,0,0
2022-11-01 22:45,19,9,10,0,0,0
2022-11-01 23:00,12,1,11,0,0,0
2022-11-01 23:15,18,8,10,0,0,0
2022-11-01 23:30,12,3,9,0,0,0
2022-11-01 23:45,6,3,3,0,0,0
2022-11-02 00:00,5,1,4,0,0,0
2022-11-02 00:15,6,4,2,0,0,0
2022-11-02 00:30,1,0,1,0,0,0
2022-11-02 00:45,2,1,1,0,0,0
2022-11-02 01:00,3,2,1,0,0,0
2022-11-02 01:15,9,6,3,0,0,0
2022-11-02 01:30,0,0,0,0,0,0
2022-11-02 01:45,0,0,0,0,0,0
2022-11-02 02:00,0,0,0,0,0,0
2022-11-02 02:15,0,0,0,0,0,0
2022-11-02 02:30,3,2,1,0,0,0
2022-11-02 02:45,1,0,1,0,0,0
2022-11-02 03:00,0,0,0,0,0,0
2022-11-02 03:15,2,1,1,0,0,0
2022-11-02 03:30,1,1,0,0,0,0
2022-11-02 03:45,0,0,0,0,0,0
2022-11-02 04:00,0,0,0,0,0,0
2022-11-02 04:15,2,2,0,0,0,0
2022-11-02 04:30,3,3,0,0,0,0
2022-11-02 04:45,2,1,1,0,0,0
2022-11-02 05:00,3,3,0,0,0,0
2022-11-02 05:15,5,5,0,0,0,0
2022-11-02 05:30,20,16,4,0,0,0
2022-11-02 05:45,16,5,11,0,0,0
2022-11-02 06:00,18,14,4,0,0,0
2022-11-02 06:15,35,18,17,0,0,0
2022-11-02 06:30,73,48,25,0,0,0
2022-11-02 06:45,89,62,27,0,0,0
2022-11-02 07:00,109,69,40,0,0,0
2022-11-02 07:15,208,159,49,0,0,0
2022-11-02 07:30,363,294,69,0,0,0
2022-11-02 07:45,354,244,110,0,0,0
2022-11-02 08:00,181,136,45,0,0,0
2022-11-02 08:15,179,128,51,0,0,0
2022-11-02 08:30,184,135,49,0,0,0
2022-11-02 08:45,203,155,48,0,0,0
2022-11-02 09:00,132,101,31,0,0,0
2022-11-02 09:15,140,118,22,0,0,0
2022-11-02 09:30,161,119,42,0,0,0
2022-11-02 09:45,165,129,36,0,0,0
2022-11-02 10:00,152,110,42,0,0,0
2022-11-02 10:15,155,122,33,0,0,0
2022-11-02 10:30,129,92,37,0,0,0
2022-11-02 10:45,170,102,68,0,0,0
2022-11-02 11:00,137,75,62,0,0,0
2022-11-02 11:15,136,75,61,0,0,0
2022-11-02 11:30,151,94,57,0,0,0
2022-11-02 11:45,170,101,69,0,0,0
2022-11-02 12:00,155,93,62,0,0,0
2022-11-02 12:15,161,102,59,0,0,0
2022-11-02 12:30,194,85,109,0,0,0
2022-11-02 12:45,148,73,75,0,0,0
2022-11-02 13:00,177,78,99,0,0,0
2022-11-02 13:15,187,93,94,0,0,0
2022-11-02 13:30,125,67,58,0,0,0
2022-11-02 13:45,179,94,85,0,0,0
2022-11-02 14:00,211,90,121,0,0,0
2022-11-02 14:15,158,69,89,0,0,0
2022-11-02 14:30,139,60,79,0,0,0
2022-11-02 14:45,174,101,73,0,0,0
2022-11-02 15:00,149,71,78,0,0,0
2022-11-02 15:15,196,92,104,0,0,0
2022-11-02 15:30,157,78,79,0,0,0
2022-11-02 15:45,231,138,93,0,0,0
2022-11-02 16:00,268,130,138,0,0,0
2022-11-02 16:15,200,101,99,0,0,0
2022-11-02 16:30,230,126,104,0,0,0
2022-11-02 16:45,252,114,138,0,0,0
2022-11-02 17:00,215,107,108,0,0,0
2022-11-02 17:15,183,82,101,0,0,0
2022-11-02 17:30,165,78,87,0,0,0
2022-11-02 17:45,239,98,141,0,0,0
2022-11-02 18:00,199,86,113,0,0,0
2022-11-02 18:15,160,69,91,0,0,0
2022-11-02 18:30,140,64,76,0,0,0
2022-11-02 18:45,162,81,81,0,0,0
2022-11-02 19:00,126,59,67,0,0,0
2022-11-02 19:15,119,53,66,0,0,0
2022-11-02 19:30,105,46,59,0,0,0
2022-11-02 19:45,130,61,69,0,0,0
2022-11-02 20:00,106,52,54,0,0,0
2022-11-02 20:15,69,33,36,0,0,0
2022-11-02 20:30,61,33,28,0,0,0
2022-11-02 20:45,67,30,37,0,0,0
2022-11-02 21:00,56,22,34,0,0,0
2022-11-02 21:15,47,9,38,0,0,0
2022-11-02 21:30,72,19,53,0,0,0
2022-11-02 21:45,64,33,31,0,0,0
2022-11-02 22:00,59,32,27,0,0,0
2022-11-02 22:15,54,19,35,0,0,0
2022-11-02 22:30,50,20,30,0,0,0
2022-11-02 22:45,37,20,17,0,0,0
2022-11-02 23:00,33,12,21,0,0,0
2022-11-02 23:15,29,14,15,0,0,0
2022-11-02 23:30,13,6,7,0,0,0
2022-11-02 23:45,15,5,10,0,0,0
2022-11-03 00:00,9,6,3,0,0,0
2022-11-03 00:15,6,3,3,0,0,0
2022-11-03 00:30,21,15,6,0,0,0
2022-11-03 00:45,27,21,6,0,0,0
2022-11-03 01:00,10,2,8,0,0,0
2022-11-03 01:15,10,3,7,0,0,0
2022-11-03 01:30,3,1,2,0,0,0
2022-11-03 01:45,2,1,1,0,0,0
2022-11-03 02:00,2,0,2,0,0,0
2022-11-03 02:15,7,2,5,0,0,0
2022-11-03 02:30,3,2,1,0,0,0
2022-11-03 02:45,0,0,0,0,0,0
2022-11-03 03:00,2,0,2,0,0,0
2022-11-03 03:15,5,0,5,0,0,0
2022-11-03 03:30,6,1,5,0,0,0
2022-11-03 03:45,0,0,0,0,0,0
2022-11-03 04:00,0,0,0,0,0,0
2022-11-03 04:15,3,1,2,0,0,0
2022-11-03 04:30,2,0,2,0,0,0
2022-11-03 04:45,3,2,1,0,0,0
2022-11-03 05:00,2,1,1,0,0,0
2022-11-03 05:15,7,5,2,0,0,0
2022-11-03 05:30,13,9,4,0,0,0
2022-11-03 05:45,16,7,9,0,0,0
2022-11-03 06:00,23,18,5,0,0,0
2022-11-03 06:15,46,27,19,0,0,0
2022-11-03 06:30,52,28,24,0,0,0
2022-11-03 06:45,86,61,25,0,0,0
2022-11-03 07:00,102,72,30,0,0,0
2022-11-03 07:15,176,127,49,0,0,0
2022-11-03 07:30,365,295,70,0,0,0
2022-11-03 07:45,272,184,88,0,0,0
2022-11-03 08:00,198,138,60,0,0,0
2022-11-03 08:15,204,123,81,0,0,0
2022-11-03 08:30,196,134,62,0,0,0
2022-11-03 08:45,152,115,37,0,0,0
2022-11-03 09:00,114,76,38,0,0,0
2022-11-03 09:15,121,79,42,0,0,0
2022-11-03 09:30,127,86,41,0,0,0
2022-11-03 09:45,161,120,41,0,0,0
2022-11-03 10:00,90,59,31,0,0,0
2022-11-03 10:15,100,65,35,0,0,0
2022-11-03 10:30,143,90,53,0,0,0
2022-11-03 10:45,116,70,46,0,0,0
2022-11-03 11:00,126,69,57,0,0,0
2022-11-03 11:15,120,67,53,0,0,0
2022-11-03 11:30,134,80,54,0,0,0
2022-11-03 11:45,135,78,57,0,0,0
2022-11-03 12:00,129,69,60,0,0,0
2022-11-03 12:15,139,71,68,0,0,0
2022-11-03 12:30,188,68,120,0,0,0
2022-11-03 12:45,149,74,75,0,0,0
2022-11-03 13:00,167,87,80,0,0,0
2022-11-03 13:15,162,77,85,0,0,0
2022-11-03 13:30,117,59,58,0,0,0
2022-11-03 13:45,159,94,65,0,0,0
2022-11-03 14:00,139,71,68,0,0,0
2022-11-03 14:15,131,60,71,0,0,0
2022-11-03 14:30,150,82,68,0,0,0
2022-11-03 14:45,161,85,76,0,0,0
2022-11-03 15:00,154,92,62,0,0,0
2022-11-03 15:15,162,89,73,0,0,0
2022-11-03 15:30,163,99,64,0,0,0
2022-11-03 15:45,257,139,118,0,0,0
2022-11-03 16:00,229,128,101,0,0,0
2022-11-03 16:15,256,122,134,0,0,0
2022-11-03 16:30,236,119,117,0,0,0
2022-11-03 16:45,193,84,109,0,0,0
2022-11-03 17:00,169,79,90,0,0,0
2022-11-03 17:15,194,85,109,0,0,0
2022-11-03 17:30,151,67,84,0,0,0
2022-11-03 17:45,189,85,104,0,0,0
2022-11-03 18:00,164,58,106,0,0,0
2022-11-03 18:15,169,78,91,0,0,0
2022-11-03 18:30,134,64,70,0,0,0
2022-11-03 18:45,164,77,87,0,0,0
2022-11-03 19:00,91,33,58,0,0,0
2022-11-03 19:15,89,40,49,0,0,0
2022-11-03 19:30,83,38,45,0,0,0
2022-11-03 19:45,87,42,45,0,0,0
2022-11-03 20:00,90,34,56,0,0,0
2022-11-03 20:15,73,29,44,0,0,0
2022-11-03 20:30,36,13,23,0,0,0
2022-11-03 20:45,59,24,35,0,0,0
2022-11-03 21:00,42,17,25,0,0,0
2022-11-03 21:15,52,20,32,0,0,0
2022-11-03 21:30,36,15,21,0,0,0
2022-11-03 21:45,58,33,25,0,0,0
2022-11-03 22:00,41,13,28,0,0,0
2022-11-03 22:15,51,21,30,0,0,0
2022-11-03 22:30,77,37,40,0,0,0
2022-11-03 22:45,59,33,26,0,0,0
2022-11-03 23:00,41,21,20,0,0,0
2022-11-03 23:15,31,13,18,0,0,0
2022-11-03 23:30,17,7,10,0,0,0
2022-11-03 23:45,16,10,6,0,0,0
2022-11-04 00:00,9,2,7,0,0,0
2022-11-04 00:15,9,5,4,0,0,0
2022-11-04 00:30,14,9,5,0,0,0
2022-11-04 00:45,19,10,9,0,0,0
2022-11-04 01:00,4,1,3,0,0,0
2022-11-04 01:15,7,4,3,0,0,0
2022-11-04 01:30,1,1,0,0,0,0
2022-11-04 01:45,5,3,2,0,0,0
2022-11-04 02:00,2,1,1,0,0,0
2022-11-04 02:15,4,0,4,0,0,0
2022-11-04 02:30,3,2,1,0,0,0
2022-11-04 02:45,0,0,0,0,0,0
2022-11-04 03:00,0,0,0,0,0,0
2022-11-04 03:15,3,1,2,0,0,0
2022-11-04 03:30,2,0,2,0,0,0
2022-11-04 03:45,3,0,3,0,0,0
2022-11-04 04:00,1,1,0,0,0,0
2022-11-04 04:15,0,0,0,0,0,0
2022-11-04 04:30,1,0,1,0,0,0
2022-11-04 04:45,3,1,2,0,0,0
2022-11-04 05:00,3,2,1,0,0,0
2022-11-04 05:15,9,7,2,0,0,0
2022-11-04 05:30,20,13,7,0,0,0
2022-11-04 05:45,13,3,10,0,0,0
2022-11-04 06:00,19,15,4,0,0,0
2022-11-04 06:15,25,16,9,0,0,0
2022-11-04 06:30,54,33,21,0,0,0
2022-11-04 06:45,59,37,22,0,0,0
2022-11-04 07:00,93,70,23,0,0,0
2022-11-04 07:15,177,124,53,0,0,0
2022-11-04 07:30,326,271,55,0,0,0
2022-11-04 07:45,234,158,76,0,0,0
2022-11-04 08:00,145,104,41,0,0,0
2022-11-04 08:15,150,125,25,0,0,0
2022-11-04 08:30,149,113,36,0,0,0
2022-11-04 08:45,140,108,32,0,0,0
2022-11-04 09:00,127,96,31,0,0,0
2022-11-04 09:15,110,76,34,0,0,0
2022-11-04 09:30,121,82,39,0,0,0
2022-11-04 09:45,117,70,47,0,0,0
2022-11-04 10:00,104,68,36,0,0,0
2022-11-04 10:15,106,65,41,0,0,0
2022-11-04 10:30,105,63,42,0,0,0
2022-11-04 10:45,121,85,36,0,0,0
2022-11-04 11:00,118,82,36,0,0,0
2022-11-04 11:15,126,66,60,0,0,0
2022-11-04 11:30,126,76,50,0,0,0
2022-11-04 11:45,146,91,55,0,0,0
2022-11-04 12:00,136,64,72,0,0,0
2022-11-04 12:15,144,83,61,0,0,0
2022-11-04 12:30,182,74,108,0,0,0
2022-11-04 12:45,165,91,74,0,0,0
2022-11-04 13:00,175,79,96,0,0,0
2022-11-04 13:15,157,62,95,0,0,0
2022-11-04 13:30,170,94,76,0,0,0
2022-11-04 13:45,183,105,78,0,0,0
2022-11-04 14:00,210,93,117,0,0,0
2022-11-04 14:15,142,77,65,0,0,0
2022-11-04 14:30,151,82,69,0,0,0
2022-11-04 14:45,173,80,93,0,0,0
2022-11-04 15:00,150,78,72,0,0,0
2022-11-04 15:15,155,97,58,0,0,0
2022-11-04 15:30,159,77,82,0,0,0
2022-11-04 15:45,164,88,76,0,0,0
2022-11-04 16:00,182,85,97,0,0,0
2022-11-04 16:15,127,62,65,0,0,0
2022-11-04 16:30,141,69,72,0,0,0
2022-11-04 16:45,158,80,78,0,0,0
2022-11-04 17:00,126,66,60,0,0,0
2022-11-04 17:15,163,73,90,0,0,0
2022-11-04 17:30,139,69,70,0,0,0
2022-11-04 17:45,143,71,72,0,0,0
2022-11-04 18:00,122,58,64,0,0,0
2022-11-04 18:15,116,64,52,0,0,0
2022-11-04 18:30,149,79,70,0,0,0
2022-11-04 18:45,142,84,58,0,0,0
2022-11-04 19:00,111,62,49,0,0,0
2022-11-04 19:15,134,75,59,0,0,0
2022-11-04 19:30,65,31,34,0,0,0
2022-11-04 19:45,97,54,43,0,0,0
2022-11-04 20:00,99,52,47,0,0,0
2022-11-04 20:15,62,26,36,0,0,0
2022-11-04 20:30,55,26,29,0,0,0
2022-11-04 20:45,66,34,32,0,0,0
2022-11-04 21:00,52,17,35,0,0,0
2022-11-04 21:15,62,24,38,0,0,0
2022-11-04 21:30,43,14,29,0,0,0
2022-11-04 21:45,76,37,39,0,0,0
2022-11-04 22:00,57,32,25,0,0,0
2022-11-04 22:15,50,21,29,0,0,0
2022-11-04 22:30,44,27,17,0,0,0
2022-11-04 22:45,43,13,30,0,0,0
2022-11-04 23:00,44,16,28,0,0,0
2022-11-04 23:15,37,21,16,0,0,0
2022-11-04 23:30,52,29,23,0,0,0
2022-11-04 23:45,31,10,21,0,0,0
2022-11-05 00:00,30,14,16,0,0,0
2022-11-05 00:15,38,18,20,0,0,0
2022-11-05 00:30,30,18,12,0,0,0
2022-11-05 00:45,25,8,17,0,0,0
2022-11-05 01:00,20,6,14,0,0,0
2022-11-05 01:15,16,6,10,0,0,0
2022-11-05 01:30,19,12,7,0,0,0
2022-11-05 01:45,27,11,16,0,0,0
2022-11-05 02:00,8,1,7,0,0,0
2022-11-05 02:15,9,2,7,0,0,0
2022-11-05 02:30,15,4,11,0,0,0
2022-11-05 02:45,12,4,8,0,0,0
2022-11-05 03:00,8,1,7,0,0,0
2022-11-05 03:15,9,4,5,0,0,0
2022-11-05 03:30,13,5,8,0,0,0
2022-11-05 03:45,6,3,3,0,0,0
2022-11-05 04:00,4,3,1,0,0,0
2022-11-05 04:15,7,2,5,0,0,0
2022-11-05 04:30,3,1,2,0,0,0
2022-11-05 04:45,5,0,5,0,0,0
2022-11-05 05:00,3,1,2,0,0,0
2022-11-05 05:15,2,2,0,0,0,0
2022-11-05 05:30,5,3,2,0,0,0
2022-11-05 05:45,12,8,4,0,0,0
2022-11-05 06:00,11,7,4,0,0,0
2022-11-05 06:15,7,4,3,0,0,0
2022-11-05 06:30,11,8,3,0,0,0
2022-11-05 06:45,17,11,6,0,0,0
2022-11-05 07:00,9,7,2,0,0,0
2022-11-05 07:15,20,16,4,0,0,0
2022-11-05 07:30,28,16,12,0,0,0
2022-11-05 07:45,35,20,15,0,0,0
2022-11-05 08:00,26,16,10,0,0,0
2022-11-05 08:15,29,19,10,0,0,0
2022-11-05 08:30,50,36,14,0,0,0
2022-11-05 08:45,61,46,15,0,0,0
2022-11-05 09:00,64,51,13,0,0,0
2022-11-05 09:15,75,53,22,0,0,0
2022-11-05 09:30,97,79,18,0,0,0
2022-11-05 09:45,172,141,31,0,0,0
2022-11-05 10:00,121,97,24,0,0,0
2022-11-05 10:15,133,103,30,0,0,0
2022-11-05 10:30,150,129,21,0,0,0
2022-11-05 10:45,166,103,63,0,0,0
2022-11-05 11:00,163,116,47,0,0,0
2022-11-05 11:15,169,121,48,0,0,0
2022-11-05 11:30,196,132,64,0,0,0
2022-11-05 11:45,163,105,58,0,0,0
2022-11-05 12:00,200,134,66,0,0,0
2022-11-05 12:15,193,123,70,0,0,0
2022-11-05 12:30,184,116,68,0,0,0
2022-11-05 12:45,214,113,101,0,0,0
2022-11-05 13:00,174,94,80,0,0,0
2022-11-05 13:15,176,109,67,0,0,0
2022-11-05 13:30,168,82,86,0,0,0
2022-11-05 13:45,175,97,78,0,0,0
2022-11-05 14:00,166,94,72,0,0,0
2022-11-05 14:15,151,69,82,0,0,0
2022-11-05 14:30,155,79,76,0,0,0
2022-11-05 14:45,165,83,82,0,0,0
2022-11-05 15:00,131,58,73,0,0,0
2022-11-05 15:15,136,68,68,0,0,0
2022-11-05 15:30,116,60,56,0,0,0
2022-11-05 15:45,138,65,73,0,0,0
2022-11-05 16:00,103,44,59,0,0,0
2022-11-05 16:15,130,58,72,0,0,0
2022-11-05 16:30,116,60,56,0,0,0
2022-11-05 16:45,128,57,71,0,0,0
2022-11-05 17:00,115,54,61,0,0,0
2022-11-05 17:15,111,41,70,0,0,0
2022-11-05 17:30,112,58,54,0,0,0
2022-11-05 17:45,145,66,79,0,0,0
2022-11-05 18:00,78,30,48,0,0,0
2022-11-05 18:15,113,46,67,0,0,0
2022-11-05 18:30,93,47,46,0,0,0
2022-11-05 18:45,112,65,47,0,0,0
2022-11-05 19:00,102,50,52,0,0,0
2022-11-05 19:15,90,49,41,0,0,0
2022-11-05 19:30,51,28,23,0,0,0
2022-11-05 19:45,81,41,40,0,0,0
2022-11-05 20:00,75,40,35,0,0,0
2022-11-05 20:15,71,39,32,0,0,0
2022-11-05 20:30,69,35,34,0,0,0
2022-11-05 20:45,63,29,34,0,0,0
2022-11-05 21:00,46,20,26,0,0,0
2022-11-05 21:15,42,19,23,0,0,0
2022-11-05 21:30,38,14,24,0,0,0
2022-11-05 21:45,60,34,26,0,0,0
2022-11-05 22:00,46,25,21,0,0,0
2022-11-05 22:15,39,19,20,0,0,0
2022-11-05 22:30,40,23,17,0,0,0
2022-11-05 22:45,46,13,33,0,0,0
2022-11-05 23:00,74,40,34,0,0,0
2022-11-05 23:15,52,25,27,0,0,0
2022-11-05 23:30,36,18,18,0,0,0
2022-11-05 23:45,33,16,17,0,0,0
2022-11-06 00:00,33,10,23,0,0,0
2022-11-06 00:15,27,12,15,0,0,0
2022-11-06 00:30,35,13,22,0,0,0
2022-11-06 00:45,42,24,18,0,0,0
2022-11-06 01:00,31,8,23,0,0,0
2022-11-06 01:15,26,8,18,0,0,0
2022-11-06 01:30,20,7,13,0,0,0
2022-11-06 01:45,21,6,15,0,0,0
2022-11-06 02:00,19,12,7,0,0,0
2022-11-06 02:15,20,10,10,0,0,0
2022-11-06 02:30,19,5,14,0,0,0
2022-11-06 02:45,13,3,10,0,0,0
2022-11-06 03:00,8,1,7,0,0,0
2022-11-06 03:15,16,3,13,0,0,0
2022-11-06 03:30,8,1,7,0,0,0
2022-11-06 03:45,11,2,9,0,0,0
2022-11-06 04:00,10,5,5,0,0,0
2022-11-06 04:15,4,2,2,0,0,0
2022-11-06 04:30,9,0,9,0,0,0
2022-11-06 04:45,2,1,1,0,0,0
2022-11-06 05:00,4,1,3,0,0,0
2022-11-06 05:15,3,2,1,0,0,0
2022-11-06 05:30,5,4,1,0,0,0
2022-11-06 05:45,10,0,10,0,0,0
2022-11-06 06:00,5,2,3,0,0,0
2022-11-06 06:15,4,2,2,0,0,0
2022-11-06 06:30,4,3,1,0,0,0
2022-11-06 06:45,6,4,2,0,0,0
2022-11-06 07:00,3,1,2,0,0,0
2022-11-06 07:15,8,6,2,0,0,0
2022-11-06 07:30,11,6,5,0,0,0
2022-11-06 07:45,12,9,3,0,0,0
2022-11-06 08:00,6,5,1,0,0,0
2022-11-06 08:15,15,10,5,0,0,0
2022-11-06 08:30,16,7,9,0,0,0
2022-11-06 08:45,21,13,8,0,0,0
2022-11-06 09:00,17,10,7,0,0,0
2022-11-06 09:15,29,22,7,0,0,0
2022-11-06 09:30,38,27,11,0,0,0
2022-11-06 09:45,48,34,14,0,0,0
2022-11-06 10:00,48,30,18,0,0,0
2022-11-06 10:15,48,28,20,0,0,0
2022-11-06 10:30,47,33,14,0,0,0
2022-11-06 10:45,56,36,20,0,0,0
2022-11-06 11:00,41,25,16,0,0,0
2022-11-06 11:15,53,26,27,0,0,0
2022-11-06 11:30,44,22,22,0,0,0
2022-11-06 11:45,60,32,28,0,0,0
2022-11-06 12:00,42,22,20,0,0,0
2022-11-06 12:15,48,25,23,0,0,0
2022-11-06 12:30,45,30,15,0,0,0
2022-11-06 12:45,70,41,29,0,0,0
2022-11-06 13:00,64,39,25,0,0,0
2022-11-06 13:15,70,41,29,0,0,0
2022-11-06 13:30,52,33,19,0,0,0
2022-11-06 13:45,66,33,33,0,0,0
2022-11-06 14:00,84,42,42,0,0,0
2022-11-06 14:15,65,36,29,0,0,0
2022-11-06 14:30,84,51,33,0,0,0
2022-11-06 14:45,77,40,37,0,0,0
2022-11-06 15:00,68,36,32,0,0,0
2022-11-06 15:15,92,52,40,0,0,0
2022-11-06 15:30,98,47,51,0,0,0
2022-11-06 15:45,86,47,39,0,0,0
2022-11-06 16:00,73,41,32,0,0,0
2022-11-06 16:15,75,45,30,0,0,0
2022-11-06 16:30,79,48,31,0,0,0
2022-11-06 16:45,78,48,30,0,0,0
2022-11-06 17:00,61,30,31,0,0,0
2022-11-06 17:15,61,22,39,0,0,0
2022-11-06 17:30,71,47,24,0,0,0
2022-11-06 17:45,75,55,20,0,0,0
2022-11-06 18:00,56,35,21,0,0,0
2022-11-06 18:15,67,45,22,0,0,0
2022-11-06 18:30,35,13,22,0,0,0
2022-11-06 18:45,54,21,33,0,0,0
2022-11-06 19:00,54,22,32,0,0,0
2022-11-06 19:15,41,23,18,0,0,0
2022-11-06 19:30,34,14,20,0,0,0
2022-11-06 19:45,34,18,16,0,0,0
2022-11-06 20:00,51,19,32,0,0,0
2022-11-06 20:15,21,12,9,0,0,0
2022-11-06 20:30,19,8,11,0,0,0
2022-11-06 20:45,18,4,14,0,0,0
2022-11-06 21:00,33,8,25,0,0,0
2022-11-06 21:15,29,14,15,0,0,0
2022-11-06 21:30,20,6,14,0,0,0
2022-11-06 21:45,20,8,12,0,0,0
2022-11-06 22:00,49,34,15,0,0,0
2022-11-06 22:15,21,8,13,0,0,0
2022-11-06 22:30,18,10,8,0,0,0
2022-11-06 22:45,15,11,4,0,0,0
2022-11-06 23:00,9,2,7,0,0,0
2022-11-06 23:15,9,6,3,0,0,0
2022-11-06 23:30,9,4,5,0,0,0
2022-11-06 23:45,5,1,4,0,0,0
2022-11-07 00:00,6,5,1,0,0,0
2022-11-07 00:15,2,1,1,0,0,0
2022-11-07 00:30,6,1,5,0,0,0
2022-11-07 00:45,2,1,1,0,0,0
2022-11-07 01:00,3,2,1,0,0,0
2022-11-07 01:15,1,1,0,0,0,0
2022-11-07 01:30,0,0,0,0,0,0
2022-11-07 01:45,0,0,0,0,0,0
2022-11-07 02:00,1,0,1,0,0,0
2022-11-07 02:15,1,1,0,0,0,0
2022-11-07 02:30,1,0,1,0,0,0
2022-11-07 02:45,1,0,1,0,0,0
2022-11-07 03:00,1,1,0,0,0,0
2022-11-07 03:15,0,0,0,0,0,0
2022-11-07 03:30,0,0,0,0,0,0
2022-11-07 03:45,1,0,1,0,0,0
2022-11-07 04:00,0,0,0,0,0,0
2022-11-07 04:15,1,0,1,0,0,0
2022-11-07 04:30,2,1,1,0,0,0
2022-11-07 04:45,2,1,1,0,0,0
2022-11-07 05:00,3,2,1,0,0,0
2022-11-07 05:15,13,8,5,0,0,0
2022-11-07 05:30,16,11,5,0,0,0
2022-11-07 05:45,23,16,7,0,0,0
2022-11-07 06:00,13,10,3,0,0,0
2022-11-07 06:15,30,16,14,0,0,0
2022-11-07 06:30,55,31,24,0,0,0
2022-11-07 06:45,70,44,26,0,0,0
2022-11-07 07:00,111,86,25,0,0,0
2022-11-07 07:15,165,124,41,0,0,0
2022-11-07 07:30,308,252,56,0,0,0
2022-11-07 07:45,245,168,77,0,0,0
2022-11-07 08:00,204,164,40,0,0,0
2022-11-07 08:15,191,143,48,0,0,0
2022-11-07 08:30,151,108,43,0,0,0
2022-11-07 08:45,178,133,45,0,0,0
2022-11-07 09:00,119,90,29,0,0,0
2022-11-07 09:15,125,90,35,0,0,0
2022-11-07 09:30,117,95,22,0,0,0
2022-11-07 09:45,177,145,32,0,0,0
2022-11-07 10:00,133,87,46,0,0,0
2022-11-07 10:15,106,73,33,0,0,0
2022-11-07 10:30,85,58,27,0,0,0
2022-11-07 10:45,106,71,35,0,0,0
2022-11-07 11:00,105,68,37,0,0,0
2022-11-07 11:15,113,66,47,0,0,0
2022-11-07 11:30,116,68,48,0,0,0
2022-11-07 11:45,177,109,68,0,0,0
2022-11-07 12:00,152,83,69,0,0,0
2022-11-07 12:15,128,64,64,0,0,0
2022-11-07 12:30,147,58,89,0,0,0
2022-11-07 12:45,107,57,50,0,0,0
2022-11-07 13:00,136,73,63,0,0,0
2022-11-07 13:15,111,47,64,0,0,0
2022-11-07 13:30,130,72,58,0,0,0
2022-11-07 13:45,176,104,72,0,0,0
2022-11-07 14:00,179,81,98,0,0,0
2022-11-07 14:15,132,62,70,0,0,0
2022-11-07 14:30,133,73,60,0,0,0
2022-11-07 14:45,143,83,60,0,0,0
2022-11-07 15:00,137,59,78,0,0,0
2022-11-07 15:15,143,73,70,0,0,0
2022-11-07 15:30,212,117,95,0,0,0
2022-11-07 15:45,225,127,98,0,0,0
2022-11-07 16:00,253,124,129,0,0,0
2022-11-07 16:15,212,89,123,0,0,0
2022-11-07 16:30,210,108,102,0,0,0
2022-11-07 16:45,185,96,89,0,0,0
2022-11-07 17:00,208,102,106,0,0,0
2022-11-07 17:15,172,70,102,0,0,0
2022-11-07 17:30,173,76,97,0,0,0
2022-11-07 17:45,193,87,106,0,0,0
2022-11-07 18:00,215,82,133,0,0,0
2022-11-07 18:15,165,76,89,0,0,0
2022-11-07 18:30,115,53,62,0,0,0
2022-11-07 18:45,146,76,70,0,0,0
2022-11-07 19:00,114,50,64,0,0,0
2022-11-07 19:15,72,30,42,0,0,0
2022-11-07 19:30,99,38,61,0,0,0
2022-11-07 19:45,108,39,69,0,0,0
2022-11-07 20:00,94,29,65,0,0,0
2022-11-07 20:15,43,22,21,0,0,0
2022-11-07 20:30,50,19,31,0,0,0
2022-11-07 20:45,43,12,31,0,0,0
2022-11-07 21:00,52,24,28,0,0,0
2022-11-07 21:15,47,25,22,0,0,0
2022-11-07 21:30,48,25,23,0,0,0
2022-11-07 21:45,48,20,28,0,0,0
2022-11-07 22:00,58,24,34,0,0,0
2022-11-07 22:15,35,11,24,0,0,0
2022-11-07 22:30,47,22,25,0,0,0
2022-11-07 22:45,24,14,10,0,0,0
2022-11-07 23:00,27,18,9,0,0,0
2022-11-07 23:15,25,14,11,0,0,0
2022-11-07 23:30,8,3,5,0,0,0
2022-11-07 23:45,15,6,9,0,0,0
2022-11-08 00:00,5,2,3,0,0,0
2022-11-08 00:15,8,2,6,0,0,0
2022-11-08 00:30,4,0,4,0,0,0
2022-11-08 00:45,6,2,4,0,0,0
2022-11-08 01:00,2,1,1,0,0,0
2022-11-08 01:15,2,1,1,0,0,0
2022-11-08 01:30,1,0,1,0,0,0
2022-11-08 01:45,3,1,2,0,0,0
2022-11-08 02:00,1,0,1,0,0,0
2022-11-08 02:15,0,0,0,0,0,0
2022-11-08 02:30,1,1,0,0,0,0
2022-11-08 02:45,0,0,0,0,0,0
2022-11-08 03:00,1,0,1,0,0,0
2022-11-08 03:15,1,0,1,0,0,0
2022-11-08 03:30,0,0,0,0,0,0
2022-11-08 03:45,4,0,4,0,0,0
2022-11-08 04:00,0,0,0,0,0,0
2022-11-08 04:15,0,0,0,0,0,0
2022-11-08 04:30,1,1,0,0,0,0
2022-11-08 04:45,1,1,0,0,0,0
2022-11-08 05:00,5,3,2,0,0,0
2022-11-08 05:15,6,6,0,0,0,0
2022-11-08 05:30,13,13,0,0,0,0
2022-11-08 05:45,19,7,12,0,0,0
2022-11-08 06:00,23,13,10,0,0,0
2022-11-08 06:15,37,27,10,0,0,0
2022-11-08 06:30,66,42,24,0,0,0
2022-11-08 06:45,79,57,22,0,0,0
2022-11-08 07:00,111,77,34,0,0,0
2022-11-08 07:15,194,145,49,0,0,0
2022-11-08 07:30,365,283,82,0,0,0
2022-11-08 07:45,340,250,90,0,0,0
2022-11-08 08:00,220,176,44,0,0,0
2022-11-08 08:15,217,155,62,0,0,0
2022-11-08 08:30,155,120,35,0,0,0
2022-11-08 08:45,183,146,37,0,0,0
2022-11-08 09:00,119,90,29,0,0,0
2022-11-08 09:15,123,84,39,0,0,0
2022-11-08 09:30,135,111,24,0,0,0
2022-11-08 09:45,204,142,62,0,0,0
2022-11-08 10:00,127,91,36,0,0,0
2022-11-08 10:15,132,97,35,0,0,0
2022-11-08 10:30,101,69,32,0,0,0
2022-11-08 10:45,128,76,52,0,0,0
2022-11-08 11:00,139,76,63,0,0,0
2022-11-08 11:15,148,82,66,0,0,0
2022-11-08 11:30,128,87,41,0,0,0
2022-11-08 11:45,185,112,73,0,0,0
2022-11-08 12:00,155,90,65,0,0,0
2022-11-08 12:15,148,76,72,0,0,0
2022-11-08 12:30,150,69,81,0,0,0
2022-11-08 12:45,144,68,76,0,0,0
2022-11-08 13:00,172,83,89,0,0,0
2022-11-08 13:15,147,69,78,0,0,0
2022-11-08 13:30,150,87,63,0,0,0
2022-11-08 13:45,197,103,94,0,0,0
2022-11-08 14:00,155,80,75,0,0,0
2022-11-08 14:15,167,84,83,0,0,0
2022-11-08 14:30,142,86,56,0,0,0
2022-11-08 14:45,172,101,71,0,0,0
2022-11-08 15:00,168,81,87,0,0,0
2022-11-08 15:15,170,86,84,0,0,0
2022-11-08 15:30,173,102,71,0,0,0
2022-11-08 15:45,268,151,117,0,0,0
2022-11-08 16:00,237,112,125,0,0,0
2022-11-08 16:15,247,119,128,0,0,0
2022-11-08 16:30,211,99,112,0,0,0
2022-11-08 16:45,240,136,104,0,0,0
2022-11-08 17:00,207,88,119,0,0,0
2022-11-08 17:15,179,67,112,0,0,0
2022-11-08 17:30,278,132,146,0,0,0
2022-11-08 17:45,254,106,148,0,0,0
2022-11-08 18:00,215,88,127,0,0,0
2022-11-08 18:15,186,86,100,0,0,0
2022-11-08 18:30,182,81,101,0,0,0
2022-11-08 18:45,131,52,79,0,0,0
2022-11-08 19:00,119,60,59,0,0,0
2022-11-08 19:15,120,68,52,0,0,0
2022-11-08 19:30,103,47,56,0,0,0
2022-11-08 19:45,147,47,100,0,0,0
2022-11-08 20:00,132,47,85,0,0,0
2022-11-08 20:15,86,42,44,0,0,0
2022-11-08 20:30,56,18,38,0,0,0
2022-11-08 20:45,63,21,42,0,0,0
2022-11-08 21:00,53,24,29,0,0,0
2022-11-08 21:15,52,19,33,0,0,0
2022-11-08 21:30,69,33,36,0,0,0
2022-11-08 21:45,63,19,44,0,0,0
2022-11-08 22:00,47,19,28,0,0,0
2022-11-08 22:15,59,23,36,0,0,0
2022-11-08 22:30,53,20,33,0,0,0
2022-11-08 22:45,52,26,26,0,0,0
2022-11-08 23:00,36,19,17,0,0,0
2022-11-08 23:15,58,41,17,0,0,0
2022-11-08 23:30,41,28,13,0,0,0
2022-11-08 23:45,19,10,9,0,0,0
2022-11-09 00:00,8,3,5,0,0,0
2022-11-09 00:15,12,4,8,0,0,0
2022-11-09 00:30,9,7,2,0,0,0
2022-11-09 00:45,4,1,3,0,0,0
2022-11-09 01:00,4,2,2,0,0,0
2022-11-09 01:15,5,3,2,0,0,0
2022-11-09 01:30,5,0,5,0,0,0
2022-11-09 01:45,5,2,3,0,0,0
2022-11-09 02:00,3,1,2,0,0,0
2022-11-09 02:15,1,0,1,0,0,0
2022-11-09 02:30,1,0,1,0,0,0
2022-11-09 02:45,1,0,1,0,0,0
2022-11-09 03:00,0,0,0,0,0,0
2022-11-09 03:15,3,0,3,0,0,0
2022-11-09 03:30,2,1,1,0,0,0
2022-11-09 03:45,1,0,1,0,0,0
2022-11-09 04:00,0,0,0,0,0,0
2022-11-09 04:15,1,1,0,0,0,0
2022-11-09 04:30,1,1,0,0,0,0
2022-11-09 04:45,2,1,1,0,0,0
2022-11-09 05:00,2,1,1,0,0,0
2022-11-09 05:15,10,9,1,0,0,0
2022-11-09 05:30,15,11,4,0,0,0
2022-11-09 05:45,25,11,14,0,0,0
2022-11-09 06:00,18,8,10,0,0,0
2022-11-09 06:15,37,26,11,0,0,0
2022-11-09 06:30,67,47,20,0,0,0
2022-11-09 06:45,64,42,22,0,0,0
2022-11-09 07:00,108,75,33,0,0,0
2022-11-09 07:15,184,133,51,0,0,0
2022-11-09 07:30,318,256,62,0,0,0
2022-11-09 07:45,296,227,69,0,0,0
2022-11-09 08:00,251,186,65,0,0,0
2022-11-09 08:15,198,140,58,0,0,0
2022-11-09 08:30,205,161,44,0,0,0
2022-11-09 08:45,216,160,56,0,0,0
2022-11-09 09:00,145,114,31,0,0,0
2022-11-09 09:15,151,110,41,0,0,0
2022-11-09 09:30,153,122,31,0,0,0
2022-11-09 09:45,186,142,44,0,0,0
2022-11-09 10:00,158,119,39,0,0,0
2022-11-09 10:15,136,83,53,0,0,0
2022-11-09 10:30,139,82,57,0,0,0
2022-11-09 10:45,148,101,47,0,0,0
2022-11-09 11:00,117,84,33,0,0,0
2022-11-09 11:15,153,103,50,0,0,0
2022-11-09 11:30,162,98,64,0,0,0
2022-11-09 11:45,215,132,83,0,0,0
2022-11-09 12:00,178,118,60,0,0,0
2022-11-09 12:15,153,83,70,0,0,0
2022-11-09 12:30,165,90,75,0,0,0
2022-11-09 12:45,171,84,87,0,0,0
2022-11-09 13:00,212,95,117,0,0,0
2022-11-09 13:15,179,85,94,0,0,0
2022-11-09 13:30,156,76,80,0,0,0
2022-11-09 13:45,189,91,98,0,0,0
2022-11-09 14:00,187,75,112,0,0,0
2022-11-09 14:15,170,90,80,0,0,0
2022-11-09 14:30,157,75,82,0,0,0
2022-11-09 14:45,165,78,87,0,0,0
2022-11-09 15:00,147,70,77,0,0,0
2022-11-09 15:15,179,87,92,0,0,0
2022-11-09 15:30,151,68,83,0,0,0
2022-11-09 15:45,220,120,100,0,0,0
2022-11-09 16:00,256,140,116,0,0,0
2022-11-09 16:15,196,90,106,0,0,0
2022-11-09 16:30,196,97,99,0,0,0
2022-11-09 16:45,206,111,95,0,0,0
2022-11-09 17:00,213,91,122,0,0,0
2022-11-09 17:15,203,112,91,0,0,0
2022-11-09 17:30,180,83,97,0,0,0
2022-11-09 17:45,218,88,130,0,0,0
2022-11-09 18:00,183,87,96,0,0,0
2022-11-09 18:15,190,85,105,0,0,0
2022-11-09 18:30,139,54,85,0,0,0
2022-11-09 18:45,150,64,86,0,0,0
2022-11-09 19:00,155,74,81,0,0,0
2022-11-09 19:15,125,72,53,0,0,0
2022-11-09 19:30,112,48,64,0,0,0
2022-11-09 19:45,120,54,66,0,0,0
2022-11-09 20:00,99,41,58,0,0,0
2022-11-09 20:15,90,44,46,0,0,0
2022-11-09 20:30,58,25,33,0,0,0
2022-11-09 20:45,62,29,33,0,0,0
2022-11-09 21:00,58,29,29,0,0,0
2022-11-09 21:15,67,32,35,0,0,0
2022-11-09 21:30,61,25,36,0,0,0
2022-11-09 21:45,72,33,39,0,0,0
2022-11-09 22:00,50,10,40,0,0,0
2022-11-09 22:15,66,20,46,0,0,0
2022-11-09 22:30,74,17,57,0,0,0
2022-11-09 22:45,43,20,23,0,0,0
2022-11-09 23:00,34,21,13,0,0,0
2022-11-09 23:15,42,28,14,0,0,0
2022-11-09 23:30,27,16,11,0,0,0
2022-11-09 23:45,19,11,8,0,0,0
2022-11-10 00:00,25,8,17,0,0,0
2022-11-10 00:15,12,10,2,0,0,0
2022-11-10 00:30,21,12,9,0,0,0
2022-11-10 00:45,15,4,11,0,0,0
2022-11-10 01:00,12,7,5,0,0,0
2022-11-10 01:15,14,3,11,0,0,0
2022-11-10 01:30,5,1,4,0,0,0
2022-11-10 01:45,7,1,6,0,0,0
2022-11-10 02:00,7,1,6,0,0,0
2022-11-10 02:15,4,2,2,0,0,0
2022-11-10 02:30,5,0,5,0,0,0
2022-11-10 02:45,6,1,5,0,0,0
2022-11-10 03:00,3,0,3,0,0,0
2022-11-10 03:15,7,2,5,0,0,0
2022-11-10 03:30,1,0,1,0,0,0
2022-11-10 03:45,2,0,2,0,0,0
2022-11-10 04:00,3,0,3,0,0,0
2022-11-10 04:15,0,0,0,0,0,0
2022-11-10 04:30,2,1,1,0,0,0
2022-11-10 04:45,1,0,1,0,0,0
2022-11-10 05:00,2,2,0,0,0,0
2022-11-10 05:15,5,3,2,0,0,0
2022-11-10 05:30,16,11,5,0,0,0
2022-11-10 05:45,22,11,11,0,0,0
2022-11-10 06:00,23,15,8,0,0,0
2022-11-10 06:15,36,19,17,0,0,0
2022-11-10 06:30,73,43,30,0,0,0
2022-11-10 06:45,71,46,25,0,0,0
2022-11-10 07:00,120,81,39,0,0,0
2022-11-10 07:15,180,119,61,0,0,0
2022-11-10 07:30,303,246,57,0,0,0
2022-11-10 07:45,313,223,90,0,0,0
2022-11-10 08:00,205,157,48,0,0,0
2022-11-10 08:15,190,139,51,0,0,0
2022-11-10 08:30,208,151,57,0,0,0
2022-11-10 08:45,203,158,45,0,0,0
2022-11-10 09:00,130,96,34,0,0,0
2022-11-10 09:15,123,89,34,0,0,0
2022-11-10 09:30,171,129,42,0,0,0
2022-11-10 09:45,217,168,49,0,0,0
2022-11-10 10:00,117,82,35,0,0,0
2022-11-10 10:15,122,88,34,0,0,0
2022-11-10 10:30,112,85,27,0,0,0
2022-11-10 10:45,126,86,40,0,0,0
2022-11-10 11:00,144,100,44,0,0,0
2022-11-10 11:15,143,80,63,0,0,0
2022-11-10 11:30,120,72,48,0,0,0
2022-11-10 11:45,158,89,69,0,0,0
2022-11-10 12:00,157,89,68,0,0,0
2022-11-10 12:15,134,68,66,0,0,0
2022-11-10 12:30,170,68,102,0,0,0
2022-11-10 12:45,140,69,71,0,0,0
2022-11-10 13:00,187,85,102,0,0,0
2022-11-10 13:15,178,78,100,0,0,0
2022-11-10 13:30,155,78,77,0,0,0
2022-11-10 13:45,200,97,103,0,0,0
2022-11-10 14:00,183,84,99,0,0,0
2022-11-10 14:15,159,81,78,0,0,0
2022-11-10 14:30,156,88,68,0,0,0
2022-11-10 14:45,168,87,81,0,0,0
2022-11-10 15:00,164,77,87,0,0,0
2022-11-10 15:15,181,87,94,0,0,0
2022-11-10 15:30,226,108,118,0,0,0
2022-11-10 15:45,253,145,108,0,0,0
2022-11-10 16:00,242,117,125,0,0,0
2022-11-10 16:15,260,119,141,0,0,0
2022-11-10 16:30,222,117,105,0,0,0
2022-11-10 16:45,211,116,95,0,0,0
2022-11-10 17:00,204,100,104,0,0,0
2022-11-10 17:15,194,102,92,0,0,0
2022-11-10 17:30,238,114,124,0,0,0
2022-11-10 17:45,225,120,105,0,0,0
2022-11-10 18:00,216,96,120,0,0,0
2022-11-10 18:15,185,77,108,0,0,0
2022-11-10 18:30,164,68,96,0,0,0
2022-11-10 18:45,138,61,77,0,0,0
2022-11-10 19:00,126,47,79,0,0,0
2022-11-10 19:15,125,55,70,0,0,0
2022-11-10 19:30,101,43,58,0,0,0
2022-11-10 19:45,130,64,66,0,0,0
2022-11-10 20:00,112,49,63,0,0,0
2022-11-10 20:15,65,22,43,0,0,0
2022-11-10 20:30,69,34,35,0,0,0
2022-11-10 20:45,67,20,47,0,0,0
2022-11-10 21:00,60,22,38,0,0,0
2022-11-10 21:15,53,19,34,0,0,0
2022-11-10 21:30,56,20,36,0,0,0
2022-11-10 21:45,69,33,36,0,0,0
2022-11-10 22:00,76,36,40,0,0,0
2022-11-10 22:15,64,23,41,0,0,0
2022-11-10 22:30,67,32,35,0,0,0
2022-11-10 22:45,42,22,20,0,0,0
2022-11-10 23:00,42,23,19,0,0,0
2022-11-10 23:15,26,12,14,0,0,0
2022-11-10 23:30,36,11,25,0,0,0
2022-11-10 23:45,25,14,11,0,0,0
2022-11-11 00:00,12,1,11,0,0,0
2022-11-11 00:15,16,12,4,0,0,0
2022-11-11 00:30,10,1,9,0,0,0
2022-11-11 00:45,9,3,6,0,0,0
2022-11-11 01:00,5,2,3,0,0,0
2022-11-11 01:15,1,0,1,0,0,0
2022-11-11 01:30,7,0,7,0,0,0
2022-11-11 01:45,3,2,1,0,0,0
2022-11-11 02:00,1,0,1,0,0,0
2022-11-11 02:15,3,2,1,0,0,0
2022-11-11 02:30,3,0,3,0,0,0
2022-11-11 02:45,3,0,3,0,0,0
2022-11-11 03:00,1,0,1,0,0,0
2022-11-11 03:15,3,0,3,0,0,0
2022-11-11 03:30,0,0,0,0,0,0
2022-11-11 03:45,0,0,0,0,0,0
2022-11-11 04:00,2,0,2,0,0,0
2022-11-11 04:15,1,1,0,0,0,0
2022-11-11 04:30,3,2,1,0,0,0
2022-11-11 04:45,4,1,3,0,0,0
2022-11-11 05:00,3,2,1,0,0,0
2022-11-11 05:15,4,3,1,0,0,0
2022-11-11 05:30,15,12,3,0,0,0
2022-11-11 05:45,20,9,11,0,0,0
2022-11-11 06:00,11,10,1,0,0,0
2022-11-11 06:15,38,23,15,0,0,0
2022-11-11 06:30,54,27,27,0,0,0
2022-11-11 06:45,60,32,28,0,0,0
2022-11-11 07:00,94,67,27,0,0,0
2022-11-11 07:15,154,110,44,0,0,0
2022-11-11 07:30,351,290,61,0,0,0
2022-11-11 07:45,280,196,84,0,0,0
2022-11-11 08:00,154,111,43,0,0,0
2022-11-11 08:15,165,117,48,0,0,0
2022-11-11 08:30,134,104,30,0,0,0
2022-11-11 08:45,164,118,46,0,0,0
2022-11-11 09:00,122,90,32,0,0,0
2022-11-11 09:15,129,89,40,0,0,0
2022-11-11 09:30,151,121,30,0,0,0
2022-11-11 09:45,153,121,32,0,0,0
2022-11-11 10:00,123,88,35,0,0,0
2022-11-11 10:15,111,71,40,0,0,0
2022-11-11 10:30,114,74,40,0,0,0
2022-11-11 10:45,126,79,47,0,0,0
2022-11-11 11:00,132,87,45,0,0,0
2022-11-11 11:15,139,97,42,0,0,0
2022-11-11 11:30,147,90,57,0,0,0
2022-11-11 11:45,147,76,71,0,0,0
2022-11-11 12:00,145,76,69,0,0,0
2022-11-11 12:15,145,79,66,0,0,0
2022-11-11 12:30,147,79,68,0,0,0
2022-11-11 12:45,167,86,81,0,0,0
2022-11-11 13:00,197,84,113,0,0,0
2022-11-11 13:15,155,77,78,0,0,0
2022-11-11 13:30,149,73,76,0,0,0
2022-11-11 13:45,200,111,89,0,0,0
2022-11-11 14:00,207,84,123,0,0,0
2022-11-11 14:15,169,93,76,0,0,0
2022-11-11 14:30,158,79,79,0,0,0
2022-11-11 14:45,195,98,97,0,0,0
2022-11-11 15:00,183,100,83,0,0,0
2022-11-11 15:15,166,98,68,0,0,0
2022-11-11 15:30,162,90,72,0,0,0
2022-11-11 15:45,177,88,89,0,0,0
2022-11-11 16:00,160,80,80,0,0,0
2022-11-11 16:15,149,85,64,0,0,0
2022-11-11 16:30,170,76,94,0,0,0
2022-11-11 16:45,147,73,74,0,0,0
2022-11-11 17:00,163,77,86,0,0,0
2022-11-11 17:15,157,86,71,0,0,0
2022-11-11 17:30,155,77,78,0,0,0
2022-11-11 17:45,168,82,86,0,0,0
2022-11-11 18:00,148,66,82,0,0,0
2022-11-11 18:15,144,75,69,0,0,0
2022-11-11 18:30,130,62,68,0,0,0
2022-11-11 18:45,160,84,76,0,0,0
2022-11-11 19:00,133,57,76,0,0,0
2022-11-11 19:15,141,78,63,0,0,0
2022-11-11 19:30,99,61,38,0,0,0
2022-11-11 19:45,138,78,60,0,0,0
2022-11-11 20:00,84,29,55,0,0,0
2022-11-11 20:15,69,29,40,0,0,0
2022-11-11 20:30,45,16,29,0,0,0
2022-11-11 20:45,62,26,36,0,0,0
2022-11-11 21:00,57,24,33,0,0,0
2022-11-11 21:15,55,18,37,0,0,0
2022-11-11 21:30,47,20,27,0,0,0
2022-11-11 21:45,41,11,30,0,0,0
2022-11-11 22:00,45,18,27,0,0,0
2022-11-11 22:15,47,22,25,0,0,0
2022-11-11 22:30,51,25,26,0,0,0
2022-11-11 22:45,52,23,29,0,0,0
2022-11-11 23:00,59,29,30,0,0,0
2022-11-11 23:15,36,20,16,0,0,0
2022-11-11 23:30,46,12,34,0,0,0
2022-11-11 23:45,55,21,34,0,0,0
2022-11-12 00:00,32,10,22,0,0,0
2022-11-12 00:15,21,9,12,0,0,0
2022-11-12 00:30,35,13,22,0,0,0
2022-11-12 00:45,34,14,20,0,0,0
2022-11-12 01:00,29,14,15,0,0,0
2022-11-12 01:15,35,16,19,0,0,0
2022-11-12 01:30,24,9,15,0,0,0
2022-11-12 01:45,20,3,17,0,0,0
2022-11-12 02:00,10,2,8,0,0,0
2022-11-12 02:15,13,7,6,0,0,0
2022-11-12 02:30,18,8,10,0,0,0
2022-11-12 02:45,19,2,17,0,0,0
2022-11-12 03:00,10,2,8,0,0,0
2022-11-12 03:15,9,3,6,0,0,0
2022-11-12 03:30,10,1,9,0,0,0
2022-11-12 03:45,4,2,2,0,0,0
2022-11-12 04:00,2,0,2,0,0,0
2022-11-12 04:15,3,0,3,0,0,0
2022-11-12 04:30,1,0,1,0,0,0
2022-11-12 04:45,4,0,4,0,0,0
2022-11-12 05:00,4,1,3,0,0,0
2022-11-12 05:15,4,1,3,0,0,0
2022-11-12 05:30,12,7,5,0,0,0
2022-11-12 05:45,9,4,5,0,0,0
2022-11-12 06:00,10,3,7,0,0,0
2022-11-12 06:15,5,3,2,0,0,0
2022-11-12 06:30,13,8,5,0,0,0
2022-11-12 06:45,17,8,9,0,0,0
2022-11-12 07:00,19,14,5,0,0,0
2022-11-12 07:15,20,13,7,0,0,0
2022-11-12 07:30,20,15,5,0,0,0
2022-11-12 07:45,36,21,15,0,0,0
2022-11-12 08:00,22,15,7,0,0,0
2022-11-12 08:15,40,26,14,0,0,0
2022-11-12 08:30,59,37,22,0,0,0
2022-11-12 08:45,74,57,17,0,0,0
2022-11-12 09:00,73,60,13,0,0,0
2022-11-12 09:15,87,68,19,0,0,0
2022-11-12 09:30,108,80,28,0,0,0
2022-11-12 09:45,135,100,35,0,0,0
2022-11-12 10:00,99,78,21,0,0,0
2022-11-12 10:15,131,105,26,0,0,0
2022-11-12 10:30,124,89,35,0,0,0
2022-11-12 10:45,153,120,33,0,0,0
2022-11-12 11:00,150,100,50,0,0,0
2022-11-12 11:15,160,111,49,0,0,0
2022-11-12 11:30,165,111,54,0,0,0
2022-11-12 11:45,216,149,67,0,0,0
2022-11-12 12:00,192,128,64,0,0,0
2022-11-12 12:15,185,113,72,0,0,0
2022-11-12 12:30,191,122,69,0,0,0
2022-11-12 12:45,206,128,78,0,0,0
2022-11-12 13:00,185,109,76,0,0,0
2022-11-12 13:15,185,132,53,0,0,0
2022-11-12 13:30,173,101,72,0,0,0
2022-11-12 13:45,162,90,72,0,0,0
2022-11-12 14:00,133,75,58,0,0,0
2022-11-12 14:15,170,93,77,0,0,0
2022-11-12 14:30,164,80,84,0,0,0
2022-11-12 14:45,189,95,94,0,0,0
2022-11-12 15:00,151,77,74,0,0,0
2022-11-12 15:15,144,60,84,0,0,0
2022-11-12 15:30,112,52,60,0,0,0
2022-11-12 15:45,150,82,68,0,0,0
2022-11-12 16:00,116,52,64,0,0,0
2022-11-12 16:15,160,78,82,0,0,0
2022-11-12 16:30,130,51,79,0,0,0
2022-11-12 16:45,126,54,72,0,0,0
2022-11-12 17:00,121,43,78,0,0,0
2022-11-12 17:15,92,32,60,0,0,0
2022-11-12 17:30,118,47,71,0,0,0
2022-11-12 17:45,110,55,55,0,0,0
2022-11-12 18:00,115,53,62,0,0,0
2022-11-12 18:15,106,47,59,0,0,0
2022-11-12 18:30,88,32,56,0,0,0
2022-11-12 18:45,113,56,57,0,0,0
2022-11-12 19:00,112,43,69,0,0,0
2022-11-12 19:15,112,53,59,0,0,0
2022-11-12 19:30,71,34,37,0,0,0
2022-11-12 19:45,80,35,45,0,0,0
2022-11-12 20:00,57,18,39,0,0,0
2022-11-12 20:15,46,18,28,0,0,0
2022-11-12 20:30,42,20,22,0,0,0
2022-11-12 20:45,63,43,20,0,0,0
2022-11-12 21:00,37,15,22,0,0,0
2022-11-12 21:15,47,25,22,0,0,0
2022-11-12 21:30,47,27,20,0,0,0
2022-11-12 21:45,32,19,13,0,0,0
2022-11-12 22:00,53,20,33,0,0,0
2022-11-12 22:15,37,22,15,0,0,0
2022-11-12 22:30,43,25,18,0,0,0
2022-11-12 22:45,51,23,28,0,0,0
2022-11-12 23:00,31,18,13,0,0,0
2022-11-12 23:15,55,27,28,0,0,0
2022-11-12 23:30,36,14,22,0,0,0
2022-11-12 23:45,41,19,22,0,0,0
2022-11-13 00:00,25,9,16,0,0,0
2022-11-13 00:15,29,14,15,0,0,0
2022-11-13 00:30,40,26,14,0,0,0
2022-11-13 00:45,33,19,14,0,0,0
2022-11-13 01:00,31,12,19,0,0,0
2022-11-13 01:15,20,9,11,0,0,0
2022-11-13 01:30,19,6,13,0,0,0
2022-11-13 01:45,27,12,15,0,0,0
2022-11-13 02:00,15,4,11,0,0,0
2022-11-13 02:15,13,5,8,0,0,0
2022-11-13 02:30,12,3,9,0,0,0
2022-11-13 02:45,14,9,5,0,0,0
2022-11-13 03:00,11,3,8,0,0,0
2022-11-13 03:15,14,4,10,0,0,0
2022-11-13 03:30,10,2,8,0,0,0
2022-11-13 03:45,5,1,4,0,0,0
2022-11-13 04:00,7,1,6,0,0,0
2022-11-13 04:15,4,0,4,0,0,0
2022-11-13 04:30,6,3,3,0,0,0
2022-11-13 04:45,7,1,6,0,0,0
2022-11-13 05:00,1,0,1,0,0,0
2022-11-13 05:15,7,4,3,0,0,0
2022-11-13 05:30,8,7,1,0,0,0
2022-11-13 05:45,10,4,6,0,0,0
2022-11-13 06:00,6,4,2,0,0,0
2022-11-13 06:15,5,5,0,0,0,0
2022-11-13 06:30,11,8,3,0,0,0
2022-11-13 06:45,5,1,4,0,0,0
2022-11-13 07:00,1,1,0,0,0,0
2022-11-13 07:15,8,4,4,0,0,0
2022-11-13 07:30,9,5,4,0,0,0
2022-11-13 07:45,6,1,5,0,0,0
2022-11-13 08:00,11,6,5,0,0,0
2022-11-13 08:15,9,8,1,0,0,0
2022-11-13 08:30,12,8,4,0,0,0
2022-11-13 08:45,19,12,7,0,0,0
2022-11-13 09:00,13,8,5,0,0,0
2022-11-13 09:15,24,18,6,0,0,0
2022-11-13 09:30,20,13,7,0,0,0
2022-11-13 09:45,58,39,19,0,0,0
2022-11-13 10:00,46,26,20,0,0,0
2022-11-13 10:15,45,24,21,0,0,0
2022-11-13 10:30,48,29,19,0,0,0
2022-11-13 10:45,62,51,11,0,0,0
2022-11-13 11:00,64,44,20,0,0,0
2022-11-13 11:15,53,42,11,0,0,0
2022-11-13 11:30,57,34,23,0,0,0
2022-11-13 11:45,59,44,15,0,0,0
2022-11-13 12:00,83,43,40,0,0,0
2022-11-13 12:15,65,45,20,0,0,0
2022-11-13 12:30,78,51,27,0,0,0
2022-11-13 12:45,93,56,37,0,0,0
2022-11-13 13:00,71,36,35,0,0,0
2022-11-13 13:15,74,53,21,0,0,0
2022-11-13 13:30,91,57,34,0,0,0
2022-11-13 13:45,113,64,49,0,0,0
2022-11-13 14:00,111,60,51,0,0,0
2022-11-13 14:15,101,62,39,0,0,0
2022-11-13 14:30,107,65,42,0,0,0
2022-11-13 14:45,133,84,49,0,0,0
2022-11-13 15:00,103,55,48,0,0,0
2022-11-13 15:15,93,52,41,0,0,0
2022-11-13 15:30,142,84,58,0,0,0
2022-11-13 15:45,91,45,46,0,0,0
2022-11-13 16:00,95,43,52,0,0,0
2022-11-13 16:15,106,63,43,0,0,0
2022-11-13 16:30,84,50,34,0,0,0
2022-11-13 16:45,89,45,44,0,0,0
2022-11-13 17:00,74,32,42,0,0,0
2022-11-13 17:15,84,48,36,0,0,0
2022-11-13 17:30,96,51,45,0,0,0
2022-11-13 17:45,83,39,44,0,0,0
2022-11-13 18:00,69,25,44,0,0,0
2022-11-13 18:15,68,26,42,0,0,0
2022-11-13 18:30,62,21,41,0,0,0
2022-11-13 18:45,76,37,39,0,0,0
2022-11-13 19:00,72,36,36,0,0,0
2022-11-13 19:15,47,23,24,0,0,0
2022-11-13 19:30,49,30,19,0,0,0
2022-11-13 19:45,50,17,33,0,0,0
2022-11-13 20:00,40,16,24,0,0,0
2022-11-13 20:15,34,13,21,0,0,0
2022-11-13 20:30,33,18,15,0,0,0
2022-11-13 20:45,30,11,19,0,0,0
2022-11-13 21:00,35,13,22,0,0,0
2022-11-13 21:15,27,8,19,0,0,0
2022-11-13 21:30,24,11,13,0,0,0
2022-11-13 21:45,20,10,10,0,0,0
2022-11-13 22:00,23,9,14,0,0,0
2022-11-13 22:15,21,17,4,0,0,0
2022-11-13 22:30,27,14,13,0,0,0
2022-11-13 22:45,18,5,13,0,0,0
2022-11-13 23:00,8,2,6,0,0,0
2022-11-13 23:15,13,7,6,0,0,0
2022-11-13 23:30,7,3,4,0,0,0
2022-11-13 23:45,7,6,1,0,0,0
2022-11-14 00:00,6,2,4,0,0,0
2022-11-14 00:15,3,0,3,0,0,0
2022-11-14 00:30,5,4,1,0,0,0
2022-11-14 00:45,5,2,3,0,0,0
2022-11-14 01:00,3,2,1,0,0,0
2022-11-14 01:15,1,0,1,0,0,0
2022-11-14 01:30,1,0,1,0,0,0
2022-11-14 01:45,3,1,2,0,0,0
2022-11-14 02:00,1,0,1,0,0,0
2022-11-14 02:15,0,0,0,0,0,0
2022-11-14 02:30,0,0,0,0,0,0
2022-11-14 02:45,0,0,0,0,0,0
2022-11-14 03:00,1,0,1,0,0,0
2022-11-14 03:15,2,1,1,0,0,0
2022-11-14 03:30,0,0,0,0,0,0
2022-11-14 03:45,0,0,0,0,0,0
2022-11-14 04:00,0,0,0,0,0,0
2022-11-14 04:15,1,1,0,0,0,0
2022-11-14 04:30,2,1,1,0,0,0
2022-11-14 04:45,3,1,2,0,0,0
2022-11-14 05:00,0,0,0,0,0,0
2022-11-14 05:15,3,1,2,0,0,0
2022-11-14 05:30,15,9,6,0,0,0
2022-11-14 05:45,23,15,8,0,0,0
2022-11-14 06:00,16,11,5,0,0,0
2022-11-14 06:15,28,11,17,0,0,0
2022-11-14 06:30,62,36,26,0,0,0
2022-11-14 06:45,75,46,29,0,0,0
2022-11-14 07:00,104,74,30,0,0,0
2022-11-14 07:15,173,123,50,0,0,0
2022-11-14 07:30,325,275,50,0,0,0
2022-11-14 07:45,279,190,89,0,0,0
2022-11-14 08:00,176,129,47,0,0,0
2022-11-14 08:15,166,121,45,0,0,0
2022-11-14 08:30,164,121,43,0,0,0
2022-11-14 08:45,193,143,50,0,0,0
2022-11-14 09:00,125,96,29,0,0,0
2022-11-14 09:15,115,82,33,0,0,0
2022-11-14 09:30,116,83,33,0,0,0
2022-11-14 09:45,184,143,41,0,0,0
2022-11-14 10:00,136,93,43,0,0,0
2022-11-14 10:15,97,69,28,0,0,0
2022-11-14 10:30,89,64,25,0,0,0
2022-11-14 10:45,121,80,41,0,0,0
2022-11-14 11:00,84,56,28,0,0,0
2022-11-14 11:15,108,66,42,0,0,0
2022-11-14 11:30,118,75,43,0,0,0
2022-11-14 11:45,185,113,72,0,0,0
2022-11-14 12:00,131,76,55,0,0,0
2022-11-14 12:15,120,55,65,0,0,0
2022-11-14 12:30,172,78,94,0,0,0
2022-11-14 12:45,127,78,49,0,0,0
2022-11-14 13:00,152,68,84,0,0,0
2022-11-14 13:15,153,68,85,0,0,0
2022-11-14 13:30,144,84,60,0,0,0
2022-11-14 13:45,174,108,66,0,0,0
2022-11-14 14:00,182,72,110,0,0,0
2022-11-14 14:15,150,81,69,0,0,0
2022-11-14 14:30,169,86,83,0,0,0
2022-11-14 14:45,160,83,77,0,0,0
2022-11-14 15:00,171,91,80,0,0,0
2022-11-14 15:15,170,76,94,0,0,0
2022-11-14 15:30,209,107,102,0,0,0
2022-11-14 15:45,239,127,112,0,0,0
2022-11-14 16:00,203,106,97,0,0,0
2022-11-14 16:15,225,114,111,0,0,0
2022-11-14 16:30,188,86,102,0,0,0
2022-11-14 16:45,214,90,124,0,0,0
2022-11-14 17:00,195,90,105,0,0,0
2022-11-14 17:15,199,88,111,0,0,0
2022-11-14 17:30,184,68,116,0,0,0
2022-11-14 17:45,225,91,134,0,0,0
2022-11-14 18:00,182,65,117,0,0,0
2022-11-14 18:15,170,78,92,0,0,0
2022-11-14 18:30,130,57,73,0,0,0
2022-11-14 18:45,129,58,71,0,0,0
2022-11-14 19:00,92,32,60,0,0,0
2022-11-14 19:15,88,46,42,0,0,0
2022-11-14 19:30,100,36,64,0,0,0
2022-11-14 19:45,105,39,66,0,0,0
2022-11-14 20:00,76,28,48,0,0,0
2022-11-14 20:15,57,32,25,0,0,0
2022-11-14 20:30,48,15,33,0,0,0
2022-11-14 20:45,41,15,26,0,0,0
2022-11-14 21:00,50,25,25,0,0,0
2022-11-14 21:15,48,22,26,0,0,0
2022-11-14 21:30,45,12,33,0,0,0
2022-11-14 21:45,54,21,33,0,0,0
2022-11-14 22:00,47,20,27,0,0,0
2022-11-14 22:15,36,14,22,0,0,0
2022-11-14 22:30,35,14,21,0,0,0
2022-11-14 22:45,47,24,23,0,0,0
2022-11-14 23:00,29,14,15,0,0,0
2022-11-14 23:15,11,3,8,0,0,0
2022-11-14 23:30,14,4,10,0,0,0
2022-11-14 23:45,12,4,8,0,0,0
2022-11-15 00:00,5,4,1,0,0,0
2022-11-15 00:15,5,2,3,0,0,0
2022-11-15 00:30,6,2,4,0,0,0
2022-11-15 00:45,5,4,1,0,0,0
2022-11-15 01:00,1,0,1,0,0,0
2022-11-15 01:15,5,0,5,0,0,0
2022-11-15 01:30,2,2,0,0,0,0
2022-11-15 01:45,2,1,1,0,0,0
2022-11-15 02:00,0,0,0,0,0,0
2022-11-15 02:15,2,1,1,0,0,0
2022-11-15 02:30,0,0,0,0,0,0
2022-11-15 02:45,3,0,3,0,0,0
2022-11-15 03:00,0,0,0,0,0,0
2022-11-15 03:15,1,0,1,0,0,0
2022-11-15 03:30,0,0,0,0,0,0
2022-11-15 03:45,1,0,1,0,0,0
2022-11-15 04:00,0,0,0,0,0,0
2022-11-15 04:15,1,0,1,0,0,0
2022-11-15 04:30,0,0,0,0,0,0
2022-11-15 04:45,3,1,2,0,0,0
2022-11-15 05:00,2,2,0,0,0,0
2022-11-15 05:15,5,3,2,0,0,0
2022-11-15 05:30,13,10,3,0,0,0
2022-11-15 05:45,20,9,11,0,0,0
2022-11-15 06:00,24,14,10,0,0,0
2022-11-15 06:15,39,21,18,0,0,0
2022-11-15 06:30,55,35,20,0,0,0
2022-11-15 06:45,87,61,26,0,0,0
2022-11-15 07:00,112,75,37,0,0,0
2022-11-15 07:15,171,124,47,0,0,0
2022-11-15 07:30,354,290,64,0,0,0
2022-11-15 07:45,318,232,86,0,0,0
2022-11-15 08:00,191,150,41,0,0,0
2022-11-15 08:15,200,142,58,0,0,0
2022-11-15 08:30,166,124,42,0,0,0
2022-11-15 08:45,163,120,43,0,0,0
2022-11-15 09:00,109,80,29,0,0,0
2022-11-15 09:15,139,89,50,0,0,0
2022-11-15 09:30,143,103,40,0,0,0
2022-11-15 09:45,180,143,37,0,0,0
2022-11-15 10:00,146,102,44,0,0,0
2022-11-15 10:15,102,75,27,0,0,0
2022-11-15 10:30,110,74,36,0,0,0
2022-11-15 10:45,139,99,40,0,0,0
2022-11-15 11:00,121,82,39,0,0,0
2022-11-15 11:15,120,75,45,0,0,0
2022-11-15 11:30,130,78,52,0,0,0
2022-11-15 11:45,162,98,64,0,0,0
2022-11-15 12:00,135,71,64,0,0,0
2022-11-15 12:15,116,50,66,0,0,0
2022-11-15 12:30,120,61,59,0,0,0
2022-11-15 12:45,124,69,55,0,0,0
2022-11-15 13:00,137,62,75,0,0,0
2022-11-15 13:15,159,74,85,0,0,0
2022-11-15 13:30,142,72,70,0,0,0
2022-11-15 13:45,194,109,85,0,0,0
2022-11-15 14:00,176,78,98,0,0,0
2022-11-15 14:15,142,76,66,0,0,0
2022-11-15 14:30,133,72,61,0,0,0
2022-11-15 14:45,196,99,97,0,0,0
2022-11-15 15:00,190,74,116,0,0,0
2022-11-15 15:15,182,102,80,0,0,0
2022-11-15 15:30,204,95,109,0,0,0
2022-11-15 15:45,227,121,106,0,0,0
2022-11-15 16:00,260,134,126,0,0,0
2022-11-15 16:15,259,123,136,0,0,0
2022-11-15 16:30,184,99,85,0,0,0
2022-11-15 16:45,244,114,130,0,0,0
2022-11-15 17:00,202,90,112,0,0,0
2022-11-15 17:15,178,66,112,0,0,0
2022-11-15 17:30,209,97,112,0,0,0
2022-11-15 17:45,245,90,155,0,0,0
2022-11-15 18:00,232,101,131,0,0,0
2022-11-15 18:15,192,79,113,0,0,0
2022-11-15 18:30,137,68,69,0,0,0
2022-11-15 18:45,149,65,84,0,0,0
2022-11-15 19:00,117,50,67,0,0,0
2022-11-15 19:15,129,59,70,0,0,0
2022-11-15 19:30,103,46,57,0,0,0
2022-11-15 19:45,115,42,73,0,0,0
2022-11-15 20:00,101,40,61,0,0,0
2022-11-15 20:15,75,36,39,0,0,0
2022-11-15 20:30,57,22,35,0,0,0
2022-11-15 20:45,64,21,43,0,0,0
2022-11-15 21:00,64,31,33,0,0,0
2022-11-15 21:15,73,29,44,0,0,0
2022-11-15 21:30,79,36,43,0,0,0
2022-11-15 21:45,60,25,35,0,0,0
2022-11-15 22:00,66,26,40,0,0,0
2022-11-15 22:15,56,20,36,0,0,0
2022-11-15 22:30,39,18,21,0,0,0
2022-11-15 22:45,49,15,34,0,0,0
2022-11-15 23:00,27,10,17,0,0,0
2022-11-15 23:15,34,18,16,0,0,0
2022-11-15 23:30,20,10,10,0,0,0
2022-11-15 23:45,17,3,14,0,0,0
2022-11-16 00:00,8,3,5,0,0,0
2022-11-16 00:15,7,4,3,0,0,0
2022-11-16 00:30,4,3,1,0,0,0
2022-11-16 00:45,7,3,4,0,0,0
2022-11-16 01:00,4,0,4,0,0,0
2022-11-16 01:15,7,3,4,0,0,0
2022-11-16 01:30,3,0,3,0,0,0
2022-11-16 01:45,4,2,2,0,0,0
2022-11-16 02:00,2,1,1,0,0,0
2022-11-16 02:15,1,0,1,0,0,0
2022-11-16 02:30,0,0,0,0,0,0
2022-11-16 02:45,2,2,0,0,0,0
2022-11-16 03:00,6,2,4,0,0,0
2022-11-16 03:15,1,0,1,0,0,0
2022-11-16 03:30,0,0,0,0,0,0
2022-11-16 03:45,0,0,0,0,0,0
2022-11-16 04:00,0,0,0,0,0,0
2022-11-16 04:15,0,0,0,0,0,0
2022-11-16 04:30,1,0,1,0,0,0
2022-11-16 04:45,2,1,1,0,0,0
2022-11-16 05:00,4,4,0,0,0,0
2022-11-16 05:15,3,2,1,0,0,0
2022-11-16 05:30,14,11,3,0,0,0
2022-11-16 05:45,28,12,16,0,0,0
2022-11-16 06:00,14,10,4,0,0,0
2022-11-16 06:15,39,25,14,0,0,0
2022-11-16 06:30,49,31,18,0,0,0
2022-11-16 06:45,59,39,20,0,0,0
2022-11-16 07:00,63,42,21,0,0,0
2022-11-16 07:15,130,91,39,0,0,0
2022-11-16 07:30,313,259,54,0,0,0
2022-11-16 07:45,236,171,65,0,0,0
2022-11-16 08:00,175,133,42,0,0,0
2022-11-16 08:15,164,119,45,0,0,0
2022-11-16 08:30,151,103,48,0,0,0
2022-11-16 08:45,202,150,52,0,0,0
2022-11-16 09:00,151,111,40,0,0,0
2022-11-16 09:15,125,96,29,0,0,0
2022-11-16 09:30,137,105,32,0,0,0
2022-11-16 09:45,182,148,34,0,0,0
2022-11-16 10:00,133,100,33,0,0,0
2022-11-16 10:15,120,74,46,0,0,0
2022-11-16 10:30,122,93,29,0,0,0
2022-11-16 10:45,143,97,46,0,0,0
2022-11-16 11:00,96,64,32,0,0,0
2022-11-16 11:15,147,86,61,0,0,0
2022-11-16 11:30,131,75,56,0,0,0
2022-11-16 11:45,183,107,76,0,0,0
2022-11-16 12:00,166,103,63,0,0,0
2022-11-16 12:15,162,83,79,0,0,0
2022-11-16 12:30,161,69,92,0,0,0
2022-11-16 12:45,149,72,77,0,0,0
2022-11-16 13:00,162,77,85,0,0,0
2022-11-16 13:15,152,76,76,0,0,0
2022-11-16 13:30,138,72,66,0,0,0
2022-11-16 13:45,166,79,87,0,0,0
2022-11-16 14:00,179,76,103,0,0,0
2022-11-16 14:15,159,76,83,0,0,0
2022-11-16 14:30,133,53,80,0,0,0
2022-11-16 14:45,138,69,69,0,0,0
2022-11-16 15:00,155,80,75,0,0,0
2022-11-16 15:15,151,76,75,0,0,0
2022-11-16 15:30,167,96,71,0,0,0
2022-11-16 15:45,190,112,78,0,0,0
2022-11-16 16:00,224,104,120,0,0,0
2022-11-16 16:15,194,88,106,0,0,0
2022-11-16 16:30,207,108,99,0,0,0
2022-11-16 16:45,182,93,89,0,0,0
2022-11-16 17:00,182,94,88,0,0,0
2022-11-16 17:15,201,100,101,0,0,0
2022-11-16 17:30,196,98,98,0,0,0
2022-11-16 17:45,233,103,130,0,0,0
2022-11-16 18:00,150,56,94,0,0,0
2022-11-16 18:15,183,70,113,0,0,0
2022-11-16 18:30,140,63,77,0,0,0
2022-11-16 18:45,156,80,76,0,0,0
2022-11-16 19:00,112,50,62,0,0,0
2022-11-16 19:15,136,67,69,0,0,0
2022-11-16 19:30,109,59,50,0,0,0
2022-11-16 19:45,102,53,49,0,0,0
2022-11-16 20:00,95,29,66,0,0,0
2022-11-16 20:15,60,22,38,0,0,0
2022-11-16 20:30,63,32,31,0,0,0
2022-11-16 20:45,66,29,37,0,0,0
2022-11-16 21:00,62,31,31,0,0,0
2022-11-16 21:15,59,29,30,0,0,0
2022-11-16 21:30,58,27,31,0,0,0
2022-11-16 21:45,84,38,46,0,0,0
2022-11-16 22:00,64,23,41,0,0,0
2022-11-16 22:15,59,28,31,0,0,0
2022-11-16 22:30,58,23,35,0,0,0
2022-11-16 22:45,38,15,23,0,0,0
2022-11-16 23:00,34,15,19,0,0,0
2022-11-16 23:15,23,7,16,0,0,0
2022-11-16 23:30,21,8,13,0,0,0
2022-11-16 23:45,20,8,12,0,0,0
2022-11-17 00:00,15,0,15,0,0,0
2022-11-17 00:15,26,18,8,0,0,0
2022-11-17 00:30,24,17,7,0,0,0
2022-11-17 00:45,24,14,10,0,0,0
2022-11-17 01:00,8,3,5,0,0,0
2022-11-17 01:15,6,1,5,0,0,0
2022-11-17 01:30,6,2,4,0,0,0
2022-11-17 01:45,9,2,7,0,0,0
2022-11-17 02:00,6,1,5,0,0,0
2022-11-17 02:15,2,0,2,0,0,0
2022-11-17 02:30,4,0,4,0,0,0
2022-11-17 02:45,5,0,5,0,0,0
2022-11-17 03:00,5,0,5,0,0,0
2022-11-17 03:15,3,1,2,0,0,0
2022-11-17 03:30,2,0,2,0,0,0
2022-11-17 03:45,0,0,0,0,0,0
2022-11-17 04:00,0,0,0,0,0,0
2022-11-17 04:15,0,0,0,0,0,0
2022-11-17 04:30,2,0,2,0,0,0
2022-11-17 04:45,1,1,0,0,0,0
2022-11-17 05:00,2,2,0,0,0,0
2022-11-17 05:15,4,4,0,0,0,0
2022-11-17 05:30,10,5,5,0,0,0
2022-11-17 05:45,13,6,7,0,0,0
2022-11-17 06:00,14,10,4,0,0,0
2022-11-17 06:15,28,15,13,0,0,0
2022-11-17 06:30,46,27,19,0,0,0
2022-11-17 06:45,63,39,24,0,0,0
2022-11-17 07:00,91,58,33,0,0,0
2022-11-17 07:15,160,116,44,0,0,0
2022-11-17 07:30,310,263,47,0,0,0
2022-11-17 07:45,222,153,69,0,0,0
2022-11-17 08:00,161,128,33,0,0,0
2022-11-17 08:15,149,108,41,0,0,0
2022-11-17 08:30,141,105,36,0,0,0
2022-11-17 08:45,147,111,36,0,0,0
2022-11-17 09:00,122,93,29,0,0,0
2022-11-17 09:15,84,64,20,0,0,0
2022-11-17 09:30,99,74,25,0,0,0
2022-11-17 09:45,143,116,27,0,0,0
2022-11-17 10:00,97,73,24,0,0,0
2022-11-17 10:15,72,51,21,0,0,0
2022-11-17 10:30,56,37,19,0,0,0
2022-11-17 10:45,86,61,25,0,0,0
2022-11-17 11:00,74,48,26,0,0,0
2022-11-17 11:15,72,39,33,0,0,0
2022-11-17 11:30,79,56,23,0,0,0
2022-11-17 11:45,126,90,36,0,0,0
2022-11-17 12:00,113,62,51,0,0,0
2022-11-17 12:15,114,49,65,0,0,0
2022-11-17 12:30,116,54,62,0,0,0
2022-11-17 12:45,121,55,66,0,0,0
2022-11-17 13:00,107,50,57,0,0,0
2022-11-17 13:15,122,52,70,0,0,0
2022-11-17 13:30,101,53,48,0,0,0
2022-11-17 13:45,154,92,62,0,0,0
2022-11-17 14:00,152,64,88,0,0,0
2022-11-17 14:15,111,59,52,0,0,0
2022-11-17 14:30,124,78,46,0,0,0
2022-11-17 14:45,141,79,62,0,0,0
2022-11-17 15:00,137,62,75,0,0,0
2022-11-17 15:15,124,72,52,0,0,0
2022-11-17 15:30,173,95,78,0,0,0
2022-11-17 15:45,191,109,82,0,0,0
2022-11-17 16:00,191,84,107,0,0,0
2022-11-17 16:15,167,73,94,0,0,0
2022-11-17 16:30,187,103,84,0,0,0
2022-11-17 16:45,188,92,96,0,0,0
2022-11-17 17:00,167,79,88,0,0,0
2022-11-17 17:15,172,83,89,0,0,0
2022-11-17 17:30,158,68,90,0,0,0
2022-11-17 17:45,189,88,101,0,0,0
2022-11-17 18:00,186,78,108,0,0,0
2022-11-17 18:15,150,76,74,0,0,0
2022-11-17 18:30,152,70,82,0,0,0
2022-11-17 18:45,149,71,78,0,0,0
2022-11-17 19:00,107,50,57,0,0,0
2022-11-17 19:15,88,47,41,0,0,0
2022-11-17 19:30,103,37,66,0,0,0
2022-11-17 19:45,107,38,69,0,0,0
2022-11-17 20:00,101,35,66,0,0,0
2022-11-17 20:15,56,17,39,0,0,0
2022-11-17 20:30,58,24,34,0,0,0
2022-11-17 20:45,49,27,22,0,0,0
2022-11-17 21:00,55,26,29,0,0,0
2022-11-17 21:15,52,21,31,0,0,0
2022-11-17 21:30,53,21,32,0,0,0
2022-11-17 21:45,58,28,30,0,0,0
2022-11-17 22:00,77,42,35,0,0,0
2022-11-17 22:15,65,32,33,0,0,0
2022-11-17 22:30,50,23,27,0,0,0
2022-11-17 22:45,33,18,15,0,0,0
2022-11-17 23:00,46,20,26,0,0,0
2022-11-17 23:15,36,15,21,0,0,0
2022-11-17 23:30,28,15,13,0,0,0
2022-11-17 23:45,24,11,13,0,0,0
2022-11-18 00:00,13,0,13,0,0,0
2022-11-18 00:15,14,5,9,0,0,0
2022-11-18 00:30,11,2,9,0,0,0
2022-11-18 00:45,4,2,2,0,0,0
2022-11-18 01:00,7,2,5,0,0,0
2022-11-18 01:15,5,1,4,0,0,0
2022-11-18 01:30,12,6,6,0,0,0
2022-11-18 01:45,12,5,7,0,0,0
2022-11-18 02:00,4,2,2,0,0,0
2022-11-18 02:15,1,0,1,0,0,0
2022-11-18 02:30,2,0,2,0,0,0
2022-11-18 02:45,3,0,3,0,0,0
2022-11-18 03:00,1,1,0,0,0,0
2022-11-18 03:15,3,0,3,0,0,0
2022-11-18 03:30,3,0,3,0,0,0
2022-11-18 03:45,0,0,0,0,0,0
2022-11-18 04:00,0,0,0,0,0,0
2022-11-18 04:15,0,0,0,0,0,0
2022-11-18 04:30,1,1,0,0,0,0
2022-11-18 04:45,2,1,1,0,0,0
2022-11-18 05:00,1,0,1,0,0,0
2022-11-18 05:15,3,3,0,0,0,0
2022-11-18 05:30,10,8,2,0,0,0
2022-11-18 05:45,13,7,6,0,0,0
2022-11-18 06:00,19,12,7,0,0,0
2022-11-18 06:15,29,20,9,0,0,0
2022-11-18 06:30,53,37,16,0,0,0
2022-11-18 06:45,47,26,21,0,0,0
2022-11-18 07:00,69,48,21,0,0,0
2022-11-18 07:15,145,98,47,0,0,0
2022-11-18 07:30,331,274,57,0,0,0
2022-11-18 07:45,227,155,72,0,0,0
2022-11-18 08:00,130,99,31,0,0,0
2022-11-18 08:15,132,93,39,0,0,0
2022-11-18 08:30,99,72,27,0,0,0
2022-11-18 08:45,118,86,32,0,0,0
2022-11-18 09:00,83,66,17,0,0,0
2022-11-18 09:15,89,73,16,0,0,0
2022-11-18 09:30,83,58,25,0,0,0
2022-11-18 09:45,130,100,30,0,0,0
2022-11-18 10:00,84,60,24,0,0,0
2022-11-18 10:15,84,56,28,0,0,0
2022-11-18 10:30,89,61,28,0,0,0
2022-11-18 10:45,114,76,38,0,0,0
2022-11-18 11:00,96,57,39,0,0,0
2022-11-18 11:15,89,61,28,0,0,0
2022-11-18 11:30,103,53,50,0,0,0
2022-11-18 11:45,120,76,44,0,0,0
2022-11-18 12:00,115,60,55,0,0,0
2022-11-18 12:15,114,57,57,0,0,0
2022-11-18 12:30,127,64,63,0,0,0
2022-11-18 12:45,122,67,55,0,0,0
2022-11-18 13:00,127,58,69,0,0,0
2022-11-18 13:15,149,60,89,0,0,0
2022-11-18 13:30,114,60,54,0,0,0
2022-11-18 13:45,163,86,77,0,0,0
2022-11-18 14:00,162,66,96,0,0,0
2022-11-18 14:15,139,76,63,0,0,0
2022-11-18 14:30,109,51,58,0,0,0
2022-11-18 14:45,122,56,66,0,0,0
2022-11-18 15:00,145,89,56,0,0,0
2022-11-18 15:15,164,86,78,0,0,0
2022-11-18 15:30,138,71,67,0,0,0
2022-11-18 15:45,170,88,82,0,0,0
2022-11-18 16:00,139,83,56,0,0,0
2022-11-18 16:15,133,71,62,0,0,0
2022-11-18 16:30,143,61,82,0,0,0
2022-11-18 16:45,137,68,69,0,0,0
2022-11-18 17:00,138,65,73,0,0,0
2022-11-18 17:15,122,64,58,0,0,0
2022-11-18 17:30,117,58,59,0,0,0
2022-11-18 17:45,140,75,65,0,0,0
2022-11-18 18:00,100,45,55,0,0,0
2022-11-18 18:15,115,52,63,0,0,0
2022-11-18 18:30,95,58,37,0,0,0
2022-11-18 18:45,128,83,45,0,0,0
2022-11-18 19:00,98,50,48,0,0,0
2022-11-18 19:15,119,60,59,0,0,0
2022-11-18 19:30,88,48,40,0,0,0
2022-11-18 19:45,97,47,50,0,0,0
2022-11-18 20:00,96,41,55,0,0,0
2022-11-18 20:15,62,30,32,0,0,0
2022-11-18 20:30,62,27,35,0,0,0
2022-11-18 20:45,51,23,28,0,0,0
2022-11-18 21:00,36,16,20,0,0,0
2022-11-18 21:15,37,27,10,0,0,0
2022-11-18 21:30,53,29,24,0,0,0
2022-11-18 21:45,38,17,21,0,0,0
2022-11-18 22:00,46,22,24,0,0,0
2022-11-18 22:15,53,20,33,0,0,0
2022-11-18 22:30,46,21,25,0,0,0
2022-11-18 22:45,58,23,35,0,0,0
2022-11-18 23:00,40,20,20,0,0,0
2022-11-18 23:15,28,9,19,0,0,0
2022-11-18 23:30,45,21,24,0,0,0
2022-11-18 23:45,36,16,20,0,0,0
2022-11-19 00:00,35,18,17,0,0,0
2022-11-19 00:15,37,14,23,0,0,0
2022-11-19 00:30,41,25,16,0,0,0
2022-11-19 00:45,49,26,23,0,0,0
2022-11-19 01:00,33,8,25,0,0,0
2022-11-19 01:15,23,6,17,0,0,0
2022-11-19 01:30,27,7,20,0,0,0
2022-11-19 01:45,24,9,15,0,0,0
2022-11-19 02:00,19,3,16,0,0,0
2022-11-19 02:15,17,8,9,0,0,0
2022-11-19 02:30,12,7,5,0,0,0
2022-11-19 02:45,9,1,8,0,0,0
2022-11-19 03:00,9,1,8,0,0,0
2022-11-19 03:15,13,1,12,0,0,0
2022-11-19 03:30,9,1,8,0,0,0
2022-11-19 03:45,11,2,9,0,0,0
2022-11-19 04:00,6,5,1,0,0,0
2022-11-19 04:15,5,1,4,0,0,0
2022-11-19 04:30,2,0,2,0,0,0
2022-11-19 04:45,2,1,1,0,0,0
2022-11-19 05:00,3,2,1,0,0,0
2022-11-19 05:15,1,0,1,0,0,0
2022-11-19 05:30,6,5,1,0,0,0
2022-11-19 05:45,8,4,4,0,0,0
2022-11-19 06:00,5,2,3,0,0,0
2022-11-19 06:15,7,5,2,0,0,0
2022-11-19 06:30,8,4,4,0,0,0
2022-11-19 06:45,14,9,5,0,0,0
2022-11-19 07:00,12,7,5,0,0,0
2022-11-19 07:15,19,14,5,0,0,0
2022-11-19 07:30,14,9,5,0,0,0
2022-11-19 07:45,19,14,5,0,0,0
2022-11-19 08:00,23,13,10,0,0,0
2022-11-19 08:15,25,15,10,0,0,0
2022-11-19 08:30,49,39,10,0,0,0
2022-11-19 08:45,55,44,11,0,0,0
2022-11-19 09:00,44,29,15,0,0,0
2022-11-19 09:15,67,58,9,0,0,0
2022-11-19 09:30,86,67,19,0,0,0
2022-11-19 09:45,117,96,21,0,0,0
2022-11-19 10:00,111,86,25,0,0,0
2022-11-19 10:15,90,73,17,0,0,0
2022-11-19 10:30,105,83,22,0,0,0
2022-11-19 10:45,139,102,37,0,0,0
2022-11-19 11:00,121,75,46,0,0,0
2022-11-19 11:15,147,102,45,0,0,0
2022-11-19 11:30,127,92,35,0,0,0
2022-11-19 11:45,132,104,28,0,0,0
2022-11-19 12:00,148,100,48,0,0,0
2022-11-19 12:15,144,89,55,0,0,0
2022-11-19 12:30,169,104,65,0,0,0
2022-11-19 12:45,183,104,79,0,0,0
2022-11-19 13:00,174,97,77,0,0,0
2022-11-19 13:15,156,97,59,0,0,0
2022-11-19 13:30,150,79,71,0,0,0
2022-11-19 13:45,149,84,65,0,0,0
2022-11-19 14:00,155,89,66,0,0,0
2022-11-19 14:15,159,74,85,0,0,0
2022-11-19 14:30,141,51,90,0,0,0
2022-11-19 14:45,132,65,67,0,0,0
2022-11-19 15:00,126,64,62,0,0,0
2022-11-19 15:15,114,57,57,0,0,0
2022-11-19 15:30,82,34,48,0,0,0
2022-11-19 15:45,121,61,60,0,0,0
2022-11-19 16:00,101,46,55,0,0,0
2022-11-19 16:15,111,53,58,0,0,0
2022-11-19 16:30,92,39,53,0,0,0
2022-11-19 16:45,97,40,57,0,0,0
2022-11-19 17:00,90,40,50,0,0,0
2022-11-19 17:15,97,43,54,0,0,0
2022-11-19 17:30,79,39,40,0,0,0
2022-11-19 17:45,111,67,44,0,0,0
2022-11-19 18:00,86,39,47,0,0,0
2022-11-19 18:15,85,41,44,0,0,0
2022-11-19 18:30,73,34,39,0,0,0
2022-11-19 18:45,112,69,43,0,0,0
2022-11-19 19:00,85,48,37,0,0,0
2022-11-19 19:15,89,40,49,0,0,0
2022-11-19 19:30,58,26,32,0,0,0
2022-11-19 19:45,77,41,36,0,0,0
2022-11-19 20:00,57,22,35,0,0,0
2022-11-19 20:15,47,17,30,0,0,0
2022-11-19 20:30,56,26,30,0,0,0
2022-11-19 20:45,57,28,29,0,0,0
2022-11-19 21:00,38,22,16,0,0,0
2022-11-19 21:15,46,16,30,0,0,0
2022-11-19 21:30,30,12,18,0,0,0
2022-11-19 21:45,30,17,13,0,0,0
2022-11-19 22:00,41,29,12,0,0,0
2022-11-19 22:15,44,25,19,0,0,0
2022-11-19 22:30,31,16,15,0,0,0
2022-11-19 22:45,39,10,29,0,0,0
2022-11-19 23:00,44,23,21,0,0,0
2022-11-19 23:15,27,10,17,0,0,0
2022-11-19 23:30,21,9,12,0,0,0
2022-11-19 23:45,24,12,12,0,0,0
2022-11-20 00:00,33,15,18,0,0,0
2022-11-20 00:15,25,8,17,0,0,0
2022-11-20 00:30,29,14,15,0,0,0
2022-11-20 00:45,26,10,16,0,0,0
2022-11-20 01:00,28,15,13,0,0,0
2022-11-20 01:15,26,14,12,0,0,0
2022-11-20 01:30,23,7,16,0,0,0
2022-11-20 01:45,30,10,20,0,0,0
2022-11-20 02:00,8,4,4,0,0,0
2022-11-20 02:15,17,6,11,0,0,0
2022-11-20 02:30,16,9,7,0,0,0
2022-11-20 02:45,12,8,4,0,0,0
2022-11-20 03:00,6,0,6,0,0,0
2022-11-20 03:15,15,5,10,0,0,0
2022-11-20 03:30,8,4,4,0,0,0
2022-11-20 03:45,6,1,5,0,0,0
2022-11-20 04:00,15,5,10,0,0,0
2022-11-20 04:15,9,0,9,0,0,0
2022-11-20 04:30,6,0,6,0,0,0
2022-11-20 04:45,7,3,4,0,0,0
2022-11-20 05:00,1,1,0,0,0,0
2022-11-20 05:15,2,2,0,0,0,0
2022-11-20 05:30,6,2,4,0,0,0
2022-11-20 05:45,8,1,7,0,0,0
2022-11-20 06:00,3,1,2,0,0,0
2022-11-20 06:15,8,5,3,0,0,0
2022-11-20 06:30,9,6,3,0,0,0
2022-11-20 06:45,8,6,2,0,0,0
2022-11-20 07:00,1,0,1,0,0,0
2022-11-20 07:15,2,1,1,0,0,0
2022-11-20 07:30,10,6,4,0,0,0
2022-11-20 07:45,6,4,2,0,0,0
2022-11-20 08:00,6,4,2,0,0,0
2022-11-20 08:15,10,5,5,0,0,0
2022-11-20 08:30,9,5,4,0,0,0
2022-11-20 08:45,25,22,3,0,0,0
2022-11-20 09:00,10,5,5,0,0,0
2022-11-20 09:15,23,18,5,0,0,0
2022-11-20 09:30,18,13,5,0,0,0
2022-11-20 09:45,41,29,12,0,0,0
2022-11-20 10:00,33,23,10,0,0,0
2022-11-20 10:15,32,23,9,0,0,0
2022-11-20 10:30,22,16,6,0,0,0
2022-11-20 10:45,45,33,12,0,0,0
2022-11-20 11:00,33,16,17,0,0,0
2022-11-20 11:15,30,18,12,0,0,0
2022-11-20 11:30,36,20,16,0,0,0
2022-11-20 11:45,58,37,21,0,0,0
2022-11-20 12:00,34,22,12,0,0,0
2022-11-20 12:15,61,36,25,0,0,0
2022-11-20 12:30,43,29,14,0,0,0
2022-11-20 12:45,66,36,30,0,0,0
2022-11-20 13:00,46,25,21,0,0,0
2022-11-20 13:15,38,25,13,0,0,0
2022-11-20 13:30,57,34,23,0,0,0
2022-11-20 13:45,68,48,20,0,0,0
2022-11-20 14:00,62,33,29,0,0,0
2022-11-20 14:15,43,27,16,0,0,0
2022-11-20 14:30,54,34,20,0,0,0
2022-11-20 14:45,82,46,36,0,0,0
2022-11-20 15:00,56,30,26,0,0,0
2022-11-20 15:15,56,33,23,0,0,0
2022-11-20 15:30,42,25,17,0,0,0
2022-11-20 15:45,60,35,25,0,0,0
2022-11-20 16:00,57,21,36,0,0,0
2022-11-20 16:15,50,21,29,0,0,0
2022-11-20 16:30,60,37,23,0,0,0
2022-11-20 16:45,53,27,26,0,0,0
2022-11-20 17:00,56,26,30,0,0,0
2022-11-20 17:15,53,20,33,0,0,0
2022-11-20 17:30,47,17,30,0,0,0
2022-11-20 17:45,48,28,20,0,0,0
2022-11-20 18:00,49,29,20,0,0,0
2022-11-20 18:15,42,17,25,0,0,0
2022-11-20 18:30,52,27,25,0,0,0
2022-11-20 18:45,30,14,16,0,0,0
2022-11-20 19:00,27,13,14,0,0,0
2022-11-20 19:15,35,12,23,0,0,0
2022-11-20 19:30,41,23,18,0,0,0
2022-11-20 19:45,26,15,11,0,0,0
2022-11-20 20:00,52,36,16,0,0,0
2022-11-20 20:15,40,18,22,0,0,0
2022-11-20 20:30,35,15,20,0,0,0
2022-11-20 20:45,21,8,13,0,0,0
2022-11-20 21:00,23,11,12,0,0,0
2022-11-20 21:15,20,9,11,0,0,0
2022-11-20 21:30,20,10,10,0,0,0
2022-11-20 21:45,12,7,5,0,0,0
2022-11-20 22:00,14,7,7,0,0,0
2022-11-20 22:15,11,4,7,0,0,0
2022-11-20 22:30,31,17,14,0,0,0
2022-11-20 22:45,10,6,4,0,0,0
2022-11-20 23:00,8,4,4,0,0,0
2022-11-20 23:15,4,2,2,0,0,0
2022-11-20 23:30,8,2,6,0,0,0
2022-11-20 23:45,2,2,0,0,0,0
2022-11-21 00:00,9,5,4,0,0,0
2022-11-21 00:15,2,1,1,0,0,0
2022-11-21 00:30,2,0,2,0,0,0
2022-11-21 00:45,2,0,2,0,0,0
2022-11-21 01:00,2,1,1,0,0,0
2022-11-21 01:15,2,0,2,0,0,0
2022-11-21 01:30,1,1,0,0,0,0
2022-11-21 01:45,1,0,1,0,0,0
2022-11-21 02:00,0,0,0,0,0,0
2022-11-21 02:15,1,1,0,0,0,0
2022-11-21 02:30,0,0,0,0,0,0
2022-11-21 02:45,0,0,0,0,0,0
2022-11-21 03:00,0,0,0,0,0,0
2022-11-21 03:15,0,0,0,0,0,0
2022-11-21 03:30,0,0,0,0,0,0
2022-11-21 03:45,0,0,0,0,0,0
2022-11-21 04:00,1,0,1,0,0,0
2022-11-21 04:15,0,0,0,0,0,0
2022-11-21 04:30,1,1,0,0,0,0
2022-11-21 04:45,6,1,5,0,0,0
2022-11-21 05:00,3,3,0,0,0,0
2022-11-21 05:15,1,1,0,0,0,0
2022-11-21 05:30,12,7,5,0,0,0
2022-11-21 05:45,22,11,11,0,0,0
2022-11-21 06:00,8,7,1,0,0,0
2022-11-21 06:15,37,21,16,0,0,0
2022-11-21 06:30,51,28,23,0,0,0
2022-11-21 06:45,68,40,28,0,0,0
2022-11-21 07:00,80,53,27,0,0,0
2022-11-21 07:15,149,109,40,0,0,0
2022-11-21 07:30,308,262,46,0,0,0
2022-11-21 07:45,238,169,69,0,0,0
2022-11-21 08:00,156,109,47,0,0,0
2022-11-21 08:15,125,93,32,0,0,0
2022-11-21 08:30,144,110,34,0,0,0
2022-11-21 08:45,147,115,32,0,0,0
2022-11-21 09:00,96,66,30,0,0,0
2022-11-21 09:15,81,61,20,0,0,0
2022-11-21 09:30,109,87,22,0,0,0
2022-11-21 09:45,172,137,35,0,0,0
2022-11-21 10:00,112,75,37,0,0,0
2022-11-21 10:15,90,57,33,0,0,0
2022-11-21 10:30,75,48,27,0,0,0
2022-11-21 10:45,83,63,20,0,0,0
2022-11-21 11:00,93,62,31,0,0,0
2022-11-21 11:15,83,56,27,0,0,0
2022-11-21 11:30,90,55,35,0,0,0
2022-11-21 11:45,137,89,48,0,0,0
2022-11-21 12:00,120,73,47,0,0,0
2022-11-21 12:15,103,48,55,0,0,0
2022-11-21 12:30,107,52,55,0,0,0
2022-11-21 12:45,101,56,45,0,0,0
2022-11-21 13:00,133,58,75,0,0,0
2022-11-21 13:15,114,48,66,0,0,0
2022-11-21 13:30,107,64,43,0,0,0
2022-11-21 13:45,150,81,69,0,0,0
2022-11-21 14:00,139,67,72,0,0,0
2022-11-21 14:15,119,63,56,0,0,0
2022-11-21 14:30,112,60,52,0,0,0
2022-11-21 14:45,116,51,65,0,0,0
2022-11-21 15:00,148,74,74,0,0,0
2022-11-21 15:15,132,74,58,0,0,0
2022-11-21 15:30,171,86,85,0,0,0
2022-11-21 15:45,217,126,91,0,0,0
2022-11-21 16:00,237,111,126,0,0,0
2022-11-21 16:15,187,92,95,0,0,0
2022-11-21 16:30,197,97,100,0,0,0
2022-11-21 16:45,184,99,85,0,0,0
2022-11-21 17:00,164,72,92,0,0,0
2022-11-21 17:15,155,74,81,0,0,0
2022-11-21 17:30,195,83,112,0,0,0
2022-11-21 17:45,201,102,99,0,0,0
2022-11-21 18:00,177,75,102,0,0,0
2022-11-21 18:15,181,95,86,0,0,0
2022-11-21 18:30,107,47,60,0,0,0
2022-11-21 18:45,150,68,82,0,0,0
2022-11-21 19:00,109,48,61,0,0,0
2022-11-21 19:15,130,45,85,0,0,0
2022-11-21 19:30,99,44,55,0,0,0
2022-11-21 19:45,125,40,85,0,0,0
2022-11-21 20:00,88,20,68,0,0,0
2022-11-21 20:15,97,26,71,0,0,0
2022-11-21 20:30,74,20,54,0,0,0
2022-11-21 20:45,62,11,51,0,0,0
2022-11-21 21:00,52,16,36,0,0,0
2022-11-21 21:15,58,28,30,0,0,0
2022-11-21 21:30,61,21,40,0,0,0
2022-11-21 21:45,38,12,26,0,0,0
2022-11-21 22:00,46,16,30,0,0,0
2022-11-21 22:15,40,15,25,0,0,0
2022-11-21 22:30,37,20,17,0,0,0
2022-11-21 22:45,44,28,16,0,0,0
2022-11-21 23:00,34,15,19,0,0,0
2022-11-21 23:15,25,13,12,0,0,0
2022-11-21 23:30,12,3,9,0,0,0
2022-11-21 23:45,7,1,6,0,0,0
2022-11-22 00:00,9,3,6,0,0,0
2022-11-22 00:15,7,3,4,0,0,0
2022-11-22 00:30,4,1,3,0,0,0
2022-11-22 00:45,3,0,3,0,0,0
2022-11-22 01:00,3,1,2,0,0,0
2022-11-22 01:15,3,2,1,0,0,0
2022-11-22 01:30,1,0,1,0,0,0
2022-11-22 01:45,3,2,1,0,0,0
2022-11-22 02:00,2,1,1,0,0,0
2022-11-22 02:15,0,0,0,0,0,0
2022-11-22 02:30,0,0,0,0,0,0
2022-11-22 02:45,0,0,0,0,0,0
2022-11-22 03:00,1,0,1,0,0,0
2022-11-22 03:15,0,0,0,0,0,0
2022-11-22 03:30,0,0,0,0,0,0
2022-11-22 03:45,0,0,0,0,0,0
2022-11-22 04:00,0,0,0,0,0,0
2022-11-22 04:15,1,1,0,0,0,0
2022-11-22 04:30,1,0,1,0,0,0
2022-11-22 04:45,2,1,1,0,0,0
2022-11-22 05:00,2,2,0,0,0,0
2022-11-22 05:15,7,4,3,0,0,0
2022-11-22 05:30,12,8,4,0,0,0
2022-11-22 05:45,23,11,12,0,0,0
2022-11-22 06:00,18,9,9,0,0,0
2022-11-22 06:15,37,21,16,0,0,0
2022-11-22 06:30,66,39,27,0,0,0
2022-11-22 06:45,74,39,35,0,0,0
2022-11-22 07:00,108,67,41,0,0,0
2022-11-22 07:15,189,124,65,0,0,0
2022-11-22 07:30,334,279,55,0,0,0
2022-11-22 07:45,295,212,83,0,0,0
2022-11-22 08:00,198,150,48,0,0,0
2022-11-22 08:15,169,124,45,0,0,0
2022-11-22 08:30,146,111,35,0,0,0
2022-11-22 08:45,181,138,43,0,0,0
2022-11-22 09:00,130,96,34,0,0,0
2022-11-22 09:15,118,90,28,0,0,0
2022-11-22 09:30,111,82,29,0,0,0
2022-11-22 09:45,185,148,37,0,0,0
2022-11-22 10:00,106,81,25,0,0,0
2022-11-22 10:15,106,71,35,0,0,0
2022-11-22 10:30,98,69,29,0,0,0
2022-11-22 10:45,106,65,41,0,0,0
2022-11-22 11:00,100,66,34,0,0,0
2022-11-22 11:15,111,66,45,0,0,0
2022-11-22 11:30,133,78,55,0,0,0
2022-11-22 11:45,178,106,72,0,0,0
2022-11-22 12:00,149,71,78,0,0,0
2022-11-22 12:15,149,69,80,0,0,0
2022-11-22 12:30,148,65,83,0,0,0
2022-11-22 12:45,151,63,88,0,0,0
2022-11-22 13:00,161,72,89,0,0,0
2022-11-22 13:15,129,57,72,0,0,0
2022-11-22 13:30,132,64,68,0,0,0
2022-11-22 13:45,204,104,100,0,0,0
2022-11-22 14:00,188,78,110,0,0,0
2022-11-22 14:15,170,86,84,0,0,0
2022-11-22 14:30,163,83,80,0,0,0
2022-11-22 14:45,175,98,77,0,0,0
2022-11-22 15:00,162,72,90,0,0,0
2022-11-22 15:15,172,99,73,0,0,0
2022-11-22 15:30,168,91,77,0,0,0
2022-11-22 15:45,232,116,116,0,0,0
2022-11-22 16:00,217,110,107,0,0,0
2022-11-22 16:15,219,107,112,0,0,0
2022-11-22 16:30,210,104,106,0,0,0
2022-11-22 16:45,223,123,100,0,0,0
2022-11-22 17:00,199,88,111,0,0,0
2022-11-22 17:15,179,93,86,0,0,0
2022-11-22 17:30,188,89,99,0,0,0
2022-11-22 17:45,235,109,126,0,0,0
2022-11-22 18:00,219,100,119,0,0,0
2022-11-22 18:15,185,91,94,0,0,0
2022-11-22 18:30,165,79,86,0,0,0
2022-11-22 18:45,165,68,97,0,0,0
2022-11-22 19:00,102,47,55,0,0,0
2022-11-22 19:15,173,78,95,0,0,0
2022-11-22 19:30,103,37,66,0,0,0
2022-11-22 19:45,142,47,95,0,0,0
2022-11-22 20:00,103,22,81,0,0,0
2022-11-22 20:15,123,32,91,0,0,0
2022-11-22 20:30,82,20,62,0,0,0
2022-11-22 20:45,67,21,46,0,0,0
2022-11-22 21:00,61,20,41,0,0,0
2022-11-22 21:15,48,19,29,0,0,0
2022-11-22 21:30,65,28,37,0,0,0
2022-11-22 21:45,47,19,28,0,0,0
2022-11-22 22:00,59,23,36,0,0,0
2022-11-22 22:15,56,16,40,0,0,0
2022-11-22 22:30,52,14,38,0,0,0
2022-11-22 22:45,30,15,15,0,0,0
2022-11-22 23:00,32,11,21,0,0,0
2022-11-22 23:15,30,12,18,0,0,0
2022-11-22 23:30,26,12,14,0,0,0
2022-11-22 23:45,15,8,7,0,0,0
2022-11-23 00:00,20,3,17,0,0,0
2022-11-23 00:15,4,1,3,0,0,0
2022-11-23 00:30,7,2,5,0,0,0
2022-11-23 00:45,7,1,6,0,0,0
2022-11-23 01:00,6,1,5,0,0,0
2022-11-23 01:15,7,3,4,0,0,0
2022-11-23 01:30,4,1,3,0,0,0
2022-11-23 01:45,1,1,0,0,0,0
2022-11-23 02:00,6,0,6,0,0,0
2022-11-23 02:15,2,0,2,0,0,0
2022-11-23 02:30,0,0,0,0,0,0
2022-11-23 02:45,1,0,1,0,0,0
2022-11-23 03:00,0,0,0,0,0,0
2022-11-23 03:15,1,0,1,0,0,0
2022-11-23 03:30,1,0,1,0,0,0
2022-11-23 03:45,1,0,1,0,0,0
2022-11-23 04:00,1,0,1,0,0,0
2022-11-23 04:15,3,2,1,0,0,0
2022-11-23 04:30,2,1,1,0,0,0
2022-11-23 04:45,4,2,2,0,0,0
2022-11-23 05:00,2,2,0,0,0,0
2022-11-23 05:15,2,2,0,0,0,0
2022-11-23 05:30,14,10,4,0,0,0
2022-11-23 05:45,22,9,13,0,0,0
2022-11-23 06:00,12,9,3,0,0,0
2022-11-23 06:15,38,14,24,0,0,0
2022-11-23 06:30,50,30,20,0,0,0
2022-11-23 06:45,58,33,25,0,0,0
2022-11-23 07:00,92,61,31,0,0,0
2022-11-23 07:15,176,124,52,0,0,0
2022-11-23 07:30,313,256,57,0,0,0
2022-11-23 07:45,285,192,93,0,0,0
2022-11-23 08:00,201,155,46,0,0,0
2022-11-23 08:15,198,144,54,0,0,0
2022-11-23 08:30,155,111,44,0,0,0
2022-11-23 08:45,204,165,39,0,0,0
2022-11-23 09:00,130,95,35,0,0,0
2022-11-23 09:15,167,135,32,0,0,0
2022-11-23 09:30,156,112,44,0,0,0
2022-11-23 09:45,214,177,37,0,0,0
2022-11-23 10:00,164,129,35,0,0,0
2022-11-23 10:15,130,93,37,0,0,0
2022-11-23 10:30,142,99,43,0,0,0
2022-11-23 10:45,140,87,53,0,0,0
2022-11-23 11:00,110,59,51,0,0,0
2022-11-23 11:15,123,67,56,0,0,0
2022-11-23 11:30,166,101,65,0,0,0
2022-11-23 11:45,181,105,76,0,0,0
2022-11-23 12:00,169,86,83,0,0,0
2022-11-23 12:15,149,79,70,0,0,0
2022-11-23 12:30,188,84,104,0,0,0
2022-11-23 12:45,142,75,67,0,0,0
2022-11-23 13:00,177,70,107,0,0,0
2022-11-23 13:15,167,76,91,0,0,0
2022-11-23 13:30,147,72,75,0,0,0
2022-11-23 13:45,206,90,116,0,0,0
2022-11-23 14:00,182,76,106,0,0,0
2022-11-23 14:15,156,76,80,0,0,0
2022-11-23 14:30,124,61,63,0,0,0
2022-11-23 14:45,158,79,79,0,0,0
2022-11-23 15:00,156,77,79,0,0,0
2022-11-23 15:15,154,77,77,0,0,0
2022-11-23 15:30,143,69,74,0,0,0
2022-11-23 15:45,203,97,106,0,0,0
2022-11-23 16:00,216,119,97,0,0,0
2022-11-23 16:15,176,85,91,0,0,0
2022-11-23 16:30,178,87,91,0,0,0
2022-11-23 16:45,239,108,131,0,0,0
2022-11-23 17:00,195,93,102,0,0,0
2022-11-23 17:15,194,81,113,0,0,0
2022-11-23 17:30,162,78,84,0,0,0
2022-11-23 17:45,213,100,113,0,0,0
2022-11-23 18:00,197,95,102,0,0,0
2022-11-23 18:15,169,78,91,0,0,0
2022-11-23 18:30,144,55,89,0,0,0
2022-11-23 18:45,135,62,73,0,0,0
2022-11-23 19:00,143,60,83,0,0,0
2022-11-23 19:15,123,58,65,0,0,0
2022-11-23 19:30,91,28,63,0,0,0
2022-11-23 19:45,118,39,79,0,0,0
2022-11-23 20:00,125,45,80,0,0,0
2022-11-23 20:15,90,30,60,0,0,0
2022-11-23 20:30,67,23,44,0,0,0
2022-11-23 20:45,56,24,32,0,0,0
2022-11-23 21:00,66,31,35,0,0,0
2022-11-23 21:15,47,22,25,0,0,0
2022-11-23 21:30,59,31,28,0,0,0
2022-11-23 21:45,76,33,43,0,0,0
2022-11-23 22:00,72,28,44,0,0,0
2022-11-23 22:15,59,27,32,0,0,0
2022-11-23 22:30,44,12,32,0,0,0
2022-11-23 22:45,37,12,25,0,0,0
2022-11-23 23:00,33,11,22,0,0,0
2022-11-23 23:15,44,19,25,0,0,0
2022-11-23 23:30,17,5,12,0,0,0
2022-11-23 23:45,34,27,7,0,0,0
2022-11-24 00:00,26,10,16,0,0,0
2022-11-24 00:15,18,9,9,0,0,0
2022-11-24 00:30,20,9,11,0,0,0
2022-11-24 00:45,15,9,6,0,0,0
2022-11-24 01:00,11,1,10,0,0,0
2022-11-24 01:15,10,1,9,0,0,0
2022-11-24 01:30,9,1,8,0,0,0
2022-11-24 01:45,8,2,6,0,0,0
2022-11-24 02:00,12,0,12,0,0,0
2022-11-24 02:15,8,0,8,0,0,0
2022-11-24 02:30,5,0,5,0,0,0
2022-11-24 02:45,3,0,3,0,0,0
2022-11-24 03:00,6,3,3,0,0,0
2022-11-24 03:15,3,0,3,0,0,0
2022-11-24 03:30,2,0,2,0,0,0
2022-11-24 03:45,3,1,2,0,0,0
2022-11-24 04:00,0,0,0,0,0,0
2022-11-24 04:15,4,1,3,0,0,0
2022-11-24 04:30,3,2,1,0,0,0
2022-11-24 04:45,2,1,1,0,0,0
2022-11-24 05:00,2,2,0,0,0,0
2022-11-24 05:15,5,4,1,0,0,0
2022-11-24 05:30,15,12,3,0,0,0
2022-11-24 05:45,22,9,13,0,0,0
2022-11-24 06:00,18,10,8,0,0,0
2022-11-24 06:15,37,17,20,0,0,0
2022-11-24 06:30,58,33,25,0,0,0
2022-11-24 06:45,73,40,33,0,0,0
2022-11-24 07:00,102,77,25,0,0,0
2022-11-24 07:15,155,112,43,0,0,0
2022-11-24 07:30,310,255,55,0,0,0
2022-11-24 07:45,288,196,92,0,0,0
2022-11-24 08:00,182,135,47,0,0,0
2022-11-24 08:15,183,143,40,0,0,0
2022-11-24 08:30,148,107,41,0,0,0
2022-11-24 08:45,169,129,40,0,0,0
2022-11-24 09:00,100,66,34,0,0,0
2022-11-24 09:15,113,83,30,0,0,0
2022-11-24 09:30,104,69,35,0,0,0
2022-11-24 09:45,174,139,35,0,0,0
2022-11-24 10:00,105,78,27,0,0,0
2022-11-24 10:15,78,54,24,0,0,0
2022-11-24 10:30,84,57,27,0,0,0
2022-11-24 10:45,93,63,30,0,0,0
2022-11-24 11:00,81,55,26,0,0,0
2022-11-24 11:15,84,51,33,0,0,0
2022-11-24 11:30,101,71,30,0,0,0
2022-11-24 11:45,128,91,37,0,0,0
2022-11-24 12:00,161,99,62,0,0,0
2022-11-24 12:15,102,52,50,0,0,0
2022-11-24 12:30,112,60,52,0,0,0
2022-11-24 12:45,131,73,58,0,0,0
2022-11-24 13:00,156,68,88,0,0,0
2022-11-24 13:15,153,61,92,0,0,0
2022-11-24 13:30,119,67,52,0,0,0
2022-11-24 13:45,167,86,81,0,0,0
2022-11-24 14:00,180,68,112,0,0,0
2022-11-24 14:15,129,54,75,0,0,0
2022-11-24 14:30,153,98,55,0,0,0
2022-11-24 14:45,158,87,71,0,0,0
2022-11-24 15:00,157,73,84,0,0,0
2022-11-24 15:15,186,105,81,0,0,0
2022-11-24 15:30,204,118,86,0,0,0
2022-11-24 15:45,230,119,111,0,0,0
2022-11-24 16:00,196,99,97,0,0,0
2022-11-24 16:15,222,120,102,0,0,0
2022-11-24 16:30,227,114,113,0,0,0
2022-11-24 16:45,225,120,105,0,0,0
2022-11-24 17:00,203,106,97,0,0,0
2022-11-24 17:15,218,107,111,0,0,0
2022-11-24 17:30,186,93,93,0,0,0
2022-11-24 17:45,223,119,104,0,0,0
2022-11-24 18:00,209,97,112,0,0,0
2022-11-24 18:15,178,83,95,0,0,0
2022-11-24 18:30,148,74,74,0,0,0
2022-11-24 18:45,154,71,83,0,0,0
2022-11-24 19:00,169,67,102,0,0,0
2022-11-24 19:15,140,66,74,0,0,0
2022-11-24 19:30,119,37,82,0,0,0
2022-11-24 19:45,147,67,80,0,0,0
2022-11-24 20:00,102,29,73,0,0,0
2022-11-24 20:15,101,25,76,0,0,0
2022-11-24 20:30,81,22,59,0,0,0
2022-11-24 20:45,60,22,38,0,0,0
2022-11-24 21:00,50,21,29,0,0,0
2022-11-24 21:15,58,21,37,0,0,0
2022-11-24 21:30,57,19,38,0,0,0
2022-11-24 21:45,78,27,51,0,0,0
2022-11-24 22:00,62,26,36,0,0,0
2022-11-24 22:15,55,19,36,0,0,0
2022-11-24 22:30,74,16,58,0,0,0
2022-11-24 22:45,52,21,31,0,0,0
2022-11-24 23:00,28,15,13,0,0,0
2022-11-24 23:15,31,13,18,0,0,0
2022-11-24 23:30,27,14,13,0,0,0
2022-11-24 23:45,19,10,9,0,0,0
2022-11-25 00:00,26,6,20,0,0,0
2022-11-25 00:15,13,1,12,0,0,0
2022-11-25 00:30,10,2,8,0,0,0
2022-11-25 00:45,10,4,6,0,0,0
2022-11-25 01:00,10,5,5,0,0,0
2022-11-25 01:15,7,4,3,0,0,0
2022-11-25 01:30,4,2,2,0,0,0
2022-11-25 01:45,8,4,4,0,0,0
2022-11-25 02:00,1,0,1,0,0,0
2022-11-25 02:15,3,2,1,0,0,0
2022-11-25 02:30,3,0,3,0,0,0
2022-11-25 02:45,8,0,8,0,0,0
2022-11-25 03:00,0,0,0,0,0,0
2022-11-25 03:15,1,0,1,0,0,0
2022-11-25 03:30,1,0,1,0,0,0
2022-11-25 03:45,1,1,0,0,0,0
2022-11-25 04:00,0,0,0,0,0,0
2022-11-25 04:15,1,1,0,0,0,0
2022-11-25 04:30,1,0,1,0,0,0
2022-11-25 04:45,2,1,1,0,0,0
2022-11-25 05:00,3,0,3,0,0,0
2022-11-25 05:15,4,4,0,0,0,0
2022-11-25 05:30,12,10,2,0,0,0
2022-11-25 05:45,13,4,9,0,0,0
2022-11-25 06:00,14,9,5,0,0,0
2022-11-25 06:15,31,16,15,0,0,0
2022-11-25 06:30,40,21,19,0,0,0
2022-11-25 06:45,53,28,25,0,0,0
2022-11-25 07:00,86,61,25,0,0,0
2022-11-25 07:15,161,111,50,0,0,0
2022-11-25 07:30,308,264,44,0,0,0
2022-11-25 07:45,229,151,78,0,0,0
2022-11-25 08:00,122,85,37,0,0,0
2022-11-25 08:15,132,104,28,0,0,0
2022-11-25 08:30,129,100,29,0,0,0
2022-11-25 08:45,133,101,32,0,0,0
2022-11-25 09:00,117,89,28,0,0,0
2022-11-25 09:15,108,76,32,0,0,0
2022-11-25 09:30,125,95,30,0,0,0
2022-11-25 09:45,178,142,36,0,0,0
2022-11-25 10:00,113,83,30,0,0,0
2022-11-25 10:15,115,77,38,0,0,0
2022-11-25 10:30,112,67,45,0,0,0
2022-11-25 10:45,131,80,51,0,0,0
2022-11-25 11:00,138,98,40,0,0,0
2022-11-25 11:15,114,68,46,0,0,0
2022-11-25 11:30,160,95,65,0,0,0
2022-11-25 11:45,174,103,71,0,0,0
2022-11-25 12:00,146,83,63,0,0,0
2022-11-25 12:15,133,63,70,0,0,0
2022-11-25 12:30,160,85,75,0,0,0
2022-11-25 12:45,178,100,78,0,0,0
2022-11-25 13:00,191,92,99,0,0,0
2022-11-25 13:15,179,70,109,0,0,0
2022-11-25 13:30,175,85,90,0,0,0
2022-11-25 13:45,195,108,87,0,0,0
2022-11-25 14:00,203,86,117,0,0,0
2022-11-25 14:15,156,82,74,0,0,0
2022-11-25 14:30,151,80,71,0,0,0
2022-11-25 14:45,189,96,93,0,0,0
2022-11-25 15:00,164,81,83,0,0,0
2022-11-25 15:15,191,111,80,0,0,0
2022-11-25 15:30,167,94,73,0,0,0
2022-11-25 15:45,192,113,79,0,0,0
2022-11-25 16:00,177,99,78,0,0,0
2022-11-25 16:15,167,83,84,0,0,0
2022-11-25 16:30,169,86,83,0,0,0
2022-11-25 16:45,190,104,86,0,0,0
2022-11-25 17:00,170,80,90,0,0,0
2022-11-25 17:15,163,83,80,0,0,0
2022-11-25 17:30,164,94,70,0,0,0
2022-11-25 17:45,152,78,74,0,0,0
2022-11-25 18:00,149,76,73,0,0,0
2022-11-25 18:15,180,92,88,0,0,0
2022-11-25 18:30,139,68,71,0,0,0
2022-11-25 18:45,150,87,63,0,0,0
2022-11-25 19:00,122,61,61,0,0,0
2022-11-25 19:15,115,60,55,0,0,0
2022-11-25 19:30,97,48,49,0,0,0
2022-11-25 19:45,107,52,55,0,0,0
2022-11-25 20:00,113,39,74,0,0,0
2022-11-25 20:15,86,35,51,0,0,0
2022-11-25 20:30,75,32,43,0,0,0
2022-11-25 20:45,66,25,41,0,0,0
2022-11-25 21:00,75,21,54,0,0,0
2022-11-25 21:15,76,28,48,0,0,0
2022-11-25 21:30,55,9,46,0,0,0
2022-11-25 21:45,39,17,22,0,0,0
2022-11-25 22:00,59,20,39,0,0,0
2022-11-25 22:15,55,33,22,0,0,0
2022-11-25 22:30,41,15,26,0,0,0
2022-11-25 22:45,34,9,25,0,0,0
2022-11-25 23:00,39,11,28,0,0,0
2022-11-25 23:15,35,18,17,0,0,0
2022-11-25 23:30,42,13,29,0,0,0
2022-11-25 23:45,27,11,16,0,0,0
2022-11-26 00:00,37,17,20,0,0,0
2022-11-26 00:15,52,21,31,0,0,0
2022-11-26 00:30,40,18,22,0,0,0
2022-11-26 00:45,33,10,23,0,0,0
2022-11-26 01:00,28,10,18,0,0,0
2022-11-26 01:15,30,10,20,0,0,0
2022-11-26 01:30,28,15,13,0,0,0
2022-11-26 01:45,25,7,18,0,0,0
2022-11-26 02:00,16,11,5,0,0,0
2022-11-26 02:15,28,10,18,0,0,0
2022-11-26 02:30,17,7,10,0,0,0
2022-11-26 02:45,21,13,8,0,0,0
2022-11-26 03:00,10,1,9,0,0,0
2022-11-26 03:15,19,6,13,0,0,0
2022-11-26 03:30,15,6,9,0,0,0
2022-11-26 03:45,4,0,4,0,0,0
2022-11-26 04:00,4,1,3,0,0,0
2022-11-26 04:15,4,1,3,0,0,0
2022-11-26 04:30,5,1,4,0,0,0
2022-11-26 04:45,4,0,4,0,0,0
2022-11-26 05:00,1,0,1,0,0,0
2022-11-26 05:15,4,2,2,0,0,0
2022-11-26 05:30,12,7,5,0,0,0
2022-11-26 05:45,16,5,11,0,0,0
2022-11-26 06:00,11,4,7,0,0,0
2022-11-26 06:15,11,8,3,0,0,0
2022-11-26 06:30,5,3,2,0,0,0
2022-11-26 06:45,17,7,10,0,0,0
2022-11-26 07:00,9,8,1,0,0,0
2022-11-26 07:15,18,8,10,0,0,0
2022-11-26 07:30,25,13,12,0,0,0
2022-11-26 07:45,29,19,10,0,0,0
2022-11-26 08:00,24,14,10,0,0,0
2022-11-26 08:15,39,28,11,0,0,0
2022-11-26 08:30,48,31,17,0,0,0
2022-11-26 08:45,65,50,15,0,0,0
2022-11-26 09:00,63,49,14,0,0,0
2022-11-26 09:15,69,49,20,0,0,0
2022-11-26 09:30,125,94,31,0,0,0
2022-11-26 09:45,114,89,25,0,0,0
2022-11-26 10:00,96,73,23,0,0,0
2022-11-26 10:15,119,89,30,0,0,0
2022-11-26 10:30,129,102,27,0,0,0
2022-11-26 10:45,157,117,40,0,0,0
2022-11-26 11:00,127,87,40,0,0,0
2022-11-26 11:15,163,107,56,0,0,0
2022-11-26 11:30,153,112,41,0,0,0
2022-11-26 11:45,186,123,63,0,0,0
2022-11-26 12:00,135,79,56,0,0,0
2022-11-26 12:15,175,119,56,0,0,0
2022-11-26 12:30,191,113,78,0,0,0
2022-11-26 12:45,153,99,54,0,0,0
2022-11-26 13:00,158,81,77,0,0,0
2022-11-26 13:15,162,99,63,0,0,0
2022-11-26 13:30,158,99,59,0,0,0
2022-11-26 13:45,187,95,92,0,0,0
2022-11-26 14:00,169,80,89,0,0,0
2022-11-26 14:15,155,74,81,0,0,0
2022-11-26 14:30,158,58,100,0,0,0
2022-11-26 14:45,165,79,86,0,0,0
2022-11-26 15:00,138,66,72,0,0,0
2022-11-26 15:15,138,70,68,0,0,0
2022-11-26 15:30,158,72,86,0,0,0
2022-11-26 15:45,127,76,51,0,0,0
2022-11-26 16:00,118,62,56,0,0,0
2022-11-26 16:15,109,48,61,0,0,0
2022-11-26 16:30,109,51,58,0,0,0
2022-11-26 16:45,120,77,43,0,0,0
2022-11-26 17:00,140,85,55,0,0,0
2022-11-26 17:15,133,61,72,0,0,0
2022-11-26 17:30,107,65,42,0,0,0
2022-11-26 17:45,130,82,48,0,0,0
2022-11-26 18:00,110,50,60,0,0,0
2022-11-26 18:15,110,57,53,0,0,0
2022-11-26 18:30,79,37,42,0,0,0
2022-11-26 18:45,113,69,44,0,0,0
2022-11-26 19:00,126,70,56,0,0,0
2022-11-26 19:15,108,46,62,0,0,0
2022-11-26 19:30,117,41,76,0,0,0
2022-11-26 19:45,96,31,65,0,0,0
2022-11-26 20:00,69,31,38,0,0,0
2022-11-26 20:15,64,27,37,0,0,0
2022-11-26 20:30,54,20,34,0,0,0
2022-11-26 20:45,51,13,38,0,0,0
2022-11-26 21:00,57,17,40,0,0,0
2022-11-26 21:15,60,13,47,0,0,0
2022-11-26 21:30,57,13,44,0,0,0
2022-11-26 21:45,61,27,34,0,0,0
2022-11-26 22:00,59,24,35,0,0,0
2022-11-26 22:15,52,22,30,0,0,0
2022-11-26 22:30,45,25,20,0,0,0
2022-11-26 22:45,46,19,27,0,0,0
2022-11-26 23:00,51,24,27,0,0,0
2022-11-26 23:15,56,8,48,0,0,0
2022-11-26 23:30,28,11,17,0,0,0
2022-11-26 23:45,34,12,22,0,0,0
2022-11-27 00:00,37,18,19,0,0,0
2022-11-27 00:15,34,16,18,0,0,0
2022-11-27 00:30,23,7,16,0,0,0
2022-11-27 00:45,26,8,18,0,0,0
2022-11-27 01:00,28,17,11,0,0,0
2022-11-27 01:15,30,11,19,0,0,0
2022-11-27 01:30,23,18,5,0,0,0
2022-11-27 01:45,24,9,15,0,0,0
2022-11-27 02:00,19,6,13,0,0,0
2022-11-27 02:15,18,5,13,0,0,0
2022-11-27 02:30,20,7,13,0,0,0
2022-11-27 02:45,17,4,13,0,0,0
2022-11-27 03:00,19,9,10,0,0,0
2022-11-27 03:15,10,4,6,0,0,0
2022-11-27 03:30,10,7,3,0,0,0
2022-11-27 03:45,13,4,9,0,0,0
2022-11-27 04:00,2,0,2,0,0,0
2022-11-27 04:15,5,0,5,0,0,0
2022-11-27 04:30,1,0,1,0,0,0
2022-11-27 04:45,5,3,2,0,0,0
2022-11-27 05:00,4,1,3,0,0,0
2022-11-27 05:15,4,3,1,0,0,0
2022-11-27 05:30,7,3,4,0,0,0
2022-11-27 05:45,10,2,8,0,0,0
2022-11-27 06:00,8,3,5,0,0,0
2022-11-27 06:15,7,3,4,0,0,0
2022-11-27 06:30,11,8,3,0,0,0
2022-11-27 06:45,7,2,5,0,0,0
2022-11-27 07:00,5,2,3,0,0,0
2022-11-27 07:15,5,3,2,0,0,0
2022-11-27 07:30,8,4,4,0,0,0
2022-11-27 07:45,4,2,2,0,0,0
2022-11-27 08:00,10,7,3,0,0,0
2022-11-27 08:15,10,7,3,0,0,0
2022-11-27 08:30,13,11,2,0,0,0
2022-11-27 08:45,17,12,5,0,0,0
2022-11-27 09:00,10,7,3,0,0,0
2022-11-27 09:15,16,10,6,0,0,0
2022-11-27 09:30,34,23,11,0,0,0
2022-11-27 09:45,42,39,3,0,0,0
2022-11-27 10:00,39,27,12,0,0,0
2022-11-27 10:15,55,33,22,0,0,0
2022-11-27 10:30,55,44,11,0,0,0
2022-11-27 10:45,58,34,24,0,0,0
2022-11-27 11:00,57,31,26,0,0,0
2022-11-27 11:15,47,34,13,0,0,0
2022-11-27 11:30,68,46,22,0,0,0
2022-11-27 11:45,54,39,15,0,0,0
2022-11-27 12:00,51,40,11,0,0,0
2022-11-27 12:15,60,30,30,0,0,0
2022-11-27 12:30,63,42,21,0,0,0
2022-11-27 12:45,54,31,23,0,0,0
2022-11-27 13:00,74,44,30,0,0,0
2022-11-27 13:15,62,33,29,0,0,0
2022-11-27 13:30,58,41,17,0,0,0
2022-11-27 13:45,90,49,41,0,0,0
2022-11-27 14:00,72,34,38,0,0,0
2022-11-27 14:15,59,32,27,0,0,0
2022-11-27 14:30,69,36,33,0,0,0
2022-11-27 14:45,57,32,25,0,0,0
2022-11-27 15:00,59,35,24,0,0,0
2022-11-27 15:15,62,37,25,0,0,0
2022-11-27 15:30,67,31,36,0,0,0
2022-11-27 15:45,85,56,29,0,0,0
2022-11-27 16:00,68,32,36,0,0,0
2022-11-27 16:15,63,36,27,0,0,0
2022-11-27 16:30,61,36,25,0,0,0
2022-11-27 16:45,66,33,33,0,0,0
2022-11-27 17:00,51,31,20,0,0,0
2022-11-27 17:15,54,26,28,0,0,0
2022-11-27 17:30,62,35,27,0,0,0
2022-11-27 17:45,79,38,41,0,0,0
2022-11-27 18:00,68,33,35,0,0,0
2022-11-27 18:15,55,23,32,0,0,0
2022-11-27 18:30,59,31,28,0,0,0
2022-11-27 18:45,62,29,33,0,0,0
2022-11-27 19:00,64,30,34,0,0,0
2022-11-27 19:15,53,21,32,0,0,0
2022-11-27 19:30,77,32,45,0,0,0
2022-11-27 19:45,54,22,32,0,0,0
2022-11-27 20:00,44,17,27,0,0,0
2022-11-27 20:15,32,7,25,0,0,0
2022-11-27 20:30,22,10,12,0,0,0
2022-11-27 20:45,23,12,11,0,0,0
2022-11-27 21:00,30,13,17,0,0,0
2022-11-27 21:15,23,11,12,0,0,0
2022-11-27 21:30,15,5,10,0,0,0
2022-11-27 21:45,24,8,16,0,0,0
2022-11-27 22:00,28,13,15,0,0,0
2022-11-27 22:15,40,15,25,0,0,0
2022-11-27 22:30,22,10,12,0,0,0
2022-11-27 22:45,29,9,20,0,0,0
2022-11-27 23:00,21,10,11,0,0,0
2022-11-27 23:15,12,5,7,0,0,0
2022-11-27 23:30,10,5,5,0,0,0
2022-11-27 23:45,12,2,10,0,0,0
2022-11-28 00:00,4,2,2,0,0,0
2022-11-28 00:15,7,4,3,0,0,0
2022-11-28 00:30,1,1,0,0,0,0
2022-11-28 00:45,5,2,3,0,0,0
2022-11-28 01:00,4,3,1,0,0,0
2022-11-28 01:15,0,0,0,0,0,0
2022-11-28 01:30,1,0,1,0,0,0
2022-11-28 01:45,1,1,0,0,0,0
2022-11-28 02:00,3,0,3,0,0,0
2022-11-28 02:15,0,0,0,0,0,0
2022-11-28 02:30,1,0,1,0,0,0
2022-11-28 02:45,0,0,0,0,0,0
2022-11-28 03:00,0,0,0,0,0,0
2022-11-28 03:15,0,0,0,0,0,0
2022-11-28 03:30,0,0,0,0,0,0
2022-11-28 03:45,0,0,0,0,0,0
2022-11-28 04:00,0,0,0,0,0,0
2022-11-28 04:15,1,1,0,0,0,0
2022-11-28 04:30,2,2,0,0,0,0
2022-11-28 04:45,2,1,1,0,0,0
2022-11-28 05:00,1,0,1,0,0,0
2022-11-28 05:15,5,4,1,0,0,0
2022-11-28 05:30,10,8,2,0,0,0
2022-11-28 05:45,24,12,12,0,0,0
2022-11-28 06:00,16,8,8,0,0,0
2022-11-28 06:15,20,9,11,0,0,0
2022-11-28 06:30,65,38,27,0,0,0
2022-11-28 06:45,64,42,22,0,0,0
2022-11-28 07:00,73,49,24,0,0,0
2022-11-28 07:15,156,111,45,0,0,0
2022-11-28 07:30,250,200,50,0,0,0
2022-11-28 07:45,273,188,85,0,0,0
2022-11-28 08:00,156,111,45,0,0,0
2022-11-28 08:15,147,106,41,0,0,0
2022-11-28 08:30,139,111,28,0,0,0
2022-11-28 08:45,146,101,45,0,0,0
2022-11-28 09:00,113,75,38,0,0,0
2022-11-28 09:15,107,78,29,0,0,0
2022-11-28 09:30,111,83,28,0,0,0
2022-11-28 09:45,146,132,14,0,0,0
2022-11-28 10:00,137,92,45,0,0,0
2022-11-28 10:15,83,67,16,0,0,0
2022-11-28 10:30,67,51,16,0,0,0
2022-11-28 10:45,108,79,29,0,0,0
2022-11-28 11:00,76,42,34,0,0,0
2022-11-28 11:15,106,67,39,0,0,0
2022-11-28 11:30,118,68,50,0,0,0
2022-11-28 11:45,147,100,47,0,0,0
2022-11-28 12:00,117,69,48,0,0,0
2022-11-28 12:15,151,81,70,0,0,0
2022-11-28 12:30,138,50,88,0,0,0
2022-11-28 12:45,109,47,62,0,0,0
2022-11-28 13:00,117,47,70,0,0,0
2022-11-28 13:15,108,45,63,0,0,0
2022-11-28 13:30,115,54,61,0,0,0
2022-11-28 13:45,139,85,54,0,0,0
2022-11-28 14:00,142,46,96,0,0,0
2022-11-28 14:15,117,66,51,0,0,0
2022-11-28 14:30,113,53,60,0,0,0
2022-11-28 14:45,124,65,59,0,0,0
2022-11-28 15:00,119,53,66,0,0,0
2022-11-28 15:15,123,67,56,0,0,0
2022-11-28 15:30,164,69,95,0,0,0
2022-11-28 15:45,196,109,87,0,0,0
2022-11-28 16:00,176,86,90,0,0,0
2022-11-28 16:15,167,77,90,0,0,0
2022-11-28 16:30,196,100,96,0,0,0
2022-11-28 16:45,159,90,69,0,0,0
2022-11-28 17:00,173,72,101,0,0,0
2022-11-28 17:15,163,68,95,0,0,0
2022-11-28 17:30,198,86,112,0,0,0
2022-11-28 17:45,174,90,84,0,0,0
2022-11-28 18:00,182,68,114,0,0,0
2022-11-28 18:15,157,64,93,0,0,0
2022-11-28 18:30,128,57,71,0,0,0
2022-11-28 18:45,124,50,74,0,0,0
2022-11-28 19:00,91,30,61,0,0,0
2022-11-28 19:15,102,51,51,0,0,0
2022-11-28 19:30,102,35,67,0,0,0
2022-11-28 19:45,107,40,67,0,0,0
2022-11-28 20:00,116,21,95,0,0,0
2022-11-28 20:15,70,21,49,0,0,0
2022-11-28 20:30,58,18,40,0,0,0
2022-11-28 20:45,52,11,41,0,0,0
2022-11-28 21:00,38,17,21,0,0,0
2022-11-28 21:15,38,14,24,0,0,0
2022-11-28 21:30,52,21,31,0,0,0
2022-11-28 21:45,46,24,22,0,0,0
2022-11-28 22:00,46,22,24,0,0,0
2022-11-28 22:15,50,23,27,0,0,0
2022-11-28 22:30,38,11,27,0,0,0
2022-11-28 22:45,31,18,13,0,0,0
2022-11-28 23:00,28,12,16,0,0,0
2022-11-28 23:15,27,10,17,0,0,0
2022-11-28 23:30,12,4,8,0,0,0
2022-11-28 23:45,9,2,7,0,0,0
2022-11-29 00:00,5,0,5,0,0,0
2022-11-29 00:15,10,3,7,0,0,0
2022-11-29 00:30,2,1,1,0,0,0
2022-11-29 00:45,0,0,0,0,0,0
2022-11-29 01:00,6,0,6,0,0,0
2022-11-29 01:15,0,0,0,0,0,0
2022-11-29 01:30,3,0,3,0,0,0
2022-11-29 01:45,0,0,0,0,0,0
2022-11-29 02:00,1,0,1,0,0,0
2022-11-29 02:15,0,0,0,0,0,0
2022-11-29 02:30,0,0,0,0,0,0
2022-11-29 02:45,2,0,2,0,0,0
2022-11-29 03:00,1,1,0,0,0,0
2022-11-29 03:15,1,0,1,0,0,0
2022-11-29 03:30,0,0,0,0,0,0
2022-11-29 03:45,0,0,0,0,0,0
2022-11-29 04:00,0,0,0,0,0,0
2022-11-29 04:15,0,0,0,0,0,0
2022-11-29 04:30,3,3,0,0,0,0
2022-11-29 04:45,1,0,1,0,0,0
2022-11-29 05:00,4,3,1,0,0,0
2022-11-29 05:15,2,2,0,0,0,0
2022-11-29 05:30,17,11,6,0,0,0
2022-11-29 05:45,25,10,15,0,0,0
2022-11-29 06:00,21,13,8,0,0,0
2022-11-29 06:15,45,26,19,0,0,0
2022-11-29 06:30,51,27,24,0,0,0
2022-11-29 06:45,71,44,27,0,0,0
2022-11-29 07:00,109,70,39,0,0,0
2022-11-29 07:15,170,114,56,0,0,0
2022-11-29 07:30,306,236,70,0,0,0
2022-11-29 07:45,312,233,79,0,0,0
2022-11-29 08:00,205,148,57,0,0,0
2022-11-29 08:15,192,134,58,0,0,0
2022-11-29 08:30,173,125,48,0,0,0
2022-11-29 08:45,170,125,45,0,0,0
2022-11-29 09:00,127,89,38,0,0,0
2022-11-29 09:15,115,85,30,0,0,0
2022-11-29 09:30,129,99,30,0,0,0
2022-11-29 09:45,164,118,46,0,0,0
2022-11-29 10:00,124,90,34,0,0,0
2022-11-29 10:15,104,80,24,0,0,0
2022-11-29 10:30,102,77,25,0,0,0
2022-11-29 10:45,87,54,33,0,0,0
2022-11-29 11:00,93,54,39,0,0,0
2022-11-29 11:15,105,65,40,0,0,0
2022-11-29 11:30,143,87,56,0,0,0
2022-11-29 11:45,166,97,69,0,0,0
2022-11-29 12:00,147,87,60,0,0,0
2022-11-29 12:15,136,67,69,0,0,0
2022-11-29 12:30,118,47,71,0,0,0
2022-11-29 12:45,126,55,71,0,0,0
2022-11-29 13:00,145,63,82,0,0,0
2022-11-29 13:15,143,71,72,0,0,0
2022-11-29 13:30,130,66,64,0,0,0
2022-11-29 13:45,188,91,97,0,0,0
2022-11-29 14:00,195,100,95,0,0,0
2022-11-29 14:15,139,74,65,0,0,0
2022-11-29 14:30,135,70,65,0,0,0
2022-11-29 14:45,179,101,78,0,0,0
2022-11-29 15:00,136,53,83,0,0,0
2022-11-29 15:15,143,76,67,0,0,0
2022-11-29 15:30,172,97,75,0,0,0
2022-11-29 15:45,222,119,103,0,0,0
2022-11-29 16:00,235,116,119,0,0,0
2022-11-29 16:15,198,102,96,0,0,0
2022-11-29 16:30,200,95,105,0,0,0
2022-11-29 16:45,229,120,109,0,0,0
2022-11-29 17:00,209,105,104,0,0,0
2022-11-29 17:15,185,85,100,0,0,0
2022-11-29 17:30,198,93,105,0,0,0
2022-11-29 17:45,223,100,123,0,0,0
2022-11-29 18:00,209,99,110,0,0,0
2022-11-29 18:15,172,84,88,0,0,0
2022-11-29 18:30,134,59,75,0,0,0
2022-11-29 18:45,146,63,83,0,0,0
2022-11-29 19:00,138,73,65,0,0,0
2022-11-29 19:15,110,46,64,0,0,0
2022-11-29 19:30,108,49,59,0,0,0
2022-11-29 19:45,119,29,90,0,0,0
2022-11-29 20:00,149,37,112,0,0,0
2022-11-29 20:15,84,35,49,0,0,0
2022-11-29 20:30,65,16,49,0,0,0
2022-11-29 20:45,46,15,31,0,0,0
2022-11-29 21:00,54,15,39,0,0,0
2022-11-29 21:15,62,21,41,0,0,0
2022-11-29 21:30,52,19,33,0,0,0
2022-11-29 21:45,67,28,39,0,0,0
2022-11-29 22:00,42,12,30,0,0,0
2022-11-29 22:15,68,27,41,0,0,0
2022-11-29 22:30,66,27,39,0,0,0
2022-11-29 22:45,84,43,41,0,0,0
2022-11-29 23:00,48,30,18,0,0,0
2022-11-29 23:15,21,10,11,0,0,0
2022-11-29 23:30,18,4,14,0,0,0
2022-11-29 23:45,13,7,6,0,0,0
