Datetime,100034983 (Warendorfer Straße),101034983 (Warendorfer Straße stadteinwärts),102034983 (Warendorfer Straße stadtauswärts),100034983-status,101034983-status,102034983-status
2024-02-01 00:00,17,7,10,0,0,0
2024-02-01 00:15,11,6,5,0,0,0
2024-02-01 00:30,10,5,5,0,0,0
2024-02-01 00:45,8,2,6,0,0,0
2024-02-01 01:00,2,1,1,0,0,0
2024-02-01 01:15,6,0,6,0,0,0
2024-02-01 01:30,1,0,1,0,0,0
2024-02-01 01:45,1,0,1,0,0,0
2024-02-01 02:00,5,2,3,0,0,0
2024-02-01 02:15,5,0,5,0,0,0
2024-02-01 02:30,5,0,5,0,0,0
2024-02-01 02:45,4,0,4,0,0,0
2024-02-01 03:00,5,0,5,0,0,0
2024-02-01 03:15,1,0,1,0,0,0
2024-02-01 03:30,0,0,0,0,0,0
2024-02-01 03:45,1,1,0,0,0,0
2024-02-01 04:00,2,2,0,0,0,0
2024-02-01 04:15,1,1,0,0,0,0
2024-02-01 04:30,1,0,1,0,0,0
2024-02-01 04:45,2,2,0,0,0,0
2024-02-01 05:00,0,0,0,0,0,0
2024-02-01 05:15,5,4,1,0,0,0
2024-02-01 05:30,10,4,6,0,0,0
2024-02-01 05:45,14,9,5,0,0,0
2024-02-01 06:00,16,12,4,0,0,0
2024-02-01 06:15,29,16,13,0,0,0
2024-02-01 06:30,45,25,20,0,0,0
2024-02-01 06:45,67,30,37,0,0,0
2024-02-01 07:00,84,58,26,0,0,0
2024-02-01 07:15,143,101,42,0,0,0
2024-02-01 07:30,278,220,58,0,0,0
2024-02-01 07:45,219,162,57,0,0,0
2024-02-01 08:00,143,107,36,0,0,0
2024-02-01 08:15,146,104,42,0,0,0
2024-02-01 08:30,148,107,41,0,0,0
2024-02-01 08:45,129,102,27,0,0,0
2024-02-01 09:00,98,79,19,0,0,0
2024-02-01 09:15,114,73,41,0,0,0
2024-02-01 09:30,116,93,23,0,0,0
2024-02-01 09:45,132,99,33,0,0,0
2024-02-01 10:00,100,72,28,0,0,0
2024-02-01 10:15,109,76,33,0,0,0
2024-02-01 10:30,83,50,33,0,0,0
2024-02-01 10:45,103,61,42,0,0,0
2024-02-01 11:00,79,51,28,0,0,0
2024-02-01 11:15,118,79,39,0,0,0
2024-02-01 11:30,110,61,49,0,0,0
2024-02-01 11:45,123,72,51,0,0,0
2024-02-01 12:00,97,59,38,0,0,0
2024-02-01 12:15,128,71,57,0,0,0
2024-02-01 12:30,123,62,61,0,0,0
2024-02-01 12:45,133,79,54,0,0,0
2024-02-01 13:00,113,57,56,0,0,0
2024-02-01 13:15,132,74,58,0,0,0
2024-02-01 13:30,131,71,60,0,0,0
2024-02-01 13:45,132,74,58,0,0,0
2024-02-01 14:00,156,60,96,0,0,0
2024-02-01 14:15,135,72,63,0,0,0
2024-02-01 14:30,122,72,50,0,0,0
2024-02-01 14:45,153,88,65,0,0,0
2024-02-01 15:00,169,91,78,0,0,0
2024-02-01 15:15,120,63,57,0,0,0
2024-02-01 15:30,147,73,74,0,0,0
2024-02-01 15:45,148,75,73,0,0,0
2024-02-01 16:00,189,96,93,0,0,0
2024-02-01 16:15,165,90,75,0,0,0
2024-02-01 16:30,170,91,79,0,0,0
2024-02-01 16:45,178,92,86,0,0,0
2024-02-01 17:00,146,67,79,0,0,0
2024-02-01 17:15,174,79,95,0,0,0
2024-02-01 17:30,153,76,77,0,0,0
2024-02-01 17:45,174,76,98,0,0,0
2024-02-01 18:00,194,71,123,0,0,0
2024-02-01 18:15,164,71,93,0,0,0
2024-02-01 18:30,147,68,79,0,0,0
2024-02-01 18:45,162,69,93,0,0,0
2024-02-01 19:00,112,45,67,0,0,0
2024-02-01 19:15,106,51,55,0,0,0
2024-02-01 19:30,96,46,50,0,0,0
2024-02-01 19:45,101,41,60,0,0,0
2024-02-01 20:00,92,30,62,0,0,0
2024-02-01 20:15,75,27,48,0,0,0
2024-02-01 20:30,35,13,22,0,0,0
2024-02-01 20:45,37,18,19,0,0,0
2024-02-01 21:00,40,13,27,0,0,0
2024-02-01 21:15,59,19,40,0,0,0
2024-02-01 21:30,39,15,24,0,0,0
2024-02-01 21:45,57,21,36,0,0,0
2024-02-01 22:00,53,20,33,0,0,0
2024-02-01 22:15,39,19,20,0,0,0
2024-02-01 22:30,56,30,26,0,0,0
2024-02-01 22:45,32,14,18,0,0,0
2024-02-01 23:00,33,12,21,0,0,0
2024-02-01 23:15,27,11,16,0,0,0
2024-02-01 23:30,17,10,7,0,0,0
2024-02-01 23:45,17,6,11,0,0,0
2024-02-02 00:00,14,4,10,0,0,0
2024-02-02 00:15,6,2,4,0,0,0
2024-02-02 00:30,5,1,4,0,0,0
2024-02-02 00:45,9,5,4,0,0,0
2024-02-02 01:00,9,3,6,0,0,0
2024-02-02 01:15,3,1,2,0,0,0
2024-02-02 01:30,1,0,1,0,0,0
2024-02-02 01:45,2,0,2,0,0,0
2024-02-02 02:00,1,1,0,0,0,0
2024-02-02 02:15,1,0,1,0,0,0
2024-02-02 02:30,2,0,2,0,0,0
2024-02-02 02:45,1,0,1,0,0,0
2024-02-02 03:00,4,4,0,0,0,0
2024-02-02 03:15,1,0,1,0,0,0
2024-02-02 03:30,0,0,0,0,0,0
2024-02-02 03:45,0,0,0,0,0,0
2024-02-02 04:00,2,0,2,0,0,0
2024-02-02 04:15,0,0,0,0,0,0
2024-02-02 04:30,2,1,1,0,0,0
2024-02-02 04:45,1,1,0,0,0,0
2024-02-02 05:00,1,0,1,0,0,0
2024-02-02 05:15,11,7,4,0,0,0
2024-02-02 05:30,18,11,7,0,0,0
2024-02-02 05:45,13,8,5,0,0,0
2024-02-02 06:00,7,5,2,0,0,0
2024-02-02 06:15,32,18,14,0,0,0
2024-02-02 06:30,39,23,16,0,0,0
2024-02-02 06:45,50,27,23,0,0,0
2024-02-02 07:00,66,46,20,0,0,0
2024-02-02 07:15,113,92,21,0,0,0
2024-02-02 07:30,266,213,53,0,0,0
2024-02-02 07:45,226,149,77,0,0,0
2024-02-02 08:00,131,107,24,0,0,0
2024-02-02 08:15,129,93,36,0,0,0
2024-02-02 08:30,135,95,40,0,0,0
2024-02-02 08:45,155,117,38,0,0,0
2024-02-02 09:00,94,67,27,0,0,0
2024-02-02 09:15,105,78,27,0,0,0
2024-02-02 09:30,105,80,25,0,0,0
2024-02-02 09:45,118,87,31,0,0,0
2024-02-02 10:00,85,63,22,0,0,0
2024-02-02 10:15,90,59,31,0,0,0
2024-02-02 10:30,86,60,26,0,0,0
2024-02-02 10:45,86,54,32,0,0,0
2024-02-02 11:00,96,59,37,0,0,0
2024-02-02 11:15,100,72,28,0,0,0
2024-02-02 11:30,96,57,39,0,0,0
2024-02-02 11:45,102,69,33,0,0,0
2024-02-02 12:00,104,62,42,0,0,0
2024-02-02 12:15,116,60,56,0,0,0
2024-02-02 12:30,122,55,67,0,0,0
2024-02-02 12:45,132,80,52,0,0,0
2024-02-02 13:00,150,60,90,0,0,0
2024-02-02 13:15,127,54,73,0,0,0
2024-02-02 13:30,116,63,53,0,0,0
2024-02-02 13:45,133,59,74,0,0,0
2024-02-02 14:00,163,58,105,0,0,0
2024-02-02 14:15,127,65,62,0,0,0
2024-02-02 14:30,117,61,56,0,0,0
2024-02-02 14:45,152,76,76,0,0,0
2024-02-02 15:00,151,73,78,0,0,0
2024-02-02 15:15,122,64,58,0,0,0
2024-02-02 15:30,114,64,50,0,0,0
2024-02-02 15:45,123,55,68,0,0,0
2024-02-02 16:00,137,60,77,0,0,0
2024-02-02 16:15,130,62,68,0,0,0
2024-02-02 16:30,106,54,52,0,0,0
2024-02-02 16:45,151,72,79,0,0,0
2024-02-02 17:00,110,56,54,0,0,0
2024-02-02 17:15,122,69,53,0,0,0
2024-02-02 17:30,119,57,62,0,0,0
2024-02-02 17:45,132,68,64,0,0,0
2024-02-02 18:00,101,52,49,0,0,0
2024-02-02 18:15,104,46,58,0,0,0
2024-02-02 18:30,88,34,54,0,0,0
2024-02-02 18:45,107,54,53,0,0,0
2024-02-02 19:00,101,51,50,0,0,0
2024-02-02 19:15,107,71,36,0,0,0
2024-02-02 19:30,65,29,36,0,0,0
2024-02-02 19:45,64,32,32,0,0,0
2024-02-02 20:00,91,49,42,0,0,0
2024-02-02 20:15,55,18,37,0,0,0
2024-02-02 20:30,48,31,17,0,0,0
2024-02-02 20:45,58,40,18,0,0,0
2024-02-02 21:00,32,18,14,0,0,0
2024-02-02 21:15,50,23,27,0,0,0
2024-02-02 21:30,35,9,26,0,0,0
2024-02-02 21:45,44,22,22,0,0,0
2024-02-02 22:00,40,14,26,0,0,0
2024-02-02 22:15,38,16,22,0,0,0
2024-02-02 22:30,60,25,35,0,0,0
2024-02-02 22:45,29,10,19,0,0,0
2024-02-02 23:00,47,30,17,0,0,0
2024-02-02 23:15,42,28,14,0,0,0
2024-02-02 23:30,37,19,18,0,0,0
2024-02-02 23:45,24,14,10,0,0,0
2024-02-03 00:00,22,5,17,0,0,0
2024-02-03 00:15,20,7,13,0,0,0
2024-02-03 00:30,27,13,14,0,0,0
2024-02-03 00:45,19,12,7,0,0,0
2024-02-03 01:00,12,5,7,0,0,0
2024-02-03 01:15,15,8,7,0,0,0
2024-02-03 01:30,11,6,5,0,0,0
2024-02-03 01:45,17,4,13,0,0,0
2024-02-03 02:00,11,1,10,0,0,0
2024-02-03 02:15,2,0,2,0,0,0
2024-02-03 02:30,7,0,7,0,0,0
2024-02-03 02:45,11,4,7,0,0,0
2024-02-03 03:00,6,0,6,0,0,0
2024-02-03 03:15,2,0,2,0,0,0
2024-02-03 03:30,7,4,3,0,0,0
2024-02-03 03:45,2,2,0,0,0,0
2024-02-03 04:00,8,3,5,0,0,0
2024-02-03 04:15,3,2,1,0,0,0
2024-02-03 04:30,2,0,2,0,0,0
2024-02-03 04:45,2,0,2,0,0,0
2024-02-03 05:00,4,4,0,0,0,0
2024-02-03 05:15,4,4,0,0,0,0
2024-02-03 05:30,5,3,2,0,0,0
2024-02-03 05:45,10,6,4,0,0,0
2024-02-03 06:00,1,1,0,0,0,0
2024-02-03 06:15,11,4,7,0,0,0
2024-02-03 06:30,7,6,1,0,0,0
2024-02-03 06:45,15,10,5,0,0,0
2024-02-03 07:00,8,4,4,0,0,0
2024-02-03 07:15,11,8,3,0,0,0
2024-02-03 07:30,18,15,3,0,0,0
2024-02-03 07:45,40,29,11,0,0,0
2024-02-03 08:00,17,12,5,0,0,0
2024-02-03 08:15,27,22,5,0,0,0
2024-02-03 08:30,27,18,9,0,0,0
2024-02-03 08:45,53,40,13,0,0,0
2024-02-03 09:00,33,22,11,0,0,0
2024-02-03 09:15,47,32,15,0,0,0
2024-02-03 09:30,45,35,10,0,0,0
2024-02-03 09:45,84,68,16,0,0,0
2024-02-03 10:00,60,46,14,0,0,0
2024-02-03 10:15,69,53,16,0,0,0
2024-02-03 10:30,77,59,18,0,0,0
2024-02-03 10:45,105,78,27,0,0,0
2024-02-03 11:00,66,39,27,0,0,0
2024-02-03 11:15,84,57,27,0,0,0
2024-02-03 11:30,94,63,31,0,0,0
2024-02-03 11:45,121,74,47,0,0,0
2024-02-03 12:00,112,60,52,0,0,0
2024-02-03 12:15,90,60,30,0,0,0
2024-02-03 12:30,93,60,33,0,0,0
2024-02-03 12:45,131,74,57,0,0,0
2024-02-03 13:00,82,40,42,0,0,0
2024-02-03 13:15,114,76,38,0,0,0
2024-02-03 13:30,96,45,51,0,0,0
2024-02-03 13:45,117,58,59,0,0,0
2024-02-03 14:00,102,52,50,0,0,0
2024-02-03 14:15,101,60,41,0,0,0
2024-02-03 14:30,84,49,35,0,0,0
2024-02-03 14:45,83,41,42,0,0,0
2024-02-03 15:00,68,24,44,0,0,0
2024-02-03 15:15,88,38,50,0,0,0
2024-02-03 15:30,81,43,38,0,0,0
2024-02-03 15:45,67,36,31,0,0,0
2024-02-03 16:00,58,35,23,0,0,0
2024-02-03 16:15,58,28,30,0,0,0
2024-02-03 16:30,70,33,37,0,0,0
2024-02-03 16:45,60,30,30,0,0,0
2024-02-03 17:00,54,29,25,0,0,0
2024-02-03 17:15,56,30,26,0,0,0
2024-02-03 17:30,60,26,34,0,0,0
2024-02-03 17:45,73,41,32,0,0,0
2024-02-03 18:00,51,39,12,0,0,0
2024-02-03 18:15,59,34,25,0,0,0
2024-02-03 18:30,65,35,30,0,0,0
2024-02-03 18:45,77,50,27,0,0,0
2024-02-03 19:00,51,32,19,0,0,0
2024-02-03 19:15,42,21,21,0,0,0
2024-02-03 19:30,56,32,24,0,0,0
2024-02-03 19:45,49,29,20,0,0,0
2024-02-03 20:00,53,36,17,0,0,0
2024-02-03 20:15,38,24,14,0,0,0
2024-02-03 20:30,29,17,12,0,0,0
2024-02-03 20:45,35,21,14,0,0,0
2024-02-03 21:00,32,15,17,0,0,0
2024-02-03 21:15,29,14,15,0,0,0
2024-02-03 21:30,42,27,15,0,0,0
2024-02-03 21:45,26,12,14,0,0,0
2024-02-03 22:00,29,19,10,0,0,0
2024-02-03 22:15,32,12,20,0,0,0
2024-02-03 22:30,24,12,12,0,0,0
2024-02-03 22:45,28,13,15,0,0,0
2024-02-03 23:00,20,6,14,0,0,0
2024-02-03 23:15,20,11,9,0,0,0
2024-02-03 23:30,26,11,15,0,0,0
2024-02-03 23:45,23,15,8,0,0,0
2024-02-04 00:00,34,26,8,0,0,0
2024-02-04 00:15,26,10,16,0,0,0
2024-02-04 00:30,18,7,11,0,0,0
2024-02-04 00:45,22,7,15,0,0,0
2024-02-04 01:00,21,13,8,0,0,0
2024-02-04 01:15,13,4,9,0,0,0
2024-02-04 01:30,14,3,11,0,0,0
2024-02-04 01:45,8,2,6,0,0,0
2024-02-04 02:00,4,2,2,0,0,0
2024-02-04 02:15,13,6,7,0,0,0
2024-02-04 02:30,11,6,5,0,0,0
2024-02-04 02:45,7,0,7,0,0,0
2024-02-04 03:00,3,2,1,0,0,0
2024-02-04 03:15,9,4,5,0,0,0
2024-02-04 03:30,5,1,4,0,0,0
2024-02-04 03:45,1,0,1,0,0,0
2024-02-04 04:00,4,2,2,0,0,0
2024-02-04 04:15,3,2,1,0,0,0
2024-02-04 04:30,2,1,1,0,0,0
2024-02-04 04:45,3,3,0,0,0,0
2024-02-04 05:00,0,0,0,0,0,0
2024-02-04 05:15,4,3,1,0,0,0
2024-02-04 05:30,6,4,2,0,0,0
2024-02-04 05:45,4,0,4,0,0,0
2024-02-04 06:00,3,2,1,0,0,0
2024-02-04 06:15,4,4,0,0,0,0
2024-02-04 06:30,3,2,1,0,0,0
2024-02-04 06:45,4,3,1,0,0,0
2024-02-04 07:00,4,1,3,0,0,0
2024-02-04 07:15,4,2,2,0,0,0
2024-02-04 07:30,4,2,2,0,0,0
2024-02-04 07:45,8,5,3,0,0,0
2024-02-04 08:00,13,11,2,0,0,0
2024-02-04 08:15,8,7,1,0,0,0
2024-02-04 08:30,11,8,3,0,0,0
2024-02-04 08:45,16,12,4,0,0,0
2024-02-04 09:00,22,15,7,0,0,0
2024-02-04 09:15,14,8,6,0,0,0
2024-02-04 09:30,28,26,2,0,0,0
2024-02-04 09:45,37,28,9,0,0,0
2024-02-04 10:00,32,23,9,0,0,0
2024-02-04 10:15,28,17,11,0,0,0
2024-02-04 10:30,29,19,10,0,0,0
2024-02-04 10:45,29,18,11,0,0,0
2024-02-04 11:00,36,25,11,0,0,0
2024-02-04 11:15,25,13,12,0,0,0
2024-02-04 11:30,29,24,5,0,0,0
2024-02-04 11:45,35,27,8,0,0,0
2024-02-04 12:00,39,24,15,0,0,0
2024-02-04 12:15,32,18,14,0,0,0
2024-02-04 12:30,43,32,11,0,0,0
2024-02-04 12:45,40,26,14,0,0,0
2024-02-04 13:00,44,32,12,0,0,0
2024-02-04 13:15,38,22,16,0,0,0
2024-02-04 13:30,31,17,14,0,0,0
2024-02-04 13:45,39,22,17,0,0,0
2024-02-04 14:00,38,20,18,0,0,0
2024-02-04 14:15,33,22,11,0,0,0
2024-02-04 14:30,33,13,20,0,0,0
2024-02-04 14:45,47,34,13,0,0,0
2024-02-04 15:00,27,18,9,0,0,0
2024-02-04 15:15,40,29,11,0,0,0
2024-02-04 15:30,33,26,7,0,0,0
2024-02-04 15:45,31,16,15,0,0,0
2024-02-04 16:00,30,20,10,0,0,0
2024-02-04 16:15,38,19,19,0,0,0
2024-02-04 16:30,28,11,17,0,0,0
2024-02-04 16:45,35,20,15,0,0,0
2024-02-04 17:00,31,17,14,0,0,0
2024-02-04 17:15,33,17,16,0,0,0
2024-02-04 17:30,13,8,5,0,0,0
2024-02-04 17:45,26,10,16,0,0,0
2024-02-04 18:00,29,10,19,0,0,0
2024-02-04 18:15,24,9,15,0,0,0
2024-02-04 18:30,23,6,17,0,0,0
2024-02-04 18:45,45,22,23,0,0,0
2024-02-04 19:00,26,8,18,0,0,0
2024-02-04 19:15,32,16,16,0,0,0
2024-02-04 19:30,25,12,13,0,0,0
2024-02-04 19:45,25,10,15,0,0,0
2024-02-04 20:00,24,10,14,0,0,0
2024-02-04 20:15,25,11,14,0,0,0
2024-02-04 20:30,18,6,12,0,0,0
2024-02-04 20:45,16,9,7,0,0,0
2024-02-04 21:00,19,10,9,0,0,0
2024-02-04 21:15,15,9,6,0,0,0
2024-02-04 21:30,7,3,4,0,0,0
2024-02-04 21:45,12,6,6,0,0,0
2024-02-04 22:00,14,10,4,0,0,0
2024-02-04 22:15,16,11,5,0,0,0
2024-02-04 22:30,6,4,2,0,0,0
2024-02-04 22:45,32,28,4,0,0,0
2024-02-04 23:00,6,5,1,0,0,0
2024-02-04 23:15,5,4,1,0,0,0
2024-02-04 23:30,2,1,1,0,0,0
2024-02-04 23:45,0,0,0,0,0,0
2024-02-05 00:00,5,1,4,0,0,0
2024-02-05 00:15,1,1,0,0,0,0
2024-02-05 00:30,4,4,0,0,0,0
2024-02-05 00:45,2,1,1,0,0,0
2024-02-05 01:00,0,0,0,0,0,0
2024-02-05 01:15,0,0,0,0,0,0
2024-02-05 01:30,0,0,0,0,0,0
2024-02-05 01:45,1,1,0,0,0,0
2024-02-05 02:00,0,0,0,0,0,0
2024-02-05 02:15,0,0,0,0,0,0
2024-02-05 02:30,0,0,0,0,0,0
2024-02-05 02:45,0,0,0,0,0,0
2024-02-05 03:00,0,0,0,0,0,0
2024-02-05 03:15,0,0,0,0,0,0
2024-02-05 03:30,1,1,0,0,0,0
2024-02-05 03:45,0,0,0,0,0,0
2024-02-05 04:00,0,0,0,0,0,0
2024-02-05 04:15,1,1,0,0,0,0
2024-02-05 04:30,1,1,0,0,0,0
2024-02-05 04:45,1,1,0,0,0,0
2024-02-05 05:00,0,0,0,0,0,0
2024-02-05 05:15,8,6,2,0,0,0
2024-02-05 05:30,16,9,7,0,0,0
2024-02-05 05:45,11,6,5,0,0,0
2024-02-05 06:00,15,11,4,0,0,0
2024-02-05 06:15,26,19,7,0,0,0
2024-02-05 06:30,53,33,20,0,0,0
2024-02-05 06:45,57,35,22,0,0,0
2024-02-05 07:00,86,65,21,0,0,0
2024-02-05 07:15,114,86,28,0,0,0
2024-02-05 07:30,247,213,34,0,0,0
2024-02-05 07:45,193,146,47,0,0,0
2024-02-05 08:00,127,102,25,0,0,0
2024-02-05 08:15,131,103,28,0,0,0
2024-02-05 08:30,105,88,17,0,0,0
2024-02-05 08:45,153,124,29,0,0,0
2024-02-05 09:00,99,81,18,0,0,0
2024-02-05 09:15,87,66,21,0,0,0
2024-02-05 09:30,93,72,21,0,0,0
2024-02-05 09:45,84,63,21,0,0,0
2024-02-05 10:00,80,67,13,0,0,0
2024-02-05 10:15,67,51,16,0,0,0
2024-02-05 10:30,76,54,22,0,0,0
2024-02-05 10:45,83,58,25,0,0,0
2024-02-05 11:00,65,39,26,0,0,0
2024-02-05 11:15,77,59,18,0,0,0
2024-02-05 11:30,97,57,40,0,0,0
2024-02-05 11:45,95,69,26,0,0,0
2024-02-05 12:00,84,57,27,0,0,0
2024-02-05 12:15,77,45,32,0,0,0
2024-02-05 12:30,104,56,48,0,0,0
2024-02-05 12:45,93,57,36,0,0,0
2024-02-05 13:00,90,46,44,0,0,0
2024-02-05 13:15,111,60,51,0,0,0
2024-02-05 13:30,75,45,30,0,0,0
2024-02-05 13:45,111,66,45,0,0,0
2024-02-05 14:00,118,67,51,0,0,0
2024-02-05 14:15,103,61,42,0,0,0
2024-02-05 14:30,97,56,41,0,0,0
2024-02-05 14:45,118,70,48,0,0,0
2024-02-05 15:00,104,60,44,0,0,0
2024-02-05 15:15,124,79,45,0,0,0
2024-02-05 15:30,121,68,53,0,0,0
2024-02-05 15:45,129,87,42,0,0,0
2024-02-05 16:00,122,76,46,0,0,0
2024-02-05 16:15,158,84,74,0,0,0
2024-02-05 16:30,180,108,72,0,0,0
2024-02-05 16:45,159,93,66,0,0,0
2024-02-05 17:00,129,58,71,0,0,0
2024-02-05 17:15,131,62,69,0,0,0
2024-02-05 17:30,139,82,57,0,0,0
2024-02-05 17:45,133,69,64,0,0,0
2024-02-05 18:00,134,67,67,0,0,0
2024-02-05 18:15,110,54,56,0,0,0
2024-02-05 18:30,113,58,55,0,0,0
2024-02-05 18:45,93,46,47,0,0,0
2024-02-05 19:00,82,29,53,0,0,0
2024-02-05 19:15,77,39,38,0,0,0
2024-02-05 19:30,74,38,36,0,0,0
2024-02-05 19:45,87,46,41,0,0,0
2024-02-05 20:00,77,31,46,0,0,0
2024-02-05 20:15,50,23,27,0,0,0
2024-02-05 20:30,53,28,25,0,0,0
2024-02-05 20:45,33,18,15,0,0,0
2024-02-05 21:00,41,17,24,0,0,0
2024-02-05 21:15,42,21,21,0,0,0
2024-02-05 21:30,53,24,29,0,0,0
2024-02-05 21:45,41,22,19,0,0,0
2024-02-05 22:00,30,15,15,0,0,0
2024-02-05 22:15,30,15,15,0,0,0
2024-02-05 22:30,21,10,11,0,0,0
2024-02-05 22:45,34,17,17,0,0,0
2024-02-05 23:00,26,13,13,0,0,0
2024-02-05 23:15,9,3,6,0,0,0
2024-02-05 23:30,10,6,4,0,0,0
2024-02-05 23:45,10,5,5,0,0,0
2024-02-06 00:00,9,4,5,0,0,0
2024-02-06 00:15,6,1,5,0,0,0
2024-02-06 00:30,4,1,3,0,0,0
2024-02-06 00:45,3,2,1,0,0,0
2024-02-06 01:00,5,1,4,0,0,0
2024-02-06 01:15,2,1,1,0,0,0
2024-02-06 01:30,0,0,0,0,0,0
2024-02-06 01:45,1,0,1,0,0,0
2024-02-06 02:00,3,3,0,0,0,0
2024-02-06 02:15,2,1,1,0,0,0
2024-02-06 02:30,6,0,6,0,0,0
2024-02-06 02:45,1,0,1,0,0,0
2024-02-06 03:00,1,1,0,0,0,0
2024-02-06 03:15,2,0,2,0,0,0
2024-02-06 03:30,2,0,2,0,0,0
2024-02-06 03:45,2,1,1,0,0,0
2024-02-06 04:00,0,0,0,0,0,0
2024-02-06 04:15,2,1,1,0,0,0
2024-02-06 04:30,1,1,0,0,0,0
2024-02-06 04:45,1,1,0,0,0,0
2024-02-06 05:00,1,0,1,0,0,0
2024-02-06 05:15,5,3,2,0,0,0
2024-02-06 05:30,11,6,5,0,0,0
2024-02-06 05:45,17,9,8,0,0,0
2024-02-06 06:00,17,12,5,0,0,0
2024-02-06 06:15,24,11,13,0,0,0
2024-02-06 06:30,59,31,28,0,0,0
2024-02-06 06:45,45,28,17,0,0,0
2024-02-06 07:00,79,41,38,0,0,0
2024-02-06 07:15,125,90,35,0,0,0
2024-02-06 07:30,268,220,48,0,0,0
2024-02-06 07:45,219,148,71,0,0,0
2024-02-06 08:00,122,98,24,0,0,0
2024-02-06 08:15,122,96,26,0,0,0
2024-02-06 08:30,120,87,33,0,0,0
2024-02-06 08:45,143,112,31,0,0,0
2024-02-06 09:00,94,73,21,0,0,0
2024-02-06 09:15,74,59,15,0,0,0
2024-02-06 09:30,88,70,18,0,0,0
2024-02-06 09:45,100,72,28,0,0,0
2024-02-06 10:00,73,61,12,0,0,0
2024-02-06 10:15,60,34,26,0,0,0
2024-02-06 10:30,78,57,21,0,0,0
2024-02-06 10:45,77,45,32,0,0,0
2024-02-06 11:00,60,37,23,0,0,0
2024-02-06 11:15,59,38,21,0,0,0
2024-02-06 11:30,74,53,21,0,0,0
2024-02-06 11:45,90,52,38,0,0,0
2024-02-06 12:00,72,45,27,0,0,0
2024-02-06 12:15,77,46,31,0,0,0
2024-02-06 12:30,92,37,55,0,0,0
2024-02-06 12:45,107,66,41,0,0,0
2024-02-06 13:00,111,49,62,0,0,0
2024-02-06 13:15,107,59,48,0,0,0
2024-02-06 13:30,99,56,43,0,0,0
2024-02-06 13:45,128,57,71,0,0,0
2024-02-06 14:00,118,51,67,0,0,0
2024-02-06 14:15,109,58,51,0,0,0
2024-02-06 14:30,101,48,53,0,0,0
2024-02-06 14:45,133,64,69,0,0,0
2024-02-06 15:00,101,35,66,0,0,0
2024-02-06 15:15,98,57,41,0,0,0
2024-02-06 15:30,108,64,44,0,0,0
2024-02-06 15:45,128,68,60,0,0,0
2024-02-06 16:00,128,77,51,0,0,0
2024-02-06 16:15,139,69,70,0,0,0
2024-02-06 16:30,132,65,67,0,0,0
2024-02-06 16:45,156,81,75,0,0,0
2024-02-06 17:00,110,47,63,0,0,0
2024-02-06 17:15,121,55,66,0,0,0
2024-02-06 17:30,159,69,90,0,0,0
2024-02-06 17:45,151,77,74,0,0,0
2024-02-06 18:00,131,70,61,0,0,0
2024-02-06 18:15,136,82,54,0,0,0
2024-02-06 18:30,110,53,57,0,0,0
2024-02-06 18:45,101,48,53,0,0,0
2024-02-06 19:00,84,39,45,0,0,0
2024-02-06 19:15,76,39,37,0,0,0
2024-02-06 19:30,69,32,37,0,0,0
2024-02-06 19:45,83,35,48,0,0,0
2024-02-06 20:00,61,22,39,0,0,0
2024-02-06 20:15,42,12,30,0,0,0
2024-02-06 20:30,40,11,29,0,0,0
2024-02-06 20:45,34,12,22,0,0,0
2024-02-06 21:00,33,15,18,0,0,0
2024-02-06 21:15,46,24,22,0,0,0
2024-02-06 21:30,41,13,28,0,0,0
2024-02-06 21:45,39,14,25,0,0,0
2024-02-06 22:00,37,16,21,0,0,0
2024-02-06 22:15,31,11,20,0,0,0
2024-02-06 22:30,37,25,12,0,0,0
2024-02-06 22:45,38,18,20,0,0,0
2024-02-06 23:00,27,23,4,0,0,0
2024-02-06 23:15,13,7,6,0,0,0
2024-02-06 23:30,8,7,1,0,0,0
2024-02-06 23:45,9,4,5,0,0,0
2024-02-07 00:00,10,8,2,0,0,0
2024-02-07 00:15,4,2,2,0,0,0
2024-02-07 00:30,4,1,3,0,0,0
2024-02-07 00:45,1,1,0,0,0,0
2024-02-07 01:00,7,3,4,0,0,0
2024-02-07 01:15,3,0,3,0,0,0
2024-02-07 01:30,0,0,0,0,0,0
2024-02-07 01:45,1,1,0,0,0,0
2024-02-07 02:00,0,0,0,0,0,0
2024-02-07 02:15,0,0,0,0,0,0
2024-02-07 02:30,0,0,0,0,0,0
2024-02-07 02:45,0,0,0,0,0,0
2024-02-07 03:00,1,1,0,0,0,0
2024-02-07 03:15,4,1,3,0,0,0
2024-02-07 03:30,0,0,0,0,0,0
2024-02-07 03:45,4,4,0,0,0,0
2024-02-07 04:00,3,1,2,0,0,0
2024-02-07 04:15,2,2,0,0,0,0
2024-02-07 04:30,3,1,2,0,0,0
2024-02-07 04:45,2,2,0,0,0,0
2024-02-07 05:00,0,0,0,0,0,0
2024-02-07 05:15,4,1,3,0,0,0
2024-02-07 05:30,9,5,4,0,0,0
2024-02-07 05:45,19,11,8,0,0,0
2024-02-07 06:00,9,6,3,0,0,0
2024-02-07 06:15,22,16,6,0,0,0
2024-02-07 06:30,35,23,12,0,0,0
2024-02-07 06:45,47,29,18,0,0,0
2024-02-07 07:00,73,45,28,0,0,0
2024-02-07 07:15,148,94,54,0,0,0
2024-02-07 07:30,266,217,49,0,0,0
2024-02-07 07:45,228,154,74,0,0,0
2024-02-07 08:00,142,102,40,0,0,0
2024-02-07 08:15,124,87,37,0,0,0
2024-02-07 08:30,116,87,29,0,0,0
2024-02-07 08:45,170,131,39,0,0,0
2024-02-07 09:00,108,75,33,0,0,0
2024-02-07 09:15,94,68,26,0,0,0
2024-02-07 09:30,100,81,19,0,0,0
2024-02-07 09:45,116,89,27,0,0,0
2024-02-07 10:00,88,55,33,0,0,0
2024-02-07 10:15,98,68,30,0,0,0
2024-02-07 10:30,96,67,29,0,0,0
2024-02-07 10:45,88,64,24,0,0,0
2024-02-07 11:00,90,60,30,0,0,0
2024-02-07 11:15,110,70,40,0,0,0
2024-02-07 11:30,82,56,26,0,0,0
2024-02-07 11:45,105,58,47,0,0,0
2024-02-07 12:00,112,69,43,0,0,0
2024-02-07 12:15,109,61,48,0,0,0
2024-02-07 12:30,134,54,80,0,0,0
2024-02-07 12:45,129,75,54,0,0,0
2024-02-07 13:00,136,65,71,0,0,0
2024-02-07 13:15,131,60,71,0,0,0
2024-02-07 13:30,101,46,55,0,0,0
2024-02-07 13:45,126,66,60,0,0,0
2024-02-07 14:00,125,56,69,0,0,0
2024-02-07 14:15,108,52,56,0,0,0
2024-02-07 14:30,120,60,60,0,0,0
2024-02-07 14:45,135,75,60,0,0,0
2024-02-07 15:00,124,70,54,0,0,0
2024-02-07 15:15,92,36,56,0,0,0
2024-02-07 15:30,122,63,59,0,0,0
2024-02-07 15:45,147,71,76,0,0,0
2024-02-07 16:00,156,89,67,0,0,0
2024-02-07 16:15,149,62,87,0,0,0
2024-02-07 16:30,147,77,70,0,0,0
2024-02-07 16:45,148,89,59,0,0,0
2024-02-07 17:00,141,67,74,0,0,0
2024-02-07 17:15,161,90,71,0,0,0
2024-02-07 17:30,159,66,93,0,0,0
2024-02-07 17:45,190,82,108,0,0,0
2024-02-07 18:00,122,49,73,0,0,0
2024-02-07 18:15,139,52,87,0,0,0
2024-02-07 18:30,140,56,84,0,0,0
2024-02-07 18:45,122,63,59,0,0,0
2024-02-07 19:00,103,51,52,0,0,0
2024-02-07 19:15,95,49,46,0,0,0
2024-02-07 19:30,72,34,38,0,0,0
2024-02-07 19:45,106,50,56,0,0,0
2024-02-07 20:00,59,20,39,0,0,0
2024-02-07 20:15,46,19,27,0,0,0
2024-02-07 20:30,50,23,27,0,0,0
2024-02-07 20:45,33,18,15,0,0,0
2024-02-07 21:00,52,17,35,0,0,0
2024-02-07 21:15,41,19,22,0,0,0
2024-02-07 21:30,48,23,25,0,0,0
2024-02-07 21:45,52,20,32,0,0,0
2024-02-07 22:00,63,27,36,0,0,0
2024-02-07 22:15,54,24,30,0,0,0
2024-02-07 22:30,34,16,18,0,0,0
2024-02-07 22:45,30,12,18,0,0,0
2024-02-07 23:00,30,13,17,0,0,0
2024-02-07 23:15,17,8,9,0,0,0
2024-02-07 23:30,9,3,6,0,0,0
2024-02-07 23:45,12,2,10,0,0,0
2024-02-08 00:00,15,10,5,0,0,0
2024-02-08 00:15,13,5,8,0,0,0
2024-02-08 00:30,8,5,3,0,0,0
2024-02-08 00:45,6,2,4,0,0,0
2024-02-08 01:00,3,2,1,0,0,0
2024-02-08 01:15,1,0,1,0,0,0
2024-02-08 01:30,6,0,6,0,0,0
2024-02-08 01:45,3,2,1,0,0,0
2024-02-08 02:00,6,1,5,0,0,0
2024-02-08 02:15,6,0,6,0,0,0
2024-02-08 02:30,4,2,2,0,0,0
2024-02-08 02:45,1,0,1,0,0,0
2024-02-08 03:00,4,1,3,0,0,0
2024-02-08 03:15,4,0,4,0,0,0
2024-02-08 03:30,1,0,1,0,0,0
2024-02-08 03:45,0,0,0,0,0,0
2024-02-08 04:00,1,0,1,0,0,0
2024-02-08 04:15,2,2,0,0,0,0
2024-02-08 04:30,2,1,1,0,0,0
2024-02-08 04:45,2,2,0,0,0,0
2024-02-08 05:00,2,0,2,0,0,0
2024-02-08 05:15,3,2,1,0,0,0
2024-02-08 05:30,12,5,7,0,0,0
2024-02-08 05:45,22,12,10,0,0,0
2024-02-08 06:00,16,13,3,0,0,0
2024-02-08 06:15,20,11,9,0,0,0
2024-02-08 06:30,54,37,17,0,0,0
2024-02-08 06:45,51,32,19,0,0,0
2024-02-08 07:00,71,46,25,0,0,0
2024-02-08 07:15,126,88,38,0,0,0
2024-02-08 07:30,262,210,52,0,0,0
2024-02-08 07:45,191,128,63,0,0,0
2024-02-08 08:00,119,86,33,0,0,0
2024-02-08 08:15,124,87,37,0,0,0
2024-02-08 08:30,123,92,31,0,0,0
2024-02-08 08:45,148,112,36,0,0,0
2024-02-08 09:00,99,70,29,0,0,0
2024-02-08 09:15,75,63,12,0,0,0
2024-02-08 09:30,108,77,31,0,0,0
2024-02-08 09:45,98,66,32,0,0,0
2024-02-08 10:00,83,63,20,0,0,0
2024-02-08 10:15,80,57,23,0,0,0
2024-02-08 10:30,93,63,30,0,0,0
2024-02-08 10:45,89,52,37,0,0,0
2024-02-08 11:00,74,40,34,0,0,0
2024-02-08 11:15,75,47,28,0,0,0
2024-02-08 11:30,77,47,30,0,0,0
2024-02-08 11:45,103,54,49,0,0,0
2024-02-08 12:00,83,49,34,0,0,0
2024-02-08 12:15,92,47,45,0,0,0
2024-02-08 12:30,117,60,57,0,0,0
2024-02-08 12:45,91,49,42,0,0,0
2024-02-08 13:00,127,64,63,0,0,0
2024-02-08 13:15,109,50,59,0,0,0
2024-02-08 13:30,90,42,48,0,0,0
2024-02-08 13:45,93,41,52,0,0,0
2024-02-08 14:00,121,37,84,0,0,0
2024-02-08 14:15,93,38,55,0,0,0
2024-02-08 14:30,81,40,41,0,0,0
2024-02-08 14:45,121,51,70,0,0,0
2024-02-08 15:00,99,53,46,0,0,0
2024-02-08 15:15,106,47,59,0,0,0
2024-02-08 15:30,100,48,52,0,0,0
2024-02-08 15:45,109,51,58,0,0,0
2024-02-08 16:00,99,52,47,0,0,0
2024-02-08 16:15,101,44,57,0,0,0
2024-02-08 16:30,118,58,60,0,0,0
2024-02-08 16:45,120,66,54,0,0,0
2024-02-08 17:00,105,37,68,0,0,0
2024-02-08 17:15,103,44,59,0,0,0
2024-02-08 17:30,88,47,41,0,0,0
2024-02-08 17:45,118,61,57,0,0,0
2024-02-08 18:00,105,41,64,0,0,0
2024-02-08 18:15,91,35,56,0,0,0
2024-02-08 18:30,72,29,43,0,0,0
2024-02-08 18:45,94,41,53,0,0,0
2024-02-08 19:00,94,45,49,0,0,0
2024-02-08 19:15,72,26,46,0,0,0
2024-02-08 19:30,63,36,27,0,0,0
2024-02-08 19:45,62,25,37,0,0,0
2024-02-08 20:00,51,18,33,0,0,0
2024-02-08 20:15,39,14,25,0,0,0
2024-02-08 20:30,43,14,29,0,0,0
2024-02-08 20:45,28,15,13,0,0,0
2024-02-08 21:00,33,10,23,0,0,0
2024-02-08 21:15,37,17,20,0,0,0
2024-02-08 21:30,30,11,19,0,0,0
2024-02-08 21:45,34,13,21,0,0,0
2024-02-08 22:00,48,25,23,0,0,0
2024-02-08 22:15,55,30,25,0,0,0
2024-02-08 22:30,45,21,24,0,0,0
2024-02-08 22:45,30,14,16,0,0,0
2024-02-08 23:00,20,10,10,0,0,0
2024-02-08 23:15,24,9,15,0,0,0
2024-02-08 23:30,15,7,8,0,0,0
2024-02-08 23:45,17,4,13,0,0,0
2024-02-09 00:00,11,5,6,0,0,0
2024-02-09 00:15,12,4,8,0,0,0
2024-02-09 00:30,11,3,8,0,0,0
2024-02-09 00:45,8,2,6,0,0,0
2024-02-09 01:00,7,3,4,0,0,0
2024-02-09 01:15,5,0,5,0,0,0
2024-02-09 01:30,6,1,5,0,0,0
2024-02-09 01:45,6,1,5,0,0,0
2024-02-09 02:00,5,1,4,0,0,0
2024-02-09 02:15,3,0,3,0,0,0
2024-02-09 02:30,3,1,2,0,0,0
2024-02-09 02:45,2,0,2,0,0,0
2024-02-09 03:00,2,0,2,0,0,0
2024-02-09 03:15,4,0,4,0,0,0
2024-02-09 03:30,1,0,1,0,0,0
2024-02-09 03:45,0,0,0,0,0,0
2024-02-09 04:00,0,0,0,0,0,0
2024-02-09 04:15,1,1,0,0,0,0
2024-02-09 04:30,1,1,0,0,0,0
2024-02-09 04:45,2,2,0,0,0,0
2024-02-09 05:00,0,0,0,0,0,0
2024-02-09 05:15,6,3,3,0,0,0
2024-02-09 05:30,12,7,5,0,0,0
2024-02-09 05:45,12,5,7,0,0,0
2024-02-09 06:00,10,8,2,0,0,0
2024-02-09 06:15,14,6,8,0,0,0
2024-02-09 06:30,33,18,15,0,0,0
2024-02-09 06:45,45,26,19,0,0,0
2024-02-09 07:00,68,44,24,0,0,0
2024-02-09 07:15,99,70,29,0,0,0
2024-02-09 07:30,218,174,44,0,0,0
2024-02-09 07:45,143,102,41,0,0,0
2024-02-09 08:00,85,61,24,0,0,0
2024-02-09 08:15,91,68,23,0,0,0
2024-02-09 08:30,86,61,25,0,0,0
2024-02-09 08:45,106,77,29,0,0,0
2024-02-09 09:00,80,52,28,0,0,0
2024-02-09 09:15,77,56,21,0,0,0
2024-02-09 09:30,96,64,32,0,0,0
2024-02-09 09:45,95,66,29,0,0,0
2024-02-09 10:00,73,50,23,0,0,0
2024-02-09 10:15,58,36,22,0,0,0
2024-02-09 10:30,55,38,17,0,0,0
2024-02-09 10:45,66,44,22,0,0,0
2024-02-09 11:00,61,36,25,0,0,0
2024-02-09 11:15,84,53,31,0,0,0
2024-02-09 11:30,75,50,25,0,0,0
2024-02-09 11:45,86,48,38,0,0,0
2024-02-09 12:00,98,59,39,0,0,0
2024-02-09 12:15,99,70,29,0,0,0
2024-02-09 12:30,115,57,58,0,0,0
2024-02-09 12:45,105,56,49,0,0,0
2024-02-09 13:00,128,58,70,0,0,0
2024-02-09 13:15,118,51,67,0,0,0
2024-02-09 13:30,99,45,54,0,0,0
2024-02-09 13:45,105,53,52,0,0,0
2024-02-09 14:00,151,70,81,0,0,0
2024-02-09 14:15,102,49,53,0,0,0
2024-02-09 14:30,99,51,48,0,0,0
2024-02-09 14:45,123,73,50,0,0,0
2024-02-09 15:00,113,43,70,0,0,0
2024-02-09 15:15,110,66,44,0,0,0
2024-02-09 15:30,94,50,44,0,0,0
2024-02-09 15:45,123,67,56,0,0,0
2024-02-09 16:00,89,37,52,0,0,0
2024-02-09 16:15,92,50,42,0,0,0
2024-02-09 16:30,106,54,52,0,0,0
2024-02-09 16:45,101,39,62,0,0,0
2024-02-09 17:00,87,46,41,0,0,0
2024-02-09 17:15,112,59,53,0,0,0
2024-02-09 17:30,117,67,50,0,0,0
2024-02-09 17:45,134,71,63,0,0,0
2024-02-09 18:00,104,51,53,0,0,0
2024-02-09 18:15,108,61,47,0,0,0
2024-02-09 18:30,84,42,42,0,0,0
2024-02-09 18:45,120,68,52,0,0,0
2024-02-09 19:00,98,52,46,0,0,0
2024-02-09 19:15,73,37,36,0,0,0
2024-02-09 19:30,55,32,23,0,0,0
2024-02-09 19:45,70,37,33,0,0,0
2024-02-09 20:00,63,31,32,0,0,0
2024-02-09 20:15,77,36,41,0,0,0
2024-02-09 20:30,49,27,22,0,0,0
2024-02-09 20:45,40,16,24,0,0,0
2024-02-09 21:00,42,16,26,0,0,0
2024-02-09 21:15,40,18,22,0,0,0
2024-02-09 21:30,28,11,17,0,0,0
2024-02-09 21:45,33,16,17,0,0,0
2024-02-09 22:00,51,27,24,0,0,0
2024-02-09 22:15,49,21,28,0,0,0
2024-02-09 22:30,37,18,19,0,0,0
2024-02-09 22:45,30,10,20,0,0,0
2024-02-09 23:00,45,19,26,0,0,0
2024-02-09 23:15,45,26,19,0,0,0
2024-02-09 23:30,27,10,17,0,0,0
2024-02-09 23:45,30,15,15,0,0,0
2024-02-10 00:00,28,11,17,0,0,0
2024-02-10 00:15,19,4,15,0,0,0
2024-02-10 00:30,21,6,15,0,0,0
2024-02-10 00:45,19,6,13,0,0,0
2024-02-10 01:00,16,5,11,0,0,0
2024-02-10 01:15,11,5,6,0,0,0
2024-02-10 01:30,10,1,9,0,0,0
2024-02-10 01:45,20,8,12,0,0,0
2024-02-10 02:00,6,2,4,0,0,0
2024-02-10 02:15,6,3,3,0,0,0
2024-02-10 02:30,9,2,7,0,0,0
2024-02-10 02:45,5,0,5,0,0,0
2024-02-10 03:00,11,3,8,0,0,0
2024-02-10 03:15,6,0,6,0,0,0
2024-02-10 03:30,3,0,3,0,0,0
2024-02-10 03:45,0,0,0,0,0,0
2024-02-10 04:00,2,1,1,0,0,0
2024-02-10 04:15,7,2,5,0,0,0
2024-02-10 04:30,0,0,0,0,0,0
2024-02-10 04:45,1,1,0,0,0,0
2024-02-10 05:00,3,2,1,0,0,0
2024-02-10 05:15,8,4,4,0,0,0
2024-02-10 05:30,8,6,2,0,0,0
2024-02-10 05:45,10,4,6,0,0,0
2024-02-10 06:00,3,1,2,0,0,0
2024-02-10 06:15,10,4,6,0,0,0
2024-02-10 06:30,6,2,4,0,0,0
2024-02-10 06:45,11,8,3,0,0,0
2024-02-10 07:00,10,9,1,0,0,0
2024-02-10 07:15,12,8,4,0,0,0
2024-02-10 07:30,26,18,8,0,0,0
2024-02-10 07:45,34,25,9,0,0,0
2024-02-10 08:00,20,12,8,0,0,0
2024-02-10 08:15,28,25,3,0,0,0
2024-02-10 08:30,25,16,9,0,0,0
2024-02-10 08:45,54,44,10,0,0,0
2024-02-10 09:00,50,36,14,0,0,0
2024-02-10 09:15,67,49,18,0,0,0
2024-02-10 09:30,56,38,18,0,0,0
2024-02-10 09:45,122,96,26,0,0,0
2024-02-10 10:00,87,78,9,0,0,0
2024-02-10 10:15,108,92,16,0,0,0
2024-02-10 10:30,108,81,27,0,0,0
2024-02-10 10:45,139,102,37,0,0,0
2024-02-10 11:00,131,90,41,0,0,0
2024-02-10 11:15,128,99,29,0,0,0
2024-02-10 11:30,138,90,48,0,0,0
2024-02-10 11:45,163,103,60,0,0,0
2024-02-10 12:00,128,89,39,0,0,0
2024-02-10 12:15,128,85,43,0,0,0
2024-02-10 12:30,144,99,45,0,0,0
2024-02-10 12:45,149,93,56,0,0,0
2024-02-10 13:00,167,89,78,0,0,0
2024-02-10 13:15,138,80,58,0,0,0
2024-02-10 13:30,153,89,64,0,0,0
2024-02-10 13:45,123,67,56,0,0,0
2024-02-10 14:00,135,70,65,0,0,0
2024-02-10 14:15,125,63,62,0,0,0
2024-02-10 14:30,119,59,60,0,0,0
2024-02-10 14:45,160,74,86,0,0,0
2024-02-10 15:00,102,43,59,0,0,0
2024-02-10 15:15,87,39,48,0,0,0
2024-02-10 15:30,91,39,52,0,0,0
2024-02-10 15:45,94,40,54,0,0,0
2024-02-10 16:00,90,41,49,0,0,0
2024-02-10 16:15,104,35,69,0,0,0
2024-02-10 16:30,103,49,54,0,0,0
2024-02-10 16:45,108,51,57,0,0,0
2024-02-10 17:00,92,30,62,0,0,0
2024-02-10 17:15,81,41,40,0,0,0
2024-02-10 17:30,89,40,49,0,0,0
2024-02-10 17:45,93,44,49,0,0,0
2024-02-10 18:00,102,39,63,0,0,0
2024-02-10 18:15,80,42,38,0,0,0
2024-02-10 18:30,65,30,35,0,0,0
2024-02-10 18:45,86,62,24,0,0,0
2024-02-10 19:00,80,44,36,0,0,0
2024-02-10 19:15,54,27,27,0,0,0
2024-02-10 19:30,50,18,32,0,0,0
2024-02-10 19:45,53,34,19,0,0,0
2024-02-10 20:00,54,24,30,0,0,0
2024-02-10 20:15,46,13,33,0,0,0
2024-02-10 20:30,31,18,13,0,0,0
2024-02-10 20:45,43,19,24,0,0,0
2024-02-10 21:00,38,17,21,0,0,0
2024-02-10 21:15,25,9,16,0,0,0
2024-02-10 21:30,31,24,7,0,0,0
2024-02-10 21:45,25,12,13,0,0,0
2024-02-10 22:00,31,19,12,0,0,0
2024-02-10 22:15,38,21,17,0,0,0
2024-02-10 22:30,58,19,39,0,0,0
2024-02-10 22:45,36,10,26,0,0,0
2024-02-10 23:00,24,10,14,0,0,0
2024-02-10 23:15,29,17,12,0,0,0
2024-02-10 23:30,32,9,23,0,0,0
2024-02-10 23:45,22,7,15,0,0,0
2024-02-11 00:00,25,8,17,0,0,0
2024-02-11 00:15,23,10,13,0,0,0
2024-02-11 00:30,29,14,15,0,0,0
2024-02-11 00:45,21,10,11,0,0,0
2024-02-11 01:00,22,16,6,0,0,0
2024-02-11 01:15,18,4,14,0,0,0
2024-02-11 01:30,7,3,4,0,0,0
2024-02-11 01:45,14,7,7,0,0,0
2024-02-11 02:00,9,4,5,0,0,0
2024-02-11 02:15,7,2,5,0,0,0
2024-02-11 02:30,7,2,5,0,0,0
2024-02-11 02:45,1,1,0,0,0,0
2024-02-11 03:00,6,2,4,0,0,0
2024-02-11 03:15,5,1,4,0,0,0
2024-02-11 03:30,4,0,4,0,0,0
2024-02-11 03:45,9,7,2,0,0,0
2024-02-11 04:00,2,0,2,0,0,0
2024-02-11 04:15,4,1,3,0,0,0
2024-02-11 04:30,3,1,2,0,0,0
2024-02-11 04:45,3,2,1,0,0,0
2024-02-11 05:00,2,2,0,0,0,0
2024-02-11 05:15,2,1,1,0,0,0
2024-02-11 05:30,7,3,4,0,0,0
2024-02-11 05:45,4,1,3,0,0,0
2024-02-11 06:00,4,1,3,0,0,0
2024-02-11 06:15,4,2,2,0,0,0
2024-02-11 06:30,2,1,1,0,0,0
2024-02-11 06:45,5,3,2,0,0,0
2024-02-11 07:00,3,1,2,0,0,0
2024-02-11 07:15,6,3,3,0,0,0
2024-02-11 07:30,7,6,1,0,0,0
2024-02-11 07:45,11,6,5,0,0,0
2024-02-11 08:00,4,2,2,0,0,0
2024-02-11 08:15,13,12,1,0,0,0
2024-02-11 08:30,14,11,3,0,0,0
2024-02-11 08:45,19,10,9,0,0,0
2024-02-11 09:00,18,10,8,0,0,0
2024-02-11 09:15,14,11,3,0,0,0
2024-02-11 09:30,23,15,8,0,0,0
2024-02-11 09:45,33,25,8,0,0,0
2024-02-11 10:00,29,21,8,0,0,0
2024-02-11 10:15,28,19,9,0,0,0
2024-02-11 10:30,33,26,7,0,0,0
2024-02-11 10:45,27,23,4,0,0,0
2024-02-11 11:00,23,20,3,0,0,0
2024-02-11 11:15,31,20,11,0,0,0
2024-02-11 11:30,27,21,6,0,0,0
2024-02-11 11:45,31,17,14,0,0,0
2024-02-11 12:00,34,20,14,0,0,0
2024-02-11 12:15,36,25,11,0,0,0
2024-02-11 12:30,33,20,13,0,0,0
2024-02-11 12:45,40,24,16,0,0,0
2024-02-11 13:00,36,17,19,0,0,0
2024-02-11 13:15,39,27,12,0,0,0
2024-02-11 13:30,30,16,14,0,0,0
2024-02-11 13:45,38,21,17,0,0,0
2024-02-11 14:00,36,15,21,0,0,0
2024-02-11 14:15,48,29,19,0,0,0
2024-02-11 14:30,37,27,10,0,0,0
2024-02-11 14:45,43,29,14,0,0,0
2024-02-11 15:00,45,29,16,0,0,0
2024-02-11 15:15,44,24,20,0,0,0
2024-02-11 15:30,45,25,20,0,0,0
2024-02-11 15:45,53,25,28,0,0,0
2024-02-11 16:00,41,15,26,0,0,0
2024-02-11 16:15,54,34,20,0,0,0
2024-02-11 16:30,45,20,25,0,0,0
2024-02-11 16:45,69,44,25,0,0,0
2024-02-11 17:00,43,24,19,0,0,0
2024-02-11 17:15,42,24,18,0,0,0
2024-02-11 17:30,52,28,24,0,0,0
2024-02-11 17:45,53,27,26,0,0,0
2024-02-11 18:00,30,11,19,0,0,0
2024-02-11 18:15,32,14,18,0,0,0
2024-02-11 18:30,38,17,21,0,0,0
2024-02-11 18:45,51,23,28,0,0,0
2024-02-11 19:00,47,23,24,0,0,0
2024-02-11 19:15,41,24,17,0,0,0
2024-02-11 19:30,45,23,22,0,0,0
2024-02-11 19:45,46,20,26,0,0,0
2024-02-11 20:00,26,13,13,0,0,0
2024-02-11 20:15,32,17,15,0,0,0
2024-02-11 20:30,31,10,21,0,0,0
2024-02-11 20:45,36,9,27,0,0,0
2024-02-11 21:00,19,13,6,0,0,0
2024-02-11 21:15,24,11,13,0,0,0
2024-02-11 21:30,11,5,6,0,0,0
2024-02-11 21:45,22,12,10,0,0,0
2024-02-11 22:00,20,12,8,0,0,0
2024-02-11 22:15,29,19,10,0,0,0
2024-02-11 22:30,23,18,5,0,0,0
2024-02-11 22:45,17,16,1,0,0,0
2024-02-11 23:00,12,4,8,0,0,0
2024-02-11 23:15,4,0,4,0,0,0
2024-02-11 23:30,9,7,2,0,0,0
2024-02-11 23:45,9,1,8,0,0,0
2024-02-12 00:00,3,3,0,0,0,0
2024-02-12 00:15,6,1,5,0,0,0
2024-02-12 00:30,7,3,4,0,0,0
2024-02-12 00:45,2,1,1,0,0,0
2024-02-12 01:00,4,2,2,0,0,0
2024-02-12 01:15,2,0,2,0,0,0
2024-02-12 01:30,4,1,3,0,0,0
2024-02-12 01:45,1,1,0,0,0,0
2024-02-12 02:00,6,3,3,0,0,0
2024-02-12 02:15,2,1,1,0,0,0
2024-02-12 02:30,3,1,2,0,0,0
2024-02-12 02:45,3,3,0,0,0,0
2024-02-12 03:00,0,0,0,0,0,0
2024-02-12 03:15,0,0,0,0,0,0
2024-02-12 03:30,2,2,0,0,0,0
2024-02-12 03:45,2,1,1,0,0,0
2024-02-12 04:00,0,0,0,0,0,0
2024-02-12 04:15,2,2,0,0,0,0
2024-02-12 04:30,1,1,0,0,0,0
2024-02-12 04:45,8,5,3,0,0,0
2024-02-12 05:00,10,4,6,0,0,0
2024-02-12 05:15,9,2,7,0,0,0
2024-02-12 05:30,13,6,7,0,0,0
2024-02-12 05:45,12,5,7,0,0,0
2024-02-12 06:00,6,5,1,0,0,0
2024-02-12 06:15,15,7,8,0,0,0
2024-02-12 06:30,25,9,16,0,0,0
2024-02-12 06:45,26,11,15,0,0,0
2024-02-12 07:00,20,10,10,0,0,0
2024-02-12 07:15,45,19,26,0,0,0
2024-02-12 07:30,59,26,33,0,0,0
2024-02-12 07:45,68,37,31,0,0,0
2024-02-12 08:00,45,28,17,0,0,0
2024-02-12 08:15,56,36,20,0,0,0
2024-02-12 08:30,46,31,15,0,0,0
2024-02-12 08:45,50,40,10,0,0,0
2024-02-12 09:00,41,25,16,0,0,0
2024-02-12 09:15,31,23,8,0,0,0
2024-02-12 09:30,36,28,8,0,0,0
2024-02-12 09:45,53,31,22,0,0,0
2024-02-12 10:00,44,27,17,0,0,0
2024-02-12 10:15,56,33,23,0,0,0
2024-02-12 10:30,49,34,15,0,0,0
2024-02-12 10:45,65,43,22,0,0,0
2024-02-12 11:00,72,46,26,0,0,0
2024-02-12 11:15,53,29,24,0,0,0
2024-02-12 11:30,74,49,25,0,0,0
2024-02-12 11:45,80,61,19,0,0,0
2024-02-12 12:00,97,78,19,0,0,0
2024-02-12 12:15,128,109,19,0,0,0
2024-02-12 12:30,122,100,22,0,0,0
2024-02-12 12:45,154,134,20,0,0,0
2024-02-12 13:00,138,114,24,0,0,0
2024-02-12 13:15,123,108,15,0,0,0
2024-02-12 13:30,101,74,27,0,0,0
2024-02-12 13:45,97,77,20,0,0,0
2024-02-12 14:00,98,69,29,0,0,0
2024-02-12 14:15,78,49,29,0,0,0
2024-02-12 14:30,103,66,37,0,0,0
2024-02-12 14:45,133,47,86,0,0,0
2024-02-12 15:00,110,49,61,0,0,0
2024-02-12 15:15,81,31,50,0,0,0
2024-02-12 15:30,74,37,37,0,0,0
2024-02-12 15:45,59,31,28,0,0,0
2024-02-12 16:00,76,39,37,0,0,0
2024-02-12 16:15,74,29,45,0,0,0
2024-02-12 16:30,105,36,69,0,0,0
2024-02-12 16:45,72,32,40,0,0,0
2024-02-12 17:00,83,34,49,0,0,0
2024-02-12 17:15,93,36,57,0,0,0
2024-02-12 17:30,79,32,47,0,0,0
2024-02-12 17:45,60,24,36,0,0,0
2024-02-12 18:00,59,25,34,0,0,0
2024-02-12 18:15,42,16,26,0,0,0
2024-02-12 18:30,59,22,37,0,0,0
2024-02-12 18:45,44,19,25,0,0,0
2024-02-12 19:00,36,17,19,0,0,0
2024-02-12 19:15,44,16,28,0,0,0
2024-02-12 19:30,46,15,31,0,0,0
2024-02-12 19:45,49,30,19,0,0,0
2024-02-12 20:00,41,19,22,0,0,0
2024-02-12 20:15,39,22,17,0,0,0
2024-02-12 20:30,24,10,14,0,0,0
2024-02-12 20:45,34,8,26,0,0,0
2024-02-12 21:00,42,23,19,0,0,0
2024-02-12 21:15,22,10,12,0,0,0
2024-02-12 21:30,39,24,15,0,0,0
2024-02-12 21:45,24,10,14,0,0,0
2024-02-12 22:00,13,4,9,0,0,0
2024-02-12 22:15,34,17,17,0,0,0
2024-02-12 22:30,29,15,14,0,0,0
2024-02-12 22:45,24,18,6,0,0,0
2024-02-12 23:00,18,7,11,0,0,0
2024-02-12 23:15,6,3,3,0,0,0
2024-02-12 23:30,18,6,12,0,0,0
2024-02-12 23:45,11,5,6,0,0,0
2024-02-13 00:00,2,1,1,0,0,0
2024-02-13 00:15,2,1,1,0,0,0
2024-02-13 00:30,5,1,4,0,0,0
2024-02-13 00:45,8,4,4,0,0,0
2024-02-13 01:00,4,1,3,0,0,0
2024-02-13 01:15,5,0,5,0,0,0
2024-02-13 01:30,3,2,1,0,0,0
2024-02-13 01:45,1,1,0,0,0,0
2024-02-13 02:00,3,2,1,0,0,0
2024-02-13 02:15,0,0,0,0,0,0
2024-02-13 02:30,0,0,0,0,0,0
2024-02-13 02:45,4,2,2,0,0,0
2024-02-13 03:00,1,0,1,0,0,0
2024-02-13 03:15,2,2,0,0,0,0
2024-02-13 03:30,1,0,1,0,0,0
2024-02-13 03:45,0,0,0,0,0,0
2024-02-13 04:00,0,0,0,0,0,0
2024-02-13 04:15,1,1,0,0,0,0
2024-02-13 04:30,0,0,0,0,0,0
2024-02-13 04:45,0,0,0,0,0,0
2024-02-13 05:00,1,1,0,0,0,0
2024-02-13 05:15,3,1,2,0,0,0
2024-02-13 05:30,21,12,9,0,0,0
2024-02-13 05:45,15,7,8,0,0,0
2024-02-13 06:00,15,12,3,0,0,0
2024-02-13 06:15,25,15,10,0,0,0
2024-02-13 06:30,47,35,12,0,0,0
2024-02-13 06:45,35,23,12,0,0,0
2024-02-13 07:00,79,51,28,0,0,0
2024-02-13 07:15,96,63,33,0,0,0
2024-02-13 07:30,108,66,42,0,0,0
2024-02-13 07:45,158,106,52,0,0,0
2024-02-13 08:00,111,82,29,0,0,0
2024-02-13 08:15,122,87,35,0,0,0
2024-02-13 08:30,111,82,29,0,0,0
2024-02-13 08:45,141,103,38,0,0,0
2024-02-13 09:00,70,55,15,0,0,0
2024-02-13 09:15,94,67,27,0,0,0
2024-02-13 09:30,90,74,16,0,0,0
2024-02-13 09:45,112,89,23,0,0,0
2024-02-13 10:00,95,67,28,0,0,0
2024-02-13 10:15,83,63,20,0,0,0
2024-02-13 10:30,90,63,27,0,0,0
2024-02-13 10:45,99,58,41,0,0,0
2024-02-13 11:00,88,65,23,0,0,0
2024-02-13 11:15,73,45,28,0,0,0
2024-02-13 11:30,110,71,39,0,0,0
2024-02-13 11:45,105,64,41,0,0,0
2024-02-13 12:00,99,64,35,0,0,0
2024-02-13 12:15,101,58,43,0,0,0
2024-02-13 12:30,116,55,61,0,0,0
2024-02-13 12:45,111,62,49,0,0,0
2024-02-13 13:00,112,62,50,0,0,0
2024-02-13 13:15,121,53,68,0,0,0
2024-02-13 13:30,94,59,35,0,0,0
2024-02-13 13:45,107,55,52,0,0,0
2024-02-13 14:00,101,49,52,0,0,0
2024-02-13 14:15,114,62,52,0,0,0
2024-02-13 14:30,121,71,50,0,0,0
2024-02-13 14:45,118,65,53,0,0,0
2024-02-13 15:00,130,73,57,0,0,0
2024-02-13 15:15,126,69,57,0,0,0
2024-02-13 15:30,147,80,67,0,0,0
2024-02-13 15:45,160,89,71,0,0,0
2024-02-13 16:00,149,69,80,0,0,0
2024-02-13 16:15,172,69,103,0,0,0
2024-02-13 16:30,138,72,66,0,0,0
2024-02-13 16:45,144,68,76,0,0,0
2024-02-13 17:00,165,84,81,0,0,0
2024-02-13 17:15,161,65,96,0,0,0
2024-02-13 17:30,150,70,80,0,0,0
2024-02-13 17:45,178,78,100,0,0,0
2024-02-13 18:00,155,59,96,0,0,0
2024-02-13 18:15,154,64,90,0,0,0
2024-02-13 18:30,129,52,77,0,0,0
2024-02-13 18:45,120,55,65,0,0,0
2024-02-13 19:00,91,31,60,0,0,0
2024-02-13 19:15,84,31,53,0,0,0
2024-02-13 19:30,83,35,48,0,0,0
2024-02-13 19:45,74,30,44,0,0,0
2024-02-13 20:00,63,36,27,0,0,0
2024-02-13 20:15,41,19,22,0,0,0
2024-02-13 20:30,47,19,28,0,0,0
2024-02-13 20:45,50,22,28,0,0,0
2024-02-13 21:00,37,8,29,0,0,0
2024-02-13 21:15,48,22,26,0,0,0
2024-02-13 21:30,40,16,24,0,0,0
2024-02-13 21:45,45,16,29,0,0,0
2024-02-13 22:00,43,20,23,0,0,0
2024-02-13 22:15,42,21,21,0,0,0
2024-02-13 22:30,24,13,11,0,0,0
2024-02-13 22:45,27,12,15,0,0,0
2024-02-13 23:00,32,23,9,0,0,0
2024-02-13 23:15,19,10,9,0,0,0
2024-02-13 23:30,11,6,5,0,0,0
2024-02-13 23:45,9,6,3,0,0,0
2024-02-14 00:00,6,0,6,0,0,0
2024-02-14 00:15,11,3,8,0,0,0
2024-02-14 00:30,4,1,3,0,0,0
2024-02-14 00:45,6,2,4,0,0,0
2024-02-14 01:00,0,0,0,0,0,0
2024-02-14 01:15,2,1,1,0,0,0
2024-02-14 01:30,2,1,1,0,0,0
2024-02-14 01:45,2,1,1,0,0,0
2024-02-14 02:00,0,0,0,0,0,0
2024-02-14 02:15,2,0,2,0,0,0
2024-02-14 02:30,0,0,0,0,0,0
2024-02-14 02:45,1,1,0,0,0,0
2024-02-14 03:00,0,0,0,0,0,0
2024-02-14 03:15,0,0,0,0,0,0
2024-02-14 03:30,0,0,0,0,0,0
2024-02-14 03:45,2,2,0,0,0,0
2024-02-14 04:00,0,0,0,0,0,0
2024-02-14 04:15,5,2,3,0,0,0
2024-02-14 04:30,1,0,1,0,0,0
2024-02-14 04:45,2,1,1,0,0,0
2024-02-14 05:00,0,0,0,0,0,0
2024-02-14 05:15,6,6,0,0,0,0
2024-02-14 05:30,8,4,4,0,0,0
2024-02-14 05:45,17,8,9,0,0,0
2024-02-14 06:00,10,5,5,0,0,0
2024-02-14 06:15,24,13,11,0,0,0
2024-02-14 06:30,39,22,17,0,0,0
2024-02-14 06:45,55,34,21,0,0,0
2024-02-14 07:00,67,44,23,0,0,0
2024-02-14 07:15,115,69,46,0,0,0
2024-02-14 07:30,181,127,54,0,0,0
2024-02-14 07:45,195,132,63,0,0,0
2024-02-14 08:00,127,85,42,0,0,0
2024-02-14 08:15,134,99,35,0,0,0
2024-02-14 08:30,141,108,33,0,0,0
2024-02-14 08:45,142,106,36,0,0,0
2024-02-14 09:00,115,81,34,0,0,0
2024-02-14 09:15,102,67,35,0,0,0
2024-02-14 09:30,100,69,31,0,0,0
2024-02-14 09:45,102,81,21,0,0,0
2024-02-14 10:00,78,59,19,0,0,0
2024-02-14 10:15,81,56,25,0,0,0
2024-02-14 10:30,81,58,23,0,0,0
2024-02-14 10:45,94,66,28,0,0,0
2024-02-14 11:00,78,49,29,0,0,0
2024-02-14 11:15,97,58,39,0,0,0
2024-02-14 11:30,85,52,33,0,0,0
2024-02-14 11:45,98,60,38,0,0,0
2024-02-14 12:00,87,52,35,0,0,0
2024-02-14 12:15,102,61,41,0,0,0
2024-02-14 12:30,108,58,50,0,0,0
2024-02-14 12:45,119,68,51,0,0,0
2024-02-14 13:00,110,45,65,0,0,0
2024-02-14 13:15,106,42,64,0,0,0
2024-02-14 13:30,103,55,48,0,0,0
2024-02-14 13:45,83,31,52,0,0,0
2024-02-14 14:00,91,31,60,0,0,0
2024-02-14 14:15,87,37,50,0,0,0
2024-02-14 14:30,92,53,39,0,0,0
2024-02-14 14:45,109,62,47,0,0,0
2024-02-14 15:00,115,56,59,0,0,0
2024-02-14 15:15,112,49,63,0,0,0
2024-02-14 15:30,100,47,53,0,0,0
2024-02-14 15:45,99,43,56,0,0,0
2024-02-14 16:00,121,61,60,0,0,0
2024-02-14 16:15,125,66,59,0,0,0
2024-02-14 16:30,93,52,41,0,0,0
2024-02-14 16:45,127,51,76,0,0,0
2024-02-14 17:00,157,80,77,0,0,0
2024-02-14 17:15,137,69,68,0,0,0
2024-02-14 17:30,117,65,52,0,0,0
2024-02-14 17:45,139,71,68,0,0,0
2024-02-14 18:00,116,62,54,0,0,0
2024-02-14 18:15,116,57,59,0,0,0
2024-02-14 18:30,106,54,52,0,0,0
2024-02-14 18:45,97,46,51,0,0,0
2024-02-14 19:00,98,45,53,0,0,0
2024-02-14 19:15,100,53,47,0,0,0
2024-02-14 19:30,64,30,34,0,0,0
2024-02-14 19:45,77,34,43,0,0,0
2024-02-14 20:00,54,25,29,0,0,0
2024-02-14 20:15,58,29,29,0,0,0
2024-02-14 20:30,37,15,22,0,0,0
2024-02-14 20:45,32,14,18,0,0,0
2024-02-14 21:00,41,13,28,0,0,0
2024-02-14 21:15,45,20,25,0,0,0
2024-02-14 21:30,47,20,27,0,0,0
2024-02-14 21:45,30,21,9,0,0,0
2024-02-14 22:00,39,22,17,0,0,0
2024-02-14 22:15,30,11,19,0,0,0
2024-02-14 22:30,23,14,9,0,0,0
2024-02-14 22:45,28,18,10,0,0,0
2024-02-14 23:00,20,11,9,0,0,0
2024-02-14 23:15,34,22,12,0,0,0
2024-02-14 23:30,18,10,8,0,0,0
2024-02-14 23:45,21,12,9,0,0,0
2024-02-15 00:00,9,5,4,0,0,0
2024-02-15 00:15,4,3,1,0,0,0
2024-02-15 00:30,4,2,2,0,0,0
2024-02-15 00:45,4,3,1,0,0,0
2024-02-15 01:00,8,6,2,0,0,0
2024-02-15 01:15,2,0,2,0,0,0
2024-02-15 01:30,1,0,1,0,0,0
2024-02-15 01:45,6,3,3,0,0,0
2024-02-15 02:00,2,2,0,0,0,0
2024-02-15 02:15,3,1,2,0,0,0
2024-02-15 02:30,0,0,0,0,0,0
2024-02-15 02:45,2,0,2,0,0,0
2024-02-15 03:00,3,0,3,0,0,0
2024-02-15 03:15,1,1,0,0,0,0
2024-02-15 03:30,0,0,0,0,0,0
2024-02-15 03:45,3,3,0,0,0,0
2024-02-15 04:00,1,1,0,0,0,0
2024-02-15 04:15,2,2,0,0,0,0
2024-02-15 04:30,1,0,1,0,0,0
2024-02-15 04:45,2,1,1,0,0,0
2024-02-15 05:00,2,1,1,0,0,0
2024-02-15 05:15,12,9,3,0,0,0
2024-02-15 05:30,10,6,4,0,0,0
2024-02-15 05:45,11,7,4,0,0,0
2024-02-15 06:00,16,14,2,0,0,0
2024-02-15 06:15,27,15,12,0,0,0
2024-02-15 06:30,36,27,9,0,0,0
2024-02-15 06:45,54,34,20,0,0,0
2024-02-15 07:00,84,55,29,0,0,0
2024-02-15 07:15,147,123,24,0,0,0
2024-02-15 07:30,303,226,77,0,0,0
2024-02-15 07:45,197,146,51,0,0,0
2024-02-15 08:00,133,97,36,0,0,0
2024-02-15 08:15,115,87,28,0,0,0
2024-02-15 08:30,122,93,29,0,0,0
2024-02-15 08:45,135,115,20,0,0,0
2024-02-15 09:00,75,51,24,0,0,0
2024-02-15 09:15,68,59,9,0,0,0
2024-02-15 09:30,72,54,18,0,0,0
2024-02-15 09:45,98,77,21,0,0,0
2024-02-15 10:00,65,53,12,0,0,0
2024-02-15 10:15,56,41,15,0,0,0
2024-02-15 10:30,61,36,25,0,0,0
2024-02-15 10:45,79,52,27,0,0,0
2024-02-15 11:00,49,31,18,0,0,0
2024-02-15 11:15,65,46,19,0,0,0
2024-02-15 11:30,61,37,24,0,0,0
2024-02-15 11:45,62,41,21,0,0,0
2024-02-15 12:00,61,40,21,0,0,0
2024-02-15 12:15,78,44,34,0,0,0
2024-02-15 12:30,72,38,34,0,0,0
2024-02-15 12:45,57,35,22,0,0,0
2024-02-15 13:00,101,57,44,0,0,0
2024-02-15 13:15,98,50,48,0,0,0
2024-02-15 13:30,77,44,33,0,0,0
2024-02-15 13:45,85,50,35,0,0,0
2024-02-15 14:00,124,66,58,0,0,0
2024-02-15 14:15,102,60,42,0,0,0
2024-02-15 14:30,108,72,36,0,0,0
2024-02-15 14:45,127,81,46,0,0,0
2024-02-15 15:00,130,88,42,0,0,0
2024-02-15 15:15,117,63,54,0,0,0
2024-02-15 15:30,123,78,45,0,0,0
2024-02-15 15:45,141,89,52,0,0,0
2024-02-15 16:00,158,83,75,0,0,0
2024-02-15 16:15,141,87,54,0,0,0
2024-02-15 16:30,118,66,52,0,0,0
2024-02-15 16:45,167,110,57,0,0,0
2024-02-15 17:00,142,74,68,0,0,0
2024-02-15 17:15,143,84,59,0,0,0
2024-02-15 17:30,129,70,59,0,0,0
2024-02-15 17:45,147,77,70,0,0,0
2024-02-15 18:00,121,65,56,0,0,0
2024-02-15 18:15,158,85,73,0,0,0
2024-02-15 18:30,136,70,66,0,0,0
2024-02-15 18:45,115,75,40,0,0,0
2024-02-15 19:00,115,62,53,0,0,0
2024-02-15 19:15,97,58,39,0,0,0
2024-02-15 19:30,87,54,33,0,0,0
2024-02-15 19:45,99,45,54,0,0,0
2024-02-15 20:00,58,22,36,0,0,0
2024-02-15 20:15,61,23,38,0,0,0
2024-02-15 20:30,38,19,19,0,0,0
2024-02-15 20:45,26,15,11,0,0,0
2024-02-15 21:00,35,17,18,0,0,0
2024-02-15 21:15,30,18,12,0,0,0
2024-02-15 21:30,45,15,30,0,0,0
2024-02-15 21:45,35,22,13,0,0,0
2024-02-15 22:00,51,36,15,0,0,0
2024-02-15 22:15,53,29,24,0,0,0
2024-02-15 22:30,37,18,19,0,0,0
2024-02-15 22:45,19,7,12,0,0,0
2024-02-15 23:00,33,11,22,0,0,0
2024-02-15 23:15,31,24,7,0,0,0
2024-02-15 23:30,19,7,12,0,0,0
2024-02-15 23:45,17,7,10,0,0,0
2024-02-16 00:00,19,9,10,0,0,0
2024-02-16 00:15,11,3,8,0,0,0
2024-02-16 00:30,12,10,2,0,0,0
2024-02-16 00:45,10,8,2,0,0,0
2024-02-16 01:00,3,1,2,0,0,0
2024-02-16 01:15,6,1,5,0,0,0
2024-02-16 01:30,1,0,1,0,0,0
2024-02-16 01:45,5,2,3,0,0,0
2024-02-16 02:00,1,0,1,0,0,0
2024-02-16 02:15,1,0,1,0,0,0
2024-02-16 02:30,1,1,0,0,0,0
2024-02-16 02:45,2,0,2,0,0,0
2024-02-16 03:00,1,1,0,0,0,0
2024-02-16 03:15,0,0,0,0,0,0
2024-02-16 03:30,0,0,0,0,0,0
2024-02-16 03:45,0,0,0,0,0,0
2024-02-16 04:00,0,0,0,0,0,0
2024-02-16 04:15,2,2,0,0,0,0
2024-02-16 04:30,0,0,0,0,0,0
2024-02-16 04:45,1,1,0,0,0,0
2024-02-16 05:00,2,2,0,0,0,0
2024-02-16 05:15,6,4,2,0,0,0
2024-02-16 05:30,19,11,8,0,0,0
2024-02-16 05:45,22,9,13,0,0,0
2024-02-16 06:00,12,10,2,0,0,0
2024-02-16 06:15,31,18,13,0,0,0
2024-02-16 06:30,34,22,12,0,0,0
2024-02-16 06:45,59,38,21,0,0,0
2024-02-16 07:00,71,41,30,0,0,0
2024-02-16 07:15,145,111,34,0,0,0
2024-02-16 07:30,303,260,43,0,0,0
2024-02-16 07:45,217,144,73,0,0,0
2024-02-16 08:00,124,94,30,0,0,0
2024-02-16 08:15,125,88,37,0,0,0
2024-02-16 08:30,143,110,33,0,0,0
2024-02-16 08:45,162,122,40,0,0,0
2024-02-16 09:00,98,71,27,0,0,0
2024-02-16 09:15,82,59,23,0,0,0
2024-02-16 09:30,108,84,24,0,0,0
2024-02-16 09:45,130,98,32,0,0,0
2024-02-16 10:00,119,90,29,0,0,0
2024-02-16 10:15,93,63,30,0,0,0
2024-02-16 10:30,77,56,21,0,0,0
2024-02-16 10:45,111,79,32,0,0,0
2024-02-16 11:00,91,71,20,0,0,0
2024-02-16 11:15,88,61,27,0,0,0
2024-02-16 11:30,101,73,28,0,0,0
2024-02-16 11:45,96,59,37,0,0,0
2024-02-16 12:00,85,65,20,0,0,0
2024-02-16 12:15,122,79,43,0,0,0
2024-02-16 12:30,124,81,43,0,0,0
2024-02-16 12:45,113,69,44,0,0,0
2024-02-16 13:00,118,72,46,0,0,0
2024-02-16 13:15,118,68,50,0,0,0
2024-02-16 13:30,99,52,47,0,0,0
2024-02-16 13:45,93,47,46,0,0,0
2024-02-16 14:00,127,70,57,0,0,0
2024-02-16 14:15,111,63,48,0,0,0
2024-02-16 14:30,101,55,46,0,0,0
2024-02-16 14:45,115,62,53,0,0,0
2024-02-16 15:00,108,58,50,0,0,0
2024-02-16 15:15,112,65,47,0,0,0
2024-02-16 15:30,111,63,48,0,0,0
2024-02-16 15:45,124,80,44,0,0,0
2024-02-16 16:00,143,98,45,0,0,0
2024-02-16 16:15,168,139,29,0,0,0
2024-02-16 16:30,282,254,28,0,0,0
2024-02-16 16:45,338,290,48,0,0,0
2024-02-16 17:00,229,197,32,0,0,0
2024-02-16 17:15,158,132,26,0,0,0
2024-02-16 17:30,146,98,48,0,0,0
2024-02-16 17:45,173,116,57,0,0,0
2024-02-16 18:00,162,56,106,0,0,0
2024-02-16 18:15,130,50,80,0,0,0
2024-02-16 18:30,148,51,97,0,0,0
2024-02-16 18:45,176,67,109,0,0,0
2024-02-16 19:00,149,35,114,0,0,0
2024-02-16 19:15,103,34,69,0,0,0
2024-02-16 19:30,100,28,72,0,0,0
2024-02-16 19:45,81,21,60,0,0,0
2024-02-16 20:00,90,39,51,0,0,0
2024-02-16 20:15,72,23,49,0,0,0
2024-02-16 20:30,67,31,36,0,0,0
2024-02-16 20:45,45,18,27,0,0,0
2024-02-16 21:00,45,28,17,0,0,0
2024-02-16 21:15,55,26,29,0,0,0
2024-02-16 21:30,65,32,33,0,0,0
2024-02-16 21:45,35,17,18,0,0,0
2024-02-16 22:00,40,16,24,0,0,0
2024-02-16 22:15,37,10,27,0,0,0
2024-02-16 22:30,67,36,31,0,0,0
2024-02-16 22:45,34,16,18,0,0,0
2024-02-16 23:00,30,10,20,0,0,0
2024-02-16 23:15,38,31,7,0,0,0
2024-02-16 23:30,33,18,15,0,0,0
2024-02-16 23:45,29,12,17,0,0,0
2024-02-17 00:00,44,21,23,0,0,0
2024-02-17 00:15,14,6,8,0,0,0
2024-02-17 00:30,29,16,13,0,0,0
2024-02-17 00:45,36,22,14,0,0,0
2024-02-17 01:00,16,6,10,0,0,0
2024-02-17 01:15,10,5,5,0,0,0
2024-02-17 01:30,14,6,8,0,0,0
2024-02-17 01:45,14,2,12,0,0,0
2024-02-17 02:00,9,4,5,0,0,0
2024-02-17 02:15,11,3,8,0,0,0
2024-02-17 02:30,5,4,1,0,0,0
2024-02-17 02:45,9,5,4,0,0,0
2024-02-17 03:00,13,2,11,0,0,0
2024-02-17 03:15,4,0,4,0,0,0
2024-02-17 03:30,10,4,6,0,0,0
2024-02-17 03:45,8,6,2,0,0,0
2024-02-17 04:00,3,2,1,0,0,0
2024-02-17 04:15,8,0,8,0,0,0
2024-02-17 04:30,7,5,2,0,0,0
2024-02-17 04:45,0,0,0,0,0,0
2024-02-17 05:00,3,1,2,0,0,0
2024-02-17 05:15,4,4,0,0,0,0
2024-02-17 05:30,8,3,5,0,0,0
2024-02-17 05:45,14,11,3,0,0,0
2024-02-17 06:00,7,5,2,0,0,0
2024-02-17 06:15,4,2,2,0,0,0
2024-02-17 06:30,4,4,0,0,0,0
2024-02-17 06:45,18,10,8,0,0,0
2024-02-17 07:00,13,10,3,0,0,0
2024-02-17 07:15,16,11,5,0,0,0
2024-02-17 07:30,25,17,8,0,0,0
2024-02-17 07:45,26,21,5,0,0,0
2024-02-17 08:00,20,12,8,0,0,0
2024-02-17 08:15,38,29,9,0,0,0
2024-02-17 08:30,38,28,10,0,0,0
2024-02-17 08:45,58,38,20,0,0,0
2024-02-17 09:00,49,39,10,0,0,0
2024-02-17 09:15,69,47,22,0,0,0
2024-02-17 09:30,64,50,14,0,0,0
2024-02-17 09:45,127,103,24,0,0,0
2024-02-17 10:00,103,86,17,0,0,0
2024-02-17 10:15,124,93,31,0,0,0
2024-02-17 10:30,133,106,27,0,0,0
2024-02-17 10:45,177,135,42,0,0,0
2024-02-17 11:00,123,75,48,0,0,0
2024-02-17 11:15,164,125,39,0,0,0
2024-02-17 11:30,146,103,43,0,0,0
2024-02-17 11:45,154,90,64,0,0,0
2024-02-17 12:00,140,87,53,0,0,0
2024-02-17 12:15,130,87,43,0,0,0
2024-02-17 12:30,151,106,45,0,0,0
2024-02-17 12:45,188,130,58,0,0,0
2024-02-17 13:00,125,97,28,0,0,0
2024-02-17 13:15,131,77,54,0,0,0
2024-02-17 13:30,129,77,52,0,0,0
2024-02-17 13:45,105,58,47,0,0,0
2024-02-17 14:00,122,64,58,0,0,0
2024-02-17 14:15,111,63,48,0,0,0
2024-02-17 14:30,105,59,46,0,0,0
2024-02-17 14:45,109,58,51,0,0,0
2024-02-17 15:00,86,50,36,0,0,0
2024-02-17 15:15,126,80,46,0,0,0
2024-02-17 15:30,105,51,54,0,0,0
2024-02-17 15:45,92,57,35,0,0,0
2024-02-17 16:00,110,76,34,0,0,0
2024-02-17 16:15,83,45,38,0,0,0
2024-02-17 16:30,85,50,35,0,0,0
2024-02-17 16:45,107,52,55,0,0,0
2024-02-17 17:00,103,50,53,0,0,0
2024-02-17 17:15,88,51,37,0,0,0
2024-02-17 17:30,69,38,31,0,0,0
2024-02-17 17:45,94,52,42,0,0,0
2024-02-17 18:00,96,61,35,0,0,0
2024-02-17 18:15,77,38,39,0,0,0
2024-02-17 18:30,97,58,39,0,0,0
2024-02-17 18:45,85,62,23,0,0,0
2024-02-17 19:00,87,45,42,0,0,0
2024-02-17 19:15,72,44,28,0,0,0
2024-02-17 19:30,62,41,21,0,0,0
2024-02-17 19:45,74,39,35,0,0,0
2024-02-17 20:00,73,44,29,0,0,0
2024-02-17 20:15,50,29,21,0,0,0
2024-02-17 20:30,51,29,22,0,0,0
2024-02-17 20:45,43,25,18,0,0,0
2024-02-17 21:00,21,14,7,0,0,0
2024-02-17 21:15,31,19,12,0,0,0
2024-02-17 21:30,21,8,13,0,0,0
2024-02-17 21:45,26,14,12,0,0,0
2024-02-17 22:00,19,9,10,0,0,0
2024-02-17 22:15,46,30,16,0,0,0
2024-02-17 22:30,53,36,17,0,0,0
2024-02-17 22:45,46,19,27,0,0,0
2024-02-17 23:00,42,21,21,0,0,0
2024-02-17 23:15,31,19,12,0,0,0
2024-02-17 23:30,52,39,13,0,0,0
2024-02-17 23:45,31,14,17,0,0,0
2024-02-18 00:00,30,13,17,0,0,0
2024-02-18 00:15,24,7,17,0,0,0
2024-02-18 00:30,31,13,18,0,0,0
2024-02-18 00:45,19,5,14,0,0,0
2024-02-18 01:00,22,9,13,0,0,0
2024-02-18 01:15,16,9,7,0,0,0
2024-02-18 01:30,14,1,13,0,0,0
2024-02-18 01:45,16,1,15,0,0,0
2024-02-18 02:00,12,5,7,0,0,0
2024-02-18 02:15,15,4,11,0,0,0
2024-02-18 02:30,17,5,12,0,0,0
2024-02-18 02:45,12,6,6,0,0,0
2024-02-18 03:00,4,1,3,0,0,0
2024-02-18 03:15,10,3,7,0,0,0
2024-02-18 03:30,0,0,0,0,0,0
2024-02-18 03:45,1,0,1,0,0,0
2024-02-18 04:00,3,2,1,0,0,0
2024-02-18 04:15,3,2,1,0,0,0
2024-02-18 04:30,0,0,0,0,0,0
2024-02-18 04:45,2,1,1,0,0,0
2024-02-18 05:00,4,4,0,0,0,0
2024-02-18 05:15,5,4,1,0,0,0
2024-02-18 05:30,10,4,6,0,0,0
2024-02-18 05:45,11,5,6,0,0,0
2024-02-18 06:00,6,4,2,0,0,0
2024-02-18 06:15,4,4,0,0,0,0
2024-02-18 06:30,4,3,1,0,0,0
2024-02-18 06:45,11,7,4,0,0,0
2024-02-18 07:00,0,0,0,0,0,0
2024-02-18 07:15,7,4,3,0,0,0
2024-02-18 07:30,17,13,4,0,0,0
2024-02-18 07:45,9,5,4,0,0,0
2024-02-18 08:00,5,4,1,0,0,0
2024-02-18 08:15,6,3,3,0,0,0
2024-02-18 08:30,14,10,4,0,0,0
2024-02-18 08:45,8,4,4,0,0,0
2024-02-18 09:00,16,9,7,0,0,0
2024-02-18 09:15,7,5,2,0,0,0
2024-02-18 09:30,19,7,12,0,0,0
2024-02-18 09:45,42,37,5,0,0,0
2024-02-18 10:00,31,25,6,0,0,0
2024-02-18 10:15,13,5,8,0,0,0
2024-02-18 10:30,31,19,12,0,0,0
2024-02-18 10:45,50,35,15,0,0,0
2024-02-18 11:00,23,14,9,0,0,0
2024-02-18 11:15,23,17,6,0,0,0
2024-02-18 11:30,33,23,10,0,0,0
2024-02-18 11:45,21,15,6,0,0,0
2024-02-18 12:00,21,11,10,0,0,0
2024-02-18 12:15,30,18,12,0,0,0
2024-02-18 12:30,33,18,15,0,0,0
2024-02-18 12:45,18,12,6,0,0,0
2024-02-18 13:00,23,15,8,0,0,0
2024-02-18 13:15,21,14,7,0,0,0
2024-02-18 13:30,28,19,9,0,0,0
2024-02-18 13:45,16,9,7,0,0,0
2024-02-18 14:00,31,24,7,0,0,0
2024-02-18 14:15,36,25,11,0,0,0
2024-02-18 14:30,21,16,5,0,0,0
2024-02-18 14:45,51,37,14,0,0,0
2024-02-18 15:00,27,15,12,0,0,0
2024-02-18 15:15,26,18,8,0,0,0
2024-02-18 15:30,28,14,14,0,0,0
2024-02-18 15:45,23,16,7,0,0,0
2024-02-18 16:00,28,15,13,0,0,0
2024-02-18 16:15,25,13,12,0,0,0
2024-02-18 16:30,33,16,17,0,0,0
2024-02-18 16:45,39,18,21,0,0,0
2024-02-18 17:00,34,22,12,0,0,0
2024-02-18 17:15,31,21,10,0,0,0
2024-02-18 17:30,42,31,11,0,0,0
2024-02-18 17:45,40,24,16,0,0,0
2024-02-18 18:00,32,17,15,0,0,0
2024-02-18 18:15,32,22,10,0,0,0
2024-02-18 18:30,34,24,10,0,0,0
2024-02-18 18:45,31,17,14,0,0,0
2024-02-18 19:00,17,8,9,0,0,0
2024-02-18 19:15,46,29,17,0,0,0
2024-02-18 19:30,30,14,16,0,0,0
2024-02-18 19:45,24,7,17,0,0,0
2024-02-18 20:00,31,16,15,0,0,0
2024-02-18 20:15,23,13,10,0,0,0
2024-02-18 20:30,26,15,11,0,0,0
2024-02-18 20:45,20,9,11,0,0,0
2024-02-18 21:00,17,7,10,0,0,0
2024-02-18 21:15,10,4,6,0,0,0
2024-02-18 21:30,14,8,6,0,0,0
2024-02-18 21:45,6,3,3,0,0,0
2024-02-18 22:00,12,11,1,0,0,0
2024-02-18 22:15,14,13,1,0,0,0
2024-02-18 22:30,8,4,4,0,0,0
2024-02-18 22:45,14,7,7,0,0,0
2024-02-18 23:00,7,6,1,0,0,0
2024-02-18 23:15,4,3,1,0,0,0
2024-02-18 23:30,6,3,3,0,0,0
2024-02-18 23:45,0,0,0,0,0,0
2024-02-19 00:00,4,2,2,0,0,0
2024-02-19 00:15,0,0,0,0,0,0
2024-02-19 00:30,3,0,3,0,0,0
2024-02-19 00:45,1,0,1,0,0,0
2024-02-19 01:00,1,1,0,0,0,0
2024-02-19 01:15,1,0,1,0,0,0
2024-02-19 01:30,0,0,0,0,0,0
2024-02-19 01:45,1,1,0,0,0,0
2024-02-19 02:00,2,0,2,0,0,0
2024-02-19 02:15,0,0,0,0,0,0
2024-02-19 02:30,0,0,0,0,0,0
2024-02-19 02:45,0,0,0,0,0,0
2024-02-19 03:00,2,2,0,0,0,0
2024-02-19 03:15,0,0,0,0,0,0
2024-02-19 03:30,0,0,0,0,0,0
2024-02-19 03:45,1,0,1,0,0,0
2024-02-19 04:00,1,0,1,0,0,0
2024-02-19 04:15,1,1,0,0,0,0
2024-02-19 04:30,1,0,1,0,0,0
2024-02-19 04:45,2,2,0,0,0,0
2024-02-19 05:00,1,1,0,0,0,0
2024-02-19 05:15,4,0,4,0,0,0
2024-02-19 05:30,13,6,7,0,0,0
2024-02-19 05:45,25,17,8,0,0,0
2024-02-19 06:00,4,3,1,0,0,0
2024-02-19 06:15,30,17,13,0,0,0
2024-02-19 06:30,47,29,18,0,0,0
2024-02-19 06:45,60,39,21,0,0,0
2024-02-19 07:00,80,59,21,0,0,0
2024-02-19 07:15,151,107,44,0,0,0
2024-02-19 07:30,306,248,58,0,0,0
2024-02-19 07:45,198,140,58,0,0,0
2024-02-19 08:00,135,99,36,0,0,0
2024-02-19 08:15,148,111,37,0,0,0
2024-02-19 08:30,135,103,32,0,0,0
2024-02-19 08:45,142,110,32,0,0,0
2024-02-19 09:00,103,72,31,0,0,0
2024-02-19 09:15,94,65,29,0,0,0
2024-02-19 09:30,96,75,21,0,0,0
2024-02-19 09:45,112,88,24,0,0,0
2024-02-19 10:00,90,64,26,0,0,0
2024-02-19 10:15,85,60,25,0,0,0
2024-02-19 10:30,108,82,26,0,0,0
2024-02-19 10:45,85,51,34,0,0,0
2024-02-19 11:00,81,53,28,0,0,0
2024-02-19 11:15,90,59,31,0,0,0
2024-02-19 11:30,81,47,34,0,0,0
2024-02-19 11:45,103,65,38,0,0,0
2024-02-19 12:00,101,60,41,0,0,0
2024-02-19 12:15,81,43,38,0,0,0
2024-02-19 12:30,109,40,69,0,0,0
2024-02-19 12:45,120,73,47,0,0,0
2024-02-19 13:00,111,46,65,0,0,0
2024-02-19 13:15,92,54,38,0,0,0
2024-02-19 13:30,100,57,43,0,0,0
2024-02-19 13:45,118,56,62,0,0,0
2024-02-19 14:00,102,44,58,0,0,0
2024-02-19 14:15,84,58,26,0,0,0
2024-02-19 14:30,97,56,41,0,0,0
2024-02-19 14:45,125,75,50,0,0,0
2024-02-19 15:00,145,74,71,0,0,0
2024-02-19 15:15,106,67,39,0,0,0
2024-02-19 15:30,118,79,39,0,0,0
2024-02-19 15:45,147,92,55,0,0,0
2024-02-19 16:00,138,99,39,0,0,0
2024-02-19 16:15,112,61,51,0,0,0
2024-02-19 16:30,130,81,49,0,0,0
2024-02-19 16:45,145,104,41,0,0,0
2024-02-19 17:00,134,69,65,0,0,0
2024-02-19 17:15,134,75,59,0,0,0
2024-02-19 17:30,126,60,66,0,0,0
2024-02-19 17:45,138,73,65,0,0,0
2024-02-19 18:00,122,56,66,0,0,0
2024-02-19 18:15,86,40,46,0,0,0
2024-02-19 18:30,75,33,42,0,0,0
2024-02-19 18:45,88,46,42,0,0,0
2024-02-19 19:00,70,37,33,0,0,0
2024-02-19 19:15,78,44,34,0,0,0
2024-02-19 19:30,65,31,34,0,0,0
2024-02-19 19:45,81,42,39,0,0,0
2024-02-19 20:00,63,30,33,0,0,0
2024-02-19 20:15,49,32,17,0,0,0
2024-02-19 20:30,35,25,10,0,0,0
2024-02-19 20:45,41,26,15,0,0,0
2024-02-19 21:00,31,16,15,0,0,0
2024-02-19 21:15,32,23,9,0,0,0
2024-02-19 21:30,39,19,20,0,0,0
2024-02-19 21:45,28,18,10,0,0,0
2024-02-19 22:00,40,23,17,0,0,0
2024-02-19 22:15,24,6,18,0,0,0
2024-02-19 22:30,22,12,10,0,0,0
2024-02-19 22:45,21,12,9,0,0,0
2024-02-19 23:00,17,5,12,0,0,0
2024-02-19 23:15,12,4,8,0,0,0
2024-02-19 23:30,5,2,3,0,0,0
2024-02-19 23:45,7,3,4,0,0,0
2024-02-20 00:00,3,2,1,0,0,0
2024-02-20 00:15,3,0,3,0,0,0
2024-02-20 00:30,6,3,3,0,0,0
2024-02-20 00:45,2,0,2,0,0,0
2024-02-20 01:00,0,0,0,0,0,0
2024-02-20 01:15,2,0,2,0,0,0
2024-02-20 01:30,4,2,2,0,0,0
2024-02-20 01:45,0,0,0,0,0,0
2024-02-20 02:00,1,1,0,0,0,0
2024-02-20 02:15,0,0,0,0,0,0
2024-02-20 02:30,0,0,0,0,0,0
2024-02-20 02:45,0,0,0,0,0,0
2024-02-20 03:00,0,0,0,0,0,0
2024-02-20 03:15,0,0,0,0,0,0
2024-02-20 03:30,0,0,0,0,0,0
2024-02-20 03:45,0,0,0,0,0,0
2024-02-20 04:00,1,1,0,0,0,0
2024-02-20 04:15,2,1,1,0,0,0
2024-02-20 04:30,4,3,1,0,0,0
2024-02-20 04:45,1,1,0,0,0,0
2024-02-20 05:00,1,1,0,0,0,0
2024-02-20 05:15,5,4,1,0,0,0
2024-02-20 05:30,17,8,9,0,0,0
2024-02-20 05:45,13,7,6,0,0,0
2024-02-20 06:00,21,15,6,0,0,0
2024-02-20 06:15,28,16,12,0,0,0
2024-02-20 06:30,42,26,16,0,0,0
2024-02-20 06:45,66,42,24,0,0,0
2024-02-20 07:00,90,57,33,0,0,0
2024-02-20 07:15,185,143,42,0,0,0
2024-02-20 07:30,296,245,51,0,0,0
2024-02-20 07:45,225,165,60,0,0,0
2024-02-20 08:00,157,121,36,0,0,0
2024-02-20 08:15,156,97,59,0,0,0
2024-02-20 08:30,154,120,34,0,0,0
2024-02-20 08:45,171,129,42,0,0,0
2024-02-20 09:00,99,72,27,0,0,0
2024-02-20 09:15,103,86,17,0,0,0
2024-02-20 09:30,99,83,16,0,0,0
2024-02-20 09:45,136,93,43,0,0,0
2024-02-20 10:00,77,53,24,0,0,0
2024-02-20 10:15,81,49,32,0,0,0
2024-02-20 10:30,87,63,24,0,0,0
2024-02-20 10:45,101,71,30,0,0,0
2024-02-20 11:00,93,43,50,0,0,0
2024-02-20 11:15,83,56,27,0,0,0
2024-02-20 11:30,99,59,40,0,0,0
2024-02-20 11:45,112,70,42,0,0,0
2024-02-20 12:00,87,53,34,0,0,0
2024-02-20 12:15,99,52,47,0,0,0
2024-02-20 12:30,113,65,48,0,0,0
2024-02-20 12:45,122,75,47,0,0,0
2024-02-20 13:00,137,74,63,0,0,0
2024-02-20 13:15,140,66,74,0,0,0
2024-02-20 13:30,113,60,53,0,0,0
2024-02-20 13:45,136,66,70,0,0,0
2024-02-20 14:00,143,63,80,0,0,0
2024-02-20 14:15,121,76,45,0,0,0
2024-02-20 14:30,127,73,54,0,0,0
2024-02-20 14:45,157,85,72,0,0,0
2024-02-20 15:00,156,79,77,0,0,0
2024-02-20 15:15,140,74,66,0,0,0
2024-02-20 15:30,156,86,70,0,0,0
2024-02-20 15:45,148,80,68,0,0,0
2024-02-20 16:00,161,87,74,0,0,0
2024-02-20 16:15,148,81,67,0,0,0
2024-02-20 16:30,174,95,79,0,0,0
2024-02-20 16:45,182,98,84,0,0,0
2024-02-20 17:00,161,72,89,0,0,0
2024-02-20 17:15,165,85,80,0,0,0
2024-02-20 17:30,179,68,111,0,0,0
2024-02-20 17:45,176,79,97,0,0,0
2024-02-20 18:00,169,89,80,0,0,0
2024-02-20 18:15,142,75,67,0,0,0
2024-02-20 18:30,126,70,56,0,0,0
2024-02-20 18:45,175,101,74,0,0,0
2024-02-20 19:00,104,57,47,0,0,0
2024-02-20 19:15,109,50,59,0,0,0
2024-02-20 19:30,74,42,32,0,0,0
2024-02-20 19:45,111,51,60,0,0,0
2024-02-20 20:00,81,42,39,0,0,0
2024-02-20 20:15,56,20,36,0,0,0
2024-02-20 20:30,33,12,21,0,0,0
2024-02-20 20:45,44,15,29,0,0,0
2024-02-20 21:00,32,18,14,0,0,0
2024-02-20 21:15,50,23,27,0,0,0
2024-02-20 21:30,41,13,28,0,0,0
2024-02-20 21:45,48,23,25,0,0,0
2024-02-20 22:00,61,23,38,0,0,0
2024-02-20 22:15,57,30,27,0,0,0
2024-02-20 22:30,38,13,25,0,0,0
2024-02-20 22:45,50,34,16,0,0,0
2024-02-20 23:00,41,18,23,0,0,0
2024-02-20 23:15,18,5,13,0,0,0
2024-02-20 23:30,19,17,2,0,0,0
2024-02-20 23:45,14,5,9,0,0,0
2024-02-21 00:00,13,3,10,0,0,0
2024-02-21 00:15,13,4,9,0,0,0
2024-02-21 00:30,8,4,4,0,0,0
2024-02-21 00:45,3,3,0,0,0,0
2024-02-21 01:00,4,0,4,0,0,0
2024-02-21 01:15,3,0,3,0,0,0
2024-02-21 01:30,4,3,1,0,0,0
2024-02-21 01:45,2,0,2,0,0,0
2024-02-21 02:00,0,0,0,0,0,0
2024-02-21 02:15,1,0,1,0,0,0
2024-02-21 02:30,0,0,0,0,0,0
2024-02-21 02:45,0,0,0,0,0,0
2024-02-21 03:00,1,1,0,0,0,0
2024-02-21 03:15,0,0,0,0,0,0
2024-02-21 03:30,0,0,0,0,0,0
2024-02-21 03:45,1,1,0,0,0,0
2024-02-21 04:00,0,0,0,0,0,0
2024-02-21 04:15,4,3,1,0,0,0
2024-02-21 04:30,1,1,0,0,0,0
2024-02-21 04:45,1,0,1,0,0,0
2024-02-21 05:00,1,1,0,0,0,0
2024-02-21 05:15,11,8,3,0,0,0
2024-02-21 05:30,11,3,8,0,0,0
2024-02-21 05:45,27,16,11,0,0,0
2024-02-21 06:00,17,13,4,0,0,0
2024-02-21 06:15,36,23,13,0,0,0
2024-02-21 06:30,37,22,15,0,0,0
2024-02-21 06:45,74,48,26,0,0,0
2024-02-21 07:00,72,43,29,0,0,0
2024-02-21 07:15,182,131,51,0,0,0
2024-02-21 07:30,296,236,60,0,0,0
2024-02-21 07:45,225,152,73,0,0,0
2024-02-21 08:00,157,115,42,0,0,0
2024-02-21 08:15,138,104,34,0,0,0
2024-02-21 08:30,167,125,42,0,0,0
2024-02-21 08:45,146,114,32,0,0,0
2024-02-21 09:00,140,110,30,0,0,0
2024-02-21 09:15,123,90,33,0,0,0
2024-02-21 09:30,111,82,29,0,0,0
2024-02-21 09:45,146,111,35,0,0,0
2024-02-21 10:00,109,84,25,0,0,0
2024-02-21 10:15,117,83,34,0,0,0
2024-02-21 10:30,106,78,28,0,0,0
2024-02-21 10:45,127,94,33,0,0,0
2024-02-21 11:00,130,83,47,0,0,0
2024-02-21 11:15,141,87,54,0,0,0
2024-02-21 11:30,100,60,40,0,0,0
2024-02-21 11:45,122,78,44,0,0,0
2024-02-21 12:00,121,69,52,0,0,0
2024-02-21 12:15,137,71,66,0,0,0
2024-02-21 12:30,175,94,81,0,0,0
2024-02-21 12:45,150,85,65,0,0,0
2024-02-21 13:00,148,75,73,0,0,0
2024-02-21 13:15,125,59,66,0,0,0
2024-02-21 13:30,126,72,54,0,0,0
2024-02-21 13:45,131,60,71,0,0,0
2024-02-21 14:00,148,64,84,0,0,0
2024-02-21 14:15,129,60,69,0,0,0
2024-02-21 14:30,107,63,44,0,0,0
2024-02-21 14:45,153,80,73,0,0,0
2024-02-21 15:00,120,74,46,0,0,0
2024-02-21 15:15,137,65,72,0,0,0
2024-02-21 15:30,150,78,72,0,0,0
2024-02-21 15:45,153,96,57,0,0,0
2024-02-21 16:00,171,100,71,0,0,0
2024-02-21 16:15,142,61,81,0,0,0
2024-02-21 16:30,146,67,79,0,0,0
2024-02-21 16:45,136,58,78,0,0,0
2024-02-21 17:00,149,65,84,0,0,0
2024-02-21 17:15,170,84,86,0,0,0
2024-02-21 17:30,135,64,71,0,0,0
2024-02-21 17:45,182,107,75,0,0,0
2024-02-21 18:00,166,66,100,0,0,0
2024-02-21 18:15,134,63,71,0,0,0
2024-02-21 18:30,108,58,50,0,0,0
2024-02-21 18:45,135,64,71,0,0,0
2024-02-21 19:00,91,45,46,0,0,0
2024-02-21 19:15,78,33,45,0,0,0
2024-02-21 19:30,73,36,37,0,0,0
2024-02-21 19:45,90,29,61,0,0,0
2024-02-21 20:00,57,30,27,0,0,0
2024-02-21 20:15,56,22,34,0,0,0
2024-02-21 20:30,33,17,16,0,0,0
2024-02-21 20:45,41,15,26,0,0,0
2024-02-21 21:00,33,14,19,0,0,0
2024-02-21 21:15,38,14,24,0,0,0
2024-02-21 21:30,32,17,15,0,0,0
2024-02-21 21:45,77,42,35,0,0,0
2024-02-21 22:00,43,20,23,0,0,0
2024-02-21 22:15,41,12,29,0,0,0
2024-02-21 22:30,32,13,19,0,0,0
2024-02-21 22:45,29,19,10,0,0,0
2024-02-21 23:00,33,23,10,0,0,0
2024-02-21 23:15,21,10,11,0,0,0
2024-02-21 23:30,12,5,7,0,0,0
2024-02-21 23:45,21,11,10,0,0,0
