Datetime,100034983 (Warendorfer Straße),101034983 (Warendorfer Straße stadteinwärts),102034983 (Warendorfer Straße stadtauswärts),100034983-status,101034983-status,102034983-status
2025-02-01 00:00,17,7,10,0,0,0
2025-02-01 00:15,29,9,20,0,0,0
2025-02-01 00:30,15,4,11,0,0,0
2025-02-01 00:45,26,10,16,0,0,0
2025-02-01 01:00,17,4,13,0,0,0
2025-02-01 01:15,13,6,7,0,0,0
2025-02-01 01:30,18,4,14,0,0,0
2025-02-01 01:45,6,1,5,0,0,0
2025-02-01 02:00,11,4,7,0,0,0
2025-02-01 02:15,7,1,6,0,0,0
2025-02-01 02:30,7,2,5,0,0,0
2025-02-01 02:45,5,1,4,0,0,0
2025-02-01 03:00,0,0,0,0,0,0
2025-02-01 03:15,4,0,4,0,0,0
2025-02-01 03:30,2,0,2,0,0,0
2025-02-01 03:45,3,0,3,0,0,0
2025-02-01 04:00,3,1,2,0,0,0
2025-02-01 04:15,1,0,1,0,0,0
2025-02-01 04:30,0,0,0,0,0,0
2025-02-01 04:45,2,2,0,0,0,0
2025-02-01 05:00,2,1,1,0,0,0
2025-02-01 05:15,2,1,1,0,0,0
2025-02-01 05:30,9,4,5,0,0,0
2025-02-01 05:45,9,3,6,0,0,0
2025-02-01 06:00,7,5,2,0,0,0
2025-02-01 06:15,6,4,2,0,0,0
2025-02-01 06:30,7,6,1,0,0,0
2025-02-01 06:45,4,3,1,0,0,0
2025-02-01 07:00,5,4,1,0,0,0
2025-02-01 07:15,9,8,1,0,0,0
2025-02-01 07:30,17,10,7,0,0,0
2025-02-01 07:45,40,26,14,0,0,0
2025-02-01 08:00,19,16,3,0,0,0
2025-02-01 08:15,29,27,2,0,0,0
2025-02-01 08:30,29,22,7,0,0,0
2025-02-01 08:45,46,31,15,0,0,0
2025-02-01 09:00,48,28,20,0,0,0
2025-02-01 09:15,47,33,14,0,0,0
2025-02-01 09:30,65,51,14,0,0,0
2025-02-01 09:45,99,74,25,0,0,0
2025-02-01 10:00,76,54,22,0,0,0
2025-02-01 10:15,93,74,19,0,0,0
2025-02-01 10:30,74,50,24,0,0,0
2025-02-01 10:45,98,68,30,0,0,0
2025-02-01 11:00,104,72,32,0,0,0
2025-02-01 11:15,107,76,31,0,0,0
2025-02-01 11:30,95,62,33,0,0,0
2025-02-01 11:45,135,82,53,0,0,0
2025-02-01 12:00,100,69,31,0,0,0
2025-02-01 12:15,114,74,40,0,0,0
2025-02-01 12:30,116,47,69,0,0,0
2025-02-01 12:45,146,81,65,0,0,0
2025-02-01 13:00,129,74,55,0,0,0
2025-02-01 13:15,128,64,64,0,0,0
2025-02-01 13:30,109,53,56,0,0,0
2025-02-01 13:45,144,65,79,0,0,0
2025-02-01 14:00,96,44,52,0,0,0
2025-02-01 14:15,111,50,61,0,0,0
2025-02-01 14:30,108,33,75,0,0,0
2025-02-01 14:45,120,56,64,0,0,0
2025-02-01 15:00,100,42,58,0,0,0
2025-02-01 15:15,103,39,64,0,0,0
2025-02-01 15:30,85,28,57,0,0,0
2025-02-01 15:45,79,37,42,0,0,0
2025-02-01 16:00,90,41,49,0,0,0
2025-02-01 16:15,93,39,54,0,0,0
2025-02-01 16:30,86,41,45,0,0,0
2025-02-01 16:45,86,30,56,0,0,0
2025-02-01 17:00,111,38,73,0,0,0
2025-02-01 17:15,79,32,47,0,0,0
2025-02-01 17:30,76,24,52,0,0,0
2025-02-01 17:45,87,36,51,0,0,0
2025-02-01 18:00,76,29,47,0,0,0
2025-02-01 18:15,71,28,43,0,0,0
2025-02-01 18:30,58,36,22,0,0,0
2025-02-01 18:45,78,43,35,0,0,0
2025-02-01 19:00,72,32,40,0,0,0
2025-02-01 19:15,59,29,30,0,0,0
2025-02-01 19:30,58,24,34,0,0,0
2025-02-01 19:45,59,42,17,0,0,0
2025-02-01 20:00,40,21,19,0,0,0
2025-02-01 20:15,34,15,19,0,0,0
2025-02-01 20:30,30,8,22,0,0,0
2025-02-01 20:45,31,16,15,0,0,0
2025-02-01 21:00,29,9,20,0,0,0
2025-02-01 21:15,30,11,19,0,0,0
2025-02-01 21:30,33,5,28,0,0,0
2025-02-01 21:45,33,14,19,0,0,0
2025-02-01 22:00,46,17,29,0,0,0
2025-02-01 22:15,30,11,19,0,0,0
2025-02-01 22:30,27,6,21,0,0,0
2025-02-01 22:45,24,6,18,0,0,0
2025-02-01 23:00,27,11,16,0,0,0
2025-02-01 23:15,40,12,28,0,0,0
2025-02-01 23:30,29,16,13,0,0,0
2025-02-01 23:45,31,10,21,0,0,0
2025-02-02 00:00,29,7,22,0,0,0
2025-02-02 00:15,20,7,13,0,0,0
2025-02-02 00:30,16,4,12,0,0,0
2025-02-02 00:45,19,6,13,0,0,0
2025-02-02 01:00,16,3,13,0,0,0
2025-02-02 01:15,9,3,6,0,0,0
2025-02-02 01:30,13,2,11,0,0,0
2025-02-02 01:45,11,4,7,0,0,0
2025-02-02 02:00,10,5,5,0,0,0
2025-02-02 02:15,6,1,5,0,0,0
2025-02-02 02:30,5,2,3,0,0,0
2025-02-02 02:45,6,2,4,0,0,0
2025-02-02 03:00,5,0,5,0,0,0
2025-02-02 03:15,9,0,9,0,0,0
2025-02-02 03:30,4,0,4,0,0,0
2025-02-02 03:45,2,0,2,0,0,0
2025-02-02 04:00,4,1,3,0,0,0
2025-02-02 04:15,3,0,3,0,0,0
2025-02-02 04:30,3,2,1,0,0,0
2025-02-02 04:45,1,1,0,0,0,0
2025-02-02 05:00,1,0,1,0,0,0
2025-02-02 05:15,3,2,1,0,0,0
2025-02-02 05:30,7,4,3,0,0,0
2025-02-02 05:45,5,0,5,0,0,0
2025-02-02 06:00,7,4,3,0,0,0
2025-02-02 06:15,8,4,4,0,0,0
2025-02-02 06:30,6,5,1,0,0,0
2025-02-02 06:45,4,3,1,0,0,0
2025-02-02 07:00,1,0,1,0,0,0
2025-02-02 07:15,2,0,2,0,0,0
2025-02-02 07:30,8,7,1,0,0,0
2025-02-02 07:45,10,8,2,0,0,0
2025-02-02 08:00,8,7,1,0,0,0
2025-02-02 08:15,8,7,1,0,0,0
2025-02-02 08:30,15,13,2,0,0,0
2025-02-02 08:45,23,10,13,0,0,0
2025-02-02 09:00,14,8,6,0,0,0
2025-02-02 09:15,27,21,6,0,0,0
2025-02-02 09:30,30,19,11,0,0,0
2025-02-02 09:45,34,22,12,0,0,0
2025-02-02 10:00,34,21,13,0,0,0
2025-02-02 10:15,22,12,10,0,0,0
2025-02-02 10:30,26,21,5,0,0,0
2025-02-02 10:45,40,28,12,0,0,0
2025-02-02 11:00,24,12,12,0,0,0
2025-02-02 11:15,28,16,12,0,0,0
2025-02-02 11:30,29,22,7,0,0,0
2025-02-02 11:45,36,25,11,0,0,0
2025-02-02 12:00,39,22,17,0,0,0
2025-02-02 12:15,34,19,15,0,0,0
2025-02-02 12:30,39,23,16,0,0,0
2025-02-02 12:45,45,24,21,0,0,0
2025-02-02 13:00,45,28,17,0,0,0
2025-02-02 13:15,49,21,28,0,0,0
2025-02-02 13:30,45,21,24,0,0,0
2025-02-02 13:45,72,31,41,0,0,0
2025-02-02 14:00,60,25,35,0,0,0
2025-02-02 14:15,58,32,26,0,0,0
2025-02-02 14:30,71,32,39,0,0,0
2025-02-02 14:45,58,34,24,0,0,0
2025-02-02 15:00,48,27,21,0,0,0
2025-02-02 15:15,49,29,20,0,0,0
2025-02-02 15:30,63,31,32,0,0,0
2025-02-02 15:45,58,28,30,0,0,0
2025-02-02 16:00,58,33,25,0,0,0
2025-02-02 16:15,38,18,20,0,0,0
2025-02-02 16:30,51,27,24,0,0,0
2025-02-02 16:45,60,19,41,0,0,0
2025-02-02 17:00,47,17,30,0,0,0
2025-02-02 17:15,49,26,23,0,0,0
2025-02-02 17:30,57,28,29,0,0,0
2025-02-02 17:45,63,30,33,0,0,0
2025-02-02 18:00,46,17,29,0,0,0
2025-02-02 18:15,34,19,15,0,0,0
2025-02-02 18:30,24,10,14,0,0,0
2025-02-02 18:45,43,25,18,0,0,0
2025-02-02 19:00,22,9,13,0,0,0
2025-02-02 19:15,28,11,17,0,0,0
2025-02-02 19:30,35,13,22,0,0,0
2025-02-02 19:45,37,10,27,0,0,0
2025-02-02 20:00,26,7,19,0,0,0
2025-02-02 20:15,34,12,22,0,0,0
2025-02-02 20:30,19,3,16,0,0,0
2025-02-02 20:45,24,6,18,0,0,0
2025-02-02 21:00,33,11,22,0,0,0
2025-02-02 21:15,23,9,14,0,0,0
2025-02-02 21:30,17,9,8,0,0,0
2025-02-02 21:45,16,9,7,0,0,0
2025-02-02 22:00,14,4,10,0,0,0
2025-02-02 22:15,14,4,10,0,0,0
2025-02-02 22:30,15,7,8,0,0,0
2025-02-02 22:45,11,7,4,0,0,0
2025-02-02 23:00,8,3,5,0,0,0
2025-02-02 23:15,6,3,3,0,0,0
2025-02-02 23:30,4,2,2,0,0,0
2025-02-02 23:45,7,1,6,0,0,0
2025-02-03 00:00,2,0,2,0,0,0
2025-02-03 00:15,5,4,1,0,0,0
2025-02-03 00:30,1,0,1,0,0,0
2025-02-03 00:45,2,0,2,0,0,0
2025-02-03 01:00,5,0,5,0,0,0
2025-02-03 01:15,1,1,0,0,0,0
2025-02-03 01:30,0,0,0,0,0,0
2025-02-03 01:45,1,0,1,0,0,0
2025-02-03 02:00,0,0,0,0,0,0
2025-02-03 02:15,1,0,1,0,0,0
2025-02-03 02:30,0,0,0,0,0,0
2025-02-03 02:45,0,0,0,0,0,0
2025-02-03 03:00,0,0,0,0,0,0
2025-02-03 03:15,0,0,0,0,0,0
2025-02-03 03:30,0,0,0,0,0,0
2025-02-03 03:45,1,1,0,0,0,0
2025-02-03 04:00,3,2,1,0,0,0
2025-02-03 04:15,1,0,1,0,0,0
2025-02-03 04:30,1,0,1,0,0,0
2025-02-03 04:45,1,1,0,0,0,0
2025-02-03 05:00,2,2,0,0,0,0
2025-02-03 05:15,3,2,1,0,0,0
2025-02-03 05:30,10,5,5,0,0,0
2025-02-03 05:45,11,6,5,0,0,0
2025-02-03 06:00,12,7,5,0,0,0
2025-02-03 06:15,39,22,17,0,0,0
2025-02-03 06:30,38,26,12,0,0,0
2025-02-03 06:45,52,27,25,0,0,0
2025-02-03 07:00,79,51,28,0,0,0
2025-02-03 07:15,122,80,42,0,0,0
2025-02-03 07:30,203,153,50,0,0,0
2025-02-03 07:45,167,104,63,0,0,0
2025-02-03 08:00,105,69,36,0,0,0
2025-02-03 08:15,136,103,33,0,0,0
2025-02-03 08:30,133,102,31,0,0,0
2025-02-03 08:45,143,106,37,0,0,0
2025-02-03 09:00,89,65,24,0,0,0
2025-02-03 09:15,88,70,18,0,0,0
2025-02-03 09:30,67,46,21,0,0,0
2025-02-03 09:45,83,60,23,0,0,0
2025-02-03 10:00,69,48,21,0,0,0
2025-02-03 10:15,67,44,23,0,0,0
2025-02-03 10:30,61,37,24,0,0,0
2025-02-03 10:45,72,53,19,0,0,0
2025-02-03 11:00,67,39,28,0,0,0
2025-02-03 11:15,85,43,42,0,0,0
2025-02-03 11:30,91,48,43,0,0,0
2025-02-03 11:45,99,60,39,0,0,0
2025-02-03 12:00,73,37,36,0,0,0
2025-02-03 12:15,80,42,38,0,0,0
2025-02-03 12:30,101,43,58,0,0,0
2025-02-03 12:45,95,53,42,0,0,0
2025-02-03 13:00,106,46,60,0,0,0
2025-02-03 13:15,97,43,54,0,0,0
2025-02-03 13:30,68,40,28,0,0,0
2025-02-03 13:45,100,46,54,0,0,0
2025-02-03 14:00,105,42,63,0,0,0
2025-02-03 14:15,132,63,69,0,0,0
2025-02-03 14:30,122,53,69,0,0,0
2025-02-03 14:45,126,70,56,0,0,0
2025-02-03 15:00,107,53,54,0,0,0
2025-02-03 15:15,126,63,63,0,0,0
2025-02-03 15:30,114,53,61,0,0,0
2025-02-03 15:45,138,77,61,0,0,0
2025-02-03 16:00,143,60,83,0,0,0
2025-02-03 16:15,152,67,85,0,0,0
2025-02-03 16:30,134,67,67,0,0,0
2025-02-03 16:45,157,72,85,0,0,0
2025-02-03 17:00,142,63,79,0,0,0
2025-02-03 17:15,151,63,88,0,0,0
2025-02-03 17:30,129,53,76,0,0,0
2025-02-03 17:45,149,72,77,0,0,0
2025-02-03 18:00,127,55,72,0,0,0
2025-02-03 18:15,101,52,49,0,0,0
2025-02-03 18:30,86,34,52,0,0,0
2025-02-03 18:45,109,51,58,0,0,0
2025-02-03 19:00,74,21,53,0,0,0
2025-02-03 19:15,69,31,38,0,0,0
2025-02-03 19:30,69,33,36,0,0,0
2025-02-03 19:45,65,24,41,0,0,0
2025-02-03 20:00,55,12,43,0,0,0
2025-02-03 20:15,40,12,28,0,0,0
2025-02-03 20:30,38,16,22,0,0,0
2025-02-03 20:45,29,9,20,0,0,0
2025-02-03 21:00,33,13,20,0,0,0
2025-02-03 21:15,37,13,24,0,0,0
2025-02-03 21:30,41,16,25,0,0,0
2025-02-03 21:45,40,14,26,0,0,0
2025-02-03 22:00,35,6,29,0,0,0
2025-02-03 22:15,22,7,15,0,0,0
2025-02-03 22:30,19,6,13,0,0,0
2025-02-03 22:45,32,15,17,0,0,0
2025-02-03 23:00,25,6,19,0,0,0
2025-02-03 23:15,11,8,3,0,0,0
2025-02-03 23:30,9,1,8,0,0,0
2025-02-03 23:45,14,5,9,0,0,0
2025-02-04 00:00,5,3,2,0,0,0
2025-02-04 00:15,10,3,7,0,0,0
2025-02-04 00:30,3,0,3,0,0,0
2025-02-04 00:45,5,1,4,0,0,0
2025-02-04 01:00,3,1,2,0,0,0
2025-02-04 01:15,3,0,3,0,0,0
2025-02-04 01:30,1,0,1,0,0,0
2025-02-04 01:45,2,0,2,0,0,0
2025-02-04 02:00,2,0,2,0,0,0
2025-02-04 02:15,0,0,0,0,0,0
2025-02-04 02:30,0,0,0,0,0,0
2025-02-04 02:45,0,0,0,0,0,0
2025-02-04 03:00,0,0,0,0,0,0
2025-02-04 03:15,0,0,0,0,0,0
2025-02-04 03:30,0,0,0,0,0,0
2025-02-04 03:45,0,0,0,0,0,0
2025-02-04 04:00,1,1,0,0,0,0
2025-02-04 04:15,1,0,1,0,0,0
2025-02-04 04:30,1,0,1,0,0,0
2025-02-04 04:45,0,0,0,0,0,0
2025-02-04 05:00,3,2,1,0,0,0
2025-02-04 05:15,6,4,2,0,0,0
2025-02-04 05:30,6,2,4,0,0,0
2025-02-04 05:45,12,9,3,0,0,0
2025-02-04 06:00,12,8,4,0,0,0
2025-02-04 06:15,28,17,11,0,0,0
2025-02-04 06:30,53,27,26,0,0,0
2025-02-04 06:45,52,24,28,0,0,0
2025-02-04 07:00,78,51,27,0,0,0
2025-02-04 07:15,132,86,46,0,0,0
2025-02-04 07:30,214,158,56,0,0,0
2025-02-04 07:45,212,139,73,0,0,0
2025-02-04 08:00,128,84,44,0,0,0
2025-02-04 08:15,136,103,33,0,0,0
2025-02-04 08:30,124,91,33,0,0,0
2025-02-04 08:45,156,118,38,0,0,0
2025-02-04 09:00,87,61,26,0,0,0
2025-02-04 09:15,107,78,29,0,0,0
2025-02-04 09:30,83,59,24,0,0,0
2025-02-04 09:45,111,77,34,0,0,0
2025-02-04 10:00,67,41,26,0,0,0
2025-02-04 10:15,71,46,25,0,0,0
2025-02-04 10:30,72,47,25,0,0,0
2025-02-04 10:45,86,51,35,0,0,0
2025-02-04 11:00,65,49,16,0,0,0
2025-02-04 11:15,69,38,31,0,0,0
2025-02-04 11:30,78,38,40,0,0,0
2025-02-04 11:45,89,39,50,0,0,0
2025-02-04 12:00,95,49,46,0,0,0
2025-02-04 12:15,86,45,41,0,0,0
2025-02-04 12:30,107,41,66,0,0,0
2025-02-04 12:45,95,57,38,0,0,0
2025-02-04 13:00,104,35,69,0,0,0
2025-02-04 13:15,123,52,71,0,0,0
2025-02-04 13:30,94,45,49,0,0,0
2025-02-04 13:45,93,46,47,0,0,0
2025-02-04 14:00,111,43,68,0,0,0
2025-02-04 14:15,132,66,66,0,0,0
2025-02-04 14:30,109,59,50,0,0,0
2025-02-04 14:45,108,51,57,0,0,0
2025-02-04 15:00,104,56,48,0,0,0
2025-02-04 15:15,138,64,74,0,0,0
2025-02-04 15:30,106,57,49,0,0,0
2025-02-04 15:45,163,80,83,0,0,0
2025-02-04 16:00,144,70,74,0,0,0
2025-02-04 16:15,131,55,76,0,0,0
2025-02-04 16:30,131,66,65,0,0,0
2025-02-04 16:45,137,53,84,0,0,0
2025-02-04 17:00,146,54,92,0,0,0
2025-02-04 17:15,144,57,87,0,0,0
2025-02-04 17:30,128,47,81,0,0,0
2025-02-04 17:45,141,58,83,0,0,0
2025-02-04 18:00,138,58,80,0,0,0
2025-02-04 18:15,131,62,69,0,0,0
2025-02-04 18:30,91,41,50,0,0,0
2025-02-04 18:45,117,50,67,0,0,0
2025-02-04 19:00,104,45,59,0,0,0
2025-02-04 19:15,94,47,47,0,0,0
2025-02-04 19:30,49,23,26,0,0,0
2025-02-04 19:45,64,21,43,0,0,0
2025-02-04 20:00,51,22,29,0,0,0
2025-02-04 20:15,44,13,31,0,0,0
2025-02-04 20:30,39,13,26,0,0,0
2025-02-04 20:45,40,16,24,0,0,0
2025-02-04 21:00,42,16,26,0,0,0
2025-02-04 21:15,38,15,23,0,0,0
2025-02-04 21:30,39,12,27,0,0,0
2025-02-04 21:45,41,14,27,0,0,0
2025-02-04 22:00,50,11,39,0,0,0
2025-02-04 22:15,36,9,27,0,0,0
2025-02-04 22:30,32,9,23,0,0,0
2025-02-04 22:45,16,9,7,0,0,0
2025-02-04 23:00,23,10,13,0,0,0
2025-02-04 23:15,14,7,7,0,0,0
2025-02-04 23:30,8,3,5,0,0,0
2025-02-04 23:45,10,4,6,0,0,0
2025-02-05 00:00,7,2,5,0,0,0
2025-02-05 00:15,2,0,2,0,0,0
2025-02-05 00:30,11,2,9,0,0,0
2025-02-05 00:45,1,0,1,0,0,0
2025-02-05 01:00,2,1,1,0,0,0
2025-02-05 01:15,1,1,0,0,0,0
2025-02-05 01:30,0,0,0,0,0,0
2025-02-05 01:45,0,0,0,0,0,0
2025-02-05 02:00,1,0,1,0,0,0
2025-02-05 02:15,2,0,2,0,0,0
2025-02-05 02:30,0,0,0,0,0,0
2025-02-05 02:45,1,0,1,0,0,0
2025-02-05 03:00,0,0,0,0,0,0
2025-02-05 03:15,3,0,3,0,0,0
2025-02-05 03:30,1,0,1,0,0,0
2025-02-05 03:45,3,1,2,0,0,0
2025-02-05 04:00,1,1,0,0,0,0
2025-02-05 04:15,0,0,0,0,0,0
2025-02-05 04:30,1,0,1,0,0,0
2025-02-05 04:45,2,2,0,0,0,0
2025-02-05 05:00,4,3,1,0,0,0
2025-02-05 05:15,5,3,2,0,0,0
2025-02-05 05:30,11,8,3,0,0,0
2025-02-05 05:45,19,9,10,0,0,0
2025-02-05 06:00,8,6,2,0,0,0
2025-02-05 06:15,28,13,15,0,0,0
2025-02-05 06:30,55,29,26,0,0,0
2025-02-05 06:45,55,29,26,0,0,0
2025-02-05 07:00,67,38,29,0,0,0
2025-02-05 07:15,123,82,41,0,0,0
2025-02-05 07:30,219,149,70,0,0,0
2025-02-05 07:45,226,153,73,0,0,0
2025-02-05 08:00,129,93,36,0,0,0
2025-02-05 08:15,132,98,34,0,0,0
2025-02-05 08:30,127,95,32,0,0,0
2025-02-05 08:45,154,125,29,0,0,0
2025-02-05 09:00,92,62,30,0,0,0
2025-02-05 09:15,91,59,32,0,0,0
2025-02-05 09:30,114,89,25,0,0,0
2025-02-05 09:45,90,60,30,0,0,0
2025-02-05 10:00,87,55,32,0,0,0
2025-02-05 10:15,82,57,25,0,0,0
2025-02-05 10:30,92,64,28,0,0,0
2025-02-05 10:45,105,62,43,0,0,0
2025-02-05 11:00,66,47,19,0,0,0
2025-02-05 11:15,95,59,36,0,0,0
2025-02-05 11:30,97,59,38,0,0,0
2025-02-05 11:45,125,75,50,0,0,0
2025-02-05 12:00,108,55,53,0,0,0
2025-02-05 12:15,115,54,61,0,0,0
2025-02-05 12:30,96,45,51,0,0,0
2025-02-05 12:45,113,62,51,0,0,0
2025-02-05 13:00,121,51,70,0,0,0
2025-02-05 13:15,101,41,60,0,0,0
2025-02-05 13:30,99,45,54,0,0,0
2025-02-05 13:45,127,53,74,0,0,0
2025-02-05 14:00,136,53,83,0,0,0
2025-02-05 14:15,110,53,57,0,0,0
2025-02-05 14:30,118,51,67,0,0,0
2025-02-05 14:45,122,46,76,0,0,0
2025-02-05 15:00,114,47,67,0,0,0
2025-02-05 15:15,142,74,68,0,0,0
2025-02-05 15:30,122,46,76,0,0,0
2025-02-05 15:45,119,63,56,0,0,0
2025-02-05 16:00,131,71,60,0,0,0
2025-02-05 16:15,132,64,68,0,0,0
2025-02-05 16:30,128,52,76,0,0,0
2025-02-05 16:45,115,44,71,0,0,0
2025-02-05 17:00,146,72,74,0,0,0
2025-02-05 17:15,140,58,82,0,0,0
2025-02-05 17:30,156,87,69,0,0,0
2025-02-05 17:45,225,157,68,0,0,0
2025-02-05 18:00,146,81,65,0,0,0
2025-02-05 18:15,133,57,76,0,0,0
2025-02-05 18:30,101,45,56,0,0,0
2025-02-05 18:45,113,39,74,0,0,0
2025-02-05 19:00,125,52,73,0,0,0
2025-02-05 19:15,117,39,78,0,0,0
2025-02-05 19:30,82,28,54,0,0,0
2025-02-05 19:45,78,26,52,0,0,0
2025-02-05 20:00,84,13,71,0,0,0
2025-02-05 20:15,65,20,45,0,0,0
2025-02-05 20:30,41,17,24,0,0,0
2025-02-05 20:45,35,14,21,0,0,0
2025-02-05 21:00,40,9,31,0,0,0
2025-02-05 21:15,44,25,19,0,0,0
2025-02-05 21:30,45,12,33,0,0,0
2025-02-05 21:45,48,15,33,0,0,0
2025-02-05 22:00,49,14,35,0,0,0
2025-02-05 22:15,34,15,19,0,0,0
2025-02-05 22:30,25,5,20,0,0,0
2025-02-05 22:45,26,10,16,0,0,0
2025-02-05 23:00,15,5,10,0,0,0
2025-02-05 23:15,33,15,18,0,0,0
2025-02-05 23:30,11,8,3,0,0,0
2025-02-05 23:45,19,8,11,0,0,0
2025-02-06 00:00,4,2,2,0,0,0
2025-02-06 00:15,12,3,9,0,0,0
2025-02-06 00:30,8,4,4,0,0,0
2025-02-06 00:45,5,3,2,0,0,0
2025-02-06 01:00,6,3,3,0,0,0
2025-02-06 01:15,3,0,3,0,0,0
2025-02-06 01:30,5,1,4,0,0,0
2025-02-06 01:45,5,1,4,0,0,0
2025-02-06 02:00,6,0,6,0,0,0
2025-02-06 02:15,2,0,2,0,0,0
2025-02-06 02:30,3,0,3,0,0,0
2025-02-06 02:45,6,0,6,0,0,0
2025-02-06 03:00,1,0,1,0,0,0
2025-02-06 03:15,3,2,1,0,0,0
2025-02-06 03:30,2,1,1,0,0,0
2025-02-06 03:45,6,2,4,0,0,0
2025-02-06 04:00,2,0,2,0,0,0
2025-02-06 04:15,5,1,4,0,0,0
2025-02-06 04:30,1,0,1,0,0,0
2025-02-06 04:45,4,2,2,0,0,0
2025-02-06 05:00,2,2,0,0,0,0
2025-02-06 05:15,3,0,3,0,0,0
2025-02-06 05:30,10,6,4,0,0,0
2025-02-06 05:45,19,9,10,0,0,0
2025-02-06 06:00,10,5,5,0,0,0
2025-02-06 06:15,24,13,11,0,0,0
2025-02-06 06:30,48,30,18,0,0,0
2025-02-06 06:45,45,29,16,0,0,0
2025-02-06 07:00,77,43,34,0,0,0
2025-02-06 07:15,105,79,26,0,0,0
2025-02-06 07:30,189,143,46,0,0,0
2025-02-06 07:45,192,133,59,0,0,0
2025-02-06 08:00,122,80,42,0,0,0
2025-02-06 08:15,123,90,33,0,0,0
2025-02-06 08:30,143,113,30,0,0,0
2025-02-06 08:45,123,92,31,0,0,0
2025-02-06 09:00,83,61,22,0,0,0
2025-02-06 09:15,86,68,18,0,0,0
2025-02-06 09:30,91,65,26,0,0,0
2025-02-06 09:45,95,66,29,0,0,0
2025-02-06 10:00,57,38,19,0,0,0
2025-02-06 10:15,61,39,22,0,0,0
2025-02-06 10:30,67,44,23,0,0,0
2025-02-06 10:45,84,45,39,0,0,0
2025-02-06 11:00,62,37,25,0,0,0
2025-02-06 11:15,76,47,29,0,0,0
2025-02-06 11:30,86,54,32,0,0,0
2025-02-06 11:45,103,52,51,0,0,0
2025-02-06 12:00,73,42,31,0,0,0
2025-02-06 12:15,85,51,34,0,0,0
2025-02-06 12:30,95,54,41,0,0,0
2025-02-06 12:45,108,52,56,0,0,0
2025-02-06 13:00,110,45,65,0,0,0
2025-02-06 13:15,112,48,64,0,0,0
2025-02-06 13:30,105,57,48,0,0,0
2025-02-06 13:45,129,71,58,0,0,0
2025-02-06 14:00,116,48,68,0,0,0
2025-02-06 14:15,107,62,45,0,0,0
2025-02-06 14:30,119,59,60,0,0,0
2025-02-06 14:45,128,77,51,0,0,0
2025-02-06 15:00,136,71,65,0,0,0
2025-02-06 15:15,125,62,63,0,0,0
2025-02-06 15:30,144,66,78,0,0,0
2025-02-06 15:45,158,68,90,0,0,0
2025-02-06 16:00,134,68,66,0,0,0
2025-02-06 16:15,138,64,74,0,0,0
2025-02-06 16:30,142,62,80,0,0,0
2025-02-06 16:45,133,75,58,0,0,0
2025-02-06 17:00,135,58,77,0,0,0
2025-02-06 17:15,126,53,73,0,0,0
2025-02-06 17:30,155,73,82,0,0,0
2025-02-06 17:45,164,79,85,0,0,0
2025-02-06 18:00,144,59,85,0,0,0
2025-02-06 18:15,131,62,69,0,0,0
2025-02-06 18:30,120,56,64,0,0,0
2025-02-06 18:45,117,63,54,0,0,0
2025-02-06 19:00,99,45,54,0,0,0
2025-02-06 19:15,94,45,49,0,0,0
2025-02-06 19:30,75,33,42,0,0,0
2025-02-06 19:45,69,24,45,0,0,0
2025-02-06 20:00,53,21,32,0,0,0
2025-02-06 20:15,39,15,24,0,0,0
2025-02-06 20:30,37,13,24,0,0,0
2025-02-06 20:45,50,24,26,0,0,0
2025-02-06 21:00,45,14,31,0,0,0
2025-02-06 21:15,60,27,33,0,0,0
2025-02-06 21:30,34,10,24,0,0,0
2025-02-06 21:45,52,18,34,0,0,0
2025-02-06 22:00,46,19,27,0,0,0
2025-02-06 22:15,38,14,24,0,0,0
2025-02-06 22:30,39,13,26,0,0,0
2025-02-06 22:45,28,11,17,0,0,0
2025-02-06 23:00,22,9,13,0,0,0
2025-02-06 23:15,11,4,7,0,0,0
2025-02-06 23:30,8,1,7,0,0,0
2025-02-06 23:45,9,8,1,0,0,0
2025-02-07 00:00,13,6,7,0,0,0
2025-02-07 00:15,9,5,4,0,0,0
2025-02-07 00:30,7,3,4,0,0,0
2025-02-07 00:45,8,5,3,0,0,0
2025-02-07 01:00,1,0,1,0,0,0
2025-02-07 01:15,6,0,6,0,0,0
2025-02-07 01:30,3,0,3,0,0,0
2025-02-07 01:45,0,0,0,0,0,0
2025-02-07 02:00,4,1,3,0,0,0
2025-02-07 02:15,3,0,3,0,0,0
2025-02-07 02:30,3,2,1,0,0,0
2025-02-07 02:45,2,1,1,0,0,0
2025-02-07 03:00,2,0,2,0,0,0
2025-02-07 03:15,0,0,0,0,0,0
2025-02-07 03:30,0,0,0,0,0,0
2025-02-07 03:45,1,0,1,0,0,0
2025-02-07 04:00,1,1,0,0,0,0
2025-02-07 04:15,1,0,1,0,0,0
2025-02-07 04:30,0,0,0,0,0,0
2025-02-07 04:45,3,1,2,0,0,0
2025-02-07 05:00,1,1,0,0,0,0
2025-02-07 05:15,10,6,4,0,0,0
2025-02-07 05:30,12,6,6,0,0,0
2025-02-07 05:45,11,4,7,0,0,0
2025-02-07 06:00,9,6,3,0,0,0
2025-02-07 06:15,21,16,5,0,0,0
2025-02-07 06:30,27,15,12,0,0,0
2025-02-07 06:45,42,23,19,0,0,0
2025-02-07 07:00,75,45,30,0,0,0
2025-02-07 07:15,104,73,31,0,0,0
2025-02-07 07:30,198,149,49,0,0,0
2025-02-07 07:45,141,103,38,0,0,0
2025-02-07 08:00,123,93,30,0,0,0
2025-02-07 08:15,113,73,40,0,0,0
2025-02-07 08:30,93,70,23,0,0,0
2025-02-07 08:45,114,82,32,0,0,0
2025-02-07 09:00,86,58,28,0,0,0
2025-02-07 09:15,76,49,27,0,0,0
2025-02-07 09:30,72,48,24,0,0,0
2025-02-07 09:45,71,60,11,0,0,0
2025-02-07 10:00,65,49,16,0,0,0
2025-02-07 10:15,105,57,48,0,0,0
2025-02-07 10:30,117,56,61,0,0,0
2025-02-07 10:45,110,66,44,0,0,0
2025-02-07 11:00,77,41,36,0,0,0
2025-02-07 11:15,85,43,42,0,0,0
2025-02-07 11:30,96,56,40,0,0,0
2025-02-07 11:45,102,59,43,0,0,0
2025-02-07 12:00,112,61,51,0,0,0
2025-02-07 12:15,98,51,47,0,0,0
2025-02-07 12:30,103,51,52,0,0,0
2025-02-07 12:45,109,60,49,0,0,0
2025-02-07 13:00,118,56,62,0,0,0
2025-02-07 13:15,89,39,50,0,0,0
2025-02-07 13:30,78,40,38,0,0,0
2025-02-07 13:45,108,60,48,0,0,0
2025-02-07 14:00,91,53,38,0,0,0
2025-02-07 14:15,109,56,53,0,0,0
2025-02-07 14:30,111,57,54,0,0,0
2025-02-07 14:45,119,76,43,0,0,0
2025-02-07 15:00,113,53,60,0,0,0
2025-02-07 15:15,124,73,51,0,0,0
2025-02-07 15:30,112,65,47,0,0,0
2025-02-07 15:45,111,48,63,0,0,0
2025-02-07 16:00,92,41,51,0,0,0
2025-02-07 16:15,104,54,50,0,0,0
2025-02-07 16:30,104,53,51,0,0,0
2025-02-07 16:45,101,44,57,0,0,0
2025-02-07 17:00,107,51,56,0,0,0
2025-02-07 17:15,123,59,64,0,0,0
2025-02-07 17:30,98,53,45,0,0,0
2025-02-07 17:45,121,64,57,0,0,0
2025-02-07 18:00,89,40,49,0,0,0
2025-02-07 18:15,76,32,44,0,0,0
2025-02-07 18:30,81,40,41,0,0,0
2025-02-07 18:45,75,34,41,0,0,0
2025-02-07 19:00,77,36,41,0,0,0
2025-02-07 19:15,76,40,36,0,0,0
2025-02-07 19:30,64,39,25,0,0,0
2025-02-07 19:45,56,33,23,0,0,0
2025-02-07 20:00,69,32,37,0,0,0
2025-02-07 20:15,30,13,17,0,0,0
2025-02-07 20:30,38,19,19,0,0,0
2025-02-07 20:45,41,16,25,0,0,0
2025-02-07 21:00,43,14,29,0,0,0
2025-02-07 21:15,27,12,15,0,0,0
2025-02-07 21:30,33,8,25,0,0,0
2025-02-07 21:45,38,13,25,0,0,0
2025-02-07 22:00,48,22,26,0,0,0
2025-02-07 22:15,27,9,18,0,0,0
2025-02-07 22:30,28,7,21,0,0,0
2025-02-07 22:45,33,17,16,0,0,0
2025-02-07 23:00,30,15,15,0,0,0
2025-02-07 23:15,29,12,17,0,0,0
2025-02-07 23:30,29,14,15,0,0,0
2025-02-07 23:45,23,5,18,0,0,0
2025-02-08 00:00,20,4,16,0,0,0
2025-02-08 00:15,18,5,13,0,0,0
2025-02-08 00:30,21,7,14,0,0,0
2025-02-08 00:45,11,7,4,0,0,0
2025-02-08 01:00,11,2,9,0,0,0
2025-02-08 01:15,13,2,11,0,0,0
2025-02-08 01:30,7,0,7,0,0,0
2025-02-08 01:45,10,2,8,0,0,0
2025-02-08 02:00,15,4,11,0,0,0
2025-02-08 02:15,6,1,5,0,0,0
2025-02-08 02:30,14,1,13,0,0,0
2025-02-08 02:45,5,0,5,0,0,0
2025-02-08 03:00,9,0,9,0,0,0
2025-02-08 03:15,9,0,9,0,0,0
2025-02-08 03:30,6,0,6,0,0,0
2025-02-08 03:45,6,1,5,0,0,0
2025-02-08 04:00,3,1,2,0,0,0
2025-02-08 04:15,4,0,4,0,0,0
2025-02-08 04:30,3,0,3,0,0,0
2025-02-08 04:45,4,1,3,0,0,0
2025-02-08 05:00,6,1,5,0,0,0
2025-02-08 05:15,3,1,2,0,0,0
2025-02-08 05:30,1,0,1,0,0,0
2025-02-08 05:45,10,2,8,0,0,0
2025-02-08 06:00,4,2,2,0,0,0
2025-02-08 06:15,6,5,1,0,0,0
2025-02-08 06:30,4,1,3,0,0,0
2025-02-08 06:45,6,4,2,0,0,0
2025-02-08 07:00,5,3,2,0,0,0
2025-02-08 07:15,15,12,3,0,0,0
2025-02-08 07:30,16,11,5,0,0,0
2025-02-08 07:45,32,25,7,0,0,0
2025-02-08 08:00,20,11,9,0,0,0
2025-02-08 08:15,26,18,8,0,0,0
2025-02-08 08:30,33,27,6,0,0,0
2025-02-08 08:45,51,30,21,0,0,0
2025-02-08 09:00,39,26,13,0,0,0
2025-02-08 09:15,49,34,15,0,0,0
2025-02-08 09:30,59,44,15,0,0,0
2025-02-08 09:45,82,66,16,0,0,0
2025-02-08 10:00,71,50,21,0,0,0
2025-02-08 10:15,77,63,14,0,0,0
2025-02-08 10:30,85,59,26,0,0,0
2025-02-08 10:45,98,69,29,0,0,0
2025-02-08 11:00,107,64,43,0,0,0
2025-02-08 11:15,105,80,25,0,0,0
2025-02-08 11:30,110,70,40,0,0,0
2025-02-08 11:45,100,62,38,0,0,0
2025-02-08 12:00,117,68,49,0,0,0
2025-02-08 12:15,115,67,48,0,0,0
2025-02-08 12:30,103,47,56,0,0,0
2025-02-08 12:45,111,64,47,0,0,0
2025-02-08 13:00,110,56,54,0,0,0
2025-02-08 13:15,90,47,43,0,0,0
2025-02-08 13:30,95,43,52,0,0,0
2025-02-08 13:45,118,55,63,0,0,0
2025-02-08 14:00,127,58,69,0,0,0
2025-02-08 14:15,84,31,53,0,0,0
2025-02-08 14:30,85,29,56,0,0,0
2025-02-08 14:45,95,44,51,0,0,0
2025-02-08 15:00,86,40,46,0,0,0
2025-02-08 15:15,88,38,50,0,0,0
2025-02-08 15:30,67,30,37,0,0,0
2025-02-08 15:45,75,28,47,0,0,0
2025-02-08 16:00,81,36,45,0,0,0
2025-02-08 16:15,66,24,42,0,0,0
2025-02-08 16:30,65,28,37,0,0,0
2025-02-08 16:45,68,19,49,0,0,0
2025-02-08 17:00,65,30,35,0,0,0
2025-02-08 17:15,65,26,39,0,0,0
2025-02-08 17:30,82,31,51,0,0,0
2025-02-08 17:45,67,28,39,0,0,0
2025-02-08 18:00,68,24,44,0,0,0
2025-02-08 18:15,59,19,40,0,0,0
2025-02-08 18:30,56,22,34,0,0,0
2025-02-08 18:45,86,56,30,0,0,0
2025-02-08 19:00,67,31,36,0,0,0
2025-02-08 19:15,57,35,22,0,0,0
2025-02-08 19:30,45,16,29,0,0,0
2025-02-08 19:45,51,23,28,0,0,0
2025-02-08 20:00,39,11,28,0,0,0
2025-02-08 20:15,44,24,20,0,0,0
2025-02-08 20:30,35,11,24,0,0,0
2025-02-08 20:45,29,7,22,0,0,0
2025-02-08 21:00,36,14,22,0,0,0
2025-02-08 21:15,33,14,19,0,0,0
2025-02-08 21:30,31,10,21,0,0,0
2025-02-08 21:45,36,15,21,0,0,0
2025-02-08 22:00,41,11,30,0,0,0
2025-02-08 22:15,29,9,20,0,0,0
2025-02-08 22:30,44,18,26,0,0,0
2025-02-08 22:45,20,8,12,0,0,0
2025-02-08 23:00,33,15,18,0,0,0
2025-02-08 23:15,18,12,6,0,0,0
2025-02-08 23:30,22,10,12,0,0,0
2025-02-08 23:45,26,10,16,0,0,0
2025-02-09 00:00,22,9,13,0,0,0
2025-02-09 00:15,22,6,16,0,0,0
2025-02-09 00:30,15,7,8,0,0,0
2025-02-09 00:45,20,11,9,0,0,0
2025-02-09 01:00,13,5,8,0,0,0
2025-02-09 01:15,10,5,5,0,0,0
2025-02-09 01:30,7,2,5,0,0,0
2025-02-09 01:45,12,8,4,0,0,0
2025-02-09 02:00,5,0,5,0,0,0
2025-02-09 02:15,11,4,7,0,0,0
2025-02-09 02:30,10,6,4,0,0,0
2025-02-09 02:45,10,2,8,0,0,0
2025-02-09 03:00,13,3,10,0,0,0
2025-02-09 03:15,2,0,2,0,0,0
2025-02-09 03:30,4,1,3,0,0,0
2025-02-09 03:45,5,2,3,0,0,0
2025-02-09 04:00,3,1,2,0,0,0
2025-02-09 04:15,1,0,1,0,0,0
2025-02-09 04:30,1,0,1,0,0,0
2025-02-09 04:45,3,0,3,0,0,0
2025-02-09 05:00,0,0,0,0,0,0
2025-02-09 05:15,2,0,2,0,0,0
2025-02-09 05:30,6,1,5,0,0,0
2025-02-09 05:45,3,0,3,0,0,0
2025-02-09 06:00,3,0,3,0,0,0
2025-02-09 06:15,1,0,1,0,0,0
2025-02-09 06:30,3,1,2,0,0,0
2025-02-09 06:45,6,4,2,0,0,0
2025-02-09 07:00,2,0,2,0,0,0
2025-02-09 07:15,4,2,2,0,0,0
2025-02-09 07:30,6,5,1,0,0,0
2025-02-09 07:45,9,5,4,0,0,0
2025-02-09 08:00,10,9,1,0,0,0
2025-02-09 08:15,7,5,2,0,0,0
2025-02-09 08:30,12,8,4,0,0,0
2025-02-09 08:45,13,11,2,0,0,0
2025-02-09 09:00,21,11,10,0,0,0
2025-02-09 09:15,14,9,5,0,0,0
2025-02-09 09:30,17,14,3,0,0,0
2025-02-09 09:45,42,26,16,0,0,0
2025-02-09 10:00,18,16,2,0,0,0
2025-02-09 10:15,22,15,7,0,0,0
2025-02-09 10:30,20,14,6,0,0,0
2025-02-09 10:45,26,14,12,0,0,0
2025-02-09 11:00,26,13,13,0,0,0
2025-02-09 11:15,30,19,11,0,0,0
2025-02-09 11:30,29,20,9,0,0,0
2025-02-09 11:45,27,13,14,0,0,0
2025-02-09 12:00,18,6,12,0,0,0
2025-02-09 12:15,18,0,18,0,0,0
2025-02-09 12:30,32,0,32,0,0,0
2025-02-09 12:45,31,10,21,0,0,0
2025-02-09 13:00,50,25,25,0,0,0
2025-02-09 13:15,40,23,17,0,0,0
2025-02-09 13:30,36,17,19,0,0,0
2025-02-09 13:45,56,30,26,0,0,0
2025-02-09 14:00,64,33,31,0,0,0
2025-02-09 14:15,51,33,18,0,0,0
2025-02-09 14:30,50,27,23,0,0,0
2025-02-09 14:45,51,30,21,0,0,0
2025-02-09 15:00,42,27,15,0,0,0
2025-02-09 15:15,52,31,21,0,0,0
2025-02-09 15:30,39,23,16,0,0,0
2025-02-09 15:45,67,41,26,0,0,0
2025-02-09 16:00,42,18,24,0,0,0
2025-02-09 16:15,39,24,15,0,0,0
2025-02-09 16:30,51,26,25,0,0,0
2025-02-09 16:45,59,25,34,0,0,0
2025-02-09 17:00,49,18,31,0,0,0
2025-02-09 17:15,33,16,17,0,0,0
2025-02-09 17:30,53,32,21,0,0,0
2025-02-09 17:45,52,28,24,0,0,0
2025-02-09 18:00,43,16,27,0,0,0
2025-02-09 18:15,55,24,31,0,0,0
2025-02-09 18:30,42,20,22,0,0,0
2025-02-09 18:45,56,33,23,0,0,0
2025-02-09 19:00,32,13,19,0,0,0
2025-02-09 19:15,37,16,21,0,0,0
2025-02-09 19:30,35,11,24,0,0,0
2025-02-09 19:45,47,21,26,0,0,0
2025-02-09 20:00,23,9,14,0,0,0
2025-02-09 20:15,32,12,20,0,0,0
2025-02-09 20:30,38,8,30,0,0,0
2025-02-09 20:45,15,8,7,0,0,0
2025-02-09 21:00,24,10,14,0,0,0
2025-02-09 21:15,16,6,10,0,0,0
2025-02-09 21:30,12,6,6,0,0,0
2025-02-09 21:45,12,7,5,0,0,0
2025-02-09 22:00,14,5,9,0,0,0
2025-02-09 22:15,28,10,18,0,0,0
2025-02-09 22:30,17,9,8,0,0,0
2025-02-09 22:45,14,6,8,0,0,0
2025-02-09 23:00,6,1,5,0,0,0
2025-02-09 23:15,8,6,2,0,0,0
2025-02-09 23:30,6,1,5,0,0,0
2025-02-09 23:45,4,1,3,0,0,0
2025-02-10 00:00,3,2,1,0,0,0
2025-02-10 00:15,2,0,2,0,0,0
2025-02-10 00:30,1,0,1,0,0,0
2025-02-10 00:45,3,1,2,0,0,0
2025-02-10 01:00,0,0,0,0,0,0
2025-02-10 01:15,2,1,1,0,0,0
2025-02-10 01:30,0,0,0,0,0,0
2025-02-10 01:45,1,0,1,0,0,0
2025-02-10 02:00,3,0,3,0,0,0
2025-02-10 02:15,0,0,0,0,0,0
2025-02-10 02:30,1,0,1,0,0,0
2025-02-10 02:45,3,1,2,0,0,0
2025-02-10 03:00,0,0,0,0,0,0
2025-02-10 03:15,1,0,1,0,0,0
2025-02-10 03:30,1,1,0,0,0,0
2025-02-10 03:45,1,1,0,0,0,0
2025-02-10 04:00,5,3,2,0,0,0
2025-02-10 04:15,4,1,3,0,0,0
2025-02-10 04:30,5,1,4,0,0,0
2025-02-10 04:45,5,1,4,0,0,0
2025-02-10 05:00,4,2,2,0,0,0
2025-02-10 05:15,4,1,3,0,0,0
2025-02-10 05:30,13,6,7,0,0,0
2025-02-10 05:45,16,8,8,0,0,0
2025-02-10 06:00,8,5,3,0,0,0
2025-02-10 06:15,28,15,13,0,0,0
2025-02-10 06:30,42,26,16,0,0,0
2025-02-10 06:45,58,32,26,0,0,0
2025-02-10 07:00,59,32,27,0,0,0
2025-02-10 07:15,106,72,34,0,0,0
2025-02-10 07:30,149,90,59,0,0,0
2025-02-10 07:45,190,120,70,0,0,0
2025-02-10 08:00,118,82,36,0,0,0
2025-02-10 08:15,115,75,40,0,0,0
2025-02-10 08:30,135,92,43,0,0,0
2025-02-10 08:45,133,101,32,0,0,0
2025-02-10 09:00,97,73,24,0,0,0
2025-02-10 09:15,73,55,18,0,0,0
2025-02-10 09:30,86,65,21,0,0,0
2025-02-10 09:45,107,71,36,0,0,0
2025-02-10 10:00,67,41,26,0,0,0
2025-02-10 10:15,63,44,19,0,0,0
2025-02-10 10:30,74,40,34,0,0,0
2025-02-10 10:45,81,56,25,0,0,0
2025-02-10 11:00,64,41,23,0,0,0
2025-02-10 11:15,75,52,23,0,0,0
2025-02-10 11:30,72,41,31,0,0,0
2025-02-10 11:45,89,46,43,0,0,0
2025-02-10 12:00,75,36,39,0,0,0
2025-02-10 12:15,87,52,35,0,0,0
2025-02-10 12:30,92,50,42,0,0,0
2025-02-10 12:45,91,52,39,0,0,0
2025-02-10 13:00,97,42,55,0,0,0
2025-02-10 13:15,89,51,38,0,0,0
2025-02-10 13:30,100,47,53,0,0,0
2025-02-10 13:45,100,58,42,0,0,0
2025-02-10 14:00,94,44,50,0,0,0
2025-02-10 14:15,99,52,47,0,0,0
2025-02-10 14:30,91,45,46,0,0,0
2025-02-10 14:45,114,47,67,0,0,0
2025-02-10 15:00,111,51,60,0,0,0
2025-02-10 15:15,116,62,54,0,0,0
2025-02-10 15:30,110,66,44,0,0,0
2025-02-10 15:45,153,72,81,0,0,0
2025-02-10 16:00,144,73,71,0,0,0
2025-02-10 16:15,128,67,61,0,0,0
2025-02-10 16:30,128,66,62,0,0,0
2025-02-10 16:45,123,60,63,0,0,0
2025-02-10 17:00,136,54,82,0,0,0
2025-02-10 17:15,123,49,74,0,0,0
2025-02-10 17:30,130,57,73,0,0,0
2025-02-10 17:45,132,55,77,0,0,0
2025-02-10 18:00,102,47,55,0,0,0
2025-02-10 18:15,113,47,66,0,0,0
2025-02-10 18:30,99,37,62,0,0,0
2025-02-10 18:45,101,46,55,0,0,0
2025-02-10 19:00,72,24,48,0,0,0
2025-02-10 19:15,52,25,27,0,0,0
2025-02-10 19:30,59,27,32,0,0,0
2025-02-10 19:45,50,22,28,0,0,0
2025-02-10 20:00,56,25,31,0,0,0
2025-02-10 20:15,32,17,15,0,0,0
2025-02-10 20:30,44,21,23,0,0,0
2025-02-10 20:45,25,6,19,0,0,0
2025-02-10 21:00,27,11,16,0,0,0
2025-02-10 21:15,38,14,24,0,0,0
2025-02-10 21:30,33,13,20,0,0,0
2025-02-10 21:45,29,6,23,0,0,0
2025-02-10 22:00,34,8,26,0,0,0
2025-02-10 22:15,23,12,11,0,0,0
2025-02-10 22:30,24,6,18,0,0,0
2025-02-10 22:45,25,10,15,0,0,0
2025-02-10 23:00,13,4,9,0,0,0
2025-02-10 23:15,9,2,7,0,0,0
2025-02-10 23:30,3,2,1,0,0,0
2025-02-10 23:45,5,3,2,0,0,0
2025-02-11 00:00,4,3,1,0,0,0
2025-02-11 00:15,1,1,0,0,0,0
2025-02-11 00:30,5,3,2,0,0,0
2025-02-11 00:45,0,0,0,0,0,0
2025-02-11 01:00,3,2,1,0,0,0
2025-02-11 01:15,1,1,0,0,0,0
2025-02-11 01:30,0,0,0,0,0,0
2025-02-11 01:45,2,0,2,0,0,0
2025-02-11 02:00,2,1,1,0,0,0
2025-02-11 02:15,0,0,0,0,0,0
2025-02-11 02:30,0,0,0,0,0,0
2025-02-11 02:45,0,0,0,0,0,0
2025-02-11 03:00,1,0,1,0,0,0
2025-02-11 03:15,2,0,2,0,0,0
2025-02-11 03:30,0,0,0,0,0,0
2025-02-11 03:45,0,0,0,0,0,0
2025-02-11 04:00,1,1,0,0,0,0
2025-02-11 04:15,3,0,3,0,0,0
2025-02-11 04:30,3,1,2,0,0,0
2025-02-11 04:45,0,0,0,0,0,0
2025-02-11 05:00,1,1,0,0,0,0
2025-02-11 05:15,8,5,3,0,0,0
2025-02-11 05:30,9,2,7,0,0,0
2025-02-11 05:45,15,9,6,0,0,0
2025-02-11 06:00,7,5,2,0,0,0
2025-02-11 06:15,34,19,15,0,0,0
2025-02-11 06:30,42,27,15,0,0,0
2025-02-11 06:45,54,27,27,0,0,0
2025-02-11 07:00,66,43,23,0,0,0
2025-02-11 07:15,129,88,41,0,0,0
2025-02-11 07:30,199,147,52,0,0,0
2025-02-11 07:45,153,104,49,0,0,0
2025-02-11 08:00,116,82,34,0,0,0
2025-02-11 08:15,153,105,48,0,0,0
2025-02-11 08:30,126,84,42,0,0,0
2025-02-11 08:45,144,112,32,0,0,0
2025-02-11 09:00,74,59,15,0,0,0
2025-02-11 09:15,90,58,32,0,0,0
2025-02-11 09:30,84,64,20,0,0,0
2025-02-11 09:45,82,67,15,0,0,0
2025-02-11 10:00,67,47,20,0,0,0
2025-02-11 10:15,77,59,18,0,0,0
2025-02-11 10:30,70,50,20,0,0,0
2025-02-11 10:45,78,55,23,0,0,0
2025-02-11 11:00,78,51,27,0,0,0
2025-02-11 11:15,79,49,30,0,0,0
2025-02-11 11:30,71,42,29,0,0,0
2025-02-11 11:45,90,45,45,0,0,0
2025-02-11 12:00,83,46,37,0,0,0
2025-02-11 12:15,66,39,27,0,0,0
2025-02-11 12:30,102,52,50,0,0,0
2025-02-11 12:45,102,50,52,0,0,0
2025-02-11 13:00,95,50,45,0,0,0
2025-02-11 13:15,87,42,45,0,0,0
2025-02-11 13:30,98,46,52,0,0,0
2025-02-11 13:45,97,54,43,0,0,0
2025-02-11 14:00,118,47,71,0,0,0
2025-02-11 14:15,95,46,49,0,0,0
2025-02-11 14:30,104,47,57,0,0,0
2025-02-11 14:45,139,83,56,0,0,0
2025-02-11 15:00,97,45,52,0,0,0
2025-02-11 15:15,133,73,60,0,0,0
2025-02-11 15:30,144,73,71,0,0,0
2025-02-11 15:45,140,69,71,0,0,0
2025-02-11 16:00,155,70,85,0,0,0
2025-02-11 16:15,148,71,77,0,0,0
2025-02-11 16:30,130,67,63,0,0,0
2025-02-11 16:45,119,58,61,0,0,0
2025-02-11 17:00,140,52,88,0,0,0
2025-02-11 17:15,133,57,76,0,0,0
2025-02-11 17:30,134,51,83,0,0,0
2025-02-11 17:45,154,67,87,0,0,0
2025-02-11 18:00,135,48,87,0,0,0
2025-02-11 18:15,113,48,65,0,0,0
2025-02-11 18:30,97,51,46,0,0,0
2025-02-11 18:45,104,48,56,0,0,0
2025-02-11 19:00,86,28,58,0,0,0
2025-02-11 19:15,81,34,47,0,0,0
2025-02-11 19:30,56,20,36,0,0,0
2025-02-11 19:45,80,29,51,0,0,0
2025-02-11 20:00,54,23,31,0,0,0
2025-02-11 20:15,49,21,28,0,0,0
2025-02-11 20:30,44,20,24,0,0,0
2025-02-11 20:45,37,8,29,0,0,0
2025-02-11 21:00,34,13,21,0,0,0
2025-02-11 21:15,38,13,25,0,0,0
2025-02-11 21:30,31,7,24,0,0,0
2025-02-11 21:45,50,14,36,0,0,0
2025-02-11 22:00,38,17,21,0,0,0
2025-02-11 22:15,30,10,20,0,0,0
2025-02-11 22:30,29,10,19,0,0,0
2025-02-11 22:45,28,10,18,0,0,0
2025-02-11 23:00,33,12,21,0,0,0
2025-02-11 23:15,12,3,9,0,0,0
2025-02-11 23:30,11,6,5,0,0,0
2025-02-11 23:45,13,4,9,0,0,0
2025-02-12 00:00,2,0,2,0,0,0
2025-02-12 00:15,2,1,1,0,0,0
2025-02-12 00:30,4,0,4,0,0,0
2025-02-12 00:45,1,1,0,0,0,0
2025-02-12 01:00,1,0,1,0,0,0
2025-02-12 01:15,2,0,2,0,0,0
2025-02-12 01:30,2,0,2,0,0,0
2025-02-12 01:45,3,1,2,0,0,0
2025-02-12 02:00,1,0,1,0,0,0
2025-02-12 02:15,2,0,2,0,0,0
2025-02-12 02:30,0,0,0,0,0,0
2025-02-12 02:45,0,0,0,0,0,0
2025-02-12 03:00,0,0,0,0,0,0
2025-02-12 03:15,1,0,1,0,0,0
2025-02-12 03:30,0,0,0,0,0,0
2025-02-12 03:45,1,1,0,0,0,0
2025-02-12 04:00,1,1,0,0,0,0
2025-02-12 04:15,1,1,0,0,0,0
2025-02-12 04:30,1,1,0,0,0,0
2025-02-12 04:45,2,1,1,0,0,0
2025-02-12 05:00,3,2,1,0,0,0
2025-02-12 05:15,6,2,4,0,0,0
2025-02-12 05:30,13,5,8,0,0,0
2025-02-12 05:45,13,6,7,0,0,0
2025-02-12 06:00,10,6,4,0,0,0
2025-02-12 06:15,25,5,20,0,0,0
2025-02-12 06:30,35,22,13,0,0,0
2025-02-12 06:45,58,28,30,0,0,0
2025-02-12 07:00,66,39,27,0,0,0
2025-02-12 07:15,114,79,35,0,0,0
2025-02-12 07:30,211,148,63,0,0,0
2025-02-12 07:45,185,125,60,0,0,0
2025-02-12 08:00,161,102,59,0,0,0
2025-02-12 08:15,133,90,43,0,0,0
2025-02-12 08:30,120,95,25,0,0,0
2025-02-12 08:45,146,102,44,0,0,0
2025-02-12 09:00,104,78,26,0,0,0
2025-02-12 09:15,105,80,25,0,0,0
2025-02-12 09:30,84,60,24,0,0,0
2025-02-12 09:45,103,68,35,0,0,0
2025-02-12 10:00,83,58,25,0,0,0
2025-02-12 10:15,91,58,33,0,0,0
2025-02-12 10:30,83,58,25,0,0,0
2025-02-12 10:45,93,52,41,0,0,0
2025-02-12 11:00,90,62,28,0,0,0
2025-02-12 11:15,94,63,31,0,0,0
2025-02-12 11:30,105,68,37,0,0,0
2025-02-12 11:45,111,66,45,0,0,0
2025-02-12 12:00,97,53,44,0,0,0
2025-02-12 12:15,103,65,38,0,0,0
2025-02-12 12:30,146,62,84,0,0,0
2025-02-12 12:45,125,57,68,0,0,0
2025-02-12 13:00,130,47,83,0,0,0
2025-02-12 13:15,111,42,69,0,0,0
2025-02-12 13:30,94,46,48,0,0,0
2025-02-12 13:45,123,52,71,0,0,0
2025-02-12 14:00,122,60,62,0,0,0
2025-02-12 14:15,97,39,58,0,0,0
2025-02-12 14:30,99,50,49,0,0,0
2025-02-12 14:45,117,58,59,0,0,0
2025-02-12 15:00,105,43,62,0,0,0
2025-02-12 15:15,109,56,53,0,0,0
2025-02-12 15:30,132,56,76,0,0,0
2025-02-12 15:45,142,57,85,0,0,0
2025-02-12 16:00,142,72,70,0,0,0
2025-02-12 16:15,130,69,61,0,0,0
2025-02-12 16:30,129,61,68,0,0,0
2025-02-12 16:45,148,65,83,0,0,0
2025-02-12 17:00,132,68,64,0,0,0
2025-02-12 17:15,130,53,77,0,0,0
2025-02-12 17:30,118,44,74,0,0,0
2025-02-12 17:45,145,57,88,0,0,0
2025-02-12 18:00,128,56,72,0,0,0
2025-02-12 18:15,113,47,66,0,0,0
2025-02-12 18:30,122,53,69,0,0,0
2025-02-12 18:45,109,49,60,0,0,0
2025-02-12 19:00,87,37,50,0,0,0
2025-02-12 19:15,91,45,46,0,0,0
2025-02-12 19:30,58,15,43,0,0,0
2025-02-12 19:45,70,31,39,0,0,0
2025-02-12 20:00,64,35,29,0,0,0
2025-02-12 20:15,40,18,22,0,0,0
2025-02-12 20:30,61,18,43,0,0,0
2025-02-12 20:45,38,4,34,0,0,0
2025-02-12 21:00,48,22,26,0,0,0
2025-02-12 21:15,32,14,18,0,0,0
2025-02-12 21:30,39,19,20,0,0,0
2025-02-12 21:45,34,17,17,0,0,0
2025-02-12 22:00,26,14,12,0,0,0
2025-02-12 22:15,29,11,18,0,0,0
2025-02-12 22:30,35,20,15,0,0,0
2025-02-12 22:45,21,10,11,0,0,0
2025-02-12 23:00,30,12,18,0,0,0
2025-02-12 23:15,17,5,12,0,0,0
2025-02-12 23:30,22,8,14,0,0,0
2025-02-12 23:45,14,5,9,0,0,0
2025-02-13 00:00,11,3,8,0,0,0
2025-02-13 00:15,8,4,4,0,0,0
2025-02-13 00:30,1,0,1,0,0,0
2025-02-13 00:45,5,4,1,0,0,0
2025-02-13 01:00,3,3,0,0,0,0
2025-02-13 01:15,8,7,1,0,0,0
2025-02-13 01:30,2,0,2,0,0,0
2025-02-13 01:45,0,0,0,0,0,0
2025-02-13 02:00,5,0,5,0,0,0
2025-02-13 02:15,1,1,0,0,0,0
2025-02-13 02:30,2,0,2,0,0,0
2025-02-13 02:45,3,0,3,0,0,0
2025-02-13 03:00,1,0,1,0,0,0
2025-02-13 03:15,2,0,2,0,0,0
2025-02-13 03:30,2,0,2,0,0,0
2025-02-13 03:45,0,0,0,0,0,0
2025-02-13 04:00,5,0,5,0,0,0
2025-02-13 04:15,2,1,1,0,0,0
2025-02-13 04:30,2,1,1,0,0,0
2025-02-13 04:45,2,1,1,0,0,0
2025-02-13 05:00,3,3,0,0,0,0
2025-02-13 05:15,6,4,2,0,0,0
2025-02-13 05:30,12,4,8,0,0,0
2025-02-13 05:45,12,5,7,0,0,0
2025-02-13 06:00,10,6,4,0,0,0
2025-02-13 06:15,25,13,12,0,0,0
2025-02-13 06:30,36,19,17,0,0,0
2025-02-13 06:45,45,27,18,0,0,0
2025-02-13 07:00,58,42,16,0,0,0
2025-02-13 07:15,83,54,29,0,0,0
2025-02-13 07:30,189,139,50,0,0,0
2025-02-13 07:45,169,114,55,0,0,0
2025-02-13 08:00,110,77,33,0,0,0
2025-02-13 08:15,123,87,36,0,0,0
2025-02-13 08:30,125,87,38,0,0,0
2025-02-13 08:45,137,94,43,0,0,0
2025-02-13 09:00,79,61,18,0,0,0
2025-02-13 09:15,62,46,16,0,0,0
2025-02-13 09:30,67,53,14,0,0,0
2025-02-13 09:45,88,64,24,0,0,0
2025-02-13 10:00,66,49,17,0,0,0
2025-02-13 10:15,52,32,20,0,0,0
2025-02-13 10:30,60,44,16,0,0,0
2025-02-13 10:45,83,52,31,0,0,0
2025-02-13 11:00,58,38,20,0,0,0
2025-02-13 11:15,67,38,29,0,0,0
2025-02-13 11:30,88,54,34,0,0,0
2025-02-13 11:45,89,56,33,0,0,0
2025-02-13 12:00,69,40,29,0,0,0
2025-02-13 12:15,80,39,41,0,0,0
2025-02-13 12:30,88,36,52,0,0,0
2025-02-13 12:45,97,55,42,0,0,0
2025-02-13 13:00,94,59,35,0,0,0
2025-02-13 13:15,93,43,50,0,0,0
2025-02-13 13:30,70,38,32,0,0,0
2025-02-13 13:45,86,46,40,0,0,0
2025-02-13 14:00,106,41,65,0,0,0
2025-02-13 14:15,85,37,48,0,0,0
2025-02-13 14:30,71,38,33,0,0,0
2025-02-13 14:45,78,36,42,0,0,0
2025-02-13 15:00,102,38,64,0,0,0
2025-02-13 15:15,105,48,57,0,0,0
2025-02-13 15:30,102,53,49,0,0,0
2025-02-13 15:45,115,53,62,0,0,0
2025-02-13 16:00,101,41,60,0,0,0
2025-02-13 16:15,106,49,57,0,0,0
2025-02-13 16:30,102,48,54,0,0,0
2025-02-13 16:45,108,54,54,0,0,0
2025-02-13 17:00,120,54,66,0,0,0
2025-02-13 17:15,128,61,67,0,0,0
2025-02-13 17:30,116,56,60,0,0,0
2025-02-13 17:45,112,51,61,0,0,0
2025-02-13 18:00,111,50,61,0,0,0
2025-02-13 18:15,89,36,53,0,0,0
2025-02-13 18:30,102,34,68,0,0,0
2025-02-13 18:45,105,57,48,0,0,0
2025-02-13 19:00,92,43,49,0,0,0
2025-02-13 19:15,86,38,48,0,0,0
2025-02-13 19:30,42,19,23,0,0,0
2025-02-13 19:45,71,26,45,0,0,0
2025-02-13 20:00,48,20,28,0,0,0
2025-02-13 20:15,44,16,28,0,0,0
2025-02-13 20:30,30,11,19,0,0,0
2025-02-13 20:45,35,9,26,0,0,0
2025-02-13 21:00,29,14,15,0,0,0
2025-02-13 21:15,29,11,18,0,0,0
2025-02-13 21:30,38,16,22,0,0,0
2025-02-13 21:45,34,11,23,0,0,0
2025-02-13 22:00,33,15,18,0,0,0
2025-02-13 22:15,38,15,23,0,0,0
2025-02-13 22:30,26,9,17,0,0,0
2025-02-13 22:45,22,3,19,0,0,0
2025-02-13 23:00,26,12,14,0,0,0
2025-02-13 23:15,21,4,17,0,0,0
2025-02-13 23:30,15,2,13,0,0,0
2025-02-13 23:45,15,7,8,0,0,0
2025-02-14 00:00,10,7,3,0,0,0
2025-02-14 00:15,7,3,4,0,0,0
2025-02-14 00:30,6,4,2,0,0,0
2025-02-14 00:45,6,3,3,0,0,0
2025-02-14 01:00,2,1,1,0,0,0
2025-02-14 01:15,2,0,2,0,0,0
2025-02-14 01:30,0,0,0,0,0,0
2025-02-14 01:45,1,1,0,0,0,0
2025-02-14 02:00,0,0,0,0,0,0
2025-02-14 02:15,0,0,0,0,0,0
2025-02-14 02:30,0,0,0,0,0,0
2025-02-14 02:45,0,0,0,0,0,0
2025-02-14 03:00,0,0,0,0,0,0
2025-02-14 03:15,1,0,1,0,0,0
2025-02-14 03:30,0,0,0,0,0,0
2025-02-14 03:45,2,0,2,0,0,0
2025-02-14 04:00,1,1,0,0,0,0
2025-02-14 04:15,1,0,1,0,0,0
2025-02-14 04:30,1,0,1,0,0,0
2025-02-14 04:45,2,1,1,0,0,0
2025-02-14 05:00,3,3,0,0,0,0
2025-02-14 05:15,5,1,4,0,0,0
2025-02-14 05:30,10,5,5,0,0,0
2025-02-14 05:45,14,9,5,0,0,0
2025-02-14 06:00,12,7,5,0,0,0
2025-02-14 06:15,15,9,6,0,0,0
2025-02-14 06:30,34,20,14,0,0,0
2025-02-14 06:45,41,22,19,0,0,0
2025-02-14 07:00,66,46,20,0,0,0
2025-02-14 07:15,85,56,29,0,0,0
2025-02-14 07:30,173,128,45,0,0,0
2025-02-14 07:45,134,86,48,0,0,0
2025-02-14 08:00,92,64,28,0,0,0
2025-02-14 08:15,93,69,24,0,0,0
2025-02-14 08:30,101,73,28,0,0,0
2025-02-14 08:45,88,67,21,0,0,0
2025-02-14 09:00,72,51,21,0,0,0
2025-02-14 09:15,93,58,35,0,0,0
2025-02-14 09:30,75,55,20,0,0,0
2025-02-14 09:45,87,70,17,0,0,0
2025-02-14 10:00,62,44,18,0,0,0
2025-02-14 10:15,77,50,27,0,0,0
2025-02-14 10:30,85,59,26,0,0,0
2025-02-14 10:45,68,47,21,0,0,0
2025-02-14 11:00,88,55,33,0,0,0
2025-02-14 11:15,91,42,49,0,0,0
2025-02-14 11:30,90,49,41,0,0,0
2025-02-14 11:45,81,41,40,0,0,0
2025-02-14 12:00,89,42,47,0,0,0
2025-02-14 12:15,95,53,42,0,0,0
2025-02-14 12:30,116,52,64,0,0,0
2025-02-14 12:45,86,48,38,0,0,0
2025-02-14 13:00,108,48,60,0,0,0
2025-02-14 13:15,118,43,75,0,0,0
2025-02-14 13:30,106,58,48,0,0,0
2025-02-14 13:45,109,66,43,0,0,0
2025-02-14 14:00,130,56,74,0,0,0
2025-02-14 14:15,118,62,56,0,0,0
2025-02-14 14:30,104,53,51,0,0,0
2025-02-14 14:45,121,62,59,0,0,0
2025-02-14 15:00,103,52,51,0,0,0
2025-02-14 15:15,114,54,60,0,0,0
2025-02-14 15:30,131,70,61,0,0,0
2025-02-14 15:45,138,91,47,0,0,0
2025-02-14 16:00,134,79,55,0,0,0
2025-02-14 16:15,119,72,47,0,0,0
2025-02-14 16:30,84,40,44,0,0,0
2025-02-14 16:45,96,52,44,0,0,0
2025-02-14 17:00,121,51,70,0,0,0
2025-02-14 17:15,89,49,40,0,0,0
2025-02-14 17:30,84,31,53,0,0,0
2025-02-14 17:45,109,37,72,0,0,0
2025-02-14 18:00,123,39,84,0,0,0
2025-02-14 18:15,128,53,75,0,0,0
2025-02-14 18:30,100,35,65,0,0,0
2025-02-14 18:45,104,52,52,0,0,0
2025-02-14 19:00,89,37,52,0,0,0
2025-02-14 19:15,72,34,38,0,0,0
2025-02-14 19:30,63,30,33,0,0,0
2025-02-14 19:45,62,33,29,0,0,0
2025-02-14 20:00,60,32,28,0,0,0
2025-02-14 20:15,47,20,27,0,0,0
2025-02-14 20:30,58,31,27,0,0,0
2025-02-14 20:45,41,16,25,0,0,0
2025-02-14 21:00,31,13,18,0,0,0
2025-02-14 21:15,33,10,23,0,0,0
2025-02-14 21:30,39,17,22,0,0,0
2025-02-14 21:45,39,20,19,0,0,0
2025-02-14 22:00,46,9,37,0,0,0
2025-02-14 22:15,35,11,24,0,0,0
2025-02-14 22:30,30,16,14,0,0,0
2025-02-14 22:45,46,13,33,0,0,0
2025-02-14 23:00,35,14,21,0,0,0
2025-02-14 23:15,28,14,14,0,0,0
2025-02-14 23:30,33,16,17,0,0,0
2025-02-14 23:45,31,7,24,0,0,0
2025-02-15 00:00,25,10,15,0,0,0
2025-02-15 00:15,16,5,11,0,0,0
2025-02-15 00:30,23,16,7,0,0,0
2025-02-15 00:45,18,6,12,0,0,0
2025-02-15 01:00,26,8,18,0,0,0
2025-02-15 01:15,6,2,4,0,0,0
2025-02-15 01:30,6,1,5,0,0,0
2025-02-15 01:45,13,2,11,0,0,0
2025-02-15 02:00,6,2,4,0,0,0
2025-02-15 02:15,7,1,6,0,0,0
2025-02-15 02:30,4,0,4,0,0,0
2025-02-15 02:45,3,2,1,0,0,0
2025-02-15 03:00,3,0,3,0,0,0
2025-02-15 03:15,5,1,4,0,0,0
2025-02-15 03:30,4,0,4,0,0,0
2025-02-15 03:45,3,0,3,0,0,0
2025-02-15 04:00,5,0,5,0,0,0
2025-02-15 04:15,0,0,0,0,0,0
2025-02-15 04:30,0,0,0,0,0,0
2025-02-15 04:45,3,0,3,0,0,0
2025-02-15 05:00,2,2,0,0,0,0
2025-02-15 05:15,2,1,1,0,0,0
2025-02-15 05:30,5,2,3,0,0,0
2025-02-15 05:45,7,3,4,0,0,0
2025-02-15 06:00,4,3,1,0,0,0
2025-02-15 06:15,6,3,3,0,0,0
2025-02-15 06:30,5,3,2,0,0,0
2025-02-15 06:45,7,6,1,0,0,0
2025-02-15 07:00,5,4,1,0,0,0
2025-02-15 07:15,13,9,4,0,0,0
2025-02-15 07:30,11,8,3,0,0,0
2025-02-15 07:45,23,10,13,0,0,0
2025-02-15 08:00,16,8,8,0,0,0
2025-02-15 08:15,22,16,6,0,0,0
2025-02-15 08:30,39,25,14,0,0,0
2025-02-15 08:45,51,33,18,0,0,0
2025-02-15 09:00,31,19,12,0,0,0
2025-02-15 09:15,55,35,20,0,0,0
2025-02-15 09:30,60,42,18,0,0,0
2025-02-15 09:45,95,62,33,0,0,0
2025-02-15 10:00,80,57,23,0,0,0
2025-02-15 10:15,71,50,21,0,0,0
2025-02-15 10:30,79,61,18,0,0,0
2025-02-15 10:45,81,59,22,0,0,0
2025-02-15 11:00,104,71,33,0,0,0
2025-02-15 11:15,99,73,26,0,0,0
2025-02-15 11:30,128,98,30,0,0,0
2025-02-15 11:45,132,77,55,0,0,0
2025-02-15 12:00,100,51,49,0,0,0
2025-02-15 12:15,103,57,46,0,0,0
2025-02-15 12:30,95,57,38,0,0,0
2025-02-15 12:45,95,59,36,0,0,0
2025-02-15 13:00,108,54,54,0,0,0
2025-02-15 13:15,115,59,56,0,0,0
2025-02-15 13:30,98,45,53,0,0,0
2025-02-15 13:45,116,58,58,0,0,0
2025-02-15 14:00,114,64,50,0,0,0
2025-02-15 14:15,74,26,48,0,0,0
2025-02-15 14:30,112,49,63,0,0,0
2025-02-15 14:45,112,47,65,0,0,0
2025-02-15 15:00,107,43,64,0,0,0
2025-02-15 15:15,90,35,55,0,0,0
2025-02-15 15:30,90,35,55,0,0,0
2025-02-15 15:45,100,46,54,0,0,0
2025-02-15 16:00,63,30,33,0,0,0
2025-02-15 16:15,67,29,38,0,0,0
2025-02-15 16:30,58,24,34,0,0,0
2025-02-15 16:45,60,26,34,0,0,0
2025-02-15 17:00,64,23,41,0,0,0
2025-02-15 17:15,71,32,39,0,0,0
2025-02-15 17:30,57,24,33,0,0,0
2025-02-15 17:45,77,34,43,0,0,0
2025-02-15 18:00,69,27,42,0,0,0
2025-02-15 18:15,69,30,39,0,0,0
2025-02-15 18:30,59,26,33,0,0,0
2025-02-15 18:45,70,37,33,0,0,0
2025-02-15 19:00,65,32,33,0,0,0
2025-02-15 19:15,58,37,21,0,0,0
2025-02-15 19:30,68,27,41,0,0,0
2025-02-15 19:45,62,31,31,0,0,0
2025-02-15 20:00,60,27,33,0,0,0
2025-02-15 20:15,44,16,28,0,0,0
2025-02-15 20:30,27,15,12,0,0,0
2025-02-15 20:45,38,17,21,0,0,0
2025-02-15 21:00,25,11,14,0,0,0
2025-02-15 21:15,16,6,10,0,0,0
2025-02-15 21:30,32,18,14,0,0,0
2025-02-15 21:45,18,7,11,0,0,0
2025-02-15 22:00,35,15,20,0,0,0
2025-02-15 22:15,31,17,14,0,0,0
2025-02-15 22:30,36,6,30,0,0,0
2025-02-15 22:45,18,8,10,0,0,0
2025-02-15 23:00,33,21,12,0,0,0
2025-02-15 23:15,20,11,9,0,0,0
2025-02-15 23:30,33,10,23,0,0,0
2025-02-15 23:45,30,10,20,0,0,0
2025-02-16 00:00,33,10,23,0,0,0
2025-02-16 00:15,13,7,6,0,0,0
2025-02-16 00:30,14,8,6,0,0,0
2025-02-16 00:45,25,8,17,0,0,0
2025-02-16 01:00,10,4,6,0,0,0
2025-02-16 01:15,22,5,17,0,0,0
2025-02-16 01:30,6,2,4,0,0,0
2025-02-16 01:45,8,2,6,0,0,0
2025-02-16 02:00,10,2,8,0,0,0
2025-02-16 02:15,16,2,14,0,0,0
2025-02-16 02:30,10,3,7,0,0,0
2025-02-16 02:45,15,2,13,0,0,0
2025-02-16 03:00,11,5,6,0,0,0
2025-02-16 03:15,6,1,5,0,0,0
2025-02-16 03:30,8,4,4,0,0,0
2025-02-16 03:45,2,0,2,0,0,0
2025-02-16 04:00,6,1,5,0,0,0
2025-02-16 04:15,4,0,4,0,0,0
2025-02-16 04:30,1,0,1,0,0,0
2025-02-16 04:45,2,1,1,0,0,0
2025-02-16 05:00,2,2,0,0,0,0
2025-02-16 05:15,1,1,0,0,0,0
2025-02-16 05:30,6,3,3,0,0,0
2025-02-16 05:45,6,1,5,0,0,0
2025-02-16 06:00,4,1,3,0,0,0
2025-02-16 06:15,6,3,3,0,0,0
2025-02-16 06:30,3,3,0,0,0,0
2025-02-16 06:45,7,3,4,0,0,0
2025-02-16 07:00,2,2,0,0,0,0
2025-02-16 07:15,3,1,2,0,0,0
2025-02-16 07:30,4,2,2,0,0,0
2025-02-16 07:45,8,3,5,0,0,0
2025-02-16 08:00,4,1,3,0,0,0
2025-02-16 08:15,7,2,5,0,0,0
2025-02-16 08:30,7,4,3,0,0,0
2025-02-16 08:45,13,6,7,0,0,0
2025-02-16 09:00,4,2,2,0,0,0
2025-02-16 09:15,17,6,11,0,0,0
2025-02-16 09:30,25,19,6,0,0,0
2025-02-16 09:45,36,32,4,0,0,0
2025-02-16 10:00,28,18,10,0,0,0
2025-02-16 10:15,19,16,3,0,0,0
2025-02-16 10:30,29,20,9,0,0,0
2025-02-16 10:45,32,17,15,0,0,0
2025-02-16 11:00,26,13,13,0,0,0
2025-02-16 11:15,38,26,12,0,0,0
2025-02-16 11:30,20,12,8,0,0,0
2025-02-16 11:45,26,9,17,0,0,0
2025-02-16 12:00,31,17,14,0,0,0
2025-02-16 12:15,27,13,14,0,0,0
2025-02-16 12:30,27,17,10,0,0,0
2025-02-16 12:45,44,29,15,0,0,0
2025-02-16 13:00,45,20,25,0,0,0
2025-02-16 13:15,29,17,12,0,0,0
2025-02-16 13:30,36,20,16,0,0,0
2025-02-16 13:45,45,23,22,0,0,0
2025-02-16 14:00,53,38,15,0,0,0
2025-02-16 14:15,47,23,24,0,0,0
2025-02-16 14:30,55,33,22,0,0,0
2025-02-16 14:45,78,46,32,0,0,0
2025-02-16 15:00,46,20,26,0,0,0
2025-02-16 15:15,39,22,17,0,0,0
2025-02-16 15:30,47,19,28,0,0,0
2025-02-16 15:45,25,14,11,0,0,0
2025-02-16 16:00,42,22,20,0,0,0
2025-02-16 16:15,38,20,18,0,0,0
2025-02-16 16:30,44,19,25,0,0,0
2025-02-16 16:45,41,25,16,0,0,0
2025-02-16 17:00,32,20,12,0,0,0
2025-02-16 17:15,46,22,24,0,0,0
2025-02-16 17:30,48,21,27,0,0,0
2025-02-16 17:45,52,25,27,0,0,0
2025-02-16 18:00,49,24,25,0,0,0
2025-02-16 18:15,30,18,12,0,0,0
2025-02-16 18:30,41,21,20,0,0,0
2025-02-16 18:45,29,12,17,0,0,0
2025-02-16 19:00,21,5,16,0,0,0
2025-02-16 19:15,29,17,12,0,0,0
2025-02-16 19:30,29,9,20,0,0,0
2025-02-16 19:45,30,7,23,0,0,0
2025-02-16 20:00,24,11,13,0,0,0
2025-02-16 20:15,26,10,16,0,0,0
2025-02-16 20:30,28,9,19,0,0,0
2025-02-16 20:45,24,7,17,0,0,0
2025-02-16 21:00,17,4,13,0,0,0
2025-02-16 21:15,14,5,9,0,0,0
2025-02-16 21:30,14,5,9,0,0,0
2025-02-16 21:45,25,11,14,0,0,0
2025-02-16 22:00,13,9,4,0,0,0
2025-02-16 22:15,20,8,12,0,0,0
2025-02-16 22:30,11,7,4,0,0,0
2025-02-16 22:45,18,17,1,0,0,0
2025-02-16 23:00,4,1,3,0,0,0
2025-02-16 23:15,5,0,5,0,0,0
2025-02-16 23:30,2,0,2,0,0,0
2025-02-16 23:45,3,0,3,0,0,0
2025-02-17 00:00,5,0,5,0,0,0
2025-02-17 00:15,1,1,0,0,0,0
2025-02-17 00:30,1,0,1,0,0,0
2025-02-17 00:45,2,0,2,0,0,0
2025-02-17 01:00,0,0,0,0,0,0
2025-02-17 01:15,0,0,0,0,0,0
2025-02-17 01:30,1,0,1,0,0,0
2025-02-17 01:45,0,0,0,0,0,0
2025-02-17 02:00,0,0,0,0,0,0
2025-02-17 02:15,0,0,0,0,0,0
2025-02-17 02:30,1,0,1,0,0,0
2025-02-17 02:45,0,0,0,0,0,0
2025-02-17 03:00,0,0,0,0,0,0
2025-02-17 03:15,0,0,0,0,0,0
2025-02-17 03:30,1,0,1,0,0,0
2025-02-17 03:45,2,1,1,0,0,0
2025-02-17 04:00,1,1,0,0,0,0
2025-02-17 04:15,2,1,1,0,0,0
2025-02-17 04:30,1,0,1,0,0,0
2025-02-17 04:45,1,1,0,0,0,0
2025-02-17 05:00,2,2,0,0,0,0
2025-02-17 05:15,7,4,3,0,0,0
2025-02-17 05:30,15,7,8,0,0,0
2025-02-17 05:45,14,6,8,0,0,0
2025-02-17 06:00,7,5,2,0,0,0
2025-02-17 06:15,27,13,14,0,0,0
2025-02-17 06:30,44,23,21,0,0,0
2025-02-17 06:45,47,25,22,0,0,0
2025-02-17 07:00,71,45,26,0,0,0
2025-02-17 07:15,107,74,33,0,0,0
2025-02-17 07:30,197,135,62,0,0,0
2025-02-17 07:45,186,112,74,0,0,0
2025-02-17 08:00,131,85,46,0,0,0
2025-02-17 08:15,119,81,38,0,0,0
2025-02-17 08:30,133,97,36,0,0,0
2025-02-17 08:45,109,76,33,0,0,0
2025-02-17 09:00,77,53,24,0,0,0
2025-02-17 09:15,63,43,20,0,0,0
2025-02-17 09:30,85,64,21,0,0,0
2025-02-17 09:45,93,73,20,0,0,0
2025-02-17 10:00,65,40,25,0,0,0
2025-02-17 10:15,62,45,17,0,0,0
2025-02-17 10:30,62,43,19,0,0,0
2025-02-17 10:45,79,47,32,0,0,0
2025-02-17 11:00,67,42,25,0,0,0
2025-02-17 11:15,68,46,22,0,0,0
2025-02-17 11:30,62,38,24,0,0,0
2025-02-17 11:45,88,43,45,0,0,0
2025-02-17 12:00,89,54,35,0,0,0
2025-02-17 12:15,93,53,40,0,0,0
2025-02-17 12:30,82,38,44,0,0,0
2025-02-17 12:45,79,38,41,0,0,0
2025-02-17 13:00,113,51,62,0,0,0
2025-02-17 13:15,97,44,53,0,0,0
2025-02-17 13:30,85,50,35,0,0,0
2025-02-17 13:45,94,34,60,0,0,0
2025-02-17 14:00,117,45,72,0,0,0
2025-02-17 14:15,103,45,58,0,0,0
2025-02-17 14:30,66,35,31,0,0,0
2025-02-17 14:45,107,53,54,0,0,0
2025-02-17 15:00,115,59,56,0,0,0
2025-02-17 15:15,109,42,67,0,0,0
2025-02-17 15:30,117,55,62,0,0,0
2025-02-17 15:45,123,57,66,0,0,0
2025-02-17 16:00,114,62,52,0,0,0
2025-02-17 16:15,131,63,68,0,0,0
2025-02-17 16:30,129,56,73,0,0,0
2025-02-17 16:45,127,58,69,0,0,0
2025-02-17 17:00,133,64,69,0,0,0
2025-02-17 17:15,152,65,87,0,0,0
2025-02-17 17:30,124,47,77,0,0,0
2025-02-17 17:45,124,52,72,0,0,0
2025-02-17 18:00,117,38,79,0,0,0
2025-02-17 18:15,131,65,66,0,0,0
2025-02-17 18:30,118,45,73,0,0,0
2025-02-17 18:45,96,34,62,0,0,0
2025-02-17 19:00,71,30,41,0,0,0
2025-02-17 19:15,79,31,48,0,0,0
2025-02-17 19:30,49,21,28,0,0,0
2025-02-17 19:45,61,24,37,0,0,0
2025-02-17 20:00,59,18,41,0,0,0
2025-02-17 20:15,40,21,19,0,0,0
2025-02-17 20:30,45,17,28,0,0,0
2025-02-17 20:45,32,6,26,0,0,0
2025-02-17 21:00,23,11,12,0,0,0
2025-02-17 21:15,29,13,16,0,0,0
2025-02-17 21:30,35,15,20,0,0,0
2025-02-17 21:45,25,7,18,0,0,0
2025-02-17 22:00,24,3,21,0,0,0
2025-02-17 22:15,21,7,14,0,0,0
2025-02-17 22:30,29,13,16,0,0,0
2025-02-17 22:45,14,3,11,0,0,0
2025-02-17 23:00,10,1,9,0,0,0
2025-02-17 23:15,11,3,8,0,0,0
2025-02-17 23:30,9,3,6,0,0,0
2025-02-17 23:45,16,9,7,0,0,0
2025-02-18 00:00,7,2,5,0,0,0
2025-02-18 00:15,3,0,3,0,0,0
2025-02-18 00:30,2,1,1,0,0,0
2025-02-18 00:45,3,1,2,0,0,0
2025-02-18 01:00,3,0,3,0,0,0
2025-02-18 01:15,3,0,3,0,0,0
2025-02-18 01:30,3,0,3,0,0,0
2025-02-18 01:45,3,0,3,0,0,0
2025-02-18 02:00,1,0,1,0,0,0
2025-02-18 02:15,1,0,1,0,0,0
2025-02-18 02:30,0,0,0,0,0,0
2025-02-18 02:45,0,0,0,0,0,0
2025-02-18 03:00,0,0,0,0,0,0
2025-02-18 03:15,1,0,1,0,0,0
2025-02-18 03:30,1,0,1,0,0,0
2025-02-18 03:45,0,0,0,0,0,0
2025-02-18 04:00,4,1,3,0,0,0
2025-02-18 04:15,0,0,0,0,0,0
2025-02-18 04:30,0,0,0,0,0,0
2025-02-18 04:45,6,3,3,0,0,0
2025-02-18 05:00,5,3,2,0,0,0
2025-02-18 05:15,5,4,1,0,0,0
2025-02-18 05:30,14,5,9,0,0,0
2025-02-18 05:45,12,5,7,0,0,0
2025-02-18 06:00,16,10,6,0,0,0
2025-02-18 06:15,25,13,12,0,0,0
2025-02-18 06:30,46,25,21,0,0,0
2025-02-18 06:45,44,25,19,0,0,0
2025-02-18 07:00,66,46,20,0,0,0
2025-02-18 07:15,119,80,39,0,0,0
2025-02-18 07:30,183,131,52,0,0,0
2025-02-18 07:45,173,117,56,0,0,0
2025-02-18 08:00,115,78,37,0,0,0
2025-02-18 08:15,132,97,35,0,0,0
2025-02-18 08:30,127,91,36,0,0,0
2025-02-18 08:45,150,104,46,0,0,0
2025-02-18 09:00,81,54,27,0,0,0
2025-02-18 09:15,75,59,16,0,0,0
2025-02-18 09:30,65,49,16,0,0,0
2025-02-18 09:45,80,62,18,0,0,0
2025-02-18 10:00,59,37,22,0,0,0
2025-02-18 10:15,72,49,23,0,0,0
2025-02-18 10:30,71,46,25,0,0,0
2025-02-18 10:45,91,60,31,0,0,0
2025-02-18 11:00,59,31,28,0,0,0
2025-02-18 11:15,75,49,26,0,0,0
2025-02-18 11:30,67,36,31,0,0,0
2025-02-18 11:45,72,50,22,0,0,0
2025-02-18 12:00,59,30,29,0,0,0
2025-02-18 12:15,88,54,34,0,0,0
2025-02-18 12:30,73,33,40,0,0,0
2025-02-18 12:45,91,51,40,0,0,0
2025-02-18 13:00,116,54,62,0,0,0
2025-02-18 13:15,103,48,55,0,0,0
2025-02-18 13:30,83,49,34,0,0,0
2025-02-18 13:45,97,46,51,0,0,0
2025-02-18 14:00,98,44,54,0,0,0
2025-02-18 14:15,102,47,55,0,0,0
2025-02-18 14:30,103,51,52,0,0,0
2025-02-18 14:45,111,57,54,0,0,0
2025-02-18 15:00,109,50,59,0,0,0
2025-02-18 15:15,115,68,47,0,0,0
2025-02-18 15:30,104,52,52,0,0,0
2025-02-18 15:45,124,64,60,0,0,0
2025-02-18 16:00,125,68,57,0,0,0
2025-02-18 16:15,117,55,62,0,0,0
2025-02-18 16:30,109,59,50,0,0,0
2025-02-18 16:45,151,76,75,0,0,0
2025-02-18 17:00,110,58,52,0,0,0
2025-02-18 17:15,138,68,70,0,0,0
2025-02-18 17:30,117,47,70,0,0,0
2025-02-18 17:45,140,58,82,0,0,0
2025-02-18 18:00,116,50,66,0,0,0
2025-02-18 18:15,110,50,60,0,0,0
2025-02-18 18:30,84,37,47,0,0,0
2025-02-18 18:45,87,43,44,0,0,0
2025-02-18 19:00,77,31,46,0,0,0
2025-02-18 19:15,73,28,45,0,0,0
2025-02-18 19:30,59,29,30,0,0,0
2025-02-18 19:45,61,23,38,0,0,0
2025-02-18 20:00,61,22,39,0,0,0
2025-02-18 20:15,49,17,32,0,0,0
2025-02-18 20:30,38,11,27,0,0,0
2025-02-18 20:45,31,10,21,0,0,0
2025-02-18 21:00,39,9,30,0,0,0
2025-02-18 21:15,33,8,25,0,0,0
2025-02-18 21:30,33,12,21,0,0,0
2025-02-18 21:45,31,15,16,0,0,0
2025-02-18 22:00,49,13,36,0,0,0
2025-02-18 22:15,35,15,20,0,0,0
2025-02-18 22:30,23,8,15,0,0,0
2025-02-18 22:45,25,12,13,0,0,0
2025-02-18 23:00,27,6,21,0,0,0
2025-02-18 23:15,13,5,8,0,0,0
2025-02-18 23:30,14,3,11,0,0,0
2025-02-18 23:45,4,3,1,0,0,0
2025-02-19 00:00,10,1,9,0,0,0
2025-02-19 00:15,7,3,4,0,0,0
2025-02-19 00:30,4,1,3,0,0,0
2025-02-19 00:45,1,0,1,0,0,0
2025-02-19 01:00,0,0,0,0,0,0
2025-02-19 01:15,3,1,2,0,0,0
2025-02-19 01:30,1,0,1,0,0,0
2025-02-19 01:45,0,0,0,0,0,0
2025-02-19 02:00,2,0,2,0,0,0
2025-02-19 02:15,1,0,1,0,0,0
2025-02-19 02:30,0,0,0,0,0,0
2025-02-19 02:45,1,1,0,0,0,0
2025-02-19 03:00,0,0,0,0,0,0
2025-02-19 03:15,1,1,0,0,0,0
2025-02-19 03:30,2,0,2,0,0,0
2025-02-19 03:45,3,1,2,0,0,0
2025-02-19 04:00,2,1,1,0,0,0
2025-02-19 04:15,0,0,0,0,0,0
2025-02-19 04:30,2,1,1,0,0,0
2025-02-19 04:45,0,0,0,0,0,0
2025-02-19 05:00,3,2,1,0,0,0
2025-02-19 05:15,5,3,2,0,0,0
2025-02-19 05:30,10,5,5,0,0,0
2025-02-19 05:45,13,4,9,0,0,0
2025-02-19 06:00,6,6,0,0,0,0
2025-02-19 06:15,28,14,14,0,0,0
2025-02-19 06:30,40,22,18,0,0,0
2025-02-19 06:45,52,34,18,0,0,0
2025-02-19 07:00,68,36,32,0,0,0
2025-02-19 07:15,118,79,39,0,0,0
2025-02-19 07:30,181,135,46,0,0,0
2025-02-19 07:45,184,124,60,0,0,0
2025-02-19 08:00,131,75,56,0,0,0
2025-02-19 08:15,127,86,41,0,0,0
2025-02-19 08:30,114,86,28,0,0,0
2025-02-19 08:45,126,88,38,0,0,0
2025-02-19 09:00,90,72,18,0,0,0
2025-02-19 09:15,84,66,18,0,0,0
2025-02-19 09:30,88,64,24,0,0,0
2025-02-19 09:45,117,82,35,0,0,0
2025-02-19 10:00,78,60,18,0,0,0
2025-02-19 10:15,94,62,32,0,0,0
2025-02-19 10:30,87,56,31,0,0,0
2025-02-19 10:45,97,58,39,0,0,0
2025-02-19 11:00,94,47,47,0,0,0
2025-02-19 11:15,112,60,52,0,0,0
2025-02-19 11:30,81,46,35,0,0,0
2025-02-19 11:45,110,65,45,0,0,0
2025-02-19 12:00,106,57,49,0,0,0
2025-02-19 12:15,109,59,50,0,0,0
2025-02-19 12:30,95,45,50,0,0,0
2025-02-19 12:45,73,56,17,0,0,0
2025-02-19 13:00,119,65,54,0,0,0
2025-02-19 13:15,115,51,64,0,0,0
2025-02-19 13:30,105,61,44,0,0,0
2025-02-19 13:45,118,52,66,0,0,0
2025-02-19 14:00,137,58,79,0,0,0
2025-02-19 14:15,115,57,58,0,0,0
2025-02-19 14:30,97,44,53,0,0,0
2025-02-19 14:45,98,43,55,0,0,0
2025-02-19 15:00,100,53,47,0,0,0
2025-02-19 15:15,109,53,56,0,0,0
2025-02-19 15:30,117,52,65,0,0,0
2025-02-19 15:45,150,73,77,0,0,0
2025-02-19 16:00,160,80,80,0,0,0
2025-02-19 16:15,141,74,67,0,0,0
2025-02-19 16:30,125,59,66,0,0,0
2025-02-19 16:45,106,48,58,0,0,0
2025-02-19 17:00,103,52,51,0,0,0
2025-02-19 17:15,115,58,57,0,0,0
2025-02-19 17:30,129,54,75,0,0,0
2025-02-19 17:45,146,60,86,0,0,0
2025-02-19 18:00,115,52,63,0,0,0
2025-02-19 18:15,122,50,72,0,0,0
2025-02-19 18:30,68,32,36,0,0,0
2025-02-19 18:45,101,47,54,0,0,0
2025-02-19 19:00,86,35,51,0,0,0
2025-02-19 19:15,79,31,48,0,0,0
2025-02-19 19:30,55,25,30,0,0,0
2025-02-19 19:45,59,26,33,0,0,0
2025-02-19 20:00,62,20,42,0,0,0
2025-02-19 20:15,57,28,29,0,0,0
2025-02-19 20:30,34,10,24,0,0,0
2025-02-19 20:45,39,13,26,0,0,0
2025-02-19 21:00,28,10,18,0,0,0
2025-02-19 21:15,50,13,37,0,0,0
2025-02-19 21:30,26,12,14,0,0,0
2025-02-19 21:45,43,14,29,0,0,0
2025-02-19 22:00,49,13,36,0,0,0
2025-02-19 22:15,36,15,21,0,0,0
2025-02-19 22:30,26,8,18,0,0,0
2025-02-19 22:45,24,8,16,0,0,0
2025-02-19 23:00,22,11,11,0,0,0
2025-02-19 23:15,13,4,9,0,0,0
2025-02-19 23:30,11,3,8,0,0,0
2025-02-19 23:45,10,5,5,0,0,0
2025-02-20 00:00,7,3,4,0,0,0
2025-02-20 00:15,4,1,3,0,0,0
2025-02-20 00:30,9,5,4,0,0,0
2025-02-20 00:45,9,5,4,0,0,0
2025-02-20 01:00,11,5,6,0,0,0
2025-02-20 01:15,2,0,2,0,0,0
2025-02-20 01:30,4,0,4,0,0,0
2025-02-20 01:45,5,0,5,0,0,0
2025-02-20 02:00,1,0,1,0,0,0
2025-02-20 02:15,2,0,2,0,0,0
2025-02-20 02:30,0,0,0,0,0,0
2025-02-20 02:45,0,0,0,0,0,0
2025-02-20 03:00,2,0,2,0,0,0
2025-02-20 03:15,1,0,1,0,0,0
2025-02-20 03:30,0,0,0,0,0,0
2025-02-20 03:45,1,1,0,0,0,0
2025-02-20 04:00,5,2,3,0,0,0
2025-02-20 04:15,1,0,1,0,0,0
2025-02-20 04:30,1,1,0,0,0,0
2025-02-20 04:45,2,0,2,0,0,0
2025-02-20 05:00,3,2,1,0,0,0
2025-02-20 05:15,3,0,3,0,0,0
2025-02-20 05:30,22,9,13,0,0,0
2025-02-20 05:45,13,6,7,0,0,0
2025-02-20 06:00,7,4,3,0,0,0
2025-02-20 06:15,26,15,11,0,0,0
2025-02-20 06:30,43,24,19,0,0,0
2025-02-20 06:45,42,25,17,0,0,0
2025-02-20 07:00,66,49,17,0,0,0
2025-02-20 07:15,115,81,34,0,0,0
2025-02-20 07:30,191,151,40,0,0,0
2025-02-20 07:45,186,128,58,0,0,0
2025-02-20 08:00,126,80,46,0,0,0
2025-02-20 08:15,130,94,36,0,0,0
2025-02-20 08:30,127,90,37,0,0,0
2025-02-20 08:45,124,96,28,0,0,0
2025-02-20 09:00,95,71,24,0,0,0
2025-02-20 09:15,80,63,17,0,0,0
2025-02-20 09:30,75,61,14,0,0,0
2025-02-20 09:45,96,63,33,0,0,0
2025-02-20 10:00,83,48,35,0,0,0
2025-02-20 10:15,76,46,30,0,0,0
2025-02-20 10:30,67,46,21,0,0,0
2025-02-20 10:45,83,38,45,0,0,0
2025-02-20 11:00,63,36,27,0,0,0
2025-02-20 11:15,87,50,37,0,0,0
2025-02-20 11:30,73,43,30,0,0,0
2025-02-20 11:45,79,45,34,0,0,0
2025-02-20 12:00,80,41,39,0,0,0
2025-02-20 12:15,93,43,50,0,0,0
2025-02-20 12:30,120,52,68,0,0,0
2025-02-20 12:45,89,50,39,0,0,0
2025-02-20 13:00,93,45,48,0,0,0
2025-02-20 13:15,92,36,56,0,0,0
2025-02-20 13:30,82,40,42,0,0,0
2025-02-20 13:45,102,50,52,0,0,0
2025-02-20 14:00,114,43,71,0,0,0
2025-02-20 14:15,134,60,74,0,0,0
2025-02-20 14:30,110,49,61,0,0,0
2025-02-20 14:45,137,71,66,0,0,0
2025-02-20 15:00,155,73,82,0,0,0
2025-02-20 15:15,123,65,58,0,0,0
2025-02-20 15:30,129,65,64,0,0,0
2025-02-20 15:45,142,75,67,0,0,0
2025-02-20 16:00,148,76,72,0,0,0
2025-02-20 16:15,130,59,71,0,0,0
2025-02-20 16:30,141,71,70,0,0,0
2025-02-20 16:45,141,86,55,0,0,0
2025-02-20 17:00,119,57,62,0,0,0
2025-02-20 17:15,122,59,63,0,0,0
2025-02-20 17:30,137,63,74,0,0,0
2025-02-20 17:45,139,59,80,0,0,0
2025-02-20 18:00,156,61,95,0,0,0
2025-02-20 18:15,146,52,94,0,0,0
2025-02-20 18:30,108,42,66,0,0,0
2025-02-20 18:45,119,59,60,0,0,0
2025-02-20 19:00,93,39,54,0,0,0
2025-02-20 19:15,84,37,47,0,0,0
2025-02-20 19:30,77,27,50,0,0,0
2025-02-20 19:45,64,21,43,0,0,0
2025-02-20 20:00,56,25,31,0,0,0
2025-02-20 20:15,54,22,32,0,0,0
2025-02-20 20:30,35,12,23,0,0,0
2025-02-20 20:45,39,13,26,0,0,0
2025-02-20 21:00,43,17,26,0,0,0
2025-02-20 21:15,35,13,22,0,0,0
2025-02-20 21:30,38,20,18,0,0,0
2025-02-20 21:45,45,14,31,0,0,0
2025-02-20 22:00,41,13,28,0,0,0
2025-02-20 22:15,35,17,18,0,0,0
2025-02-20 22:30,26,8,18,0,0,0
2025-02-20 22:45,22,6,16,0,0,0
2025-02-20 23:00,24,4,20,0,0,0
2025-02-20 23:15,18,7,11,0,0,0
2025-02-20 23:30,9,3,6,0,0,0
2025-02-20 23:45,6,5,1,0,0,0
2025-02-21 00:00,5,3,2,0,0,0
2025-02-21 00:15,9,5,4,0,0,0
2025-02-21 00:30,1,1,0,0,0,0
2025-02-21 00:45,5,2,3,0,0,0
2025-02-21 01:00,2,0,2,0,0,0
2025-02-21 01:15,3,0,3,0,0,0
2025-02-21 01:30,1,0,1,0,0,0
2025-02-21 01:45,2,0,2,0,0,0
2025-02-21 02:00,7,0,7,0,0,0
2025-02-21 02:15,2,0,2,0,0,0
2025-02-21 02:30,2,1,1,0,0,0
2025-02-21 02:45,3,0,3,0,0,0
2025-02-21 03:00,0,0,0,0,0,0
2025-02-21 03:15,0,0,0,0,0,0
2025-02-21 03:30,0,0,0,0,0,0
2025-02-21 03:45,0,0,0,0,0,0
2025-02-21 04:00,4,2,2,0,0,0
2025-02-21 04:15,0,0,0,0,0,0
2025-02-21 04:30,1,1,0,0,0,0
2025-02-21 04:45,1,0,1,0,0,0
2025-02-21 05:00,3,1,2,0,0,0
2025-02-21 05:15,5,3,2,0,0,0
2025-02-21 05:30,13,5,8,0,0,0
2025-02-21 05:45,15,6,9,0,0,0
2025-02-21 06:00,10,7,3,0,0,0
2025-02-21 06:15,31,16,15,0,0,0
2025-02-21 06:30,47,28,19,0,0,0
2025-02-21 06:45,43,23,20,0,0,0
2025-02-21 07:00,59,36,23,0,0,0
2025-02-21 07:15,109,74,35,0,0,0
2025-02-21 07:30,192,132,60,0,0,0
2025-02-21 07:45,160,113,47,0,0,0
2025-02-21 08:00,128,81,47,0,0,0
2025-02-21 08:15,127,90,37,0,0,0
2025-02-21 08:30,113,83,30,0,0,0
2025-02-21 08:45,149,107,42,0,0,0
2025-02-21 09:00,89,64,25,0,0,0
2025-02-21 09:15,77,57,20,0,0,0
2025-02-21 09:30,79,57,22,0,0,0
2025-02-21 09:45,108,69,39,0,0,0
2025-02-21 10:00,80,53,27,0,0,0
2025-02-21 10:15,77,50,27,0,0,0
2025-02-21 10:30,71,48,23,0,0,0
2025-02-21 10:45,77,47,30,0,0,0
2025-02-21 11:00,90,47,43,0,0,0
2025-02-21 11:15,76,47,29,0,0,0
2025-02-21 11:30,85,54,31,0,0,0
2025-02-21 11:45,79,47,32,0,0,0
2025-02-21 12:00,113,58,55,0,0,0
2025-02-21 12:15,105,56,49,0,0,0
2025-02-21 12:30,134,56,78,0,0,0
2025-02-21 12:45,130,65,65,0,0,0
2025-02-21 13:00,138,52,86,0,0,0
2025-02-21 13:15,107,49,58,0,0,0
2025-02-21 13:30,112,57,55,0,0,0
2025-02-21 13:45,133,59,74,0,0,0
2025-02-21 14:00,153,84,69,0,0,0
2025-02-21 14:15,155,60,95,0,0,0
2025-02-21 14:30,128,64,64,0,0,0
2025-02-21 14:45,99,59,40,0,0,0
2025-02-21 15:00,127,67,60,0,0,0
2025-02-21 15:15,131,74,57,0,0,0
2025-02-21 15:30,132,71,61,0,0,0
2025-02-21 15:45,124,61,63,0,0,0
2025-02-21 16:00,135,81,54,0,0,0
2025-02-21 16:15,109,44,65,0,0,0
2025-02-21 16:30,109,65,44,0,0,0
2025-02-21 16:45,97,50,47,0,0,0
2025-02-21 17:00,110,50,60,0,0,0
2025-02-21 17:15,133,77,56,0,0,0
2025-02-21 17:30,140,98,42,0,0,0
2025-02-21 17:45,166,104,62,0,0,0
2025-02-21 18:00,112,74,38,0,0,0
2025-02-21 18:15,105,64,41,0,0,0
2025-02-21 18:30,88,46,42,0,0,0
2025-02-21 18:45,124,56,68,0,0,0
2025-02-21 19:00,103,43,60,0,0,0
2025-02-21 19:15,102,38,64,0,0,0
2025-02-21 19:30,107,37,70,0,0,0
2025-02-21 19:45,74,22,52,0,0,0
2025-02-21 20:00,62,25,37,0,0,0
2025-02-21 20:15,46,21,25,0,0,0
2025-02-21 20:30,33,11,22,0,0,0
2025-02-21 20:45,37,14,23,0,0,0
2025-02-21 21:00,52,28,24,0,0,0
2025-02-21 21:15,56,14,42,0,0,0
2025-02-21 21:30,45,16,29,0,0,0
2025-02-21 21:45,53,21,32,0,0,0
2025-02-21 22:00,47,14,33,0,0,0
2025-02-21 22:15,31,13,18,0,0,0
2025-02-21 22:30,46,15,31,0,0,0
2025-02-21 22:45,36,14,22,0,0,0
2025-02-21 23:00,45,12,33,0,0,0
2025-02-21 23:15,36,24,12,0,0,0
2025-02-21 23:30,30,14,16,0,0,0
2025-02-21 23:45,33,7,26,0,0,0
2025-02-22 00:00,35,10,25,0,0,0
2025-02-22 00:15,19,9,10,0,0,0
2025-02-22 00:30,24,6,18,0,0,0
2025-02-22 00:45,17,7,10,0,0,0
2025-02-22 01:00,26,5,21,0,0,0
2025-02-22 01:15,14,4,10,0,0,0
2025-02-22 01:30,9,5,4,0,0,0
2025-02-22 01:45,10,3,7,0,0,0
2025-02-22 02:00,10,2,8,0,0,0
2025-02-22 02:15,13,8,5,0,0,0
2025-02-22 02:30,12,7,5,0,0,0
2025-02-22 02:45,5,1,4,0,0,0
2025-02-22 03:00,4,0,4,0,0,0
2025-02-22 03:15,8,2,6,0,0,0
2025-02-22 03:30,1,0,1,0,0,0
2025-02-22 03:45,8,1,7,0,0,0
2025-02-22 04:00,1,0,1,0,0,0
2025-02-22 04:15,2,1,1,0,0,0
2025-02-22 04:30,1,0,1,0,0,0
2025-02-22 04:45,1,1,0,0,0,0
2025-02-22 05:00,2,1,1,0,0,0
2025-02-22 05:15,4,1,3,0,0,0
2025-02-22 05:30,7,3,4,0,0,0
2025-02-22 05:45,9,4,5,0,0,0
2025-02-22 06:00,5,4,1,0,0,0
2025-02-22 06:15,6,6,0,0,0,0
2025-02-22 06:30,4,3,1,0,0,0
2025-02-22 06:45,14,10,4,0,0,0
2025-02-22 07:00,12,10,2,0,0,0
2025-02-22 07:15,11,7,4,0,0,0
2025-02-22 07:30,17,9,8,0,0,0
2025-02-22 07:45,25,16,9,0,0,0
2025-02-22 08:00,31,14,17,0,0,0
2025-02-22 08:15,28,19,9,0,0,0
2025-02-22 08:30,39,22,17,0,0,0
2025-02-22 08:45,50,29,21,0,0,0
2025-02-22 09:00,49,39,10,0,0,0
2025-02-22 09:15,53,40,13,0,0,0
2025-02-22 09:30,63,47,16,0,0,0
2025-02-22 09:45,108,70,38,0,0,0
2025-02-22 10:00,97,72,25,0,0,0
2025-02-22 10:15,80,70,10,0,0,0
2025-02-22 10:30,108,76,32,0,0,0
2025-02-22 10:45,116,79,37,0,0,0
2025-02-22 11:00,113,69,44,0,0,0
2025-02-22 11:15,118,72,46,0,0,0
2025-02-22 11:30,151,81,70,0,0,0
2025-02-22 11:45,121,75,46,0,0,0
2025-02-22 12:00,104,67,37,0,0,0
2025-02-22 12:15,114,72,42,0,0,0
2025-02-22 12:30,120,76,44,0,0,0
2025-02-22 12:45,113,83,30,0,0,0
2025-02-22 13:00,118,74,44,0,0,0
2025-02-22 13:15,107,62,45,0,0,0
2025-02-22 13:30,96,52,44,0,0,0
2025-02-22 13:45,102,57,45,0,0,0
2025-02-22 14:00,87,41,46,0,0,0
2025-02-22 14:15,109,51,58,0,0,0
2025-02-22 14:30,96,48,48,0,0,0
2025-02-22 14:45,101,51,50,0,0,0
2025-02-22 15:00,95,46,49,0,0,0
2025-02-22 15:15,88,43,45,0,0,0
2025-02-22 15:30,75,28,47,0,0,0
2025-02-22 15:45,71,32,39,0,0,0
2025-02-22 16:00,81,36,45,0,0,0
2025-02-22 16:15,79,31,48,0,0,0
2025-02-22 16:30,60,28,32,0,0,0
2025-02-22 16:45,60,32,28,0,0,0
2025-02-22 17:00,59,20,39,0,0,0
2025-02-22 17:15,67,32,35,0,0,0
2025-02-22 17:30,82,27,55,0,0,0
2025-02-22 17:45,80,44,36,0,0,0
2025-02-22 18:00,77,22,55,0,0,0
2025-02-22 18:15,53,21,32,0,0,0
2025-02-22 18:30,37,17,20,0,0,0
2025-02-22 18:45,66,34,32,0,0,0
2025-02-22 19:00,81,50,31,0,0,0
2025-02-22 19:15,68,35,33,0,0,0
2025-02-22 19:30,68,43,25,0,0,0
2025-02-22 19:45,63,32,31,0,0,0
2025-02-22 20:00,41,18,23,0,0,0
2025-02-22 20:15,37,22,15,0,0,0
2025-02-22 20:30,36,19,17,0,0,0
2025-02-22 20:45,32,15,17,0,0,0
2025-02-22 21:00,30,14,16,0,0,0
2025-02-22 21:15,20,11,9,0,0,0
2025-02-22 21:30,26,16,10,0,0,0
2025-02-22 21:45,15,5,10,0,0,0
2025-02-22 22:00,20,12,8,0,0,0
2025-02-22 22:15,33,12,21,0,0,0
2025-02-22 22:30,33,9,24,0,0,0
2025-02-22 22:45,23,8,15,0,0,0
2025-02-22 23:00,21,10,11,0,0,0
2025-02-22 23:15,33,21,12,0,0,0
2025-02-22 23:30,25,13,12,0,0,0
2025-02-22 23:45,16,9,7,0,0,0
2025-02-23 00:00,23,11,12,0,0,0
2025-02-23 00:15,18,9,9,0,0,0
2025-02-23 00:30,20,13,7,0,0,0
2025-02-23 00:45,25,14,11,0,0,0
2025-02-23 01:00,18,5,13,0,0,0
2025-02-23 01:15,9,0,9,0,0,0
2025-02-23 01:30,9,4,5,0,0,0
2025-02-23 01:45,4,1,3,0,0,0
2025-02-23 02:00,6,3,3,0,0,0
2025-02-23 02:15,5,1,4,0,0,0
2025-02-23 02:30,3,1,2,0,0,0
2025-02-23 02:45,3,0,3,0,0,0
2025-02-23 03:00,9,2,7,0,0,0
2025-02-23 03:15,7,4,3,0,0,0
2025-02-23 03:30,4,0,4,0,0,0
2025-02-23 03:45,1,0,1,0,0,0
2025-02-23 04:00,5,0,5,0,0,0
2025-02-23 04:15,1,0,1,0,0,0
2025-02-23 04:30,2,0,2,0,0,0
2025-02-23 04:45,1,0,1,0,0,0
2025-02-23 05:00,3,1,2,0,0,0
2025-02-23 05:15,2,1,1,0,0,0
2025-02-23 05:30,4,4,0,0,0,0
2025-02-23 05:45,2,0,2,0,0,0
2025-02-23 06:00,4,2,2,0,0,0
2025-02-23 06:15,5,3,2,0,0,0
2025-02-23 06:30,3,1,2,0,0,0
2025-02-23 06:45,4,4,0,0,0,0
2025-02-23 07:00,5,2,3,0,0,0
2025-02-23 07:15,3,2,1,0,0,0
2025-02-23 07:30,5,4,1,0,0,0
2025-02-23 07:45,9,3,6,0,0,0
2025-02-23 08:00,11,7,4,0,0,0
2025-02-23 08:15,6,5,1,0,0,0
2025-02-23 08:30,11,9,2,0,0,0
2025-02-23 08:45,13,11,2,0,0,0
2025-02-23 09:00,15,7,8,0,0,0
2025-02-23 09:15,18,14,4,0,0,0
2025-02-23 09:30,21,15,6,0,0,0
2025-02-23 09:45,30,20,10,0,0,0
2025-02-23 10:00,22,19,3,0,0,0
2025-02-23 10:15,28,16,12,0,0,0
2025-02-23 10:30,28,23,5,0,0,0
2025-02-23 10:45,32,24,8,0,0,0
2025-02-23 11:00,27,13,14,0,0,0
2025-02-23 11:15,31,16,15,0,0,0
2025-02-23 11:30,36,23,13,0,0,0
2025-02-23 11:45,37,26,11,0,0,0
2025-02-23 12:00,17,9,8,0,0,0
2025-02-23 12:15,38,25,13,0,0,0
2025-02-23 12:30,40,19,21,0,0,0
2025-02-23 12:45,38,22,16,0,0,0
2025-02-23 13:00,47,22,25,0,0,0
2025-02-23 13:15,56,37,19,0,0,0
2025-02-23 13:30,44,22,22,0,0,0
2025-02-23 13:45,61,39,22,0,0,0
2025-02-23 14:00,48,27,21,0,0,0
2025-02-23 14:15,50,33,17,0,0,0
2025-02-23 14:30,64,28,36,0,0,0
2025-02-23 14:45,65,41,24,0,0,0
2025-02-23 15:00,62,40,22,0,0,0
2025-02-23 15:15,61,39,22,0,0,0
2025-02-23 15:30,50,39,11,0,0,0
2025-02-23 15:45,75,40,35,0,0,0
2025-02-23 16:00,48,26,22,0,0,0
2025-02-23 16:15,69,34,35,0,0,0
2025-02-23 16:30,87,28,59,0,0,0
2025-02-23 16:45,45,18,27,0,0,0
2025-02-23 17:00,54,33,21,0,0,0
2025-02-23 17:15,51,33,18,0,0,0
2025-02-23 17:30,77,47,30,0,0,0
2025-02-23 17:45,56,31,25,0,0,0
2025-02-23 18:00,37,22,15,0,0,0
2025-02-23 18:15,29,15,14,0,0,0
2025-02-23 18:30,37,22,15,0,0,0
2025-02-23 18:45,56,29,27,0,0,0
2025-02-23 19:00,37,23,14,0,0,0
2025-02-23 19:15,31,16,15,0,0,0
2025-02-23 19:30,37,16,21,0,0,0
2025-02-23 19:45,32,10,22,0,0,0
2025-02-23 20:00,28,12,16,0,0,0
2025-02-23 20:15,18,7,11,0,0,0
2025-02-23 20:30,18,7,11,0,0,0
2025-02-23 20:45,13,7,6,0,0,0
2025-02-23 21:00,18,10,8,0,0,0
2025-02-23 21:15,22,11,11,0,0,0
2025-02-23 21:30,25,15,10,0,0,0
2025-02-23 21:45,16,9,7,0,0,0
2025-02-23 22:00,16,7,9,0,0,0
2025-02-23 22:15,10,0,10,0,0,0
2025-02-23 22:30,15,3,12,0,0,0
2025-02-23 22:45,10,5,5,0,0,0
2025-02-23 23:00,3,1,2,0,0,0
2025-02-23 23:15,5,4,1,0,0,0
2025-02-23 23:30,4,1,3,0,0,0
2025-02-23 23:45,3,3,0,0,0,0
2025-02-24 00:00,4,1,3,0,0,0
2025-02-24 00:15,0,0,0,0,0,0
2025-02-24 00:30,6,2,4,0,0,0
2025-02-24 00:45,2,1,1,0,0,0
2025-02-24 01:00,1,0,1,0,0,0
2025-02-24 01:15,0,0,0,0,0,0
2025-02-24 01:30,0,0,0,0,0,0
2025-02-24 01:45,0,0,0,0,0,0
2025-02-24 02:00,0,0,0,0,0,0
2025-02-24 02:15,1,1,0,0,0,0
2025-02-24 02:30,0,0,0,0,0,0
2025-02-24 02:45,0,0,0,0,0,0
2025-02-24 03:00,1,0,1,0,0,0
2025-02-24 03:15,0,0,0,0,0,0
2025-02-24 03:30,0,0,0,0,0,0
2025-02-24 03:45,2,1,1,0,0,0
2025-02-24 04:00,0,0,0,0,0,0
2025-02-24 04:15,1,0,1,0,0,0
2025-02-24 04:30,1,1,0,0,0,0
2025-02-24 04:45,0,0,0,0,0,0
2025-02-24 05:00,3,3,0,0,0,0
2025-02-24 05:15,7,4,3,0,0,0
2025-02-24 05:30,10,3,7,0,0,0
2025-02-24 05:45,20,10,10,0,0,0
2025-02-24 06:00,9,5,4,0,0,0
2025-02-24 06:15,27,17,10,0,0,0
2025-02-24 06:30,33,20,13,0,0,0
2025-02-24 06:45,54,38,16,0,0,0
2025-02-24 07:00,80,52,28,0,0,0
2025-02-24 07:15,93,62,31,0,0,0
2025-02-24 07:30,200,150,50,0,0,0
2025-02-24 07:45,170,119,51,0,0,0
2025-02-24 08:00,128,92,36,0,0,0
2025-02-24 08:15,103,74,29,0,0,0
2025-02-24 08:30,121,96,25,0,0,0
2025-02-24 08:45,108,91,17,0,0,0
2025-02-24 09:00,74,52,22,0,0,0
2025-02-24 09:15,78,64,14,0,0,0
2025-02-24 09:30,88,66,22,0,0,0
2025-02-24 09:45,88,72,16,0,0,0
2025-02-24 10:00,70,47,23,0,0,0
2025-02-24 10:15,50,39,11,0,0,0
2025-02-24 10:30,67,46,21,0,0,0
2025-02-24 10:45,65,39,26,0,0,0
2025-02-24 11:00,59,29,30,0,0,0
2025-02-24 11:15,68,47,21,0,0,0
2025-02-24 11:30,68,41,27,0,0,0
2025-02-24 11:45,73,42,31,0,0,0
2025-02-24 12:00,66,38,28,0,0,0
2025-02-24 12:15,84,48,36,0,0,0
2025-02-24 12:30,90,51,39,0,0,0
2025-02-24 12:45,95,57,38,0,0,0
2025-02-24 13:00,92,42,50,0,0,0
2025-02-24 13:15,81,34,47,0,0,0
2025-02-24 13:30,83,52,31,0,0,0
2025-02-24 13:45,75,41,34,0,0,0
2025-02-24 14:00,106,44,62,0,0,0
2025-02-24 14:15,88,49,39,0,0,0
2025-02-24 14:30,87,44,43,0,0,0
2025-02-24 14:45,100,69,31,0,0,0
2025-02-24 15:00,94,47,47,0,0,0
2025-02-24 15:15,103,47,56,0,0,0
2025-02-24 15:30,112,64,48,0,0,0
2025-02-24 15:45,143,85,58,0,0,0
2025-02-24 16:00,128,66,62,0,0,0
2025-02-24 16:15,120,59,61,0,0,0
2025-02-24 16:30,108,62,46,0,0,0
2025-02-24 16:45,118,52,66,0,0,0
2025-02-24 17:00,110,54,56,0,0,0
2025-02-24 17:15,119,60,59,0,0,0
2025-02-24 17:30,113,50,63,0,0,0
2025-02-24 17:45,122,58,64,0,0,0
2025-02-24 18:00,108,48,60,0,0,0
2025-02-24 18:15,116,57,59,0,0,0
2025-02-24 18:30,83,35,48,0,0,0
2025-02-24 18:45,84,41,43,0,0,0
2025-02-24 19:00,75,30,45,0,0,0
2025-02-24 19:15,61,32,29,0,0,0
2025-02-24 19:30,51,31,20,0,0,0
2025-02-24 19:45,52,22,30,0,0,0
2025-02-24 20:00,54,16,38,0,0,0
2025-02-24 20:15,23,6,17,0,0,0
2025-02-24 20:30,30,10,20,0,0,0
2025-02-24 20:45,24,12,12,0,0,0
2025-02-24 21:00,28,10,18,0,0,0
2025-02-24 21:15,24,11,13,0,0,0
2025-02-24 21:30,23,10,13,0,0,0
2025-02-24 21:45,29,11,18,0,0,0
2025-02-24 22:00,21,10,11,0,0,0
2025-02-24 22:15,15,6,9,0,0,0
2025-02-24 22:30,10,5,5,0,0,0
2025-02-24 22:45,9,6,3,0,0,0
2025-02-24 23:00,12,4,8,0,0,0
2025-02-24 23:15,10,5,5,0,0,0
2025-02-24 23:30,5,2,3,0,0,0
2025-02-24 23:45,8,2,6,0,0,0
2025-02-25 00:00,9,6,3,0,0,0
2025-02-25 00:15,4,0,4,0,0,0
2025-02-25 00:30,3,2,1,0,0,0
2025-02-25 00:45,3,3,0,0,0,0
2025-02-25 01:00,1,1,0,0,0,0
2025-02-25 01:15,0,0,0,0,0,0
2025-02-25 01:30,2,0,2,0,0,0
2025-02-25 01:45,1,1,0,0,0,0
2025-02-25 02:00,1,0,1,0,0,0
2025-02-25 02:15,3,0,3,0,0,0
2025-02-25 02:30,1,0,1,0,0,0
2025-02-25 02:45,0,0,0,0,0,0
2025-02-25 03:00,0,0,0,0,0,0
2025-02-25 03:15,0,0,0,0,0,0
2025-02-25 03:30,0,0,0,0,0,0
2025-02-25 03:45,2,1,1,0,0,0
2025-02-25 04:00,1,1,0,0,0,0
2025-02-25 04:15,0,0,0,0,0,0
2025-02-25 04:30,2,1,1,0,0,0
2025-02-25 04:45,0,0,0,0,0,0
2025-02-25 05:00,4,2,2,0,0,0
2025-02-25 05:15,7,4,3,0,0,0
2025-02-25 05:30,11,5,6,0,0,0
2025-02-25 05:45,12,6,6,0,0,0
2025-02-25 06:00,11,6,5,0,0,0
2025-02-25 06:15,29,18,11,0,0,0
2025-02-25 06:30,37,23,14,0,0,0
2025-02-25 06:45,54,39,15,0,0,0
2025-02-25 07:00,66,40,26,0,0,0
2025-02-25 07:15,130,91,39,0,0,0
2025-02-25 07:30,203,157,46,0,0,0
2025-02-25 07:45,195,139,56,0,0,0
2025-02-25 08:00,128,89,39,0,0,0
2025-02-25 08:15,153,105,48,0,0,0
2025-02-25 08:30,118,87,31,0,0,0
2025-02-25 08:45,135,110,25,0,0,0
2025-02-25 09:00,75,60,15,0,0,0
2025-02-25 09:15,89,70,19,0,0,0
2025-02-25 09:30,81,57,24,0,0,0
2025-02-25 09:45,91,66,25,0,0,0
2025-02-25 10:00,64,48,16,0,0,0
2025-02-25 10:15,85,49,36,0,0,0
2025-02-25 10:30,70,47,23,0,0,0
2025-02-25 10:45,78,56,22,0,0,0
2025-02-25 11:00,74,57,17,0,0,0
2025-02-25 11:15,72,41,31,0,0,0
2025-02-25 11:30,75,47,28,0,0,0
2025-02-25 11:45,93,65,28,0,0,0
2025-02-25 12:00,80,51,29,0,0,0
2025-02-25 12:15,82,47,35,0,0,0
2025-02-25 12:30,113,53,60,0,0,0
2025-02-25 12:45,90,52,38,0,0,0
2025-02-25 13:00,101,53,48,0,0,0
2025-02-25 13:15,104,46,58,0,0,0
2025-02-25 13:30,93,51,42,0,0,0
2025-02-25 13:45,111,58,53,0,0,0
2025-02-25 14:00,115,58,57,0,0,0
2025-02-25 14:15,92,44,48,0,0,0
2025-02-25 14:30,100,54,46,0,0,0
2025-02-25 14:45,126,84,42,0,0,0
2025-02-25 15:00,116,62,54,0,0,0
2025-02-25 15:15,108,57,51,0,0,0
2025-02-25 15:30,113,66,47,0,0,0
2025-02-25 15:45,140,81,59,0,0,0
2025-02-25 16:00,132,67,65,0,0,0
2025-02-25 16:15,134,61,73,0,0,0
2025-02-25 16:30,134,62,72,0,0,0
2025-02-25 16:45,130,74,56,0,0,0
2025-02-25 17:00,126,56,70,0,0,0
2025-02-25 17:15,135,60,75,0,0,0
2025-02-25 17:30,130,58,72,0,0,0
2025-02-25 17:45,170,78,92,0,0,0
2025-02-25 18:00,157,79,78,0,0,0
2025-02-25 18:15,101,40,61,0,0,0
2025-02-25 18:30,113,63,50,0,0,0
2025-02-25 18:45,108,52,56,0,0,0
2025-02-25 19:00,94,46,48,0,0,0
2025-02-25 19:15,75,39,36,0,0,0
2025-02-25 19:30,68,25,43,0,0,0
2025-02-25 19:45,58,16,42,0,0,0
2025-02-25 20:00,42,22,20,0,0,0
2025-02-25 20:15,47,21,26,0,0,0
2025-02-25 20:30,38,11,27,0,0,0
2025-02-25 20:45,47,10,37,0,0,0
2025-02-25 21:00,42,23,19,0,0,0
2025-02-25 21:15,43,17,26,0,0,0
2025-02-25 21:30,34,11,23,0,0,0
2025-02-25 21:45,57,14,43,0,0,0
2025-02-25 22:00,40,15,25,0,0,0
2025-02-25 22:15,36,21,15,0,0,0
2025-02-25 22:30,37,13,24,0,0,0
2025-02-25 22:45,21,6,15,0,0,0
2025-02-25 23:00,17,8,9,0,0,0
2025-02-25 23:15,16,9,7,0,0,0
2025-02-25 23:30,2,0,2,0,0,0
2025-02-25 23:45,6,5,1,0,0,0
2025-02-26 00:00,7,5,2,0,0,0
2025-02-26 00:15,2,0,2,0,0,0
2025-02-26 00:30,2,0,2,0,0,0
2025-02-26 00:45,3,0,3,0,0,0
2025-02-26 01:00,3,0,3,0,0,0
2025-02-26 01:15,0,0,0,0,0,0
2025-02-26 01:30,0,0,0,0,0,0
2025-02-26 01:45,2,2,0,0,0,0
2025-02-26 02:00,3,0,3,0,0,0
2025-02-26 02:15,0,0,0,0,0,0
2025-02-26 02:30,0,0,0,0,0,0
2025-02-26 02:45,2,0,2,0,0,0
2025-02-26 03:00,0,0,0,0,0,0
2025-02-26 03:15,1,0,1,0,0,0
2025-02-26 03:30,2,2,0,0,0,0
2025-02-26 03:45,2,1,1,0,0,0
2025-02-26 04:00,0,0,0,0,0,0
2025-02-26 04:15,2,0,2,0,0,0
2025-02-26 04:30,2,1,1,0,0,0
2025-02-26 04:45,1,0,1,0,0,0
2025-02-26 05:00,3,2,1,0,0,0
2025-02-26 05:15,7,5,2,0,0,0
2025-02-26 05:30,8,2,6,0,0,0
2025-02-26 05:45,8,3,5,0,0,0
2025-02-26 06:00,15,9,6,0,0,0
2025-02-26 06:15,25,16,9,0,0,0
2025-02-26 06:30,40,22,18,0,0,0
2025-02-26 06:45,60,42,18,0,0,0
2025-02-26 07:00,71,45,26,0,0,0
2025-02-26 07:15,104,68,36,0,0,0
2025-02-26 07:30,201,155,46,0,0,0
2025-02-26 07:45,187,139,48,0,0,0
2025-02-26 08:00,130,96,34,0,0,0
2025-02-26 08:15,133,91,42,0,0,0
2025-02-26 08:30,102,84,18,0,0,0
2025-02-26 08:45,129,100,29,0,0,0
2025-02-26 09:00,80,56,24,0,0,0
2025-02-26 09:15,86,64,22,0,0,0
2025-02-26 09:30,82,61,21,0,0,0
2025-02-26 09:45,80,50,30,0,0,0
2025-02-26 10:00,65,47,18,0,0,0
2025-02-26 10:15,49,38,11,0,0,0
2025-02-26 10:30,55,35,20,0,0,0
2025-02-26 10:45,79,55,24,0,0,0
2025-02-26 11:00,58,35,23,0,0,0
2025-02-26 11:15,82,62,20,0,0,0
2025-02-26 11:30,72,49,23,0,0,0
2025-02-26 11:45,96,63,33,0,0,0
2025-02-26 12:00,85,55,30,0,0,0
2025-02-26 12:15,95,58,37,0,0,0
2025-02-26 12:30,107,57,50,0,0,0
2025-02-26 12:45,97,56,41,0,0,0
2025-02-26 13:00,72,32,40,0,0,0
2025-02-26 13:15,84,35,49,0,0,0
2025-02-26 13:30,81,43,38,0,0,0
2025-02-26 13:45,100,46,54,0,0,0
2025-02-26 14:00,118,54,64,0,0,0
2025-02-26 14:15,101,67,34,0,0,0
2025-02-26 14:30,110,63,47,0,0,0
2025-02-26 14:45,122,69,53,0,0,0
2025-02-26 15:00,99,59,40,0,0,0
2025-02-26 15:15,114,61,53,0,0,0
2025-02-26 15:30,118,60,58,0,0,0
2025-02-26 15:45,110,64,46,0,0,0
2025-02-26 16:00,121,73,48,0,0,0
2025-02-26 16:15,105,54,51,0,0,0
2025-02-26 16:30,124,71,53,0,0,0
2025-02-26 16:45,114,62,52,0,0,0
2025-02-26 17:00,108,56,52,0,0,0
2025-02-26 17:15,120,79,41,0,0,0
2025-02-26 17:30,134,67,67,0,0,0
2025-02-26 17:45,129,65,64,0,0,0
2025-02-26 18:00,105,49,56,0,0,0
2025-02-26 18:15,103,57,46,0,0,0
2025-02-26 18:30,92,47,45,0,0,0
2025-02-26 18:45,92,44,48,0,0,0
2025-02-26 19:00,71,33,38,0,0,0
2025-02-26 19:15,64,21,43,0,0,0
2025-02-26 19:30,56,21,35,0,0,0
2025-02-26 19:45,75,36,39,0,0,0
2025-02-26 20:00,53,19,34,0,0,0
2025-02-26 20:15,34,22,12,0,0,0
2025-02-26 20:30,40,16,24,0,0,0
2025-02-26 20:45,36,13,23,0,0,0
2025-02-26 21:00,34,9,25,0,0,0
2025-02-26 21:15,36,17,19,0,0,0
2025-02-26 21:30,34,12,22,0,0,0
2025-02-26 21:45,34,17,17,0,0,0
2025-02-26 22:00,27,14,13,0,0,0
2025-02-26 22:15,28,9,19,0,0,0
2025-02-26 22:30,25,8,17,0,0,0
2025-02-26 22:45,15,0,15,0,0,0
2025-02-26 23:00,14,7,7,0,0,0
2025-02-26 23:15,16,6,10,0,0,0
2025-02-26 23:30,16,13,3,0,0,0
2025-02-26 23:45,8,6,2,0,0,0
2025-02-27 00:00,7,4,3,0,0,0
2025-02-27 00:15,8,4,4,0,0,0
2025-02-27 00:30,5,3,2,0,0,0
2025-02-27 00:45,5,2,3,0,0,0
2025-02-27 01:00,0,0,0,0,0,0
2025-02-27 01:15,0,0,0,0,0,0
2025-02-27 01:30,0,0,0,0,0,0
2025-02-27 01:45,2,1,1,0,0,0
2025-02-27 02:00,2,0,2,0,0,0
2025-02-27 02:15,2,0,2,0,0,0
2025-02-27 02:30,1,0,1,0,0,0
2025-02-27 02:45,1,0,1,0,0,0
2025-02-27 03:00,0,0,0,0,0,0
2025-02-27 03:15,0,0,0,0,0,0
2025-02-27 03:30,0,0,0,0,0,0
2025-02-27 03:45,0,0,0,0,0,0
2025-02-27 04:00,1,1,0,0,0,0
2025-02-27 04:15,0,0,0,0,0,0
2025-02-27 04:30,1,1,0,0,0,0
2025-02-27 04:45,1,0,1,0,0,0
2025-02-27 05:00,4,3,1,0,0,0
2025-02-27 05:15,4,2,2,0,0,0
2025-02-27 05:30,14,6,8,0,0,0
2025-02-27 05:45,10,4,6,0,0,0
2025-02-27 06:00,6,3,3,0,0,0
2025-02-27 06:15,27,19,8,0,0,0
2025-02-27 06:30,30,18,12,0,0,0
2025-02-27 06:45,52,34,18,0,0,0
2025-02-27 07:00,63,36,27,0,0,0
2025-02-27 07:15,105,77,28,0,0,0
2025-02-27 07:30,193,150,43,0,0,0
2025-02-27 07:45,163,119,44,0,0,0
2025-02-27 08:00,124,86,38,0,0,0
2025-02-27 08:15,126,93,33,0,0,0
2025-02-27 08:30,125,98,27,0,0,0
2025-02-27 08:45,120,85,35,0,0,0
2025-02-27 09:00,93,56,37,0,0,0
2025-02-27 09:15,64,45,19,0,0,0
2025-02-27 09:30,80,64,16,0,0,0
2025-02-27 09:45,94,69,25,0,0,0
2025-02-27 10:00,47,28,19,0,0,0
2025-02-27 10:15,68,53,15,0,0,0
2025-02-27 10:30,72,45,27,0,0,0
2025-02-27 10:45,75,48,27,0,0,0
2025-02-27 11:00,69,49,20,0,0,0
2025-02-27 11:15,69,48,21,0,0,0
2025-02-27 11:30,55,27,28,0,0,0
2025-02-27 11:45,70,39,31,0,0,0
2025-02-27 12:00,75,43,32,0,0,0
2025-02-27 12:15,83,52,31,0,0,0
2025-02-27 12:30,91,40,51,0,0,0
2025-02-27 12:45,87,47,40,0,0,0
2025-02-27 13:00,82,49,33,0,0,0
2025-02-27 13:15,77,45,32,0,0,0
2025-02-27 13:30,80,47,33,0,0,0
2025-02-27 13:45,108,55,53,0,0,0
2025-02-27 14:00,99,54,45,0,0,0
2025-02-27 14:15,95,50,45,0,0,0
2025-02-27 14:30,90,45,45,0,0,0
2025-02-27 14:45,108,50,58,0,0,0
2025-02-27 15:00,110,58,52,0,0,0
2025-02-27 15:15,105,49,56,0,0,0
2025-02-27 15:30,111,57,54,0,0,0
2025-02-27 15:45,111,69,42,0,0,0
2025-02-27 16:00,120,67,53,0,0,0
2025-02-27 16:15,114,78,36,0,0,0
2025-02-27 16:30,98,51,47,0,0,0
2025-02-27 16:45,109,66,43,0,0,0
2025-02-27 17:00,86,56,30,0,0,0
2025-02-27 17:15,106,51,55,0,0,0
2025-02-27 17:30,112,62,50,0,0,0
2025-02-27 17:45,100,53,47,0,0,0
2025-02-27 18:00,107,50,57,0,0,0
2025-02-27 18:15,94,40,54,0,0,0
2025-02-27 18:30,87,38,49,0,0,0
2025-02-27 18:45,87,47,40,0,0,0
2025-02-27 19:00,76,41,35,0,0,0
2025-02-27 19:15,67,34,33,0,0,0
2025-02-27 19:30,64,28,36,0,0,0
2025-02-27 19:45,57,24,33,0,0,0
2025-02-27 20:00,46,20,26,0,0,0
2025-02-27 20:15,43,20,23,0,0,0
2025-02-27 20:30,50,23,27,0,0,0
2025-02-27 20:45,37,14,23,0,0,0
2025-02-27 21:00,23,12,11,0,0,0
2025-02-27 21:15,43,17,26,0,0,0
2025-02-27 21:30,25,9,16,0,0,0
2025-02-27 21:45,34,15,19,0,0,0
2025-02-27 22:00,34,22,12,0,0,0
2025-02-27 22:15,28,10,18,0,0,0
2025-02-27 22:30,29,8,21,0,0,0
2025-02-27 22:45,23,6,17,0,0,0
2025-02-27 23:00,21,7,14,0,0,0
2025-02-27 23:15,13,2,11,0,0,0
2025-02-27 23:30,18,6,12,0,0,0
2025-02-27 23:45,11,2,9,0,0,0
