Datetime,300037926 (Bohlweg),353413831 (Bohlweg [Bike Stadteinwärts]),353413832 (Bohlweg [Bike Stadtauswärts]),300037926-status,353413831-status,353413832-status
2024-04-01 00:00,7,5,2,0,0,0
2024-04-01 00:15,5,0,5,0,0,0
2024-04-01 00:30,4,1,3,0,0,0
2024-04-01 00:45,3,3,0,0,0,0
2024-04-01 01:00,3,1,2,0,0,0
2024-04-01 01:15,2,2,0,0,0,0
2024-04-01 01:30,2,1,1,0,0,0
2024-04-01 01:45,1,0,1,0,0,0
2024-04-01 02:00,1,0,1,0,0,0
2024-04-01 02:15,2,1,1,0,0,0
2024-04-01 02:30,3,0,3,0,0,0
2024-04-01 02:45,2,0,2,0,0,0
2024-04-01 03:00,0,0,0,0,0,0
2024-04-01 03:15,1,0,1,0,0,0
2024-04-01 03:30,0,0,0,0,0,0
2024-04-01 03:45,2,0,2,0,0,0
2024-04-01 04:00,1,1,0,0,0,0
2024-04-01 04:15,1,0,1,0,0,0
2024-04-01 04:30,0,0,0,0,0,0
2024-04-01 04:45,0,0,0,0,0,0
2024-04-01 05:00,0,0,0,0,0,0
2024-04-01 05:15,3,2,1,0,0,0
2024-04-01 05:30,0,0,0,0,0,0
2024-04-01 05:45,4,2,2,0,0,0
2024-04-01 06:00,1,0,1,0,0,0
2024-04-01 06:15,3,0,3,0,0,0
2024-04-01 06:30,2,1,1,0,0,0
2024-04-01 06:45,2,1,1,0,0,0
2024-04-01 07:00,2,1,1,0,0,0
2024-04-01 07:15,3,1,2,0,0,0
2024-04-01 07:30,3,2,1,0,0,0
2024-04-01 07:45,2,2,0,0,0,0
2024-04-01 08:00,3,2,1,0,0,0
2024-04-01 08:15,0,0,0,0,0,0
2024-04-01 08:30,3,3,0,0,0,0
2024-04-01 08:45,3,3,0,0,0,0
2024-04-01 09:00,3,1,2,0,0,0
2024-04-01 09:15,6,2,4,0,0,0
2024-04-01 09:30,6,4,2,0,0,0
2024-04-01 09:45,11,7,4,0,0,0
2024-04-01 10:00,6,3,3,0,0,0
2024-04-01 10:15,1,1,0,0,0,0
2024-04-01 10:30,4,3,1,0,0,0
2024-04-01 10:45,8,4,4,0,0,0
2024-04-01 11:00,6,5,1,0,0,0
2024-04-01 11:15,11,3,8,0,0,0
2024-04-01 11:30,9,5,4,0,0,0
2024-04-01 11:45,8,2,6,0,0,0
2024-04-01 12:00,8,6,2,0,0,0
2024-04-01 12:15,12,5,7,0,0,0
2024-04-01 12:30,11,4,7,0,0,0
2024-04-01 12:45,13,10,3,0,0,0
2024-04-01 13:00,9,6,3,0,0,0
2024-04-01 13:15,16,7,9,0,0,0
2024-04-01 13:30,16,9,7,0,0,0
2024-04-01 13:45,17,11,6,0,0,0
2024-04-01 14:00,7,2,5,0,0,0
2024-04-01 14:15,12,7,5,0,0,0
2024-04-01 14:30,12,9,3,0,0,0
2024-04-01 14:45,21,15,6,0,0,0
2024-04-01 15:00,14,10,4,0,0,0
2024-04-01 15:15,21,8,13,0,0,0
2024-04-01 15:30,11,5,6,0,0,0
2024-04-01 15:45,14,7,7,0,0,0
2024-04-01 16:00,23,11,12,0,0,0
2024-04-01 16:15,15,9,6,0,0,0
2024-04-01 16:30,20,10,10,0,0,0
2024-04-01 16:45,23,15,8,0,0,0
2024-04-01 17:00,10,2,8,0,0,0
2024-04-01 17:15,21,13,8,0,0,0
2024-04-01 17:30,15,4,11,0,0,0
2024-04-01 17:45,19,12,7,0,0,0
2024-04-01 18:00,17,4,13,0,0,0
2024-04-01 18:15,24,12,12,0,0,0
2024-04-01 18:30,22,13,9,0,0,0
2024-04-01 18:45,19,7,12,0,0,0
2024-04-01 19:00,23,15,8,0,0,0
2024-04-01 19:15,28,15,13,0,0,0
2024-04-01 19:30,17,10,7,0,0,0
2024-04-01 19:45,28,16,12,0,0,0
2024-04-01 20:00,16,9,7,0,0,0
2024-04-01 20:15,22,16,6,0,0,0
2024-04-01 20:30,8,3,5,0,0,0
2024-04-01 20:45,8,3,5,0,0,0
2024-04-01 21:00,12,9,3,0,0,0
2024-04-01 21:15,14,7,7,0,0,0
2024-04-01 21:30,15,5,10,0,0,0
2024-04-01 21:45,13,5,8,0,0,0
2024-04-01 22:00,7,4,3,0,0,0
2024-04-01 22:15,13,6,7,0,0,0
2024-04-01 22:30,7,2,5,0,0,0
2024-04-01 22:45,6,1,5,0,0,0
2024-04-01 23:00,5,3,2,0,0,0
2024-04-01 23:15,8,4,4,0,0,0
2024-04-01 23:30,5,3,2,0,0,0
2024-04-01 23:45,3,1,2,0,0,0
2024-04-02 00:00,7,4,3,0,0,0
2024-04-02 00:15,3,1,2,0,0,0
2024-04-02 00:30,2,0,2,0,0,0
2024-04-02 00:45,2,0,2,0,0,0
2024-04-02 01:00,5,3,2,0,0,0
2024-04-02 01:15,1,0,1,0,0,0
2024-04-02 01:30,1,0,1,0,0,0
2024-04-02 01:45,1,0,1,0,0,0
2024-04-02 02:00,0,0,0,0,0,0
2024-04-02 02:15,1,0,1,0,0,0
2024-04-02 02:30,2,0,2,0,0,0
2024-04-02 02:45,1,1,0,0,0,0
2024-04-02 03:00,2,1,1,0,0,0
2024-04-02 03:15,0,0,0,0,0,0
2024-04-02 03:30,0,0,0,0,0,0
2024-04-02 03:45,3,1,2,0,0,0
2024-04-02 04:00,0,0,0,0,0,0
2024-04-02 04:15,1,1,0,0,0,0
2024-04-02 04:30,1,0,1,0,0,0
2024-04-02 04:45,1,0,1,0,0,0
2024-04-02 05:00,3,1,2,0,0,0
2024-04-02 05:15,6,3,3,0,0,0
2024-04-02 05:30,6,4,2,0,0,0
2024-04-02 05:45,15,10,5,0,0,0
2024-04-02 06:00,9,5,4,0,0,0
2024-04-02 06:15,25,20,5,0,0,0
2024-04-02 06:30,28,16,12,0,0,0
2024-04-02 06:45,32,18,14,0,0,0
2024-04-02 07:00,35,24,11,0,0,0
2024-04-02 07:15,38,30,8,0,0,0
2024-04-02 07:30,70,55,15,0,0,0
2024-04-02 07:45,80,58,22,0,0,0
2024-04-02 08:00,72,46,26,0,0,0
2024-04-02 08:15,71,56,15,0,0,0
2024-04-02 08:30,62,43,19,0,0,0
2024-04-02 08:45,64,37,27,0,0,0
2024-04-02 09:00,52,33,19,0,0,0
2024-04-02 09:15,45,23,22,0,0,0
2024-04-02 09:30,54,35,19,0,0,0
2024-04-02 09:45,54,38,16,0,0,0
2024-04-02 10:00,44,31,13,0,0,0
2024-04-02 10:15,37,24,13,0,0,0
2024-04-02 10:30,45,31,14,0,0,0
2024-04-02 10:45,37,26,11,0,0,0
2024-04-02 11:00,34,20,14,0,0,0
2024-04-02 11:15,35,25,10,0,0,0
2024-04-02 11:30,44,34,10,0,0,0
2024-04-02 11:45,53,35,18,0,0,0
2024-04-02 12:00,51,27,24,0,0,0
2024-04-02 12:15,54,35,19,0,0,0
2024-04-02 12:30,47,27,20,0,0,0
2024-04-02 12:45,49,31,18,0,0,0
2024-04-02 13:00,69,35,34,0,0,0
2024-04-02 13:15,60,21,39,0,0,0
2024-04-02 13:30,46,20,26,0,0,0
2024-04-02 13:45,61,31,30,0,0,0
2024-04-02 14:00,46,21,25,0,0,0
2024-04-02 14:15,61,27,34,0,0,0
2024-04-02 14:30,64,30,34,0,0,0
2024-04-02 14:45,72,28,44,0,0,0
2024-04-02 15:00,50,16,34,0,0,0
2024-04-02 15:15,61,25,36,0,0,0
2024-04-02 15:30,58,32,26,0,0,0
2024-04-02 15:45,59,25,34,0,0,0
2024-04-02 16:00,77,37,40,0,0,0
2024-04-02 16:15,73,33,40,0,0,0
2024-04-02 16:30,70,23,47,0,0,0
2024-04-02 16:45,84,31,53,0,0,0
2024-04-02 17:00,71,27,44,0,0,0
2024-04-02 17:15,54,28,26,0,0,0
2024-04-02 17:30,72,29,43,0,0,0
2024-04-02 17:45,84,31,53,0,0,0
2024-04-02 18:00,82,37,45,0,0,0
2024-04-02 18:15,86,34,52,0,0,0
2024-04-02 18:30,62,29,33,0,0,0
2024-04-02 18:45,63,24,39,0,0,0
2024-04-02 19:00,56,30,26,0,0,0
2024-04-02 19:15,41,20,21,0,0,0
2024-04-02 19:30,42,20,22,0,0,0
2024-04-02 19:45,30,15,15,0,0,0
2024-04-02 20:00,47,24,23,0,0,0
2024-04-02 20:15,25,8,17,0,0,0
2024-04-02 20:30,21,6,15,0,0,0
2024-04-02 20:45,17,9,8,0,0,0
2024-04-02 21:00,20,6,14,0,0,0
2024-04-02 21:15,24,7,17,0,0,0
2024-04-02 21:30,19,9,10,0,0,0
2024-04-02 21:45,17,6,11,0,0,0
2024-04-02 22:00,22,5,17,0,0,0
2024-04-02 22:15,21,10,11,0,0,0
2024-04-02 22:30,23,10,13,0,0,0
2024-04-02 22:45,19,12,7,0,0,0
2024-04-02 23:00,15,7,8,0,0,0
2024-04-02 23:15,8,3,5,0,0,0
2024-04-02 23:30,12,9,3,0,0,0
2024-04-02 23:45,9,2,7,0,0,0
2024-04-03 00:00,9,5,4,0,0,0
2024-04-03 00:15,5,0,5,0,0,0
2024-04-03 00:30,4,0,4,0,0,0
2024-04-03 00:45,8,3,5,0,0,0
2024-04-03 01:00,6,2,4,0,0,0
2024-04-03 01:15,1,1,0,0,0,0
2024-04-03 01:30,2,0,2,0,0,0
2024-04-03 01:45,0,0,0,0,0,0
2024-04-03 02:00,1,0,1,0,0,0
2024-04-03 02:15,1,0,1,0,0,0
2024-04-03 02:30,1,1,0,0,0,0
2024-04-03 02:45,0,0,0,0,0,0
2024-04-03 03:00,0,0,0,0,0,0
2024-04-03 03:15,1,0,1,0,0,0
2024-04-03 03:30,2,0,2,0,0,0
2024-04-03 03:45,0,0,0,0,0,0
2024-04-03 04:00,0,0,0,0,0,0
2024-04-03 04:15,1,0,1,0,0,0
2024-04-03 04:30,1,1,0,0,0,0
2024-04-03 04:45,1,1,0,0,0,0
2024-04-03 05:00,2,0,2,0,0,0
2024-04-03 05:15,6,2,4,0,0,0
2024-04-03 05:30,4,2,2,0,0,0
2024-04-03 05:45,7,4,3,0,0,0
2024-04-03 06:00,10,6,4,0,0,0
2024-04-03 06:15,20,17,3,0,0,0
2024-04-03 06:30,23,18,5,0,0,0
2024-04-03 06:45,23,15,8,0,0,0
2024-04-03 07:00,38,27,11,0,0,0
2024-04-03 07:15,28,18,10,0,0,0
2024-04-03 07:30,60,46,14,0,0,0
2024-04-03 07:45,78,43,35,0,0,0
2024-04-03 08:00,52,42,10,0,0,0
2024-04-03 08:15,74,56,18,0,0,0
2024-04-03 08:30,60,52,8,0,0,0
2024-04-03 08:45,66,46,20,0,0,0
2024-04-03 09:00,56,38,18,0,0,0
2024-04-03 09:15,45,31,14,0,0,0
2024-04-03 09:30,47,31,16,0,0,0
2024-04-03 09:45,71,49,22,0,0,0
2024-04-03 10:00,35,23,12,0,0,0
2024-04-03 10:15,51,39,12,0,0,0
2024-04-03 10:30,33,19,14,0,0,0
2024-04-03 10:45,50,35,15,0,0,0
2024-04-03 11:00,52,25,27,0,0,0
2024-04-03 11:15,33,18,15,0,0,0
2024-04-03 11:30,35,24,11,0,0,0
2024-04-03 11:45,62,37,25,0,0,0
2024-04-03 12:00,42,23,19,0,0,0
2024-04-03 12:15,41,22,19,0,0,0
2024-04-03 12:30,58,27,31,0,0,0
2024-04-03 12:45,33,18,15,0,0,0
2024-04-03 13:00,38,19,19,0,0,0
2024-04-03 13:15,54,27,27,0,0,0
2024-04-03 13:30,47,22,25,0,0,0
2024-04-03 13:45,44,27,17,0,0,0
2024-04-03 14:00,37,15,22,0,0,0
2024-04-03 14:15,45,25,20,0,0,0
2024-04-03 14:30,56,20,36,0,0,0
2024-04-03 14:45,69,35,34,0,0,0
2024-04-03 15:00,55,25,30,0,0,0
2024-04-03 15:15,56,22,34,0,0,0
2024-04-03 15:30,47,26,21,0,0,0
2024-04-03 15:45,73,29,44,0,0,0
2024-04-03 16:00,72,31,41,0,0,0
2024-04-03 16:15,75,30,45,0,0,0
2024-04-03 16:30,61,19,42,0,0,0
2024-04-03 16:45,64,28,36,0,0,0
2024-04-03 17:00,94,35,59,0,0,0
2024-04-03 17:15,72,28,44,0,0,0
2024-04-03 17:30,79,39,40,0,0,0
2024-04-03 17:45,73,36,37,0,0,0
2024-04-03 18:00,87,34,53,0,0,0
2024-04-03 18:15,71,26,45,0,0,0
2024-04-03 18:30,55,21,34,0,0,0
2024-04-03 18:45,72,40,32,0,0,0
2024-04-03 19:00,71,43,28,0,0,0
2024-04-03 19:15,47,25,22,0,0,0
2024-04-03 19:30,38,19,19,0,0,0
2024-04-03 19:45,33,10,23,0,0,0
2024-04-03 20:00,37,15,22,0,0,0
2024-04-03 20:15,35,21,14,0,0,0
2024-04-03 20:30,18,6,12,0,0,0
2024-04-03 20:45,30,12,18,0,0,0
2024-04-03 21:00,23,14,9,0,0,0
2024-04-03 21:15,30,12,18,0,0,0
2024-04-03 21:30,29,12,17,0,0,0
2024-04-03 21:45,32,9,23,0,0,0
2024-04-03 22:00,17,6,11,0,0,0
2024-04-03 22:15,17,9,8,0,0,0
2024-04-03 22:30,18,6,12,0,0,0
2024-04-03 22:45,17,6,11,0,0,0
2024-04-03 23:00,21,8,13,0,0,0
2024-04-03 23:15,20,3,17,0,0,0
2024-04-03 23:30,9,0,9,0,0,0
2024-04-03 23:45,6,0,6,0,0,0
2024-04-04 00:00,12,5,7,0,0,0
2024-04-04 00:15,9,4,5,0,0,0
2024-04-04 00:30,6,3,3,0,0,0
2024-04-04 00:45,16,8,8,0,0,0
2024-04-04 01:00,5,4,1,0,0,0
2024-04-04 01:15,4,2,2,0,0,0
2024-04-04 01:30,8,5,3,0,0,0
2024-04-04 01:45,3,3,0,0,0,0
2024-04-04 02:00,1,0,1,0,0,0
2024-04-04 02:15,1,0,1,0,0,0
2024-04-04 02:30,2,0,2,0,0,0
2024-04-04 02:45,4,2,2,0,0,0
2024-04-04 03:00,1,0,1,0,0,0
2024-04-04 03:15,2,0,2,0,0,0
2024-04-04 03:30,1,0,1,0,0,0
2024-04-04 03:45,1,0,1,0,0,0
2024-04-04 04:00,1,0,1,0,0,0
2024-04-04 04:15,2,0,2,0,0,0
2024-04-04 04:30,0,0,0,0,0,0
2024-04-04 04:45,1,1,0,0,0,0
2024-04-04 05:00,3,2,1,0,0,0
2024-04-04 05:15,4,1,3,0,0,0
2024-04-04 05:30,3,2,1,0,0,0
2024-04-04 05:45,13,7,6,0,0,0
2024-04-04 06:00,9,5,4,0,0,0
2024-04-04 06:15,18,15,3,0,0,0
2024-04-04 06:30,22,14,8,0,0,0
2024-04-04 06:45,24,15,9,0,0,0
2024-04-04 07:00,23,17,6,0,0,0
2024-04-04 07:15,50,41,9,0,0,0
2024-04-04 07:30,53,40,13,0,0,0
2024-04-04 07:45,71,54,17,0,0,0
2024-04-04 08:00,34,25,9,0,0,0
2024-04-04 08:15,55,39,16,0,0,0
2024-04-04 08:30,54,40,14,0,0,0
2024-04-04 08:45,54,42,12,0,0,0
2024-04-04 09:00,38,29,9,0,0,0
2024-04-04 09:15,26,17,9,0,0,0
2024-04-04 09:30,30,25,5,0,0,0
2024-04-04 09:45,32,23,9,0,0,0
2024-04-04 10:00,31,20,11,0,0,0
2024-04-04 10:15,35,24,11,0,0,0
2024-04-04 10:30,15,11,4,0,0,0
2024-04-04 10:45,41,25,16,0,0,0
2024-04-04 11:00,25,19,6,0,0,0
2024-04-04 11:15,21,7,14,0,0,0
2024-04-04 11:30,32,20,12,0,0,0
2024-04-04 11:45,32,21,11,0,0,0
2024-04-04 12:00,37,18,19,0,0,0
2024-04-04 12:15,35,21,14,0,0,0
2024-04-04 12:30,44,22,22,0,0,0
2024-04-04 12:45,48,27,21,0,0,0
2024-04-04 13:00,43,22,21,0,0,0
2024-04-04 13:15,42,28,14,0,0,0
2024-04-04 13:30,46,26,20,0,0,0
2024-04-04 13:45,49,24,25,0,0,0
2024-04-04 14:00,55,25,30,0,0,0
2024-04-04 14:15,52,28,24,0,0,0
2024-04-04 14:30,45,20,25,0,0,0
2024-04-04 14:45,58,37,21,0,0,0
2024-04-04 15:00,52,31,21,0,0,0
2024-04-04 15:15,56,22,34,0,0,0
2024-04-04 15:30,59,30,29,0,0,0
2024-04-04 15:45,73,38,35,0,0,0
2024-04-04 16:00,65,25,40,0,0,0
2024-04-04 16:15,52,20,32,0,0,0
2024-04-04 16:30,47,16,31,0,0,0
2024-04-04 16:45,79,25,54,0,0,0
2024-04-04 17:00,57,22,35,0,0,0
2024-04-04 17:15,84,41,43,0,0,0
2024-04-04 17:30,74,26,48,0,0,0
2024-04-04 17:45,65,35,30,0,0,0
2024-04-04 18:00,77,41,36,0,0,0
2024-04-04 18:15,63,22,41,0,0,0
2024-04-04 18:30,49,25,24,0,0,0
2024-04-04 18:45,76,42,34,0,0,0
2024-04-04 19:00,59,23,36,0,0,0
2024-04-04 19:15,58,21,37,0,0,0
2024-04-04 19:30,48,32,16,0,0,0
2024-04-04 19:45,36,17,19,0,0,0
2024-04-04 20:00,51,16,35,0,0,0
2024-04-04 20:15,33,14,19,0,0,0
2024-04-04 20:30,34,17,17,0,0,0
2024-04-04 20:45,25,11,14,0,0,0
2024-04-04 21:00,31,15,16,0,0,0
2024-04-04 21:15,18,10,8,0,0,0
2024-04-04 21:30,37,18,19,0,0,0
2024-04-04 21:45,19,11,8,0,0,0
2024-04-04 22:00,23,9,14,0,0,0
2024-04-04 22:15,21,7,14,0,0,0
2024-04-04 22:30,27,8,19,0,0,0
2024-04-04 22:45,29,11,18,0,0,0
2024-04-04 23:00,15,4,11,0,0,0
2024-04-04 23:15,14,6,8,0,0,0
2024-04-04 23:30,11,4,7,0,0,0
2024-04-04 23:45,8,0,8,0,0,0
2024-04-05 00:00,6,1,5,0,0,0
2024-04-05 00:15,12,5,7,0,0,0
2024-04-05 00:30,9,0,9,0,0,0
2024-04-05 00:45,2,0,2,0,0,0
2024-04-05 01:00,3,3,0,0,0,0
2024-04-05 01:15,2,0,2,0,0,0
2024-04-05 01:30,3,0,3,0,0,0
2024-04-05 01:45,1,0,1,0,0,0
2024-04-05 02:00,9,1,8,0,0,0
2024-04-05 02:15,1,1,0,0,0,0
2024-04-05 02:30,4,1,3,0,0,0
2024-04-05 02:45,1,0,1,0,0,0
2024-04-05 03:00,0,0,0,0,0,0
2024-04-05 03:15,0,0,0,0,0,0
2024-04-05 03:30,1,1,0,0,0,0
2024-04-05 03:45,0,0,0,0,0,0
2024-04-05 04:00,0,0,0,0,0,0
2024-04-05 04:15,1,0,1,0,0,0
2024-04-05 04:30,1,1,0,0,0,0
2024-04-05 04:45,1,1,0,0,0,0
2024-04-05 05:00,2,1,1,0,0,0
2024-04-05 05:15,6,2,4,0,0,0
2024-04-05 05:30,7,4,3,0,0,0
2024-04-05 05:45,6,4,2,0,0,0
2024-04-05 06:00,17,8,9,0,0,0
2024-04-05 06:15,19,15,4,0,0,0
2024-04-05 06:30,24,17,7,0,0,0
2024-04-05 06:45,26,18,8,0,0,0
2024-04-05 07:00,33,20,13,0,0,0
2024-04-05 07:15,34,27,7,0,0,0
2024-04-05 07:30,53,40,13,0,0,0
2024-04-05 07:45,71,44,27,0,0,0
2024-04-05 08:00,46,34,12,0,0,0
2024-04-05 08:15,65,49,16,0,0,0
2024-04-05 08:30,41,34,7,0,0,0
2024-04-05 08:45,48,35,13,0,0,0
2024-04-05 09:00,51,39,12,0,0,0
2024-04-05 09:15,42,33,9,0,0,0
2024-04-05 09:30,41,30,11,0,0,0
2024-04-05 09:45,66,43,23,0,0,0
2024-04-05 10:00,52,32,20,0,0,0
2024-04-05 10:15,54,36,18,0,0,0
2024-04-05 10:30,52,27,25,0,0,0
2024-04-05 10:45,52,35,17,0,0,0
2024-04-05 11:00,30,17,13,0,0,0
2024-04-05 11:15,64,35,29,0,0,0
2024-04-05 11:30,59,30,29,0,0,0
2024-04-05 11:45,39,18,21,0,0,0
2024-04-05 12:00,67,43,24,0,0,0
2024-04-05 12:15,66,41,25,0,0,0
2024-04-05 12:30,65,31,34,0,0,0
2024-04-05 12:45,58,27,31,0,0,0
2024-04-05 13:00,58,25,33,0,0,0
2024-04-05 13:15,64,30,34,0,0,0
2024-04-05 13:30,61,31,30,0,0,0
2024-04-05 13:45,78,46,32,0,0,0
2024-04-05 14:00,61,32,29,0,0,0
2024-04-05 14:15,78,28,50,0,0,0
2024-04-05 14:30,58,26,32,0,0,0
2024-04-05 14:45,63,29,34,0,0,0
2024-04-05 15:00,74,34,40,0,0,0
2024-04-05 15:15,74,38,36,0,0,0
2024-04-05 15:30,71,29,42,0,0,0
2024-04-05 15:45,83,35,48,0,0,0
2024-04-05 16:00,51,25,26,0,0,0
2024-04-05 16:15,74,26,48,0,0,0
2024-04-05 16:30,74,33,41,0,0,0
2024-04-05 16:45,84,43,41,0,0,0
2024-04-05 17:00,68,27,41,0,0,0
2024-04-05 17:15,65,39,26,0,0,0
2024-04-05 17:30,62,33,29,0,0,0
2024-04-05 17:45,60,33,27,0,0,0
2024-04-05 18:00,62,29,33,0,0,0
2024-04-05 18:15,57,34,23,0,0,0
2024-04-05 18:30,70,39,31,0,0,0
2024-04-05 18:45,66,35,31,0,0,0
2024-04-05 19:00,68,29,39,0,0,0
2024-04-05 19:15,62,32,30,0,0,0
2024-04-05 19:30,45,28,17,0,0,0
2024-04-05 19:45,64,29,35,0,0,0
2024-04-05 20:00,45,15,30,0,0,0
2024-04-05 20:15,46,18,28,0,0,0
2024-04-05 20:30,31,15,16,0,0,0
2024-04-05 20:45,24,8,16,0,0,0
2024-04-05 21:00,22,8,14,0,0,0
2024-04-05 21:15,30,19,11,0,0,0
2024-04-05 21:30,16,5,11,0,0,0
2024-04-05 21:45,27,11,16,0,0,0
2024-04-05 22:00,19,11,8,0,0,0
2024-04-05 22:15,20,10,10,0,0,0
2024-04-05 22:30,30,10,20,0,0,0
2024-04-05 22:45,28,7,21,0,0,0
2024-04-05 23:00,21,8,13,0,0,0
2024-04-05 23:15,21,12,9,0,0,0
2024-04-05 23:30,19,9,10,0,0,0
2024-04-05 23:45,20,5,15,0,0,0
2024-04-06 00:00,15,5,10,0,0,0
2024-04-06 00:15,18,9,9,0,0,0
2024-04-06 00:30,13,8,5,0,0,0
2024-04-06 00:45,14,4,10,0,0,0
2024-04-06 01:00,11,1,10,0,0,0
2024-04-06 01:15,17,12,5,0,0,0
2024-04-06 01:30,6,2,4,0,0,0
2024-04-06 01:45,6,3,3,0,0,0
2024-04-06 02:00,5,0,5,0,0,0
2024-04-06 02:15,3,0,3,0,0,0
2024-04-06 02:30,4,1,3,0,0,0
2024-04-06 02:45,9,1,8,0,0,0
2024-04-06 03:00,2,0,2,0,0,0
2024-04-06 03:15,4,1,3,0,0,0
2024-04-06 03:30,5,1,4,0,0,0
2024-04-06 03:45,2,0,2,0,0,0
2024-04-06 04:00,6,3,3,0,0,0
2024-04-06 04:15,3,0,3,0,0,0
2024-04-06 04:30,4,3,1,0,0,0
2024-04-06 04:45,3,3,0,0,0,0
2024-04-06 05:00,1,0,1,0,0,0
2024-04-06 05:15,3,1,2,0,0,0
2024-04-06 05:30,5,4,1,0,0,0
2024-04-06 05:45,2,1,1,0,0,0
2024-04-06 06:00,2,1,1,0,0,0
2024-04-06 06:15,6,4,2,0,0,0
2024-04-06 06:30,5,3,2,0,0,0
2024-04-06 06:45,15,12,3,0,0,0
2024-04-06 07:00,4,3,1,0,0,0
2024-04-06 07:15,11,9,2,0,0,0
2024-04-06 07:30,19,14,5,0,0,0
2024-04-06 07:45,20,17,3,0,0,0
2024-04-06 08:00,26,16,10,0,0,0
2024-04-06 08:15,20,12,8,0,0,0
2024-04-06 08:30,35,21,14,0,0,0
2024-04-06 08:45,47,33,14,0,0,0
2024-04-06 09:00,41,27,14,0,0,0
2024-04-06 09:15,42,21,21,0,0,0
2024-04-06 09:30,53,43,10,0,0,0
2024-04-06 09:45,83,56,27,0,0,0
2024-04-06 10:00,57,39,18,0,0,0
2024-04-06 10:15,58,38,20,0,0,0
2024-04-06 10:30,95,61,34,0,0,0
2024-04-06 10:45,90,65,25,0,0,0
2024-04-06 11:00,79,48,31,0,0,0
2024-04-06 11:15,80,54,26,0,0,0
2024-04-06 11:30,83,57,26,0,0,0
2024-04-06 11:45,101,61,40,0,0,0
2024-04-06 12:00,99,54,45,0,0,0
2024-04-06 12:15,97,65,32,0,0,0
2024-04-06 12:30,114,67,47,0,0,0
2024-04-06 12:45,113,67,46,0,0,0
2024-04-06 13:00,91,46,45,0,0,0
2024-04-06 13:15,93,42,51,0,0,0
2024-04-06 13:30,104,62,42,0,0,0
2024-04-06 13:45,105,66,39,0,0,0
2024-04-06 14:00,90,45,45,0,0,0
2024-04-06 14:15,93,51,42,0,0,0
2024-04-06 14:30,97,44,53,0,0,0
2024-04-06 14:45,103,51,52,0,0,0
2024-04-06 15:00,91,40,51,0,0,0
2024-04-06 15:15,63,29,34,0,0,0
2024-04-06 15:30,83,41,42,0,0,0
2024-04-06 15:45,100,59,41,0,0,0
2024-04-06 16:00,78,36,42,0,0,0
2024-04-06 16:15,97,47,50,0,0,0
2024-04-06 16:30,94,42,52,0,0,0
2024-04-06 16:45,64,37,27,0,0,0
2024-04-06 17:00,71,42,29,0,0,0
2024-04-06 17:15,74,33,41,0,0,0
2024-04-06 17:30,70,39,31,0,0,0
2024-04-06 17:45,87,44,43,0,0,0
2024-04-06 18:00,77,42,35,0,0,0
2024-04-06 18:15,65,32,33,0,0,0
2024-04-06 18:30,68,37,31,0,0,0
2024-04-06 18:45,60,31,29,0,0,0
2024-04-06 19:00,65,36,29,0,0,0
2024-04-06 19:15,65,34,31,0,0,0
2024-04-06 19:30,68,43,25,0,0,0
2024-04-06 19:45,63,37,26,0,0,0
2024-04-06 20:00,47,21,26,0,0,0
2024-04-06 20:15,40,18,22,0,0,0
2024-04-06 20:30,38,21,17,0,0,0
2024-04-06 20:45,38,12,26,0,0,0
2024-04-06 21:00,30,11,19,0,0,0
2024-04-06 21:15,45,17,28,0,0,0
2024-04-06 21:30,30,11,19,0,0,0
2024-04-06 21:45,32,14,18,0,0,0
2024-04-06 22:00,20,6,14,0,0,0
2024-04-06 22:15,35,10,25,0,0,0
2024-04-06 22:30,34,14,20,0,0,0
2024-04-06 22:45,28,8,20,0,0,0
2024-04-06 23:00,20,6,14,0,0,0
2024-04-06 23:15,29,11,18,0,0,0
2024-04-06 23:30,25,7,18,0,0,0
2024-04-06 23:45,24,12,12,0,0,0
2024-04-07 00:00,23,11,12,0,0,0
2024-04-07 00:15,25,17,8,0,0,0
2024-04-07 00:30,19,6,13,0,0,0
2024-04-07 00:45,15,4,11,0,0,0
2024-04-07 01:00,16,8,8,0,0,0
2024-04-07 01:15,17,7,10,0,0,0
2024-04-07 01:30,10,2,8,0,0,0
2024-04-07 01:45,9,1,8,0,0,0
2024-04-07 02:00,11,5,6,0,0,0
2024-04-07 02:15,8,4,4,0,0,0
2024-04-07 02:30,6,2,4,0,0,0
2024-04-07 02:45,6,2,4,0,0,0
2024-04-07 03:00,4,2,2,0,0,0
2024-04-07 03:15,7,3,4,0,0,0
2024-04-07 03:30,6,2,4,0,0,0
2024-04-07 03:45,3,1,2,0,0,0
2024-04-07 04:00,5,2,3,0,0,0
2024-04-07 04:15,4,3,1,0,0,0
2024-04-07 04:30,2,1,1,0,0,0
2024-04-07 04:45,2,2,0,0,0,0
2024-04-07 05:00,1,0,1,0,0,0
2024-04-07 05:15,1,1,0,0,0,0
2024-04-07 05:30,3,2,1,0,0,0
2024-04-07 05:45,1,0,1,0,0,0
2024-04-07 06:00,7,3,4,0,0,0
2024-04-07 06:15,2,0,2,0,0,0
2024-04-07 06:30,2,0,2,0,0,0
2024-04-07 06:45,1,1,0,0,0,0
2024-04-07 07:00,1,0,1,0,0,0
2024-04-07 07:15,1,0,1,0,0,0
2024-04-07 07:30,9,8,1,0,0,0
2024-04-07 07:45,4,3,1,0,0,0
2024-04-07 08:00,5,3,2,0,0,0
2024-04-07 08:15,4,3,1,0,0,0
2024-04-07 08:30,6,2,4,0,0,0
2024-04-07 08:45,7,6,1,0,0,0
2024-04-07 09:00,8,5,3,0,0,0
2024-04-07 09:15,11,6,5,0,0,0
2024-04-07 09:30,12,6,6,0,0,0
2024-04-07 09:45,38,25,13,0,0,0
2024-04-07 10:00,13,6,7,0,0,0
2024-04-07 10:15,28,19,9,0,0,0
2024-04-07 10:30,27,13,14,0,0,0
2024-04-07 10:45,42,30,12,0,0,0
2024-04-07 11:00,37,24,13,0,0,0
2024-04-07 11:15,22,12,10,0,0,0
2024-04-07 11:30,47,27,20,0,0,0
2024-04-07 11:45,33,20,13,0,0,0
2024-04-07 12:00,41,23,18,0,0,0
2024-04-07 12:15,60,34,26,0,0,0
2024-04-07 12:30,47,24,23,0,0,0
2024-04-07 12:45,54,40,14,0,0,0
2024-04-07 13:00,54,30,24,0,0,0
2024-04-07 13:15,51,21,30,0,0,0
2024-04-07 13:30,53,28,25,0,0,0
2024-04-07 13:45,74,43,31,0,0,0
2024-04-07 14:00,60,37,23,0,0,0
2024-04-07 14:15,63,34,29,0,0,0
2024-04-07 14:30,61,34,27,0,0,0
2024-04-07 14:45,78,37,41,0,0,0
2024-04-07 15:00,71,49,22,0,0,0
2024-04-07 15:15,64,40,24,0,0,0
2024-04-07 15:30,80,45,35,0,0,0
2024-04-07 15:45,95,59,36,0,0,0
2024-04-07 16:00,67,33,34,0,0,0
2024-04-07 16:15,52,28,24,0,0,0
2024-04-07 16:30,80,41,39,0,0,0
2024-04-07 16:45,96,34,62,0,0,0
2024-04-07 17:00,62,36,26,0,0,0
2024-04-07 17:15,69,29,40,0,0,0
2024-04-07 17:30,76,38,38,0,0,0
2024-04-07 17:45,58,33,25,0,0,0
2024-04-07 18:00,50,23,27,0,0,0
2024-04-07 18:15,81,44,37,0,0,0
2024-04-07 18:30,51,20,31,0,0,0
2024-04-07 18:45,47,25,22,0,0,0
2024-04-07 19:00,39,15,24,0,0,0
2024-04-07 19:15,40,22,18,0,0,0
2024-04-07 19:30,28,5,23,0,0,0
2024-04-07 19:45,51,23,28,0,0,0
2024-04-07 20:00,35,13,22,0,0,0
2024-04-07 20:15,30,14,16,0,0,0
2024-04-07 20:30,22,9,13,0,0,0
2024-04-07 20:45,12,5,7,0,0,0
2024-04-07 21:00,18,8,10,0,0,0
2024-04-07 21:15,22,7,15,0,0,0
2024-04-07 21:30,12,6,6,0,0,0
2024-04-07 21:45,31,12,19,0,0,0
2024-04-07 22:00,6,3,3,0,0,0
2024-04-07 22:15,8,4,4,0,0,0
2024-04-07 22:30,7,2,5,0,0,0
2024-04-07 22:45,10,4,6,0,0,0
2024-04-07 23:00,13,3,10,0,0,0
2024-04-07 23:15,5,3,2,0,0,0
2024-04-07 23:30,1,0,1,0,0,0
2024-04-07 23:45,3,2,1,0,0,0
2024-04-08 00:00,0,0,0,0,0,0
2024-04-08 00:15,1,0,1,0,0,0
2024-04-08 00:30,3,2,1,0,0,0
2024-04-08 00:45,2,0,2,0,0,0
2024-04-08 01:00,3,1,2,0,0,0
2024-04-08 01:15,0,0,0,0,0,0
2024-04-08 01:30,1,1,0,0,0,0
2024-04-08 01:45,2,2,0,0,0,0
2024-04-08 02:00,2,0,2,0,0,0
2024-04-08 02:15,0,0,0,0,0,0
2024-04-08 02:30,1,0,1,0,0,0
2024-04-08 02:45,0,0,0,0,0,0
2024-04-08 03:00,0,0,0,0,0,0
2024-04-08 03:15,0,0,0,0,0,0
2024-04-08 03:30,0,0,0,0,0,0
2024-04-08 03:45,1,0,1,0,0,0
2024-04-08 04:00,0,0,0,0,0,0
2024-04-08 04:15,1,1,0,0,0,0
2024-04-08 04:30,1,0,1,0,0,0
2024-04-08 04:45,1,1,0,0,0,0
2024-04-08 05:00,2,0,2,0,0,0
2024-04-08 05:15,6,3,3,0,0,0
2024-04-08 05:30,5,3,2,0,0,0
2024-04-08 05:45,13,6,7,0,0,0
2024-04-08 06:00,13,7,6,0,0,0
2024-04-08 06:15,27,22,5,0,0,0
2024-04-08 06:30,43,31,12,0,0,0
2024-04-08 06:45,43,30,13,0,0,0
2024-04-08 07:00,61,42,19,0,0,0
2024-04-08 07:15,91,62,29,0,0,0
2024-04-08 07:30,189,134,55,0,0,0
2024-04-08 07:45,198,147,51,0,0,0
2024-04-08 08:00,107,81,26,0,0,0
2024-04-08 08:15,99,67,32,0,0,0
2024-04-08 08:30,91,68,23,0,0,0
2024-04-08 08:45,90,66,24,0,0,0
2024-04-08 09:00,57,29,28,0,0,0
2024-04-08 09:15,58,38,20,0,0,0
2024-04-08 09:30,108,79,29,0,0,0
2024-04-08 09:45,91,75,16,0,0,0
2024-04-08 10:00,67,46,21,0,0,0
2024-04-08 10:15,61,40,21,0,0,0
2024-04-08 10:30,51,38,13,0,0,0
2024-04-08 10:45,71,47,24,0,0,0
2024-04-08 11:00,51,27,24,0,0,0
2024-04-08 11:15,76,43,33,0,0,0
2024-04-08 11:30,79,54,25,0,0,0
2024-04-08 11:45,107,63,44,0,0,0
2024-04-08 12:00,64,36,28,0,0,0
2024-04-08 12:15,74,32,42,0,0,0
2024-04-08 12:30,64,29,35,0,0,0
2024-04-08 12:45,79,41,38,0,0,0
2024-04-08 13:00,107,51,56,0,0,0
2024-04-08 13:15,87,30,57,0,0,0
2024-04-08 13:30,80,32,48,0,0,0
2024-04-08 13:45,104,61,43,0,0,0
2024-04-08 14:00,110,43,67,0,0,0
2024-04-08 14:15,93,40,53,0,0,0
2024-04-08 14:30,78,36,42,0,0,0
2024-04-08 14:45,120,62,58,0,0,0
2024-04-08 15:00,107,51,56,0,0,0
2024-04-08 15:15,102,54,48,0,0,0
2024-04-08 15:30,141,65,76,0,0,0
2024-04-08 15:45,136,64,72,0,0,0
2024-04-08 16:00,120,45,75,0,0,0
2024-04-08 16:15,117,47,70,0,0,0
2024-04-08 16:30,103,51,52,0,0,0
2024-04-08 16:45,107,40,67,0,0,0
2024-04-08 17:00,107,49,58,0,0,0
2024-04-08 17:15,120,54,66,0,0,0
2024-04-08 17:30,129,63,66,0,0,0
2024-04-08 17:45,148,58,90,0,0,0
2024-04-08 18:00,96,37,59,0,0,0
2024-04-08 18:15,123,41,82,0,0,0
2024-04-08 18:30,79,38,41,0,0,0
2024-04-08 18:45,79,36,43,0,0,0
2024-04-08 19:00,80,36,44,0,0,0
2024-04-08 19:15,81,38,43,0,0,0
2024-04-08 19:30,66,32,34,0,0,0
2024-04-08 19:45,69,32,37,0,0,0
2024-04-08 20:00,68,23,45,0,0,0
2024-04-08 20:15,56,26,30,0,0,0
2024-04-08 20:30,47,19,28,0,0,0
2024-04-08 20:45,41,17,24,0,0,0
2024-04-08 21:00,26,9,17,0,0,0
2024-04-08 21:15,43,18,25,0,0,0
2024-04-08 21:30,27,8,19,0,0,0
2024-04-08 21:45,33,13,20,0,0,0
2024-04-08 22:00,18,2,16,0,0,0
2024-04-08 22:15,27,8,19,0,0,0
2024-04-08 22:30,27,7,20,0,0,0
2024-04-08 22:45,19,9,10,0,0,0
2024-04-08 23:00,18,7,11,0,0,0
2024-04-08 23:15,10,2,8,0,0,0
2024-04-08 23:30,10,6,4,0,0,0
2024-04-08 23:45,5,0,5,0,0,0
2024-04-09 00:00,5,3,2,0,0,0
2024-04-09 00:15,8,3,5,0,0,0
2024-04-09 00:30,6,1,5,0,0,0
2024-04-09 00:45,2,2,0,0,0,0
2024-04-09 01:00,2,2,0,0,0,0
2024-04-09 01:15,2,0,2,0,0,0
2024-04-09 01:30,0,0,0,0,0,0
2024-04-09 01:45,2,1,1,0,0,0
2024-04-09 02:00,2,0,2,0,0,0
2024-04-09 02:15,3,2,1,0,0,0
2024-04-09 02:30,0,0,0,0,0,0
2024-04-09 02:45,1,0,1,0,0,0
2024-04-09 03:00,0,0,0,0,0,0
2024-04-09 03:15,2,1,1,0,0,0
2024-04-09 03:30,1,1,0,0,0,0
2024-04-09 03:45,1,1,0,0,0,0
2024-04-09 04:00,1,0,1,0,0,0
2024-04-09 04:15,1,1,0,0,0,0
2024-04-09 04:30,0,0,0,0,0,0
2024-04-09 04:45,1,1,0,0,0,0
2024-04-09 05:00,4,3,1,0,0,0
2024-04-09 05:15,8,5,3,0,0,0
2024-04-09 05:30,9,5,4,0,0,0
2024-04-09 05:45,14,6,8,0,0,0
2024-04-09 06:00,15,9,6,0,0,0
2024-04-09 06:15,23,18,5,0,0,0
2024-04-09 06:30,34,22,12,0,0,0
2024-04-09 06:45,33,25,8,0,0,0
2024-04-09 07:00,55,36,19,0,0,0
2024-04-09 07:15,88,59,29,0,0,0
2024-04-09 07:30,203,151,52,0,0,0
2024-04-09 07:45,197,153,44,0,0,0
2024-04-09 08:00,122,92,30,0,0,0
2024-04-09 08:15,81,54,27,0,0,0
2024-04-09 08:30,80,62,18,0,0,0
2024-04-09 08:45,112,78,34,0,0,0
2024-04-09 09:00,51,34,17,0,0,0
2024-04-09 09:15,61,38,23,0,0,0
2024-04-09 09:30,97,68,29,0,0,0
2024-04-09 09:45,84,66,18,0,0,0
2024-04-09 10:00,34,19,15,0,0,0
2024-04-09 10:15,32,19,13,0,0,0
2024-04-09 10:30,36,22,14,0,0,0
2024-04-09 10:45,31,23,8,0,0,0
2024-04-09 11:00,40,28,12,0,0,0
2024-04-09 11:15,53,25,28,0,0,0
2024-04-09 11:30,53,25,28,0,0,0
2024-04-09 11:45,61,41,20,0,0,0
2024-04-09 12:00,55,27,28,0,0,0
2024-04-09 12:15,64,30,34,0,0,0
2024-04-09 12:30,47,21,26,0,0,0
2024-04-09 12:45,56,24,32,0,0,0
2024-04-09 13:00,109,60,49,0,0,0
2024-04-09 13:15,87,44,43,0,0,0
2024-04-09 13:30,62,33,29,0,0,0
2024-04-09 13:45,94,50,44,0,0,0
2024-04-09 14:00,66,24,42,0,0,0
2024-04-09 14:15,69,33,36,0,0,0
2024-04-09 14:30,88,46,42,0,0,0
2024-04-09 14:45,86,55,31,0,0,0
2024-04-09 15:00,85,41,44,0,0,0
2024-04-09 15:15,85,32,53,0,0,0
2024-04-09 15:30,86,38,48,0,0,0
2024-04-09 15:45,133,53,80,0,0,0
2024-04-09 16:00,127,47,80,0,0,0
2024-04-09 16:15,93,30,63,0,0,0
2024-04-09 16:30,103,36,67,0,0,0
2024-04-09 16:45,110,42,68,0,0,0
2024-04-09 17:00,106,44,62,0,0,0
2024-04-09 17:15,120,47,73,0,0,0
2024-04-09 17:30,108,40,68,0,0,0
2024-04-09 17:45,156,77,79,0,0,0
2024-04-09 18:00,102,43,59,0,0,0
2024-04-09 18:15,116,53,63,0,0,0
2024-04-09 18:30,94,47,47,0,0,0
2024-04-09 18:45,98,48,50,0,0,0
2024-04-09 19:00,80,40,40,0,0,0
2024-04-09 19:15,73,30,43,0,0,0
2024-04-09 19:30,60,21,39,0,0,0
2024-04-09 19:45,64,27,37,0,0,0
2024-04-09 20:00,67,22,45,0,0,0
2024-04-09 20:15,55,22,33,0,0,0
2024-04-09 20:30,38,21,17,0,0,0
2024-04-09 20:45,36,16,20,0,0,0
2024-04-09 21:00,32,16,16,0,0,0
2024-04-09 21:15,34,18,16,0,0,0
2024-04-09 21:30,28,7,21,0,0,0
2024-04-09 21:45,32,14,18,0,0,0
2024-04-09 22:00,32,8,24,0,0,0
2024-04-09 22:15,37,13,24,0,0,0
2024-04-09 22:30,29,5,24,0,0,0
2024-04-09 22:45,31,13,18,0,0,0
2024-04-09 23:00,22,7,15,0,0,0
2024-04-09 23:15,17,7,10,0,0,0
2024-04-09 23:30,11,3,8,0,0,0
2024-04-09 23:45,6,2,4,0,0,0
2024-04-10 00:00,5,1,4,0,0,0
2024-04-10 00:15,5,1,4,0,0,0
2024-04-10 00:30,1,0,1,0,0,0
2024-04-10 00:45,1,1,0,0,0,0
2024-04-10 01:00,2,0,2,0,0,0
2024-04-10 01:15,5,3,2,0,0,0
2024-04-10 01:30,3,1,2,0,0,0
2024-04-10 01:45,2,2,0,0,0,0
2024-04-10 02:00,0,0,0,0,0,0
2024-04-10 02:15,0,0,0,0,0,0
2024-04-10 02:30,1,0,1,0,0,0
2024-04-10 02:45,1,0,1,0,0,0
2024-04-10 03:00,0,0,0,0,0,0
2024-04-10 03:15,0,0,0,0,0,0
2024-04-10 03:30,1,1,0,0,0,0
2024-04-10 03:45,0,0,0,0,0,0
2024-04-10 04:00,0,0,0,0,0,0
2024-04-10 04:15,1,1,0,0,0,0
2024-04-10 04:30,2,0,2,0,0,0
2024-04-10 04:45,1,1,0,0,0,0
2024-04-10 05:00,0,0,0,0,0,0
2024-04-10 05:15,6,3,3,0,0,0
2024-04-10 05:30,7,4,3,0,0,0
2024-04-10 05:45,13,7,6,0,0,0
2024-04-10 06:00,17,14,3,0,0,0
2024-04-10 06:15,23,20,3,0,0,0
2024-04-10 06:30,34,23,11,0,0,0
2024-04-10 06:45,45,36,9,0,0,0
2024-04-10 07:00,60,45,15,0,0,0
2024-04-10 07:15,99,73,26,0,0,0
2024-04-10 07:30,162,115,47,0,0,0
2024-04-10 07:45,172,126,46,0,0,0
2024-04-10 08:00,137,109,28,0,0,0
2024-04-10 08:15,105,72,33,0,0,0
2024-04-10 08:30,100,73,27,0,0,0
2024-04-10 08:45,125,90,35,0,0,0
2024-04-10 09:00,70,49,21,0,0,0
2024-04-10 09:15,62,46,16,0,0,0
2024-04-10 09:30,89,64,25,0,0,0
2024-04-10 09:45,108,85,23,0,0,0
2024-04-10 10:00,82,62,20,0,0,0
2024-04-10 10:15,68,44,24,0,0,0
2024-04-10 10:30,71,46,25,0,0,0
2024-04-10 10:45,60,43,17,0,0,0
2024-04-10 11:00,51,25,26,0,0,0
2024-04-10 11:15,91,50,41,0,0,0
2024-04-10 11:30,64,37,27,0,0,0
2024-04-10 11:45,92,55,37,0,0,0
2024-04-10 12:00,90,41,49,0,0,0
2024-04-10 12:15,71,41,30,0,0,0
2024-04-10 12:30,73,31,42,0,0,0
2024-04-10 12:45,96,54,42,0,0,0
2024-04-10 13:00,98,55,43,0,0,0
2024-04-10 13:15,96,39,57,0,0,0
2024-04-10 13:30,84,41,43,0,0,0
2024-04-10 13:45,99,46,53,0,0,0
2024-04-10 14:00,110,50,60,0,0,0
2024-04-10 14:15,70,25,45,0,0,0
2024-04-10 14:30,75,27,48,0,0,0
2024-04-10 14:45,110,69,41,0,0,0
2024-04-10 15:00,94,42,52,0,0,0
2024-04-10 15:15,93,52,41,0,0,0
2024-04-10 15:30,109,48,61,0,0,0
2024-04-10 15:45,121,63,58,0,0,0
2024-04-10 16:00,115,46,69,0,0,0
2024-04-10 16:15,103,38,65,0,0,0
2024-04-10 16:30,118,48,70,0,0,0
2024-04-10 16:45,108,42,66,0,0,0
2024-04-10 17:00,125,51,74,0,0,0
2024-04-10 17:15,108,55,53,0,0,0
2024-04-10 17:30,131,62,69,0,0,0
2024-04-10 17:45,140,62,78,0,0,0
2024-04-10 18:00,119,46,73,0,0,0
2024-04-10 18:15,115,43,72,0,0,0
2024-04-10 18:30,104,53,51,0,0,0
2024-04-10 18:45,123,64,59,0,0,0
2024-04-10 19:00,78,38,40,0,0,0
2024-04-10 19:15,84,49,35,0,0,0
2024-04-10 19:30,75,35,40,0,0,0
2024-04-10 19:45,80,45,35,0,0,0
2024-04-10 20:00,66,33,33,0,0,0
2024-04-10 20:15,62,28,34,0,0,0
2024-04-10 20:30,53,20,33,0,0,0
2024-04-10 20:45,46,22,24,0,0,0
2024-04-10 21:00,47,14,33,0,0,0
2024-04-10 21:15,27,12,15,0,0,0
2024-04-10 21:30,40,18,22,0,0,0
2024-04-10 21:45,34,13,21,0,0,0
2024-04-10 22:00,40,13,27,0,0,0
2024-04-10 22:15,51,18,33,0,0,0
2024-04-10 22:30,30,9,21,0,0,0
2024-04-10 22:45,26,5,21,0,0,0
2024-04-10 23:00,30,9,21,0,0,0
2024-04-10 23:15,30,9,21,0,0,0
2024-04-10 23:30,25,8,17,0,0,0
2024-04-10 23:45,14,4,10,0,0,0
2024-04-11 00:00,13,5,8,0,0,0
2024-04-11 00:15,15,8,7,0,0,0
2024-04-11 00:30,8,4,4,0,0,0
2024-04-11 00:45,9,1,8,0,0,0
2024-04-11 01:00,9,3,6,0,0,0
2024-04-11 01:15,8,2,6,0,0,0
2024-04-11 01:30,8,4,4,0,0,0
2024-04-11 01:45,4,2,2,0,0,0
2024-04-11 02:00,3,0,3,0,0,0
2024-04-11 02:15,11,6,5,0,0,0
2024-04-11 02:30,5,1,4,0,0,0
2024-04-11 02:45,3,1,2,0,0,0
2024-04-11 03:00,1,0,1,0,0,0
2024-04-11 03:15,6,2,4,0,0,0
2024-04-11 03:30,4,0,4,0,0,0
2024-04-11 03:45,6,1,5,0,0,0
2024-04-11 04:00,0,0,0,0,0,0
2024-04-11 04:15,1,0,1,0,0,0
2024-04-11 04:30,0,0,0,0,0,0
2024-04-11 04:45,1,1,0,0,0,0
2024-04-11 05:00,1,0,1,0,0,0
2024-04-11 05:15,7,3,4,0,0,0
2024-04-11 05:30,4,3,1,0,0,0
2024-04-11 05:45,10,3,7,0,0,0
2024-04-11 06:00,13,11,2,0,0,0
2024-04-11 06:15,20,16,4,0,0,0
2024-04-11 06:30,29,18,11,0,0,0
2024-04-11 06:45,43,28,15,0,0,0
2024-04-11 07:00,61,40,21,0,0,0
2024-04-11 07:15,109,77,32,0,0,0
2024-04-11 07:30,190,139,51,0,0,0
2024-04-11 07:45,181,138,43,0,0,0
2024-04-11 08:00,115,94,21,0,0,0
2024-04-11 08:15,104,74,30,0,0,0
2024-04-11 08:30,95,72,23,0,0,0
2024-04-11 08:45,91,65,26,0,0,0
2024-04-11 09:00,74,44,30,0,0,0
2024-04-11 09:15,49,35,14,0,0,0
2024-04-11 09:30,85,50,35,0,0,0
2024-04-11 09:45,103,84,19,0,0,0
2024-04-11 10:00,71,53,18,0,0,0
2024-04-11 10:15,56,30,26,0,0,0
2024-04-11 10:30,45,24,21,0,0,0
2024-04-11 10:45,64,31,33,0,0,0
2024-04-11 11:00,37,27,10,0,0,0
2024-04-11 11:15,48,26,22,0,0,0
2024-04-11 11:30,56,34,22,0,0,0
2024-04-11 11:45,89,51,38,0,0,0
2024-04-11 12:00,73,43,30,0,0,0
2024-04-11 12:15,62,25,37,0,0,0
2024-04-11 12:30,59,31,28,0,0,0
2024-04-11 12:45,60,24,36,0,0,0
2024-04-11 13:00,143,86,57,0,0,0
2024-04-11 13:15,93,42,51,0,0,0
2024-04-11 13:30,87,45,42,0,0,0
2024-04-11 13:45,80,37,43,0,0,0
2024-04-11 14:00,96,37,59,0,0,0
2024-04-11 14:15,78,41,37,0,0,0
2024-04-11 14:30,89,44,45,0,0,0
2024-04-11 14:45,105,55,50,0,0,0
2024-04-11 15:00,73,31,42,0,0,0
2024-04-11 15:15,93,46,47,0,0,0
2024-04-11 15:30,109,45,64,0,0,0
2024-04-11 15:45,125,55,70,0,0,0
2024-04-11 16:00,137,60,77,0,0,0
2024-04-11 16:15,121,47,74,0,0,0
2024-04-11 16:30,126,59,67,0,0,0
2024-04-11 16:45,122,49,73,0,0,0
2024-04-11 17:00,91,27,64,0,0,0
2024-04-11 17:15,118,56,62,0,0,0
2024-04-11 17:30,137,65,72,0,0,0
2024-04-11 17:45,122,51,71,0,0,0
2024-04-11 18:00,98,40,58,0,0,0
2024-04-11 18:15,112,53,59,0,0,0
2024-04-11 18:30,96,37,59,0,0,0
2024-04-11 18:45,105,57,48,0,0,0
2024-04-11 19:00,68,32,36,0,0,0
2024-04-11 19:15,68,29,39,0,0,0
2024-04-11 19:30,67,35,32,0,0,0
2024-04-11 19:45,80,33,47,0,0,0
2024-04-11 20:00,68,23,45,0,0,0
2024-04-11 20:15,46,19,27,0,0,0
2024-04-11 20:30,38,12,26,0,0,0
2024-04-11 20:45,39,13,26,0,0,0
2024-04-11 21:00,32,11,21,0,0,0
2024-04-11 21:15,39,7,32,0,0,0
2024-04-11 21:30,31,12,19,0,0,0
2024-04-11 21:45,36,12,24,0,0,0
2024-04-11 22:00,44,11,33,0,0,0
2024-04-11 22:15,40,15,25,0,0,0
2024-04-11 22:30,32,9,23,0,0,0
2024-04-11 22:45,42,13,29,0,0,0
2024-04-11 23:00,16,2,14,0,0,0
2024-04-11 23:15,13,5,8,0,0,0
2024-04-11 23:30,18,8,10,0,0,0
2024-04-11 23:45,16,7,9,0,0,0
2024-04-12 00:00,5,2,3,0,0,0
2024-04-12 00:15,4,2,2,0,0,0
2024-04-12 00:30,2,0,2,0,0,0
2024-04-12 00:45,4,0,4,0,0,0
2024-04-12 01:00,0,0,0,0,0,0
2024-04-12 01:15,4,2,2,0,0,0
2024-04-12 01:30,2,0,2,0,0,0
2024-04-12 01:45,1,1,0,0,0,0
2024-04-12 02:00,6,4,2,0,0,0
2024-04-12 02:15,2,2,0,0,0,0
2024-04-12 02:30,2,2,0,0,0,0
2024-04-12 02:45,4,2,2,0,0,0
2024-04-12 03:00,2,0,2,0,0,0
2024-04-12 03:15,1,1,0,0,0,0
2024-04-12 03:30,0,0,0,0,0,0
2024-04-12 03:45,1,0,1,0,0,0
2024-04-12 04:00,0,0,0,0,0,0
2024-04-12 04:15,3,1,2,0,0,0
2024-04-12 04:30,0,0,0,0,0,0
2024-04-12 04:45,2,1,1,0,0,0
2024-04-12 05:00,3,1,2,0,0,0
2024-04-12 05:15,4,2,2,0,0,0
2024-04-12 05:30,5,4,1,0,0,0
2024-04-12 05:45,14,8,6,0,0,0
2024-04-12 06:00,13,8,5,0,0,0
2024-04-12 06:15,22,17,5,0,0,0
2024-04-12 06:30,28,19,9,0,0,0
2024-04-12 06:45,23,20,3,0,0,0
2024-04-12 07:00,58,37,21,0,0,0
2024-04-12 07:15,90,62,28,0,0,0
2024-04-12 07:30,154,109,45,0,0,0
2024-04-12 07:45,147,110,37,0,0,0
2024-04-12 08:00,87,65,22,0,0,0
2024-04-12 08:15,90,63,27,0,0,0
2024-04-12 08:30,84,63,21,0,0,0
2024-04-12 08:45,92,61,31,0,0,0
2024-04-12 09:00,62,42,20,0,0,0
2024-04-12 09:15,64,30,34,0,0,0
2024-04-12 09:30,77,55,22,0,0,0
2024-04-12 09:45,106,79,27,0,0,0
2024-04-12 10:00,73,48,25,0,0,0
2024-04-12 10:15,65,46,19,0,0,0
2024-04-12 10:30,61,43,18,0,0,0
2024-04-12 10:45,71,43,28,0,0,0
2024-04-12 11:00,47,23,24,0,0,0
2024-04-12 11:15,69,35,34,0,0,0
2024-04-12 11:30,67,34,33,0,0,0
2024-04-12 11:45,76,40,36,0,0,0
2024-04-12 12:00,75,36,39,0,0,0
2024-04-12 12:15,72,36,36,0,0,0
2024-04-12 12:30,75,31,44,0,0,0
2024-04-12 12:45,100,44,56,0,0,0
2024-04-12 13:00,155,84,71,0,0,0
2024-04-12 13:15,115,52,63,0,0,0
2024-04-12 13:30,105,45,60,0,0,0
2024-04-12 13:45,100,48,52,0,0,0
2024-04-12 14:00,103,46,57,0,0,0
2024-04-12 14:15,106,57,49,0,0,0
2024-04-12 14:30,75,29,46,0,0,0
2024-04-12 14:45,107,48,59,0,0,0
2024-04-12 15:00,101,45,56,0,0,0
2024-04-12 15:15,103,46,57,0,0,0
2024-04-12 15:30,103,44,59,0,0,0
2024-04-12 15:45,102,51,51,0,0,0
2024-04-12 16:00,96,31,65,0,0,0
2024-04-12 16:15,106,39,67,0,0,0
2024-04-12 16:30,83,34,49,0,0,0
2024-04-12 16:45,88,50,38,0,0,0
2024-04-12 17:00,92,45,47,0,0,0
2024-04-12 17:15,105,55,50,0,0,0
2024-04-12 17:30,95,47,48,0,0,0
2024-04-12 17:45,97,57,40,0,0,0
2024-04-12 18:00,94,43,51,0,0,0
2024-04-12 18:15,108,49,59,0,0,0
2024-04-12 18:30,103,49,54,0,0,0
2024-04-12 18:45,97,53,44,0,0,0
2024-04-12 19:00,74,37,37,0,0,0
2024-04-12 19:15,83,38,45,0,0,0
2024-04-12 19:30,74,34,40,0,0,0
2024-04-12 19:45,70,46,24,0,0,0
2024-04-12 20:00,57,29,28,0,0,0
2024-04-12 20:15,62,29,33,0,0,0
2024-04-12 20:30,43,21,22,0,0,0
2024-04-12 20:45,45,19,26,0,0,0
2024-04-12 21:00,53,24,29,0,0,0
2024-04-12 21:15,32,10,22,0,0,0
2024-04-12 21:30,44,22,22,0,0,0
2024-04-12 21:45,40,22,18,0,0,0
2024-04-12 22:00,42,14,28,0,0,0
2024-04-12 22:15,42,19,23,0,0,0
2024-04-12 22:30,34,7,27,0,0,0
2024-04-12 22:45,35,18,17,0,0,0
2024-04-12 23:00,34,14,20,0,0,0
2024-04-12 23:15,31,8,23,0,0,0
2024-04-12 23:30,22,6,16,0,0,0
2024-04-12 23:45,27,7,20,0,0,0
2024-04-13 00:00,44,29,15,0,0,0
2024-04-13 00:15,31,8,23,0,0,0
2024-04-13 00:30,19,6,13,0,0,0
2024-04-13 00:45,19,5,14,0,0,0
2024-04-13 01:00,25,11,14,0,0,0
2024-04-13 01:15,17,7,10,0,0,0
2024-04-13 01:30,20,10,10,0,0,0
2024-04-13 01:45,14,6,8,0,0,0
2024-04-13 02:00,19,7,12,0,0,0
2024-04-13 02:15,5,0,5,0,0,0
2024-04-13 02:30,12,1,11,0,0,0
2024-04-13 02:45,13,3,10,0,0,0
2024-04-13 03:00,3,0,3,0,0,0
2024-04-13 03:15,14,3,11,0,0,0
2024-04-13 03:30,5,1,4,0,0,0
2024-04-13 03:45,5,1,4,0,0,0
2024-04-13 04:00,5,0,5,0,0,0
2024-04-13 04:15,4,1,3,0,0,0
2024-04-13 04:30,4,1,3,0,0,0
2024-04-13 04:45,4,2,2,0,0,0
2024-04-13 05:00,0,0,0,0,0,0
2024-04-13 05:15,3,2,1,0,0,0
2024-04-13 05:30,4,2,2,0,0,0
2024-04-13 05:45,7,3,4,0,0,0
2024-04-13 06:00,3,2,1,0,0,0
2024-04-13 06:15,3,3,0,0,0,0
2024-04-13 06:30,13,10,3,0,0,0
2024-04-13 06:45,7,6,1,0,0,0
2024-04-13 07:00,13,10,3,0,0,0
2024-04-13 07:15,12,11,1,0,0,0
2024-04-13 07:30,16,9,7,0,0,0
2024-04-13 07:45,15,8,7,0,0,0
2024-04-13 08:00,28,23,5,0,0,0
2024-04-13 08:15,31,21,10,0,0,0
2024-04-13 08:30,39,27,12,0,0,0
2024-04-13 08:45,70,40,30,0,0,0
2024-04-13 09:00,28,21,7,0,0,0
2024-04-13 09:15,44,29,15,0,0,0
2024-04-13 09:30,61,45,16,0,0,0
2024-04-13 09:45,79,60,19,0,0,0
2024-04-13 10:00,71,50,21,0,0,0
2024-04-13 10:15,69,55,14,0,0,0
2024-04-13 10:30,82,56,26,0,0,0
2024-04-13 10:45,99,62,37,0,0,0
2024-04-13 11:00,87,54,33,0,0,0
2024-04-13 11:15,81,56,25,0,0,0
2024-04-13 11:30,102,53,49,0,0,0
2024-04-13 11:45,91,58,33,0,0,0
2024-04-13 12:00,80,55,25,0,0,0
2024-04-13 12:15,123,73,50,0,0,0
2024-04-13 12:30,114,71,43,0,0,0
2024-04-13 12:45,101,69,32,0,0,0
2024-04-13 13:00,100,56,44,0,0,0
2024-04-13 13:15,93,40,53,0,0,0
2024-04-13 13:30,116,47,69,0,0,0
2024-04-13 13:45,109,53,56,0,0,0
2024-04-13 14:00,93,37,56,0,0,0
2024-04-13 14:15,76,43,33,0,0,0
2024-04-13 14:30,101,50,51,0,0,0
2024-04-13 14:45,102,49,53,0,0,0
2024-04-13 15:00,82,45,37,0,0,0
2024-04-13 15:15,78,41,37,0,0,0
2024-04-13 15:30,66,36,30,0,0,0
2024-04-13 15:45,89,47,42,0,0,0
2024-04-13 16:00,78,36,42,0,0,0
2024-04-13 16:15,86,41,45,0,0,0
2024-04-13 16:30,103,49,54,0,0,0
2024-04-13 16:45,65,33,32,0,0,0
2024-04-13 17:00,77,43,34,0,0,0
2024-04-13 17:15,81,45,36,0,0,0
2024-04-13 17:30,83,41,42,0,0,0
2024-04-13 17:45,103,47,56,0,0,0
2024-04-13 18:00,74,33,41,0,0,0
2024-04-13 18:15,92,54,38,0,0,0
2024-04-13 18:30,80,43,37,0,0,0
2024-04-13 18:45,78,51,27,0,0,0
2024-04-13 19:00,82,42,40,0,0,0
2024-04-13 19:15,85,46,39,0,0,0
2024-04-13 19:30,56,33,23,0,0,0
2024-04-13 19:45,62,40,22,0,0,0
2024-04-13 20:00,53,24,29,0,0,0
2024-04-13 20:15,32,16,16,0,0,0
2024-04-13 20:30,31,9,22,0,0,0
2024-04-13 20:45,46,22,24,0,0,0
2024-04-13 21:00,33,18,15,0,0,0
2024-04-13 21:15,36,19,17,0,0,0
2024-04-13 21:30,28,5,23,0,0,0
2024-04-13 21:45,38,17,21,0,0,0
2024-04-13 22:00,33,14,19,0,0,0
2024-04-13 22:15,34,15,19,0,0,0
2024-04-13 22:30,40,17,23,0,0,0
2024-04-13 22:45,31,10,21,0,0,0
2024-04-13 23:00,22,9,13,0,0,0
2024-04-13 23:15,32,16,16,0,0,0
2024-04-13 23:30,31,14,17,0,0,0
2024-04-13 23:45,36,12,24,0,0,0
2024-04-14 00:00,20,9,11,0,0,0
2024-04-14 00:15,20,11,9,0,0,0
2024-04-14 00:30,21,14,7,0,0,0
2024-04-14 00:45,18,7,11,0,0,0
2024-04-14 01:00,28,14,14,0,0,0
2024-04-14 01:15,28,16,12,0,0,0
2024-04-14 01:30,13,5,8,0,0,0
2024-04-14 01:45,9,5,4,0,0,0
2024-04-14 02:00,12,4,8,0,0,0
2024-04-14 02:15,12,5,7,0,0,0
2024-04-14 02:30,13,6,7,0,0,0
2024-04-14 02:45,9,3,6,0,0,0
2024-04-14 03:00,7,3,4,0,0,0
2024-04-14 03:15,6,2,4,0,0,0
2024-04-14 03:30,5,1,4,0,0,0
2024-04-14 03:45,4,2,2,0,0,0
2024-04-14 04:00,9,4,5,0,0,0
2024-04-14 04:15,2,0,2,0,0,0
2024-04-14 04:30,1,0,1,0,0,0
2024-04-14 04:45,3,2,1,0,0,0
2024-04-14 05:00,2,1,1,0,0,0
2024-04-14 05:15,2,0,2,0,0,0
2024-04-14 05:30,3,1,2,0,0,0
2024-04-14 05:45,3,2,1,0,0,0
2024-04-14 06:00,4,3,1,0,0,0
2024-04-14 06:15,2,1,1,0,0,0
2024-04-14 06:30,6,2,4,0,0,0
2024-04-14 06:45,8,7,1,0,0,0
2024-04-14 07:00,6,5,1,0,0,0
2024-04-14 07:15,1,0,1,0,0,0
2024-04-14 07:30,4,0,4,0,0,0
2024-04-14 07:45,6,4,2,0,0,0
2024-04-14 08:00,7,6,1,0,0,0
2024-04-14 08:15,13,8,5,0,0,0
2024-04-14 08:30,6,6,0,0,0,0
2024-04-14 08:45,20,16,4,0,0,0
2024-04-14 09:00,20,12,8,0,0,0
2024-04-14 09:15,27,17,10,0,0,0
2024-04-14 09:30,18,15,3,0,0,0
2024-04-14 09:45,38,27,11,0,0,0
2024-04-14 10:00,24,12,12,0,0,0
2024-04-14 10:15,38,25,13,0,0,0
2024-04-14 10:30,40,30,10,0,0,0
2024-04-14 10:45,42,27,15,0,0,0
2024-04-14 11:00,43,21,22,0,0,0
2024-04-14 11:15,43,31,12,0,0,0
2024-04-14 11:30,40,22,18,0,0,0
2024-04-14 11:45,51,30,21,0,0,0
2024-04-14 12:00,42,23,19,0,0,0
2024-04-14 12:15,42,25,17,0,0,0
2024-04-14 12:30,39,23,16,0,0,0
2024-04-14 12:45,62,33,29,0,0,0
2024-04-14 13:00,42,23,19,0,0,0
2024-04-14 13:15,63,29,34,0,0,0
2024-04-14 13:30,47,29,18,0,0,0
2024-04-14 13:45,39,18,21,0,0,0
2024-04-14 14:00,54,30,24,0,0,0
2024-04-14 14:15,76,33,43,0,0,0
2024-04-14 14:30,66,38,28,0,0,0
2024-04-14 14:45,72,42,30,0,0,0
2024-04-14 15:00,95,43,52,0,0,0
2024-04-14 15:15,74,37,37,0,0,0
2024-04-14 15:30,66,35,31,0,0,0
2024-04-14 15:45,83,54,29,0,0,0
2024-04-14 16:00,68,37,31,0,0,0
2024-04-14 16:15,76,42,34,0,0,0
2024-04-14 16:30,61,25,36,0,0,0
2024-04-14 16:45,72,29,43,0,0,0
2024-04-14 17:00,80,34,46,0,0,0
2024-04-14 17:15,81,38,43,0,0,0
2024-04-14 17:30,85,44,41,0,0,0
2024-04-14 17:45,88,44,44,0,0,0
2024-04-14 18:00,85,46,39,0,0,0
2024-04-14 18:15,55,17,38,0,0,0
2024-04-14 18:30,37,12,25,0,0,0
2024-04-14 18:45,60,38,22,0,0,0
2024-04-14 19:00,59,30,29,0,0,0
2024-04-14 19:15,49,19,30,0,0,0
2024-04-14 19:30,43,28,15,0,0,0
2024-04-14 19:45,42,21,21,0,0,0
2024-04-14 20:00,40,14,26,0,0,0
2024-04-14 20:15,30,15,15,0,0,0
2024-04-14 20:30,35,12,23,0,0,0
2024-04-14 20:45,32,6,26,0,0,0
2024-04-14 21:00,34,9,25,0,0,0
2024-04-14 21:15,27,14,13,0,0,0
2024-04-14 21:30,20,6,14,0,0,0
2024-04-14 21:45,23,6,17,0,0,0
2024-04-14 22:00,17,9,8,0,0,0
2024-04-14 22:15,16,7,9,0,0,0
2024-04-14 22:30,10,3,7,0,0,0
2024-04-14 22:45,9,3,6,0,0,0
2024-04-14 23:00,9,3,6,0,0,0
2024-04-14 23:15,9,1,8,0,0,0
2024-04-14 23:30,7,3,4,0,0,0
2024-04-14 23:45,5,1,4,0,0,0
2024-04-15 00:00,2,1,1,0,0,0
2024-04-15 00:15,4,1,3,0,0,0
2024-04-15 00:30,0,0,0,0,0,0
2024-04-15 00:45,0,0,0,0,0,0
2024-04-15 01:00,0,0,0,0,0,0
2024-04-15 01:15,0,0,0,0,0,0
2024-04-15 01:30,1,0,1,0,0,0
2024-04-15 01:45,0,0,0,0,0,0
2024-04-15 02:00,0,0,0,0,0,0
2024-04-15 02:15,1,0,1,0,0,0
2024-04-15 02:30,0,0,0,0,0,0
2024-04-15 02:45,0,0,0,0,0,0
2024-04-15 03:00,0,0,0,0,0,0
2024-04-15 03:15,0,0,0,0,0,0
2024-04-15 03:30,1,0,1,0,0,0
2024-04-15 03:45,3,0,3,0,0,0
2024-04-15 04:00,0,0,0,0,0,0
2024-04-15 04:15,1,1,0,0,0,0
2024-04-15 04:30,2,2,0,0,0,0
2024-04-15 04:45,2,1,1,0,0,0
2024-04-15 05:00,2,2,0,0,0,0
2024-04-15 05:15,4,2,2,0,0,0
2024-04-15 05:30,2,2,0,0,0,0
2024-04-15 05:45,13,7,6,0,0,0
2024-04-15 06:00,12,9,3,0,0,0
2024-04-15 06:15,17,15,2,0,0,0
2024-04-15 06:30,28,16,12,0,0,0
2024-04-15 06:45,41,29,12,0,0,0
2024-04-15 07:00,52,34,18,0,0,0
2024-04-15 07:15,82,59,23,0,0,0
2024-04-15 07:30,188,130,58,0,0,0
2024-04-15 07:45,154,113,41,0,0,0
2024-04-15 08:00,110,89,21,0,0,0
2024-04-15 08:15,110,76,34,0,0,0
2024-04-15 08:30,78,66,12,0,0,0
2024-04-15 08:45,84,55,29,0,0,0
2024-04-15 09:00,54,38,16,0,0,0
2024-04-15 09:15,75,57,18,0,0,0
2024-04-15 09:30,69,56,13,0,0,0
2024-04-15 09:45,117,91,26,0,0,0
2024-04-15 10:00,84,61,23,0,0,0
2024-04-15 10:15,56,37,19,0,0,0
2024-04-15 10:30,52,34,18,0,0,0
2024-04-15 10:45,72,54,18,0,0,0
2024-04-15 11:00,54,31,23,0,0,0
2024-04-15 11:15,67,31,36,0,0,0
2024-04-15 11:30,62,34,28,0,0,0
2024-04-15 11:45,88,50,38,0,0,0
2024-04-15 12:00,94,49,45,0,0,0
2024-04-15 12:15,52,18,34,0,0,0
2024-04-15 12:30,59,30,29,0,0,0
2024-04-15 12:45,69,32,37,0,0,0
2024-04-15 13:00,92,43,49,0,0,0
2024-04-15 13:15,69,30,39,0,0,0
2024-04-15 13:30,72,35,37,0,0,0
2024-04-15 13:45,91,45,46,0,0,0
2024-04-15 14:00,97,47,50,0,0,0
2024-04-15 14:15,63,26,37,0,0,0
2024-04-15 14:30,80,26,54,0,0,0
2024-04-15 14:45,104,56,48,0,0,0
2024-04-15 15:00,93,41,52,0,0,0
2024-04-15 15:15,77,36,41,0,0,0
2024-04-15 15:30,110,50,60,0,0,0
2024-04-15 15:45,96,37,59,0,0,0
2024-04-15 16:00,92,38,54,0,0,0
2024-04-15 16:15,84,37,47,0,0,0
2024-04-15 16:30,85,37,48,0,0,0
2024-04-15 16:45,86,34,52,0,0,0
2024-04-15 17:00,89,33,56,0,0,0
2024-04-15 17:15,73,19,54,0,0,0
2024-04-15 17:30,65,19,46,0,0,0
2024-04-15 17:45,80,28,52,0,0,0
2024-04-15 18:00,118,40,78,0,0,0
2024-04-15 18:15,85,33,52,0,0,0
2024-04-15 18:30,95,49,46,0,0,0
2024-04-15 18:45,82,36,46,0,0,0
2024-04-15 19:00,50,21,29,0,0,0
2024-04-15 19:15,54,26,28,0,0,0
2024-04-15 19:30,57,24,33,0,0,0
2024-04-15 19:45,68,27,41,0,0,0
2024-04-15 20:00,55,30,25,0,0,0
2024-04-15 20:15,41,19,22,0,0,0
2024-04-15 20:30,26,11,15,0,0,0
2024-04-15 20:45,25,10,15,0,0,0
2024-04-15 21:00,16,8,8,0,0,0
2024-04-15 21:15,29,12,17,0,0,0
2024-04-15 21:30,31,10,21,0,0,0
2024-04-15 21:45,29,6,23,0,0,0
2024-04-15 22:00,30,7,23,0,0,0
2024-04-15 22:15,32,9,23,0,0,0
2024-04-15 22:30,21,10,11,0,0,0
2024-04-15 22:45,14,4,10,0,0,0
2024-04-15 23:00,15,3,12,0,0,0
2024-04-15 23:15,9,0,9,0,0,0
2024-04-15 23:30,5,2,3,0,0,0
2024-04-15 23:45,3,0,3,0,0,0
2024-04-16 00:00,3,1,2,0,0,0
2024-04-16 00:15,3,0,3,0,0,0
2024-04-16 00:30,2,0,2,0,0,0
2024-04-16 00:45,2,0,2,0,0,0
2024-04-16 01:00,0,0,0,0,0,0
2024-04-16 01:15,3,0,3,0,0,0
2024-04-16 01:30,0,0,0,0,0,0
2024-04-16 01:45,1,1,0,0,0,0
2024-04-16 02:00,0,0,0,0,0,0
2024-04-16 02:15,2,1,1,0,0,0
2024-04-16 02:30,0,0,0,0,0,0
2024-04-16 02:45,1,0,1,0,0,0
2024-04-16 03:00,0,0,0,0,0,0
2024-04-16 03:15,0,0,0,0,0,0
2024-04-16 03:30,0,0,0,0,0,0
2024-04-16 03:45,2,1,1,0,0,0
2024-04-16 04:00,0,0,0,0,0,0
2024-04-16 04:15,1,1,0,0,0,0
2024-04-16 04:30,1,1,0,0,0,0
2024-04-16 04:45,1,1,0,0,0,0
2024-04-16 05:00,1,0,1,0,0,0
2024-04-16 05:15,6,2,4,0,0,0
2024-04-16 05:30,7,4,3,0,0,0
2024-04-16 05:45,7,4,3,0,0,0
2024-04-16 06:00,11,7,4,0,0,0
2024-04-16 06:15,26,18,8,0,0,0
2024-04-16 06:30,31,20,11,0,0,0
2024-04-16 06:45,38,26,12,0,0,0
2024-04-16 07:00,44,28,16,0,0,0
2024-04-16 07:15,76,54,22,0,0,0
2024-04-16 07:30,169,122,47,0,0,0
2024-04-16 07:45,204,157,47,0,0,0
2024-04-16 08:00,121,98,23,0,0,0
2024-04-16 08:15,102,78,24,0,0,0
2024-04-16 08:30,82,62,20,0,0,0
2024-04-16 08:45,95,61,34,0,0,0
2024-04-16 09:00,39,25,14,0,0,0
2024-04-16 09:15,39,25,14,0,0,0
2024-04-16 09:30,48,34,14,0,0,0
2024-04-16 09:45,82,68,14,0,0,0
2024-04-16 10:00,40,29,11,0,0,0
2024-04-16 10:15,24,12,12,0,0,0
2024-04-16 10:30,20,12,8,0,0,0
2024-04-16 10:45,40,27,13,0,0,0
2024-04-16 11:00,27,19,8,0,0,0
2024-04-16 11:15,43,23,20,0,0,0
2024-04-16 11:30,37,18,19,0,0,0
2024-04-16 11:45,65,44,21,0,0,0
2024-04-16 12:00,49,29,20,0,0,0
2024-04-16 12:15,51,28,23,0,0,0
2024-04-16 12:30,50,28,22,0,0,0
2024-04-16 12:45,58,24,34,0,0,0
2024-04-16 13:00,113,62,51,0,0,0
2024-04-16 13:15,72,27,45,0,0,0
2024-04-16 13:30,62,37,25,0,0,0
2024-04-16 13:45,91,45,46,0,0,0
2024-04-16 14:00,77,32,45,0,0,0
2024-04-16 14:15,65,29,36,0,0,0
2024-04-16 14:30,66,25,41,0,0,0
2024-04-16 14:45,68,41,27,0,0,0
2024-04-16 15:00,76,36,40,0,0,0
2024-04-16 15:15,71,34,37,0,0,0
2024-04-16 15:30,79,38,41,0,0,0
2024-04-16 15:45,130,67,63,0,0,0
2024-04-16 16:00,131,50,81,0,0,0
2024-04-16 16:15,82,30,52,0,0,0
2024-04-16 16:30,84,34,50,0,0,0
2024-04-16 16:45,95,46,49,0,0,0
2024-04-16 17:00,91,29,62,0,0,0
2024-04-16 17:15,106,53,53,0,0,0
2024-04-16 17:30,107,39,68,0,0,0
2024-04-16 17:45,135,62,73,0,0,0
2024-04-16 18:00,109,38,71,0,0,0
2024-04-16 18:15,88,39,49,0,0,0
2024-04-16 18:30,92,37,55,0,0,0
2024-04-16 18:45,80,38,42,0,0,0
2024-04-16 19:00,63,27,36,0,0,0
2024-04-16 19:15,72,30,42,0,0,0
2024-04-16 19:30,55,17,38,0,0,0
2024-04-16 19:45,67,26,41,0,0,0
2024-04-16 20:00,58,21,37,0,0,0
2024-04-16 20:15,39,17,22,0,0,0
2024-04-16 20:30,32,7,25,0,0,0
2024-04-16 20:45,30,11,19,0,0,0
2024-04-16 21:00,34,13,21,0,0,0
2024-04-16 21:15,28,8,20,0,0,0
2024-04-16 21:30,34,11,23,0,0,0
2024-04-16 21:45,41,16,25,0,0,0
2024-04-16 22:00,32,12,20,0,0,0
2024-04-16 22:15,30,7,23,0,0,0
2024-04-16 22:30,28,8,20,0,0,0
2024-04-16 22:45,15,6,9,0,0,0
2024-04-16 23:00,28,14,14,0,0,0
2024-04-16 23:15,31,16,15,0,0,0
2024-04-16 23:30,15,9,6,0,0,0
2024-04-16 23:45,10,2,8,0,0,0
2024-04-17 00:00,4,0,4,0,0,0
2024-04-17 00:15,5,3,2,0,0,0
2024-04-17 00:30,3,2,1,0,0,0
2024-04-17 00:45,3,1,2,0,0,0
2024-04-17 01:00,6,0,6,0,0,0
2024-04-17 01:15,2,1,1,0,0,0
2024-04-17 01:30,1,1,0,0,0,0
2024-04-17 01:45,2,1,1,0,0,0
2024-04-17 02:00,0,0,0,0,0,0
2024-04-17 02:15,1,1,0,0,0,0
2024-04-17 02:30,0,0,0,0,0,0
2024-04-17 02:45,0,0,0,0,0,0
2024-04-17 03:00,0,0,0,0,0,0
2024-04-17 03:15,0,0,0,0,0,0
2024-04-17 03:30,0,0,0,0,0,0
2024-04-17 03:45,0,0,0,0,0,0
2024-04-17 04:00,1,0,1,0,0,0
2024-04-17 04:15,0,0,0,0,0,0
2024-04-17 04:30,0,0,0,0,0,0
2024-04-17 04:45,0,0,0,0,0,0
2024-04-17 05:00,2,1,1,0,0,0
2024-04-17 05:15,5,4,1,0,0,0
2024-04-17 05:30,5,2,3,0,0,0
2024-04-17 05:45,14,6,8,0,0,0
2024-04-17 06:00,12,9,3,0,0,0
2024-04-17 06:15,19,12,7,0,0,0
2024-04-17 06:30,33,26,7,0,0,0
2024-04-17 06:45,35,27,8,0,0,0
2024-04-17 07:00,60,43,17,0,0,0
2024-04-17 07:15,98,70,28,0,0,0
2024-04-17 07:30,161,115,46,0,0,0
2024-04-17 07:45,197,142,55,0,0,0
2024-04-17 08:00,137,98,39,0,0,0
2024-04-17 08:15,95,64,31,0,0,0
2024-04-17 08:30,85,61,24,0,0,0
2024-04-17 08:45,85,65,20,0,0,0
2024-04-17 09:00,52,32,20,0,0,0
2024-04-17 09:15,60,46,14,0,0,0
2024-04-17 09:30,63,48,15,0,0,0
2024-04-17 09:45,106,78,28,0,0,0
2024-04-17 10:00,72,58,14,0,0,0
2024-04-17 10:15,51,32,19,0,0,0
2024-04-17 10:30,58,40,18,0,0,0
2024-04-17 10:45,52,38,14,0,0,0
2024-04-17 11:00,46,29,17,0,0,0
2024-04-17 11:15,51,31,20,0,0,0
2024-04-17 11:30,59,32,27,0,0,0
2024-04-17 11:45,87,47,40,0,0,0
2024-04-17 12:00,78,49,29,0,0,0
2024-04-17 12:15,67,35,32,0,0,0
2024-04-17 12:30,49,20,29,0,0,0
2024-04-17 12:45,68,31,37,0,0,0
2024-04-17 13:00,98,41,57,0,0,0
2024-04-17 13:15,80,30,50,0,0,0
2024-04-17 13:30,69,32,37,0,0,0
2024-04-17 13:45,113,58,55,0,0,0
2024-04-17 14:00,78,38,40,0,0,0
2024-04-17 14:15,61,16,45,0,0,0
2024-04-17 14:30,52,25,27,0,0,0
2024-04-17 14:45,84,47,37,0,0,0
2024-04-17 15:00,48,21,27,0,0,0
2024-04-17 15:15,77,30,47,0,0,0
2024-04-17 15:30,84,43,41,0,0,0
2024-04-17 15:45,114,52,62,0,0,0
2024-04-17 16:00,106,41,65,0,0,0
2024-04-17 16:15,107,33,74,0,0,0
2024-04-17 16:30,88,33,55,0,0,0
2024-04-17 16:45,101,48,53,0,0,0
2024-04-17 17:00,109,51,58,0,0,0
2024-04-17 17:15,93,43,50,0,0,0
2024-04-17 17:30,93,39,54,0,0,0
2024-04-17 17:45,130,55,75,0,0,0
2024-04-17 18:00,100,37,63,0,0,0
2024-04-17 18:15,105,45,60,0,0,0
2024-04-17 18:30,84,33,51,0,0,0
2024-04-17 18:45,102,58,44,0,0,0
2024-04-17 19:00,74,29,45,0,0,0
2024-04-17 19:15,86,32,54,0,0,0
2024-04-17 19:30,79,31,48,0,0,0
2024-04-17 19:45,62,36,26,0,0,0
2024-04-17 20:00,65,28,37,0,0,0
2024-04-17 20:15,56,29,27,0,0,0
2024-04-17 20:30,38,14,24,0,0,0
2024-04-17 20:45,35,14,21,0,0,0
2024-04-17 21:00,33,16,17,0,0,0
2024-04-17 21:15,38,10,28,0,0,0
2024-04-17 21:30,40,27,13,0,0,0
2024-04-17 21:45,47,25,22,0,0,0
2024-04-17 22:00,40,18,22,0,0,0
2024-04-17 22:15,32,7,25,0,0,0
2024-04-17 22:30,26,7,19,0,0,0
2024-04-17 22:45,24,4,20,0,0,0
2024-04-17 23:00,14,6,8,0,0,0
2024-04-17 23:15,26,8,18,0,0,0
2024-04-17 23:30,26,15,11,0,0,0
2024-04-17 23:45,19,6,13,0,0,0
2024-04-18 00:00,19,5,14,0,0,0
2024-04-18 00:15,13,2,11,0,0,0
2024-04-18 00:30,12,1,11,0,0,0
2024-04-18 00:45,4,2,2,0,0,0
2024-04-18 01:00,4,2,2,0,0,0
2024-04-18 01:15,3,0,3,0,0,0
2024-04-18 01:30,5,0,5,0,0,0
2024-04-18 01:45,4,0,4,0,0,0
2024-04-18 02:00,2,0,2,0,0,0
2024-04-18 02:15,4,0,4,0,0,0
2024-04-18 02:30,1,1,0,0,0,0
2024-04-18 02:45,2,0,2,0,0,0
2024-04-18 03:00,5,2,3,0,0,0
2024-04-18 03:15,5,1,4,0,0,0
2024-04-18 03:30,0,0,0,0,0,0
2024-04-18 03:45,3,0,3,0,0,0
2024-04-18 04:00,1,0,1,0,0,0
2024-04-18 04:15,2,2,0,0,0,0
2024-04-18 04:30,2,0,2,0,0,0
2024-04-18 04:45,0,0,0,0,0,0
2024-04-18 05:00,0,0,0,0,0,0
2024-04-18 05:15,6,4,2,0,0,0
2024-04-18 05:30,7,5,2,0,0,0
2024-04-18 05:45,14,4,10,0,0,0
2024-04-18 06:00,21,15,6,0,0,0
2024-04-18 06:15,22,19,3,0,0,0
2024-04-18 06:30,30,17,13,0,0,0
2024-04-18 06:45,37,28,9,0,0,0
2024-04-18 07:00,54,32,22,0,0,0
2024-04-18 07:15,94,65,29,0,0,0
2024-04-18 07:30,185,134,51,0,0,0
2024-04-18 07:45,183,141,42,0,0,0
2024-04-18 08:00,119,100,19,0,0,0
2024-04-18 08:15,84,59,25,0,0,0
2024-04-18 08:30,84,56,28,0,0,0
2024-04-18 08:45,82,55,27,0,0,0
2024-04-18 09:00,66,47,19,0,0,0
2024-04-18 09:15,55,39,16,0,0,0
2024-04-18 09:30,71,48,23,0,0,0
2024-04-18 09:45,126,98,28,0,0,0
2024-04-18 10:00,95,68,27,0,0,0
2024-04-18 10:15,56,31,25,0,0,0
2024-04-18 10:30,56,35,21,0,0,0
2024-04-18 10:45,51,33,18,0,0,0
2024-04-18 11:00,63,39,24,0,0,0
2024-04-18 11:15,65,36,29,0,0,0
2024-04-18 11:30,65,31,34,0,0,0
2024-04-18 11:45,83,54,29,0,0,0
2024-04-18 12:00,70,34,36,0,0,0
2024-04-18 12:15,58,32,26,0,0,0
2024-04-18 12:30,74,35,39,0,0,0
2024-04-18 12:45,78,35,43,0,0,0
2024-04-18 13:00,96,36,60,0,0,0
2024-04-18 13:15,84,39,45,0,0,0
2024-04-18 13:30,80,27,53,0,0,0
2024-04-18 13:45,115,65,50,0,0,0
2024-04-18 14:00,85,37,48,0,0,0
2024-04-18 14:15,87,39,48,0,0,0
2024-04-18 14:30,89,46,43,0,0,0
2024-04-18 14:45,99,58,41,0,0,0
2024-04-18 15:00,70,31,39,0,0,0
2024-04-18 15:15,97,45,52,0,0,0
2024-04-18 15:30,135,66,69,0,0,0
2024-04-18 15:45,141,66,75,0,0,0
2024-04-18 16:00,149,65,84,0,0,0
2024-04-18 16:15,122,56,66,0,0,0
2024-04-18 16:30,104,42,62,0,0,0
2024-04-18 16:45,114,48,66,0,0,0
2024-04-18 17:00,110,43,67,0,0,0
2024-04-18 17:15,108,51,57,0,0,0
2024-04-18 17:30,124,52,72,0,0,0
2024-04-18 17:45,121,50,71,0,0,0
2024-04-18 18:00,120,53,67,0,0,0
2024-04-18 18:15,119,61,58,0,0,0
2024-04-18 18:30,100,42,58,0,0,0
2024-04-18 18:45,102,48,54,0,0,0
2024-04-18 19:00,82,36,46,0,0,0
2024-04-18 19:15,71,34,37,0,0,0
2024-04-18 19:30,66,32,34,0,0,0
2024-04-18 19:45,73,29,44,0,0,0
2024-04-18 20:00,65,28,37,0,0,0
2024-04-18 20:15,69,19,50,0,0,0
2024-04-18 20:30,40,14,26,0,0,0
2024-04-18 20:45,26,10,16,0,0,0
2024-04-18 21:00,32,16,16,0,0,0
2024-04-18 21:15,27,14,13,0,0,0
2024-04-18 21:30,49,20,29,0,0,0
2024-04-18 21:45,31,8,23,0,0,0
2024-04-18 22:00,31,11,20,0,0,0
2024-04-18 22:15,44,16,28,0,0,0
2024-04-18 22:30,33,13,20,0,0,0
2024-04-18 22:45,28,8,20,0,0,0
2024-04-18 23:00,21,7,14,0,0,0
2024-04-18 23:15,18,5,13,0,0,0
2024-04-18 23:30,14,9,5,0,0,0
2024-04-18 23:45,14,5,9,0,0,0
2024-04-19 00:00,5,2,3,0,0,0
2024-04-19 00:15,3,1,2,0,0,0
2024-04-19 00:30,11,7,4,0,0,0
2024-04-19 00:45,2,1,1,0,0,0
2024-04-19 01:00,8,4,4,0,0,0
2024-04-19 01:15,7,2,5,0,0,0
2024-04-19 01:30,2,1,1,0,0,0
2024-04-19 01:45,0,0,0,0,0,0
2024-04-19 02:00,0,0,0,0,0,0
2024-04-19 02:15,1,0,1,0,0,0
2024-04-19 02:30,2,0,2,0,0,0
2024-04-19 02:45,3,0,3,0,0,0
2024-04-19 03:00,1,0,1,0,0,0
2024-04-19 03:15,0,0,0,0,0,0
2024-04-19 03:30,1,0,1,0,0,0
2024-04-19 03:45,0,0,0,0,0,0
2024-04-19 04:00,2,1,1,0,0,0
2024-04-19 04:15,0,0,0,0,0,0
2024-04-19 04:30,1,1,0,0,0,0
2024-04-19 04:45,0,0,0,0,0,0
2024-04-19 05:00,2,1,1,0,0,0
2024-04-19 05:15,4,2,2,0,0,0
2024-04-19 05:30,6,4,2,0,0,0
2024-04-19 05:45,7,3,4,0,0,0
2024-04-19 06:00,9,5,4,0,0,0
2024-04-19 06:15,14,12,2,0,0,0
2024-04-19 06:30,18,10,8,0,0,0
2024-04-19 06:45,24,19,5,0,0,0
2024-04-19 07:00,40,25,15,0,0,0
2024-04-19 07:15,61,43,18,0,0,0
2024-04-19 07:30,142,99,43,0,0,0
2024-04-19 07:45,130,90,40,0,0,0
2024-04-19 08:00,78,56,22,0,0,0
2024-04-19 08:15,61,44,17,0,0,0
2024-04-19 08:30,79,56,23,0,0,0
2024-04-19 08:45,78,58,20,0,0,0
2024-04-19 09:00,44,30,14,0,0,0
2024-04-19 09:15,45,28,17,0,0,0
2024-04-19 09:30,61,40,21,0,0,0
2024-04-19 09:45,64,56,8,0,0,0
2024-04-19 10:00,55,44,11,0,0,0
2024-04-19 10:15,49,36,13,0,0,0
2024-04-19 10:30,33,25,8,0,0,0
2024-04-19 10:45,42,22,20,0,0,0
2024-04-19 11:00,42,23,19,0,0,0
2024-04-19 11:15,69,39,30,0,0,0
2024-04-19 11:30,45,24,21,0,0,0
2024-04-19 11:45,64,36,28,0,0,0
2024-04-19 12:00,80,48,32,0,0,0
2024-04-19 12:15,58,27,31,0,0,0
2024-04-19 12:30,63,34,29,0,0,0
2024-04-19 12:45,78,45,33,0,0,0
2024-04-19 13:00,119,56,63,0,0,0
2024-04-19 13:15,92,46,46,0,0,0
2024-04-19 13:30,53,25,28,0,0,0
2024-04-19 13:45,83,37,46,0,0,0
2024-04-19 14:00,65,28,37,0,0,0
2024-04-19 14:15,72,32,40,0,0,0
2024-04-19 14:30,83,30,53,0,0,0
2024-04-19 14:45,64,27,37,0,0,0
2024-04-19 15:00,55,25,30,0,0,0
2024-04-19 15:15,93,36,57,0,0,0
2024-04-19 15:30,68,28,40,0,0,0
2024-04-19 15:45,68,34,34,0,0,0
2024-04-19 16:00,64,33,31,0,0,0
2024-04-19 16:15,60,27,33,0,0,0
2024-04-19 16:30,56,25,31,0,0,0
2024-04-19 16:45,78,38,40,0,0,0
2024-04-19 17:00,71,23,48,0,0,0
2024-04-19 17:15,61,36,25,0,0,0
2024-04-19 17:30,67,29,38,0,0,0
2024-04-19 17:45,91,45,46,0,0,0
2024-04-19 18:00,76,33,43,0,0,0
2024-04-19 18:15,74,26,48,0,0,0
2024-04-19 18:30,54,19,35,0,0,0
2024-04-19 18:45,66,32,34,0,0,0
2024-04-19 19:00,88,49,39,0,0,0
2024-04-19 19:15,61,34,27,0,0,0
2024-04-19 19:30,58,27,31,0,0,0
2024-04-19 19:45,51,25,26,0,0,0
2024-04-19 20:00,52,25,27,0,0,0
2024-04-19 20:15,53,28,25,0,0,0
2024-04-19 20:30,27,14,13,0,0,0
2024-04-19 20:45,28,11,17,0,0,0
2024-04-19 21:00,31,15,16,0,0,0
2024-04-19 21:15,28,12,16,0,0,0
2024-04-19 21:30,21,9,12,0,0,0
2024-04-19 21:45,25,9,16,0,0,0
2024-04-19 22:00,34,14,20,0,0,0
2024-04-19 22:15,21,8,13,0,0,0
2024-04-19 22:30,27,18,9,0,0,0
2024-04-19 22:45,37,12,25,0,0,0
2024-04-19 23:00,28,14,14,0,0,0
2024-04-19 23:15,29,10,19,0,0,0
2024-04-19 23:30,12,3,9,0,0,0
2024-04-19 23:45,32,14,18,0,0,0
2024-04-20 00:00,24,10,14,0,0,0
2024-04-20 00:15,14,5,9,0,0,0
2024-04-20 00:30,11,4,7,0,0,0
2024-04-20 00:45,17,10,7,0,0,0
2024-04-20 01:00,13,3,10,0,0,0
2024-04-20 01:15,10,1,9,0,0,0
2024-04-20 01:30,10,8,2,0,0,0
2024-04-20 01:45,13,5,8,0,0,0
2024-04-20 02:00,15,4,11,0,0,0
2024-04-20 02:15,11,4,7,0,0,0
2024-04-20 02:30,9,1,8,0,0,0
2024-04-20 02:45,7,6,1,0,0,0
2024-04-20 03:00,3,2,1,0,0,0
2024-04-20 03:15,8,3,5,0,0,0
2024-04-20 03:30,4,0,4,0,0,0
2024-04-20 03:45,7,3,4,0,0,0
2024-04-20 04:00,3,1,2,0,0,0
2024-04-20 04:15,2,0,2,0,0,0
2024-04-20 04:30,2,0,2,0,0,0
2024-04-20 04:45,3,1,2,0,0,0
2024-04-20 05:00,2,1,1,0,0,0
2024-04-20 05:15,6,5,1,0,0,0
2024-04-20 05:30,5,3,2,0,0,0
2024-04-20 05:45,1,1,0,0,0,0
2024-04-20 06:00,5,3,2,0,0,0
2024-04-20 06:15,5,5,0,0,0,0
2024-04-20 06:30,5,4,1,0,0,0
2024-04-20 06:45,14,12,2,0,0,0
2024-04-20 07:00,7,5,2,0,0,0
2024-04-20 07:15,7,5,2,0,0,0
2024-04-20 07:30,16,9,7,0,0,0
2024-04-20 07:45,18,11,7,0,0,0
2024-04-20 08:00,10,9,1,0,0,0
2024-04-20 08:15,18,11,7,0,0,0
2024-04-20 08:30,27,16,11,0,0,0
2024-04-20 08:45,51,35,16,0,0,0
2024-04-20 09:00,30,21,9,0,0,0
2024-04-20 09:15,29,23,6,0,0,0
2024-04-20 09:30,52,33,19,0,0,0
2024-04-20 09:45,62,46,16,0,0,0
2024-04-20 10:00,76,54,22,0,0,0
2024-04-20 10:15,53,36,17,0,0,0
2024-04-20 10:30,69,49,20,0,0,0
2024-04-20 10:45,81,54,27,0,0,0
2024-04-20 11:00,55,30,25,0,0,0
2024-04-20 11:15,63,31,32,0,0,0
2024-04-20 11:30,61,40,21,0,0,0
2024-04-20 11:45,53,29,24,0,0,0
2024-04-20 12:00,66,38,28,0,0,0
2024-04-20 12:15,72,43,29,0,0,0
2024-04-20 12:30,66,38,28,0,0,0
2024-04-20 12:45,71,39,32,0,0,0
2024-04-20 13:00,60,28,32,0,0,0
2024-04-20 13:15,59,33,26,0,0,0
2024-04-20 13:30,66,35,31,0,0,0
2024-04-20 13:45,65,37,28,0,0,0
2024-04-20 14:00,47,16,31,0,0,0
2024-04-20 14:15,56,28,28,0,0,0
2024-04-20 14:30,69,28,41,0,0,0
2024-04-20 14:45,42,18,24,0,0,0
2024-04-20 15:00,63,21,42,0,0,0
2024-04-20 15:15,50,23,27,0,0,0
2024-04-20 15:30,53,31,22,0,0,0
2024-04-20 15:45,39,16,23,0,0,0
2024-04-20 16:00,43,20,23,0,0,0
2024-04-20 16:15,36,21,15,0,0,0
2024-04-20 16:30,30,14,16,0,0,0
2024-04-20 16:45,44,26,18,0,0,0
2024-04-20 17:00,40,21,19,0,0,0
2024-04-20 17:15,40,15,25,0,0,0
2024-04-20 17:30,19,9,10,0,0,0
2024-04-20 17:45,58,30,28,0,0,0
2024-04-20 18:00,43,20,23,0,0,0
2024-04-20 18:15,39,19,20,0,0,0
2024-04-20 18:30,46,28,18,0,0,0
2024-04-20 18:45,37,21,16,0,0,0
2024-04-20 19:00,41,21,20,0,0,0
2024-04-20 19:15,34,21,13,0,0,0
2024-04-20 19:30,39,22,17,0,0,0
2024-04-20 19:45,33,22,11,0,0,0
2024-04-20 20:00,36,19,17,0,0,0
2024-04-20 20:15,27,15,12,0,0,0
2024-04-20 20:30,26,13,13,0,0,0
2024-04-20 20:45,24,10,14,0,0,0
2024-04-20 21:00,25,15,10,0,0,0
2024-04-20 21:15,13,1,12,0,0,0
2024-04-20 21:30,22,12,10,0,0,0
2024-04-20 21:45,21,9,12,0,0,0
2024-04-20 22:00,19,8,11,0,0,0
2024-04-20 22:15,18,9,9,0,0,0
2024-04-20 22:30,27,9,18,0,0,0
2024-04-20 22:45,13,2,11,0,0,0
2024-04-20 23:00,13,6,7,0,0,0
2024-04-20 23:15,13,5,8,0,0,0
2024-04-20 23:30,20,11,9,0,0,0
2024-04-20 23:45,17,5,12,0,0,0
2024-04-21 00:00,12,2,10,0,0,0
2024-04-21 00:15,11,3,8,0,0,0
2024-04-21 00:30,19,16,3,0,0,0
2024-04-21 00:45,14,7,7,0,0,0
2024-04-21 01:00,12,5,7,0,0,0
2024-04-21 01:15,11,2,9,0,0,0
2024-04-21 01:30,16,4,12,0,0,0
2024-04-21 01:45,13,5,8,0,0,0
2024-04-21 02:00,8,4,4,0,0,0
2024-04-21 02:15,11,7,4,0,0,0
2024-04-21 02:30,11,2,9,0,0,0
2024-04-21 02:45,5,0,5,0,0,0
2024-04-21 03:00,12,7,5,0,0,0
2024-04-21 03:15,2,1,1,0,0,0
2024-04-21 03:30,1,0,1,0,0,0
2024-04-21 03:45,2,1,1,0,0,0
2024-04-21 04:00,3,1,2,0,0,0
2024-04-21 04:15,1,0,1,0,0,0
2024-04-21 04:30,0,0,0,0,0,0
2024-04-21 04:45,1,0,1,0,0,0
2024-04-21 05:00,2,1,1,0,0,0
2024-04-21 05:15,0,0,0,0,0,0
2024-04-21 05:30,3,3,0,0,0,0
2024-04-21 05:45,3,0,3,0,0,0
2024-04-21 06:00,4,2,2,0,0,0
2024-04-21 06:15,3,3,0,0,0,0
2024-04-21 06:30,2,1,1,0,0,0
2024-04-21 06:45,4,2,2,0,0,0
2024-04-21 07:00,2,1,1,0,0,0
2024-04-21 07:15,1,0,1,0,0,0
2024-04-21 07:30,8,5,3,0,0,0
2024-04-21 07:45,3,1,2,0,0,0
2024-04-21 08:00,4,3,1,0,0,0
2024-04-21 08:15,19,13,6,0,0,0
2024-04-21 08:30,6,5,1,0,0,0
2024-04-21 08:45,13,7,6,0,0,0
2024-04-21 09:00,12,7,5,0,0,0
2024-04-21 09:15,17,10,7,0,0,0
2024-04-21 09:30,19,13,6,0,0,0
2024-04-21 09:45,37,24,13,0,0,0
2024-04-21 10:00,29,23,6,0,0,0
2024-04-21 10:15,33,19,14,0,0,0
2024-04-21 10:30,25,17,8,0,0,0
2024-04-21 10:45,32,20,12,0,0,0
2024-04-21 11:00,37,20,17,0,0,0
2024-04-21 11:15,23,9,14,0,0,0
2024-04-21 11:30,40,17,23,0,0,0
2024-04-21 11:45,33,22,11,0,0,0
2024-04-21 12:00,22,10,12,0,0,0
2024-04-21 12:15,55,38,17,0,0,0
2024-04-21 12:30,42,25,17,0,0,0
2024-04-21 12:45,53,25,28,0,0,0
2024-04-21 13:00,46,35,11,0,0,0
2024-04-21 13:15,38,23,15,0,0,0
2024-04-21 13:30,32,25,7,0,0,0
2024-04-21 13:45,49,29,20,0,0,0
2024-04-21 14:00,45,28,17,0,0,0
2024-04-21 14:15,43,25,18,0,0,0
2024-04-21 14:30,42,31,11,0,0,0
2024-04-21 14:45,46,28,18,0,0,0
2024-04-21 15:00,51,31,20,0,0,0
2024-04-21 15:15,50,31,19,0,0,0
2024-04-21 15:30,22,11,11,0,0,0
2024-04-21 15:45,50,31,19,0,0,0
2024-04-21 16:00,54,23,31,0,0,0
2024-04-21 16:15,40,22,18,0,0,0
2024-04-21 16:30,47,21,26,0,0,0
2024-04-21 16:45,46,24,22,0,0,0
2024-04-21 17:00,38,14,24,0,0,0
2024-04-21 17:15,50,17,33,0,0,0
2024-04-21 17:30,51,30,21,0,0,0
2024-04-21 17:45,58,33,25,0,0,0
2024-04-21 18:00,36,15,21,0,0,0
2024-04-21 18:15,51,25,26,0,0,0
2024-04-21 18:30,37,7,30,0,0,0
2024-04-21 18:45,46,22,24,0,0,0
2024-04-21 19:00,43,20,23,0,0,0
2024-04-21 19:15,33,14,19,0,0,0
2024-04-21 19:30,28,14,14,0,0,0
2024-04-21 19:45,38,20,18,0,0,0
2024-04-21 20:00,26,13,13,0,0,0
2024-04-21 20:15,21,9,12,0,0,0
2024-04-21 20:30,25,7,18,0,0,0
2024-04-21 20:45,19,11,8,0,0,0
2024-04-21 21:00,16,8,8,0,0,0
2024-04-21 21:15,14,2,12,0,0,0
2024-04-21 21:30,7,2,5,0,0,0
2024-04-21 21:45,13,5,8,0,0,0
2024-04-21 22:00,9,7,2,0,0,0
2024-04-21 22:15,14,7,7,0,0,0
2024-04-21 22:30,6,5,1,0,0,0
2024-04-21 22:45,7,3,4,0,0,0
2024-04-21 23:00,8,5,3,0,0,0
2024-04-21 23:15,7,3,4,0,0,0
2024-04-21 23:30,4,3,1,0,0,0
2024-04-21 23:45,4,2,2,0,0,0
