Datetime,300037926 (Bohlweg),353413831 (Bohlweg [Bike Stadteinwärts]),353413832 (Bohlweg [Bike Stadtauswärts]),300037926-status,353413831-status,353413832-status
2024-06-01 00:00,21,10,11,0,0,0
2024-06-01 00:15,10,4,6,0,0,0
2024-06-01 00:30,11,4,7,0,0,0
2024-06-01 00:45,16,11,5,0,0,0
2024-06-01 01:00,12,6,6,0,0,0
2024-06-01 01:15,5,1,4,0,0,0
2024-06-01 01:30,8,3,5,0,0,0
2024-06-01 01:45,11,4,7,0,0,0
2024-06-01 02:00,11,3,8,0,0,0
2024-06-01 02:15,10,4,6,0,0,0
2024-06-01 02:30,7,3,4,0,0,0
2024-06-01 02:45,10,3,7,0,0,0
2024-06-01 03:00,4,0,4,0,0,0
2024-06-01 03:15,6,2,4,0,0,0
2024-06-01 03:30,2,1,1,0,0,0
2024-06-01 03:45,1,0,1,0,0,0
2024-06-01 04:00,6,2,4,0,0,0
2024-06-01 04:15,3,2,1,0,0,0
2024-06-01 04:30,0,0,0,0,0,0
2024-06-01 04:45,3,3,0,0,0,0
2024-06-01 05:00,1,1,0,0,0,0
2024-06-01 05:15,3,1,2,0,0,0
2024-06-01 05:30,2,2,0,0,0,0
2024-06-01 05:45,4,4,0,0,0,0
2024-06-01 06:00,5,1,4,0,0,0
2024-06-01 06:15,5,5,0,0,0,0
2024-06-01 06:30,8,5,3,0,0,0
2024-06-01 06:45,9,7,2,0,0,0
2024-06-01 07:00,11,8,3,0,0,0
2024-06-01 07:15,12,9,3,0,0,0
2024-06-01 07:30,14,9,5,0,0,0
2024-06-01 07:45,19,14,5,0,0,0
2024-06-01 08:00,15,11,4,0,0,0
2024-06-01 08:15,22,15,7,0,0,0
2024-06-01 08:30,20,11,9,0,0,0
2024-06-01 08:45,33,20,13,0,0,0
2024-06-01 09:00,31,21,10,0,0,0
2024-06-01 09:15,34,26,8,0,0,0
2024-06-01 09:30,45,32,13,0,0,0
2024-06-01 09:45,57,43,14,0,0,0
2024-06-01 10:00,52,39,13,0,0,0
2024-06-01 10:15,75,59,16,0,0,0
2024-06-01 10:30,71,42,29,0,0,0
2024-06-01 10:45,69,47,22,0,0,0
2024-06-01 11:00,77,52,25,0,0,0
2024-06-01 11:15,88,51,37,0,0,0
2024-06-01 11:30,76,46,30,0,0,0
2024-06-01 11:45,83,47,36,0,0,0
2024-06-01 12:00,83,52,31,0,0,0
2024-06-01 12:15,88,52,36,0,0,0
2024-06-01 12:30,70,42,28,0,0,0
2024-06-01 12:45,83,46,37,0,0,0
2024-06-01 13:00,68,36,32,0,0,0
2024-06-01 13:15,77,33,44,0,0,0
2024-06-01 13:30,65,32,33,0,0,0
2024-06-01 13:45,85,44,41,0,0,0
2024-06-01 14:00,90,48,42,0,0,0
2024-06-01 14:15,72,26,46,0,0,0
2024-06-01 14:30,60,20,40,0,0,0
2024-06-01 14:45,83,37,46,0,0,0
2024-06-01 15:00,70,31,39,0,0,0
2024-06-01 15:15,65,35,30,0,0,0
2024-06-01 15:30,61,25,36,0,0,0
2024-06-01 15:45,66,39,27,0,0,0
2024-06-01 16:00,71,31,40,0,0,0
2024-06-01 16:15,54,34,20,0,0,0
2024-06-01 16:30,59,36,23,0,0,0
2024-06-01 16:45,50,26,24,0,0,0
2024-06-01 17:00,61,25,36,0,0,0
2024-06-01 17:15,66,36,30,0,0,0
2024-06-01 17:30,35,18,17,0,0,0
2024-06-01 17:45,58,23,35,0,0,0
2024-06-01 18:00,51,27,24,0,0,0
2024-06-01 18:15,66,32,34,0,0,0
2024-06-01 18:30,60,30,30,0,0,0
2024-06-01 18:45,64,37,27,0,0,0
2024-06-01 19:00,65,27,38,0,0,0
2024-06-01 19:15,55,28,27,0,0,0
2024-06-01 19:30,46,22,24,0,0,0
2024-06-01 19:45,54,33,21,0,0,0
2024-06-01 20:00,37,18,19,0,0,0
2024-06-01 20:15,45,24,21,0,0,0
2024-06-01 20:30,33,17,16,0,0,0
2024-06-01 20:45,30,14,16,0,0,0
2024-06-01 21:00,29,12,17,0,0,0
2024-06-01 21:15,26,10,16,0,0,0
2024-06-01 21:30,25,10,15,0,0,0
2024-06-01 21:45,17,3,14,0,0,0
2024-06-01 22:00,12,2,10,0,0,0
2024-06-01 22:15,17,8,9,0,0,0
2024-06-01 22:30,9,3,6,0,0,0
2024-06-01 22:45,18,7,11,0,0,0
2024-06-01 23:00,33,12,21,0,0,0
2024-06-01 23:15,46,18,28,0,0,0
2024-06-01 23:30,37,19,18,0,0,0
2024-06-01 23:45,28,14,14,0,0,0
2024-06-02 00:00,29,11,18,0,0,0
2024-06-02 00:15,12,7,5,0,0,0
2024-06-02 00:30,17,8,9,0,0,0
2024-06-02 00:45,14,7,7,0,0,0
2024-06-02 01:00,22,8,14,0,0,0
2024-06-02 01:15,11,4,7,0,0,0
2024-06-02 01:30,13,7,6,0,0,0
2024-06-02 01:45,12,4,8,0,0,0
2024-06-02 02:00,4,1,3,0,0,0
2024-06-02 02:15,11,6,5,0,0,0
2024-06-02 02:30,2,1,1,0,0,0
2024-06-02 02:45,5,3,2,0,0,0
2024-06-02 03:00,8,3,5,0,0,0
2024-06-02 03:15,3,0,3,0,0,0
2024-06-02 03:30,5,1,4,0,0,0
2024-06-02 03:45,2,0,2,0,0,0
2024-06-02 04:00,6,2,4,0,0,0
2024-06-02 04:15,7,1,6,0,0,0
2024-06-02 04:30,0,0,0,0,0,0
2024-06-02 04:45,1,1,0,0,0,0
2024-06-02 05:00,4,1,3,0,0,0
2024-06-02 05:15,1,0,1,0,0,0
2024-06-02 05:30,3,2,1,0,0,0
2024-06-02 05:45,6,4,2,0,0,0
2024-06-02 06:00,4,1,3,0,0,0
2024-06-02 06:15,0,0,0,0,0,0
2024-06-02 06:30,7,3,4,0,0,0
2024-06-02 06:45,4,1,3,0,0,0
2024-06-02 07:00,7,5,2,0,0,0
2024-06-02 07:15,6,3,3,0,0,0
2024-06-02 07:30,2,1,1,0,0,0
2024-06-02 07:45,7,4,3,0,0,0
2024-06-02 08:00,8,4,4,0,0,0
2024-06-02 08:15,8,3,5,0,0,0
2024-06-02 08:30,7,6,1,0,0,0
2024-06-02 08:45,6,2,4,0,0,0
2024-06-02 09:00,15,9,6,0,0,0
2024-06-02 09:15,23,16,7,0,0,0
2024-06-02 09:30,24,16,8,0,0,0
2024-06-02 09:45,37,27,10,0,0,0
2024-06-02 10:00,24,15,9,0,0,0
2024-06-02 10:15,25,14,11,0,0,0
2024-06-02 10:30,27,21,6,0,0,0
2024-06-02 10:45,24,8,16,0,0,0
2024-06-02 11:00,31,17,14,0,0,0
2024-06-02 11:15,41,29,12,0,0,0
2024-06-02 11:30,32,22,10,0,0,0
2024-06-02 11:45,40,26,14,0,0,0
2024-06-02 12:00,27,16,11,0,0,0
2024-06-02 12:15,35,25,10,0,0,0
2024-06-02 12:30,42,20,22,0,0,0
2024-06-02 12:45,52,24,28,0,0,0
2024-06-02 13:00,40,13,27,0,0,0
2024-06-02 13:15,42,22,20,0,0,0
2024-06-02 13:30,49,29,20,0,0,0
2024-06-02 13:45,61,34,27,0,0,0
2024-06-02 14:00,57,31,26,0,0,0
2024-06-02 14:15,64,34,30,0,0,0
2024-06-02 14:30,37,19,18,0,0,0
2024-06-02 14:45,71,36,35,0,0,0
2024-06-02 15:00,61,30,31,0,0,0
2024-06-02 15:15,48,23,25,0,0,0
2024-06-02 15:30,65,30,35,0,0,0
2024-06-02 15:45,48,24,24,0,0,0
2024-06-02 16:00,74,44,30,0,0,0
2024-06-02 16:15,54,29,25,0,0,0
2024-06-02 16:30,53,34,19,0,0,0
2024-06-02 16:45,72,43,29,0,0,0
2024-06-02 17:00,41,22,19,0,0,0
2024-06-02 17:15,64,34,30,0,0,0
2024-06-02 17:30,90,57,33,0,0,0
2024-06-02 17:45,62,29,33,0,0,0
2024-06-02 18:00,60,36,24,0,0,0
2024-06-02 18:15,60,45,15,0,0,0
2024-06-02 18:30,40,21,19,0,0,0
2024-06-02 18:45,53,33,20,0,0,0
2024-06-02 19:00,35,14,21,0,0,0
2024-06-02 19:15,35,17,18,0,0,0
2024-06-02 19:30,27,17,10,0,0,0
2024-06-02 19:45,33,16,17,0,0,0
2024-06-02 20:00,27,9,18,0,0,0
2024-06-02 20:15,32,19,13,0,0,0
2024-06-02 20:30,21,6,15,0,0,0
2024-06-02 20:45,30,9,21,0,0,0
2024-06-02 21:00,24,9,15,0,0,0
2024-06-02 21:15,32,11,21,0,0,0
2024-06-02 21:30,12,3,9,0,0,0
2024-06-02 21:45,14,6,8,0,0,0
2024-06-02 22:00,17,7,10,0,0,0
2024-06-02 22:15,13,6,7,0,0,0
2024-06-02 22:30,9,6,3,0,0,0
2024-06-02 22:45,13,8,5,0,0,0
2024-06-02 23:00,11,5,6,0,0,0
2024-06-02 23:15,6,0,6,0,0,0
2024-06-02 23:30,2,1,1,0,0,0
2024-06-02 23:45,3,2,1,0,0,0
2024-06-03 00:00,0,0,0,0,0,0
2024-06-03 00:15,2,1,1,0,0,0
2024-06-03 00:30,4,2,2,0,0,0
2024-06-03 00:45,1,1,0,0,0,0
2024-06-03 01:00,1,0,1,0,0,0
2024-06-03 01:15,2,0,2,0,0,0
2024-06-03 01:30,1,0,1,0,0,0
2024-06-03 01:45,1,1,0,0,0,0
2024-06-03 02:00,1,0,1,0,0,0
2024-06-03 02:15,1,1,0,0,0,0
2024-06-03 02:30,0,0,0,0,0,0
2024-06-03 02:45,0,0,0,0,0,0
2024-06-03 03:00,1,0,1,0,0,0
2024-06-03 03:15,3,2,1,0,0,0
2024-06-03 03:30,1,0,1,0,0,0
2024-06-03 03:45,0,0,0,0,0,0
2024-06-03 04:00,0,0,0,0,0,0
2024-06-03 04:15,1,1,0,0,0,0
2024-06-03 04:30,1,1,0,0,0,0
2024-06-03 04:45,3,2,1,0,0,0
2024-06-03 05:00,4,1,3,0,0,0
2024-06-03 05:15,5,3,2,0,0,0
2024-06-03 05:30,13,9,4,0,0,0
2024-06-03 05:45,11,3,8,0,0,0
2024-06-03 06:00,12,7,5,0,0,0
2024-06-03 06:15,21,15,6,0,0,0
2024-06-03 06:30,37,21,16,0,0,0
2024-06-03 06:45,41,27,14,0,0,0
2024-06-03 07:00,60,42,18,0,0,0
2024-06-03 07:15,99,73,26,0,0,0
2024-06-03 07:30,163,111,52,0,0,0
2024-06-03 07:45,163,122,41,0,0,0
2024-06-03 08:00,101,74,27,0,0,0
2024-06-03 08:15,97,72,25,0,0,0
2024-06-03 08:30,89,62,27,0,0,0
2024-06-03 08:45,93,63,30,0,0,0
2024-06-03 09:00,61,47,14,0,0,0
2024-06-03 09:15,67,51,16,0,0,0
2024-06-03 09:30,77,54,23,0,0,0
2024-06-03 09:45,124,96,28,0,0,0
2024-06-03 10:00,76,56,20,0,0,0
2024-06-03 10:15,50,37,13,0,0,0
2024-06-03 10:30,54,38,16,0,0,0
2024-06-03 10:45,57,37,20,0,0,0
2024-06-03 11:00,45,20,25,0,0,0
2024-06-03 11:15,62,33,29,0,0,0
2024-06-03 11:30,47,27,20,0,0,0
2024-06-03 11:45,74,43,31,0,0,0
2024-06-03 12:00,100,50,50,0,0,0
2024-06-03 12:15,75,40,35,0,0,0
2024-06-03 12:30,61,30,31,0,0,0
2024-06-03 12:45,83,42,41,0,0,0
2024-06-03 13:00,102,54,48,0,0,0
2024-06-03 13:15,78,40,38,0,0,0
2024-06-03 13:30,62,25,37,0,0,0
2024-06-03 13:45,85,40,45,0,0,0
2024-06-03 14:00,91,35,56,0,0,0
2024-06-03 14:15,94,38,56,0,0,0
2024-06-03 14:30,74,38,36,0,0,0
2024-06-03 14:45,108,65,43,0,0,0
2024-06-03 15:00,93,48,45,0,0,0
2024-06-03 15:15,87,43,44,0,0,0
2024-06-03 15:30,127,67,60,0,0,0
2024-06-03 15:45,128,73,55,0,0,0
2024-06-03 16:00,131,71,60,0,0,0
2024-06-03 16:15,108,48,60,0,0,0
2024-06-03 16:30,111,62,49,0,0,0
2024-06-03 16:45,115,43,72,0,0,0
2024-06-03 17:00,136,64,72,0,0,0
2024-06-03 17:15,125,46,79,0,0,0
2024-06-03 17:30,129,42,87,0,0,0
2024-06-03 17:45,161,67,94,0,0,0
2024-06-03 18:00,125,54,71,0,0,0
2024-06-03 18:15,109,41,68,0,0,0
2024-06-03 18:30,93,45,48,0,0,0
2024-06-03 18:45,98,44,54,0,0,0
2024-06-03 19:00,81,34,47,0,0,0
2024-06-03 19:15,83,39,44,0,0,0
2024-06-03 19:30,55,24,31,0,0,0
2024-06-03 19:45,66,27,39,0,0,0
2024-06-03 20:00,58,15,43,0,0,0
2024-06-03 20:15,53,20,33,0,0,0
2024-06-03 20:30,39,15,24,0,0,0
2024-06-03 20:45,37,14,23,0,0,0
2024-06-03 21:00,44,11,33,0,0,0
2024-06-03 21:15,26,6,20,0,0,0
2024-06-03 21:30,40,16,24,0,0,0
2024-06-03 21:45,35,10,25,0,0,0
2024-06-03 22:00,33,6,27,0,0,0
2024-06-03 22:15,33,13,20,0,0,0
2024-06-03 22:30,23,14,9,0,0,0
2024-06-03 22:45,21,7,14,0,0,0
2024-06-03 23:00,12,5,7,0,0,0
2024-06-03 23:15,9,3,6,0,0,0
2024-06-03 23:30,13,2,11,0,0,0
2024-06-03 23:45,7,5,2,0,0,0
2024-06-04 00:00,8,1,7,0,0,0
2024-06-04 00:15,5,2,3,0,0,0
2024-06-04 00:30,4,3,1,0,0,0
2024-06-04 00:45,6,3,3,0,0,0
2024-06-04 01:00,4,1,3,0,0,0
2024-06-04 01:15,6,0,6,0,0,0
2024-06-04 01:30,0,0,0,0,0,0
2024-06-04 01:45,2,2,0,0,0,0
2024-06-04 02:00,0,0,0,0,0,0
2024-06-04 02:15,0,0,0,0,0,0
2024-06-04 02:30,0,0,0,0,0,0
2024-06-04 02:45,1,1,0,0,0,0
2024-06-04 03:00,0,0,0,0,0,0
2024-06-04 03:15,1,0,1,0,0,0
2024-06-04 03:30,4,3,1,0,0,0
2024-06-04 03:45,2,1,1,0,0,0
2024-06-04 04:00,0,0,0,0,0,0
2024-06-04 04:15,1,1,0,0,0,0
2024-06-04 04:30,1,1,0,0,0,0
2024-06-04 04:45,1,0,1,0,0,0
2024-06-04 05:00,5,1,4,0,0,0
2024-06-04 05:15,6,4,2,0,0,0
2024-06-04 05:30,8,5,3,0,0,0
2024-06-04 05:45,14,8,6,0,0,0
2024-06-04 06:00,10,5,5,0,0,0
2024-06-04 06:15,26,18,8,0,0,0
2024-06-04 06:30,44,29,15,0,0,0
2024-06-04 06:45,42,32,10,0,0,0
2024-06-04 07:00,69,40,29,0,0,0
2024-06-04 07:15,98,75,23,0,0,0
2024-06-04 07:30,182,127,55,0,0,0
2024-06-04 07:45,177,132,45,0,0,0
2024-06-04 08:00,128,93,35,0,0,0
2024-06-04 08:15,94,65,29,0,0,0
2024-06-04 08:30,98,72,26,0,0,0
2024-06-04 08:45,100,75,25,0,0,0
2024-06-04 09:00,79,55,24,0,0,0
2024-06-04 09:15,69,43,26,0,0,0
2024-06-04 09:30,83,60,23,0,0,0
2024-06-04 09:45,107,89,18,0,0,0
2024-06-04 10:00,74,53,21,0,0,0
2024-06-04 10:15,64,44,20,0,0,0
2024-06-04 10:30,63,35,28,0,0,0
2024-06-04 10:45,63,37,26,0,0,0
2024-06-04 11:00,47,23,24,0,0,0
2024-06-04 11:15,63,41,22,0,0,0
2024-06-04 11:30,66,39,27,0,0,0
2024-06-04 11:45,74,44,30,0,0,0
2024-06-04 12:00,77,39,38,0,0,0
2024-06-04 12:15,59,31,28,0,0,0
2024-06-04 12:30,63,27,36,0,0,0
2024-06-04 12:45,101,52,49,0,0,0
2024-06-04 13:00,114,62,52,0,0,0
2024-06-04 13:15,73,36,37,0,0,0
2024-06-04 13:30,71,38,33,0,0,0
2024-06-04 13:45,90,49,41,0,0,0
2024-06-04 14:00,113,46,67,0,0,0
2024-06-04 14:15,94,39,55,0,0,0
2024-06-04 14:30,68,33,35,0,0,0
2024-06-04 14:45,82,42,40,0,0,0
2024-06-04 15:00,94,43,51,0,0,0
2024-06-04 15:15,76,32,44,0,0,0
2024-06-04 15:30,116,58,58,0,0,0
2024-06-04 15:45,159,74,85,0,0,0
2024-06-04 16:00,137,59,78,0,0,0
2024-06-04 16:15,117,43,74,0,0,0
2024-06-04 16:30,107,46,61,0,0,0
2024-06-04 16:45,120,52,68,0,0,0
2024-06-04 17:00,129,62,67,0,0,0
2024-06-04 17:15,117,58,59,0,0,0
2024-06-04 17:30,136,63,73,0,0,0
2024-06-04 17:45,150,76,74,0,0,0
2024-06-04 18:00,129,53,76,0,0,0
2024-06-04 18:15,127,60,67,0,0,0
2024-06-04 18:30,99,46,53,0,0,0
2024-06-04 18:45,115,53,62,0,0,0
2024-06-04 19:00,103,43,60,0,0,0
2024-06-04 19:15,102,37,65,0,0,0
2024-06-04 19:30,69,22,47,0,0,0
2024-06-04 19:45,76,29,47,0,0,0
2024-06-04 20:00,71,33,38,0,0,0
2024-06-04 20:15,70,28,42,0,0,0
2024-06-04 20:30,62,26,36,0,0,0
2024-06-04 20:45,36,15,21,0,0,0
2024-06-04 21:00,50,16,34,0,0,0
2024-06-04 21:15,53,24,29,0,0,0
2024-06-04 21:30,41,13,28,0,0,0
2024-06-04 21:45,44,18,26,0,0,0
2024-06-04 22:00,38,14,24,0,0,0
2024-06-04 22:15,35,13,22,0,0,0
2024-06-04 22:30,30,13,17,0,0,0
2024-06-04 22:45,30,8,22,0,0,0
2024-06-04 23:00,22,8,14,0,0,0
2024-06-04 23:15,16,4,12,0,0,0
2024-06-04 23:30,19,9,10,0,0,0
2024-06-04 23:45,8,2,6,0,0,0
2024-06-05 00:00,16,11,5,0,0,0
2024-06-05 00:15,3,2,1,0,0,0
2024-06-05 00:30,6,2,4,0,0,0
2024-06-05 00:45,5,2,3,0,0,0
2024-06-05 01:00,2,2,0,0,0,0
2024-06-05 01:15,1,0,1,0,0,0
2024-06-05 01:30,3,2,1,0,0,0
2024-06-05 01:45,0,0,0,0,0,0
2024-06-05 02:00,0,0,0,0,0,0
2024-06-05 02:15,2,1,1,0,0,0
2024-06-05 02:30,1,0,1,0,0,0
2024-06-05 02:45,1,0,1,0,0,0
2024-06-05 03:00,0,0,0,0,0,0
2024-06-05 03:15,0,0,0,0,0,0
2024-06-05 03:30,1,1,0,0,0,0
2024-06-05 03:45,1,1,0,0,0,0
2024-06-05 04:00,0,0,0,0,0,0
2024-06-05 04:15,4,3,1,0,0,0
2024-06-05 04:30,1,0,1,0,0,0
2024-06-05 04:45,4,2,2,0,0,0
2024-06-05 05:00,3,1,2,0,0,0
2024-06-05 05:15,7,3,4,0,0,0
2024-06-05 05:30,15,9,6,0,0,0
2024-06-05 05:45,16,6,10,0,0,0
2024-06-05 06:00,12,10,2,0,0,0
2024-06-05 06:15,19,15,4,0,0,0
2024-06-05 06:30,25,15,10,0,0,0
2024-06-05 06:45,42,27,15,0,0,0
2024-06-05 07:00,59,36,23,0,0,0
2024-06-05 07:15,90,62,28,0,0,0
2024-06-05 07:30,170,122,48,0,0,0
2024-06-05 07:45,170,125,45,0,0,0
2024-06-05 08:00,117,87,30,0,0,0
2024-06-05 08:15,84,56,28,0,0,0
2024-06-05 08:30,99,72,27,0,0,0
2024-06-05 08:45,117,98,19,0,0,0
2024-06-05 09:00,75,48,27,0,0,0
2024-06-05 09:15,72,48,24,0,0,0
2024-06-05 09:30,73,58,15,0,0,0
2024-06-05 09:45,109,84,25,0,0,0
2024-06-05 10:00,105,75,30,0,0,0
2024-06-05 10:15,72,48,24,0,0,0
2024-06-05 10:30,68,51,17,0,0,0
2024-06-05 10:45,73,52,21,0,0,0
2024-06-05 11:00,58,38,20,0,0,0
2024-06-05 11:15,65,39,26,0,0,0
2024-06-05 11:30,90,51,39,0,0,0
2024-06-05 11:45,90,59,31,0,0,0
2024-06-05 12:00,104,61,43,0,0,0
2024-06-05 12:15,84,43,41,0,0,0
2024-06-05 12:30,83,45,38,0,0,0
2024-06-05 12:45,72,36,36,0,0,0
2024-06-05 13:00,103,49,54,0,0,0
2024-06-05 13:15,117,43,74,0,0,0
2024-06-05 13:30,75,37,38,0,0,0
2024-06-05 13:45,112,50,62,0,0,0
2024-06-05 14:00,90,35,55,0,0,0
2024-06-05 14:15,89,43,46,0,0,0
2024-06-05 14:30,84,33,51,0,0,0
2024-06-05 14:45,110,51,59,0,0,0
2024-06-05 15:00,95,44,51,0,0,0
2024-06-05 15:15,92,44,48,0,0,0
2024-06-05 15:30,141,85,56,0,0,0
2024-06-05 15:45,120,57,63,0,0,0
2024-06-05 16:00,127,57,70,0,0,0
2024-06-05 16:15,117,58,59,0,0,0
2024-06-05 16:30,100,48,52,0,0,0
2024-06-05 16:45,116,64,52,0,0,0
2024-06-05 17:00,120,57,63,0,0,0
2024-06-05 17:15,121,46,75,0,0,0
2024-06-05 17:30,135,63,72,0,0,0
2024-06-05 17:45,135,52,83,0,0,0
2024-06-05 18:00,111,45,66,0,0,0
2024-06-05 18:15,127,66,61,0,0,0
2024-06-05 18:30,95,37,58,0,0,0
2024-06-05 18:45,98,43,55,0,0,0
2024-06-05 19:00,69,32,37,0,0,0
2024-06-05 19:15,95,40,55,0,0,0
2024-06-05 19:30,77,31,46,0,0,0
2024-06-05 19:45,71,31,40,0,0,0
2024-06-05 20:00,75,31,44,0,0,0
2024-06-05 20:15,78,27,51,0,0,0
2024-06-05 20:30,49,22,27,0,0,0
2024-06-05 20:45,50,23,27,0,0,0
2024-06-05 21:00,40,9,31,0,0,0
2024-06-05 21:15,44,18,26,0,0,0
2024-06-05 21:30,38,11,27,0,0,0
2024-06-05 21:45,31,14,17,0,0,0
2024-06-05 22:00,36,17,19,0,0,0
2024-06-05 22:15,44,15,29,0,0,0
2024-06-05 22:30,47,10,37,0,0,0
2024-06-05 22:45,35,14,21,0,0,0
2024-06-05 23:00,19,9,10,0,0,0
2024-06-05 23:15,24,9,15,0,0,0
2024-06-05 23:30,20,10,10,0,0,0
2024-06-05 23:45,15,8,7,0,0,0
2024-06-06 00:00,4,2,2,0,0,0
2024-06-06 00:15,11,4,7,0,0,0
2024-06-06 00:30,10,3,7,0,0,0
2024-06-06 00:45,11,1,10,0,0,0
2024-06-06 01:00,11,5,6,0,0,0
2024-06-06 01:15,2,0,2,0,0,0
2024-06-06 01:30,8,1,7,0,0,0
2024-06-06 01:45,0,0,0,0,0,0
2024-06-06 02:00,2,0,2,0,0,0
2024-06-06 02:15,3,0,3,0,0,0
2024-06-06 02:30,4,1,3,0,0,0
2024-06-06 02:45,7,1,6,0,0,0
2024-06-06 03:00,2,0,2,0,0,0
2024-06-06 03:15,3,0,3,0,0,0
2024-06-06 03:30,1,0,1,0,0,0
2024-06-06 03:45,1,1,0,0,0,0
2024-06-06 04:00,2,1,1,0,0,0
2024-06-06 04:15,2,1,1,0,0,0
2024-06-06 04:30,1,0,1,0,0,0
2024-06-06 04:45,2,1,1,0,0,0
2024-06-06 05:00,3,2,1,0,0,0
2024-06-06 05:15,4,2,2,0,0,0
2024-06-06 05:30,13,11,2,0,0,0
2024-06-06 05:45,7,3,4,0,0,0
2024-06-06 06:00,19,14,5,0,0,0
2024-06-06 06:15,21,16,5,0,0,0
2024-06-06 06:30,37,26,11,0,0,0
2024-06-06 06:45,45,26,19,0,0,0
2024-06-06 07:00,67,44,23,0,0,0
2024-06-06 07:15,89,63,26,0,0,0
2024-06-06 07:30,165,115,50,0,0,0
2024-06-06 07:45,188,154,34,0,0,0
2024-06-06 08:00,134,99,35,0,0,0
2024-06-06 08:15,101,71,30,0,0,0
2024-06-06 08:30,81,64,17,0,0,0
2024-06-06 08:45,91,63,28,0,0,0
2024-06-06 09:00,67,40,27,0,0,0
2024-06-06 09:15,85,57,28,0,0,0
2024-06-06 09:30,76,54,22,0,0,0
2024-06-06 09:45,112,83,29,0,0,0
2024-06-06 10:00,83,69,14,0,0,0
2024-06-06 10:15,68,46,22,0,0,0
2024-06-06 10:30,70,46,24,0,0,0
2024-06-06 10:45,70,43,27,0,0,0
2024-06-06 11:00,39,28,11,0,0,0
2024-06-06 11:15,80,49,31,0,0,0
2024-06-06 11:30,59,34,25,0,0,0
2024-06-06 11:45,86,47,39,0,0,0
2024-06-06 12:00,99,51,48,0,0,0
2024-06-06 12:15,70,38,32,0,0,0
2024-06-06 12:30,72,39,33,0,0,0
2024-06-06 12:45,84,38,46,0,0,0
2024-06-06 13:00,101,51,50,0,0,0
2024-06-06 13:15,85,37,48,0,0,0
2024-06-06 13:30,97,50,47,0,0,0
2024-06-06 13:45,106,48,58,0,0,0
2024-06-06 14:00,99,42,57,0,0,0
2024-06-06 14:15,87,40,47,0,0,0
2024-06-06 14:30,73,39,34,0,0,0
2024-06-06 14:45,116,64,52,0,0,0
2024-06-06 15:00,77,41,36,0,0,0
2024-06-06 15:15,90,39,51,0,0,0
2024-06-06 15:30,147,76,71,0,0,0
2024-06-06 15:45,144,65,79,0,0,0
2024-06-06 16:00,134,58,76,0,0,0
2024-06-06 16:15,129,43,86,0,0,0
2024-06-06 16:30,104,43,61,0,0,0
2024-06-06 16:45,118,54,64,0,0,0
2024-06-06 17:00,126,47,79,0,0,0
2024-06-06 17:15,131,58,73,0,0,0
2024-06-06 17:30,106,47,59,0,0,0
2024-06-06 17:45,154,76,78,0,0,0
2024-06-06 18:00,128,54,74,0,0,0
2024-06-06 18:15,147,65,82,0,0,0
2024-06-06 18:30,114,52,62,0,0,0
2024-06-06 18:45,117,62,55,0,0,0
2024-06-06 19:00,88,41,47,0,0,0
2024-06-06 19:15,104,48,56,0,0,0
2024-06-06 19:30,83,35,48,0,0,0
2024-06-06 19:45,72,29,43,0,0,0
2024-06-06 20:00,66,25,41,0,0,0
2024-06-06 20:15,54,19,35,0,0,0
2024-06-06 20:30,34,11,23,0,0,0
2024-06-06 20:45,41,20,21,0,0,0
2024-06-06 21:00,33,12,21,0,0,0
2024-06-06 21:15,41,14,27,0,0,0
2024-06-06 21:30,36,11,25,0,0,0
2024-06-06 21:45,41,16,25,0,0,0
2024-06-06 22:00,40,12,28,0,0,0
2024-06-06 22:15,37,15,22,0,0,0
2024-06-06 22:30,41,19,22,0,0,0
2024-06-06 22:45,26,6,20,0,0,0
2024-06-06 23:00,24,9,15,0,0,0
2024-06-06 23:15,23,12,11,0,0,0
2024-06-06 23:30,10,3,7,0,0,0
2024-06-06 23:45,18,6,12,0,0,0
2024-06-07 00:00,9,1,8,0,0,0
2024-06-07 00:15,9,5,4,0,0,0
2024-06-07 00:30,8,4,4,0,0,0
2024-06-07 00:45,10,3,7,0,0,0
2024-06-07 01:00,2,2,0,0,0,0
2024-06-07 01:15,5,3,2,0,0,0
2024-06-07 01:30,3,0,3,0,0,0
2024-06-07 01:45,4,1,3,0,0,0
2024-06-07 02:00,4,2,2,0,0,0
2024-06-07 02:15,2,2,0,0,0,0
2024-06-07 02:30,0,0,0,0,0,0
2024-06-07 02:45,5,5,0,0,0,0
2024-06-07 03:00,0,0,0,0,0,0
2024-06-07 03:15,1,0,1,0,0,0
2024-06-07 03:30,0,0,0,0,0,0
2024-06-07 03:45,1,1,0,0,0,0
2024-06-07 04:00,0,0,0,0,0,0
2024-06-07 04:15,1,0,1,0,0,0
2024-06-07 04:30,1,1,0,0,0,0
2024-06-07 04:45,4,2,2,0,0,0
2024-06-07 05:00,2,1,1,0,0,0
2024-06-07 05:15,9,4,5,0,0,0
2024-06-07 05:30,9,8,1,0,0,0
2024-06-07 05:45,12,7,5,0,0,0
2024-06-07 06:00,11,6,5,0,0,0
2024-06-07 06:15,13,10,3,0,0,0
2024-06-07 06:30,40,29,11,0,0,0
2024-06-07 06:45,37,26,11,0,0,0
2024-06-07 07:00,42,30,12,0,0,0
2024-06-07 07:15,87,60,27,0,0,0
2024-06-07 07:30,169,120,49,0,0,0
2024-06-07 07:45,173,135,38,0,0,0
2024-06-07 08:00,101,75,26,0,0,0
2024-06-07 08:15,90,59,31,0,0,0
2024-06-07 08:30,89,65,24,0,0,0
2024-06-07 08:45,81,54,27,0,0,0
2024-06-07 09:00,59,41,18,0,0,0
2024-06-07 09:15,68,41,27,0,0,0
2024-06-07 09:30,96,58,38,0,0,0
2024-06-07 09:45,104,84,20,0,0,0
2024-06-07 10:00,80,57,23,0,0,0
2024-06-07 10:15,68,48,20,0,0,0
2024-06-07 10:30,71,41,30,0,0,0
2024-06-07 10:45,69,40,29,0,0,0
2024-06-07 11:00,71,48,23,0,0,0
2024-06-07 11:15,86,41,45,0,0,0
2024-06-07 11:30,57,30,27,0,0,0
2024-06-07 11:45,90,55,35,0,0,0
2024-06-07 12:00,82,44,38,0,0,0
2024-06-07 12:15,84,42,42,0,0,0
2024-06-07 12:30,93,51,42,0,0,0
2024-06-07 12:45,103,52,51,0,0,0
2024-06-07 13:00,178,88,90,0,0,0
2024-06-07 13:15,108,37,71,0,0,0
2024-06-07 13:30,95,41,54,0,0,0
2024-06-07 13:45,104,40,64,0,0,0
2024-06-07 14:00,108,49,59,0,0,0
2024-06-07 14:15,92,35,57,0,0,0
2024-06-07 14:30,94,45,49,0,0,0
2024-06-07 14:45,101,46,55,0,0,0
2024-06-07 15:00,105,51,54,0,0,0
2024-06-07 15:15,96,50,46,0,0,0
2024-06-07 15:30,94,38,56,0,0,0
2024-06-07 15:45,103,47,56,0,0,0
2024-06-07 16:00,93,44,49,0,0,0
2024-06-07 16:15,98,38,60,0,0,0
2024-06-07 16:30,75,32,43,0,0,0
2024-06-07 16:45,98,43,55,0,0,0
2024-06-07 17:00,90,55,35,0,0,0
2024-06-07 17:15,99,50,49,0,0,0
2024-06-07 17:30,89,43,46,0,0,0
2024-06-07 17:45,112,66,46,0,0,0
2024-06-07 18:00,106,45,61,0,0,0
2024-06-07 18:15,122,65,57,0,0,0
2024-06-07 18:30,97,47,50,0,0,0
2024-06-07 18:45,99,52,47,0,0,0
2024-06-07 19:00,80,46,34,0,0,0
2024-06-07 19:15,96,58,38,0,0,0
2024-06-07 19:30,75,44,31,0,0,0
2024-06-07 19:45,65,49,16,0,0,0
2024-06-07 20:00,66,38,28,0,0,0
2024-06-07 20:15,71,39,32,0,0,0
2024-06-07 20:30,46,28,18,0,0,0
2024-06-07 20:45,57,31,26,0,0,0
2024-06-07 21:00,45,23,22,0,0,0
2024-06-07 21:15,33,11,22,0,0,0
2024-06-07 21:30,35,13,22,0,0,0
2024-06-07 21:45,41,16,25,0,0,0
2024-06-07 22:00,36,18,18,0,0,0
2024-06-07 22:15,41,20,21,0,0,0
2024-06-07 22:30,34,13,21,0,0,0
2024-06-07 22:45,45,18,27,0,0,0
2024-06-07 23:00,56,15,41,0,0,0
2024-06-07 23:15,38,7,31,0,0,0
2024-06-07 23:30,33,6,27,0,0,0
2024-06-07 23:45,44,10,34,0,0,0
2024-06-08 00:00,31,8,23,0,0,0
2024-06-08 00:15,36,7,29,0,0,0
2024-06-08 00:30,30,4,26,0,0,0
2024-06-08 00:45,21,4,17,0,0,0
2024-06-08 01:00,30,5,25,0,0,0
2024-06-08 01:15,23,4,19,0,0,0
2024-06-08 01:30,21,6,15,0,0,0
2024-06-08 01:45,23,4,19,0,0,0
2024-06-08 02:00,14,2,12,0,0,0
2024-06-08 02:15,16,1,15,0,0,0
2024-06-08 02:30,9,0,9,0,0,0
2024-06-08 02:45,6,2,4,0,0,0
2024-06-08 03:00,11,5,6,0,0,0
2024-06-08 03:15,4,2,2,0,0,0
2024-06-08 03:30,12,6,6,0,0,0
2024-06-08 03:45,5,0,5,0,0,0
2024-06-08 04:00,3,0,3,0,0,0
2024-06-08 04:15,1,0,1,0,0,0
2024-06-08 04:30,3,1,2,0,0,0
2024-06-08 04:45,0,0,0,0,0,0
2024-06-08 05:00,4,2,2,0,0,0
2024-06-08 05:15,4,3,1,0,0,0
2024-06-08 05:30,7,4,3,0,0,0
2024-06-08 05:45,3,2,1,0,0,0
2024-06-08 06:00,4,3,1,0,0,0
2024-06-08 06:15,3,3,0,0,0,0
2024-06-08 06:30,5,5,0,0,0,0
2024-06-08 06:45,11,10,1,0,0,0
2024-06-08 07:00,8,7,1,0,0,0
2024-06-08 07:15,8,5,3,0,0,0
2024-06-08 07:30,14,10,4,0,0,0
2024-06-08 07:45,19,7,12,0,0,0
2024-06-08 08:00,19,14,5,0,0,0
2024-06-08 08:15,42,28,14,0,0,0
2024-06-08 08:30,44,25,19,0,0,0
2024-06-08 08:45,49,37,12,0,0,0
2024-06-08 09:00,50,37,13,0,0,0
2024-06-08 09:15,33,18,15,0,0,0
2024-06-08 09:30,65,48,17,0,0,0
2024-06-08 09:45,84,65,19,0,0,0
2024-06-08 10:00,84,58,26,0,0,0
2024-06-08 10:15,89,54,35,0,0,0
2024-06-08 10:30,99,61,38,0,0,0
2024-06-08 10:45,96,55,41,0,0,0
2024-06-08 11:00,83,52,31,0,0,0
2024-06-08 11:15,93,69,24,0,0,0
2024-06-08 11:30,72,46,26,0,0,0
2024-06-08 11:45,89,50,39,0,0,0
2024-06-08 12:00,96,51,45,0,0,0
2024-06-08 12:15,97,58,39,0,0,0
2024-06-08 12:30,87,50,37,0,0,0
2024-06-08 12:45,97,60,37,0,0,0
2024-06-08 13:00,99,47,52,0,0,0
2024-06-08 13:15,107,45,62,0,0,0
2024-06-08 13:30,80,36,44,0,0,0
2024-06-08 13:45,81,44,37,0,0,0
2024-06-08 14:00,87,41,46,0,0,0
2024-06-08 14:15,90,43,47,0,0,0
2024-06-08 14:30,100,33,67,0,0,0
2024-06-08 14:45,86,41,45,0,0,0
2024-06-08 15:00,86,43,43,0,0,0
2024-06-08 15:15,80,33,47,0,0,0
2024-06-08 15:30,90,36,54,0,0,0
2024-06-08 15:45,70,33,37,0,0,0
2024-06-08 16:00,73,38,35,0,0,0
2024-06-08 16:15,67,34,33,0,0,0
2024-06-08 16:30,57,28,29,0,0,0
2024-06-08 16:45,84,45,39,0,0,0
2024-06-08 17:00,80,47,33,0,0,0
2024-06-08 17:15,57,28,29,0,0,0
2024-06-08 17:30,77,40,37,0,0,0
2024-06-08 17:45,98,56,42,0,0,0
2024-06-08 18:00,67,32,35,0,0,0
2024-06-08 18:15,67,35,32,0,0,0
2024-06-08 18:30,55,28,27,0,0,0
2024-06-08 18:45,69,43,26,0,0,0
2024-06-08 19:00,68,42,26,0,0,0
2024-06-08 19:15,55,32,23,0,0,0
2024-06-08 19:30,46,27,19,0,0,0
2024-06-08 19:45,43,25,18,0,0,0
2024-06-08 20:00,55,23,32,0,0,0
2024-06-08 20:15,40,16,24,0,0,0
2024-06-08 20:30,39,16,23,0,0,0
2024-06-08 20:45,35,17,18,0,0,0
2024-06-08 21:00,36,10,26,0,0,0
2024-06-08 21:15,42,21,21,0,0,0
2024-06-08 21:30,40,11,29,0,0,0
2024-06-08 21:45,35,7,28,0,0,0
2024-06-08 22:00,23,8,15,0,0,0
2024-06-08 22:15,35,8,27,0,0,0
2024-06-08 22:30,27,8,19,0,0,0
2024-06-08 22:45,16,2,14,0,0,0
2024-06-08 23:00,32,6,26,0,0,0
2024-06-08 23:15,35,16,19,0,0,0
2024-06-08 23:30,15,3,12,0,0,0
2024-06-08 23:45,24,12,12,0,0,0
2024-06-09 00:00,15,9,6,0,0,0
2024-06-09 00:15,19,5,14,0,0,0
2024-06-09 00:30,15,7,8,0,0,0
2024-06-09 00:45,15,9,6,0,0,0
2024-06-09 01:00,21,5,16,0,0,0
2024-06-09 01:15,8,3,5,0,0,0
2024-06-09 01:30,11,3,8,0,0,0
2024-06-09 01:45,7,3,4,0,0,0
2024-06-09 02:00,8,4,4,0,0,0
2024-06-09 02:15,9,3,6,0,0,0
2024-06-09 02:30,5,2,3,0,0,0
2024-06-09 02:45,4,1,3,0,0,0
2024-06-09 03:00,6,3,3,0,0,0
2024-06-09 03:15,3,1,2,0,0,0
2024-06-09 03:30,3,0,3,0,0,0
2024-06-09 03:45,1,0,1,0,0,0
2024-06-09 04:00,0,0,0,0,0,0
2024-06-09 04:15,5,2,3,0,0,0
2024-06-09 04:30,0,0,0,0,0,0
2024-06-09 04:45,2,1,1,0,0,0
2024-06-09 05:00,3,1,2,0,0,0
2024-06-09 05:15,2,1,1,0,0,0
2024-06-09 05:30,2,2,0,0,0,0
2024-06-09 05:45,5,2,3,0,0,0
2024-06-09 06:00,2,1,1,0,0,0
2024-06-09 06:15,3,1,2,0,0,0
2024-06-09 06:30,4,1,3,0,0,0
2024-06-09 06:45,1,1,0,0,0,0
2024-06-09 07:00,6,3,3,0,0,0
2024-06-09 07:15,5,4,1,0,0,0
2024-06-09 07:30,5,1,4,0,0,0
2024-06-09 07:45,13,6,7,0,0,0
2024-06-09 08:00,17,9,8,0,0,0
2024-06-09 08:15,8,5,3,0,0,0
2024-06-09 08:30,9,5,4,0,0,0
2024-06-09 08:45,19,11,8,0,0,0
2024-06-09 09:00,14,11,3,0,0,0
2024-06-09 09:15,18,11,7,0,0,0
2024-06-09 09:30,28,19,9,0,0,0
2024-06-09 09:45,39,25,14,0,0,0
2024-06-09 10:00,37,21,16,0,0,0
2024-06-09 10:15,46,31,15,0,0,0
2024-06-09 10:30,34,22,12,0,0,0
2024-06-09 10:45,64,48,16,0,0,0
2024-06-09 11:00,37,16,21,0,0,0
2024-06-09 11:15,61,29,32,0,0,0
2024-06-09 11:30,48,26,22,0,0,0
2024-06-09 11:45,45,24,21,0,0,0
2024-06-09 12:00,41,26,15,0,0,0
2024-06-09 12:15,58,37,21,0,0,0
2024-06-09 12:30,44,25,19,0,0,0
2024-06-09 12:45,80,49,31,0,0,0
2024-06-09 13:00,59,37,22,0,0,0
2024-06-09 13:15,57,34,23,0,0,0
2024-06-09 13:30,60,38,22,0,0,0
2024-06-09 13:45,70,27,43,0,0,0
2024-06-09 14:00,77,36,41,0,0,0
2024-06-09 14:15,69,37,32,0,0,0
2024-06-09 14:30,61,35,26,0,0,0
2024-06-09 14:45,76,39,37,0,0,0
2024-06-09 15:00,71,36,35,0,0,0
2024-06-09 15:15,72,34,38,0,0,0
2024-06-09 15:30,65,33,32,0,0,0
2024-06-09 15:45,78,38,40,0,0,0
2024-06-09 16:00,61,30,31,0,0,0
2024-06-09 16:15,52,25,27,0,0,0
2024-06-09 16:30,80,52,28,0,0,0
2024-06-09 16:45,79,49,30,0,0,0
2024-06-09 17:00,82,42,40,0,0,0
2024-06-09 17:15,89,37,52,0,0,0
2024-06-09 17:30,64,32,32,0,0,0
2024-06-09 17:45,84,47,37,0,0,0
2024-06-09 18:00,81,40,41,0,0,0
2024-06-09 18:15,64,31,33,0,0,0
2024-06-09 18:30,69,37,32,0,0,0
2024-06-09 18:45,61,36,25,0,0,0
2024-06-09 19:00,51,25,26,0,0,0
2024-06-09 19:15,36,19,17,0,0,0
2024-06-09 19:30,53,19,34,0,0,0
2024-06-09 19:45,36,14,22,0,0,0
2024-06-09 20:00,30,13,17,0,0,0
2024-06-09 20:15,44,12,32,0,0,0
2024-06-09 20:30,36,8,28,0,0,0
2024-06-09 20:45,24,5,19,0,0,0
2024-06-09 21:00,31,15,16,0,0,0
2024-06-09 21:15,18,8,10,0,0,0
2024-06-09 21:30,26,9,17,0,0,0
2024-06-09 21:45,24,14,10,0,0,0
2024-06-09 22:00,18,8,10,0,0,0
2024-06-09 22:15,18,6,12,0,0,0
2024-06-09 22:30,14,8,6,0,0,0
2024-06-09 22:45,8,1,7,0,0,0
2024-06-09 23:00,3,2,1,0,0,0
2024-06-09 23:15,5,4,1,0,0,0
2024-06-09 23:30,5,2,3,0,0,0
2024-06-09 23:45,8,0,8,0,0,0
2024-06-10 00:00,1,1,0,0,0,0
2024-06-10 00:15,3,1,2,0,0,0
2024-06-10 00:30,4,2,2,0,0,0
2024-06-10 00:45,4,1,3,0,0,0
2024-06-10 01:00,2,0,2,0,0,0
2024-06-10 01:15,3,1,2,0,0,0
2024-06-10 01:30,4,2,2,0,0,0
2024-06-10 01:45,0,0,0,0,0,0
2024-06-10 02:00,1,0,1,0,0,0
2024-06-10 02:15,0,0,0,0,0,0
2024-06-10 02:30,2,1,1,0,0,0
2024-06-10 02:45,0,0,0,0,0,0
2024-06-10 03:00,1,0,1,0,0,0
2024-06-10 03:15,1,1,0,0,0,0
2024-06-10 03:30,1,0,1,0,0,0
2024-06-10 03:45,0,0,0,0,0,0
2024-06-10 04:00,1,1,0,0,0,0
2024-06-10 04:15,0,0,0,0,0,0
2024-06-10 04:30,0,0,0,0,0,0
2024-06-10 04:45,2,1,1,0,0,0
2024-06-10 05:00,3,2,1,0,0,0
2024-06-10 05:15,11,4,7,0,0,0
2024-06-10 05:30,10,5,5,0,0,0
2024-06-10 05:45,9,4,5,0,0,0
2024-06-10 06:00,10,7,3,0,0,0
2024-06-10 06:15,17,11,6,0,0,0
2024-06-10 06:30,31,22,9,0,0,0
2024-06-10 06:45,39,22,17,0,0,0
2024-06-10 07:00,52,32,20,0,0,0
2024-06-10 07:15,91,68,23,0,0,0
2024-06-10 07:30,146,108,38,0,0,0
2024-06-10 07:45,151,124,27,0,0,0
2024-06-10 08:00,110,79,31,0,0,0
2024-06-10 08:15,82,57,25,0,0,0
2024-06-10 08:30,84,58,26,0,0,0
2024-06-10 08:45,76,55,21,0,0,0
2024-06-10 09:00,50,34,16,0,0,0
2024-06-10 09:15,49,38,11,0,0,0
2024-06-10 09:30,69,49,20,0,0,0
2024-06-10 09:45,67,44,23,0,0,0
2024-06-10 10:00,53,39,14,0,0,0
2024-06-10 10:15,36,28,8,0,0,0
2024-06-10 10:30,37,27,10,0,0,0
2024-06-10 10:45,50,31,19,0,0,0
2024-06-10 11:00,45,22,23,0,0,0
2024-06-10 11:15,44,28,16,0,0,0
2024-06-10 11:30,33,21,12,0,0,0
2024-06-10 11:45,67,43,24,0,0,0
2024-06-10 12:00,54,31,23,0,0,0
2024-06-10 12:15,43,13,30,0,0,0
2024-06-10 12:30,45,18,27,0,0,0
2024-06-10 12:45,51,27,24,0,0,0
2024-06-10 13:00,72,38,34,0,0,0
2024-06-10 13:15,71,28,43,0,0,0
2024-06-10 13:30,35,16,19,0,0,0
2024-06-10 13:45,60,32,28,0,0,0
2024-06-10 14:00,69,33,36,0,0,0
2024-06-10 14:15,48,15,33,0,0,0
2024-06-10 14:30,36,12,24,0,0,0
2024-06-10 14:45,72,41,31,0,0,0
2024-06-10 15:00,61,30,31,0,0,0
2024-06-10 15:15,74,30,44,0,0,0
2024-06-10 15:30,78,40,38,0,0,0
2024-06-10 15:45,113,59,54,0,0,0
2024-06-10 16:00,95,38,57,0,0,0
2024-06-10 16:15,86,39,47,0,0,0
2024-06-10 16:30,69,27,42,0,0,0
2024-06-10 16:45,83,33,50,0,0,0
2024-06-10 17:00,69,18,51,0,0,0
2024-06-10 17:15,70,29,41,0,0,0
2024-06-10 17:30,98,47,51,0,0,0
2024-06-10 17:45,111,43,68,0,0,0
2024-06-10 18:00,83,29,54,0,0,0
2024-06-10 18:15,110,42,68,0,0,0
2024-06-10 18:30,74,29,45,0,0,0
2024-06-10 18:45,67,24,43,0,0,0
2024-06-10 19:00,70,34,36,0,0,0
2024-06-10 19:15,47,22,25,0,0,0
2024-06-10 19:30,48,19,29,0,0,0
2024-06-10 19:45,57,24,33,0,0,0
2024-06-10 20:00,59,24,35,0,0,0
2024-06-10 20:15,37,16,21,0,0,0
2024-06-10 20:30,30,11,19,0,0,0
2024-06-10 20:45,23,10,13,0,0,0
2024-06-10 21:00,26,14,12,0,0,0
2024-06-10 21:15,30,12,18,0,0,0
2024-06-10 21:30,21,9,12,0,0,0
2024-06-10 21:45,36,12,24,0,0,0
2024-06-10 22:00,25,8,17,0,0,0
2024-06-10 22:15,25,9,16,0,0,0
2024-06-10 22:30,18,10,8,0,0,0
2024-06-10 22:45,12,4,8,0,0,0
2024-06-10 23:00,12,3,9,0,0,0
2024-06-10 23:15,6,2,4,0,0,0
2024-06-10 23:30,6,6,0,0,0,0
2024-06-10 23:45,2,0,2,0,0,0
2024-06-11 00:00,3,1,2,0,0,0
2024-06-11 00:15,1,0,1,0,0,0
2024-06-11 00:30,3,1,2,0,0,0
2024-06-11 00:45,6,2,4,0,0,0
2024-06-11 01:00,3,0,3,0,0,0
2024-06-11 01:15,2,0,2,0,0,0
2024-06-11 01:30,1,1,0,0,0,0
2024-06-11 01:45,1,1,0,0,0,0
2024-06-11 02:00,3,0,3,0,0,0
2024-06-11 02:15,1,0,1,0,0,0
2024-06-11 02:30,0,0,0,0,0,0
2024-06-11 02:45,0,0,0,0,0,0
2024-06-11 03:00,1,1,0,0,0,0
2024-06-11 03:15,1,1,0,0,0,0
2024-06-11 03:30,3,2,1,0,0,0
2024-06-11 03:45,1,0,1,0,0,0
2024-06-11 04:00,1,1,0,0,0,0
2024-06-11 04:15,1,0,1,0,0,0
2024-06-11 04:30,1,1,0,0,0,0
2024-06-11 04:45,2,2,0,0,0,0
2024-06-11 05:00,2,2,0,0,0,0
2024-06-11 05:15,5,4,1,0,0,0
2024-06-11 05:30,7,5,2,0,0,0
2024-06-11 05:45,13,5,8,0,0,0
2024-06-11 06:00,17,13,4,0,0,0
2024-06-11 06:15,20,11,9,0,0,0
2024-06-11 06:30,30,20,10,0,0,0
2024-06-11 06:45,28,23,5,0,0,0
2024-06-11 07:00,51,32,19,0,0,0
2024-06-11 07:15,105,75,30,0,0,0
2024-06-11 07:30,178,128,50,0,0,0
2024-06-11 07:45,170,132,38,0,0,0
2024-06-11 08:00,137,106,31,0,0,0
2024-06-11 08:15,107,80,27,0,0,0
2024-06-11 08:30,87,66,21,0,0,0
2024-06-11 08:45,85,59,26,0,0,0
2024-06-11 09:00,71,47,24,0,0,0
2024-06-11 09:15,52,35,17,0,0,0
2024-06-11 09:30,80,55,25,0,0,0
2024-06-11 09:45,116,87,29,0,0,0
2024-06-11 10:00,86,60,26,0,0,0
2024-06-11 10:15,51,37,14,0,0,0
2024-06-11 10:30,52,34,18,0,0,0
2024-06-11 10:45,72,42,30,0,0,0
2024-06-11 11:00,48,28,20,0,0,0
2024-06-11 11:15,86,44,42,0,0,0
2024-06-11 11:30,58,30,28,0,0,0
2024-06-11 11:45,89,48,41,0,0,0
2024-06-11 12:00,84,51,33,0,0,0
2024-06-11 12:15,91,41,50,0,0,0
2024-06-11 12:30,47,22,25,0,0,0
2024-06-11 12:45,75,40,35,0,0,0
2024-06-11 13:00,142,70,72,0,0,0
2024-06-11 13:15,81,32,49,0,0,0
2024-06-11 13:30,75,27,48,0,0,0
2024-06-11 13:45,112,54,58,0,0,0
2024-06-11 14:00,83,34,49,0,0,0
2024-06-11 14:15,67,27,40,0,0,0
2024-06-11 14:30,77,32,45,0,0,0
2024-06-11 14:45,77,41,36,0,0,0
2024-06-11 15:00,92,39,53,0,0,0
2024-06-11 15:15,51,23,28,0,0,0
2024-06-11 15:30,110,44,66,0,0,0
2024-06-11 15:45,135,69,66,0,0,0
2024-06-11 16:00,132,55,77,0,0,0
2024-06-11 16:15,98,38,60,0,0,0
2024-06-11 16:30,78,29,49,0,0,0
2024-06-11 16:45,97,34,63,0,0,0
2024-06-11 17:00,106,37,69,0,0,0
2024-06-11 17:15,119,50,69,0,0,0
2024-06-11 17:30,123,43,80,0,0,0
2024-06-11 17:45,133,66,67,0,0,0
2024-06-11 18:00,113,41,72,0,0,0
2024-06-11 18:15,89,37,52,0,0,0
2024-06-11 18:30,98,49,49,0,0,0
2024-06-11 18:45,102,47,55,0,0,0
2024-06-11 19:00,67,23,44,0,0,0
2024-06-11 19:15,99,44,55,0,0,0
2024-06-11 19:30,73,34,39,0,0,0
2024-06-11 19:45,71,30,41,0,0,0
2024-06-11 20:00,64,25,39,0,0,0
2024-06-11 20:15,55,19,36,0,0,0
2024-06-11 20:30,43,17,26,0,0,0
2024-06-11 20:45,34,14,20,0,0,0
2024-06-11 21:00,31,8,23,0,0,0
2024-06-11 21:15,47,17,30,0,0,0
2024-06-11 21:30,25,8,17,0,0,0
2024-06-11 21:45,31,15,16,0,0,0
2024-06-11 22:00,36,16,20,0,0,0
2024-06-11 22:15,45,18,27,0,0,0
2024-06-11 22:30,37,14,23,0,0,0
2024-06-11 22:45,22,8,14,0,0,0
2024-06-11 23:00,14,8,6,0,0,0
2024-06-11 23:15,17,5,12,0,0,0
2024-06-11 23:30,14,8,6,0,0,0
2024-06-11 23:45,4,2,2,0,0,0
2024-06-12 00:00,8,4,4,0,0,0
2024-06-12 00:15,2,0,2,0,0,0
2024-06-12 00:30,6,0,6,0,0,0
2024-06-12 00:45,4,0,4,0,0,0
2024-06-12 01:00,2,0,2,0,0,0
2024-06-12 01:15,2,0,2,0,0,0
2024-06-12 01:30,5,2,3,0,0,0
2024-06-12 01:45,0,0,0,0,0,0
2024-06-12 02:00,2,1,1,0,0,0
2024-06-12 02:15,1,0,1,0,0,0
2024-06-12 02:30,0,0,0,0,0,0
2024-06-12 02:45,2,1,1,0,0,0
2024-06-12 03:00,0,0,0,0,0,0
2024-06-12 03:15,0,0,0,0,0,0
2024-06-12 03:30,2,2,0,0,0,0
2024-06-12 03:45,2,0,2,0,0,0
2024-06-12 04:00,1,1,0,0,0,0
2024-06-12 04:15,1,1,0,0,0,0
2024-06-12 04:30,1,1,0,0,0,0
2024-06-12 04:45,4,2,2,0,0,0
2024-06-12 05:00,0,0,0,0,0,0
2024-06-12 05:15,4,3,1,0,0,0
2024-06-12 05:30,7,6,1,0,0,0
2024-06-12 05:45,18,10,8,0,0,0
2024-06-12 06:00,15,9,6,0,0,0
2024-06-12 06:15,20,17,3,0,0,0
2024-06-12 06:30,29,21,8,0,0,0
2024-06-12 06:45,49,34,15,0,0,0
2024-06-12 07:00,58,39,19,0,0,0
2024-06-12 07:15,84,64,20,0,0,0
2024-06-12 07:30,170,130,40,0,0,0
2024-06-12 07:45,177,128,49,0,0,0
2024-06-12 08:00,122,83,39,0,0,0
2024-06-12 08:15,109,79,30,0,0,0
2024-06-12 08:30,76,54,22,0,0,0
2024-06-12 08:45,112,76,36,0,0,0
2024-06-12 09:00,65,54,11,0,0,0
2024-06-12 09:15,74,47,27,0,0,0
2024-06-12 09:30,97,66,31,0,0,0
2024-06-12 09:45,116,75,41,0,0,0
2024-06-12 10:00,103,73,30,0,0,0
2024-06-12 10:15,81,51,30,0,0,0
2024-06-12 10:30,74,40,34,0,0,0
2024-06-12 10:45,62,40,22,0,0,0
2024-06-12 11:00,63,35,28,0,0,0
2024-06-12 11:15,73,33,40,0,0,0
2024-06-12 11:30,79,48,31,0,0,0
2024-06-12 11:45,82,45,37,0,0,0
2024-06-12 12:00,89,40,49,0,0,0
2024-06-12 12:15,74,34,40,0,0,0
2024-06-12 12:30,75,36,39,0,0,0
2024-06-12 12:45,90,40,50,0,0,0
2024-06-12 13:00,95,49,46,0,0,0
2024-06-12 13:15,107,46,61,0,0,0
2024-06-12 13:30,82,36,46,0,0,0
2024-06-12 13:45,86,44,42,0,0,0
2024-06-12 14:00,90,42,48,0,0,0
2024-06-12 14:15,84,36,48,0,0,0
2024-06-12 14:30,78,43,35,0,0,0
2024-06-12 14:45,103,64,39,0,0,0
2024-06-12 15:00,78,33,45,0,0,0
2024-06-12 15:15,79,42,37,0,0,0
2024-06-12 15:30,107,47,60,0,0,0
2024-06-12 15:45,140,73,67,0,0,0
2024-06-12 16:00,128,57,71,0,0,0
2024-06-12 16:15,110,51,59,0,0,0
2024-06-12 16:30,87,39,48,0,0,0
2024-06-12 16:45,124,53,71,0,0,0
2024-06-12 17:00,113,45,68,0,0,0
2024-06-12 17:15,124,52,72,0,0,0
2024-06-12 17:30,112,51,61,0,0,0
2024-06-12 17:45,133,60,73,0,0,0
2024-06-12 18:00,121,51,70,0,0,0
2024-06-12 18:15,93,43,50,0,0,0
2024-06-12 18:30,80,42,38,0,0,0
2024-06-12 18:45,99,43,56,0,0,0
2024-06-12 19:00,97,46,51,0,0,0
2024-06-12 19:15,86,52,34,0,0,0
2024-06-12 19:30,80,48,32,0,0,0
2024-06-12 19:45,82,31,51,0,0,0
2024-06-12 20:00,63,19,44,0,0,0
2024-06-12 20:15,58,25,33,0,0,0
2024-06-12 20:30,42,17,25,0,0,0
2024-06-12 20:45,41,12,29,0,0,0
2024-06-12 21:00,41,19,22,0,0,0
2024-06-12 21:15,46,13,33,0,0,0
2024-06-12 21:30,32,13,19,0,0,0
2024-06-12 21:45,33,13,20,0,0,0
2024-06-12 22:00,32,7,25,0,0,0
2024-06-12 22:15,28,8,20,0,0,0
2024-06-12 22:30,41,19,22,0,0,0
2024-06-12 22:45,42,18,24,0,0,0
2024-06-12 23:00,47,12,35,0,0,0
2024-06-12 23:15,24,13,11,0,0,0
2024-06-12 23:30,20,12,8,0,0,0
2024-06-12 23:45,9,5,4,0,0,0
2024-06-13 00:00,10,4,6,0,0,0
2024-06-13 00:15,10,5,5,0,0,0
2024-06-13 00:30,8,2,6,0,0,0
2024-06-13 00:45,6,2,4,0,0,0
2024-06-13 01:00,11,1,10,0,0,0
2024-06-13 01:15,8,2,6,0,0,0
2024-06-13 01:30,5,0,5,0,0,0
2024-06-13 01:45,6,0,6,0,0,0
2024-06-13 02:00,6,2,4,0,0,0
2024-06-13 02:15,1,0,1,0,0,0
2024-06-13 02:30,3,1,2,0,0,0
2024-06-13 02:45,3,0,3,0,0,0
2024-06-13 03:00,5,0,5,0,0,0
2024-06-13 03:15,3,1,2,0,0,0
2024-06-13 03:30,0,0,0,0,0,0
2024-06-13 03:45,3,0,3,0,0,0
2024-06-13 04:00,2,1,1,0,0,0
2024-06-13 04:15,0,0,0,0,0,0
2024-06-13 04:30,3,2,1,0,0,0
2024-06-13 04:45,4,3,1,0,0,0
2024-06-13 05:00,1,1,0,0,0,0
2024-06-13 05:15,8,4,4,0,0,0
2024-06-13 05:30,9,5,4,0,0,0
2024-06-13 05:45,13,8,5,0,0,0
2024-06-13 06:00,16,11,5,0,0,0
2024-06-13 06:15,20,15,5,0,0,0
2024-06-13 06:30,38,27,11,0,0,0
2024-06-13 06:45,44,28,16,0,0,0
2024-06-13 07:00,58,39,19,0,0,0
2024-06-13 07:15,87,61,26,0,0,0
2024-06-13 07:30,187,137,50,0,0,0
2024-06-13 07:45,183,144,39,0,0,0
2024-06-13 08:00,114,85,29,0,0,0
2024-06-13 08:15,103,73,30,0,0,0
2024-06-13 08:30,100,76,24,0,0,0
2024-06-13 08:45,100,65,35,0,0,0
2024-06-13 09:00,70,49,21,0,0,0
2024-06-13 09:15,61,43,18,0,0,0
2024-06-13 09:30,83,56,27,0,0,0
2024-06-13 09:45,122,83,39,0,0,0
2024-06-13 10:00,94,73,21,0,0,0
2024-06-13 10:15,63,41,22,0,0,0
2024-06-13 10:30,67,39,28,0,0,0
2024-06-13 10:45,66,45,21,0,0,0
2024-06-13 11:00,52,30,22,0,0,0
2024-06-13 11:15,86,60,26,0,0,0
2024-06-13 11:30,63,37,26,0,0,0
2024-06-13 11:45,87,57,30,0,0,0
2024-06-13 12:00,78,43,35,0,0,0
2024-06-13 12:15,69,36,33,0,0,0
2024-06-13 12:30,88,39,49,0,0,0
2024-06-13 12:45,84,35,49,0,0,0
2024-06-13 13:00,87,35,52,0,0,0
2024-06-13 13:15,92,36,56,0,0,0
2024-06-13 13:30,92,46,46,0,0,0
2024-06-13 13:45,101,56,45,0,0,0
2024-06-13 14:00,130,74,56,0,0,0
2024-06-13 14:15,84,38,46,0,0,0
2024-06-13 14:30,74,29,45,0,0,0
2024-06-13 14:45,101,60,41,0,0,0
2024-06-13 15:00,107,59,48,0,0,0
2024-06-13 15:15,95,40,55,0,0,0
2024-06-13 15:30,134,63,71,0,0,0
2024-06-13 15:45,135,61,74,0,0,0
2024-06-13 16:00,137,51,86,0,0,0
2024-06-13 16:15,117,41,76,0,0,0
2024-06-13 16:30,115,38,77,0,0,0
2024-06-13 16:45,113,50,63,0,0,0
2024-06-13 17:00,142,78,64,0,0,0
2024-06-13 17:15,137,55,82,0,0,0
2024-06-13 17:30,123,45,78,0,0,0
2024-06-13 17:45,132,63,69,0,0,0
2024-06-13 18:00,135,72,63,0,0,0
2024-06-13 18:15,118,56,62,0,0,0
2024-06-13 18:30,111,51,60,0,0,0
2024-06-13 18:45,129,65,64,0,0,0
2024-06-13 19:00,109,50,59,0,0,0
2024-06-13 19:15,76,34,42,0,0,0
2024-06-13 19:30,75,32,43,0,0,0
2024-06-13 19:45,76,31,45,0,0,0
2024-06-13 20:00,72,28,44,0,0,0
2024-06-13 20:15,42,9,33,0,0,0
2024-06-13 20:30,56,23,33,0,0,0
2024-06-13 20:45,30,10,20,0,0,0
2024-06-13 21:00,52,22,30,0,0,0
2024-06-13 21:15,39,14,25,0,0,0
2024-06-13 21:30,35,10,25,0,0,0
2024-06-13 21:45,33,16,17,0,0,0
2024-06-13 22:00,34,14,20,0,0,0
2024-06-13 22:15,37,11,26,0,0,0
2024-06-13 22:30,33,19,14,0,0,0
2024-06-13 22:45,39,14,25,0,0,0
2024-06-13 23:00,29,9,20,0,0,0
2024-06-13 23:15,27,12,15,0,0,0
2024-06-13 23:30,14,6,8,0,0,0
2024-06-13 23:45,20,6,14,0,0,0
2024-06-14 00:00,9,5,4,0,0,0
2024-06-14 00:15,7,0,7,0,0,0
2024-06-14 00:30,10,2,8,0,0,0
2024-06-14 00:45,9,4,5,0,0,0
2024-06-14 01:00,8,2,6,0,0,0
2024-06-14 01:15,2,0,2,0,0,0
2024-06-14 01:30,2,1,1,0,0,0
2024-06-14 01:45,1,0,1,0,0,0
2024-06-14 02:00,1,0,1,0,0,0
2024-06-14 02:15,1,0,1,0,0,0
2024-06-14 02:30,2,0,2,0,0,0
2024-06-14 02:45,1,0,1,0,0,0
2024-06-14 03:00,1,0,1,0,0,0
2024-06-14 03:15,2,0,2,0,0,0
2024-06-14 03:30,1,0,1,0,0,0
2024-06-14 03:45,1,0,1,0,0,0
2024-06-14 04:00,1,0,1,0,0,0
2024-06-14 04:15,0,0,0,0,0,0
2024-06-14 04:30,5,3,2,0,0,0
2024-06-14 04:45,3,2,1,0,0,0
2024-06-14 05:00,1,0,1,0,0,0
2024-06-14 05:15,7,3,4,0,0,0
2024-06-14 05:30,12,9,3,0,0,0
2024-06-14 05:45,9,6,3,0,0,0
2024-06-14 06:00,12,6,6,0,0,0
2024-06-14 06:15,16,12,4,0,0,0
2024-06-14 06:30,29,19,10,0,0,0
2024-06-14 06:45,33,24,9,0,0,0
2024-06-14 07:00,37,21,16,0,0,0
2024-06-14 07:15,78,51,27,0,0,0
2024-06-14 07:30,152,110,42,0,0,0
2024-06-14 07:45,132,98,34,0,0,0
2024-06-14 08:00,82,60,22,0,0,0
2024-06-14 08:15,76,54,22,0,0,0
2024-06-14 08:30,71,59,12,0,0,0
2024-06-14 08:45,87,59,28,0,0,0
2024-06-14 09:00,52,36,16,0,0,0
2024-06-14 09:15,54,38,16,0,0,0
2024-06-14 09:30,78,48,30,0,0,0
2024-06-14 09:45,98,60,38,0,0,0
2024-06-14 10:00,50,37,13,0,0,0
2024-06-14 10:15,45,29,16,0,0,0
2024-06-14 10:30,58,39,19,0,0,0
2024-06-14 10:45,70,48,22,0,0,0
2024-06-14 11:00,54,32,22,0,0,0
2024-06-14 11:15,67,33,34,0,0,0
2024-06-14 11:30,64,41,23,0,0,0
2024-06-14 11:45,75,45,30,0,0,0
2024-06-14 12:00,80,41,39,0,0,0
2024-06-14 12:15,71,38,33,0,0,0
2024-06-14 12:30,92,45,47,0,0,0
2024-06-14 12:45,85,42,43,0,0,0
2024-06-14 13:00,123,69,54,0,0,0
2024-06-14 13:15,114,41,73,0,0,0
2024-06-14 13:30,89,40,49,0,0,0
2024-06-14 13:45,90,34,56,0,0,0
2024-06-14 14:00,101,41,60,0,0,0
2024-06-14 14:15,91,42,49,0,0,0
2024-06-14 14:30,93,51,42,0,0,0
2024-06-14 14:45,83,41,42,0,0,0
2024-06-14 15:00,84,39,45,0,0,0
2024-06-14 15:15,105,48,57,0,0,0
2024-06-14 15:30,74,40,34,0,0,0
2024-06-14 15:45,109,55,54,0,0,0
2024-06-14 16:00,99,50,49,0,0,0
2024-06-14 16:15,82,30,52,0,0,0
2024-06-14 16:30,86,43,43,0,0,0
2024-06-14 16:45,105,53,52,0,0,0
2024-06-14 17:00,71,31,40,0,0,0
2024-06-14 17:15,100,46,54,0,0,0
2024-06-14 17:30,87,45,42,0,0,0
2024-06-14 17:45,102,55,47,0,0,0
2024-06-14 18:00,90,41,49,0,0,0
2024-06-14 18:15,88,38,50,0,0,0
2024-06-14 18:30,83,51,32,0,0,0
2024-06-14 18:45,96,52,44,0,0,0
2024-06-14 19:00,88,45,43,0,0,0
2024-06-14 19:15,108,69,39,0,0,0
2024-06-14 19:30,78,50,28,0,0,0
2024-06-14 19:45,86,57,29,0,0,0
2024-06-14 20:00,99,55,44,0,0,0
2024-06-14 20:15,75,49,26,0,0,0
2024-06-14 20:30,56,23,33,0,0,0
2024-06-14 20:45,46,17,29,0,0,0
2024-06-14 21:00,38,21,17,0,0,0
2024-06-14 21:15,21,6,15,0,0,0
2024-06-14 21:30,28,10,18,0,0,0
2024-06-14 21:45,23,6,17,0,0,0
2024-06-14 22:00,29,10,19,0,0,0
2024-06-14 22:15,25,4,21,0,0,0
2024-06-14 22:30,17,6,11,0,0,0
2024-06-14 22:45,48,12,36,0,0,0
2024-06-14 23:00,54,19,35,0,0,0
2024-06-14 23:15,80,39,41,0,0,0
2024-06-14 23:30,52,17,35,0,0,0
2024-06-14 23:45,53,22,31,0,0,0
2024-06-15 00:00,37,13,24,0,0,0
2024-06-15 00:15,29,17,12,0,0,0
2024-06-15 00:30,31,7,24,0,0,0
2024-06-15 00:45,17,7,10,0,0,0
2024-06-15 01:00,28,7,21,0,0,0
2024-06-15 01:15,11,1,10,0,0,0
2024-06-15 01:30,20,8,12,0,0,0
2024-06-15 01:45,17,0,17,0,0,0
2024-06-15 02:00,18,9,9,0,0,0
2024-06-15 02:15,15,1,14,0,0,0
2024-06-15 02:30,11,3,8,0,0,0
2024-06-15 02:45,5,3,2,0,0,0
2024-06-15 03:00,6,2,4,0,0,0
2024-06-15 03:15,5,3,2,0,0,0
2024-06-15 03:30,1,1,0,0,0,0
2024-06-15 03:45,6,1,5,0,0,0
2024-06-15 04:00,2,2,0,0,0,0
2024-06-15 04:15,2,1,1,0,0,0
2024-06-15 04:30,1,0,1,0,0,0
2024-06-15 04:45,4,1,3,0,0,0
2024-06-15 05:00,5,1,4,0,0,0
2024-06-15 05:15,8,4,4,0,0,0
2024-06-15 05:30,3,3,0,0,0,0
2024-06-15 05:45,3,2,1,0,0,0
2024-06-15 06:00,1,0,1,0,0,0
2024-06-15 06:15,6,5,1,0,0,0
2024-06-15 06:30,3,3,0,0,0,0
2024-06-15 06:45,9,6,3,0,0,0
2024-06-15 07:00,3,3,0,0,0,0
2024-06-15 07:15,10,9,1,0,0,0
2024-06-15 07:30,16,10,6,0,0,0
2024-06-15 07:45,11,5,6,0,0,0
2024-06-15 08:00,18,11,7,0,0,0
2024-06-15 08:15,19,13,6,0,0,0
2024-06-15 08:30,26,16,10,0,0,0
2024-06-15 08:45,28,14,14,0,0,0
2024-06-15 09:00,16,7,9,0,0,0
2024-06-15 09:15,25,15,10,0,0,0
2024-06-15 09:30,27,18,9,0,0,0
2024-06-15 09:45,37,25,12,0,0,0
2024-06-15 10:00,51,29,22,0,0,0
2024-06-15 10:15,45,32,13,0,0,0
2024-06-15 10:30,54,33,21,0,0,0
2024-06-15 10:45,62,28,34,0,0,0
2024-06-15 11:00,61,29,32,0,0,0
2024-06-15 11:15,78,34,44,0,0,0
2024-06-15 11:30,50,31,19,0,0,0
2024-06-15 11:45,92,46,46,0,0,0
2024-06-15 12:00,76,30,46,0,0,0
2024-06-15 12:15,74,41,33,0,0,0
2024-06-15 12:30,82,45,37,0,0,0
2024-06-15 12:45,79,38,41,0,0,0
2024-06-15 13:00,73,35,38,0,0,0
2024-06-15 13:15,89,54,35,0,0,0
2024-06-15 13:30,74,45,29,0,0,0
2024-06-15 13:45,88,43,45,0,0,0
2024-06-15 14:00,86,38,48,0,0,0
2024-06-15 14:15,76,34,42,0,0,0
2024-06-15 14:30,87,38,49,0,0,0
2024-06-15 14:45,95,53,42,0,0,0
2024-06-15 15:00,94,57,37,0,0,0
2024-06-15 15:15,75,40,35,0,0,0
2024-06-15 15:30,73,37,36,0,0,0
2024-06-15 15:45,87,51,36,0,0,0
2024-06-15 16:00,88,37,51,0,0,0
2024-06-15 16:15,69,38,31,0,0,0
2024-06-15 16:30,94,57,37,0,0,0
2024-06-15 16:45,68,40,28,0,0,0
2024-06-15 17:00,86,54,32,0,0,0
2024-06-15 17:15,89,51,38,0,0,0
2024-06-15 17:30,94,63,31,0,0,0
2024-06-15 17:45,104,70,34,0,0,0
2024-06-15 18:00,110,47,63,0,0,0
2024-06-15 18:15,86,50,36,0,0,0
2024-06-15 18:30,70,34,36,0,0,0
2024-06-15 18:45,66,37,29,0,0,0
2024-06-15 19:00,76,41,35,0,0,0
2024-06-15 19:15,79,47,32,0,0,0
2024-06-15 19:30,52,30,22,0,0,0
2024-06-15 19:45,55,28,27,0,0,0
2024-06-15 20:00,41,24,17,0,0,0
2024-06-15 20:15,44,24,20,0,0,0
2024-06-15 20:30,42,24,18,0,0,0
2024-06-15 20:45,58,26,32,0,0,0
2024-06-15 21:00,30,23,7,0,0,0
2024-06-15 21:15,31,19,12,0,0,0
2024-06-15 21:30,27,14,13,0,0,0
2024-06-15 21:45,26,15,11,0,0,0
2024-06-15 22:00,21,13,8,0,0,0
2024-06-15 22:15,27,10,17,0,0,0
2024-06-15 22:30,22,10,12,0,0,0
2024-06-15 22:45,32,15,17,0,0,0
2024-06-15 23:00,37,21,16,0,0,0
2024-06-15 23:15,25,19,6,0,0,0
2024-06-15 23:30,32,20,12,0,0,0
2024-06-15 23:45,25,12,13,0,0,0
2024-06-16 00:00,22,11,11,0,0,0
2024-06-16 00:15,31,19,12,0,0,0
2024-06-16 00:30,26,9,17,0,0,0
2024-06-16 00:45,13,5,8,0,0,0
2024-06-16 01:00,17,10,7,0,0,0
2024-06-16 01:15,12,6,6,0,0,0
2024-06-16 01:30,15,7,8,0,0,0
2024-06-16 01:45,9,6,3,0,0,0
2024-06-16 02:00,7,3,4,0,0,0
2024-06-16 02:15,7,1,6,0,0,0
2024-06-16 02:30,9,1,8,0,0,0
2024-06-16 02:45,5,4,1,0,0,0
2024-06-16 03:00,8,2,6,0,0,0
2024-06-16 03:15,7,3,4,0,0,0
2024-06-16 03:30,4,1,3,0,0,0
2024-06-16 03:45,9,6,3,0,0,0
2024-06-16 04:00,2,1,1,0,0,0
2024-06-16 04:15,4,3,1,0,0,0
2024-06-16 04:30,3,1,2,0,0,0
2024-06-16 04:45,5,1,4,0,0,0
2024-06-16 05:00,5,1,4,0,0,0
2024-06-16 05:15,2,2,0,0,0,0
2024-06-16 05:30,7,4,3,0,0,0
2024-06-16 05:45,2,2,0,0,0,0
2024-06-16 06:00,3,2,1,0,0,0
2024-06-16 06:15,2,0,2,0,0,0
2024-06-16 06:30,6,4,2,0,0,0
2024-06-16 06:45,4,1,3,0,0,0
2024-06-16 07:00,0,0,0,0,0,0
2024-06-16 07:15,8,5,3,0,0,0
2024-06-16 07:30,2,1,1,0,0,0
2024-06-16 07:45,6,1,5,0,0,0
2024-06-16 08:00,3,2,1,0,0,0
2024-06-16 08:15,7,3,4,0,0,0
2024-06-16 08:30,8,5,3,0,0,0
2024-06-16 08:45,11,6,5,0,0,0
2024-06-16 09:00,10,5,5,0,0,0
2024-06-16 09:15,16,8,8,0,0,0
2024-06-16 09:30,33,23,10,0,0,0
2024-06-16 09:45,34,25,9,0,0,0
2024-06-16 10:00,27,16,11,0,0,0
2024-06-16 10:15,29,19,10,0,0,0
2024-06-16 10:30,40,30,10,0,0,0
2024-06-16 10:45,34,24,10,0,0,0
2024-06-16 11:00,34,18,16,0,0,0
2024-06-16 11:15,31,11,20,0,0,0
2024-06-16 11:30,43,27,16,0,0,0
2024-06-16 11:45,42,17,25,0,0,0
2024-06-16 12:00,38,14,24,0,0,0
2024-06-16 12:15,35,21,14,0,0,0
2024-06-16 12:30,38,15,23,0,0,0
2024-06-16 12:45,39,20,19,0,0,0
2024-06-16 13:00,43,23,20,0,0,0
2024-06-16 13:15,36,25,11,0,0,0
2024-06-16 13:30,35,19,16,0,0,0
2024-06-16 13:45,44,26,18,0,0,0
2024-06-16 14:00,46,27,19,0,0,0
2024-06-16 14:15,47,24,23,0,0,0
2024-06-16 14:30,34,20,14,0,0,0
2024-06-16 14:45,48,29,19,0,0,0
2024-06-16 15:00,36,16,20,0,0,0
2024-06-16 15:15,33,13,20,0,0,0
2024-06-16 15:30,41,19,22,0,0,0
2024-06-16 15:45,41,25,16,0,0,0
2024-06-16 16:00,34,16,18,0,0,0
2024-06-16 16:15,51,27,24,0,0,0
2024-06-16 16:30,30,16,14,0,0,0
2024-06-16 16:45,40,25,15,0,0,0
2024-06-16 17:00,38,22,16,0,0,0
2024-06-16 17:15,65,36,29,0,0,0
2024-06-16 17:30,49,41,8,0,0,0
2024-06-16 17:45,40,25,15,0,0,0
2024-06-16 18:00,35,13,22,0,0,0
2024-06-16 18:15,43,23,20,0,0,0
2024-06-16 18:30,48,29,19,0,0,0
2024-06-16 18:45,31,14,17,0,0,0
2024-06-16 19:00,39,15,24,0,0,0
2024-06-16 19:15,26,13,13,0,0,0
2024-06-16 19:30,26,17,9,0,0,0
2024-06-16 19:45,37,14,23,0,0,0
2024-06-16 20:00,33,14,19,0,0,0
2024-06-16 20:15,23,5,18,0,0,0
2024-06-16 20:30,16,4,12,0,0,0
2024-06-16 20:45,25,10,15,0,0,0
2024-06-16 21:00,31,11,20,0,0,0
2024-06-16 21:15,14,4,10,0,0,0
2024-06-16 21:30,22,9,13,0,0,0
2024-06-16 21:45,16,6,10,0,0,0
2024-06-16 22:00,15,11,4,0,0,0
2024-06-16 22:15,16,7,9,0,0,0
2024-06-16 22:30,15,5,10,0,0,0
2024-06-16 22:45,18,5,13,0,0,0
2024-06-16 23:00,9,2,7,0,0,0
2024-06-16 23:15,8,5,3,0,0,0
2024-06-16 23:30,6,3,3,0,0,0
2024-06-16 23:45,5,1,4,0,0,0
2024-06-17 00:00,3,1,2,0,0,0
2024-06-17 00:15,0,0,0,0,0,0
2024-06-17 00:30,7,4,3,0,0,0
2024-06-17 00:45,3,1,2,0,0,0
2024-06-17 01:00,2,2,0,0,0,0
2024-06-17 01:15,3,2,1,0,0,0
2024-06-17 01:30,2,0,2,0,0,0
2024-06-17 01:45,0,0,0,0,0,0
2024-06-17 02:00,0,0,0,0,0,0
2024-06-17 02:15,0,0,0,0,0,0
2024-06-17 02:30,0,0,0,0,0,0
2024-06-17 02:45,1,0,1,0,0,0
2024-06-17 03:00,0,0,0,0,0,0
2024-06-17 03:15,2,2,0,0,0,0
2024-06-17 03:30,3,3,0,0,0,0
2024-06-17 03:45,1,1,0,0,0,0
2024-06-17 04:00,2,2,0,0,0,0
2024-06-17 04:15,1,1,0,0,0,0
2024-06-17 04:30,2,2,0,0,0,0
2024-06-17 04:45,4,3,1,0,0,0
2024-06-17 05:00,1,0,1,0,0,0
2024-06-17 05:15,4,3,1,0,0,0
2024-06-17 05:30,10,8,2,0,0,0
2024-06-17 05:45,12,5,7,0,0,0
2024-06-17 06:00,15,8,7,0,0,0
2024-06-17 06:15,16,11,5,0,0,0
2024-06-17 06:30,31,22,9,0,0,0
2024-06-17 06:45,37,23,14,0,0,0
2024-06-17 07:00,60,43,17,0,0,0
2024-06-17 07:15,90,66,24,0,0,0
2024-06-17 07:30,167,113,54,0,0,0
2024-06-17 07:45,145,105,40,0,0,0
2024-06-17 08:00,109,85,24,0,0,0
2024-06-17 08:15,100,72,28,0,0,0
2024-06-17 08:30,87,60,27,0,0,0
2024-06-17 08:45,82,57,25,0,0,0
2024-06-17 09:00,56,40,16,0,0,0
2024-06-17 09:15,50,37,13,0,0,0
2024-06-17 09:30,85,63,22,0,0,0
2024-06-17 09:45,97,72,25,0,0,0
2024-06-17 10:00,92,63,29,0,0,0
2024-06-17 10:15,66,36,30,0,0,0
2024-06-17 10:30,72,46,26,0,0,0
2024-06-17 10:45,67,43,24,0,0,0
2024-06-17 11:00,52,29,23,0,0,0
2024-06-17 11:15,67,30,37,0,0,0
2024-06-17 11:30,53,35,18,0,0,0
2024-06-17 11:45,73,42,31,0,0,0
2024-06-17 12:00,69,37,32,0,0,0
2024-06-17 12:15,67,29,38,0,0,0
2024-06-17 12:30,68,30,38,0,0,0
2024-06-17 12:45,92,44,48,0,0,0
2024-06-17 13:00,115,51,64,0,0,0
2024-06-17 13:15,81,36,45,0,0,0
2024-06-17 13:30,62,28,34,0,0,0
2024-06-17 13:45,85,46,39,0,0,0
2024-06-17 14:00,91,37,54,0,0,0
2024-06-17 14:15,78,32,46,0,0,0
2024-06-17 14:30,45,23,22,0,0,0
2024-06-17 14:45,103,46,57,0,0,0
2024-06-17 15:00,74,38,36,0,0,0
2024-06-17 15:15,105,49,56,0,0,0
2024-06-17 15:30,115,64,51,0,0,0
2024-06-17 15:45,98,54,44,0,0,0
2024-06-17 16:00,134,61,73,0,0,0
2024-06-17 16:15,95,45,50,0,0,0
2024-06-17 16:30,115,45,70,0,0,0
2024-06-17 16:45,129,55,74,0,0,0
2024-06-17 17:00,111,39,72,0,0,0
2024-06-17 17:15,101,37,64,0,0,0
2024-06-17 17:30,140,56,84,0,0,0
2024-06-17 17:45,136,56,80,0,0,0
2024-06-17 18:00,127,48,79,0,0,0
2024-06-17 18:15,106,35,71,0,0,0
2024-06-17 18:30,78,30,48,0,0,0
2024-06-17 18:45,96,38,58,0,0,0
2024-06-17 19:00,91,32,59,0,0,0
2024-06-17 19:15,76,46,30,0,0,0
2024-06-17 19:30,57,28,29,0,0,0
2024-06-17 19:45,64,30,34,0,0,0
2024-06-17 20:00,58,26,32,0,0,0
2024-06-17 20:15,52,21,31,0,0,0
2024-06-17 20:30,55,24,31,0,0,0
2024-06-17 20:45,37,15,22,0,0,0
2024-06-17 21:00,40,11,29,0,0,0
2024-06-17 21:15,33,13,20,0,0,0
2024-06-17 21:30,29,12,17,0,0,0
2024-06-17 21:45,38,16,22,0,0,0
2024-06-17 22:00,44,16,28,0,0,0
2024-06-17 22:15,32,12,20,0,0,0
2024-06-17 22:30,23,7,16,0,0,0
2024-06-17 22:45,15,7,8,0,0,0
2024-06-17 23:00,23,5,18,0,0,0
2024-06-17 23:15,20,12,8,0,0,0
2024-06-17 23:30,7,1,6,0,0,0
2024-06-17 23:45,5,1,4,0,0,0
2024-06-18 00:00,6,1,5,0,0,0
2024-06-18 00:15,7,2,5,0,0,0
2024-06-18 00:30,6,1,5,0,0,0
2024-06-18 00:45,6,4,2,0,0,0
2024-06-18 01:00,1,1,0,0,0,0
2024-06-18 01:15,2,0,2,0,0,0
2024-06-18 01:30,2,1,1,0,0,0
2024-06-18 01:45,0,0,0,0,0,0
2024-06-18 02:00,0,0,0,0,0,0
2024-06-18 02:15,1,0,1,0,0,0
2024-06-18 02:30,0,0,0,0,0,0
2024-06-18 02:45,1,0,1,0,0,0
2024-06-18 03:00,0,0,0,0,0,0
2024-06-18 03:15,0,0,0,0,0,0
2024-06-18 03:30,3,3,0,0,0,0
2024-06-18 03:45,0,0,0,0,0,0
2024-06-18 04:00,1,1,0,0,0,0
2024-06-18 04:15,1,1,0,0,0,0
2024-06-18 04:30,1,1,0,0,0,0
2024-06-18 04:45,4,2,2,0,0,0
2024-06-18 05:00,0,0,0,0,0,0
2024-06-18 05:15,6,5,1,0,0,0
2024-06-18 05:30,10,8,2,0,0,0
2024-06-18 05:45,14,5,9,0,0,0
2024-06-18 06:00,11,8,3,0,0,0
2024-06-18 06:15,25,16,9,0,0,0
2024-06-18 06:30,29,20,9,0,0,0
2024-06-18 06:45,55,44,11,0,0,0
2024-06-18 07:00,41,28,13,0,0,0
2024-06-18 07:15,71,52,19,0,0,0
2024-06-18 07:30,193,144,49,0,0,0
2024-06-18 07:45,164,133,31,0,0,0
2024-06-18 08:00,122,98,24,0,0,0
2024-06-18 08:15,112,80,32,0,0,0
2024-06-18 08:30,100,75,25,0,0,0
2024-06-18 08:45,97,68,29,0,0,0
2024-06-18 09:00,59,45,14,0,0,0
2024-06-18 09:15,60,43,17,0,0,0
2024-06-18 09:30,105,64,41,0,0,0
2024-06-18 09:45,114,86,28,0,0,0
2024-06-18 10:00,100,74,26,0,0,0
2024-06-18 10:15,55,34,21,0,0,0
2024-06-18 10:30,76,41,35,0,0,0
2024-06-18 10:45,76,36,40,0,0,0
2024-06-18 11:00,45,24,21,0,0,0
2024-06-18 11:15,68,41,27,0,0,0
2024-06-18 11:30,53,29,24,0,0,0
2024-06-18 11:45,84,48,36,0,0,0
2024-06-18 12:00,84,44,40,0,0,0
2024-06-18 12:15,84,46,38,0,0,0
2024-06-18 12:30,72,39,33,0,0,0
2024-06-18 12:45,67,32,35,0,0,0
2024-06-18 13:00,121,63,58,0,0,0
2024-06-18 13:15,95,49,46,0,0,0
2024-06-18 13:30,66,31,35,0,0,0
2024-06-18 13:45,81,37,44,0,0,0
2024-06-18 14:00,91,42,49,0,0,0
2024-06-18 14:15,79,25,54,0,0,0
2024-06-18 14:30,104,48,56,0,0,0
2024-06-18 14:45,90,47,43,0,0,0
2024-06-18 15:00,64,31,33,0,0,0
2024-06-18 15:15,55,16,39,0,0,0
2024-06-18 15:30,69,26,43,0,0,0
2024-06-18 15:45,87,37,50,0,0,0
2024-06-18 16:00,112,45,67,0,0,0
2024-06-18 16:15,93,39,54,0,0,0
2024-06-18 16:30,79,30,49,0,0,0
2024-06-18 16:45,75,34,41,0,0,0
2024-06-18 17:00,75,31,44,0,0,0
2024-06-18 17:15,81,32,49,0,0,0
2024-06-18 17:30,79,28,51,0,0,0
2024-06-18 17:45,96,41,55,0,0,0
2024-06-18 18:00,81,29,52,0,0,0
2024-06-18 18:15,71,31,40,0,0,0
2024-06-18 18:30,63,24,39,0,0,0
2024-06-18 18:45,88,42,46,0,0,0
2024-06-18 19:00,52,25,27,0,0,0
2024-06-18 19:15,65,26,39,0,0,0
2024-06-18 19:30,55,21,34,0,0,0
2024-06-18 19:45,60,21,39,0,0,0
2024-06-18 20:00,49,13,36,0,0,0
2024-06-18 20:15,52,21,31,0,0,0
2024-06-18 20:30,33,13,20,0,0,0
2024-06-18 20:45,31,9,22,0,0,0
2024-06-18 21:00,37,19,18,0,0,0
2024-06-18 21:15,31,12,19,0,0,0
2024-06-18 21:30,25,8,17,0,0,0
2024-06-18 21:45,37,14,23,0,0,0
2024-06-18 22:00,22,9,13,0,0,0
2024-06-18 22:15,29,11,18,0,0,0
2024-06-18 22:30,24,8,16,0,0,0
2024-06-18 22:45,17,10,7,0,0,0
2024-06-18 23:00,21,9,12,0,0,0
2024-06-18 23:15,24,12,12,0,0,0
2024-06-18 23:30,11,4,7,0,0,0
2024-06-18 23:45,7,4,3,0,0,0
2024-06-19 00:00,3,1,2,0,0,0
2024-06-19 00:15,2,1,1,0,0,0
2024-06-19 00:30,3,0,3,0,0,0
2024-06-19 00:45,2,0,2,0,0,0
2024-06-19 01:00,2,1,1,0,0,0
2024-06-19 01:15,2,0,2,0,0,0
2024-06-19 01:30,0,0,0,0,0,0
2024-06-19 01:45,3,1,2,0,0,0
2024-06-19 02:00,3,1,2,0,0,0
2024-06-19 02:15,2,0,2,0,0,0
2024-06-19 02:30,0,0,0,0,0,0
2024-06-19 02:45,0,0,0,0,0,0
2024-06-19 03:00,1,1,0,0,0,0
2024-06-19 03:15,0,0,0,0,0,0
2024-06-19 03:30,0,0,0,0,0,0
2024-06-19 03:45,1,1,0,0,0,0
2024-06-19 04:00,1,1,0,0,0,0
2024-06-19 04:15,0,0,0,0,0,0
2024-06-19 04:30,0,0,0,0,0,0
2024-06-19 04:45,5,4,1,0,0,0
2024-06-19 05:00,1,0,1,0,0,0
2024-06-19 05:15,4,2,2,0,0,0
2024-06-19 05:30,7,4,3,0,0,0
2024-06-19 05:45,17,10,7,0,0,0
2024-06-19 06:00,13,10,3,0,0,0
2024-06-19 06:15,18,15,3,0,0,0
2024-06-19 06:30,36,27,9,0,0,0
2024-06-19 06:45,50,34,16,0,0,0
2024-06-19 07:00,53,36,17,0,0,0
2024-06-19 07:15,72,55,17,0,0,0
2024-06-19 07:30,146,111,35,0,0,0
2024-06-19 07:45,180,142,38,0,0,0
2024-06-19 08:00,118,86,32,0,0,0
2024-06-19 08:15,93,71,22,0,0,0
2024-06-19 08:30,103,72,31,0,0,0
2024-06-19 08:45,112,81,31,0,0,0
2024-06-19 09:00,74,53,21,0,0,0
2024-06-19 09:15,85,61,24,0,0,0
2024-06-19 09:30,78,57,21,0,0,0
2024-06-19 09:45,100,70,30,0,0,0
2024-06-19 10:00,107,81,26,0,0,0
2024-06-19 10:15,72,50,22,0,0,0
2024-06-19 10:30,85,56,29,0,0,0
2024-06-19 10:45,71,48,23,0,0,0
2024-06-19 11:00,73,48,25,0,0,0
2024-06-19 11:15,83,48,35,0,0,0
2024-06-19 11:30,81,47,34,0,0,0
2024-06-19 11:45,77,46,31,0,0,0
2024-06-19 12:00,94,54,40,0,0,0
2024-06-19 12:15,91,46,45,0,0,0
2024-06-19 12:30,97,38,59,0,0,0
2024-06-19 12:45,86,40,46,0,0,0
2024-06-19 13:00,113,63,50,0,0,0
2024-06-19 13:15,92,31,61,0,0,0
2024-06-19 13:30,76,41,35,0,0,0
2024-06-19 13:45,105,51,54,0,0,0
2024-06-19 14:00,104,42,62,0,0,0
2024-06-19 14:15,77,31,46,0,0,0
2024-06-19 14:30,90,35,55,0,0,0
2024-06-19 14:45,123,64,59,0,0,0
2024-06-19 15:00,109,52,57,0,0,0
2024-06-19 15:15,108,47,61,0,0,0
2024-06-19 15:30,131,61,70,0,0,0
2024-06-19 15:45,126,52,74,0,0,0
2024-06-19 16:00,133,50,83,0,0,0
2024-06-19 16:15,112,64,48,0,0,0
2024-06-19 16:30,141,66,75,0,0,0
2024-06-19 16:45,157,85,72,0,0,0
2024-06-19 17:00,160,87,73,0,0,0
2024-06-19 17:15,175,87,88,0,0,0
2024-06-19 17:30,183,96,87,0,0,0
2024-06-19 17:45,159,73,86,0,0,0
2024-06-19 18:00,83,35,48,0,0,0
2024-06-19 18:15,73,26,47,0,0,0
2024-06-19 18:30,54,29,25,0,0,0
2024-06-19 18:45,56,29,27,0,0,0
2024-06-19 19:00,50,23,27,0,0,0
2024-06-19 19:15,57,34,23,0,0,0
2024-06-19 19:30,34,21,13,0,0,0
2024-06-19 19:45,42,17,25,0,0,0
2024-06-19 20:00,82,37,45,0,0,0
2024-06-19 20:15,74,30,44,0,0,0
2024-06-19 20:30,62,29,33,0,0,0
2024-06-19 20:45,66,26,40,0,0,0
2024-06-19 21:00,62,29,33,0,0,0
2024-06-19 21:15,50,25,25,0,0,0
2024-06-19 21:30,37,17,20,0,0,0
2024-06-19 21:45,58,20,38,0,0,0
2024-06-19 22:00,48,16,32,0,0,0
2024-06-19 22:15,49,17,32,0,0,0
2024-06-19 22:30,35,16,19,0,0,0
2024-06-19 22:45,36,12,24,0,0,0
2024-06-19 23:00,46,20,26,0,0,0
2024-06-19 23:15,28,9,19,0,0,0
2024-06-19 23:30,28,9,19,0,0,0
2024-06-19 23:45,12,3,9,0,0,0
2024-06-20 00:00,16,2,14,0,0,0
2024-06-20 00:15,13,3,10,0,0,0
2024-06-20 00:30,15,9,6,0,0,0
2024-06-20 00:45,11,2,9,0,0,0
2024-06-20 01:00,6,3,3,0,0,0
2024-06-20 01:15,8,2,6,0,0,0
2024-06-20 01:30,7,3,4,0,0,0
2024-06-20 01:45,7,1,6,0,0,0
2024-06-20 02:00,5,1,4,0,0,0
2024-06-20 02:15,2,0,2,0,0,0
2024-06-20 02:30,4,0,4,0,0,0
2024-06-20 02:45,1,0,1,0,0,0
2024-06-20 03:00,2,0,2,0,0,0
2024-06-20 03:15,7,2,5,0,0,0
2024-06-20 03:30,0,0,0,0,0,0
2024-06-20 03:45,5,1,4,0,0,0
2024-06-20 04:00,5,3,2,0,0,0
2024-06-20 04:15,0,0,0,0,0,0
2024-06-20 04:30,0,0,0,0,0,0
2024-06-20 04:45,6,3,3,0,0,0
2024-06-20 05:00,2,0,2,0,0,0
2024-06-20 05:15,8,7,1,0,0,0
2024-06-20 05:30,10,7,3,0,0,0
2024-06-20 05:45,14,6,8,0,0,0
2024-06-20 06:00,17,12,5,0,0,0
2024-06-20 06:15,15,12,3,0,0,0
2024-06-20 06:30,37,30,7,0,0,0
2024-06-20 06:45,46,35,11,0,0,0
2024-06-20 07:00,61,35,26,0,0,0
2024-06-20 07:15,92,60,32,0,0,0
2024-06-20 07:30,170,131,39,0,0,0
2024-06-20 07:45,159,121,38,0,0,0
2024-06-20 08:00,116,89,27,0,0,0
2024-06-20 08:15,98,64,34,0,0,0
2024-06-20 08:30,94,73,21,0,0,0
2024-06-20 08:45,103,77,26,0,0,0
2024-06-20 09:00,83,64,19,0,0,0
2024-06-20 09:15,70,45,25,0,0,0
2024-06-20 09:30,74,53,21,0,0,0
2024-06-20 09:45,84,66,18,0,0,0
2024-06-20 10:00,81,61,20,0,0,0
2024-06-20 10:15,72,46,26,0,0,0
2024-06-20 10:30,57,38,19,0,0,0
2024-06-20 10:45,83,52,31,0,0,0
2024-06-20 11:00,76,43,33,0,0,0
2024-06-20 11:15,71,36,35,0,0,0
2024-06-20 11:30,88,54,34,0,0,0
2024-06-20 11:45,80,42,38,0,0,0
2024-06-20 12:00,94,53,41,0,0,0
2024-06-20 12:15,76,49,27,0,0,0
2024-06-20 12:30,80,38,42,0,0,0
2024-06-20 12:45,105,55,50,0,0,0
2024-06-20 13:00,89,48,41,0,0,0
2024-06-20 13:15,97,50,47,0,0,0
2024-06-20 13:30,108,62,46,0,0,0
2024-06-20 13:45,93,46,47,0,0,0
2024-06-20 14:00,108,53,55,0,0,0
2024-06-20 14:15,86,40,46,0,0,0
2024-06-20 14:30,106,66,40,0,0,0
2024-06-20 14:45,122,68,54,0,0,0
2024-06-20 15:00,112,60,52,0,0,0
2024-06-20 15:15,105,47,58,0,0,0
2024-06-20 15:30,148,90,58,0,0,0
2024-06-20 15:45,116,54,62,0,0,0
2024-06-20 16:00,135,60,75,0,0,0
2024-06-20 16:15,116,51,65,0,0,0
2024-06-20 16:30,109,47,62,0,0,0
2024-06-20 16:45,118,55,63,0,0,0
2024-06-20 17:00,107,45,62,0,0,0
2024-06-20 17:15,123,52,71,0,0,0
2024-06-20 17:30,102,37,65,0,0,0
2024-06-20 17:45,109,51,58,0,0,0
2024-06-20 18:00,124,55,69,0,0,0
2024-06-20 18:15,114,40,74,0,0,0
2024-06-20 18:30,92,45,47,0,0,0
2024-06-20 18:45,78,37,41,0,0,0
2024-06-20 19:00,64,24,40,0,0,0
2024-06-20 19:15,85,35,50,0,0,0
2024-06-20 19:30,43,20,23,0,0,0
2024-06-20 19:45,73,37,36,0,0,0
2024-06-20 20:00,56,24,32,0,0,0
2024-06-20 20:15,43,22,21,0,0,0
2024-06-20 20:30,51,25,26,0,0,0
2024-06-20 20:45,46,21,25,0,0,0
2024-06-20 21:00,22,9,13,0,0,0
2024-06-20 21:15,31,10,21,0,0,0
2024-06-20 21:30,37,12,25,0,0,0
2024-06-20 21:45,37,9,28,0,0,0
2024-06-20 22:00,32,7,25,0,0,0
2024-06-20 22:15,28,7,21,0,0,0
2024-06-20 22:30,37,18,19,0,0,0
2024-06-20 22:45,18,8,10,0,0,0
2024-06-20 23:00,26,7,19,0,0,0
2024-06-20 23:15,17,8,9,0,0,0
2024-06-20 23:30,14,6,8,0,0,0
2024-06-20 23:45,10,3,7,0,0,0
2024-06-21 00:00,4,1,3,0,0,0
2024-06-21 00:15,11,4,7,0,0,0
2024-06-21 00:30,2,0,2,0,0,0
2024-06-21 00:45,12,3,9,0,0,0
2024-06-21 01:00,2,0,2,0,0,0
2024-06-21 01:15,8,2,6,0,0,0
2024-06-21 01:30,3,1,2,0,0,0
2024-06-21 01:45,2,0,2,0,0,0
2024-06-21 02:00,0,0,0,0,0,0
2024-06-21 02:15,1,0,1,0,0,0
2024-06-21 02:30,2,0,2,0,0,0
2024-06-21 02:45,1,0,1,0,0,0
2024-06-21 03:00,0,0,0,0,0,0
2024-06-21 03:15,2,2,0,0,0,0
2024-06-21 03:30,0,0,0,0,0,0
2024-06-21 03:45,0,0,0,0,0,0
2024-06-21 04:00,0,0,0,0,0,0
2024-06-21 04:15,0,0,0,0,0,0
2024-06-21 04:30,1,1,0,0,0,0
2024-06-21 04:45,1,1,0,0,0,0
2024-06-21 05:00,2,0,2,0,0,0
2024-06-21 05:15,3,1,2,0,0,0
2024-06-21 05:30,7,6,1,0,0,0
2024-06-21 05:45,10,5,5,0,0,0
2024-06-21 06:00,17,11,6,0,0,0
2024-06-21 06:15,19,14,5,0,0,0
2024-06-21 06:30,23,19,4,0,0,0
2024-06-21 06:45,30,20,10,0,0,0
2024-06-21 07:00,33,22,11,0,0,0
2024-06-21 07:15,79,58,21,0,0,0
2024-06-21 07:30,136,100,36,0,0,0
2024-06-21 07:45,66,43,23,0,0,0
2024-06-21 08:00,50,40,10,0,0,0
2024-06-21 08:15,86,63,23,0,0,0
2024-06-21 08:30,82,64,18,0,0,0
2024-06-21 08:45,74,53,21,0,0,0
2024-06-21 09:00,55,40,15,0,0,0
2024-06-21 09:15,63,44,19,0,0,0
2024-06-21 09:30,66,42,24,0,0,0
2024-06-21 09:45,88,69,19,0,0,0
2024-06-21 10:00,63,50,13,0,0,0
2024-06-21 10:15,53,35,18,0,0,0
2024-06-21 10:30,47,29,18,0,0,0
2024-06-21 10:45,55,34,21,0,0,0
2024-06-21 11:00,61,39,22,0,0,0
2024-06-21 11:15,78,49,29,0,0,0
2024-06-21 11:30,50,29,21,0,0,0
2024-06-21 11:45,64,36,28,0,0,0
2024-06-21 12:00,71,36,35,0,0,0
2024-06-21 12:15,60,26,34,0,0,0
2024-06-21 12:30,76,30,46,0,0,0
2024-06-21 12:45,78,38,40,0,0,0
2024-06-21 13:00,117,66,51,0,0,0
2024-06-21 13:15,97,51,46,0,0,0
2024-06-21 13:30,79,46,33,0,0,0
2024-06-21 13:45,94,43,51,0,0,0
2024-06-21 14:00,87,29,58,0,0,0
2024-06-21 14:15,67,27,40,0,0,0
2024-06-21 14:30,62,31,31,0,0,0
2024-06-21 14:45,63,26,37,0,0,0
2024-06-21 15:00,34,15,19,0,0,0
2024-06-21 15:15,47,21,26,0,0,0
2024-06-21 15:30,91,40,51,0,0,0
2024-06-21 15:45,77,42,35,0,0,0
2024-06-21 16:00,90,37,53,0,0,0
2024-06-21 16:15,81,37,44,0,0,0
2024-06-21 16:30,66,28,38,0,0,0
2024-06-21 16:45,76,25,51,0,0,0
2024-06-21 17:00,47,23,24,0,0,0
2024-06-21 17:15,81,39,42,0,0,0
2024-06-21 17:30,60,22,38,0,0,0
2024-06-21 17:45,63,29,34,0,0,0
2024-06-21 18:00,57,21,36,0,0,0
2024-06-21 18:15,64,31,33,0,0,0
2024-06-21 18:30,58,26,32,0,0,0
2024-06-21 18:45,82,53,29,0,0,0
2024-06-21 19:00,55,31,24,0,0,0
2024-06-21 19:15,66,30,36,0,0,0
2024-06-21 19:30,31,12,19,0,0,0
2024-06-21 19:45,53,34,19,0,0,0
2024-06-21 20:00,37,25,12,0,0,0
2024-06-21 20:15,30,15,15,0,0,0
2024-06-21 20:30,44,18,26,0,0,0
2024-06-21 20:45,29,9,20,0,0,0
2024-06-21 21:00,28,13,15,0,0,0
2024-06-21 21:15,29,8,21,0,0,0
2024-06-21 21:30,22,11,11,0,0,0
2024-06-21 21:45,32,18,14,0,0,0
2024-06-21 22:00,27,9,18,0,0,0
2024-06-21 22:15,13,5,8,0,0,0
2024-06-21 22:30,20,11,9,0,0,0
2024-06-21 22:45,19,5,14,0,0,0
2024-06-21 23:00,20,7,13,0,0,0
2024-06-21 23:15,22,18,4,0,0,0
2024-06-21 23:30,25,12,13,0,0,0
2024-06-21 23:45,19,8,11,0,0,0
2024-06-22 00:00,23,11,12,0,0,0
2024-06-22 00:15,26,13,13,0,0,0
2024-06-22 00:30,13,4,9,0,0,0
2024-06-22 00:45,11,3,8,0,0,0
2024-06-22 01:00,10,4,6,0,0,0
2024-06-22 01:15,13,6,7,0,0,0
2024-06-22 01:30,13,5,8,0,0,0
2024-06-22 01:45,5,1,4,0,0,0
2024-06-22 02:00,11,3,8,0,0,0
2024-06-22 02:15,10,2,8,0,0,0
2024-06-22 02:30,8,3,5,0,0,0
2024-06-22 02:45,7,3,4,0,0,0
2024-06-22 03:00,5,1,4,0,0,0
2024-06-22 03:15,2,0,2,0,0,0
2024-06-22 03:30,6,0,6,0,0,0
2024-06-22 03:45,1,0,1,0,0,0
2024-06-22 04:00,1,0,1,0,0,0
2024-06-22 04:15,4,2,2,0,0,0
2024-06-22 04:30,3,1,2,0,0,0
2024-06-22 04:45,1,0,1,0,0,0
2024-06-22 05:00,3,1,2,0,0,0
2024-06-22 05:15,5,1,4,0,0,0
2024-06-22 05:30,6,4,2,0,0,0
2024-06-22 05:45,4,2,2,0,0,0
2024-06-22 06:00,3,2,1,0,0,0
2024-06-22 06:15,6,5,1,0,0,0
2024-06-22 06:30,4,4,0,0,0,0
2024-06-22 06:45,13,12,1,0,0,0
2024-06-22 07:00,9,7,2,0,0,0
2024-06-22 07:15,10,7,3,0,0,0
2024-06-22 07:30,25,15,10,0,0,0
2024-06-22 07:45,27,20,7,0,0,0
2024-06-22 08:00,20,9,11,0,0,0
2024-06-22 08:15,24,10,14,0,0,0
2024-06-22 08:30,52,34,18,0,0,0
2024-06-22 08:45,37,26,11,0,0,0
2024-06-22 09:00,45,29,16,0,0,0
2024-06-22 09:15,44,25,19,0,0,0
2024-06-22 09:30,65,46,19,0,0,0
2024-06-22 09:45,75,58,17,0,0,0
2024-06-22 10:00,78,58,20,0,0,0
2024-06-22 10:15,71,45,26,0,0,0
2024-06-22 10:30,75,57,18,0,0,0
2024-06-22 10:45,96,68,28,0,0,0
2024-06-22 11:00,86,55,31,0,0,0
2024-06-22 11:15,60,45,15,0,0,0
2024-06-22 11:30,76,50,26,0,0,0
2024-06-22 11:45,102,68,34,0,0,0
2024-06-22 12:00,93,50,43,0,0,0
2024-06-22 12:15,94,58,36,0,0,0
2024-06-22 12:30,81,47,34,0,0,0
2024-06-22 12:45,87,43,44,0,0,0
2024-06-22 13:00,89,51,38,0,0,0
2024-06-22 13:15,94,55,39,0,0,0
2024-06-22 13:30,107,61,46,0,0,0
2024-06-22 13:45,92,37,55,0,0,0
2024-06-22 14:00,85,35,50,0,0,0
2024-06-22 14:15,76,26,50,0,0,0
2024-06-22 14:30,91,32,59,0,0,0
2024-06-22 14:45,85,37,48,0,0,0
2024-06-22 15:00,92,40,52,0,0,0
2024-06-22 15:15,68,29,39,0,0,0
2024-06-22 15:30,90,41,49,0,0,0
2024-06-22 15:45,68,42,26,0,0,0
2024-06-22 16:00,66,32,34,0,0,0
2024-06-22 16:15,72,43,29,0,0,0
2024-06-22 16:30,81,45,36,0,0,0
2024-06-22 16:45,55,18,37,0,0,0
2024-06-22 17:00,55,26,29,0,0,0
2024-06-22 17:15,66,38,28,0,0,0
2024-06-22 17:30,72,38,34,0,0,0
2024-06-22 17:45,84,44,40,0,0,0
2024-06-22 18:00,74,45,29,0,0,0
2024-06-22 18:15,64,26,38,0,0,0
2024-06-22 18:30,65,33,32,0,0,0
2024-06-22 18:45,73,31,42,0,0,0
2024-06-22 19:00,58,34,24,0,0,0
2024-06-22 19:15,46,18,28,0,0,0
2024-06-22 19:30,39,15,24,0,0,0
2024-06-22 19:45,50,24,26,0,0,0
2024-06-22 20:00,59,34,25,0,0,0
2024-06-22 20:15,42,27,15,0,0,0
2024-06-22 20:30,33,14,19,0,0,0
2024-06-22 20:45,48,18,30,0,0,0
2024-06-22 21:00,31,9,22,0,0,0
2024-06-22 21:15,46,23,23,0,0,0
2024-06-22 21:30,29,12,17,0,0,0
2024-06-22 21:45,33,14,19,0,0,0
2024-06-22 22:00,38,11,27,0,0,0
2024-06-22 22:15,26,12,14,0,0,0
2024-06-22 22:30,33,20,13,0,0,0
2024-06-22 22:45,29,12,17,0,0,0
2024-06-22 23:00,19,9,10,0,0,0
2024-06-22 23:15,30,12,18,0,0,0
2024-06-22 23:30,22,10,12,0,0,0
2024-06-22 23:45,23,6,17,0,0,0
2024-06-23 00:00,24,13,11,0,0,0
2024-06-23 00:15,11,4,7,0,0,0
2024-06-23 00:30,14,6,8,0,0,0
2024-06-23 00:45,25,9,16,0,0,0
2024-06-23 01:00,12,2,10,0,0,0
2024-06-23 01:15,4,2,2,0,0,0
2024-06-23 01:30,12,4,8,0,0,0
2024-06-23 01:45,6,4,2,0,0,0
2024-06-23 02:00,10,3,7,0,0,0
2024-06-23 02:15,8,1,7,0,0,0
2024-06-23 02:30,5,1,4,0,0,0
2024-06-23 02:45,8,2,6,0,0,0
2024-06-23 03:00,5,2,3,0,0,0
2024-06-23 03:15,3,1,2,0,0,0
2024-06-23 03:30,2,1,1,0,0,0
2024-06-23 03:45,2,1,1,0,0,0
2024-06-23 04:00,5,0,5,0,0,0
2024-06-23 04:15,4,0,4,0,0,0
2024-06-23 04:30,5,3,2,0,0,0
2024-06-23 04:45,5,1,4,0,0,0
2024-06-23 05:00,4,2,2,0,0,0
2024-06-23 05:15,9,3,6,0,0,0
2024-06-23 05:30,6,4,2,0,0,0
2024-06-23 05:45,4,2,2,0,0,0
2024-06-23 06:00,4,2,2,0,0,0
2024-06-23 06:15,2,1,1,0,0,0
2024-06-23 06:30,2,2,0,0,0,0
2024-06-23 06:45,1,1,0,0,0,0
2024-06-23 07:00,1,1,0,0,0,0
2024-06-23 07:15,7,3,4,0,0,0
2024-06-23 07:30,5,4,1,0,0,0
2024-06-23 07:45,7,2,5,0,0,0
2024-06-23 08:00,9,4,5,0,0,0
2024-06-23 08:15,14,10,4,0,0,0
2024-06-23 08:30,21,13,8,0,0,0
2024-06-23 08:45,24,14,10,0,0,0
2024-06-23 09:00,12,5,7,0,0,0
2024-06-23 09:15,22,10,12,0,0,0
2024-06-23 09:30,32,22,10,0,0,0
2024-06-23 09:45,35,21,14,0,0,0
2024-06-23 10:00,34,20,14,0,0,0
2024-06-23 10:15,37,26,11,0,0,0
2024-06-23 10:30,35,19,16,0,0,0
2024-06-23 10:45,54,24,30,0,0,0
2024-06-23 11:00,38,28,10,0,0,0
2024-06-23 11:15,41,20,21,0,0,0
2024-06-23 11:30,45,28,17,0,0,0
2024-06-23 11:45,40,18,22,0,0,0
2024-06-23 12:00,45,18,27,0,0,0
2024-06-23 12:15,49,21,28,0,0,0
2024-06-23 12:30,60,25,35,0,0,0
2024-06-23 12:45,66,40,26,0,0,0
2024-06-23 13:00,63,34,29,0,0,0
2024-06-23 13:15,36,26,10,0,0,0
2024-06-23 13:30,49,34,15,0,0,0
2024-06-23 13:45,51,29,22,0,0,0
2024-06-23 14:00,43,29,14,0,0,0
2024-06-23 14:15,66,34,32,0,0,0
2024-06-23 14:30,71,39,32,0,0,0
2024-06-23 14:45,80,45,35,0,0,0
2024-06-23 15:00,57,27,30,0,0,0
2024-06-23 15:15,46,25,21,0,0,0
2024-06-23 15:30,69,37,32,0,0,0
2024-06-23 15:45,76,49,27,0,0,0
2024-06-23 16:00,60,37,23,0,0,0
2024-06-23 16:15,60,34,26,0,0,0
2024-06-23 16:30,54,25,29,0,0,0
2024-06-23 16:45,78,40,38,0,0,0
2024-06-23 17:00,61,37,24,0,0,0
2024-06-23 17:15,75,40,35,0,0,0
2024-06-23 17:30,104,57,47,0,0,0
2024-06-23 17:45,76,39,37,0,0,0
2024-06-23 18:00,59,34,25,0,0,0
2024-06-23 18:15,70,36,34,0,0,0
2024-06-23 18:30,62,35,27,0,0,0
2024-06-23 18:45,48,27,21,0,0,0
2024-06-23 19:00,50,30,20,0,0,0
2024-06-23 19:15,51,29,22,0,0,0
2024-06-23 19:30,54,32,22,0,0,0
2024-06-23 19:45,58,32,26,0,0,0
2024-06-23 20:00,60,36,24,0,0,0
2024-06-23 20:15,48,26,22,0,0,0
2024-06-23 20:30,72,32,40,0,0,0
2024-06-23 20:45,43,19,24,0,0,0
2024-06-23 21:00,19,7,12,0,0,0
2024-06-23 21:15,18,5,13,0,0,0
2024-06-23 21:30,18,10,8,0,0,0
2024-06-23 21:45,9,5,4,0,0,0
2024-06-23 22:00,20,11,9,0,0,0
2024-06-23 22:15,6,4,2,0,0,0
2024-06-23 22:30,7,4,3,0,0,0
2024-06-23 22:45,18,7,11,0,0,0
2024-06-23 23:00,88,34,54,0,0,0
2024-06-23 23:15,83,35,48,0,0,0
2024-06-23 23:30,48,11,37,0,0,0
2024-06-23 23:45,16,8,8,0,0,0
2024-06-24 00:00,11,8,3,0,0,0
2024-06-24 00:15,6,1,5,0,0,0
2024-06-24 00:30,7,2,5,0,0,0
2024-06-24 00:45,4,0,4,0,0,0
2024-06-24 01:00,9,2,7,0,0,0
2024-06-24 01:15,5,2,3,0,0,0
2024-06-24 01:30,1,0,1,0,0,0
2024-06-24 01:45,1,0,1,0,0,0
2024-06-24 02:00,1,0,1,0,0,0
2024-06-24 02:15,1,0,1,0,0,0
2024-06-24 02:30,0,0,0,0,0,0
2024-06-24 02:45,0,0,0,0,0,0
2024-06-24 03:00,0,0,0,0,0,0
2024-06-24 03:15,2,1,1,0,0,0
2024-06-24 03:30,0,0,0,0,0,0
2024-06-24 03:45,0,0,0,0,0,0
2024-06-24 04:00,0,0,0,0,0,0
2024-06-24 04:15,0,0,0,0,0,0
2024-06-24 04:30,0,0,0,0,0,0
2024-06-24 04:45,2,2,0,0,0,0
2024-06-24 05:00,3,2,1,0,0,0
2024-06-24 05:15,7,3,4,0,0,0
2024-06-24 05:30,10,8,2,0,0,0
2024-06-24 05:45,13,8,5,0,0,0
2024-06-24 06:00,21,14,7,0,0,0
2024-06-24 06:15,19,14,5,0,0,0
2024-06-24 06:30,42,31,11,0,0,0
2024-06-24 06:45,47,38,9,0,0,0
2024-06-24 07:00,61,42,19,0,0,0
2024-06-24 07:15,101,64,37,0,0,0
2024-06-24 07:30,185,131,54,0,0,0
2024-06-24 07:45,157,111,46,0,0,0
2024-06-24 08:00,122,91,31,0,0,0
2024-06-24 08:15,127,92,35,0,0,0
2024-06-24 08:30,106,71,35,0,0,0
2024-06-24 08:45,112,91,21,0,0,0
2024-06-24 09:00,66,44,22,0,0,0
2024-06-24 09:15,56,40,16,0,0,0
2024-06-24 09:30,85,60,25,0,0,0
2024-06-24 09:45,130,96,34,0,0,0
2024-06-24 10:00,83,63,20,0,0,0
2024-06-24 10:15,61,42,19,0,0,0
2024-06-24 10:30,69,37,32,0,0,0
2024-06-24 10:45,78,50,28,0,0,0
2024-06-24 11:00,52,29,23,0,0,0
2024-06-24 11:15,75,46,29,0,0,0
2024-06-24 11:30,66,44,22,0,0,0
2024-06-24 11:45,99,63,36,0,0,0
2024-06-24 12:00,99,50,49,0,0,0
2024-06-24 12:15,90,46,44,0,0,0
2024-06-24 12:30,68,34,34,0,0,0
2024-06-24 12:45,86,44,42,0,0,0
2024-06-24 13:00,106,54,52,0,0,0
2024-06-24 13:15,93,37,56,0,0,0
2024-06-24 13:30,86,42,44,0,0,0
2024-06-24 13:45,133,67,66,0,0,0
2024-06-24 14:00,118,53,65,0,0,0
2024-06-24 14:15,78,36,42,0,0,0
2024-06-24 14:30,67,36,31,0,0,0
2024-06-24 14:45,123,73,50,0,0,0
2024-06-24 15:00,84,39,45,0,0,0
2024-06-24 15:15,102,45,57,0,0,0
2024-06-24 15:30,129,75,54,0,0,0
2024-06-24 15:45,151,72,79,0,0,0
2024-06-24 16:00,137,58,79,0,0,0
2024-06-24 16:15,130,62,68,0,0,0
2024-06-24 16:30,117,49,68,0,0,0
2024-06-24 16:45,115,56,59,0,0,0
2024-06-24 17:00,121,52,69,0,0,0
2024-06-24 17:15,153,52,101,0,0,0
2024-06-24 17:30,141,63,78,0,0,0
2024-06-24 17:45,144,62,82,0,0,0
2024-06-24 18:00,131,49,82,0,0,0
2024-06-24 18:15,109,46,63,0,0,0
2024-06-24 18:30,101,45,56,0,0,0
2024-06-24 18:45,119,57,62,0,0,0
2024-06-24 19:00,93,38,55,0,0,0
2024-06-24 19:15,92,47,45,0,0,0
2024-06-24 19:30,68,27,41,0,0,0
2024-06-24 19:45,66,23,43,0,0,0
2024-06-24 20:00,74,37,37,0,0,0
2024-06-24 20:15,52,23,29,0,0,0
2024-06-24 20:30,58,21,37,0,0,0
2024-06-24 20:45,57,21,36,0,0,0
2024-06-24 21:00,42,19,23,0,0,0
2024-06-24 21:15,54,23,31,0,0,0
2024-06-24 21:30,45,22,23,0,0,0
2024-06-24 21:45,49,12,37,0,0,0
2024-06-24 22:00,44,18,26,0,0,0
2024-06-24 22:15,32,11,21,0,0,0
2024-06-24 22:30,27,13,14,0,0,0
2024-06-24 22:45,21,8,13,0,0,0
2024-06-24 23:00,22,10,12,0,0,0
2024-06-24 23:15,30,11,19,0,0,0
2024-06-24 23:30,8,6,2,0,0,0
2024-06-24 23:45,10,1,9,0,0,0
2024-06-25 00:00,7,2,5,0,0,0
2024-06-25 00:15,5,3,2,0,0,0
2024-06-25 00:30,4,1,3,0,0,0
2024-06-25 00:45,2,0,2,0,0,0
2024-06-25 01:00,2,1,1,0,0,0
2024-06-25 01:15,4,3,1,0,0,0
2024-06-25 01:30,3,2,1,0,0,0
2024-06-25 01:45,1,1,0,0,0,0
2024-06-25 02:00,1,0,1,0,0,0
2024-06-25 02:15,6,3,3,0,0,0
2024-06-25 02:30,0,0,0,0,0,0
2024-06-25 02:45,0,0,0,0,0,0
2024-06-25 03:00,1,0,1,0,0,0
2024-06-25 03:15,0,0,0,0,0,0
2024-06-25 03:30,1,1,0,0,0,0
2024-06-25 03:45,0,0,0,0,0,0
2024-06-25 04:00,2,2,0,0,0,0
2024-06-25 04:15,0,0,0,0,0,0
2024-06-25 04:30,1,1,0,0,0,0
2024-06-25 04:45,0,0,0,0,0,0
2024-06-25 05:00,3,1,2,0,0,0
2024-06-25 05:15,10,7,3,0,0,0
2024-06-25 05:30,9,7,2,0,0,0
2024-06-25 05:45,14,8,6,0,0,0
2024-06-25 06:00,17,14,3,0,0,0
2024-06-25 06:15,25,22,3,0,0,0
2024-06-25 06:30,39,27,12,0,0,0
2024-06-25 06:45,46,39,7,0,0,0
2024-06-25 07:00,72,43,29,0,0,0
2024-06-25 07:15,111,88,23,0,0,0
2024-06-25 07:30,165,118,47,0,0,0
2024-06-25 07:45,183,141,42,0,0,0
2024-06-25 08:00,119,94,25,0,0,0
2024-06-25 08:15,107,81,26,0,0,0
2024-06-25 08:30,92,67,25,0,0,0
2024-06-25 08:45,97,70,27,0,0,0
2024-06-25 09:00,68,51,17,0,0,0
2024-06-25 09:15,78,64,14,0,0,0
2024-06-25 09:30,95,63,32,0,0,0
2024-06-25 09:45,149,116,33,0,0,0
2024-06-25 10:00,94,71,23,0,0,0
2024-06-25 10:15,77,43,34,0,0,0
2024-06-25 10:30,59,36,23,0,0,0
2024-06-25 10:45,73,42,31,0,0,0
2024-06-25 11:00,63,28,35,0,0,0
2024-06-25 11:15,77,40,37,0,0,0
2024-06-25 11:30,66,27,39,0,0,0
2024-06-25 11:45,106,67,39,0,0,0
2024-06-25 12:00,76,40,36,0,0,0
2024-06-25 12:15,102,53,49,0,0,0
2024-06-25 12:30,72,45,27,0,0,0
2024-06-25 12:45,102,49,53,0,0,0
2024-06-25 13:00,137,72,65,0,0,0
2024-06-25 13:15,103,53,50,0,0,0
2024-06-25 13:30,86,33,53,0,0,0
2024-06-25 13:45,111,59,52,0,0,0
2024-06-25 14:00,89,40,49,0,0,0
2024-06-25 14:15,87,42,45,0,0,0
2024-06-25 14:30,80,38,42,0,0,0
2024-06-25 14:45,102,58,44,0,0,0
2024-06-25 15:00,100,41,59,0,0,0
2024-06-25 15:15,105,40,65,0,0,0
2024-06-25 15:30,108,43,65,0,0,0
2024-06-25 15:45,171,79,92,0,0,0
2024-06-25 16:00,138,54,84,0,0,0
2024-06-25 16:15,144,58,86,0,0,0
2024-06-25 16:30,116,39,77,0,0,0
2024-06-25 16:45,144,63,81,0,0,0
2024-06-25 17:00,131,59,72,0,0,0
2024-06-25 17:15,136,59,77,0,0,0
2024-06-25 17:30,128,49,79,0,0,0
2024-06-25 17:45,166,78,88,0,0,0
2024-06-25 18:00,133,62,71,0,0,0
2024-06-25 18:15,116,63,53,0,0,0
2024-06-25 18:30,120,54,66,0,0,0
2024-06-25 18:45,118,47,71,0,0,0
2024-06-25 19:00,94,46,48,0,0,0
2024-06-25 19:15,89,44,45,0,0,0
2024-06-25 19:30,87,39,48,0,0,0
2024-06-25 19:45,70,35,35,0,0,0
2024-06-25 20:00,84,32,52,0,0,0
2024-06-25 20:15,64,35,29,0,0,0
2024-06-25 20:30,59,25,34,0,0,0
2024-06-25 20:45,50,28,22,0,0,0
2024-06-25 21:00,60,33,27,0,0,0
2024-06-25 21:15,59,24,35,0,0,0
2024-06-25 21:30,60,23,37,0,0,0
2024-06-25 21:45,51,23,28,0,0,0
2024-06-25 22:00,50,21,29,0,0,0
2024-06-25 22:15,69,33,36,0,0,0
2024-06-25 22:30,38,13,25,0,0,0
2024-06-25 22:45,29,7,22,0,0,0
2024-06-25 23:00,44,12,32,0,0,0
2024-06-25 23:15,26,10,16,0,0,0
2024-06-25 23:30,17,8,9,0,0,0
2024-06-25 23:45,6,1,5,0,0,0
2024-06-26 00:00,12,3,9,0,0,0
2024-06-26 00:15,8,4,4,0,0,0
2024-06-26 00:30,4,1,3,0,0,0
2024-06-26 00:45,3,1,2,0,0,0
2024-06-26 01:00,4,1,3,0,0,0
2024-06-26 01:15,2,0,2,0,0,0
2024-06-26 01:30,1,0,1,0,0,0
2024-06-26 01:45,2,0,2,0,0,0
2024-06-26 02:00,1,1,0,0,0,0
2024-06-26 02:15,0,0,0,0,0,0
2024-06-26 02:30,1,0,1,0,0,0
2024-06-26 02:45,0,0,0,0,0,0
2024-06-26 03:00,0,0,0,0,0,0
2024-06-26 03:15,2,0,2,0,0,0
2024-06-26 03:30,1,1,0,0,0,0
2024-06-26 03:45,0,0,0,0,0,0
2024-06-26 04:00,1,1,0,0,0,0
2024-06-26 04:15,0,0,0,0,0,0
2024-06-26 04:30,2,2,0,0,0,0
2024-06-26 04:45,2,1,1,0,0,0
2024-06-26 05:00,2,1,1,0,0,0
2024-06-26 05:15,5,4,1,0,0,0
2024-06-26 05:30,10,4,6,0,0,0
2024-06-26 05:45,18,9,9,0,0,0
2024-06-26 06:00,18,13,5,0,0,0
2024-06-26 06:15,25,20,5,0,0,0
2024-06-26 06:30,43,35,8,0,0,0
2024-06-26 06:45,52,38,14,0,0,0
2024-06-26 07:00,66,47,19,0,0,0
2024-06-26 07:15,93,76,17,0,0,0
2024-06-26 07:30,149,109,40,0,0,0
2024-06-26 07:45,170,118,52,0,0,0
2024-06-26 08:00,129,98,31,0,0,0
2024-06-26 08:15,111,81,30,0,0,0
2024-06-26 08:30,96,72,24,0,0,0
2024-06-26 08:45,113,83,30,0,0,0
2024-06-26 09:00,88,68,20,0,0,0
2024-06-26 09:15,87,71,16,0,0,0
2024-06-26 09:30,102,77,25,0,0,0
2024-06-26 09:45,119,89,30,0,0,0
2024-06-26 10:00,87,68,19,0,0,0
2024-06-26 10:15,87,54,33,0,0,0
2024-06-26 10:30,79,47,32,0,0,0
2024-06-26 10:45,82,54,28,0,0,0
2024-06-26 11:00,74,46,28,0,0,0
2024-06-26 11:15,81,46,35,0,0,0
2024-06-26 11:30,66,36,30,0,0,0
2024-06-26 11:45,99,47,52,0,0,0
2024-06-26 12:00,111,68,43,0,0,0
2024-06-26 12:15,90,40,50,0,0,0
2024-06-26 12:30,88,45,43,0,0,0
2024-06-26 12:45,106,44,62,0,0,0
2024-06-26 13:00,145,81,64,0,0,0
2024-06-26 13:15,106,37,69,0,0,0
2024-06-26 13:30,92,40,52,0,0,0
2024-06-26 13:45,121,54,67,0,0,0
2024-06-26 14:00,93,37,56,0,0,0
2024-06-26 14:15,78,36,42,0,0,0
2024-06-26 14:30,67,31,36,0,0,0
2024-06-26 14:45,131,57,74,0,0,0
2024-06-26 15:00,111,56,55,0,0,0
2024-06-26 15:15,101,40,61,0,0,0
2024-06-26 15:30,101,43,58,0,0,0
2024-06-26 15:45,140,65,75,0,0,0
2024-06-26 16:00,108,52,56,0,0,0
2024-06-26 16:15,116,47,69,0,0,0
2024-06-26 16:30,113,37,76,0,0,0
2024-06-26 16:45,141,67,74,0,0,0
2024-06-26 17:00,125,56,69,0,0,0
2024-06-26 17:15,146,68,78,0,0,0
2024-06-26 17:30,124,55,69,0,0,0
2024-06-26 17:45,140,60,80,0,0,0
2024-06-26 18:00,126,63,63,0,0,0
2024-06-26 18:15,128,57,71,0,0,0
2024-06-26 18:30,82,36,46,0,0,0
2024-06-26 18:45,105,52,53,0,0,0
2024-06-26 19:00,107,41,66,0,0,0
2024-06-26 19:15,114,65,49,0,0,0
2024-06-26 19:30,75,34,41,0,0,0
2024-06-26 19:45,79,36,43,0,0,0
2024-06-26 20:00,82,31,51,0,0,0
2024-06-26 20:15,92,38,54,0,0,0
2024-06-26 20:30,51,22,29,0,0,0
2024-06-26 20:45,62,37,25,0,0,0
2024-06-26 21:00,55,27,28,0,0,0
2024-06-26 21:15,59,32,27,0,0,0
2024-06-26 21:30,55,27,28,0,0,0
2024-06-26 21:45,49,18,31,0,0,0
2024-06-26 22:00,56,22,34,0,0,0
2024-06-26 22:15,28,10,18,0,0,0
2024-06-26 22:30,47,13,34,0,0,0
2024-06-26 22:45,52,16,36,0,0,0
2024-06-26 23:00,42,17,25,0,0,0
2024-06-26 23:15,50,17,33,0,0,0
2024-06-26 23:30,20,6,14,0,0,0
2024-06-26 23:45,15,5,10,0,0,0
2024-06-27 00:00,15,9,6,0,0,0
2024-06-27 00:15,7,0,7,0,0,0
2024-06-27 00:30,7,0,7,0,0,0
2024-06-27 00:45,9,4,5,0,0,0
2024-06-27 01:00,4,0,4,0,0,0
2024-06-27 01:15,3,2,1,0,0,0
2024-06-27 01:30,2,1,1,0,0,0
2024-06-27 01:45,3,1,2,0,0,0
2024-06-27 02:00,3,0,3,0,0,0
2024-06-27 02:15,6,0,6,0,0,0
2024-06-27 02:30,4,0,4,0,0,0
2024-06-27 02:45,6,1,5,0,0,0
2024-06-27 03:00,1,0,1,0,0,0
2024-06-27 03:15,1,1,0,0,0,0
2024-06-27 03:30,1,0,1,0,0,0
2024-06-27 03:45,0,0,0,0,0,0
2024-06-27 04:00,1,1,0,0,0,0
2024-06-27 04:15,0,0,0,0,0,0
2024-06-27 04:30,3,1,2,0,0,0
2024-06-27 04:45,1,0,1,0,0,0
2024-06-27 05:00,4,2,2,0,0,0
2024-06-27 05:15,9,6,3,0,0,0
2024-06-27 05:30,4,3,1,0,0,0
2024-06-27 05:45,17,10,7,0,0,0
2024-06-27 06:00,8,6,2,0,0,0
2024-06-27 06:15,26,22,4,0,0,0
2024-06-27 06:30,34,20,14,0,0,0
2024-06-27 06:45,46,30,16,0,0,0
2024-06-27 07:00,53,31,22,0,0,0
2024-06-27 07:15,95,68,27,0,0,0
2024-06-27 07:30,191,138,53,0,0,0
2024-06-27 07:45,168,119,49,0,0,0
2024-06-27 08:00,118,92,26,0,0,0
2024-06-27 08:15,117,84,33,0,0,0
2024-06-27 08:30,104,78,26,0,0,0
2024-06-27 08:45,104,73,31,0,0,0
2024-06-27 09:00,79,58,21,0,0,0
2024-06-27 09:15,81,56,25,0,0,0
2024-06-27 09:30,97,64,33,0,0,0
2024-06-27 09:45,121,86,35,0,0,0
2024-06-27 10:00,97,71,26,0,0,0
2024-06-27 10:15,67,39,28,0,0,0
2024-06-27 10:30,72,47,25,0,0,0
2024-06-27 10:45,73,44,29,0,0,0
2024-06-27 11:00,41,27,14,0,0,0
2024-06-27 11:15,65,33,32,0,0,0
2024-06-27 11:30,62,35,27,0,0,0
2024-06-27 11:45,82,49,33,0,0,0
2024-06-27 12:00,79,40,39,0,0,0
2024-06-27 12:15,90,45,45,0,0,0
2024-06-27 12:30,74,33,41,0,0,0
2024-06-27 12:45,81,42,39,0,0,0
2024-06-27 13:00,140,74,66,0,0,0
2024-06-27 13:15,95,44,51,0,0,0
2024-06-27 13:30,99,43,56,0,0,0
2024-06-27 13:45,91,49,42,0,0,0
2024-06-27 14:00,78,32,46,0,0,0
2024-06-27 14:15,80,33,47,0,0,0
2024-06-27 14:30,89,47,42,0,0,0
2024-06-27 14:45,90,42,48,0,0,0
2024-06-27 15:00,108,60,48,0,0,0
2024-06-27 15:15,105,42,63,0,0,0
2024-06-27 15:30,98,41,57,0,0,0
2024-06-27 15:45,133,59,74,0,0,0
2024-06-27 16:00,128,49,79,0,0,0
2024-06-27 16:15,114,50,64,0,0,0
2024-06-27 16:30,110,48,62,0,0,0
2024-06-27 16:45,122,44,78,0,0,0
2024-06-27 17:00,133,56,77,0,0,0
2024-06-27 17:15,124,58,66,0,0,0
2024-06-27 17:30,118,56,62,0,0,0
2024-06-27 17:45,134,66,68,0,0,0
2024-06-27 18:00,115,59,56,0,0,0
2024-06-27 18:15,106,50,56,0,0,0
2024-06-27 18:30,107,50,57,0,0,0
2024-06-27 18:45,131,63,68,0,0,0
2024-06-27 19:00,88,49,39,0,0,0
2024-06-27 19:15,95,51,44,0,0,0
2024-06-27 19:30,84,41,43,0,0,0
2024-06-27 19:45,95,44,51,0,0,0
2024-06-27 20:00,53,25,28,0,0,0
2024-06-27 20:15,75,40,35,0,0,0
2024-06-27 20:30,50,21,29,0,0,0
2024-06-27 20:45,76,38,38,0,0,0
2024-06-27 21:00,60,32,28,0,0,0
2024-06-27 21:15,57,24,33,0,0,0
2024-06-27 21:30,51,22,29,0,0,0
2024-06-27 21:45,52,25,27,0,0,0
2024-06-27 22:00,47,17,30,0,0,0
2024-06-27 22:15,87,45,42,0,0,0
2024-06-27 22:30,51,25,26,0,0,0
2024-06-27 22:45,37,9,28,0,0,0
2024-06-27 23:00,25,9,16,0,0,0
2024-06-27 23:15,40,10,30,0,0,0
2024-06-27 23:30,31,8,23,0,0,0
2024-06-27 23:45,18,8,10,0,0,0
2024-06-28 00:00,13,1,12,0,0,0
2024-06-28 00:15,11,4,7,0,0,0
2024-06-28 00:30,9,2,7,0,0,0
2024-06-28 00:45,12,4,8,0,0,0
2024-06-28 01:00,6,0,6,0,0,0
2024-06-28 01:15,4,1,3,0,0,0
2024-06-28 01:30,3,2,1,0,0,0
2024-06-28 01:45,3,1,2,0,0,0
2024-06-28 02:00,2,0,2,0,0,0
2024-06-28 02:15,1,0,1,0,0,0
2024-06-28 02:30,3,1,2,0,0,0
2024-06-28 02:45,0,0,0,0,0,0
2024-06-28 03:00,1,0,1,0,0,0
2024-06-28 03:15,1,1,0,0,0,0
2024-06-28 03:30,0,0,0,0,0,0
2024-06-28 03:45,0,0,0,0,0,0
2024-06-28 04:00,1,1,0,0,0,0
2024-06-28 04:15,0,0,0,0,0,0
2024-06-28 04:30,1,0,1,0,0,0
2024-06-28 04:45,4,3,1,0,0,0
2024-06-28 05:00,3,1,2,0,0,0
2024-06-28 05:15,7,4,3,0,0,0
2024-06-28 05:30,10,7,3,0,0,0
2024-06-28 05:45,10,6,4,0,0,0
2024-06-28 06:00,12,10,2,0,0,0
2024-06-28 06:15,27,23,4,0,0,0
2024-06-28 06:30,28,23,5,0,0,0
2024-06-28 06:45,26,20,6,0,0,0
2024-06-28 07:00,49,33,16,0,0,0
2024-06-28 07:15,73,55,18,0,0,0
2024-06-28 07:30,143,96,47,0,0,0
2024-06-28 07:45,158,120,38,0,0,0
2024-06-28 08:00,102,78,24,0,0,0
2024-06-28 08:15,87,62,25,0,0,0
2024-06-28 08:30,86,58,28,0,0,0
2024-06-28 08:45,87,63,24,0,0,0
2024-06-28 09:00,77,46,31,0,0,0
2024-06-28 09:15,65,47,18,0,0,0
2024-06-28 09:30,90,59,31,0,0,0
2024-06-28 09:45,93,66,27,0,0,0
2024-06-28 10:00,79,57,22,0,0,0
2024-06-28 10:15,64,40,24,0,0,0
2024-06-28 10:30,58,35,23,0,0,0
2024-06-28 10:45,66,41,25,0,0,0
2024-06-28 11:00,61,36,25,0,0,0
2024-06-28 11:15,90,57,33,0,0,0
2024-06-28 11:30,76,46,30,0,0,0
2024-06-28 11:45,85,47,38,0,0,0
2024-06-28 12:00,91,51,40,0,0,0
2024-06-28 12:15,101,51,50,0,0,0
2024-06-28 12:30,81,35,46,0,0,0
2024-06-28 12:45,103,51,52,0,0,0
2024-06-28 13:00,113,60,53,0,0,0
2024-06-28 13:15,115,49,66,0,0,0
2024-06-28 13:30,87,42,45,0,0,0
2024-06-28 13:45,126,66,60,0,0,0
2024-06-28 14:00,94,44,50,0,0,0
2024-06-28 14:15,94,49,45,0,0,0
2024-06-28 14:30,72,38,34,0,0,0
2024-06-28 14:45,98,42,56,0,0,0
2024-06-28 15:00,113,53,60,0,0,0
2024-06-28 15:15,93,44,49,0,0,0
2024-06-28 15:30,110,62,48,0,0,0
2024-06-28 15:45,115,54,61,0,0,0
2024-06-28 16:00,92,41,51,0,0,0
2024-06-28 16:15,102,44,58,0,0,0
2024-06-28 16:30,109,60,49,0,0,0
2024-06-28 16:45,100,51,49,0,0,0
2024-06-28 17:00,98,52,46,0,0,0
2024-06-28 17:15,104,54,50,0,0,0
2024-06-28 17:30,105,49,56,0,0,0
2024-06-28 17:45,136,73,63,0,0,0
2024-06-28 18:00,112,61,51,0,0,0
2024-06-28 18:15,96,53,43,0,0,0
2024-06-28 18:30,109,63,46,0,0,0
2024-06-28 18:45,119,72,47,0,0,0
2024-06-28 19:00,122,53,69,0,0,0
2024-06-28 19:15,111,49,62,0,0,0
2024-06-28 19:30,71,34,37,0,0,0
2024-06-28 19:45,70,38,32,0,0,0
2024-06-28 20:00,79,34,45,0,0,0
2024-06-28 20:15,42,22,20,0,0,0
2024-06-28 20:30,44,21,23,0,0,0
2024-06-28 20:45,41,29,12,0,0,0
2024-06-28 21:00,54,23,31,0,0,0
2024-06-28 21:15,57,35,22,0,0,0
2024-06-28 21:30,56,34,22,0,0,0
2024-06-28 21:45,77,59,18,0,0,0
2024-06-28 22:00,54,30,24,0,0,0
2024-06-28 22:15,28,15,13,0,0,0
2024-06-28 22:30,41,17,24,0,0,0
2024-06-28 22:45,47,13,34,0,0,0
2024-06-28 23:00,46,17,29,0,0,0
2024-06-28 23:15,100,12,88,0,0,0
2024-06-28 23:30,66,15,51,0,0,0
2024-06-28 23:45,40,16,24,0,0,0
