Datetime,300037933 (Weißenburg Str.),353413852 (Weißenburg Str. [Bike Stadteinwärts]),353413853 (Weißenburg Str. [Bike Stadtauswärts]),300037933-status,353413852-status,353413853-status
2025-04-01 12:15,17,12,5,0,0,0
2025-04-01 12:30,35,19,16,0,0,0
2025-04-01 12:45,27,16,11,0,0,0
2025-04-01 13:00,15,10,5,0,0,0
2025-04-01 13:15,36,21,15,0,0,0
2025-04-01 13:30,24,11,13,0,0,0
2025-04-01 13:45,63,45,18,0,0,0
2025-04-01 14:00,28,14,14,0,0,0
2025-04-01 14:15,27,17,10,0,0,0
2025-04-01 14:30,31,16,15,0,0,0
2025-04-01 14:45,28,13,15,0,0,0
2025-04-01 15:00,35,22,13,0,0,0
2025-04-01 15:15,33,28,5,0,0,0
2025-04-01 15:30,31,18,13,0,0,0
2025-04-01 15:45,25,8,17,0,0,0
2025-04-01 16:00,39,25,14,0,0,0
2025-04-01 16:15,34,16,18,0,0,0
2025-04-01 16:30,28,16,12,0,0,0
2025-04-01 16:45,22,12,10,0,0,0
2025-04-01 17:00,32,16,16,0,0,0
2025-04-01 17:15,38,18,20,0,0,0
2025-04-01 17:30,39,23,16,0,0,0
2025-04-01 17:45,31,14,17,0,0,0
2025-04-01 18:00,35,21,14,0,0,0
2025-04-01 18:15,42,28,14,0,0,0
2025-04-01 18:30,21,10,11,0,0,0
2025-04-01 18:45,18,7,11,0,0,0
2025-04-01 19:00,26,11,15,0,0,0
2025-04-01 19:15,24,15,9,0,0,0
2025-04-01 19:30,23,16,7,0,0,0
2025-04-01 19:45,19,11,8,0,0,0
2025-04-01 20:00,22,12,10,0,0,0
2025-04-01 20:15,17,11,6,0,0,0
2025-04-01 20:30,6,4,2,0,0,0
2025-04-01 20:45,13,4,9,0,0,0
2025-04-01 21:00,11,6,5,0,0,0
2025-04-01 21:15,12,7,5,0,0,0
2025-04-01 21:30,16,7,9,0,0,0
2025-04-01 21:45,11,7,4,0,0,0
2025-04-01 22:00,7,2,5,0,0,0
2025-04-01 22:15,9,7,2,0,0,0
2025-04-01 22:30,5,4,1,0,0,0
2025-04-01 22:45,9,4,5,0,0,0
2025-04-01 23:00,2,0,2,0,0,0
2025-04-01 23:15,4,1,3,0,0,0
2025-04-01 23:30,2,0,2,0,0,0
2025-04-01 23:45,8,3,5,0,0,0
2025-04-02 00:00,1,1,0,0,0,0
2025-04-02 00:15,2,1,1,0,0,0
2025-04-02 00:30,0,0,0,0,0,0
2025-04-02 00:45,1,0,1,0,0,0
2025-04-02 01:00,0,0,0,0,0,0
2025-04-02 01:15,0,0,0,0,0,0
2025-04-02 01:30,0,0,0,0,0,0
2025-04-02 01:45,0,0,0,0,0,0
2025-04-02 02:00,0,0,0,0,0,0
2025-04-02 02:15,1,0,1,0,0,0
2025-04-02 02:30,1,0,1,0,0,0
2025-04-02 02:45,0,0,0,0,0,0
2025-04-02 03:00,0,0,0,0,0,0
2025-04-02 03:15,1,0,1,0,0,0
2025-04-02 03:30,0,0,0,0,0,0
2025-04-02 03:45,0,0,0,0,0,0
2025-04-02 04:00,0,0,0,0,0,0
2025-04-02 04:15,1,0,1,0,0,0
2025-04-02 04:30,0,0,0,0,0,0
2025-04-02 04:45,3,2,1,0,0,0
2025-04-02 05:00,3,2,1,0,0,0
2025-04-02 05:15,1,1,0,0,0,0
2025-04-02 05:30,6,1,5,0,0,0
2025-04-02 05:45,3,2,1,0,0,0
2025-04-02 06:00,4,2,2,0,0,0
2025-04-02 06:15,9,4,5,0,0,0
2025-04-02 06:30,8,2,6,0,0,0
2025-04-02 06:45,5,1,4,0,0,0
2025-04-02 07:00,23,8,15,0,0,0
2025-04-02 07:15,41,3,38,0,0,0
2025-04-02 07:30,114,14,100,0,0,0
2025-04-02 07:45,30,10,20,0,0,0
2025-04-02 08:00,29,6,23,0,0,0
2025-04-02 08:15,32,13,19,0,0,0
2025-04-02 08:30,34,13,21,0,0,0
2025-04-02 08:45,43,13,30,0,0,0
2025-04-02 09:00,27,12,15,0,0,0
2025-04-02 09:15,16,8,8,0,0,0
2025-04-02 09:30,15,5,10,0,0,0
2025-04-02 09:45,21,7,14,0,0,0
2025-04-02 10:00,21,6,15,0,0,0
2025-04-02 10:15,26,8,18,0,0,0
2025-04-02 10:30,27,11,16,0,0,0
2025-04-02 10:45,27,15,12,0,0,0
2025-04-02 11:00,17,12,5,0,0,0
2025-04-02 11:15,23,11,12,0,0,0
2025-04-02 11:30,15,7,8,0,0,0
2025-04-02 11:45,19,8,11,0,0,0
2025-04-02 12:00,25,14,11,0,0,0
2025-04-02 12:15,42,31,11,0,0,0
2025-04-02 12:30,34,23,11,0,0,0
2025-04-02 12:45,21,14,7,0,0,0
2025-04-02 13:00,13,6,7,0,0,0
2025-04-02 13:15,29,10,19,0,0,0
2025-04-02 13:30,26,10,16,0,0,0
2025-04-02 13:45,44,42,2,0,0,0
2025-04-02 14:00,25,19,6,0,0,0
2025-04-02 14:15,26,13,13,0,0,0
2025-04-02 14:30,32,22,10,0,0,0
2025-04-02 14:45,40,19,21,0,0,0
2025-04-02 15:00,42,25,17,0,0,0
2025-04-02 15:15,23,17,6,0,0,0
2025-04-02 15:30,29,18,11,0,0,0
2025-04-02 15:45,55,28,27,0,0,0
2025-04-02 16:00,43,20,23,0,0,0
2025-04-02 16:15,30,17,13,0,0,0
2025-04-02 16:30,34,18,16,0,0,0
2025-04-02 16:45,38,18,20,0,0,0
2025-04-02 17:00,36,21,15,0,0,0
2025-04-02 17:15,29,15,14,0,0,0
2025-04-02 17:30,37,19,18,0,0,0
2025-04-02 17:45,45,23,22,0,0,0
2025-04-02 18:00,28,14,14,0,0,0
2025-04-02 18:15,33,22,11,0,0,0
2025-04-02 18:30,34,17,17,0,0,0
2025-04-02 18:45,28,10,18,0,0,0
2025-04-02 19:00,27,12,15,0,0,0
2025-04-02 19:15,34,21,13,0,0,0
2025-04-02 19:30,17,4,13,0,0,0
2025-04-02 19:45,14,5,9,0,0,0
2025-04-02 20:00,15,12,3,0,0,0
2025-04-02 20:15,17,10,7,0,0,0
2025-04-02 20:30,4,2,2,0,0,0
2025-04-02 20:45,17,9,8,0,0,0
2025-04-02 21:00,21,9,12,0,0,0
2025-04-02 21:15,13,11,2,0,0,0
2025-04-02 21:30,12,4,8,0,0,0
2025-04-02 21:45,7,3,4,0,0,0
2025-04-02 22:00,7,1,6,0,0,0
2025-04-02 22:15,11,8,3,0,0,0
2025-04-02 22:30,9,7,2,0,0,0
2025-04-02 22:45,8,4,4,0,0,0
2025-04-02 23:00,4,1,3,0,0,0
2025-04-02 23:15,1,0,1,0,0,0
2025-04-02 23:30,0,0,0,0,0,0
2025-04-02 23:45,0,0,0,0,0,0
2025-04-03 00:00,0,0,0,0,0,0
2025-04-03 00:15,2,1,1,0,0,0
2025-04-03 00:30,1,1,0,0,0,0
2025-04-03 00:45,2,0,2,0,0,0
2025-04-03 01:00,1,1,0,0,0,0
2025-04-03 01:15,1,1,0,0,0,0
2025-04-03 01:30,0,0,0,0,0,0
2025-04-03 01:45,1,1,0,0,0,0
2025-04-03 02:00,0,0,0,0,0,0
2025-04-03 02:15,4,1,3,0,0,0
2025-04-03 02:30,3,2,1,0,0,0
2025-04-03 02:45,1,1,0,0,0,0
2025-04-03 03:00,1,0,1,0,0,0
2025-04-03 03:15,1,0,1,0,0,0
2025-04-03 03:30,0,0,0,0,0,0
2025-04-03 03:45,0,0,0,0,0,0
2025-04-03 04:00,0,0,0,0,0,0
2025-04-03 04:15,2,1,1,0,0,0
2025-04-03 04:30,2,0,2,0,0,0
2025-04-03 04:45,1,1,0,0,0,0
2025-04-03 05:00,3,2,1,0,0,0
2025-04-03 05:15,0,0,0,0,0,0
2025-04-03 05:30,10,3,7,0,0,0
2025-04-03 05:45,1,0,1,0,0,0
2025-04-03 06:00,7,2,5,0,0,0
2025-04-03 06:15,9,8,1,0,0,0
2025-04-03 06:30,8,3,5,0,0,0
2025-04-03 06:45,10,2,8,0,0,0
2025-04-03 07:00,20,6,14,0,0,0
2025-04-03 07:15,40,10,30,0,0,0
2025-04-03 07:30,98,17,81,0,0,0
2025-04-03 07:45,29,11,18,0,0,0
2025-04-03 08:00,24,8,16,0,0,0
2025-04-03 08:15,37,17,20,0,0,0
2025-04-03 08:30,27,9,18,0,0,0
2025-04-03 08:45,36,10,26,0,0,0
2025-04-03 09:00,25,8,17,0,0,0
2025-04-03 09:15,11,2,9,0,0,0
2025-04-03 09:30,17,6,11,0,0,0
2025-04-03 09:45,20,15,5,0,0,0
2025-04-03 10:00,28,6,22,0,0,0
2025-04-03 10:15,12,6,6,0,0,0
2025-04-03 10:30,18,8,10,0,0,0
2025-04-03 10:45,17,5,12,0,0,0
2025-04-03 11:00,13,7,6,0,0,0
2025-04-03 11:15,21,12,9,0,0,0
2025-04-03 11:30,14,8,6,0,0,0
2025-04-03 11:45,17,7,10,0,0,0
2025-04-03 12:00,31,18,13,0,0,0
2025-04-03 12:15,48,30,18,0,0,0
2025-04-03 12:30,33,15,18,0,0,0
2025-04-03 12:45,18,11,7,0,0,0
2025-04-03 13:00,22,16,6,0,0,0
2025-04-03 13:15,20,12,8,0,0,0
2025-04-03 13:30,36,22,14,0,0,0
2025-04-03 13:45,37,22,15,0,0,0
2025-04-03 14:00,35,21,14,0,0,0
2025-04-03 14:15,29,16,13,0,0,0
2025-04-03 14:30,33,19,14,0,0,0
2025-04-03 14:45,29,15,14,0,0,0
2025-04-03 15:00,49,26,23,0,0,0
2025-04-03 15:15,42,24,18,0,0,0
2025-04-03 15:30,35,16,19,0,0,0
2025-04-03 15:45,42,20,22,0,0,0
2025-04-03 16:00,29,22,7,0,0,0
2025-04-03 16:15,25,20,5,0,0,0
2025-04-03 16:30,23,10,13,0,0,0
2025-04-03 16:45,33,17,16,0,0,0
2025-04-03 17:00,40,20,20,0,0,0
2025-04-03 17:15,45,22,23,0,0,0
2025-04-03 17:30,29,20,9,0,0,0
2025-04-03 17:45,38,19,19,0,0,0
2025-04-03 18:00,31,18,13,0,0,0
2025-04-03 18:15,36,16,20,0,0,0
2025-04-03 18:30,32,18,14,0,0,0
2025-04-03 18:45,39,18,21,0,0,0
2025-04-03 19:00,21,8,13,0,0,0
2025-04-03 19:15,23,7,16,0,0,0
2025-04-03 19:30,23,15,8,0,0,0
2025-04-03 19:45,18,13,5,0,0,0
2025-04-03 20:00,12,5,7,0,0,0
2025-04-03 20:15,19,7,12,0,0,0
2025-04-03 20:30,5,4,1,0,0,0
2025-04-03 20:45,20,10,10,0,0,0
2025-04-03 21:00,9,5,4,0,0,0
2025-04-03 21:15,11,4,7,0,0,0
2025-04-03 21:30,10,7,3,0,0,0
2025-04-03 21:45,8,4,4,0,0,0
2025-04-03 22:00,7,4,3,0,0,0
2025-04-03 22:15,13,9,4,0,0,0
2025-04-03 22:30,8,5,3,0,0,0
2025-04-03 22:45,7,4,3,0,0,0
2025-04-03 23:00,3,3,0,0,0,0
2025-04-03 23:15,6,5,1,0,0,0
2025-04-03 23:30,0,0,0,0,0,0
2025-04-03 23:45,2,1,1,0,0,0
2025-04-04 00:00,1,1,0,0,0,0
2025-04-04 00:15,0,0,0,0,0,0
2025-04-04 00:30,3,3,0,0,0,0
2025-04-04 00:45,2,1,1,0,0,0
2025-04-04 01:00,1,1,0,0,0,0
2025-04-04 01:15,0,0,0,0,0,0
2025-04-04 01:30,0,0,0,0,0,0
2025-04-04 01:45,0,0,0,0,0,0
2025-04-04 02:00,1,1,0,0,0,0
2025-04-04 02:15,0,0,0,0,0,0
2025-04-04 02:30,1,0,1,0,0,0
2025-04-04 02:45,0,0,0,0,0,0
2025-04-04 03:00,0,0,0,0,0,0
2025-04-04 03:15,1,0,1,0,0,0
2025-04-04 03:30,0,0,0,0,0,0
2025-04-04 03:45,0,0,0,0,0,0
2025-04-04 04:00,0,0,0,0,0,0
2025-04-04 04:15,0,0,0,0,0,0
2025-04-04 04:30,1,0,1,0,0,0
2025-04-04 04:45,2,2,0,0,0,0
2025-04-04 05:00,2,2,0,0,0,0
2025-04-04 05:15,1,0,1,0,0,0
2025-04-04 05:30,7,5,2,0,0,0
2025-04-04 05:45,5,2,3,0,0,0
2025-04-04 06:00,2,1,1,0,0,0
2025-04-04 06:15,8,4,4,0,0,0
2025-04-04 06:30,7,3,4,0,0,0
2025-04-04 06:45,13,6,7,0,0,0
2025-04-04 07:00,19,5,14,0,0,0
2025-04-04 07:15,40,5,35,0,0,0
2025-04-04 07:30,107,18,89,0,0,0
2025-04-04 07:45,39,15,24,0,0,0
2025-04-04 08:00,15,3,12,0,0,0
2025-04-04 08:15,26,7,19,0,0,0
2025-04-04 08:30,27,15,12,0,0,0
2025-04-04 08:45,30,5,25,0,0,0
2025-04-04 09:00,26,7,19,0,0,0
2025-04-04 09:15,29,14,15,0,0,0
2025-04-04 09:30,19,8,11,0,0,0
2025-04-04 09:45,43,14,29,0,0,0
2025-04-04 10:00,22,12,10,0,0,0
2025-04-04 10:15,24,10,14,0,0,0
2025-04-04 10:30,14,5,9,0,0,0
2025-04-04 10:45,19,11,8,0,0,0
2025-04-04 11:00,29,16,13,0,0,0
2025-04-04 11:15,36,19,17,0,0,0
2025-04-04 11:30,26,12,14,0,0,0
2025-04-04 11:45,21,11,10,0,0,0
2025-04-04 12:00,27,15,12,0,0,0
2025-04-04 12:15,29,17,12,0,0,0
2025-04-04 12:30,40,23,17,0,0,0
2025-04-04 12:45,23,11,12,0,0,0
2025-04-04 13:00,23,9,14,0,0,0
2025-04-04 13:15,32,15,17,0,0,0
2025-04-04 13:30,33,17,16,0,0,0
2025-04-04 13:45,56,48,8,0,0,0
2025-04-04 14:00,56,45,11,0,0,0
2025-04-04 14:15,33,14,19,0,0,0
2025-04-04 14:30,44,24,20,0,0,0
2025-04-04 14:45,33,18,15,0,0,0
2025-04-04 15:00,31,15,16,0,0,0
2025-04-04 15:15,47,30,17,0,0,0
2025-04-04 15:30,34,17,17,0,0,0
2025-04-04 15:45,45,23,22,0,0,0
2025-04-04 16:00,37,16,21,0,0,0
2025-04-04 16:15,25,17,8,0,0,0
2025-04-04 16:30,32,16,16,0,0,0
2025-04-04 16:45,29,13,16,0,0,0
2025-04-04 17:00,31,22,9,0,0,0
2025-04-04 17:15,26,15,11,0,0,0
2025-04-04 17:30,33,17,16,0,0,0
2025-04-04 17:45,40,15,25,0,0,0
2025-04-04 18:00,33,10,23,0,0,0
2025-04-04 18:15,24,16,8,0,0,0
2025-04-04 18:30,30,16,14,0,0,0
2025-04-04 18:45,28,8,20,0,0,0
2025-04-04 19:00,26,13,13,0,0,0
2025-04-04 19:15,20,5,15,0,0,0
2025-04-04 19:30,28,10,18,0,0,0
2025-04-04 19:45,27,15,12,0,0,0
2025-04-04 20:00,14,8,6,0,0,0
2025-04-04 20:15,21,10,11,0,0,0
2025-04-04 20:30,12,9,3,0,0,0
2025-04-04 20:45,15,7,8,0,0,0
2025-04-04 21:00,11,9,2,0,0,0
2025-04-04 21:15,7,6,1,0,0,0
2025-04-04 21:30,10,5,5,0,0,0
2025-04-04 21:45,9,3,6,0,0,0
2025-04-04 22:00,7,4,3,0,0,0
2025-04-04 22:15,11,7,4,0,0,0
2025-04-04 22:30,6,1,5,0,0,0
2025-04-04 22:45,7,5,2,0,0,0
2025-04-04 23:00,7,3,4,0,0,0
2025-04-04 23:15,5,4,1,0,0,0
2025-04-04 23:30,4,2,2,0,0,0
2025-04-04 23:45,7,2,5,0,0,0
2025-04-05 00:00,6,4,2,0,0,0
2025-04-05 00:15,5,1,4,0,0,0
2025-04-05 00:30,1,1,0,0,0,0
2025-04-05 00:45,2,2,0,0,0,0
2025-04-05 01:00,8,6,2,0,0,0
2025-04-05 01:15,8,5,3,0,0,0
2025-04-05 01:30,3,2,1,0,0,0
2025-04-05 01:45,1,0,1,0,0,0
2025-04-05 02:00,5,0,5,0,0,0
2025-04-05 02:15,3,3,0,0,0,0
2025-04-05 02:30,0,0,0,0,0,0
2025-04-05 02:45,2,1,1,0,0,0
2025-04-05 03:00,0,0,0,0,0,0
2025-04-05 03:15,0,0,0,0,0,0
2025-04-05 03:30,0,0,0,0,0,0
2025-04-05 03:45,0,0,0,0,0,0
2025-04-05 04:00,1,1,0,0,0,0
2025-04-05 04:15,0,0,0,0,0,0
2025-04-05 04:30,0,0,0,0,0,0
2025-04-05 04:45,0,0,0,0,0,0
2025-04-05 05:00,0,0,0,0,0,0
2025-04-05 05:15,2,0,2,0,0,0
2025-04-05 05:30,4,2,2,0,0,0
2025-04-05 05:45,0,0,0,0,0,0
2025-04-05 06:00,2,1,1,0,0,0
2025-04-05 06:15,0,0,0,0,0,0
2025-04-05 06:30,5,2,3,0,0,0
2025-04-05 06:45,3,2,1,0,0,0
2025-04-05 07:00,1,1,0,0,0,0
2025-04-05 07:15,5,2,3,0,0,0
2025-04-05 07:30,6,5,1,0,0,0
2025-04-05 07:45,10,6,4,0,0,0
2025-04-05 08:00,7,2,5,0,0,0
2025-04-05 08:15,9,3,6,0,0,0
2025-04-05 08:30,10,2,8,0,0,0
2025-04-05 08:45,30,19,11,0,0,0
2025-04-05 09:00,10,8,2,0,0,0
2025-04-05 09:15,13,8,5,0,0,0
2025-04-05 09:30,17,6,11,0,0,0
2025-04-05 09:45,17,6,11,0,0,0
2025-04-05 10:00,21,8,13,0,0,0
2025-04-05 10:15,26,8,18,0,0,0
2025-04-05 10:30,16,2,14,0,0,0
2025-04-05 10:45,9,7,2,0,0,0
2025-04-05 11:00,22,5,17,0,0,0
2025-04-05 11:15,22,7,15,0,0,0
2025-04-05 11:30,32,15,17,0,0,0
2025-04-05 11:45,17,8,9,0,0,0
2025-04-05 12:00,28,8,20,0,0,0
2025-04-05 12:15,28,10,18,0,0,0
2025-04-05 12:30,24,12,12,0,0,0
2025-04-05 12:45,22,10,12,0,0,0
2025-04-05 13:00,20,8,12,0,0,0
2025-04-05 13:15,40,14,26,0,0,0
2025-04-05 13:30,19,12,7,0,0,0
2025-04-05 13:45,21,12,9,0,0,0
2025-04-05 14:00,16,10,6,0,0,0
2025-04-05 14:15,21,10,11,0,0,0
2025-04-05 14:30,20,9,11,0,0,0
2025-04-05 14:45,22,11,11,0,0,0
2025-04-05 15:00,21,10,11,0,0,0
2025-04-05 15:15,21,13,8,0,0,0
2025-04-05 15:30,26,16,10,0,0,0
2025-04-05 15:45,21,10,11,0,0,0
2025-04-05 16:00,21,12,9,0,0,0
2025-04-05 16:15,28,11,17,0,0,0
2025-04-05 16:30,14,7,7,0,0,0
2025-04-05 16:45,25,14,11,0,0,0
2025-04-05 17:00,24,9,15,0,0,0
2025-04-05 17:15,18,11,7,0,0,0
2025-04-05 17:30,17,6,11,0,0,0
2025-04-05 17:45,29,14,15,0,0,0
2025-04-05 18:00,31,14,17,0,0,0
2025-04-05 18:15,24,10,14,0,0,0
2025-04-05 18:30,14,8,6,0,0,0
2025-04-05 18:45,19,7,12,0,0,0
2025-04-05 19:00,10,6,4,0,0,0
2025-04-05 19:15,14,3,11,0,0,0
2025-04-05 19:30,15,9,6,0,0,0
2025-04-05 19:45,20,14,6,0,0,0
2025-04-05 20:00,27,15,12,0,0,0
2025-04-05 20:15,10,3,7,0,0,0
2025-04-05 20:30,20,12,8,0,0,0
2025-04-05 20:45,20,10,10,0,0,0
2025-04-05 21:00,8,3,5,0,0,0
2025-04-05 21:15,11,4,7,0,0,0
2025-04-05 21:30,7,4,3,0,0,0
2025-04-05 21:45,11,7,4,0,0,0
2025-04-05 22:00,7,5,2,0,0,0
2025-04-05 22:15,4,4,0,0,0,0
2025-04-05 22:30,1,1,0,0,0,0
2025-04-05 22:45,4,2,2,0,0,0
2025-04-05 23:00,5,4,1,0,0,0
2025-04-05 23:15,5,2,3,0,0,0
2025-04-05 23:30,3,3,0,0,0,0
2025-04-05 23:45,3,0,3,0,0,0
2025-04-06 00:00,1,0,1,0,0,0
2025-04-06 00:15,2,2,0,0,0,0
2025-04-06 00:30,1,0,1,0,0,0
2025-04-06 00:45,0,0,0,0,0,0
2025-04-06 01:00,3,2,1,0,0,0
2025-04-06 01:15,3,2,1,0,0,0
2025-04-06 01:30,3,3,0,0,0,0
2025-04-06 01:45,0,0,0,0,0,0
