Datetime,300037933 (Weißenburgstraße),353413852 (Weißenburgstraße Fahrräder Stadteinwärts),353413853 (Weißenburgstraße Fahrräder Stadtauswärts),300037933-status,353413852-status,353413853-status
2025-06-01 00:00,5,1,4,0,0,0
2025-06-01 00:15,11,10,1,0,0,0
2025-06-01 00:30,3,2,1,0,0,0
2025-06-01 00:45,1,1,0,0,0,0
2025-06-01 01:00,4,4,0,0,0,0
2025-06-01 01:15,1,0,1,0,0,0
2025-06-01 01:30,1,0,1,0,0,0
2025-06-01 01:45,2,2,0,0,0,0
2025-06-01 02:00,7,1,6,0,0,0
2025-06-01 02:15,0,0,0,0,0,0
2025-06-01 02:30,1,1,0,0,0,0
2025-06-01 02:45,0,0,0,0,0,0
2025-06-01 03:00,1,0,1,0,0,0
2025-06-01 03:15,0,0,0,0,0,0
2025-06-01 03:30,0,0,0,0,0,0
2025-06-01 03:45,0,0,0,0,0,0
2025-06-01 04:00,1,1,0,0,0,0
2025-06-01 04:15,0,0,0,0,0,0
2025-06-01 04:30,2,2,0,0,0,0
2025-06-01 04:45,0,0,0,0,0,0
2025-06-01 05:00,0,0,0,0,0,0
2025-06-01 05:15,0,0,0,0,0,0
2025-06-01 05:30,2,1,1,0,0,0
2025-06-01 05:45,0,0,0,0,0,0
2025-06-01 06:00,0,0,0,0,0,0
2025-06-01 06:15,1,1,0,0,0,0
2025-06-01 06:30,1,1,0,0,0,0
2025-06-01 06:45,2,1,1,0,0,0
2025-06-01 07:00,2,0,2,0,0,0
2025-06-01 07:15,2,2,0,0,0,0
2025-06-01 07:30,7,1,6,0,0,0
2025-06-01 07:45,1,0,1,0,0,0
2025-06-01 08:00,0,0,0,0,0,0
2025-06-01 08:15,3,2,1,0,0,0
2025-06-01 08:30,4,3,1,0,0,0
2025-06-01 08:45,6,2,4,0,0,0
2025-06-01 09:00,2,2,0,0,0,0
2025-06-01 09:15,7,2,5,0,0,0
2025-06-01 09:30,12,4,8,0,0,0
2025-06-01 09:45,8,4,4,0,0,0
2025-06-01 10:00,8,7,1,0,0,0
2025-06-01 10:15,14,5,9,0,0,0
2025-06-01 10:30,9,5,4,0,0,0
2025-06-01 10:45,19,13,6,0,0,0
2025-06-01 11:00,18,14,4,0,0,0
2025-06-01 11:15,17,5,12,0,0,0
2025-06-01 11:30,16,2,14,0,0,0
2025-06-01 11:45,12,8,4,0,0,0
2025-06-01 12:00,18,11,7,0,0,0
2025-06-01 12:15,17,11,6,0,0,0
2025-06-01 12:30,17,6,11,0,0,0
2025-06-01 12:45,16,7,9,0,0,0
2025-06-01 13:00,14,6,8,0,0,0
2025-06-01 13:15,13,9,4,0,0,0
2025-06-01 13:30,18,5,13,0,0,0
2025-06-01 13:45,21,6,15,0,0,0
2025-06-01 14:00,18,15,3,0,0,0
2025-06-01 14:15,21,9,12,0,0,0
2025-06-01 14:30,20,9,11,0,0,0
2025-06-01 14:45,12,4,8,0,0,0
2025-06-01 15:00,17,8,9,0,0,0
2025-06-01 15:15,20,8,12,0,0,0
2025-06-01 15:30,19,4,15,0,0,0
2025-06-01 15:45,29,16,13,0,0,0
2025-06-01 16:00,12,1,11,0,0,0
2025-06-01 16:15,4,2,2,0,0,0
2025-06-01 16:30,13,6,7,0,0,0
2025-06-01 16:45,6,2,4,0,0,0
2025-06-01 17:00,18,9,9,0,0,0
2025-06-01 17:15,25,9,16,0,0,0
2025-06-01 17:30,33,13,20,0,0,0
2025-06-01 17:45,18,9,9,0,0,0
2025-06-01 18:00,26,13,13,0,0,0
2025-06-01 18:15,14,2,12,0,0,0
2025-06-01 18:30,12,5,7,0,0,0
2025-06-01 18:45,10,2,8,0,0,0
2025-06-01 19:00,13,7,6,0,0,0
2025-06-01 19:15,18,6,12,0,0,0
2025-06-01 19:30,18,14,4,0,0,0
2025-06-01 19:45,8,4,4,0,0,0
2025-06-01 20:00,8,4,4,0,0,0
2025-06-01 20:15,2,1,1,0,0,0
2025-06-01 20:30,3,1,2,0,0,0
2025-06-01 20:45,9,3,6,0,0,0
2025-06-01 21:00,7,4,3,0,0,0
2025-06-01 21:15,7,4,3,0,0,0
2025-06-01 21:30,4,1,3,0,0,0
2025-06-01 21:45,3,3,0,0,0,0
2025-06-01 22:00,3,1,2,0,0,0
2025-06-01 22:15,6,4,2,0,0,0
2025-06-01 22:30,3,1,2,0,0,0
2025-06-01 22:45,4,3,1,0,0,0
2025-06-01 23:00,1,1,0,0,0,0
2025-06-01 23:15,2,2,0,0,0,0
2025-06-01 23:30,2,2,0,0,0,0
2025-06-01 23:45,3,2,1,0,0,0
2025-06-02 00:00,1,0,1,0,0,0
2025-06-02 00:15,1,1,0,0,0,0
2025-06-02 00:30,0,0,0,0,0,0
2025-06-02 00:45,0,0,0,0,0,0
2025-06-02 01:00,1,1,0,0,0,0
2025-06-02 01:15,0,0,0,0,0,0
2025-06-02 01:30,0,0,0,0,0,0
2025-06-02 01:45,0,0,0,0,0,0
2025-06-02 02:00,0,0,0,0,0,0
2025-06-02 02:15,0,0,0,0,0,0
2025-06-02 02:30,0,0,0,0,0,0
2025-06-02 02:45,1,0,1,0,0,0
2025-06-02 03:00,0,0,0,0,0,0
2025-06-02 03:15,1,0,1,0,0,0
2025-06-02 03:30,0,0,0,0,0,0
2025-06-02 03:45,0,0,0,0,0,0
2025-06-02 04:00,1,0,1,0,0,0
2025-06-02 04:15,1,0,1,0,0,0
2025-06-02 04:30,1,0,1,0,0,0
2025-06-02 04:45,0,0,0,0,0,0
2025-06-02 05:00,2,2,0,0,0,0
2025-06-02 05:15,2,2,0,0,0,0
2025-06-02 05:30,3,1,2,0,0,0
2025-06-02 05:45,3,0,3,0,0,0
2025-06-02 06:00,8,3,5,0,0,0
2025-06-02 06:15,7,4,3,0,0,0
2025-06-02 06:30,14,5,9,0,0,0
2025-06-02 06:45,5,1,4,0,0,0
2025-06-02 07:00,18,2,16,0,0,0
2025-06-02 07:15,31,9,22,0,0,0
2025-06-02 07:30,42,19,23,0,0,0
2025-06-02 07:45,42,18,24,0,0,0
2025-06-02 08:00,35,11,24,0,0,0
2025-06-02 08:15,24,7,17,0,0,0
2025-06-02 08:30,30,8,22,0,0,0
2025-06-02 08:45,21,7,14,0,0,0
2025-06-02 09:00,12,4,8,0,0,0
2025-06-02 09:15,23,9,14,0,0,0
2025-06-02 09:30,19,6,13,0,0,0
2025-06-02 09:45,22,6,16,0,0,0
2025-06-02 10:00,24,12,12,0,0,0
2025-06-02 10:15,18,7,11,0,0,0
2025-06-02 10:30,20,7,13,0,0,0
2025-06-02 10:45,17,5,12,0,0,0
2025-06-02 11:00,23,8,15,0,0,0
2025-06-02 11:15,18,7,11,0,0,0
2025-06-02 11:30,20,3,17,0,0,0
2025-06-02 11:45,25,14,11,0,0,0
2025-06-02 12:00,27,10,17,0,0,0
2025-06-02 12:15,18,10,8,0,0,0
2025-06-02 12:30,27,15,12,0,0,0
2025-06-02 12:45,25,13,12,0,0,0
2025-06-02 13:00,24,16,8,0,0,0
2025-06-02 13:15,34,20,14,0,0,0
2025-06-02 13:30,24,13,11,0,0,0
2025-06-02 13:45,22,9,13,0,0,0
2025-06-02 14:00,28,14,14,0,0,0
2025-06-02 14:15,24,9,15,0,0,0
2025-06-02 14:30,38,19,19,0,0,0
2025-06-02 14:45,34,17,17,0,0,0
2025-06-02 15:00,35,24,11,0,0,0
2025-06-02 15:15,31,23,8,0,0,0
2025-06-02 15:30,29,17,12,0,0,0
2025-06-02 15:45,37,18,19,0,0,0
2025-06-02 16:00,34,24,10,0,0,0
2025-06-02 16:15,36,19,17,0,0,0
2025-06-02 16:30,12,11,1,0,0,0
2025-06-02 16:45,28,22,6,0,0,0
2025-06-02 17:00,45,20,25,0,0,0
2025-06-02 17:15,31,13,18,0,0,0
2025-06-02 17:30,30,13,17,0,0,0
2025-06-02 17:45,35,16,19,0,0,0
2025-06-02 18:00,33,9,24,0,0,0
2025-06-02 18:15,25,10,15,0,0,0
2025-06-02 18:30,25,14,11,0,0,0
2025-06-02 18:45,35,15,20,0,0,0
2025-06-02 19:00,27,19,8,0,0,0
2025-06-02 19:15,17,5,12,0,0,0
2025-06-02 19:30,18,7,11,0,0,0
2025-06-02 19:45,18,9,9,0,0,0
2025-06-02 20:00,23,13,10,0,0,0
2025-06-02 20:15,13,6,7,0,0,0
2025-06-02 20:30,13,8,5,0,0,0
2025-06-02 20:45,8,4,4,0,0,0
2025-06-02 21:00,7,5,2,0,0,0
2025-06-02 21:15,10,5,5,0,0,0
2025-06-02 21:30,14,3,11,0,0,0
2025-06-02 21:45,6,3,3,0,0,0
2025-06-02 22:00,9,5,4,0,0,0
2025-06-02 22:15,10,4,6,0,0,0
2025-06-02 22:30,6,2,4,0,0,0
2025-06-02 22:45,6,3,3,0,0,0
2025-06-02 23:00,6,2,4,0,0,0
2025-06-02 23:15,2,1,1,0,0,0
2025-06-02 23:30,0,0,0,0,0,0
2025-06-02 23:45,3,0,3,0,0,0
2025-06-03 00:00,9,1,8,0,0,0
2025-06-03 00:15,4,3,1,0,0,0
2025-06-03 00:30,0,0,0,0,0,0
2025-06-03 00:45,3,0,3,0,0,0
2025-06-03 01:00,1,0,1,0,0,0
2025-06-03 01:15,0,0,0,0,0,0
2025-06-03 01:30,2,1,1,0,0,0
2025-06-03 01:45,0,0,0,0,0,0
2025-06-03 02:00,0,0,0,0,0,0
2025-06-03 02:15,0,0,0,0,0,0
2025-06-03 02:30,0,0,0,0,0,0
2025-06-03 02:45,0,0,0,0,0,0
2025-06-03 03:00,0,0,0,0,0,0
2025-06-03 03:15,1,1,0,0,0,0
2025-06-03 03:30,0,0,0,0,0,0
2025-06-03 03:45,0,0,0,0,0,0
2025-06-03 04:00,0,0,0,0,0,0
2025-06-03 04:15,2,2,0,0,0,0
2025-06-03 04:30,3,2,1,0,0,0
2025-06-03 04:45,0,0,0,0,0,0
2025-06-03 05:00,1,1,0,0,0,0
2025-06-03 05:15,4,0,4,0,0,0
2025-06-03 05:30,4,2,2,0,0,0
2025-06-03 05:45,6,5,1,0,0,0
2025-06-03 06:00,4,2,2,0,0,0
2025-06-03 06:15,5,2,3,0,0,0
2025-06-03 06:30,11,7,4,0,0,0
2025-06-03 06:45,7,5,2,0,0,0
2025-06-03 07:00,20,15,5,0,0,0
2025-06-03 07:15,53,46,7,0,0,0
2025-06-03 07:30,106,91,15,0,0,0
2025-06-03 07:45,56,29,27,0,0,0
2025-06-03 08:00,44,30,14,0,0,0
2025-06-03 08:15,39,31,8,0,0,0
2025-06-03 08:30,25,20,5,0,0,0
2025-06-03 08:45,29,17,12,0,0,0
2025-06-03 09:00,14,9,5,0,0,0
2025-06-03 09:15,25,15,10,0,0,0
2025-06-03 09:30,30,20,10,0,0,0
2025-06-03 09:45,35,23,12,0,0,0
2025-06-03 10:00,32,22,10,0,0,0
2025-06-03 10:15,16,12,4,0,0,0
2025-06-03 10:30,17,10,7,0,0,0
2025-06-03 10:45,25,16,9,0,0,0
2025-06-03 11:00,20,13,7,0,0,0
2025-06-03 11:15,24,11,13,0,0,0
2025-06-03 11:30,19,10,9,0,0,0
2025-06-03 11:45,37,24,13,0,0,0
2025-06-03 12:00,25,17,8,0,0,0
2025-06-03 12:15,45,13,32,0,0,0
2025-06-03 12:30,28,10,18,0,0,0
2025-06-03 12:45,34,21,13,0,0,0
2025-06-03 13:00,15,3,12,0,0,0
2025-06-03 13:15,30,12,18,0,0,0
2025-06-03 13:30,33,13,20,0,0,0
2025-06-03 13:45,64,7,57,0,0,0
2025-06-03 14:00,39,15,24,0,0,0
2025-06-03 14:15,38,14,24,0,0,0
2025-06-03 14:30,17,7,10,0,0,0
2025-06-03 14:45,30,12,18,0,0,0
2025-06-03 15:00,37,20,17,0,0,0
2025-06-03 15:15,40,14,26,0,0,0
2025-06-03 15:30,37,15,22,0,0,0
2025-06-03 15:45,54,24,30,0,0,0
2025-06-03 16:00,40,11,29,0,0,0
2025-06-03 16:15,66,29,37,0,0,0
2025-06-03 16:30,41,20,21,0,0,0
2025-06-03 16:45,39,19,20,0,0,0
2025-06-03 17:00,53,29,24,0,0,0
2025-06-03 17:15,50,25,25,0,0,0
2025-06-03 17:30,36,17,19,0,0,0
2025-06-03 17:45,50,32,18,0,0,0
2025-06-03 18:00,41,16,25,0,0,0
2025-06-03 18:15,50,26,24,0,0,0
2025-06-03 18:30,33,18,15,0,0,0
2025-06-03 18:45,22,11,11,0,0,0
2025-06-03 19:00,36,16,20,0,0,0
2025-06-03 19:15,22,8,14,0,0,0
2025-06-03 19:30,24,14,10,0,0,0
2025-06-03 19:45,29,12,17,0,0,0
2025-06-03 20:00,20,9,11,0,0,0
2025-06-03 20:15,28,15,13,0,0,0
2025-06-03 20:30,15,9,6,0,0,0
2025-06-03 20:45,17,8,9,0,0,0
2025-06-03 21:00,16,3,13,0,0,0
2025-06-03 21:15,4,2,2,0,0,0
2025-06-03 21:30,12,6,6,0,0,0
2025-06-03 21:45,5,3,2,0,0,0
2025-06-03 22:00,10,0,10,0,0,0
2025-06-03 22:15,14,2,12,0,0,0
2025-06-03 22:30,10,5,5,0,0,0
2025-06-03 22:45,4,1,3,0,0,0
2025-06-03 23:00,9,3,6,0,0,0
2025-06-03 23:15,2,1,1,0,0,0
2025-06-03 23:30,6,3,3,0,0,0
2025-06-03 23:45,2,1,1,0,0,0
2025-06-04 00:00,2,0,2,0,0,0
2025-06-04 00:15,1,1,0,0,0,0
2025-06-04 00:30,1,0,1,0,0,0
2025-06-04 00:45,0,0,0,0,0,0
2025-06-04 01:00,1,0,1,0,0,0
2025-06-04 01:15,2,0,2,0,0,0
2025-06-04 01:30,0,0,0,0,0,0
2025-06-04 01:45,0,0,0,0,0,0
2025-06-04 02:00,0,0,0,0,0,0
2025-06-04 02:15,0,0,0,0,0,0
2025-06-04 02:30,1,1,0,0,0,0
2025-06-04 02:45,1,0,1,0,0,0
2025-06-04 03:00,0,0,0,0,0,0
2025-06-04 03:15,1,1,0,0,0,0
2025-06-04 03:30,0,0,0,0,0,0
2025-06-04 03:45,1,0,1,0,0,0
2025-06-04 04:00,2,1,1,0,0,0
2025-06-04 04:15,1,1,0,0,0,0
2025-06-04 04:30,3,2,1,0,0,0
2025-06-04 04:45,1,1,0,0,0,0
2025-06-04 05:00,2,1,1,0,0,0
2025-06-04 05:15,2,0,2,0,0,0
2025-06-04 05:30,4,2,2,0,0,0
2025-06-04 05:45,6,5,1,0,0,0
2025-06-04 06:00,4,2,2,0,0,0
2025-06-04 06:15,7,4,3,0,0,0
2025-06-04 06:30,10,4,6,0,0,0
2025-06-04 06:45,16,13,3,0,0,0
2025-06-04 07:00,23,20,3,0,0,0
2025-06-04 07:15,46,42,4,0,0,0
2025-06-04 07:30,115,94,21,0,0,0
2025-06-04 07:45,54,25,29,0,0,0
2025-06-04 08:00,34,24,10,0,0,0
2025-06-04 08:15,41,17,24,0,0,0
2025-06-04 08:30,47,30,17,0,0,0
2025-06-04 08:45,29,20,9,0,0,0
2025-06-04 09:00,20,10,10,0,0,0
2025-06-04 09:15,17,12,5,0,0,0
2025-06-04 09:30,23,18,5,0,0,0
2025-06-04 09:45,33,22,11,0,0,0
2025-06-04 10:00,34,19,15,0,0,0
2025-06-04 10:15,20,8,12,0,0,0
2025-06-04 10:30,19,11,8,0,0,0
2025-06-04 10:45,17,11,6,0,0,0
2025-06-04 11:00,18,9,9,0,0,0
2025-06-04 11:15,29,15,14,0,0,0
2025-06-04 11:30,28,19,9,0,0,0
2025-06-04 11:45,25,16,9,0,0,0
2025-06-04 12:00,37,23,14,0,0,0
2025-06-04 12:15,40,12,28,0,0,0
2025-06-04 12:30,36,12,24,0,0,0
2025-06-04 12:45,21,9,12,0,0,0
2025-06-04 13:00,23,13,10,0,0,0
2025-06-04 13:15,25,7,18,0,0,0
2025-06-04 13:30,31,14,17,0,0,0
2025-06-04 13:45,64,12,52,0,0,0
2025-06-04 14:00,26,15,11,0,0,0
2025-06-04 14:15,25,9,16,0,0,0
2025-06-04 14:30,29,10,19,0,0,0
2025-06-04 14:45,34,17,17,0,0,0
2025-06-04 15:00,39,17,22,0,0,0
2025-06-04 15:15,24,10,14,0,0,0
2025-06-04 15:30,29,11,18,0,0,0
2025-06-04 15:45,25,6,19,0,0,0
2025-06-04 16:00,37,10,27,0,0,0
2025-06-04 16:15,25,10,15,0,0,0
2025-06-04 16:30,58,23,35,0,0,0
2025-06-04 16:45,36,19,17,0,0,0
2025-06-04 17:00,50,21,29,0,0,0
2025-06-04 17:15,30,15,15,0,0,0
2025-06-04 17:30,45,23,22,0,0,0
2025-06-04 17:45,50,25,25,0,0,0
2025-06-04 18:00,28,11,17,0,0,0
2025-06-04 18:15,34,10,24,0,0,0
2025-06-04 18:30,36,17,19,0,0,0
2025-06-04 18:45,24,15,9,0,0,0
2025-06-04 19:00,20,11,9,0,0,0
2025-06-04 19:15,26,10,16,0,0,0
2025-06-04 19:30,21,5,16,0,0,0
2025-06-04 19:45,21,10,11,0,0,0
2025-06-04 20:00,22,10,12,0,0,0
2025-06-04 20:15,12,6,6,0,0,0
2025-06-04 20:30,11,7,4,0,0,0
2025-06-04 20:45,15,7,8,0,0,0
2025-06-04 21:00,10,8,2,0,0,0
2025-06-04 21:15,14,6,8,0,0,0
2025-06-04 21:30,14,9,5,0,0,0
2025-06-04 21:45,22,5,17,0,0,0
2025-06-04 22:00,12,3,9,0,0,0
2025-06-04 22:15,20,8,12,0,0,0
2025-06-04 22:30,6,4,2,0,0,0
2025-06-04 22:45,6,1,5,0,0,0
2025-06-04 23:00,3,1,2,0,0,0
2025-06-04 23:15,7,1,6,0,0,0
2025-06-04 23:30,3,1,2,0,0,0
2025-06-04 23:45,6,3,3,0,0,0
2025-06-05 00:00,8,6,2,0,0,0
2025-06-05 00:15,1,0,1,0,0,0
2025-06-05 00:30,0,0,0,0,0,0
2025-06-05 00:45,1,0,1,0,0,0
2025-06-05 01:00,0,0,0,0,0,0
2025-06-05 01:15,0,0,0,0,0,0
2025-06-05 01:30,2,0,2,0,0,0
2025-06-05 01:45,1,1,0,0,0,0
2025-06-05 02:00,2,0,2,0,0,0
2025-06-05 02:15,0,0,0,0,0,0
2025-06-05 02:30,2,2,0,0,0,0
2025-06-05 02:45,0,0,0,0,0,0
2025-06-05 03:00,0,0,0,0,0,0
2025-06-05 03:15,1,1,0,0,0,0
2025-06-05 03:30,0,0,0,0,0,0
2025-06-05 03:45,1,0,1,0,0,0
2025-06-05 04:00,0,0,0,0,0,0
2025-06-05 04:15,1,1,0,0,0,0
2025-06-05 04:30,0,0,0,0,0,0
2025-06-05 04:45,2,1,1,0,0,0
2025-06-05 05:00,1,0,1,0,0,0
2025-06-05 05:15,1,0,1,0,0,0
2025-06-05 05:30,2,1,1,0,0,0
2025-06-05 05:45,5,2,3,0,0,0
2025-06-05 06:00,5,4,1,0,0,0
2025-06-05 06:15,8,4,4,0,0,0
2025-06-05 06:30,12,7,5,0,0,0
2025-06-05 06:45,13,12,1,0,0,0
2025-06-05 07:00,15,9,6,0,0,0
2025-06-05 07:15,51,46,5,0,0,0
2025-06-05 07:30,109,86,23,0,0,0
2025-06-05 07:45,36,19,17,0,0,0
2025-06-05 08:00,60,43,17,0,0,0
2025-06-05 08:15,33,20,13,0,0,0
2025-06-05 08:30,29,15,14,0,0,0
2025-06-05 08:45,41,23,18,0,0,0
2025-06-05 09:00,23,14,9,0,0,0
2025-06-05 09:15,24,13,11,0,0,0
2025-06-05 09:30,24,18,6,0,0,0
2025-06-05 09:45,29,17,12,0,0,0
2025-06-05 10:00,42,23,19,0,0,0
2025-06-05 10:15,33,22,11,0,0,0
2025-06-05 10:30,21,16,5,0,0,0
2025-06-05 10:45,20,12,8,0,0,0
2025-06-05 11:00,20,11,9,0,0,0
2025-06-05 11:15,14,6,8,0,0,0
2025-06-05 11:30,24,15,9,0,0,0
2025-06-05 11:45,35,16,19,0,0,0
2025-06-05 12:00,32,15,17,0,0,0
2025-06-05 12:15,46,8,38,0,0,0
2025-06-05 12:30,48,7,41,0,0,0
2025-06-05 12:45,16,5,11,0,0,0
2025-06-05 13:00,22,9,13,0,0,0
2025-06-05 13:15,19,3,16,0,0,0
2025-06-05 13:30,19,6,13,0,0,0
2025-06-05 13:45,29,5,24,0,0,0
2025-06-05 14:00,25,9,16,0,0,0
2025-06-05 14:15,15,6,9,0,0,0
2025-06-05 14:30,29,10,19,0,0,0
2025-06-05 14:45,28,14,14,0,0,0
2025-06-05 15:00,35,11,24,0,0,0
2025-06-05 15:15,32,7,25,0,0,0
2025-06-05 15:30,30,16,14,0,0,0
2025-06-05 15:45,33,13,20,0,0,0
2025-06-05 16:00,15,7,8,0,0,0
2025-06-05 16:15,32,11,21,0,0,0
2025-06-05 16:30,31,14,17,0,0,0
2025-06-05 16:45,25,14,11,0,0,0
2025-06-05 17:00,18,4,14,0,0,0
2025-06-05 17:15,25,9,16,0,0,0
2025-06-05 17:30,31,16,15,0,0,0
2025-06-05 17:45,34,12,22,0,0,0
2025-06-05 18:00,32,18,14,0,0,0
2025-06-05 18:15,30,16,14,0,0,0
2025-06-05 18:30,21,6,15,0,0,0
2025-06-05 18:45,22,7,15,0,0,0
2025-06-05 19:00,15,9,6,0,0,0
2025-06-05 19:15,17,8,9,0,0,0
2025-06-05 19:30,20,9,11,0,0,0
2025-06-05 19:45,15,7,8,0,0,0
2025-06-05 20:00,16,8,8,0,0,0
2025-06-05 20:15,19,6,13,0,0,0
2025-06-05 20:30,19,11,8,0,0,0
2025-06-05 20:45,7,2,5,0,0,0
2025-06-05 21:00,10,3,7,0,0,0
2025-06-05 21:15,12,3,9,0,0,0
2025-06-05 21:30,4,1,3,0,0,0
2025-06-05 21:45,10,2,8,0,0,0
2025-06-05 22:00,5,2,3,0,0,0
2025-06-05 22:15,11,4,7,0,0,0
2025-06-05 22:30,6,1,5,0,0,0
2025-06-05 22:45,1,0,1,0,0,0
2025-06-05 23:00,2,0,2,0,0,0
2025-06-05 23:15,3,2,1,0,0,0
2025-06-05 23:30,1,0,1,0,0,0
2025-06-05 23:45,2,1,1,0,0,0
2025-06-06 00:00,0,0,0,0,0,0
2025-06-06 00:15,2,1,1,0,0,0
2025-06-06 00:30,4,1,3,0,0,0
2025-06-06 00:45,1,1,0,0,0,0
2025-06-06 01:00,0,0,0,0,0,0
2025-06-06 01:15,0,0,0,0,0,0
2025-06-06 01:30,0,0,0,0,0,0
2025-06-06 01:45,0,0,0,0,0,0
2025-06-06 02:00,0,0,0,0,0,0
2025-06-06 02:15,0,0,0,0,0,0
2025-06-06 02:30,0,0,0,0,0,0
2025-06-06 02:45,3,1,2,0,0,0
2025-06-06 03:00,0,0,0,0,0,0
2025-06-06 03:15,1,1,0,0,0,0
2025-06-06 03:30,1,1,0,0,0,0
2025-06-06 03:45,0,0,0,0,0,0
2025-06-06 04:00,0,0,0,0,0,0
2025-06-06 04:15,0,0,0,0,0,0
2025-06-06 04:30,0,0,0,0,0,0
2025-06-06 04:45,1,1,0,0,0,0
2025-06-06 05:00,1,0,1,0,0,0
2025-06-06 05:15,1,0,1,0,0,0
2025-06-06 05:30,4,2,2,0,0,0
2025-06-06 05:45,4,2,2,0,0,0
2025-06-06 06:00,2,1,1,0,0,0
2025-06-06 06:15,6,5,1,0,0,0
2025-06-06 06:30,4,3,1,0,0,0
2025-06-06 06:45,9,6,3,0,0,0
2025-06-06 07:00,17,7,10,0,0,0
2025-06-06 07:15,35,35,0,0,0,0
2025-06-06 07:30,87,70,17,0,0,0
2025-06-06 07:45,27,16,11,0,0,0
2025-06-06 08:00,25,15,10,0,0,0
2025-06-06 08:15,19,8,11,0,0,0
2025-06-06 08:30,21,15,6,0,0,0
2025-06-06 08:45,28,23,5,0,0,0
2025-06-06 09:00,18,12,6,0,0,0
2025-06-06 09:15,23,15,8,0,0,0
2025-06-06 09:30,29,22,7,0,0,0
2025-06-06 09:45,25,15,10,0,0,0
2025-06-06 10:00,17,10,7,0,0,0
2025-06-06 10:15,21,14,7,0,0,0
2025-06-06 10:30,19,13,6,0,0,0
2025-06-06 10:45,24,16,8,0,0,0
2025-06-06 11:00,22,14,8,0,0,0
2025-06-06 11:15,18,8,10,0,0,0
2025-06-06 11:30,24,11,13,0,0,0
2025-06-06 11:45,25,14,11,0,0,0
2025-06-06 12:00,15,6,9,0,0,0
2025-06-06 12:15,42,12,30,0,0,0
2025-06-06 12:30,30,13,17,0,0,0
2025-06-06 12:45,29,10,19,0,0,0
2025-06-06 13:00,23,8,15,0,0,0
2025-06-06 13:15,22,8,14,0,0,0
2025-06-06 13:30,33,13,20,0,0,0
2025-06-06 13:45,36,6,30,0,0,0
2025-06-06 14:00,33,10,23,0,0,0
2025-06-06 14:15,24,11,13,0,0,0
2025-06-06 14:30,28,12,16,0,0,0
2025-06-06 14:45,28,17,11,0,0,0
2025-06-06 15:00,20,5,15,0,0,0
2025-06-06 15:15,26,15,11,0,0,0
2025-06-06 15:30,42,20,22,0,0,0
2025-06-06 15:45,39,13,26,0,0,0
2025-06-06 16:00,27,11,16,0,0,0
2025-06-06 16:15,25,9,16,0,0,0
2025-06-06 16:30,29,14,15,0,0,0
2025-06-06 16:45,22,11,11,0,0,0
2025-06-06 17:00,27,15,12,0,0,0
2025-06-06 17:15,33,10,23,0,0,0
2025-06-06 17:30,26,12,14,0,0,0
2025-06-06 17:45,23,11,12,0,0,0
2025-06-06 18:00,22,9,13,0,0,0
2025-06-06 18:15,26,16,10,0,0,0
2025-06-06 18:30,27,11,16,0,0,0
2025-06-06 18:45,18,9,9,0,0,0
2025-06-06 19:00,13,8,5,0,0,0
2025-06-06 19:15,29,17,12,0,0,0
2025-06-06 19:30,16,10,6,0,0,0
2025-06-06 19:45,22,9,13,0,0,0
2025-06-06 20:00,9,4,5,0,0,0
2025-06-06 20:15,15,9,6,0,0,0
2025-06-06 20:30,13,8,5,0,0,0
2025-06-06 20:45,15,9,6,0,0,0
2025-06-06 21:00,13,2,11,0,0,0
2025-06-06 21:15,7,3,4,0,0,0
2025-06-06 21:30,2,0,2,0,0,0
2025-06-06 21:45,11,7,4,0,0,0
2025-06-06 22:00,10,6,4,0,0,0
2025-06-06 22:15,7,4,3,0,0,0
2025-06-06 22:30,10,2,8,0,0,0
2025-06-06 22:45,8,0,8,0,0,0
2025-06-06 23:00,5,3,2,0,0,0
2025-06-06 23:15,3,0,3,0,0,0
2025-06-06 23:30,3,3,0,0,0,0
2025-06-06 23:45,2,1,1,0,0,0
2025-06-07 00:00,8,6,2,0,0,0
2025-06-07 00:15,6,1,5,0,0,0
2025-06-07 00:30,5,2,3,0,0,0
2025-06-07 00:45,1,0,1,0,0,0
2025-06-07 01:00,0,0,0,0,0,0
2025-06-07 01:15,2,1,1,0,0,0
2025-06-07 01:30,0,0,0,0,0,0
2025-06-07 01:45,1,0,1,0,0,0
2025-06-07 02:00,0,0,0,0,0,0
2025-06-07 02:15,0,0,0,0,0,0
2025-06-07 02:30,2,0,2,0,0,0
2025-06-07 02:45,0,0,0,0,0,0
2025-06-07 03:00,0,0,0,0,0,0
2025-06-07 03:15,2,0,2,0,0,0
2025-06-07 03:30,0,0,0,0,0,0
2025-06-07 03:45,1,1,0,0,0,0
2025-06-07 04:00,3,2,1,0,0,0
2025-06-07 04:15,0,0,0,0,0,0
2025-06-07 04:30,2,0,2,0,0,0
2025-06-07 04:45,0,0,0,0,0,0
2025-06-07 05:00,1,1,0,0,0,0
2025-06-07 05:15,0,0,0,0,0,0
2025-06-07 05:30,4,2,2,0,0,0
2025-06-07 05:45,1,1,0,0,0,0
2025-06-07 06:00,1,1,0,0,0,0
2025-06-07 06:15,2,1,1,0,0,0
2025-06-07 06:30,3,1,2,0,0,0
2025-06-07 06:45,1,1,0,0,0,0
2025-06-07 07:00,3,2,1,0,0,0
2025-06-07 07:15,5,2,3,0,0,0
2025-06-07 07:30,8,7,1,0,0,0
2025-06-07 07:45,14,9,5,0,0,0
2025-06-07 08:00,2,2,0,0,0,0
2025-06-07 08:15,9,5,4,0,0,0
2025-06-07 08:30,6,6,0,0,0,0
2025-06-07 08:45,7,5,2,0,0,0
2025-06-07 09:00,18,11,7,0,0,0
2025-06-07 09:15,11,9,2,0,0,0
2025-06-07 09:30,13,5,8,0,0,0
2025-06-07 09:45,11,8,3,0,0,0
2025-06-07 10:00,10,8,2,0,0,0
2025-06-07 10:15,19,13,6,0,0,0
2025-06-07 10:30,20,13,7,0,0,0
2025-06-07 10:45,22,12,10,0,0,0
2025-06-07 11:00,23,18,5,0,0,0
2025-06-07 11:15,18,9,9,0,0,0
2025-06-07 11:30,13,9,4,0,0,0
2025-06-07 11:45,16,8,8,0,0,0
2025-06-07 12:00,19,3,16,0,0,0
2025-06-07 12:15,8,1,7,0,0,0
2025-06-07 12:30,10,6,4,0,0,0
2025-06-07 12:45,8,2,6,0,0,0
2025-06-07 13:00,11,1,10,0,0,0
2025-06-07 13:15,15,5,10,0,0,0
2025-06-07 13:30,11,5,6,0,0,0
2025-06-07 13:45,9,5,4,0,0,0
2025-06-07 14:00,22,10,12,0,0,0
2025-06-07 14:15,11,6,5,0,0,0
2025-06-07 14:30,17,2,15,0,0,0
2025-06-07 14:45,20,7,13,0,0,0
2025-06-07 15:00,14,3,11,0,0,0
2025-06-07 15:15,13,5,8,0,0,0
2025-06-07 15:30,12,5,7,0,0,0
2025-06-07 15:45,9,4,5,0,0,0
2025-06-07 16:00,7,6,1,0,0,0
2025-06-07 16:15,11,4,7,0,0,0
2025-06-07 16:30,18,12,6,0,0,0
2025-06-07 16:45,6,2,4,0,0,0
2025-06-07 17:00,13,4,9,0,0,0
2025-06-07 17:15,4,1,3,0,0,0
2025-06-07 17:30,10,6,4,0,0,0
2025-06-07 17:45,15,9,6,0,0,0
2025-06-07 18:00,12,4,8,0,0,0
2025-06-07 18:15,16,10,6,0,0,0
2025-06-07 18:30,12,7,5,0,0,0
2025-06-07 18:45,18,12,6,0,0,0
2025-06-07 19:00,17,7,10,0,0,0
2025-06-07 19:15,10,8,2,0,0,0
2025-06-07 19:30,9,8,1,0,0,0
2025-06-07 19:45,9,6,3,0,0,0
2025-06-07 20:00,6,0,6,0,0,0
2025-06-07 20:15,8,4,4,0,0,0
2025-06-07 20:30,5,2,3,0,0,0
2025-06-07 20:45,3,2,1,0,0,0
2025-06-07 21:00,5,2,3,0,0,0
2025-06-07 21:15,3,2,1,0,0,0
2025-06-07 21:30,2,1,1,0,0,0
2025-06-07 21:45,10,3,7,0,0,0
2025-06-07 22:00,1,1,0,0,0,0
2025-06-07 22:15,1,1,0,0,0,0
2025-06-07 22:30,3,0,3,0,0,0
2025-06-07 22:45,0,0,0,0,0,0
2025-06-07 23:00,10,5,5,0,0,0
2025-06-07 23:15,4,1,3,0,0,0
2025-06-07 23:30,3,3,0,0,0,0
2025-06-07 23:45,2,1,1,0,0,0
2025-06-08 00:00,4,0,4,0,0,0
2025-06-08 00:15,4,3,1,0,0,0
2025-06-08 00:30,2,0,2,0,0,0
2025-06-08 00:45,3,1,2,0,0,0
2025-06-08 01:00,3,1,2,0,0,0
2025-06-08 01:15,1,0,1,0,0,0
2025-06-08 01:30,0,0,0,0,0,0
2025-06-08 01:45,1,0,1,0,0,0
2025-06-08 02:00,1,0,1,0,0,0
2025-06-08 02:15,1,0,1,0,0,0
2025-06-08 02:30,0,0,0,0,0,0
2025-06-08 02:45,0,0,0,0,0,0
2025-06-08 03:00,1,0,1,0,0,0
2025-06-08 03:15,0,0,0,0,0,0
2025-06-08 03:30,0,0,0,0,0,0
2025-06-08 03:45,0,0,0,0,0,0
2025-06-08 04:00,0,0,0,0,0,0
2025-06-08 04:15,1,1,0,0,0,0
2025-06-08 04:30,0,0,0,0,0,0
2025-06-08 04:45,0,0,0,0,0,0
2025-06-08 05:00,1,0,1,0,0,0
2025-06-08 05:15,0,0,0,0,0,0
2025-06-08 05:30,1,1,0,0,0,0
2025-06-08 05:45,0,0,0,0,0,0
2025-06-08 06:00,0,0,0,0,0,0
2025-06-08 06:15,2,1,1,0,0,0
2025-06-08 06:30,2,0,2,0,0,0
2025-06-08 06:45,1,1,0,0,0,0
2025-06-08 07:00,1,0,1,0,0,0
2025-06-08 07:15,2,2,0,0,0,0
2025-06-08 07:30,1,0,1,0,0,0
2025-06-08 07:45,5,4,1,0,0,0
2025-06-08 08:00,1,0,1,0,0,0
2025-06-08 08:15,2,1,1,0,0,0
2025-06-08 08:30,8,3,5,0,0,0
2025-06-08 08:45,1,0,1,0,0,0
2025-06-08 09:00,3,2,1,0,0,0
2025-06-08 09:15,2,1,1,0,0,0
2025-06-08 09:30,3,3,0,0,0,0
2025-06-08 09:45,4,3,1,0,0,0
2025-06-08 10:00,3,3,0,0,0,0
2025-06-08 10:15,7,5,2,0,0,0
2025-06-08 10:30,15,10,5,0,0,0
2025-06-08 10:45,18,11,7,0,0,0
2025-06-08 11:00,16,11,5,0,0,0
2025-06-08 11:15,6,1,5,0,0,0
2025-06-08 11:30,5,1,4,0,0,0
2025-06-08 11:45,9,7,2,0,0,0
2025-06-08 12:00,14,9,5,0,0,0
2025-06-08 12:15,10,7,3,0,0,0
2025-06-08 12:30,19,5,14,0,0,0
2025-06-08 12:45,5,2,3,0,0,0
2025-06-08 13:00,3,1,2,0,0,0
2025-06-08 13:15,2,1,1,0,0,0
2025-06-08 13:30,3,1,2,0,0,0
2025-06-08 13:45,8,5,3,0,0,0
2025-06-08 14:00,12,7,5,0,0,0
2025-06-08 14:15,6,2,4,0,0,0
2025-06-08 14:30,9,5,4,0,0,0
2025-06-08 14:45,6,1,5,0,0,0
2025-06-08 15:00,9,8,1,0,0,0
2025-06-08 15:15,7,4,3,0,0,0
2025-06-08 15:30,6,3,3,0,0,0
2025-06-08 15:45,12,4,8,0,0,0
2025-06-08 16:00,6,2,4,0,0,0
2025-06-08 16:15,7,7,0,0,0,0
2025-06-08 16:30,7,2,5,0,0,0
2025-06-08 16:45,4,3,1,0,0,0
2025-06-08 17:00,6,2,4,0,0,0
2025-06-08 17:15,2,1,1,0,0,0
2025-06-08 17:30,10,8,2,0,0,0
2025-06-08 17:45,5,0,5,0,0,0
2025-06-08 18:00,1,1,0,0,0,0
2025-06-08 18:15,4,1,3,0,0,0
2025-06-08 18:30,5,2,3,0,0,0
2025-06-08 18:45,9,4,5,0,0,0
2025-06-08 19:00,10,8,2,0,0,0
2025-06-08 19:15,4,2,2,0,0,0
2025-06-08 19:30,3,3,0,0,0,0
2025-06-08 19:45,16,7,9,0,0,0
2025-06-08 20:00,9,4,5,0,0,0
2025-06-08 20:15,3,0,3,0,0,0
2025-06-08 20:30,11,4,7,0,0,0
2025-06-08 20:45,2,2,0,0,0,0
2025-06-08 21:00,6,1,5,0,0,0
2025-06-08 21:15,9,3,6,0,0,0
2025-06-08 21:30,5,2,3,0,0,0
2025-06-08 21:45,2,1,1,0,0,0
2025-06-08 22:00,5,3,2,0,0,0
2025-06-08 22:15,1,0,1,0,0,0
2025-06-08 22:30,2,1,1,0,0,0
2025-06-08 22:45,1,1,0,0,0,0
2025-06-08 23:00,0,0,0,0,0,0
2025-06-08 23:15,1,0,1,0,0,0
2025-06-08 23:30,2,2,0,0,0,0
2025-06-08 23:45,0,0,0,0,0,0
2025-06-09 00:00,6,2,4,0,0,0
2025-06-09 00:15,5,0,5,0,0,0
2025-06-09 00:30,2,1,1,0,0,0
2025-06-09 00:45,0,0,0,0,0,0
2025-06-09 01:00,0,0,0,0,0,0
2025-06-09 01:15,1,0,1,0,0,0
2025-06-09 01:30,1,1,0,0,0,0
2025-06-09 01:45,0,0,0,0,0,0
2025-06-09 02:00,2,1,1,0,0,0
2025-06-09 02:15,0,0,0,0,0,0
2025-06-09 02:30,2,2,0,0,0,0
2025-06-09 02:45,0,0,0,0,0,0
2025-06-09 03:00,0,0,0,0,0,0
2025-06-09 03:15,1,0,1,0,0,0
2025-06-09 03:30,0,0,0,0,0,0
2025-06-09 03:45,0,0,0,0,0,0
2025-06-09 04:00,0,0,0,0,0,0
2025-06-09 04:15,1,0,1,0,0,0
2025-06-09 04:30,0,0,0,0,0,0
2025-06-09 04:45,0,0,0,0,0,0
2025-06-09 05:00,0,0,0,0,0,0
2025-06-09 05:15,0,0,0,0,0,0
2025-06-09 05:30,1,0,1,0,0,0
2025-06-09 05:45,1,1,0,0,0,0
2025-06-09 06:00,0,0,0,0,0,0
2025-06-09 06:15,5,2,3,0,0,0
2025-06-09 06:30,0,0,0,0,0,0
2025-06-09 06:45,2,1,1,0,0,0
2025-06-09 07:00,2,2,0,0,0,0
2025-06-09 07:15,3,1,2,0,0,0
2025-06-09 07:30,1,1,0,0,0,0
2025-06-09 07:45,1,0,1,0,0,0
2025-06-09 08:00,3,2,1,0,0,0
2025-06-09 08:15,4,1,3,0,0,0
2025-06-09 08:30,1,1,0,0,0,0
2025-06-09 08:45,3,1,2,0,0,0
2025-06-09 09:00,5,1,4,0,0,0
2025-06-09 09:15,4,4,0,0,0,0
2025-06-09 09:30,6,4,2,0,0,0
2025-06-09 09:45,5,2,3,0,0,0
2025-06-09 10:00,14,6,8,0,0,0
2025-06-09 10:15,20,9,11,0,0,0
2025-06-09 10:30,13,6,7,0,0,0
2025-06-09 10:45,14,9,5,0,0,0
2025-06-09 11:00,12,9,3,0,0,0
2025-06-09 11:15,14,10,4,0,0,0
2025-06-09 11:30,21,12,9,0,0,0
2025-06-09 11:45,14,10,4,0,0,0
2025-06-09 12:00,14,9,5,0,0,0
2025-06-09 12:15,11,4,7,0,0,0
2025-06-09 12:30,16,9,7,0,0,0
2025-06-09 12:45,9,3,6,0,0,0
2025-06-09 13:00,5,4,1,0,0,0
2025-06-09 13:15,15,9,6,0,0,0
2025-06-09 13:30,15,8,7,0,0,0
2025-06-09 13:45,21,9,12,0,0,0
2025-06-09 14:00,7,4,3,0,0,0
2025-06-09 14:15,26,12,14,0,0,0
2025-06-09 14:30,16,10,6,0,0,0
2025-06-09 14:45,20,8,12,0,0,0
2025-06-09 15:00,12,5,7,0,0,0
2025-06-09 15:15,17,9,8,0,0,0
2025-06-09 15:30,20,13,7,0,0,0
2025-06-09 15:45,12,6,6,0,0,0
2025-06-09 16:00,19,10,9,0,0,0
2025-06-09 16:15,25,13,12,0,0,0
2025-06-09 16:30,24,13,11,0,0,0
2025-06-09 16:45,11,6,5,0,0,0
2025-06-09 17:00,18,5,13,0,0,0
2025-06-09 17:15,19,9,10,0,0,0
2025-06-09 17:30,18,12,6,0,0,0
2025-06-09 17:45,20,10,10,0,0,0
2025-06-09 18:00,16,4,12,0,0,0
2025-06-09 18:15,16,10,6,0,0,0
2025-06-09 18:30,11,7,4,0,0,0
2025-06-09 18:45,13,8,5,0,0,0
2025-06-09 19:00,18,10,8,0,0,0
2025-06-09 19:15,9,6,3,0,0,0
2025-06-09 19:30,11,3,8,0,0,0
2025-06-09 19:45,12,5,7,0,0,0
2025-06-09 20:00,8,5,3,0,0,0
2025-06-09 20:15,6,1,5,0,0,0
2025-06-09 20:30,6,5,1,0,0,0
2025-06-09 20:45,10,7,3,0,0,0
2025-06-09 21:00,4,0,4,0,0,0
2025-06-09 21:15,12,7,5,0,0,0
2025-06-09 21:30,4,2,2,0,0,0
2025-06-09 21:45,4,1,3,0,0,0
2025-06-09 22:00,3,3,0,0,0,0
2025-06-09 22:15,2,2,0,0,0,0
2025-06-09 22:30,3,3,0,0,0,0
2025-06-09 22:45,4,0,4,0,0,0
2025-06-09 23:00,0,0,0,0,0,0
2025-06-09 23:15,2,0,2,0,0,0
2025-06-09 23:30,3,1,2,0,0,0
2025-06-09 23:45,4,3,1,0,0,0
