Datetime,300037928 (Kinderhauser Str.),353413835 (Kinderhauser Str. Fahrr채der Stadteinw채rts),353413836 (Kinderhauser Str. Fahrr채der Stadtausw채rts),300037928-status,353413835-status,353413836-status
2025-01-01 00:00,0,0,0,0,0,0
2025-01-01 00:15,1,1,0,0,0,0
2025-01-01 00:30,1,0,1,0,0,0
2025-01-01 00:45,1,0,1,0,0,0
2025-01-01 01:00,0,0,0,0,0,0
2025-01-01 01:15,2,2,0,0,0,0
2025-01-01 01:30,4,4,0,0,0,0
2025-01-01 01:45,1,1,0,0,0,0
2025-01-01 02:00,10,0,10,0,0,0
2025-01-01 02:15,10,4,6,0,0,0
2025-01-01 02:30,3,0,3,0,0,0
2025-01-01 02:45,8,5,3,0,0,0
2025-01-01 03:00,5,3,2,0,0,0
2025-01-01 03:15,1,0,1,0,0,0
2025-01-01 03:30,6,2,4,0,0,0
2025-01-01 03:45,3,0,3,0,0,0
2025-01-01 04:00,3,0,3,0,0,0
2025-01-01 04:15,4,3,1,0,0,0
2025-01-01 04:30,2,0,2,0,0,0
2025-01-01 04:45,2,0,2,0,0,0
2025-01-01 05:00,1,0,1,0,0,0
2025-01-01 05:15,2,1,1,0,0,0
2025-01-01 05:30,0,0,0,0,0,0
2025-01-01 05:45,0,0,0,0,0,0
2025-01-01 06:00,3,2,1,0,0,0
2025-01-01 06:15,2,2,0,0,0,0
2025-01-01 06:30,2,2,0,0,0,0
2025-01-01 06:45,0,0,0,0,0,0
2025-01-01 07:00,0,0,0,0,0,0
2025-01-01 07:15,0,0,0,0,0,0
2025-01-01 07:30,0,0,0,0,0,0
2025-01-01 07:45,2,2,0,0,0,0
2025-01-01 08:00,1,1,0,0,0,0
2025-01-01 08:15,0,0,0,0,0,0
2025-01-01 08:30,0,0,0,0,0,0
2025-01-01 08:45,3,0,3,0,0,0
2025-01-01 09:00,0,0,0,0,0,0
2025-01-01 09:15,0,0,0,0,0,0
2025-01-01 09:30,0,0,0,0,0,0
2025-01-01 09:45,4,3,1,0,0,0
2025-01-01 10:00,2,0,2,0,0,0
2025-01-01 10:15,0,0,0,0,0,0
2025-01-01 10:30,0,0,0,0,0,0
2025-01-01 10:45,1,1,0,0,0,0
2025-01-01 11:00,1,1,0,0,0,0
2025-01-01 11:15,3,0,3,0,0,0
2025-01-01 11:30,4,2,2,0,0,0
2025-01-01 11:45,3,3,0,0,0,0
2025-01-01 12:00,3,2,1,0,0,0
2025-01-01 12:15,5,3,2,0,0,0
2025-01-01 12:30,4,1,3,0,0,0
2025-01-01 12:45,7,3,4,0,0,0
2025-01-01 13:00,5,1,4,0,0,0
2025-01-01 13:15,3,3,0,0,0,0
2025-01-01 13:30,2,1,1,0,0,0
2025-01-01 13:45,8,3,5,0,0,0
2025-01-01 14:00,4,1,3,0,0,0
2025-01-01 14:15,5,2,3,0,0,0
2025-01-01 14:30,10,6,4,0,0,0
2025-01-01 14:45,4,3,1,0,0,0
2025-01-01 15:00,8,3,5,0,0,0
2025-01-01 15:15,4,2,2,0,0,0
2025-01-01 15:30,1,1,0,0,0,0
2025-01-01 15:45,1,0,1,0,0,0
2025-01-01 16:00,4,1,3,0,0,0
2025-01-01 16:15,3,1,2,0,0,0
2025-01-01 16:30,7,3,4,0,0,0
2025-01-01 16:45,6,3,3,0,0,0
2025-01-01 17:00,1,0,1,0,0,0
2025-01-01 17:15,0,0,0,0,0,0
2025-01-01 17:30,3,1,2,0,0,0
2025-01-01 17:45,7,4,3,0,0,0
2025-01-01 18:00,7,4,3,0,0,0
2025-01-01 18:15,3,3,0,0,0,0
2025-01-01 18:30,3,1,2,0,0,0
2025-01-01 18:45,2,1,1,0,0,0
2025-01-01 19:00,0,0,0,0,0,0
2025-01-01 19:15,5,3,2,0,0,0
2025-01-01 19:30,3,1,2,0,0,0
2025-01-01 19:45,4,2,2,0,0,0
2025-01-01 20:00,4,1,3,0,0,0
2025-01-01 20:15,3,1,2,0,0,0
2025-01-01 20:30,2,0,2,0,0,0
2025-01-01 20:45,3,1,2,0,0,0
2025-01-01 21:00,1,0,1,0,0,0
2025-01-01 21:15,1,0,1,0,0,0
2025-01-01 21:30,0,0,0,0,0,0
2025-01-01 21:45,2,1,1,0,0,0
2025-01-01 22:00,1,0,1,0,0,0
2025-01-01 22:15,3,2,1,0,0,0
2025-01-01 22:30,3,0,3,0,0,0
2025-01-01 22:45,1,1,0,0,0,0
2025-01-01 23:00,0,0,0,0,0,0
2025-01-01 23:15,0,0,0,0,0,0
2025-01-01 23:30,0,0,0,0,0,0
2025-01-01 23:45,0,0,0,0,0,0
2025-01-02 00:00,0,0,0,0,0,0
2025-01-02 00:15,1,1,0,0,0,0
2025-01-02 00:30,1,0,1,0,0,0
2025-01-02 00:45,1,0,1,0,0,0
2025-01-02 01:00,0,0,0,0,0,0
2025-01-02 01:15,0,0,0,0,0,0
2025-01-02 01:30,0,0,0,0,0,0
2025-01-02 01:45,0,0,0,0,0,0
2025-01-02 02:00,0,0,0,0,0,0
2025-01-02 02:15,0,0,0,0,0,0
2025-01-02 02:30,0,0,0,0,0,0
2025-01-02 02:45,2,0,2,0,0,0
2025-01-02 03:00,4,2,2,0,0,0
2025-01-02 03:15,0,0,0,0,0,0
2025-01-02 03:30,0,0,0,0,0,0
2025-01-02 03:45,0,0,0,0,0,0
2025-01-02 04:00,3,0,3,0,0,0
2025-01-02 04:15,3,1,2,0,0,0
2025-01-02 04:30,6,0,6,0,0,0
2025-01-02 04:45,0,0,0,0,0,0
2025-01-02 05:00,0,0,0,0,0,0
2025-01-02 05:15,4,2,2,0,0,0
2025-01-02 05:30,3,1,2,0,0,0
2025-01-02 05:45,8,7,1,0,0,0
2025-01-02 06:00,5,4,1,0,0,0
2025-01-02 06:15,4,2,2,0,0,0
2025-01-02 06:30,10,8,2,0,0,0
2025-01-02 06:45,39,23,16,0,0,0
2025-01-02 07:00,8,4,4,0,0,0
2025-01-02 07:15,3,2,1,0,0,0
2025-01-02 07:30,6,4,2,0,0,0
2025-01-02 07:45,21,16,5,0,0,0
2025-01-02 08:00,4,4,0,0,0,0
2025-01-02 08:15,16,13,3,0,0,0
2025-01-02 08:30,13,9,4,0,0,0
2025-01-02 08:45,19,8,11,0,0,0
2025-01-02 09:00,4,3,1,0,0,0
2025-01-02 09:15,11,5,6,0,0,0
2025-01-02 09:30,7,3,4,0,0,0
2025-01-02 09:45,15,12,3,0,0,0
2025-01-02 10:00,13,6,7,0,0,0
2025-01-02 10:15,8,1,7,0,0,0
2025-01-02 10:30,5,2,3,0,0,0
2025-01-02 10:45,14,11,3,0,0,0
2025-01-02 11:00,10,5,5,0,0,0
2025-01-02 11:15,17,9,8,0,0,0
2025-01-02 11:30,16,9,7,0,0,0
2025-01-02 11:45,11,3,8,0,0,0
2025-01-02 12:00,7,4,3,0,0,0
2025-01-02 12:15,12,5,7,0,0,0
2025-01-02 12:30,10,7,3,0,0,0
2025-01-02 12:45,18,17,1,0,0,0
2025-01-02 13:00,22,9,13,0,0,0
2025-01-02 13:15,10,3,7,0,0,0
2025-01-02 13:30,13,9,4,0,0,0
2025-01-02 13:45,8,3,5,0,0,0
2025-01-02 14:00,13,5,8,0,0,0
2025-01-02 14:15,16,8,8,0,0,0
2025-01-02 14:30,14,6,8,0,0,0
2025-01-02 14:45,14,5,9,0,0,0
2025-01-02 15:00,16,10,6,0,0,0
2025-01-02 15:15,18,9,9,0,0,0
2025-01-02 15:30,12,5,7,0,0,0
2025-01-02 15:45,28,10,18,0,0,0
2025-01-02 16:00,16,8,8,0,0,0
2025-01-02 16:15,15,8,7,0,0,0
2025-01-02 16:30,19,9,10,0,0,0
2025-01-02 16:45,18,6,12,0,0,0
2025-01-02 17:00,23,6,17,0,0,0
2025-01-02 17:15,10,1,9,0,0,0
2025-01-02 17:30,27,6,21,0,0,0
2025-01-02 17:45,7,2,5,0,0,0
2025-01-02 18:00,8,2,6,0,0,0
2025-01-02 18:15,5,1,4,0,0,0
2025-01-02 18:30,13,4,9,0,0,0
2025-01-02 18:45,6,3,3,0,0,0
2025-01-02 19:00,8,4,4,0,0,0
2025-01-02 19:15,7,5,2,0,0,0
2025-01-02 19:30,11,4,7,0,0,0
2025-01-02 19:45,9,1,8,0,0,0
2025-01-02 20:00,3,1,2,0,0,0
2025-01-02 20:15,4,1,3,0,0,0
2025-01-02 20:30,4,0,4,0,0,0
2025-01-02 20:45,7,3,4,0,0,0
2025-01-02 21:00,2,1,1,0,0,0
2025-01-02 21:15,9,2,7,0,0,0
2025-01-02 21:30,9,5,4,0,0,0
2025-01-02 21:45,3,1,2,0,0,0
2025-01-02 22:00,4,0,4,0,0,0
2025-01-02 22:15,3,1,2,0,0,0
2025-01-02 22:30,1,0,1,0,0,0
2025-01-02 22:45,1,1,0,0,0,0
2025-01-02 23:00,1,0,1,0,0,0
2025-01-02 23:15,1,0,1,0,0,0
2025-01-02 23:30,3,2,1,0,0,0
2025-01-02 23:45,1,0,1,0,0,0
2025-01-03 00:00,2,0,2,0,0,0
2025-01-03 00:15,0,0,0,0,0,0
2025-01-03 00:30,0,0,0,0,0,0
2025-01-03 00:45,1,0,1,0,0,0
2025-01-03 01:00,0,0,0,0,0,0
2025-01-03 01:15,0,0,0,0,0,0
2025-01-03 01:30,0,0,0,0,0,0
2025-01-03 01:45,0,0,0,0,0,0
2025-01-03 02:00,0,0,0,0,0,0
2025-01-03 02:15,0,0,0,0,0,0
2025-01-03 02:30,0,0,0,0,0,0
2025-01-03 02:45,1,0,1,0,0,0
2025-01-03 03:00,2,2,0,0,0,0
2025-01-03 03:15,0,0,0,0,0,0
2025-01-03 03:30,2,0,2,0,0,0
2025-01-03 03:45,0,0,0,0,0,0
2025-01-03 04:00,0,0,0,0,0,0
2025-01-03 04:15,6,6,0,0,0,0
2025-01-03 04:30,7,1,6,0,0,0
2025-01-03 04:45,0,0,0,0,0,0
2025-01-03 05:00,0,0,0,0,0,0
2025-01-03 05:15,2,0,2,0,0,0
2025-01-03 05:30,4,3,1,0,0,0
2025-01-03 05:45,1,0,1,0,0,0
2025-01-03 06:00,6,5,1,0,0,0
2025-01-03 06:15,2,2,0,0,0,0
2025-01-03 06:30,10,7,3,0,0,0
2025-01-03 06:45,11,9,2,0,0,0
2025-01-03 07:00,16,6,10,0,0,0
2025-01-03 07:15,6,5,1,0,0,0
2025-01-03 07:30,21,9,12,0,0,0
2025-01-03 07:45,19,15,4,0,0,0
2025-01-03 08:00,15,9,6,0,0,0
2025-01-03 08:15,8,3,5,0,0,0
2025-01-03 08:30,13,13,0,0,0,0
2025-01-03 08:45,6,4,2,0,0,0
2025-01-03 09:00,5,4,1,0,0,0
2025-01-03 09:15,13,10,3,0,0,0
2025-01-03 09:30,17,6,11,0,0,0
2025-01-03 09:45,7,4,3,0,0,0
2025-01-03 10:00,15,8,7,0,0,0
2025-01-03 10:15,14,5,9,0,0,0
2025-01-03 10:30,5,2,3,0,0,0
2025-01-03 10:45,7,2,5,0,0,0
2025-01-03 11:00,6,2,4,0,0,0
2025-01-03 11:15,4,1,3,0,0,0
2025-01-03 11:30,15,8,7,0,0,0
2025-01-03 11:45,9,7,2,0,0,0
2025-01-03 12:00,15,8,7,0,0,0
2025-01-03 12:15,8,6,2,0,0,0
2025-01-03 12:30,14,6,8,0,0,0
2025-01-03 12:45,10,2,8,0,0,0
2025-01-03 13:00,12,7,5,0,0,0
2025-01-03 13:15,15,8,7,0,0,0
2025-01-03 13:30,19,10,9,0,0,0
2025-01-03 13:45,16,1,15,0,0,0
2025-01-03 14:00,22,9,13,0,0,0
2025-01-03 14:15,15,7,8,0,0,0
2025-01-03 14:30,12,8,4,0,0,0
2025-01-03 14:45,16,7,9,0,0,0
2025-01-03 15:00,10,6,4,0,0,0
2025-01-03 15:15,13,7,6,0,0,0
2025-01-03 15:30,21,7,14,0,0,0
2025-01-03 15:45,13,8,5,0,0,0
2025-01-03 16:00,11,5,6,0,0,0
2025-01-03 16:15,4,1,3,0,0,0
2025-01-03 16:30,13,3,10,0,0,0
2025-01-03 16:45,12,7,5,0,0,0
2025-01-03 17:00,20,12,8,0,0,0
2025-01-03 17:15,9,2,7,0,0,0
2025-01-03 17:30,11,5,6,0,0,0
2025-01-03 17:45,8,4,4,0,0,0
2025-01-03 18:00,15,7,8,0,0,0
2025-01-03 18:15,9,4,5,0,0,0
2025-01-03 18:30,4,0,4,0,0,0
2025-01-03 18:45,5,4,1,0,0,0
2025-01-03 19:00,10,5,5,0,0,0
2025-01-03 19:15,10,6,4,0,0,0
2025-01-03 19:30,8,3,5,0,0,0
2025-01-03 19:45,4,1,3,0,0,0
2025-01-03 20:00,9,2,7,0,0,0
2025-01-03 20:15,6,2,4,0,0,0
2025-01-03 20:30,2,1,1,0,0,0
2025-01-03 20:45,4,1,3,0,0,0
2025-01-03 21:00,4,1,3,0,0,0
2025-01-03 21:15,0,0,0,0,0,0
2025-01-03 21:30,5,1,4,0,0,0
2025-01-03 21:45,1,0,1,0,0,0
2025-01-03 22:00,4,3,1,0,0,0
2025-01-03 22:15,5,2,3,0,0,0
2025-01-03 22:30,5,2,3,0,0,0
2025-01-03 22:45,2,1,1,0,0,0
2025-01-03 23:00,4,2,2,0,0,0
2025-01-03 23:15,4,0,4,0,0,0
2025-01-03 23:30,2,0,2,0,0,0
2025-01-03 23:45,2,0,2,0,0,0
2025-01-04 00:00,3,0,3,0,0,0
2025-01-04 00:15,3,0,3,0,0,0
2025-01-04 00:30,1,1,0,0,0,0
2025-01-04 00:45,1,0,1,0,0,0
2025-01-04 01:00,3,2,1,0,0,0
2025-01-04 01:15,0,0,0,0,0,0
2025-01-04 01:30,2,1,1,0,0,0
2025-01-04 01:45,3,0,3,0,0,0
2025-01-04 02:00,1,0,1,0,0,0
2025-01-04 02:15,0,0,0,0,0,0
2025-01-04 02:30,0,0,0,0,0,0
2025-01-04 02:45,1,0,1,0,0,0
2025-01-04 03:00,3,2,1,0,0,0
2025-01-04 03:15,0,0,0,0,0,0
2025-01-04 03:30,0,0,0,0,0,0
2025-01-04 03:45,0,0,0,0,0,0
2025-01-04 04:00,0,0,0,0,0,0
2025-01-04 04:15,0,0,0,0,0,0
2025-01-04 04:30,1,1,0,0,0,0
2025-01-04 04:45,0,0,0,0,0,0
2025-01-04 05:00,1,1,0,0,0,0
2025-01-04 05:15,0,0,0,0,0,0
2025-01-04 05:30,5,3,2,0,0,0
2025-01-04 05:45,0,0,0,0,0,0
2025-01-04 06:00,0,0,0,0,0,0
2025-01-04 06:15,2,2,0,0,0,0
2025-01-04 06:30,2,1,1,0,0,0
2025-01-04 06:45,4,1,3,0,0,0
2025-01-04 07:00,0,0,0,0,0,0
2025-01-04 07:15,5,2,3,0,0,0
2025-01-04 07:30,3,2,1,0,0,0
2025-01-04 07:45,1,1,0,0,0,0
2025-01-04 08:00,2,1,1,0,0,0
2025-01-04 08:15,4,1,3,0,0,0
2025-01-04 08:30,5,4,1,0,0,0
2025-01-04 08:45,2,1,1,0,0,0
2025-01-04 09:00,3,2,1,0,0,0
2025-01-04 09:15,9,4,5,0,0,0
2025-01-04 09:30,8,4,4,0,0,0
2025-01-04 09:45,9,5,4,0,0,0
2025-01-04 10:00,11,9,2,0,0,0
2025-01-04 10:15,6,4,2,0,0,0
2025-01-04 10:30,9,7,2,0,0,0
2025-01-04 10:45,9,5,4,0,0,0
2025-01-04 11:00,6,3,3,0,0,0
2025-01-04 11:15,9,8,1,0,0,0
2025-01-04 11:30,10,2,8,0,0,0
2025-01-04 11:45,12,7,5,0,0,0
2025-01-04 12:00,5,3,2,0,0,0
2025-01-04 12:15,7,2,5,0,0,0
2025-01-04 12:30,15,7,8,0,0,0
2025-01-04 12:45,12,9,3,0,0,0
2025-01-04 13:00,13,9,4,0,0,0
2025-01-04 13:15,1,1,0,0,0,0
2025-01-04 13:30,14,3,11,0,0,0
2025-01-04 13:45,7,3,4,0,0,0
2025-01-04 14:00,11,6,5,0,0,0
2025-01-04 14:15,10,2,8,0,0,0
2025-01-04 14:30,13,5,8,0,0,0
2025-01-04 14:45,15,7,8,0,0,0
2025-01-04 15:00,13,3,10,0,0,0
2025-01-04 15:15,14,3,11,0,0,0
2025-01-04 15:30,12,4,8,0,0,0
2025-01-04 15:45,17,12,5,0,0,0
2025-01-04 16:00,8,4,4,0,0,0
2025-01-04 16:15,6,5,1,0,0,0
2025-01-04 16:30,10,6,4,0,0,0
2025-01-04 16:45,16,5,11,0,0,0
2025-01-04 17:00,9,5,4,0,0,0
2025-01-04 17:15,4,1,3,0,0,0
2025-01-04 17:30,5,1,4,0,0,0
2025-01-04 17:45,5,4,1,0,0,0
2025-01-04 18:00,8,4,4,0,0,0
2025-01-04 18:15,16,12,4,0,0,0
2025-01-04 18:30,8,4,4,0,0,0
2025-01-04 18:45,12,5,7,0,0,0
2025-01-04 19:00,3,0,3,0,0,0
2025-01-04 19:15,6,2,4,0,0,0
2025-01-04 19:30,9,5,4,0,0,0
2025-01-04 19:45,4,3,1,0,0,0
2025-01-04 20:00,6,5,1,0,0,0
2025-01-04 20:15,4,0,4,0,0,0
2025-01-04 20:30,4,1,3,0,0,0
2025-01-04 20:45,2,2,0,0,0,0
2025-01-04 21:00,4,3,1,0,0,0
2025-01-04 21:15,1,0,1,0,0,0
2025-01-04 21:30,2,2,0,0,0,0
2025-01-04 21:45,4,2,2,0,0,0
2025-01-04 22:00,1,0,1,0,0,0
2025-01-04 22:15,5,3,2,0,0,0
2025-01-04 22:30,4,1,3,0,0,0
2025-01-04 22:45,2,1,1,0,0,0
2025-01-04 23:00,2,2,0,0,0,0
2025-01-04 23:15,1,0,1,0,0,0
2025-01-04 23:30,2,0,2,0,0,0
2025-01-04 23:45,2,0,2,0,0,0
2025-01-05 00:00,0,0,0,0,0,0
2025-01-05 00:15,5,0,5,0,0,0
2025-01-05 00:30,3,0,3,0,0,0
2025-01-05 00:45,5,0,5,0,0,0
2025-01-05 01:00,1,0,1,0,0,0
2025-01-05 01:15,2,1,1,0,0,0
2025-01-05 01:30,3,0,3,0,0,0
2025-01-05 01:45,3,1,2,0,0,0
2025-01-05 02:00,1,0,1,0,0,0
2025-01-05 02:15,0,0,0,0,0,0
2025-01-05 02:30,1,0,1,0,0,0
2025-01-05 02:45,1,0,1,0,0,0
2025-01-05 03:00,0,0,0,0,0,0
2025-01-05 03:15,1,0,1,0,0,0
2025-01-05 03:30,2,0,2,0,0,0
2025-01-05 03:45,0,0,0,0,0,0
2025-01-05 04:00,0,0,0,0,0,0
2025-01-05 04:15,0,0,0,0,0,0
2025-01-05 04:30,2,2,0,0,0,0
2025-01-05 04:45,0,0,0,0,0,0
2025-01-05 05:00,0,0,0,0,0,0
2025-01-05 05:15,1,1,0,0,0,0
2025-01-05 05:30,1,1,0,0,0,0
2025-01-05 05:45,2,0,2,0,0,0
2025-01-05 06:00,1,0,1,0,0,0
2025-01-05 06:15,2,2,0,0,0,0
2025-01-05 06:30,0,0,0,0,0,0
2025-01-05 06:45,1,1,0,0,0,0
2025-01-05 07:00,0,0,0,0,0,0
2025-01-05 07:15,1,1,0,0,0,0
2025-01-05 07:30,0,0,0,0,0,0
2025-01-05 07:45,0,0,0,0,0,0
2025-01-05 08:00,1,1,0,0,0,0
2025-01-05 08:15,2,2,0,0,0,0
2025-01-05 08:30,0,0,0,0,0,0
2025-01-05 08:45,3,2,1,0,0,0
2025-01-05 09:00,2,1,1,0,0,0
2025-01-05 09:15,0,0,0,0,0,0
2025-01-05 09:30,20,10,10,0,0,0
2025-01-05 09:45,6,5,1,0,0,0
2025-01-05 10:00,4,2,2,0,0,0
2025-01-05 10:15,1,1,0,0,0,0
2025-01-05 10:30,6,4,2,0,0,0
2025-01-05 10:45,2,1,1,0,0,0
2025-01-05 11:00,1,1,0,0,0,0
2025-01-05 11:15,9,6,3,0,0,0
2025-01-05 11:30,1,1,0,0,0,0
2025-01-05 11:45,6,2,4,0,0,0
2025-01-05 12:00,4,0,4,0,0,0
2025-01-05 12:15,5,2,3,0,0,0
2025-01-05 12:30,0,0,0,0,0,0
2025-01-05 12:45,4,1,3,0,0,0
2025-01-05 13:00,2,0,2,0,0,0
2025-01-05 13:15,0,0,0,0,0,0
2025-01-05 13:30,4,3,1,0,0,0
2025-01-05 13:45,4,0,4,0,0,0
2025-01-05 14:00,3,0,3,0,0,0
2025-01-05 14:15,0,0,0,0,0,0
2025-01-05 14:30,5,3,2,0,0,0
2025-01-05 14:45,5,2,3,0,0,0
2025-01-05 15:00,8,6,2,0,0,0
2025-01-05 15:15,7,2,5,0,0,0
2025-01-05 15:30,7,4,3,0,0,0
2025-01-05 15:45,3,2,1,0,0,0
2025-01-05 16:00,5,2,3,0,0,0
2025-01-05 16:15,3,2,1,0,0,0
2025-01-05 16:30,4,1,3,0,0,0
2025-01-05 16:45,3,1,2,0,0,0
2025-01-05 17:00,3,3,0,0,0,0
2025-01-05 17:15,2,2,0,0,0,0
2025-01-05 17:30,4,1,3,0,0,0
2025-01-05 17:45,4,3,1,0,0,0
2025-01-05 18:00,2,0,2,0,0,0
2025-01-05 18:15,2,0,2,0,0,0
2025-01-05 18:30,1,0,1,0,0,0
2025-01-05 18:45,3,1,2,0,0,0
2025-01-05 19:00,4,1,3,0,0,0
2025-01-05 19:15,3,1,2,0,0,0
2025-01-05 19:30,1,1,0,0,0,0
2025-01-05 19:45,2,2,0,0,0,0
2025-01-05 20:00,7,2,5,0,0,0
2025-01-05 20:15,9,3,6,0,0,0
2025-01-05 20:30,1,0,1,0,0,0
2025-01-05 20:45,3,1,2,0,0,0
2025-01-05 21:00,1,0,1,0,0,0
2025-01-05 21:15,3,0,3,0,0,0
2025-01-05 21:30,5,1,4,0,0,0
2025-01-05 21:45,1,0,1,0,0,0
2025-01-05 22:00,0,0,0,0,0,0
2025-01-05 22:15,5,3,2,0,0,0
2025-01-05 22:30,2,1,1,0,0,0
2025-01-05 22:45,3,1,2,0,0,0
2025-01-05 23:00,0,0,0,0,0,0
2025-01-05 23:15,0,0,0,0,0,0
2025-01-05 23:30,0,0,0,0,0,0
2025-01-05 23:45,1,0,1,0,0,0
2025-01-06 00:00,0,0,0,0,0,0
2025-01-06 00:15,0,0,0,0,0,0
2025-01-06 00:30,0,0,0,0,0,0
2025-01-06 00:45,1,1,0,0,0,0
2025-01-06 01:00,0,0,0,0,0,0
2025-01-06 01:15,0,0,0,0,0,0
2025-01-06 01:30,0,0,0,0,0,0
2025-01-06 01:45,0,0,0,0,0,0
2025-01-06 02:00,0,0,0,0,0,0
2025-01-06 02:15,0,0,0,0,0,0
2025-01-06 02:30,0,0,0,0,0,0
2025-01-06 02:45,1,0,1,0,0,0
2025-01-06 03:00,2,2,0,0,0,0
2025-01-06 03:15,0,0,0,0,0,0
2025-01-06 03:30,7,5,2,0,0,0
2025-01-06 03:45,4,0,4,0,0,0
2025-01-06 04:00,0,0,0,0,0,0
2025-01-06 04:15,1,1,0,0,0,0
2025-01-06 04:30,5,4,1,0,0,0
2025-01-06 04:45,6,1,5,0,0,0
2025-01-06 05:00,0,0,0,0,0,0
2025-01-06 05:15,3,1,2,0,0,0
2025-01-06 05:30,5,4,1,0,0,0
2025-01-06 05:45,1,1,0,0,0,0
2025-01-06 06:00,3,2,1,0,0,0
2025-01-06 06:15,2,1,1,0,0,0
2025-01-06 06:30,13,8,5,0,0,0
2025-01-06 06:45,17,12,5,0,0,0
2025-01-06 07:00,13,8,5,0,0,0
2025-01-06 07:15,24,10,14,0,0,0
2025-01-06 07:30,22,11,11,0,0,0
2025-01-06 07:45,19,14,5,0,0,0
2025-01-06 08:00,31,26,5,0,0,0
2025-01-06 08:15,23,13,10,0,0,0
2025-01-06 08:30,22,16,6,0,0,0
2025-01-06 08:45,16,8,8,0,0,0
2025-01-06 09:00,13,11,2,0,0,0
2025-01-06 09:15,21,8,13,0,0,0
2025-01-06 09:30,19,10,9,0,0,0
2025-01-06 09:45,15,10,5,0,0,0
2025-01-06 10:00,18,11,7,0,0,0
2025-01-06 10:15,18,5,13,0,0,0
2025-01-06 10:30,12,9,3,0,0,0
2025-01-06 10:45,10,3,7,0,0,0
2025-01-06 11:00,14,10,4,0,0,0
2025-01-06 11:15,19,11,8,0,0,0
2025-01-06 11:30,10,5,5,0,0,0
2025-01-06 11:45,14,7,7,0,0,0
2025-01-06 12:00,17,10,7,0,0,0
2025-01-06 12:15,19,12,7,0,0,0
2025-01-06 12:30,28,22,6,0,0,0
2025-01-06 12:45,17,12,5,0,0,0
2025-01-06 13:00,11,9,2,0,0,0
2025-01-06 13:15,13,7,6,0,0,0
2025-01-06 13:30,16,8,8,0,0,0
2025-01-06 13:45,11,5,6,0,0,0
2025-01-06 14:00,15,4,11,0,0,0
2025-01-06 14:15,23,8,15,0,0,0
2025-01-06 14:30,17,8,9,0,0,0
2025-01-06 14:45,14,6,8,0,0,0
2025-01-06 15:00,22,7,15,0,0,0
2025-01-06 15:15,16,6,10,0,0,0
2025-01-06 15:30,24,9,15,0,0,0
2025-01-06 15:45,13,7,6,0,0,0
2025-01-06 16:00,20,6,14,0,0,0
2025-01-06 16:15,18,5,13,0,0,0
2025-01-06 16:30,19,6,13,0,0,0
2025-01-06 16:45,25,12,13,0,0,0
2025-01-06 17:00,15,7,8,0,0,0
2025-01-06 17:15,24,10,14,0,0,0
2025-01-06 17:30,19,7,12,0,0,0
2025-01-06 17:45,17,2,15,0,0,0
2025-01-06 18:00,16,4,12,0,0,0
2025-01-06 18:15,13,5,8,0,0,0
2025-01-06 18:30,10,5,5,0,0,0
2025-01-06 18:45,16,4,12,0,0,0
2025-01-06 19:00,9,3,6,0,0,0
2025-01-06 19:15,15,5,10,0,0,0
2025-01-06 19:30,12,6,6,0,0,0
2025-01-06 19:45,4,2,2,0,0,0
2025-01-06 20:00,9,7,2,0,0,0
2025-01-06 20:15,5,1,4,0,0,0
2025-01-06 20:30,5,1,4,0,0,0
2025-01-06 20:45,5,2,3,0,0,0
2025-01-06 21:00,6,4,2,0,0,0
2025-01-06 21:15,9,3,6,0,0,0
2025-01-06 21:30,5,2,3,0,0,0
2025-01-06 21:45,2,0,2,0,0,0
2025-01-06 22:00,5,2,3,0,0,0
2025-01-06 22:15,4,2,2,0,0,0
2025-01-06 22:30,4,2,2,0,0,0
2025-01-06 22:45,0,0,0,0,0,0
2025-01-06 23:00,1,0,1,0,0,0
2025-01-06 23:15,0,0,0,0,0,0
2025-01-06 23:30,2,1,1,0,0,0
2025-01-06 23:45,0,0,0,0,0,0
2025-01-07 00:00,0,0,0,0,0,0
2025-01-07 00:15,0,0,0,0,0,0
2025-01-07 00:30,0,0,0,0,0,0
2025-01-07 00:45,2,1,1,0,0,0
2025-01-07 01:00,0,0,0,0,0,0
2025-01-07 01:15,0,0,0,0,0,0
2025-01-07 01:30,0,0,0,0,0,0
2025-01-07 01:45,0,0,0,0,0,0
2025-01-07 02:00,0,0,0,0,0,0
2025-01-07 02:15,0,0,0,0,0,0
2025-01-07 02:30,0,0,0,0,0,0
2025-01-07 02:45,1,0,1,0,0,0
2025-01-07 03:00,2,2,0,0,0,0
2025-01-07 03:15,0,0,0,0,0,0
2025-01-07 03:30,2,0,2,0,0,0
2025-01-07 03:45,0,0,0,0,0,0
2025-01-07 04:00,0,0,0,0,0,0
2025-01-07 04:15,1,1,0,0,0,0
2025-01-07 04:30,1,0,1,0,0,0
2025-01-07 04:45,1,1,0,0,0,0
2025-01-07 05:00,4,3,1,0,0,0
2025-01-07 05:15,4,1,3,0,0,0
2025-01-07 05:30,7,6,1,0,0,0
2025-01-07 05:45,2,0,2,0,0,0
2025-01-07 06:00,8,6,2,0,0,0
2025-01-07 06:15,11,6,5,0,0,0
2025-01-07 06:30,15,10,5,0,0,0
2025-01-07 06:45,6,3,3,0,0,0
2025-01-07 07:00,20,16,4,0,0,0
2025-01-07 07:15,36,24,12,0,0,0
2025-01-07 07:30,40,31,9,0,0,0
2025-01-07 07:45,56,36,20,0,0,0
2025-01-07 08:00,36,20,16,0,0,0
2025-01-07 08:15,49,29,20,0,0,0
2025-01-07 08:30,21,8,13,0,0,0
2025-01-07 08:45,18,14,4,0,0,0
2025-01-07 09:00,21,12,9,0,0,0
2025-01-07 09:15,12,8,4,0,0,0
2025-01-07 09:30,21,9,12,0,0,0
2025-01-07 09:45,30,24,6,0,0,0
2025-01-07 10:00,12,6,6,0,0,0
2025-01-07 10:15,14,9,5,0,0,0
2025-01-07 10:30,22,7,15,0,0,0
2025-01-07 10:45,15,4,11,0,0,0
2025-01-07 11:00,10,5,5,0,0,0
2025-01-07 11:15,9,4,5,0,0,0
2025-01-07 11:30,17,8,9,0,0,0
2025-01-07 11:45,23,8,15,0,0,0
2025-01-07 12:00,17,2,15,0,0,0
2025-01-07 12:15,27,16,11,0,0,0
2025-01-07 12:30,20,8,12,0,0,0
2025-01-07 12:45,19,11,8,0,0,0
2025-01-07 13:00,11,5,6,0,0,0
2025-01-07 13:15,22,7,15,0,0,0
2025-01-07 13:30,20,9,11,0,0,0
2025-01-07 13:45,19,6,13,0,0,0
2025-01-07 14:00,30,8,22,0,0,0
2025-01-07 14:15,17,8,9,0,0,0
2025-01-07 14:30,25,12,13,0,0,0
2025-01-07 14:45,25,8,17,0,0,0
2025-01-07 15:00,34,24,10,0,0,0
2025-01-07 15:15,26,10,16,0,0,0
2025-01-07 15:30,30,8,22,0,0,0
2025-01-07 15:45,41,16,25,0,0,0
2025-01-07 16:00,35,9,26,0,0,0
2025-01-07 16:15,30,12,18,0,0,0
2025-01-07 16:30,33,9,24,0,0,0
2025-01-07 16:45,26,10,16,0,0,0
2025-01-07 17:00,32,12,20,0,0,0
2025-01-07 17:15,25,3,22,0,0,0
2025-01-07 17:30,27,11,16,0,0,0
2025-01-07 17:45,22,14,8,0,0,0
2025-01-07 18:00,18,5,13,0,0,0
2025-01-07 18:15,17,4,13,0,0,0
2025-01-07 18:30,9,7,2,0,0,0
2025-01-07 18:45,26,9,17,0,0,0
2025-01-07 19:00,6,5,1,0,0,0
2025-01-07 19:15,20,11,9,0,0,0
2025-01-07 19:30,20,10,10,0,0,0
2025-01-07 19:45,17,4,13,0,0,0
2025-01-07 20:00,10,3,7,0,0,0
2025-01-07 20:15,8,5,3,0,0,0
2025-01-07 20:30,1,1,0,0,0,0
2025-01-07 20:45,2,0,2,0,0,0
2025-01-07 21:00,7,3,4,0,0,0
2025-01-07 21:15,4,3,1,0,0,0
2025-01-07 21:30,6,4,2,0,0,0
2025-01-07 21:45,3,0,3,0,0,0
2025-01-07 22:00,5,1,4,0,0,0
2025-01-07 22:15,10,1,9,0,0,0
2025-01-07 22:30,9,3,6,0,0,0
2025-01-07 22:45,7,6,1,0,0,0
2025-01-07 23:00,0,0,0,0,0,0
2025-01-07 23:15,2,2,0,0,0,0
2025-01-07 23:30,1,0,1,0,0,0
2025-01-07 23:45,2,2,0,0,0,0
2025-01-08 00:00,2,0,2,0,0,0
2025-01-08 00:15,0,0,0,0,0,0
2025-01-08 00:30,3,1,2,0,0,0
2025-01-08 00:45,2,1,1,0,0,0
2025-01-08 01:00,0,0,0,0,0,0
2025-01-08 01:15,0,0,0,0,0,0
2025-01-08 01:30,0,0,0,0,0,0
2025-01-08 01:45,0,0,0,0,0,0
2025-01-08 02:00,0,0,0,0,0,0
2025-01-08 02:15,0,0,0,0,0,0
2025-01-08 02:30,3,1,2,0,0,0
2025-01-08 02:45,0,0,0,0,0,0
2025-01-08 03:00,3,2,1,0,0,0
2025-01-08 03:15,0,0,0,0,0,0
2025-01-08 03:30,2,0,2,0,0,0
2025-01-08 03:45,0,0,0,0,0,0
2025-01-08 04:00,0,0,0,0,0,0
2025-01-08 04:15,0,0,0,0,0,0
2025-01-08 04:30,1,1,0,0,0,0
2025-01-08 04:45,3,2,1,0,0,0
2025-01-08 05:00,1,0,1,0,0,0
2025-01-08 05:15,3,3,0,0,0,0
2025-01-08 05:30,4,3,1,0,0,0
2025-01-08 05:45,4,1,3,0,0,0
2025-01-08 06:00,7,5,2,0,0,0
2025-01-08 06:15,13,10,3,0,0,0
2025-01-08 06:30,26,22,4,0,0,0
2025-01-08 06:45,14,6,8,0,0,0
2025-01-08 07:00,22,9,13,0,0,0
2025-01-08 07:15,48,28,20,0,0,0
2025-01-08 07:30,45,30,15,0,0,0
2025-01-08 07:45,50,33,17,0,0,0
2025-01-08 08:00,41,20,21,0,0,0
2025-01-08 08:15,38,12,26,0,0,0
2025-01-08 08:30,12,9,3,0,0,0
2025-01-08 08:45,29,19,10,0,0,0
2025-01-08 09:00,15,10,5,0,0,0
2025-01-08 09:15,19,11,8,0,0,0
2025-01-08 09:30,26,17,9,0,0,0
2025-01-08 09:45,26,19,7,0,0,0
2025-01-08 10:00,8,6,2,0,0,0
2025-01-08 10:15,9,5,4,0,0,0
2025-01-08 10:30,14,7,7,0,0,0
2025-01-08 10:45,5,3,2,0,0,0
2025-01-08 11:00,16,9,7,0,0,0
2025-01-08 11:15,22,13,9,0,0,0
2025-01-08 11:30,21,6,15,0,0,0
2025-01-08 11:45,36,19,17,0,0,0
2025-01-08 12:00,18,11,7,0,0,0
2025-01-08 12:15,17,8,9,0,0,0
2025-01-08 12:30,21,11,10,0,0,0
2025-01-08 12:45,21,13,8,0,0,0
2025-01-08 13:00,21,9,12,0,0,0
2025-01-08 13:15,23,4,19,0,0,0
2025-01-08 13:30,28,12,16,0,0,0
2025-01-08 13:45,22,8,14,0,0,0
2025-01-08 14:00,31,14,17,0,0,0
2025-01-08 14:15,37,20,17,0,0,0
2025-01-08 14:30,12,2,10,0,0,0
2025-01-08 14:45,35,18,17,0,0,0
2025-01-08 15:00,29,14,15,0,0,0
2025-01-08 15:15,20,7,13,0,0,0
2025-01-08 15:30,26,13,13,0,0,0
2025-01-08 15:45,24,8,16,0,0,0
2025-01-08 16:00,30,14,16,0,0,0
2025-01-08 16:15,27,7,20,0,0,0
2025-01-08 16:30,21,9,12,0,0,0
2025-01-08 16:45,28,9,19,0,0,0
2025-01-08 17:00,18,4,14,0,0,0
2025-01-08 17:15,19,6,13,0,0,0
2025-01-08 17:30,17,5,12,0,0,0
2025-01-08 17:45,30,13,17,0,0,0
2025-01-08 18:00,24,9,15,0,0,0
2025-01-08 18:15,19,6,13,0,0,0
2025-01-08 18:30,22,11,11,0,0,0
2025-01-08 18:45,28,9,19,0,0,0
2025-01-08 19:00,17,8,9,0,0,0
2025-01-08 19:15,14,5,9,0,0,0
2025-01-08 19:30,15,6,9,0,0,0
2025-01-08 19:45,8,4,4,0,0,0
2025-01-08 20:00,14,3,11,0,0,0
2025-01-08 20:15,6,2,4,0,0,0
2025-01-08 20:30,11,4,7,0,0,0
2025-01-08 20:45,9,4,5,0,0,0
2025-01-08 21:00,6,2,4,0,0,0
2025-01-08 21:15,8,1,7,0,0,0
2025-01-08 21:30,7,3,4,0,0,0
2025-01-08 21:45,5,1,4,0,0,0
2025-01-08 22:00,4,2,2,0,0,0
2025-01-08 22:15,8,2,6,0,0,0
2025-01-08 22:30,4,1,3,0,0,0
2025-01-08 22:45,6,2,4,0,0,0
2025-01-08 23:00,1,0,1,0,0,0
2025-01-08 23:15,6,3,3,0,0,0
2025-01-08 23:30,2,0,2,0,0,0
2025-01-08 23:45,0,0,0,0,0,0
2025-01-09 00:00,0,0,0,0,0,0
2025-01-09 00:15,1,0,1,0,0,0
2025-01-09 00:30,1,0,1,0,0,0
2025-01-09 00:45,0,0,0,0,0,0
2025-01-09 01:00,1,0,1,0,0,0
2025-01-09 01:15,0,0,0,0,0,0
2025-01-09 01:30,0,0,0,0,0,0
2025-01-09 01:45,0,0,0,0,0,0
2025-01-09 02:00,0,0,0,0,0,0
2025-01-09 02:15,0,0,0,0,0,0
2025-01-09 02:30,0,0,0,0,0,0
2025-01-09 02:45,0,0,0,0,0,0
2025-01-09 03:00,3,2,1,0,0,0
2025-01-09 03:15,1,0,1,0,0,0
2025-01-09 03:30,0,0,0,0,0,0
2025-01-09 03:45,0,0,0,0,0,0
2025-01-09 04:00,4,4,0,0,0,0
2025-01-09 04:15,10,1,9,0,0,0
2025-01-09 04:30,0,0,0,0,0,0
2025-01-09 04:45,1,1,0,0,0,0
2025-01-09 05:00,0,0,0,0,0,0
2025-01-09 05:15,2,0,2,0,0,0
2025-01-09 05:30,2,0,2,0,0,0
2025-01-09 05:45,2,2,0,0,0,0
2025-01-09 06:00,5,4,1,0,0,0
2025-01-09 06:15,5,4,1,0,0,0
2025-01-09 06:30,15,9,6,0,0,0
2025-01-09 06:45,18,9,9,0,0,0
2025-01-09 07:00,19,13,6,0,0,0
2025-01-09 07:15,25,19,6,0,0,0
2025-01-09 07:30,41,30,11,0,0,0
2025-01-09 07:45,40,25,15,0,0,0
2025-01-09 08:00,37,22,15,0,0,0
2025-01-09 08:15,21,10,11,0,0,0
2025-01-09 08:30,20,10,10,0,0,0
2025-01-09 08:45,9,5,4,0,0,0
2025-01-09 09:00,7,2,5,0,0,0
2025-01-09 09:15,21,17,4,0,0,0
2025-01-09 09:30,23,12,11,0,0,0
2025-01-09 09:45,12,6,6,0,0,0
2025-01-09 10:00,13,6,7,0,0,0
2025-01-09 10:15,10,4,6,0,0,0
2025-01-09 10:30,5,4,1,0,0,0
2025-01-09 10:45,17,11,6,0,0,0
2025-01-09 11:00,12,5,7,0,0,0
2025-01-09 11:15,6,4,2,0,0,0
2025-01-09 11:30,9,2,7,0,0,0
2025-01-09 11:45,10,5,5,0,0,0
2025-01-09 12:00,13,5,8,0,0,0
2025-01-09 12:15,14,5,9,0,0,0
2025-01-09 12:30,10,5,5,0,0,0
2025-01-09 12:45,8,6,2,0,0,0
2025-01-09 13:00,10,5,5,0,0,0
2025-01-09 13:15,22,8,14,0,0,0
2025-01-09 13:30,7,2,5,0,0,0
2025-01-09 13:45,12,2,10,0,0,0
2025-01-09 14:00,18,7,11,0,0,0
2025-01-09 14:15,17,8,9,0,0,0
2025-01-09 14:30,11,7,4,0,0,0
2025-01-09 14:45,22,8,14,0,0,0
2025-01-09 15:00,22,10,12,0,0,0
2025-01-09 15:15,26,15,11,0,0,0
2025-01-09 15:30,17,7,10,0,0,0
2025-01-09 15:45,25,9,16,0,0,0
2025-01-09 16:00,17,8,9,0,0,0
2025-01-09 16:15,23,7,16,0,0,0
2025-01-09 16:30,27,10,17,0,0,0
2025-01-09 16:45,22,10,12,0,0,0
2025-01-09 17:00,17,11,6,0,0,0
2025-01-09 17:15,12,7,5,0,0,0
2025-01-09 17:30,23,7,16,0,0,0
2025-01-09 17:45,19,8,11,0,0,0
2025-01-09 18:00,21,9,12,0,0,0
2025-01-09 18:15,9,4,5,0,0,0
2025-01-09 18:30,11,2,9,0,0,0
2025-01-09 18:45,15,6,9,0,0,0
2025-01-09 19:00,15,11,4,0,0,0
2025-01-09 19:15,6,2,4,0,0,0
2025-01-09 19:30,11,6,5,0,0,0
2025-01-09 19:45,7,2,5,0,0,0
2025-01-09 20:00,6,2,4,0,0,0
2025-01-09 20:15,7,0,7,0,0,0
2025-01-09 20:30,3,0,3,0,0,0
2025-01-09 20:45,6,1,5,0,0,0
2025-01-09 21:00,5,2,3,0,0,0
2025-01-09 21:15,5,0,5,0,0,0
2025-01-09 21:30,10,2,8,0,0,0
2025-01-09 21:45,8,6,2,0,0,0
2025-01-09 22:00,3,2,1,0,0,0
2025-01-09 22:15,2,0,2,0,0,0
2025-01-09 22:30,5,0,5,0,0,0
2025-01-09 22:45,4,0,4,0,0,0
2025-01-09 23:00,3,1,2,0,0,0
2025-01-09 23:15,2,0,2,0,0,0
2025-01-09 23:30,1,1,0,0,0,0
2025-01-09 23:45,1,0,1,0,0,0
