Datetime,300037920 (Lütkenbecker Str.),353413813 (Lütkenbecker Str. [Bike Stadteinwärts]),353413814 (Lütkenbecker Str. [Bike Stadtauswärts]),300037920-status,353413813-status,353413814-status
2025-09-01 00:00,4,1,3,0,0,0
2025-09-01 00:15,1,1,0,0,0,0
2025-09-01 00:30,4,1,3,0,0,0
2025-09-01 00:45,2,2,0,0,0,0
2025-09-01 01:00,1,1,0,0,0,0
2025-09-01 01:15,1,1,0,0,0,0
2025-09-01 01:30,0,0,0,0,0,0
2025-09-01 01:45,1,0,1,0,0,0
2025-09-01 02:00,1,1,0,0,0,0
2025-09-01 02:15,0,0,0,0,0,0
2025-09-01 02:30,0,0,0,0,0,0
2025-09-01 02:45,0,0,0,0,0,0
2025-09-01 03:00,1,1,0,0,0,0
2025-09-01 03:15,0,0,0,0,0,0
2025-09-01 03:30,0,0,0,0,0,0
2025-09-01 03:45,0,0,0,0,0,0
2025-09-01 04:00,1,1,0,0,0,0
2025-09-01 04:15,0,0,0,0,0,0
2025-09-01 04:30,2,0,2,0,0,0
2025-09-01 04:45,3,0,3,0,0,0
2025-09-01 05:00,5,2,3,0,0,0
2025-09-01 05:15,6,2,4,0,0,0
2025-09-01 05:30,17,9,8,0,0,0
2025-09-01 05:45,17,10,7,0,0,0
2025-09-01 06:00,15,8,7,0,0,0
2025-09-01 06:15,26,19,7,0,0,0
2025-09-01 06:30,23,15,8,0,0,0
2025-09-01 06:45,45,29,16,0,0,0
2025-09-01 07:00,49,35,14,0,0,0
2025-09-01 07:15,134,115,19,0,0,0
2025-09-01 07:30,198,174,24,0,0,0
2025-09-01 07:45,162,133,29,0,0,0
2025-09-01 08:00,89,61,28,0,0,0
2025-09-01 08:15,82,63,19,0,0,0
2025-09-01 08:30,59,47,12,0,0,0
2025-09-01 08:45,49,31,18,0,0,0
2025-09-01 09:00,42,30,12,0,0,0
2025-09-01 09:15,44,27,17,0,0,0
2025-09-01 09:30,43,22,21,0,0,0
2025-09-01 09:45,33,22,11,0,0,0
2025-09-01 10:00,29,14,15,0,0,0
2025-09-01 10:15,26,12,14,0,0,0
2025-09-01 10:30,38,20,18,0,0,0
2025-09-01 10:45,32,23,9,0,0,0
2025-09-01 11:00,35,21,14,0,0,0
2025-09-01 11:15,30,13,17,0,0,0
2025-09-01 11:30,38,25,13,0,0,0
2025-09-01 11:45,36,14,22,0,0,0
2025-09-01 12:00,25,11,14,0,0,0
2025-09-01 12:15,55,26,29,0,0,0
2025-09-01 12:30,46,20,26,0,0,0
2025-09-01 12:45,50,29,21,0,0,0
2025-09-01 13:00,52,18,34,0,0,0
2025-09-01 13:15,59,24,35,0,0,0
2025-09-01 13:30,57,24,33,0,0,0
2025-09-01 13:45,54,26,28,0,0,0
2025-09-01 14:00,79,26,53,0,0,0
2025-09-01 14:15,68,25,43,0,0,0
2025-09-01 14:30,69,37,32,0,0,0
2025-09-01 14:45,81,29,52,0,0,0
2025-09-01 15:00,81,19,62,0,0,0
2025-09-01 15:15,70,35,35,0,0,0
2025-09-01 15:30,93,45,48,0,0,0
2025-09-01 15:45,189,32,157,0,0,0
2025-09-01 16:00,101,31,70,0,0,0
2025-09-01 16:15,92,34,58,0,0,0
2025-09-01 16:30,92,50,42,0,0,0
2025-09-01 16:45,106,37,69,0,0,0
2025-09-01 17:00,89,41,48,0,0,0
2025-09-01 17:15,116,43,73,0,0,0
2025-09-01 17:30,98,58,40,0,0,0
2025-09-01 17:45,102,47,55,0,0,0
2025-09-01 18:00,91,36,55,0,0,0
2025-09-01 18:15,89,37,52,0,0,0
2025-09-01 18:30,63,24,39,0,0,0
2025-09-01 18:45,61,24,37,0,0,0
2025-09-01 19:00,48,19,29,0,0,0
2025-09-01 19:15,57,24,33,0,0,0
2025-09-01 19:30,57,24,33,0,0,0
2025-09-01 19:45,68,32,36,0,0,0
2025-09-01 20:00,38,16,22,0,0,0
2025-09-01 20:15,31,14,17,0,0,0
2025-09-01 20:30,32,8,24,0,0,0
2025-09-01 20:45,31,9,22,0,0,0
2025-09-01 21:00,24,7,17,0,0,0
2025-09-01 21:15,16,6,10,0,0,0
2025-09-01 21:30,25,1,24,0,0,0
2025-09-01 21:45,18,3,15,0,0,0
2025-09-01 22:00,16,8,8,0,0,0
2025-09-01 22:15,20,8,12,0,0,0
2025-09-01 22:30,14,8,6,0,0,0
2025-09-01 22:45,7,2,5,0,0,0
2025-09-01 23:00,9,3,6,0,0,0
2025-09-01 23:15,2,1,1,0,0,0
2025-09-01 23:30,7,3,4,0,0,0
2025-09-01 23:45,4,0,4,0,0,0
2025-09-02 00:00,3,1,2,0,0,0
2025-09-02 00:15,3,3,0,0,0,0
2025-09-02 00:30,2,2,0,0,0,0
2025-09-02 00:45,1,0,1,0,0,0
2025-09-02 01:00,4,1,3,0,0,0
2025-09-02 01:15,0,0,0,0,0,0
2025-09-02 01:30,0,0,0,0,0,0
2025-09-02 01:45,0,0,0,0,0,0
2025-09-02 02:00,0,0,0,0,0,0
2025-09-02 02:15,4,2,2,0,0,0
2025-09-02 02:30,0,0,0,0,0,0
2025-09-02 02:45,0,0,0,0,0,0
2025-09-02 03:00,0,0,0,0,0,0
2025-09-02 03:15,0,0,0,0,0,0
2025-09-02 03:30,0,0,0,0,0,0
2025-09-02 03:45,0,0,0,0,0,0
2025-09-02 04:00,0,0,0,0,0,0
2025-09-02 04:15,0,0,0,0,0,0
2025-09-02 04:30,2,0,2,0,0,0
2025-09-02 04:45,2,0,2,0,0,0
2025-09-02 05:00,7,0,7,0,0,0
2025-09-02 05:15,8,2,6,0,0,0
2025-09-02 05:30,15,10,5,0,0,0
2025-09-02 05:45,18,4,14,0,0,0
2025-09-02 06:00,39,29,10,0,0,0
2025-09-02 06:15,39,24,15,0,0,0
2025-09-02 06:30,49,28,21,0,0,0
2025-09-02 06:45,56,37,19,0,0,0
2025-09-02 07:00,86,59,27,0,0,0
2025-09-02 07:15,211,189,22,0,0,0
2025-09-02 07:30,316,265,51,0,0,0
2025-09-02 07:45,203,161,42,0,0,0
2025-09-02 08:00,159,113,46,0,0,0
2025-09-02 08:15,120,96,24,0,0,0
2025-09-02 08:30,92,68,24,0,0,0
2025-09-02 08:45,87,53,34,0,0,0
2025-09-02 09:00,48,34,14,0,0,0
2025-09-02 09:15,50,36,14,0,0,0
2025-09-02 09:30,70,47,23,0,0,0
2025-09-02 09:45,60,36,24,0,0,0
2025-09-02 10:00,57,31,26,0,0,0
2025-09-02 10:15,46,27,19,0,0,0
2025-09-02 10:30,36,16,20,0,0,0
2025-09-02 10:45,43,25,18,0,0,0
2025-09-02 11:00,45,26,19,0,0,0
2025-09-02 11:15,50,24,26,0,0,0
2025-09-02 11:30,45,25,20,0,0,0
2025-09-02 11:45,44,20,24,0,0,0
2025-09-02 12:00,58,30,28,0,0,0
2025-09-02 12:15,62,28,34,0,0,0
2025-09-02 12:30,63,27,36,0,0,0
2025-09-02 12:45,88,38,50,0,0,0
2025-09-02 13:00,78,22,56,0,0,0
2025-09-02 13:15,224,25,199,0,0,0
2025-09-02 13:30,94,31,63,0,0,0
2025-09-02 13:45,98,26,72,0,0,0
2025-09-02 14:00,118,48,70,0,0,0
2025-09-02 14:15,115,47,68,0,0,0
2025-09-02 14:30,93,45,48,0,0,0
2025-09-02 14:45,99,37,62,0,0,0
2025-09-02 15:00,90,30,60,0,0,0
2025-09-02 15:15,83,35,48,0,0,0
2025-09-02 15:30,126,40,86,0,0,0
2025-09-02 15:45,120,48,72,0,0,0
2025-09-02 16:00,103,38,65,0,0,0
2025-09-02 16:15,130,53,77,0,0,0
2025-09-02 16:30,120,54,66,0,0,0
2025-09-02 16:45,110,44,66,0,0,0
2025-09-02 17:00,104,33,71,0,0,0
2025-09-02 17:15,134,55,79,0,0,0
2025-09-02 17:30,112,59,53,0,0,0
2025-09-02 17:45,114,52,62,0,0,0
2025-09-02 18:00,99,50,49,0,0,0
2025-09-02 18:15,90,38,52,0,0,0
2025-09-02 18:30,82,40,42,0,0,0
2025-09-02 18:45,110,59,51,0,0,0
2025-09-02 19:00,62,26,36,0,0,0
2025-09-02 19:15,102,39,63,0,0,0
2025-09-02 19:30,40,13,27,0,0,0
2025-09-02 19:45,78,42,36,0,0,0
2025-09-02 20:00,43,20,23,0,0,0
2025-09-02 20:15,50,21,29,0,0,0
2025-09-02 20:30,51,13,38,0,0,0
2025-09-02 20:45,33,11,22,0,0,0
2025-09-02 21:00,45,20,25,0,0,0
2025-09-02 21:15,32,7,25,0,0,0
2025-09-02 21:30,37,13,24,0,0,0
2025-09-02 21:45,23,4,19,0,0,0
2025-09-02 22:00,17,7,10,0,0,0
2025-09-02 22:15,18,6,12,0,0,0
2025-09-02 22:30,20,5,15,0,0,0
2025-09-02 22:45,11,3,8,0,0,0
2025-09-02 23:00,14,6,8,0,0,0
2025-09-02 23:15,1,1,0,0,0,0
2025-09-02 23:30,12,3,9,0,0,0
2025-09-02 23:45,4,0,4,0,0,0
2025-09-03 00:00,4,1,3,0,0,0
2025-09-03 00:15,3,3,0,0,0,0
2025-09-03 00:30,1,1,0,0,0,0
2025-09-03 00:45,1,0,1,0,0,0
2025-09-03 01:00,4,1,3,0,0,0
2025-09-03 01:15,1,0,1,0,0,0
2025-09-03 01:30,2,0,2,0,0,0
2025-09-03 01:45,0,0,0,0,0,0
2025-09-03 02:00,0,0,0,0,0,0
2025-09-03 02:15,3,2,1,0,0,0
2025-09-03 02:30,3,1,2,0,0,0
2025-09-03 02:45,8,7,1,0,0,0
2025-09-03 03:00,0,0,0,0,0,0
2025-09-03 03:15,1,0,1,0,0,0
2025-09-03 03:30,0,0,0,0,0,0
2025-09-03 03:45,1,0,1,0,0,0
2025-09-03 04:00,0,0,0,0,0,0
2025-09-03 04:15,1,1,0,0,0,0
2025-09-03 04:30,1,0,1,0,0,0
2025-09-03 04:45,2,0,2,0,0,0
2025-09-03 05:00,6,0,6,0,0,0
2025-09-03 05:15,9,2,7,0,0,0
2025-09-03 05:30,16,2,14,0,0,0
2025-09-03 05:45,29,16,13,0,0,0
2025-09-03 06:00,31,23,8,0,0,0
2025-09-03 06:15,29,23,6,0,0,0
2025-09-03 06:30,48,26,22,0,0,0
2025-09-03 06:45,63,44,19,0,0,0
2025-09-03 07:00,72,45,27,0,0,0
2025-09-03 07:15,199,174,25,0,0,0
2025-09-03 07:30,313,271,42,0,0,0
2025-09-03 07:45,205,154,51,0,0,0
2025-09-03 08:00,163,124,39,0,0,0
2025-09-03 08:15,111,93,18,0,0,0
2025-09-03 08:30,109,81,28,0,0,0
2025-09-03 08:45,80,55,25,0,0,0
2025-09-03 09:00,61,42,19,0,0,0
2025-09-03 09:15,62,40,22,0,0,0
2025-09-03 09:30,65,36,29,0,0,0
2025-09-03 09:45,62,43,19,0,0,0
2025-09-03 10:00,45,33,12,0,0,0
2025-09-03 10:15,36,26,10,0,0,0
2025-09-03 10:30,47,29,18,0,0,0
2025-09-03 10:45,49,30,19,0,0,0
2025-09-03 11:00,54,35,19,0,0,0
2025-09-03 11:15,55,23,32,0,0,0
2025-09-03 11:30,65,37,28,0,0,0
2025-09-03 11:45,69,32,37,0,0,0
2025-09-03 12:00,55,20,35,0,0,0
2025-09-03 12:15,68,25,43,0,0,0
2025-09-03 12:30,57,26,31,0,0,0
2025-09-03 12:45,67,19,48,0,0,0
2025-09-03 13:00,77,22,55,0,0,0
2025-09-03 13:15,104,22,82,0,0,0
2025-09-03 13:30,65,15,50,0,0,0
2025-09-03 13:45,75,27,48,0,0,0
2025-09-03 14:00,95,33,62,0,0,0
2025-09-03 14:15,90,35,55,0,0,0
2025-09-03 14:30,94,36,58,0,0,0
2025-09-03 14:45,104,36,68,0,0,0
2025-09-03 15:00,98,31,67,0,0,0
2025-09-03 15:15,84,47,37,0,0,0
2025-09-03 15:30,94,32,62,0,0,0
2025-09-03 15:45,250,36,214,0,0,0
2025-09-03 16:00,121,46,75,0,0,0
2025-09-03 16:15,102,50,52,0,0,0
2025-09-03 16:30,108,52,56,0,0,0
2025-09-03 16:45,103,45,58,0,0,0
2025-09-03 17:00,99,46,53,0,0,0
2025-09-03 17:15,111,58,53,0,0,0
2025-09-03 17:30,105,37,68,0,0,0
2025-09-03 17:45,126,55,71,0,0,0
2025-09-03 18:00,119,49,70,0,0,0
2025-09-03 18:15,93,31,62,0,0,0
2025-09-03 18:30,85,36,49,0,0,0
2025-09-03 18:45,78,34,44,0,0,0
2025-09-03 19:00,68,27,41,0,0,0
2025-09-03 19:15,60,20,40,0,0,0
2025-09-03 19:30,58,29,29,0,0,0
2025-09-03 19:45,39,19,20,0,0,0
2025-09-03 20:00,47,27,20,0,0,0
2025-09-03 20:15,32,19,13,0,0,0
2025-09-03 20:30,45,18,27,0,0,0
2025-09-03 20:45,23,8,15,0,0,0
2025-09-03 21:00,29,7,22,0,0,0
2025-09-03 21:15,25,10,15,0,0,0
2025-09-03 21:30,29,8,21,0,0,0
2025-09-03 21:45,22,9,13,0,0,0
2025-09-03 22:00,23,9,14,0,0,0
2025-09-03 22:15,36,11,25,0,0,0
2025-09-03 22:30,26,14,12,0,0,0
2025-09-03 22:45,10,5,5,0,0,0
2025-09-03 23:00,8,2,6,0,0,0
2025-09-03 23:15,4,2,2,0,0,0
2025-09-03 23:30,8,2,6,0,0,0
2025-09-03 23:45,4,1,3,0,0,0
2025-09-04 00:00,5,2,3,0,0,0
2025-09-04 00:15,1,0,1,0,0,0
2025-09-04 00:30,4,0,4,0,0,0
2025-09-04 00:45,0,0,0,0,0,0
2025-09-04 01:00,4,0,4,0,0,0
2025-09-04 01:15,1,0,1,0,0,0
2025-09-04 01:30,1,0,1,0,0,0
2025-09-04 01:45,3,0,3,0,0,0
2025-09-04 02:00,2,1,1,0,0,0
2025-09-04 02:15,0,0,0,0,0,0
2025-09-04 02:30,0,0,0,0,0,0
2025-09-04 02:45,0,0,0,0,0,0
2025-09-04 03:00,1,0,1,0,0,0
2025-09-04 03:15,0,0,0,0,0,0
2025-09-04 03:30,0,0,0,0,0,0
2025-09-04 03:45,4,0,4,0,0,0
2025-09-04 04:00,0,0,0,0,0,0
2025-09-04 04:15,0,0,0,0,0,0
2025-09-04 04:30,1,0,1,0,0,0
2025-09-04 04:45,4,1,3,0,0,0
2025-09-04 05:00,10,1,9,0,0,0
2025-09-04 05:15,8,2,6,0,0,0
2025-09-04 05:30,13,6,7,0,0,0
2025-09-04 05:45,23,12,11,0,0,0
2025-09-04 06:00,19,11,8,0,0,0
2025-09-04 06:15,32,25,7,0,0,0
2025-09-04 06:30,45,28,17,0,0,0
2025-09-04 06:45,70,43,27,0,0,0
2025-09-04 07:00,73,50,23,0,0,0
2025-09-04 07:15,182,162,20,0,0,0
2025-09-04 07:30,306,271,35,0,0,0
2025-09-04 07:45,188,153,35,0,0,0
2025-09-04 08:00,161,119,42,0,0,0
2025-09-04 08:15,122,95,27,0,0,0
2025-09-04 08:30,106,75,31,0,0,0
2025-09-04 08:45,108,76,32,0,0,0
2025-09-04 09:00,59,35,24,0,0,0
2025-09-04 09:15,64,45,19,0,0,0
2025-09-04 09:30,58,43,15,0,0,0
2025-09-04 09:45,66,34,32,0,0,0
2025-09-04 10:00,46,30,16,0,0,0
2025-09-04 10:15,66,43,23,0,0,0
2025-09-04 10:30,50,34,16,0,0,0
2025-09-04 10:45,39,19,20,0,0,0
2025-09-04 11:00,40,19,21,0,0,0
2025-09-04 11:15,46,28,18,0,0,0
2025-09-04 11:30,59,28,31,0,0,0
2025-09-04 11:45,74,40,34,0,0,0
2025-09-04 12:00,66,29,37,0,0,0
2025-09-04 12:15,55,28,27,0,0,0
2025-09-04 12:30,57,24,33,0,0,0
2025-09-04 12:45,61,29,32,0,0,0
2025-09-04 13:00,61,23,38,0,0,0
2025-09-04 13:15,75,17,58,0,0,0
2025-09-04 13:30,62,20,42,0,0,0
2025-09-04 13:45,72,27,45,0,0,0
2025-09-04 14:00,97,41,56,0,0,0
2025-09-04 14:15,76,31,45,0,0,0
2025-09-04 14:30,96,37,59,0,0,0
2025-09-04 14:45,105,45,60,0,0,0
2025-09-04 15:00,103,37,66,0,0,0
2025-09-04 15:15,100,56,44,0,0,0
2025-09-04 15:30,110,31,79,0,0,0
2025-09-04 15:45,250,48,202,0,0,0
2025-09-04 16:00,110,31,79,0,0,0
2025-09-04 16:15,111,47,64,0,0,0
2025-09-04 16:30,101,40,61,0,0,0
2025-09-04 16:45,111,56,55,0,0,0
2025-09-04 17:00,103,43,60,0,0,0
2025-09-04 17:15,103,43,60,0,0,0
2025-09-04 17:30,99,37,62,0,0,0
2025-09-04 17:45,105,52,53,0,0,0
2025-09-04 18:00,72,30,42,0,0,0
2025-09-04 18:15,94,36,58,0,0,0
2025-09-04 18:30,72,41,31,0,0,0
2025-09-04 18:45,72,32,40,0,0,0
2025-09-04 19:00,71,36,35,0,0,0
2025-09-04 19:15,58,17,41,0,0,0
2025-09-04 19:30,53,25,28,0,0,0
2025-09-04 19:45,58,27,31,0,0,0
2025-09-04 20:00,52,17,35,0,0,0
2025-09-04 20:15,37,13,24,0,0,0
2025-09-04 20:30,30,9,21,0,0,0
2025-09-04 20:45,34,10,24,0,0,0
2025-09-04 21:00,28,3,25,0,0,0
2025-09-04 21:15,33,8,25,0,0,0
2025-09-04 21:30,31,8,23,0,0,0
2025-09-04 21:45,37,9,28,0,0,0
2025-09-04 22:00,34,12,22,0,0,0
2025-09-04 22:15,23,6,17,0,0,0
2025-09-04 22:30,28,7,21,0,0,0
2025-09-04 22:45,14,4,10,0,0,0
2025-09-04 23:00,11,3,8,0,0,0
2025-09-04 23:15,16,6,10,0,0,0
2025-09-04 23:30,10,1,9,0,0,0
2025-09-04 23:45,3,2,1,0,0,0
2025-09-05 00:00,9,4,5,0,0,0
2025-09-05 00:15,5,3,2,0,0,0
2025-09-05 00:30,2,0,2,0,0,0
2025-09-05 00:45,4,2,2,0,0,0
2025-09-05 01:00,2,0,2,0,0,0
2025-09-05 01:15,2,0,2,0,0,0
2025-09-05 01:30,1,0,1,0,0,0
2025-09-05 01:45,4,3,1,0,0,0
2025-09-05 02:00,0,0,0,0,0,0
2025-09-05 02:15,0,0,0,0,0,0
2025-09-05 02:30,3,1,2,0,0,0
2025-09-05 02:45,1,0,1,0,0,0
2025-09-05 03:00,3,0,3,0,0,0
2025-09-05 03:15,0,0,0,0,0,0
2025-09-05 03:30,1,1,0,0,0,0
2025-09-05 03:45,0,0,0,0,0,0
2025-09-05 04:00,1,1,0,0,0,0
2025-09-05 04:15,1,0,1,0,0,0
2025-09-05 04:30,4,1,3,0,0,0
2025-09-05 04:45,9,1,8,0,0,0
2025-09-05 05:00,8,2,6,0,0,0
2025-09-05 05:15,6,1,5,0,0,0
2025-09-05 05:30,16,8,8,0,0,0
2025-09-05 05:45,24,12,12,0,0,0
2025-09-05 06:00,18,12,6,0,0,0
2025-09-05 06:15,18,16,2,0,0,0
2025-09-05 06:30,37,21,16,0,0,0
2025-09-05 06:45,54,40,14,0,0,0
2025-09-05 07:00,51,29,22,0,0,0
2025-09-05 07:15,158,138,20,0,0,0
2025-09-05 07:30,267,240,27,0,0,0
2025-09-05 07:45,178,149,29,0,0,0
2025-09-05 08:00,118,84,34,0,0,0
2025-09-05 08:15,82,61,21,0,0,0
2025-09-05 08:30,83,55,28,0,0,0
2025-09-05 08:45,58,37,21,0,0,0
2025-09-05 09:00,47,32,15,0,0,0
2025-09-05 09:15,43,32,11,0,0,0
2025-09-05 09:30,51,39,12,0,0,0
2025-09-05 09:45,54,44,10,0,0,0
2025-09-05 10:00,39,30,9,0,0,0
2025-09-05 10:15,51,29,22,0,0,0
2025-09-05 10:30,40,24,16,0,0,0
2025-09-05 10:45,49,32,17,0,0,0
2025-09-05 11:00,47,25,22,0,0,0
2025-09-05 11:15,46,25,21,0,0,0
2025-09-05 11:30,57,31,26,0,0,0
2025-09-05 11:45,55,28,27,0,0,0
2025-09-05 12:00,71,22,49,0,0,0
2025-09-05 12:15,68,34,34,0,0,0
2025-09-05 12:30,78,23,55,0,0,0
2025-09-05 12:45,106,37,69,0,0,0
2025-09-05 13:00,103,42,61,0,0,0
2025-09-05 13:15,260,31,229,0,0,0
2025-09-05 13:30,110,44,66,0,0,0
2025-09-05 13:45,120,46,74,0,0,0
2025-09-05 14:00,111,36,75,0,0,0
2025-09-05 14:15,123,39,84,0,0,0
2025-09-05 14:30,96,47,49,0,0,0
2025-09-05 14:45,94,48,46,0,0,0
2025-09-05 15:00,75,25,50,0,0,0
2025-09-05 15:15,87,43,44,0,0,0
2025-09-05 15:30,74,29,45,0,0,0
2025-09-05 15:45,55,19,36,0,0,0
2025-09-05 16:00,45,19,26,0,0,0
2025-09-05 16:15,43,22,21,0,0,0
2025-09-05 16:30,58,25,33,0,0,0
2025-09-05 16:45,63,24,39,0,0,0
2025-09-05 17:00,55,21,34,0,0,0
2025-09-05 17:15,65,28,37,0,0,0
2025-09-05 17:30,67,33,34,0,0,0
2025-09-05 17:45,61,32,29,0,0,0
2025-09-05 18:00,57,27,30,0,0,0
2025-09-05 18:15,68,31,37,0,0,0
2025-09-05 18:30,49,30,19,0,0,0
2025-09-05 18:45,56,33,23,0,0,0
2025-09-05 19:00,70,46,24,0,0,0
2025-09-05 19:15,62,38,24,0,0,0
2025-09-05 19:30,45,27,18,0,0,0
2025-09-05 19:45,49,31,18,0,0,0
2025-09-05 20:00,41,23,18,0,0,0
2025-09-05 20:15,46,21,25,0,0,0
2025-09-05 20:30,28,10,18,0,0,0
2025-09-05 20:45,37,15,22,0,0,0
2025-09-05 21:00,33,15,18,0,0,0
2025-09-05 21:15,22,6,16,0,0,0
2025-09-05 21:30,26,10,16,0,0,0
2025-09-05 21:45,18,10,8,0,0,0
2025-09-05 22:00,17,5,12,0,0,0
2025-09-05 22:15,39,11,28,0,0,0
2025-09-05 22:30,23,9,14,0,0,0
2025-09-05 22:45,29,4,25,0,0,0
2025-09-05 23:00,16,3,13,0,0,0
2025-09-05 23:15,27,8,19,0,0,0
2025-09-05 23:30,13,5,8,0,0,0
2025-09-05 23:45,21,8,13,0,0,0
2025-09-06 00:00,9,3,6,0,0,0
2025-09-06 00:15,10,3,7,0,0,0
2025-09-06 00:30,20,7,13,0,0,0
2025-09-06 00:45,14,4,10,0,0,0
2025-09-06 01:00,9,2,7,0,0,0
2025-09-06 01:15,11,4,7,0,0,0
2025-09-06 01:30,5,1,4,0,0,0
2025-09-06 01:45,2,0,2,0,0,0
2025-09-06 02:00,7,1,6,0,0,0
2025-09-06 02:15,4,2,2,0,0,0
2025-09-06 02:30,8,2,6,0,0,0
2025-09-06 02:45,3,0,3,0,0,0
2025-09-06 03:00,1,0,1,0,0,0
2025-09-06 03:15,1,0,1,0,0,0
2025-09-06 03:30,3,2,1,0,0,0
2025-09-06 03:45,1,1,0,0,0,0
2025-09-06 04:00,2,1,1,0,0,0
2025-09-06 04:15,1,0,1,0,0,0
2025-09-06 04:30,0,0,0,0,0,0
2025-09-06 04:45,2,0,2,0,0,0
2025-09-06 05:00,1,1,0,0,0,0
2025-09-06 05:15,2,0,2,0,0,0
2025-09-06 05:30,5,3,2,0,0,0
2025-09-06 05:45,6,2,4,0,0,0
2025-09-06 06:00,3,1,2,0,0,0
2025-09-06 06:15,0,0,0,0,0,0
2025-09-06 06:30,7,4,3,0,0,0
2025-09-06 06:45,4,2,2,0,0,0
2025-09-06 07:00,2,0,2,0,0,0
2025-09-06 07:15,6,5,1,0,0,0
2025-09-06 07:30,8,7,1,0,0,0
2025-09-06 07:45,9,5,4,0,0,0
2025-09-06 08:00,14,8,6,0,0,0
2025-09-06 08:15,17,11,6,0,0,0
2025-09-06 08:30,25,15,10,0,0,0
2025-09-06 08:45,21,14,7,0,0,0
2025-09-06 09:00,46,29,17,0,0,0
2025-09-06 09:15,28,21,7,0,0,0
2025-09-06 09:30,37,23,14,0,0,0
2025-09-06 09:45,63,43,20,0,0,0
2025-09-06 10:00,41,26,15,0,0,0
2025-09-06 10:15,44,31,13,0,0,0
2025-09-06 10:30,63,49,14,0,0,0
2025-09-06 10:45,83,63,20,0,0,0
2025-09-06 11:00,68,34,34,0,0,0
2025-09-06 11:15,96,58,38,0,0,0
2025-09-06 11:30,89,53,36,0,0,0
2025-09-06 11:45,74,42,32,0,0,0
2025-09-06 12:00,77,38,39,0,0,0
2025-09-06 12:15,73,40,33,0,0,0
2025-09-06 12:30,76,51,25,0,0,0
2025-09-06 12:45,89,55,34,0,0,0
2025-09-06 13:00,100,54,46,0,0,0
2025-09-06 13:15,80,44,36,0,0,0
2025-09-06 13:30,79,40,39,0,0,0
2025-09-06 13:45,82,43,39,0,0,0
2025-09-06 14:00,85,32,53,0,0,0
2025-09-06 14:15,131,59,72,0,0,0
2025-09-06 14:30,95,58,37,0,0,0
2025-09-06 14:45,105,52,53,0,0,0
2025-09-06 15:00,99,45,54,0,0,0
2025-09-06 15:15,96,42,54,0,0,0
2025-09-06 15:30,89,55,34,0,0,0
2025-09-06 15:45,89,33,56,0,0,0
2025-09-06 16:00,84,25,59,0,0,0
2025-09-06 16:15,91,33,58,0,0,0
2025-09-06 16:30,87,30,57,0,0,0
2025-09-06 16:45,134,76,58,0,0,0
2025-09-06 17:00,93,50,43,0,0,0
2025-09-06 17:15,108,46,62,0,0,0
2025-09-06 17:30,70,40,30,0,0,0
2025-09-06 17:45,122,64,58,0,0,0
2025-09-06 18:00,81,47,34,0,0,0
2025-09-06 18:15,88,47,41,0,0,0
2025-09-06 18:30,95,45,50,0,0,0
2025-09-06 18:45,68,41,27,0,0,0
2025-09-06 19:00,69,35,34,0,0,0
2025-09-06 19:15,87,57,30,0,0,0
2025-09-06 19:30,90,49,41,0,0,0
2025-09-06 19:45,59,31,28,0,0,0
2025-09-06 20:00,61,23,38,0,0,0
2025-09-06 20:15,69,25,44,0,0,0
2025-09-06 20:30,50,20,30,0,0,0
2025-09-06 20:45,42,15,27,0,0,0
2025-09-06 21:00,49,21,28,0,0,0
2025-09-06 21:15,35,3,32,0,0,0
2025-09-06 21:30,29,8,21,0,0,0
2025-09-06 21:45,46,19,27,0,0,0
2025-09-06 22:00,41,12,29,0,0,0
2025-09-06 22:15,34,9,25,0,0,0
2025-09-06 22:30,43,12,31,0,0,0
2025-09-06 22:45,28,6,22,0,0,0
2025-09-06 23:00,55,7,48,0,0,0
2025-09-06 23:15,32,13,19,0,0,0
2025-09-06 23:30,44,16,28,0,0,0
2025-09-06 23:45,34,8,26,0,0,0
2025-09-07 00:00,36,9,27,0,0,0
2025-09-07 00:15,34,18,16,0,0,0
2025-09-07 00:30,30,10,20,0,0,0
2025-09-07 00:45,15,2,13,0,0,0
2025-09-07 01:00,11,2,9,0,0,0
2025-09-07 01:15,19,11,8,0,0,0
2025-09-07 01:30,25,14,11,0,0,0
2025-09-07 01:45,12,6,6,0,0,0
2025-09-07 02:00,5,4,1,0,0,0
2025-09-07 02:15,10,6,4,0,0,0
2025-09-07 02:30,11,4,7,0,0,0
2025-09-07 02:45,6,3,3,0,0,0
2025-09-07 03:00,5,3,2,0,0,0
2025-09-07 03:15,7,2,5,0,0,0
2025-09-07 03:30,4,1,3,0,0,0
2025-09-07 03:45,5,4,1,0,0,0
2025-09-07 04:00,9,8,1,0,0,0
2025-09-07 04:15,3,3,0,0,0,0
2025-09-07 04:30,1,1,0,0,0,0
2025-09-07 04:45,6,2,4,0,0,0
2025-09-07 05:00,2,2,0,0,0,0
2025-09-07 05:15,3,0,3,0,0,0
2025-09-07 05:30,2,1,1,0,0,0
2025-09-07 05:45,3,1,2,0,0,0
2025-09-07 06:00,1,0,1,0,0,0
2025-09-07 06:15,4,1,3,0,0,0
2025-09-07 06:30,3,1,2,0,0,0
2025-09-07 06:45,5,2,3,0,0,0
2025-09-07 07:00,3,0,3,0,0,0
2025-09-07 07:15,2,1,1,0,0,0
2025-09-07 07:30,3,3,0,0,0,0
2025-09-07 07:45,5,5,0,0,0,0
2025-09-07 08:00,5,1,4,0,0,0
2025-09-07 08:15,5,3,2,0,0,0
2025-09-07 08:30,6,2,4,0,0,0
2025-09-07 08:45,13,6,7,0,0,0
2025-09-07 09:00,19,7,12,0,0,0
2025-09-07 09:15,23,10,13,0,0,0
2025-09-07 09:30,36,23,13,0,0,0
2025-09-07 09:45,28,20,8,0,0,0
2025-09-07 10:00,29,17,12,0,0,0
2025-09-07 10:15,57,17,40,0,0,0
2025-09-07 10:30,29,12,17,0,0,0
2025-09-07 10:45,44,30,14,0,0,0
2025-09-07 11:00,53,16,37,0,0,0
2025-09-07 11:15,45,18,27,0,0,0
2025-09-07 11:30,43,21,22,0,0,0
2025-09-07 11:45,46,19,27,0,0,0
2025-09-07 12:00,58,35,23,0,0,0
2025-09-07 12:15,67,35,32,0,0,0
2025-09-07 12:30,76,28,48,0,0,0
2025-09-07 12:45,72,42,30,0,0,0
2025-09-07 13:00,72,39,33,0,0,0
2025-09-07 13:15,62,32,30,0,0,0
2025-09-07 13:30,90,41,49,0,0,0
2025-09-07 13:45,84,44,40,0,0,0
2025-09-07 14:00,96,54,42,0,0,0
2025-09-07 14:15,77,33,44,0,0,0
2025-09-07 14:30,96,40,56,0,0,0
2025-09-07 14:45,108,50,58,0,0,0
2025-09-07 15:00,95,52,43,0,0,0
2025-09-07 15:15,79,50,29,0,0,0
2025-09-07 15:30,69,34,35,0,0,0
2025-09-07 15:45,78,43,35,0,0,0
2025-09-07 16:00,97,42,55,0,0,0
2025-09-07 16:15,91,48,43,0,0,0
2025-09-07 16:30,79,51,28,0,0,0
2025-09-07 16:45,65,37,28,0,0,0
2025-09-07 17:00,77,56,21,0,0,0
2025-09-07 17:15,120,73,47,0,0,0
2025-09-07 17:30,93,50,43,0,0,0
2025-09-07 17:45,83,43,40,0,0,0
2025-09-07 18:00,57,30,27,0,0,0
2025-09-07 18:15,56,32,24,0,0,0
2025-09-07 18:30,73,38,35,0,0,0
2025-09-07 18:45,56,31,25,0,0,0
2025-09-07 19:00,72,36,36,0,0,0
2025-09-07 19:15,70,29,41,0,0,0
2025-09-07 19:30,42,16,26,0,0,0
2025-09-07 19:45,34,13,21,0,0,0
2025-09-07 20:00,31,11,20,0,0,0
2025-09-07 20:15,37,17,20,0,0,0
2025-09-07 20:30,42,24,18,0,0,0
2025-09-07 20:45,42,10,32,0,0,0
2025-09-07 21:00,33,18,15,0,0,0
2025-09-07 21:15,24,14,10,0,0,0
2025-09-07 21:30,23,13,10,0,0,0
2025-09-07 21:45,15,6,9,0,0,0
2025-09-07 22:00,15,3,12,0,0,0
2025-09-07 22:15,7,0,7,0,0,0
2025-09-07 22:30,13,6,7,0,0,0
2025-09-07 22:45,4,3,1,0,0,0
2025-09-07 23:00,3,0,3,0,0,0
2025-09-07 23:15,11,3,8,0,0,0
2025-09-07 23:30,3,0,3,0,0,0
2025-09-07 23:45,2,1,1,0,0,0
2025-09-08 00:00,1,1,0,0,0,0
2025-09-08 00:15,0,0,0,0,0,0
2025-09-08 00:30,2,2,0,0,0,0
2025-09-08 00:45,3,1,2,0,0,0
2025-09-08 01:00,0,0,0,0,0,0
2025-09-08 01:15,2,0,2,0,0,0
2025-09-08 01:30,1,1,0,0,0,0
2025-09-08 01:45,0,0,0,0,0,0
2025-09-08 02:00,0,0,0,0,0,0
2025-09-08 02:15,1,0,1,0,0,0
2025-09-08 02:30,2,0,2,0,0,0
2025-09-08 02:45,1,0,1,0,0,0
2025-09-08 03:00,3,1,2,0,0,0
2025-09-08 03:15,0,0,0,0,0,0
2025-09-08 03:30,1,1,0,0,0,0
2025-09-08 03:45,0,0,0,0,0,0
2025-09-08 04:00,0,0,0,0,0,0
2025-09-08 04:15,0,0,0,0,0,0
2025-09-08 04:30,1,0,1,0,0,0
2025-09-08 04:45,1,0,1,0,0,0
2025-09-08 05:00,9,1,8,0,0,0
2025-09-08 05:15,8,3,5,0,0,0
2025-09-08 05:30,17,8,9,0,0,0
2025-09-08 05:45,35,18,17,0,0,0
2025-09-08 06:00,16,8,8,0,0,0
2025-09-08 06:15,35,25,10,0,0,0
2025-09-08 06:30,41,27,14,0,0,0
2025-09-08 06:45,62,42,20,0,0,0
2025-09-08 07:00,70,43,27,0,0,0
2025-09-08 07:15,155,135,20,0,0,0
2025-09-08 07:30,263,238,25,0,0,0
2025-09-08 07:45,188,157,31,0,0,0
2025-09-08 08:00,135,93,42,0,0,0
2025-09-08 08:15,102,77,25,0,0,0
2025-09-08 08:30,92,73,19,0,0,0
2025-09-08 08:45,80,48,32,0,0,0
2025-09-08 09:00,46,27,19,0,0,0
2025-09-08 09:15,58,41,17,0,0,0
2025-09-08 09:30,66,49,17,0,0,0
2025-09-08 09:45,50,39,11,0,0,0
2025-09-08 10:00,61,40,21,0,0,0
2025-09-08 10:15,33,17,16,0,0,0
2025-09-08 10:30,35,20,15,0,0,0
2025-09-08 10:45,25,17,8,0,0,0
2025-09-08 11:00,40,18,22,0,0,0
2025-09-08 11:15,42,22,20,0,0,0
2025-09-08 11:30,46,23,23,0,0,0
2025-09-08 11:45,39,16,23,0,0,0
2025-09-08 12:00,32,9,23,0,0,0
2025-09-08 12:15,35,16,19,0,0,0
2025-09-08 12:30,53,24,29,0,0,0
2025-09-08 12:45,45,16,29,0,0,0
2025-09-08 13:00,50,16,34,0,0,0
2025-09-08 13:15,71,17,54,0,0,0
2025-09-08 13:30,35,9,26,0,0,0
2025-09-08 13:45,50,21,29,0,0,0
2025-09-08 14:00,72,17,55,0,0,0
2025-09-08 14:15,73,30,43,0,0,0
2025-09-08 14:30,64,27,37,0,0,0
2025-09-08 14:45,95,28,67,0,0,0
2025-09-08 15:00,70,32,38,0,0,0
2025-09-08 15:15,70,25,45,0,0,0
2025-09-08 15:30,93,38,55,0,0,0
2025-09-08 15:45,173,30,143,0,0,0
2025-09-08 16:00,119,30,89,0,0,0
2025-09-08 16:15,81,28,53,0,0,0
2025-09-08 16:30,88,38,50,0,0,0
2025-09-08 16:45,88,30,58,0,0,0
2025-09-08 17:00,104,34,70,0,0,0
2025-09-08 17:15,122,52,70,0,0,0
2025-09-08 17:30,85,33,52,0,0,0
2025-09-08 17:45,93,43,50,0,0,0
2025-09-08 18:00,100,30,70,0,0,0
2025-09-08 18:15,93,42,51,0,0,0
2025-09-08 18:30,74,27,47,0,0,0
2025-09-08 18:45,56,30,26,0,0,0
2025-09-08 19:00,58,32,26,0,0,0
2025-09-08 19:15,54,21,33,0,0,0
2025-09-08 19:30,51,26,25,0,0,0
2025-09-08 19:45,29,12,17,0,0,0
2025-09-08 20:00,30,15,15,0,0,0
2025-09-08 20:15,28,14,14,0,0,0
2025-09-08 20:30,27,11,16,0,0,0
2025-09-08 20:45,24,9,15,0,0,0
2025-09-08 21:00,20,6,14,0,0,0
2025-09-08 21:15,13,2,11,0,0,0
2025-09-08 21:30,21,4,17,0,0,0
2025-09-08 21:45,21,4,17,0,0,0
2025-09-08 22:00,17,4,13,0,0,0
2025-09-08 22:15,14,1,13,0,0,0
2025-09-08 22:30,11,3,8,0,0,0
2025-09-08 22:45,10,6,4,0,0,0
2025-09-08 23:00,9,4,5,0,0,0
2025-09-08 23:15,9,5,4,0,0,0
2025-09-08 23:30,1,0,1,0,0,0
2025-09-08 23:45,1,1,0,0,0,0
2025-09-09 00:00,1,1,0,0,0,0
2025-09-09 00:15,3,0,3,0,0,0
2025-09-09 00:30,3,2,1,0,0,0
2025-09-09 00:45,3,2,1,0,0,0
2025-09-09 01:00,3,1,2,0,0,0
2025-09-09 01:15,2,1,1,0,0,0
2025-09-09 01:30,1,1,0,0,0,0
2025-09-09 01:45,1,1,0,0,0,0
2025-09-09 02:00,0,0,0,0,0,0
2025-09-09 02:15,0,0,0,0,0,0
2025-09-09 02:30,1,0,1,0,0,0
2025-09-09 02:45,0,0,0,0,0,0
2025-09-09 03:00,2,2,0,0,0,0
2025-09-09 03:15,1,1,0,0,0,0
2025-09-09 03:30,0,0,0,0,0,0
2025-09-09 03:45,0,0,0,0,0,0
2025-09-09 04:00,0,0,0,0,0,0
2025-09-09 04:15,0,0,0,0,0,0
2025-09-09 04:30,0,0,0,0,0,0
2025-09-09 04:45,2,0,2,0,0,0
2025-09-09 05:00,6,2,4,0,0,0
2025-09-09 05:15,10,3,7,0,0,0
2025-09-09 05:30,18,12,6,0,0,0
2025-09-09 05:45,23,11,12,0,0,0
2025-09-09 06:00,21,14,7,0,0,0
2025-09-09 06:15,23,16,7,0,0,0
2025-09-09 06:30,40,23,17,0,0,0
2025-09-09 06:45,55,36,19,0,0,0
2025-09-09 07:00,63,36,27,0,0,0
2025-09-09 07:15,101,84,17,0,0,0
2025-09-09 07:30,188,166,22,0,0,0
2025-09-09 07:45,111,85,26,0,0,0
2025-09-09 08:00,91,65,26,0,0,0
2025-09-09 08:15,58,40,18,0,0,0
2025-09-09 08:30,73,50,23,0,0,0
2025-09-09 08:45,38,26,12,0,0,0
2025-09-09 09:00,25,18,7,0,0,0
2025-09-09 09:15,31,24,7,0,0,0
2025-09-09 09:30,27,14,13,0,0,0
2025-09-09 09:45,22,11,11,0,0,0
2025-09-09 10:00,17,10,7,0,0,0
2025-09-09 10:15,21,11,10,0,0,0
2025-09-09 10:30,21,13,8,0,0,0
2025-09-09 10:45,17,11,6,0,0,0
2025-09-09 11:00,33,19,14,0,0,0
2025-09-09 11:15,20,13,7,0,0,0
2025-09-09 11:30,28,12,16,0,0,0
2025-09-09 11:45,25,10,15,0,0,0
2025-09-09 12:00,24,10,14,0,0,0
2025-09-09 12:15,35,16,19,0,0,0
2025-09-09 12:30,41,17,24,0,0,0
2025-09-09 12:45,37,13,24,0,0,0
2025-09-09 13:00,54,23,31,0,0,0
2025-09-09 13:15,135,18,117,0,0,0
2025-09-09 13:30,37,12,25,0,0,0
2025-09-09 13:45,60,16,44,0,0,0
2025-09-09 14:00,64,16,48,0,0,0
2025-09-09 14:15,56,25,31,0,0,0
2025-09-09 14:30,60,25,35,0,0,0
2025-09-09 14:45,63,32,31,0,0,0
2025-09-09 15:00,52,21,31,0,0,0
2025-09-09 15:15,62,32,30,0,0,0
2025-09-09 15:30,48,16,32,0,0,0
2025-09-09 15:45,76,34,42,0,0,0
2025-09-09 16:00,48,13,35,0,0,0
2025-09-09 16:15,85,44,41,0,0,0
2025-09-09 16:30,60,33,27,0,0,0
2025-09-09 16:45,55,34,21,0,0,0
2025-09-09 17:00,63,36,27,0,0,0
2025-09-09 17:15,66,25,41,0,0,0
2025-09-09 17:30,69,29,40,0,0,0
2025-09-09 17:45,63,29,34,0,0,0
2025-09-09 18:00,66,37,29,0,0,0
2025-09-09 18:15,49,21,28,0,0,0
2025-09-09 18:30,46,20,26,0,0,0
2025-09-09 18:45,36,13,23,0,0,0
2025-09-09 19:00,35,17,18,0,0,0
2025-09-09 19:15,50,24,26,0,0,0
2025-09-09 19:30,31,10,21,0,0,0
2025-09-09 19:45,20,12,8,0,0,0
2025-09-09 20:00,33,14,19,0,0,0
2025-09-09 20:15,38,12,26,0,0,0
2025-09-09 20:30,19,7,12,0,0,0
2025-09-09 20:45,26,9,17,0,0,0
2025-09-09 21:00,12,3,9,0,0,0
2025-09-09 21:15,21,5,16,0,0,0
2025-09-09 21:30,15,6,9,0,0,0
2025-09-09 21:45,12,3,9,0,0,0
2025-09-09 22:00,19,3,16,0,0,0
2025-09-09 22:15,18,3,15,0,0,0
2025-09-09 22:30,7,1,6,0,0,0
2025-09-09 22:45,4,2,2,0,0,0
2025-09-09 23:00,5,2,3,0,0,0
2025-09-09 23:15,9,1,8,0,0,0
2025-09-09 23:30,2,0,2,0,0,0
2025-09-09 23:45,2,1,1,0,0,0
2025-09-10 00:00,4,3,1,0,0,0
2025-09-10 00:15,2,0,2,0,0,0
2025-09-10 00:30,1,1,0,0,0,0
2025-09-10 00:45,2,1,1,0,0,0
2025-09-10 01:00,1,1,0,0,0,0
2025-09-10 01:15,2,0,2,0,0,0
2025-09-10 01:30,1,1,0,0,0,0
2025-09-10 01:45,0,0,0,0,0,0
2025-09-10 02:00,2,1,1,0,0,0
2025-09-10 02:15,0,0,0,0,0,0
2025-09-10 02:30,0,0,0,0,0,0
2025-09-10 02:45,0,0,0,0,0,0
2025-09-10 03:00,0,0,0,0,0,0
2025-09-10 03:15,0,0,0,0,0,0
2025-09-10 03:30,0,0,0,0,0,0
2025-09-10 03:45,1,0,1,0,0,0
2025-09-10 04:00,0,0,0,0,0,0
2025-09-10 04:15,0,0,0,0,0,0
2025-09-10 04:30,4,0,4,0,0,0
2025-09-10 04:45,2,1,1,0,0,0
2025-09-10 05:00,10,5,5,0,0,0
2025-09-10 05:15,12,5,7,0,0,0
2025-09-10 05:30,15,7,8,0,0,0
2025-09-10 05:45,29,18,11,0,0,0
2025-09-10 06:00,25,13,12,0,0,0
2025-09-10 06:15,29,19,10,0,0,0
2025-09-10 06:30,50,35,15,0,0,0
2025-09-10 06:45,56,38,18,0,0,0
2025-09-10 07:00,75,50,25,0,0,0
2025-09-10 07:15,174,149,25,0,0,0
2025-09-10 07:30,268,241,27,0,0,0
2025-09-10 07:45,213,176,37,0,0,0
2025-09-10 08:00,140,100,40,0,0,0
2025-09-10 08:15,100,78,22,0,0,0
2025-09-10 08:30,112,81,31,0,0,0
2025-09-10 08:45,71,54,17,0,0,0
2025-09-10 09:00,61,43,18,0,0,0
2025-09-10 09:15,55,37,18,0,0,0
2025-09-10 09:30,68,40,28,0,0,0
2025-09-10 09:45,68,43,25,0,0,0
2025-09-10 10:00,60,47,13,0,0,0
2025-09-10 10:15,46,28,18,0,0,0
2025-09-10 10:30,56,39,17,0,0,0
2025-09-10 10:45,62,37,25,0,0,0
2025-09-10 11:00,57,26,31,0,0,0
2025-09-10 11:15,52,37,15,0,0,0
2025-09-10 11:30,46,21,25,0,0,0
2025-09-10 11:45,41,26,15,0,0,0
2025-09-10 12:00,48,13,35,0,0,0
2025-09-10 12:15,52,23,29,0,0,0
2025-09-10 12:30,62,21,41,0,0,0
2025-09-10 12:45,69,25,44,0,0,0
2025-09-10 13:00,88,28,60,0,0,0
2025-09-10 13:15,83,18,65,0,0,0
2025-09-10 13:30,72,19,53,0,0,0
2025-09-10 13:45,79,29,50,0,0,0
2025-09-10 14:00,92,28,64,0,0,0
2025-09-10 14:15,87,38,49,0,0,0
2025-09-10 14:30,80,32,48,0,0,0
2025-09-10 14:45,119,49,70,0,0,0
2025-09-10 15:00,84,34,50,0,0,0
2025-09-10 15:15,115,33,82,0,0,0
2025-09-10 15:30,104,32,72,0,0,0
2025-09-10 15:45,193,27,166,0,0,0
2025-09-10 16:00,163,49,114,0,0,0
2025-09-10 16:15,106,55,51,0,0,0
2025-09-10 16:30,121,46,75,0,0,0
2025-09-10 16:45,103,45,58,0,0,0
2025-09-10 17:00,98,37,61,0,0,0
2025-09-10 17:15,109,48,61,0,0,0
2025-09-10 17:30,111,60,51,0,0,0
2025-09-10 17:45,118,52,66,0,0,0
2025-09-10 18:00,104,44,60,0,0,0
2025-09-10 18:15,94,32,62,0,0,0
2025-09-10 18:30,85,41,44,0,0,0
2025-09-10 18:45,79,38,41,0,0,0
2025-09-10 19:00,75,29,46,0,0,0
2025-09-10 19:15,60,37,23,0,0,0
2025-09-10 19:30,41,23,18,0,0,0
2025-09-10 19:45,53,18,35,0,0,0
2025-09-10 20:00,34,14,20,0,0,0
2025-09-10 20:15,38,18,20,0,0,0
2025-09-10 20:30,28,11,17,0,0,0
2025-09-10 20:45,45,8,37,0,0,0
2025-09-10 21:00,36,8,28,0,0,0
2025-09-10 21:15,26,13,13,0,0,0
2025-09-10 21:30,43,6,37,0,0,0
2025-09-10 21:45,25,4,21,0,0,0
2025-09-10 22:00,28,12,16,0,0,0
2025-09-10 22:15,15,5,10,0,0,0
2025-09-10 22:30,15,7,8,0,0,0
2025-09-10 22:45,9,2,7,0,0,0
2025-09-10 23:00,15,6,9,0,0,0
2025-09-10 23:15,8,0,8,0,0,0
2025-09-10 23:30,3,0,3,0,0,0
2025-09-10 23:45,4,0,4,0,0,0
2025-09-11 00:00,6,2,4,0,0,0
2025-09-11 00:15,5,2,3,0,0,0
2025-09-11 00:30,8,4,4,0,0,0
2025-09-11 00:45,2,1,1,0,0,0
2025-09-11 01:00,1,0,1,0,0,0
2025-09-11 01:15,1,0,1,0,0,0
2025-09-11 01:30,2,1,1,0,0,0
2025-09-11 01:45,1,0,1,0,0,0
2025-09-11 02:00,1,0,1,0,0,0
2025-09-11 02:15,1,0,1,0,0,0
2025-09-11 02:30,2,1,1,0,0,0
2025-09-11 02:45,0,0,0,0,0,0
2025-09-11 03:00,0,0,0,0,0,0
2025-09-11 03:15,0,0,0,0,0,0
2025-09-11 03:30,2,0,2,0,0,0
2025-09-11 03:45,1,0,1,0,0,0
2025-09-11 04:00,2,1,1,0,0,0
2025-09-11 04:15,0,0,0,0,0,0
2025-09-11 04:30,1,0,1,0,0,0
2025-09-11 04:45,3,1,2,0,0,0
2025-09-11 05:00,9,2,7,0,0,0
2025-09-11 05:15,12,5,7,0,0,0
2025-09-11 05:30,12,6,6,0,0,0
2025-09-11 05:45,19,14,5,0,0,0
2025-09-11 06:00,23,12,11,0,0,0
2025-09-11 06:15,25,18,7,0,0,0
2025-09-11 06:30,48,32,16,0,0,0
2025-09-11 06:45,54,37,17,0,0,0
2025-09-11 07:00,62,39,23,0,0,0
2025-09-11 07:15,155,133,22,0,0,0
2025-09-11 07:30,265,242,23,0,0,0
2025-09-11 07:45,181,145,36,0,0,0
2025-09-11 08:00,114,85,29,0,0,0
2025-09-11 08:15,86,62,24,0,0,0
2025-09-11 08:30,93,71,22,0,0,0
2025-09-11 08:45,77,52,25,0,0,0
2025-09-11 09:00,36,28,8,0,0,0
2025-09-11 09:15,46,35,11,0,0,0
2025-09-11 09:30,38,24,14,0,0,0
2025-09-11 09:45,51,25,26,0,0,0
2025-09-11 10:00,29,17,12,0,0,0
2025-09-11 10:15,34,25,9,0,0,0
2025-09-11 10:30,45,32,13,0,0,0
2025-09-11 10:45,46,25,21,0,0,0
2025-09-11 11:00,28,14,14,0,0,0
2025-09-11 11:15,37,21,16,0,0,0
2025-09-11 11:30,38,20,18,0,0,0
2025-09-11 11:45,42,22,20,0,0,0
2025-09-11 12:00,50,20,30,0,0,0
2025-09-11 12:15,38,14,24,0,0,0
2025-09-11 12:30,48,27,21,0,0,0
2025-09-11 12:45,72,26,46,0,0,0
2025-09-11 13:00,57,21,36,0,0,0
2025-09-11 13:15,90,20,70,0,0,0
2025-09-11 13:30,61,18,43,0,0,0
2025-09-11 13:45,46,13,33,0,0,0
2025-09-11 14:00,65,24,41,0,0,0
2025-09-11 14:15,84,33,51,0,0,0
2025-09-11 14:30,70,30,40,0,0,0
2025-09-11 14:45,80,29,51,0,0,0
2025-09-11 15:00,105,37,68,0,0,0
2025-09-11 15:15,69,26,43,0,0,0
2025-09-11 15:30,107,27,80,0,0,0
2025-09-11 15:45,185,36,149,0,0,0
2025-09-11 16:00,91,23,68,0,0,0
2025-09-11 16:15,91,40,51,0,0,0
2025-09-11 16:30,100,45,55,0,0,0
2025-09-11 16:45,93,47,46,0,0,0
2025-09-11 17:00,91,46,45,0,0,0
2025-09-11 17:15,96,47,49,0,0,0
2025-09-11 17:30,97,39,58,0,0,0
2025-09-11 17:45,90,50,40,0,0,0
2025-09-11 18:00,70,28,42,0,0,0
2025-09-11 18:15,63,22,41,0,0,0
2025-09-11 18:30,70,38,32,0,0,0
2025-09-11 18:45,64,40,24,0,0,0
2025-09-11 19:00,50,27,23,0,0,0
2025-09-11 19:15,47,21,26,0,0,0
2025-09-11 19:30,34,11,23,0,0,0
2025-09-11 19:45,29,10,19,0,0,0
2025-09-11 20:00,42,21,21,0,0,0
2025-09-11 20:15,37,5,32,0,0,0
2025-09-11 20:30,32,6,26,0,0,0
2025-09-11 20:45,34,5,29,0,0,0
2025-09-11 21:00,20,4,16,0,0,0
2025-09-11 21:15,34,8,26,0,0,0
2025-09-11 21:30,14,3,11,0,0,0
2025-09-11 21:45,19,2,17,0,0,0
2025-09-11 22:00,22,7,15,0,0,0
2025-09-11 22:15,16,6,10,0,0,0
2025-09-11 22:30,12,9,3,0,0,0
2025-09-11 22:45,14,1,13,0,0,0
2025-09-11 23:00,4,2,2,0,0,0
2025-09-11 23:15,3,1,2,0,0,0
2025-09-11 23:30,6,2,4,0,0,0
2025-09-11 23:45,7,3,4,0,0,0
2025-09-12 00:00,3,3,0,0,0,0
2025-09-12 00:15,3,1,2,0,0,0
2025-09-12 00:30,4,0,4,0,0,0
2025-09-12 00:45,2,1,1,0,0,0
2025-09-12 01:00,3,1,2,0,0,0
2025-09-12 01:15,3,0,3,0,0,0
2025-09-12 01:30,1,1,0,0,0,0
2025-09-12 01:45,0,0,0,0,0,0
2025-09-12 02:00,0,0,0,0,0,0
2025-09-12 02:15,0,0,0,0,0,0
2025-09-12 02:30,0,0,0,0,0,0
2025-09-12 02:45,1,0,1,0,0,0
2025-09-12 03:00,0,0,0,0,0,0
2025-09-12 03:15,2,2,0,0,0,0
2025-09-12 03:30,1,1,0,0,0,0
2025-09-12 03:45,1,1,0,0,0,0
2025-09-12 04:00,0,0,0,0,0,0
2025-09-12 04:15,1,0,1,0,0,0
2025-09-12 04:30,2,0,2,0,0,0
2025-09-12 04:45,3,1,2,0,0,0
2025-09-12 05:00,7,0,7,0,0,0
2025-09-12 05:15,10,2,8,0,0,0
2025-09-12 05:30,12,4,8,0,0,0
2025-09-12 05:45,17,9,8,0,0,0
2025-09-12 06:00,18,11,7,0,0,0
2025-09-12 06:15,28,18,10,0,0,0
2025-09-12 06:30,37,19,18,0,0,0
2025-09-12 06:45,49,32,17,0,0,0
2025-09-12 07:00,54,35,19,0,0,0
2025-09-12 07:15,130,112,18,0,0,0
2025-09-12 07:30,271,245,26,0,0,0
2025-09-12 07:45,183,160,23,0,0,0
2025-09-12 08:00,95,68,27,0,0,0
2025-09-12 08:15,78,60,18,0,0,0
2025-09-12 08:30,81,63,18,0,0,0
2025-09-12 08:45,68,47,21,0,0,0
2025-09-12 09:00,55,35,20,0,0,0
2025-09-12 09:15,51,38,13,0,0,0
2025-09-12 09:30,46,33,13,0,0,0
2025-09-12 09:45,66,38,28,0,0,0
2025-09-12 10:00,33,22,11,0,0,0
2025-09-12 10:15,50,30,20,0,0,0
2025-09-12 10:30,53,33,20,0,0,0
2025-09-12 10:45,50,23,27,0,0,0
2025-09-12 11:00,47,25,22,0,0,0
2025-09-12 11:15,72,31,41,0,0,0
2025-09-12 11:30,63,35,28,0,0,0
2025-09-12 11:45,50,25,25,0,0,0
2025-09-12 12:00,52,16,36,0,0,0
2025-09-12 12:15,61,25,36,0,0,0
2025-09-12 12:30,63,25,38,0,0,0
2025-09-12 12:45,67,17,50,0,0,0
2025-09-12 13:00,108,30,78,0,0,0
2025-09-12 13:15,205,32,173,0,0,0
2025-09-12 13:30,85,28,57,0,0,0
2025-09-12 13:45,110,51,59,0,0,0
2025-09-12 14:00,102,39,63,0,0,0
2025-09-12 14:15,98,36,62,0,0,0
2025-09-12 14:30,78,33,45,0,0,0
2025-09-12 14:45,103,44,59,0,0,0
2025-09-12 15:00,90,32,58,0,0,0
2025-09-12 15:15,81,34,47,0,0,0
2025-09-12 15:30,81,43,38,0,0,0
2025-09-12 15:45,81,35,46,0,0,0
2025-09-12 16:00,60,20,40,0,0,0
2025-09-12 16:15,75,38,37,0,0,0
2025-09-12 16:30,74,32,42,0,0,0
2025-09-12 16:45,68,40,28,0,0,0
2025-09-12 17:00,57,27,30,0,0,0
2025-09-12 17:15,62,18,44,0,0,0
2025-09-12 17:30,64,38,26,0,0,0
2025-09-12 17:45,66,34,32,0,0,0
2025-09-12 18:00,51,18,33,0,0,0
2025-09-12 18:15,62,27,35,0,0,0
2025-09-12 18:30,65,39,26,0,0,0
2025-09-12 18:45,46,26,20,0,0,0
2025-09-12 19:00,61,21,40,0,0,0
2025-09-12 19:15,50,25,25,0,0,0
2025-09-12 19:30,39,16,23,0,0,0
2025-09-12 19:45,41,25,16,0,0,0
2025-09-12 20:00,45,19,26,0,0,0
2025-09-12 20:15,31,15,16,0,0,0
2025-09-12 20:30,29,12,17,0,0,0
2025-09-12 20:45,24,14,10,0,0,0
2025-09-12 21:00,35,13,22,0,0,0
2025-09-12 21:15,25,7,18,0,0,0
2025-09-12 21:30,33,8,25,0,0,0
2025-09-12 21:45,20,8,12,0,0,0
2025-09-12 22:00,19,4,15,0,0,0
2025-09-12 22:15,17,3,14,0,0,0
2025-09-12 22:30,27,5,22,0,0,0
2025-09-12 22:45,22,8,14,0,0,0
2025-09-12 23:00,13,7,6,0,0,0
2025-09-12 23:15,9,2,7,0,0,0
2025-09-12 23:30,21,2,19,0,0,0
2025-09-12 23:45,12,6,6,0,0,0
2025-09-13 00:00,13,2,11,0,0,0
2025-09-13 00:15,18,6,12,0,0,0
2025-09-13 00:30,5,1,4,0,0,0
2025-09-13 00:45,3,1,2,0,0,0
2025-09-13 01:00,5,2,3,0,0,0
2025-09-13 01:15,5,4,1,0,0,0
2025-09-13 01:30,9,5,4,0,0,0
2025-09-13 01:45,2,1,1,0,0,0
2025-09-13 02:00,4,0,4,0,0,0
2025-09-13 02:15,14,4,10,0,0,0
2025-09-13 02:30,4,0,4,0,0,0
2025-09-13 02:45,3,0,3,0,0,0
2025-09-13 03:00,3,0,3,0,0,0
2025-09-13 03:15,3,0,3,0,0,0
2025-09-13 03:30,1,0,1,0,0,0
2025-09-13 03:45,1,0,1,0,0,0
2025-09-13 04:00,1,0,1,0,0,0
2025-09-13 04:15,2,1,1,0,0,0
2025-09-13 04:30,1,1,0,0,0,0
2025-09-13 04:45,2,2,0,0,0,0
2025-09-13 05:00,0,0,0,0,0,0
2025-09-13 05:15,2,1,1,0,0,0
2025-09-13 05:30,1,1,0,0,0,0
2025-09-13 05:45,4,3,1,0,0,0
2025-09-13 06:00,4,3,1,0,0,0
2025-09-13 06:15,6,4,2,0,0,0
2025-09-13 06:30,7,5,2,0,0,0
2025-09-13 06:45,3,2,1,0,0,0
2025-09-13 07:00,5,3,2,0,0,0
2025-09-13 07:15,6,5,1,0,0,0
2025-09-13 07:30,8,6,2,0,0,0
2025-09-13 07:45,10,4,6,0,0,0
2025-09-13 08:00,8,3,5,0,0,0
2025-09-13 08:15,4,4,0,0,0,0
2025-09-13 08:30,17,16,1,0,0,0
2025-09-13 08:45,17,11,6,0,0,0
2025-09-13 09:00,14,6,8,0,0,0
2025-09-13 09:15,26,19,7,0,0,0
2025-09-13 09:30,25,13,12,0,0,0
2025-09-13 09:45,24,16,8,0,0,0
2025-09-13 10:00,24,14,10,0,0,0
2025-09-13 10:15,30,13,17,0,0,0
2025-09-13 10:30,25,15,10,0,0,0
2025-09-13 10:45,39,27,12,0,0,0
2025-09-13 11:00,26,22,4,0,0,0
2025-09-13 11:15,36,24,12,0,0,0
2025-09-13 11:30,43,28,15,0,0,0
2025-09-13 11:45,38,16,22,0,0,0
2025-09-13 12:00,51,27,24,0,0,0
2025-09-13 12:15,67,32,35,0,0,0
2025-09-13 12:30,78,47,31,0,0,0
2025-09-13 12:45,70,37,33,0,0,0
2025-09-13 13:00,54,31,23,0,0,0
2025-09-13 13:15,64,38,26,0,0,0
2025-09-13 13:30,50,21,29,0,0,0
2025-09-13 13:45,57,37,20,0,0,0
2025-09-13 14:00,67,31,36,0,0,0
2025-09-13 14:15,64,22,42,0,0,0
2025-09-13 14:30,54,26,28,0,0,0
2025-09-13 14:45,45,18,27,0,0,0
2025-09-13 15:00,52,20,32,0,0,0
2025-09-13 15:15,55,22,33,0,0,0
2025-09-13 15:30,69,43,26,0,0,0
2025-09-13 15:45,71,33,38,0,0,0
2025-09-13 16:00,55,27,28,0,0,0
2025-09-13 16:15,62,38,24,0,0,0
2025-09-13 16:30,47,23,24,0,0,0
2025-09-13 16:45,33,14,19,0,0,0
2025-09-13 17:00,51,22,29,0,0,0
2025-09-13 17:15,47,33,14,0,0,0
2025-09-13 17:30,56,15,41,0,0,0
2025-09-13 17:45,62,37,25,0,0,0
2025-09-13 18:00,60,38,22,0,0,0
2025-09-13 18:15,44,24,20,0,0,0
2025-09-13 18:30,36,13,23,0,0,0
2025-09-13 18:45,27,15,12,0,0,0
2025-09-13 19:00,31,11,20,0,0,0
2025-09-13 19:15,20,10,10,0,0,0
2025-09-13 19:30,30,16,14,0,0,0
2025-09-13 19:45,31,7,24,0,0,0
2025-09-13 20:00,32,13,19,0,0,0
2025-09-13 20:15,35,19,16,0,0,0
2025-09-13 20:30,32,18,14,0,0,0
2025-09-13 20:45,16,10,6,0,0,0
2025-09-13 21:00,13,2,11,0,0,0
2025-09-13 21:15,11,6,5,0,0,0
2025-09-13 21:30,14,6,8,0,0,0
2025-09-13 21:45,9,1,8,0,0,0
2025-09-13 22:00,11,3,8,0,0,0
2025-09-13 22:15,11,5,6,0,0,0
2025-09-13 22:30,13,9,4,0,0,0
2025-09-13 22:45,14,4,10,0,0,0
2025-09-13 23:00,10,3,7,0,0,0
2025-09-13 23:15,17,4,13,0,0,0
2025-09-13 23:30,11,5,6,0,0,0
2025-09-13 23:45,13,4,9,0,0,0
2025-09-14 00:00,8,3,5,0,0,0
2025-09-14 00:15,11,5,6,0,0,0
2025-09-14 00:30,15,10,5,0,0,0
2025-09-14 00:45,4,3,1,0,0,0
2025-09-14 01:00,13,4,9,0,0,0
2025-09-14 01:15,15,8,7,0,0,0
2025-09-14 01:30,6,3,3,0,0,0
2025-09-14 01:45,4,1,3,0,0,0
2025-09-14 02:00,8,0,8,0,0,0
2025-09-14 02:15,3,0,3,0,0,0
2025-09-14 02:30,12,5,7,0,0,0
2025-09-14 02:45,3,0,3,0,0,0
2025-09-14 03:00,1,1,0,0,0,0
2025-09-14 03:15,9,4,5,0,0,0
2025-09-14 03:30,2,0,2,0,0,0
2025-09-14 03:45,3,2,1,0,0,0
2025-09-14 04:00,1,0,1,0,0,0
2025-09-14 04:15,1,0,1,0,0,0
2025-09-14 04:30,0,0,0,0,0,0
2025-09-14 04:45,2,0,2,0,0,0
2025-09-14 05:00,1,1,0,0,0,0
2025-09-14 05:15,3,3,0,0,0,0
2025-09-14 05:30,0,0,0,0,0,0
2025-09-14 05:45,2,0,2,0,0,0
2025-09-14 06:00,3,0,3,0,0,0
2025-09-14 06:15,4,3,1,0,0,0
2025-09-14 06:30,6,1,5,0,0,0
2025-09-14 06:45,2,2,0,0,0,0
2025-09-14 07:00,9,7,2,0,0,0
2025-09-14 07:15,6,5,1,0,0,0
2025-09-14 07:30,8,7,1,0,0,0
2025-09-14 07:45,8,6,2,0,0,0
2025-09-14 08:00,9,4,5,0,0,0
2025-09-14 08:15,7,2,5,0,0,0
2025-09-14 08:30,7,3,4,0,0,0
2025-09-14 08:45,15,12,3,0,0,0
2025-09-14 09:00,15,10,5,0,0,0
2025-09-14 09:15,12,5,7,0,0,0
2025-09-14 09:30,24,8,16,0,0,0
2025-09-14 09:45,17,14,3,0,0,0
2025-09-14 10:00,16,10,6,0,0,0
2025-09-14 10:15,30,15,15,0,0,0
2025-09-14 10:30,34,19,15,0,0,0
2025-09-14 10:45,30,18,12,0,0,0
2025-09-14 11:00,26,14,12,0,0,0
2025-09-14 11:15,29,10,19,0,0,0
2025-09-14 11:30,33,10,23,0,0,0
2025-09-14 11:45,27,12,15,0,0,0
2025-09-14 12:00,17,7,10,0,0,0
2025-09-14 12:15,32,20,12,0,0,0
2025-09-14 12:30,47,19,28,0,0,0
2025-09-14 12:45,47,25,22,0,0,0
2025-09-14 13:00,57,22,35,0,0,0
2025-09-14 13:15,39,14,25,0,0,0
2025-09-14 13:30,40,20,20,0,0,0
2025-09-14 13:45,59,25,34,0,0,0
2025-09-14 14:00,45,21,24,0,0,0
2025-09-14 14:15,74,39,35,0,0,0
2025-09-14 14:30,58,27,31,0,0,0
2025-09-14 14:45,49,16,33,0,0,0
2025-09-14 15:00,67,25,42,0,0,0
2025-09-14 15:15,71,44,27,0,0,0
2025-09-14 15:30,79,43,36,0,0,0
2025-09-14 15:45,71,29,42,0,0,0
2025-09-14 16:00,71,30,41,0,0,0
2025-09-14 16:15,59,30,29,0,0,0
2025-09-14 16:30,51,35,16,0,0,0
2025-09-14 16:45,60,28,32,0,0,0
2025-09-14 17:00,62,24,38,0,0,0
2025-09-14 17:15,36,15,21,0,0,0
2025-09-14 17:30,75,39,36,0,0,0
2025-09-14 17:45,47,32,15,0,0,0
2025-09-14 18:00,49,24,25,0,0,0
2025-09-14 18:15,58,30,28,0,0,0
2025-09-14 18:30,27,17,10,0,0,0
2025-09-14 18:45,50,25,25,0,0,0
2025-09-14 19:00,30,20,10,0,0,0
2025-09-14 19:15,25,12,13,0,0,0
2025-09-14 19:30,23,11,12,0,0,0
2025-09-14 19:45,9,1,8,0,0,0
2025-09-14 20:00,14,7,7,0,0,0
2025-09-14 20:15,19,12,7,0,0,0
2025-09-14 20:30,13,2,11,0,0,0
2025-09-14 20:45,21,10,11,0,0,0
2025-09-14 21:00,15,4,11,0,0,0
2025-09-14 21:15,15,7,8,0,0,0
2025-09-14 21:30,13,4,9,0,0,0
2025-09-14 21:45,17,8,9,0,0,0
2025-09-14 22:00,15,3,12,0,0,0
2025-09-14 22:15,11,3,8,0,0,0
2025-09-14 22:30,7,4,3,0,0,0
2025-09-14 22:45,10,4,6,0,0,0
2025-09-14 23:00,5,0,5,0,0,0
2025-09-14 23:15,2,0,2,0,0,0
2025-09-14 23:30,1,1,0,0,0,0
2025-09-14 23:45,1,0,1,0,0,0
2025-09-15 00:00,5,1,4,0,0,0
2025-09-15 00:15,4,1,3,0,0,0
2025-09-15 00:30,5,3,2,0,0,0
2025-09-15 00:45,6,3,3,0,0,0
2025-09-15 01:00,0,0,0,0,0,0
2025-09-15 01:15,1,0,1,0,0,0
2025-09-15 01:30,2,0,2,0,0,0
2025-09-15 01:45,0,0,0,0,0,0
2025-09-15 02:00,1,1,0,0,0,0
2025-09-15 02:15,0,0,0,0,0,0
2025-09-15 02:30,0,0,0,0,0,0
2025-09-15 02:45,0,0,0,0,0,0
2025-09-15 03:00,0,0,0,0,0,0
2025-09-15 03:15,0,0,0,0,0,0
2025-09-15 03:30,0,0,0,0,0,0
2025-09-15 03:45,0,0,0,0,0,0
2025-09-15 04:00,0,0,0,0,0,0
2025-09-15 04:15,1,1,0,0,0,0
2025-09-15 04:30,1,0,1,0,0,0
2025-09-15 04:45,2,1,1,0,0,0
2025-09-15 05:00,7,1,6,0,0,0
2025-09-15 05:15,10,2,8,0,0,0
2025-09-15 05:30,28,10,18,0,0,0
2025-09-15 05:45,22,14,8,0,0,0
2025-09-15 06:00,21,16,5,0,0,0
2025-09-15 06:15,28,22,6,0,0,0
2025-09-15 06:30,32,18,14,0,0,0
2025-09-15 06:45,55,34,21,0,0,0
2025-09-15 07:00,42,27,15,0,0,0
2025-09-15 07:15,135,115,20,0,0,0
2025-09-15 07:30,218,194,24,0,0,0
2025-09-15 07:45,171,140,31,0,0,0
2025-09-15 08:00,132,95,37,0,0,0
2025-09-15 08:15,89,57,32,0,0,0
2025-09-15 08:30,83,66,17,0,0,0
2025-09-15 08:45,80,56,24,0,0,0
2025-09-15 09:00,49,33,16,0,0,0
2025-09-15 09:15,51,43,8,0,0,0
2025-09-15 09:30,44,29,15,0,0,0
2025-09-15 09:45,46,24,22,0,0,0
2025-09-15 10:00,30,18,12,0,0,0
2025-09-15 10:15,41,26,15,0,0,0
2025-09-15 10:30,45,26,19,0,0,0
2025-09-15 10:45,53,26,27,0,0,0
2025-09-15 11:00,42,22,20,0,0,0
2025-09-15 11:15,58,27,31,0,0,0
2025-09-15 11:30,46,27,19,0,0,0
2025-09-15 11:45,49,21,28,0,0,0
2025-09-15 12:00,42,14,28,0,0,0
2025-09-15 12:15,54,29,25,0,0,0
2025-09-15 12:30,42,20,22,0,0,0
2025-09-15 12:45,74,22,52,0,0,0
2025-09-15 13:00,66,22,44,0,0,0
2025-09-15 13:15,72,16,56,0,0,0
2025-09-15 13:30,51,21,30,0,0,0
2025-09-15 13:45,59,32,27,0,0,0
2025-09-15 14:00,91,37,54,0,0,0
2025-09-15 14:15,73,28,45,0,0,0
2025-09-15 14:30,56,25,31,0,0,0
2025-09-15 14:45,92,35,57,0,0,0
2025-09-15 15:00,71,24,47,0,0,0
2025-09-15 15:15,69,32,37,0,0,0
2025-09-15 15:30,70,24,46,0,0,0
2025-09-15 15:45,177,42,135,0,0,0
2025-09-15 16:00,111,30,81,0,0,0
2025-09-15 16:15,82,31,51,0,0,0
2025-09-15 16:30,101,39,62,0,0,0
2025-09-15 16:45,97,32,65,0,0,0
2025-09-15 17:00,76,28,48,0,0,0
2025-09-15 17:15,65,27,38,0,0,0
2025-09-15 17:30,86,31,55,0,0,0
2025-09-15 17:45,88,33,55,0,0,0
2025-09-15 18:00,96,38,58,0,0,0
2025-09-15 18:15,59,18,41,0,0,0
2025-09-15 18:30,48,10,38,0,0,0
2025-09-15 18:45,51,24,27,0,0,0
2025-09-15 19:00,62,26,36,0,0,0
2025-09-15 19:15,54,20,34,0,0,0
2025-09-15 19:30,41,17,24,0,0,0
2025-09-15 19:45,31,17,14,0,0,0
2025-09-15 20:00,19,5,14,0,0,0
2025-09-15 20:15,19,9,10,0,0,0
2025-09-15 20:30,26,7,19,0,0,0
2025-09-15 20:45,16,7,9,0,0,0
2025-09-15 21:00,13,5,8,0,0,0
2025-09-15 21:15,16,4,12,0,0,0
2025-09-15 21:30,18,5,13,0,0,0
2025-09-15 21:45,22,6,16,0,0,0
2025-09-15 22:00,15,7,8,0,0,0
2025-09-15 22:15,10,4,6,0,0,0
2025-09-15 22:30,10,6,4,0,0,0
2025-09-15 22:45,10,4,6,0,0,0
2025-09-15 23:00,10,3,7,0,0,0
2025-09-15 23:15,7,2,5,0,0,0
2025-09-15 23:30,4,2,2,0,0,0
2025-09-15 23:45,2,1,1,0,0,0
2025-09-16 00:00,3,1,2,0,0,0
2025-09-16 00:15,1,0,1,0,0,0
2025-09-16 00:30,2,2,0,0,0,0
2025-09-16 00:45,2,1,1,0,0,0
2025-09-16 01:00,0,0,0,0,0,0
2025-09-16 01:15,3,1,2,0,0,0
2025-09-16 01:30,0,0,0,0,0,0
2025-09-16 01:45,1,1,0,0,0,0
2025-09-16 02:00,4,1,3,0,0,0
2025-09-16 02:15,0,0,0,0,0,0
2025-09-16 02:30,1,1,0,0,0,0
2025-09-16 02:45,2,1,1,0,0,0
2025-09-16 03:00,3,3,0,0,0,0
2025-09-16 03:15,0,0,0,0,0,0
2025-09-16 03:30,0,0,0,0,0,0
2025-09-16 03:45,1,1,0,0,0,0
2025-09-16 04:00,0,0,0,0,0,0
2025-09-16 04:15,0,0,0,0,0,0
2025-09-16 04:30,2,0,2,0,0,0
2025-09-16 04:45,3,1,2,0,0,0
2025-09-16 05:00,6,2,4,0,0,0
2025-09-16 05:15,8,3,5,0,0,0
2025-09-16 05:30,18,5,13,0,0,0
2025-09-16 05:45,19,8,11,0,0,0
2025-09-16 06:00,24,13,11,0,0,0
2025-09-16 06:15,32,23,9,0,0,0
2025-09-16 06:30,43,25,18,0,0,0
2025-09-16 06:45,57,36,21,0,0,0
2025-09-16 07:00,71,43,28,0,0,0
2025-09-16 07:15,144,119,25,0,0,0
2025-09-16 07:30,225,190,35,0,0,0
2025-09-16 07:45,160,128,32,0,0,0
2025-09-16 08:00,132,93,39,0,0,0
2025-09-16 08:15,114,86,28,0,0,0
2025-09-16 08:30,100,67,33,0,0,0
2025-09-16 08:45,71,49,22,0,0,0
2025-09-16 09:00,50,34,16,0,0,0
2025-09-16 09:15,34,26,8,0,0,0
2025-09-16 09:30,50,37,13,0,0,0
2025-09-16 09:45,45,31,14,0,0,0
2025-09-16 10:00,35,24,11,0,0,0
2025-09-16 10:15,24,15,9,0,0,0
2025-09-16 10:30,24,14,10,0,0,0
2025-09-16 10:45,39,31,8,0,0,0
2025-09-16 11:00,44,25,19,0,0,0
2025-09-16 11:15,56,22,34,0,0,0
2025-09-16 11:30,37,19,18,0,0,0
2025-09-16 11:45,44,24,20,0,0,0
2025-09-16 12:00,45,21,24,0,0,0
2025-09-16 12:15,35,19,16,0,0,0
2025-09-16 12:30,41,18,23,0,0,0
2025-09-16 12:45,50,18,32,0,0,0
2025-09-16 13:00,64,12,52,0,0,0
2025-09-16 13:15,144,23,121,0,0,0
2025-09-16 13:30,83,27,56,0,0,0
2025-09-16 13:45,66,31,35,0,0,0
2025-09-16 14:00,102,36,66,0,0,0
2025-09-16 14:15,73,31,42,0,0,0
2025-09-16 14:30,77,27,50,0,0,0
2025-09-16 14:45,91,44,47,0,0,0
2025-09-16 15:00,60,15,45,0,0,0
2025-09-16 15:15,63,36,27,0,0,0
2025-09-16 15:30,69,18,51,0,0,0
2025-09-16 15:45,73,29,44,0,0,0
2025-09-16 16:00,79,33,46,0,0,0
2025-09-16 16:15,78,29,49,0,0,0
2025-09-16 16:30,62,24,38,0,0,0
2025-09-16 16:45,49,23,26,0,0,0
2025-09-16 17:00,75,26,49,0,0,0
2025-09-16 17:15,78,22,56,0,0,0
2025-09-16 17:30,56,18,38,0,0,0
2025-09-16 17:45,55,20,35,0,0,0
2025-09-16 18:00,65,17,48,0,0,0
2025-09-16 18:15,66,30,36,0,0,0
2025-09-16 18:30,64,28,36,0,0,0
2025-09-16 18:45,44,20,24,0,0,0
2025-09-16 19:00,44,17,27,0,0,0
2025-09-16 19:15,43,22,21,0,0,0
2025-09-16 19:30,19,6,13,0,0,0
2025-09-16 19:45,27,8,19,0,0,0
2025-09-16 20:00,21,6,15,0,0,0
2025-09-16 20:15,24,7,17,0,0,0
2025-09-16 20:30,15,3,12,0,0,0
2025-09-16 20:45,23,5,18,0,0,0
2025-09-16 21:00,16,5,11,0,0,0
2025-09-16 21:15,18,5,13,0,0,0
2025-09-16 21:30,17,4,13,0,0,0
2025-09-16 21:45,13,4,9,0,0,0
2025-09-16 22:00,14,7,7,0,0,0
2025-09-16 22:15,13,6,7,0,0,0
2025-09-16 22:30,8,2,6,0,0,0
2025-09-16 22:45,2,0,2,0,0,0
2025-09-16 23:00,13,7,6,0,0,0
2025-09-16 23:15,9,3,6,0,0,0
2025-09-16 23:30,7,2,5,0,0,0
2025-09-16 23:45,4,1,3,0,0,0
2025-09-17 00:00,4,2,2,0,0,0
2025-09-17 00:15,2,1,1,0,0,0
2025-09-17 00:30,1,0,1,0,0,0
2025-09-17 00:45,4,3,1,0,0,0
2025-09-17 01:00,1,0,1,0,0,0
2025-09-17 01:15,2,0,2,0,0,0
2025-09-17 01:30,0,0,0,0,0,0
2025-09-17 01:45,1,0,1,0,0,0
2025-09-17 02:00,0,0,0,0,0,0
2025-09-17 02:15,0,0,0,0,0,0
2025-09-17 02:30,0,0,0,0,0,0
2025-09-17 02:45,0,0,0,0,0,0
2025-09-17 03:00,0,0,0,0,0,0
2025-09-17 03:15,0,0,0,0,0,0
2025-09-17 03:30,1,1,0,0,0,0
2025-09-17 03:45,0,0,0,0,0,0
2025-09-17 04:00,0,0,0,0,0,0
2025-09-17 04:15,3,0,3,0,0,0
2025-09-17 04:30,0,0,0,0,0,0
2025-09-17 04:45,3,0,3,0,0,0
2025-09-17 05:00,6,2,4,0,0,0
2025-09-17 05:15,10,2,8,0,0,0
2025-09-17 05:30,24,11,13,0,0,0
2025-09-17 05:45,21,13,8,0,0,0
2025-09-17 06:00,31,18,13,0,0,0
2025-09-17 06:15,27,19,8,0,0,0
2025-09-17 06:30,35,24,11,0,0,0
2025-09-17 06:45,57,34,23,0,0,0
2025-09-17 07:00,69,51,18,0,0,0
2025-09-17 07:15,155,123,32,0,0,0
2025-09-17 07:30,228,198,30,0,0,0
2025-09-17 07:45,183,160,23,0,0,0
2025-09-17 08:00,138,91,47,0,0,0
2025-09-17 08:15,103,80,23,0,0,0
2025-09-17 08:30,126,84,42,0,0,0
2025-09-17 08:45,85,55,30,0,0,0
2025-09-17 09:00,55,31,24,0,0,0
2025-09-17 09:15,38,30,8,0,0,0
2025-09-17 09:30,65,43,22,0,0,0
2025-09-17 09:45,56,27,29,0,0,0
2025-09-17 10:00,44,31,13,0,0,0
2025-09-17 10:15,41,29,12,0,0,0
2025-09-17 10:30,33,19,14,0,0,0
2025-09-17 10:45,49,28,21,0,0,0
2025-09-17 11:00,37,22,15,0,0,0
2025-09-17 11:15,45,20,25,0,0,0
2025-09-17 11:30,36,18,18,0,0,0
2025-09-17 11:45,47,25,22,0,0,0
2025-09-17 12:00,50,23,27,0,0,0
2025-09-17 12:15,44,19,25,0,0,0
2025-09-17 12:30,50,19,31,0,0,0
2025-09-17 12:45,63,25,38,0,0,0
2025-09-17 13:00,68,13,55,0,0,0
2025-09-17 13:15,73,32,41,0,0,0
2025-09-17 13:30,68,22,46,0,0,0
2025-09-17 13:45,67,29,38,0,0,0
2025-09-17 14:00,75,20,55,0,0,0
2025-09-17 14:15,68,33,35,0,0,0
2025-09-17 14:30,85,46,39,0,0,0
2025-09-17 14:45,81,33,48,0,0,0
2025-09-17 15:00,89,27,62,0,0,0
2025-09-17 15:15,87,31,56,0,0,0
2025-09-17 15:30,122,31,91,0,0,0
2025-09-17 15:45,167,31,136,0,0,0
2025-09-17 16:00,121,36,85,0,0,0
2025-09-17 16:15,98,40,58,0,0,0
2025-09-17 16:30,105,47,58,0,0,0
2025-09-17 16:45,80,38,42,0,0,0
2025-09-17 17:00,87,37,50,0,0,0
2025-09-17 17:15,91,41,50,0,0,0
2025-09-17 17:30,112,52,60,0,0,0
2025-09-17 17:45,82,46,36,0,0,0
2025-09-17 18:00,68,20,48,0,0,0
2025-09-17 18:15,68,32,36,0,0,0
2025-09-17 18:30,49,14,35,0,0,0
2025-09-17 18:45,54,23,31,0,0,0
2025-09-17 19:00,40,13,27,0,0,0
2025-09-17 19:15,29,10,19,0,0,0
2025-09-17 19:30,33,9,24,0,0,0
2025-09-17 19:45,25,6,19,0,0,0
2025-09-17 20:00,28,8,20,0,0,0
2025-09-17 20:15,20,6,14,0,0,0
2025-09-17 20:30,16,7,9,0,0,0
2025-09-17 20:45,22,6,16,0,0,0
2025-09-17 21:00,14,4,10,0,0,0
2025-09-17 21:15,29,8,21,0,0,0
2025-09-17 21:30,17,4,13,0,0,0
2025-09-17 21:45,16,2,14,0,0,0
2025-09-17 22:00,21,9,12,0,0,0
2025-09-17 22:15,15,1,14,0,0,0
2025-09-17 22:30,10,0,10,0,0,0
2025-09-17 22:45,11,5,6,0,0,0
2025-09-17 23:00,3,0,3,0,0,0
2025-09-17 23:15,10,2,8,0,0,0
2025-09-17 23:30,7,3,4,0,0,0
2025-09-17 23:45,4,2,2,0,0,0
2025-09-18 00:00,5,2,3,0,0,0
2025-09-18 00:15,3,1,2,0,0,0
2025-09-18 00:30,1,0,1,0,0,0
2025-09-18 00:45,5,1,4,0,0,0
2025-09-18 01:00,0,0,0,0,0,0
2025-09-18 01:15,1,0,1,0,0,0
2025-09-18 01:30,0,0,0,0,0,0
2025-09-18 01:45,3,3,0,0,0,0
2025-09-18 02:00,1,0,1,0,0,0
2025-09-18 02:15,0,0,0,0,0,0
2025-09-18 02:30,1,0,1,0,0,0
2025-09-18 02:45,2,0,2,0,0,0
2025-09-18 03:00,0,0,0,0,0,0
2025-09-18 03:15,2,0,2,0,0,0
2025-09-18 03:30,0,0,0,0,0,0
2025-09-18 03:45,5,2,3,0,0,0
2025-09-18 04:00,4,4,0,0,0,0
2025-09-18 04:15,0,0,0,0,0,0
2025-09-18 04:30,2,1,1,0,0,0
2025-09-18 04:45,6,0,6,0,0,0
2025-09-18 05:00,3,1,2,0,0,0
2025-09-18 05:15,12,6,6,0,0,0
2025-09-18 05:30,17,6,11,0,0,0
2025-09-18 05:45,19,8,11,0,0,0
2025-09-18 06:00,27,16,11,0,0,0
2025-09-18 06:15,18,14,4,0,0,0
2025-09-18 06:30,45,24,21,0,0,0
2025-09-18 06:45,64,38,26,0,0,0
2025-09-18 07:00,88,47,41,0,0,0
2025-09-18 07:15,154,124,30,0,0,0
2025-09-18 07:30,259,224,35,0,0,0
2025-09-18 07:45,183,148,35,0,0,0
2025-09-18 08:00,133,98,35,0,0,0
2025-09-18 08:15,105,81,24,0,0,0
2025-09-18 08:30,113,78,35,0,0,0
2025-09-18 08:45,72,52,20,0,0,0
2025-09-18 09:00,52,35,17,0,0,0
2025-09-18 09:15,65,35,30,0,0,0
2025-09-18 09:30,68,45,23,0,0,0
2025-09-18 09:45,53,35,18,0,0,0
2025-09-18 10:00,38,19,19,0,0,0
2025-09-18 10:15,37,24,13,0,0,0
2025-09-18 10:30,40,24,16,0,0,0
2025-09-18 10:45,38,21,17,0,0,0
2025-09-18 11:00,49,28,21,0,0,0
2025-09-18 11:15,41,18,23,0,0,0
2025-09-18 11:30,54,31,23,0,0,0
2025-09-18 11:45,39,18,21,0,0,0
2025-09-18 12:00,46,18,28,0,0,0
2025-09-18 12:15,49,16,33,0,0,0
2025-09-18 12:30,40,10,30,0,0,0
2025-09-18 12:45,99,30,69,0,0,0
2025-09-18 13:00,61,17,44,0,0,0
2025-09-18 13:15,75,23,52,0,0,0
2025-09-18 13:30,55,22,33,0,0,0
2025-09-18 13:45,58,26,32,0,0,0
2025-09-18 14:00,91,36,55,0,0,0
2025-09-18 14:15,79,27,52,0,0,0
2025-09-18 14:30,84,36,48,0,0,0
2025-09-18 14:45,92,45,47,0,0,0
2025-09-18 15:00,89,34,55,0,0,0
2025-09-18 15:15,93,42,51,0,0,0
2025-09-18 15:30,84,26,58,0,0,0
2025-09-18 15:45,189,29,160,0,0,0
2025-09-18 16:00,120,38,82,0,0,0
2025-09-18 16:15,82,27,55,0,0,0
2025-09-18 16:30,102,44,58,0,0,0
2025-09-18 16:45,107,56,51,0,0,0
2025-09-18 17:00,101,32,69,0,0,0
2025-09-18 17:15,143,50,93,0,0,0
2025-09-18 17:30,84,28,56,0,0,0
2025-09-18 17:45,96,40,56,0,0,0
2025-09-18 18:00,107,37,70,0,0,0
2025-09-18 18:15,91,48,43,0,0,0
2025-09-18 18:30,95,50,45,0,0,0
2025-09-18 18:45,63,26,37,0,0,0
2025-09-18 19:00,52,21,31,0,0,0
2025-09-18 19:15,43,17,26,0,0,0
2025-09-18 19:30,39,18,21,0,0,0
2025-09-18 19:45,54,28,26,0,0,0
2025-09-18 20:00,38,13,25,0,0,0
2025-09-18 20:15,26,11,15,0,0,0
2025-09-18 20:30,20,6,14,0,0,0
2025-09-18 20:45,44,13,31,0,0,0
2025-09-18 21:00,30,14,16,0,0,0
2025-09-18 21:15,24,10,14,0,0,0
2025-09-18 21:30,23,2,21,0,0,0
2025-09-18 21:45,16,4,12,0,0,0
2025-09-18 22:00,25,18,7,0,0,0
2025-09-18 22:15,25,6,19,0,0,0
2025-09-18 22:30,29,10,19,0,0,0
2025-09-18 22:45,21,9,12,0,0,0
2025-09-18 23:00,16,5,11,0,0,0
2025-09-18 23:15,10,5,5,0,0,0
2025-09-18 23:30,9,3,6,0,0,0
2025-09-18 23:45,7,4,3,0,0,0
2025-09-19 00:00,12,6,6,0,0,0
2025-09-19 00:15,6,1,5,0,0,0
2025-09-19 00:30,2,0,2,0,0,0
2025-09-19 00:45,3,0,3,0,0,0
2025-09-19 01:00,1,0,1,0,0,0
2025-09-19 01:15,2,2,0,0,0,0
2025-09-19 01:30,1,0,1,0,0,0
2025-09-19 01:45,1,0,1,0,0,0
2025-09-19 02:00,0,0,0,0,0,0
2025-09-19 02:15,0,0,0,0,0,0
2025-09-19 02:30,0,0,0,0,0,0
2025-09-19 02:45,0,0,0,0,0,0
2025-09-19 03:00,1,1,0,0,0,0
2025-09-19 03:15,1,0,1,0,0,0
2025-09-19 03:30,0,0,0,0,0,0
2025-09-19 03:45,2,1,1,0,0,0
2025-09-19 04:00,0,0,0,0,0,0
2025-09-19 04:15,0,0,0,0,0,0
2025-09-19 04:30,2,0,2,0,0,0
2025-09-19 04:45,3,0,3,0,0,0
2025-09-19 05:00,8,3,5,0,0,0
2025-09-19 05:15,14,8,6,0,0,0
2025-09-19 05:30,17,7,10,0,0,0
2025-09-19 05:45,17,5,12,0,0,0
2025-09-19 06:00,18,10,8,0,0,0
2025-09-19 06:15,31,23,8,0,0,0
2025-09-19 06:30,40,27,13,0,0,0
2025-09-19 06:45,57,34,23,0,0,0
2025-09-19 07:00,64,43,21,0,0,0
2025-09-19 07:15,136,118,18,0,0,0
2025-09-19 07:30,228,202,26,0,0,0
2025-09-19 07:45,188,151,37,0,0,0
2025-09-19 08:00,90,62,28,0,0,0
2025-09-19 08:15,78,65,13,0,0,0
2025-09-19 08:30,82,56,26,0,0,0
2025-09-19 08:45,65,41,24,0,0,0
2025-09-19 09:00,48,36,12,0,0,0
2025-09-19 09:15,58,48,10,0,0,0
2025-09-19 09:30,59,42,17,0,0,0
2025-09-19 09:45,46,29,17,0,0,0
2025-09-19 10:00,47,34,13,0,0,0
2025-09-19 10:15,51,34,17,0,0,0
2025-09-19 10:30,52,26,26,0,0,0
2025-09-19 10:45,51,30,21,0,0,0
2025-09-19 11:00,53,27,26,0,0,0
2025-09-19 11:15,60,30,30,0,0,0
2025-09-19 11:30,56,30,26,0,0,0
2025-09-19 11:45,67,36,31,0,0,0
2025-09-19 12:00,51,28,23,0,0,0
2025-09-19 12:15,81,35,46,0,0,0
2025-09-19 12:30,83,38,45,0,0,0
2025-09-19 12:45,80,31,49,0,0,0
2025-09-19 13:00,137,37,100,0,0,0
2025-09-19 13:15,222,56,166,0,0,0
2025-09-19 13:30,90,25,65,0,0,0
2025-09-19 13:45,90,46,44,0,0,0
2025-09-19 14:00,98,37,61,0,0,0
2025-09-19 14:15,104,40,64,0,0,0
2025-09-19 14:30,107,42,65,0,0,0
2025-09-19 14:45,121,63,58,0,0,0
2025-09-19 15:00,116,47,69,0,0,0
2025-09-19 15:15,107,50,57,0,0,0
2025-09-19 15:30,99,37,62,0,0,0
2025-09-19 15:45,99,40,59,0,0,0
2025-09-19 16:00,83,31,52,0,0,0
2025-09-19 16:15,82,37,45,0,0,0
2025-09-19 16:30,81,38,43,0,0,0
2025-09-19 16:45,104,48,56,0,0,0
2025-09-19 17:00,82,37,45,0,0,0
2025-09-19 17:15,99,46,53,0,0,0
2025-09-19 17:30,98,50,48,0,0,0
2025-09-19 17:45,121,62,59,0,0,0
2025-09-19 18:00,90,43,47,0,0,0
2025-09-19 18:15,79,40,39,0,0,0
2025-09-19 18:30,106,51,55,0,0,0
2025-09-19 18:45,73,37,36,0,0,0
2025-09-19 19:00,67,41,26,0,0,0
2025-09-19 19:15,78,52,26,0,0,0
2025-09-19 19:30,50,30,20,0,0,0
2025-09-19 19:45,45,17,28,0,0,0
2025-09-19 20:00,49,29,20,0,0,0
2025-09-19 20:15,46,26,20,0,0,0
2025-09-19 20:30,34,12,22,0,0,0
2025-09-19 20:45,30,15,15,0,0,0
2025-09-19 21:00,33,13,20,0,0,0
2025-09-19 21:15,33,8,25,0,0,0
2025-09-19 21:30,33,10,23,0,0,0
2025-09-19 21:45,47,11,36,0,0,0
2025-09-19 22:00,27,8,19,0,0,0
2025-09-19 22:15,20,5,15,0,0,0
2025-09-19 22:30,19,4,15,0,0,0
2025-09-19 22:45,17,4,13,0,0,0
2025-09-19 23:00,20,6,14,0,0,0
2025-09-19 23:15,22,7,15,0,0,0
2025-09-19 23:30,19,2,17,0,0,0
2025-09-19 23:45,13,1,12,0,0,0
2025-09-20 00:00,40,11,29,0,0,0
2025-09-20 00:15,20,7,13,0,0,0
2025-09-20 00:30,14,8,6,0,0,0
2025-09-20 00:45,18,10,8,0,0,0
2025-09-20 01:00,14,3,11,0,0,0
2025-09-20 01:15,15,7,8,0,0,0
2025-09-20 01:30,6,2,4,0,0,0
2025-09-20 01:45,7,6,1,0,0,0
2025-09-20 02:00,6,0,6,0,0,0
2025-09-20 02:15,4,2,2,0,0,0
2025-09-20 02:30,5,3,2,0,0,0
2025-09-20 02:45,4,3,1,0,0,0
2025-09-20 03:00,4,0,4,0,0,0
2025-09-20 03:15,5,1,4,0,0,0
2025-09-20 03:30,1,0,1,0,0,0
2025-09-20 03:45,2,0,2,0,0,0
2025-09-20 04:00,5,2,3,0,0,0
2025-09-20 04:15,1,0,1,0,0,0
2025-09-20 04:30,2,2,0,0,0,0
2025-09-20 04:45,0,0,0,0,0,0
2025-09-20 05:00,2,0,2,0,0,0
2025-09-20 05:15,3,3,0,0,0,0
2025-09-20 05:30,3,3,0,0,0,0
2025-09-20 05:45,7,4,3,0,0,0
2025-09-20 06:00,2,2,0,0,0,0
2025-09-20 06:15,6,4,2,0,0,0
2025-09-20 06:30,6,3,3,0,0,0
2025-09-20 06:45,13,8,5,0,0,0
2025-09-20 07:00,4,3,1,0,0,0
2025-09-20 07:15,11,6,5,0,0,0
2025-09-20 07:30,14,11,3,0,0,0
2025-09-20 07:45,13,9,4,0,0,0
2025-09-20 08:00,16,10,6,0,0,0
2025-09-20 08:15,12,9,3,0,0,0
2025-09-20 08:30,25,20,5,0,0,0
2025-09-20 08:45,48,32,16,0,0,0
2025-09-20 09:00,37,28,9,0,0,0
2025-09-20 09:15,44,32,12,0,0,0
2025-09-20 09:30,53,31,22,0,0,0
2025-09-20 09:45,83,63,20,0,0,0
2025-09-20 10:00,68,44,24,0,0,0
2025-09-20 10:15,56,41,15,0,0,0
2025-09-20 10:30,66,48,18,0,0,0
2025-09-20 10:45,92,61,31,0,0,0
2025-09-20 11:00,88,67,21,0,0,0
2025-09-20 11:15,70,41,29,0,0,0
2025-09-20 11:30,75,46,29,0,0,0
2025-09-20 11:45,89,49,40,0,0,0
2025-09-20 12:00,92,44,48,0,0,0
2025-09-20 12:15,77,34,43,0,0,0
2025-09-20 12:30,102,51,51,0,0,0
2025-09-20 12:45,98,51,47,0,0,0
2025-09-20 13:00,95,42,53,0,0,0
2025-09-20 13:15,88,42,46,0,0,0
2025-09-20 13:30,90,45,45,0,0,0
2025-09-20 13:45,67,28,39,0,0,0
2025-09-20 14:00,79,43,36,0,0,0
2025-09-20 14:15,98,51,47,0,0,0
2025-09-20 14:30,92,34,58,0,0,0
2025-09-20 14:45,120,56,64,0,0,0
2025-09-20 15:00,81,31,50,0,0,0
2025-09-20 15:15,79,30,49,0,0,0
2025-09-20 15:30,90,44,46,0,0,0
2025-09-20 15:45,94,38,56,0,0,0
2025-09-20 16:00,98,44,54,0,0,0
2025-09-20 16:15,107,46,61,0,0,0
2025-09-20 16:30,97,45,52,0,0,0
2025-09-20 16:45,75,37,38,0,0,0
2025-09-20 17:00,68,31,37,0,0,0
2025-09-20 17:15,59,19,40,0,0,0
2025-09-20 17:30,111,54,57,0,0,0
2025-09-20 17:45,72,43,29,0,0,0
2025-09-20 18:00,61,27,34,0,0,0
2025-09-20 18:15,76,47,29,0,0,0
2025-09-20 18:30,72,27,45,0,0,0
2025-09-20 18:45,78,50,28,0,0,0
2025-09-20 19:00,45,27,18,0,0,0
2025-09-20 19:15,41,27,14,0,0,0
2025-09-20 19:30,58,29,29,0,0,0
2025-09-20 19:45,43,16,27,0,0,0
2025-09-20 20:00,53,29,24,0,0,0
2025-09-20 20:15,35,15,20,0,0,0
2025-09-20 20:30,26,12,14,0,0,0
2025-09-20 20:45,33,17,16,0,0,0
2025-09-20 21:00,28,14,14,0,0,0
2025-09-20 21:15,24,10,14,0,0,0
2025-09-20 21:30,28,10,18,0,0,0
2025-09-20 21:45,19,4,15,0,0,0
2025-09-20 22:00,28,5,23,0,0,0
2025-09-20 22:15,24,9,15,0,0,0
2025-09-20 22:30,26,6,20,0,0,0
2025-09-20 22:45,46,15,31,0,0,0
2025-09-20 23:00,14,10,4,0,0,0
2025-09-20 23:15,17,11,6,0,0,0
2025-09-20 23:30,11,3,8,0,0,0
2025-09-20 23:45,17,6,11,0,0,0
2025-09-21 00:00,17,3,14,0,0,0
2025-09-21 00:15,20,6,14,0,0,0
2025-09-21 00:30,21,7,14,0,0,0
2025-09-21 00:45,14,4,10,0,0,0
2025-09-21 01:00,3,3,0,0,0,0
2025-09-21 01:15,15,6,9,0,0,0
2025-09-21 01:30,7,7,0,0,0,0
2025-09-21 01:45,3,0,3,0,0,0
