Datetime,100034981 (Weseler Straße),101034981 (Weseler Straße stadteinwärts),102034981 (Weseler Straße stadtauswärts),100034981-status,101034981-status,102034981-status
2022-11-01 00:00,21,15,6,0,0,0
2022-11-01 00:15,25,12,13,0,0,0
2022-11-01 00:30,18,11,7,0,0,0
2022-11-01 00:45,36,20,16,0,0,0
2022-11-01 01:00,32,20,12,0,0,0
2022-11-01 01:15,19,6,13,0,0,0
2022-11-01 01:30,22,10,12,0,0,0
2022-11-01 01:45,14,4,10,0,0,0
2022-11-01 02:00,19,8,11,0,0,0
2022-11-01 02:15,18,4,14,0,0,0
2022-11-01 02:30,22,5,17,0,0,0
2022-11-01 02:45,12,3,9,0,0,0
2022-11-01 03:00,9,4,5,0,0,0
2022-11-01 03:15,28,15,13,0,0,0
2022-11-01 03:30,16,7,9,0,0,0
2022-11-01 03:45,8,2,6,0,0,0
2022-11-01 04:00,11,3,8,0,0,0
2022-11-01 04:15,8,1,7,0,0,0
2022-11-01 04:30,9,6,3,0,0,0
2022-11-01 04:45,8,2,6,0,0,0
2022-11-01 05:00,7,3,4,0,0,0
2022-11-01 05:15,6,0,6,0,0,0
2022-11-01 05:30,7,2,5,0,0,0
2022-11-01 05:45,2,1,1,0,0,0
2022-11-01 06:00,5,1,4,0,0,0
2022-11-01 06:15,5,3,2,0,0,0
2022-11-01 06:30,7,3,4,0,0,0
2022-11-01 06:45,3,3,0,0,0,0
2022-11-01 07:00,2,1,1,0,0,0
2022-11-01 07:15,3,2,1,0,0,0
2022-11-01 07:30,6,4,2,0,0,0
2022-11-01 07:45,3,3,0,0,0,0
2022-11-01 08:00,13,9,4,0,0,0
2022-11-01 08:15,6,4,2,0,0,0
2022-11-01 08:30,6,4,2,0,0,0
2022-11-01 08:45,8,4,4,0,0,0
2022-11-01 09:00,13,9,4,0,0,0
2022-11-01 09:15,12,7,5,0,0,0
2022-11-01 09:30,11,7,4,0,0,0
2022-11-01 09:45,34,27,7,0,0,0
2022-11-01 10:00,11,7,4,0,0,0
2022-11-01 10:15,18,16,2,0,0,0
2022-11-01 10:30,28,16,12,0,0,0
2022-11-01 10:45,33,22,11,0,0,0
2022-11-01 11:00,35,14,21,0,0,0
2022-11-01 11:15,24,23,1,0,0,0
2022-11-01 11:30,28,23,5,0,0,0
2022-11-01 11:45,25,17,8,0,0,0
2022-11-01 12:00,19,11,8,0,0,0
2022-11-01 12:15,29,21,8,0,0,0
2022-11-01 12:30,25,17,8,0,0,0
2022-11-01 12:45,47,36,11,0,0,0
2022-11-01 13:00,35,24,11,0,0,0
2022-11-01 13:15,34,20,14,0,0,0
2022-11-01 13:30,43,27,16,0,0,0
2022-11-01 13:45,41,32,9,0,0,0
2022-11-01 14:00,34,24,10,0,0,0
2022-11-01 14:15,45,24,21,0,0,0
2022-11-01 14:30,40,28,12,0,0,0
2022-11-01 14:45,29,17,12,0,0,0
2022-11-01 15:00,27,17,10,0,0,0
2022-11-01 15:15,32,24,8,0,0,0
2022-11-01 15:30,33,21,12,0,0,0
2022-11-01 15:45,40,24,16,0,0,0
2022-11-01 16:00,35,21,14,0,0,0
2022-11-01 16:15,27,13,14,0,0,0
2022-11-01 16:30,27,11,16,0,0,0
2022-11-01 16:45,44,30,14,0,0,0
2022-11-01 17:00,30,21,9,0,0,0
2022-11-01 17:15,41,25,16,0,0,0
2022-11-01 17:30,48,34,14,0,0,0
2022-11-01 17:45,52,26,26,0,0,0
2022-11-01 18:00,31,15,16,0,0,0
2022-11-01 18:15,30,12,18,0,0,0
2022-11-01 18:30,21,12,9,0,0,0
2022-11-01 18:45,36,17,19,0,0,0
2022-11-01 19:00,31,22,9,0,0,0
2022-11-01 19:15,29,15,14,0,0,0
2022-11-01 19:30,27,16,11,0,0,0
2022-11-01 19:45,22,13,9,0,0,0
2022-11-01 20:00,18,9,9,0,0,0
2022-11-01 20:15,18,8,10,0,0,0
2022-11-01 20:30,20,8,12,0,0,0
2022-11-01 20:45,6,2,4,0,0,0
2022-11-01 21:00,11,8,3,0,0,0
2022-11-01 21:15,10,6,4,0,0,0
2022-11-01 21:30,12,6,6,0,0,0
2022-11-01 21:45,14,9,5,0,0,0
2022-11-01 22:00,8,2,6,0,0,0
2022-11-01 22:15,5,3,2,0,0,0
2022-11-01 22:30,14,6,8,0,0,0
2022-11-01 22:45,9,4,5,0,0,0
2022-11-01 23:00,4,3,1,0,0,0
2022-11-01 23:15,3,2,1,0,0,0
2022-11-01 23:30,4,0,4,0,0,0
2022-11-01 23:45,6,4,2,0,0,0
2022-11-02 00:00,1,0,1,0,0,0
2022-11-02 00:15,7,4,3,0,0,0
2022-11-02 00:30,2,0,2,0,0,0
2022-11-02 00:45,3,1,2,0,0,0
2022-11-02 01:00,0,0,0,0,0,0
2022-11-02 01:15,1,1,0,0,0,0
2022-11-02 01:30,0,0,0,0,0,0
2022-11-02 01:45,1,1,0,0,0,0
2022-11-02 02:00,0,0,0,0,0,0
2022-11-02 02:15,0,0,0,0,0,0
2022-11-02 02:30,0,0,0,0,0,0
2022-11-02 02:45,0,0,0,0,0,0
2022-11-02 03:00,2,0,2,0,0,0
2022-11-02 03:15,0,0,0,0,0,0
2022-11-02 03:30,1,0,1,0,0,0
2022-11-02 03:45,1,1,0,0,0,0
2022-11-02 04:00,1,1,0,0,0,0
2022-11-02 04:15,0,0,0,0,0,0
2022-11-02 04:30,2,2,0,0,0,0
2022-11-02 04:45,9,6,3,0,0,0
2022-11-02 05:00,1,1,0,0,0,0
2022-11-02 05:15,10,5,5,0,0,0
2022-11-02 05:30,9,7,2,0,0,0
2022-11-02 05:45,13,7,6,0,0,0
2022-11-02 06:00,3,2,1,0,0,0
2022-11-02 06:15,22,14,8,0,0,0
2022-11-02 06:30,33,19,14,0,0,0
2022-11-02 06:45,54,29,25,0,0,0
2022-11-02 07:00,68,40,28,0,0,0
2022-11-02 07:15,93,58,35,0,0,0
2022-11-02 07:30,181,92,89,0,0,0
2022-11-02 07:45,147,83,64,0,0,0
2022-11-02 08:00,121,70,51,0,0,0
2022-11-02 08:15,106,60,46,0,0,0
2022-11-02 08:30,82,40,42,0,0,0
2022-11-02 08:45,89,55,34,0,0,0
2022-11-02 09:00,57,42,15,0,0,0
2022-11-02 09:15,49,36,13,0,0,0
2022-11-02 09:30,65,50,15,0,0,0
2022-11-02 09:45,76,52,24,0,0,0
2022-11-02 10:00,59,36,23,0,0,0
2022-11-02 10:15,41,32,9,0,0,0
2022-11-02 10:30,48,32,16,0,0,0
2022-11-02 10:45,54,39,15,0,0,0
2022-11-02 11:00,59,33,26,0,0,0
2022-11-02 11:15,60,45,15,0,0,0
2022-11-02 11:30,53,37,16,0,0,0
2022-11-02 11:45,73,51,22,0,0,0
2022-11-02 12:00,67,36,31,0,0,0
2022-11-02 12:15,68,46,22,0,0,0
2022-11-02 12:30,74,42,32,0,0,0
2022-11-02 12:45,67,43,24,0,0,0
2022-11-02 13:00,58,28,30,0,0,0
2022-11-02 13:15,58,30,28,0,0,0
2022-11-02 13:30,63,44,19,0,0,0
2022-11-02 13:45,75,50,25,0,0,0
2022-11-02 14:00,69,32,37,0,0,0
2022-11-02 14:15,61,24,37,0,0,0
2022-11-02 14:30,78,53,25,0,0,0
2022-11-02 14:45,66,44,22,0,0,0
2022-11-02 15:00,78,36,42,0,0,0
2022-11-02 15:15,75,50,25,0,0,0
2022-11-02 15:30,76,54,22,0,0,0
2022-11-02 15:45,111,64,47,0,0,0
2022-11-02 16:00,97,61,36,0,0,0
2022-11-02 16:15,87,58,29,0,0,0
2022-11-02 16:30,74,46,28,0,0,0
2022-11-02 16:45,83,53,30,0,0,0
2022-11-02 17:00,85,53,32,0,0,0
2022-11-02 17:15,99,54,45,0,0,0
2022-11-02 17:30,103,57,46,0,0,0
2022-11-02 17:45,113,66,47,0,0,0
2022-11-02 18:00,87,47,40,0,0,0
2022-11-02 18:15,73,45,28,0,0,0
2022-11-02 18:30,66,37,29,0,0,0
2022-11-02 18:45,74,48,26,0,0,0
2022-11-02 19:00,58,30,28,0,0,0
2022-11-02 19:15,62,31,31,0,0,0
2022-11-02 19:30,60,20,40,0,0,0
2022-11-02 19:45,50,31,19,0,0,0
2022-11-02 20:00,43,20,23,0,0,0
2022-11-02 20:15,61,29,32,0,0,0
2022-11-02 20:30,41,21,20,0,0,0
2022-11-02 20:45,24,15,9,0,0,0
2022-11-02 21:00,30,19,11,0,0,0
2022-11-02 21:15,37,21,16,0,0,0
2022-11-02 21:30,27,18,9,0,0,0
2022-11-02 21:45,19,9,10,0,0,0
2022-11-02 22:00,28,8,20,0,0,0
2022-11-02 22:15,26,14,12,0,0,0
2022-11-02 22:30,30,12,18,0,0,0
2022-11-02 22:45,23,10,13,0,0,0
2022-11-02 23:00,12,5,7,0,0,0
2022-11-02 23:15,14,5,9,0,0,0
2022-11-02 23:30,18,10,8,0,0,0
2022-11-02 23:45,10,7,3,0,0,0
2022-11-03 00:00,6,2,4,0,0,0
2022-11-03 00:15,10,2,8,0,0,0
2022-11-03 00:30,13,3,10,0,0,0
2022-11-03 00:45,8,2,6,0,0,0
2022-11-03 01:00,4,0,4,0,0,0
2022-11-03 01:15,5,1,4,0,0,0
2022-11-03 01:30,8,3,5,0,0,0
2022-11-03 01:45,6,4,2,0,0,0
2022-11-03 02:00,5,0,5,0,0,0
2022-11-03 02:15,2,0,2,0,0,0
2022-11-03 02:30,1,1,0,0,0,0
2022-11-03 02:45,3,1,2,0,0,0
2022-11-03 03:00,6,3,3,0,0,0
2022-11-03 03:15,0,0,0,0,0,0
2022-11-03 03:30,2,0,2,0,0,0
2022-11-03 03:45,0,0,0,0,0,0
2022-11-03 04:00,2,1,1,0,0,0
2022-11-03 04:15,3,3,0,0,0,0
2022-11-03 04:30,3,2,1,0,0,0
2022-11-03 04:45,5,3,2,0,0,0
2022-11-03 05:00,5,3,2,0,0,0
2022-11-03 05:15,3,1,2,0,0,0
2022-11-03 05:30,12,6,6,0,0,0
2022-11-03 05:45,13,7,6,0,0,0
2022-11-03 06:00,6,4,2,0,0,0
2022-11-03 06:15,25,16,9,0,0,0
2022-11-03 06:30,24,14,10,0,0,0
2022-11-03 06:45,44,17,27,0,0,0
2022-11-03 07:00,46,26,20,0,0,0
2022-11-03 07:15,102,65,37,0,0,0
2022-11-03 07:30,189,118,71,0,0,0
2022-11-03 07:45,139,66,73,0,0,0
2022-11-03 08:00,76,40,36,0,0,0
2022-11-03 08:15,89,43,46,0,0,0
2022-11-03 08:30,85,36,49,0,0,0
2022-11-03 08:45,73,37,36,0,0,0
2022-11-03 09:00,41,25,16,0,0,0
2022-11-03 09:15,36,26,10,0,0,0
2022-11-03 09:30,53,41,12,0,0,0
2022-11-03 09:45,55,41,14,0,0,0
2022-11-03 10:00,42,24,18,0,0,0
2022-11-03 10:15,48,29,19,0,0,0
2022-11-03 10:30,44,27,17,0,0,0
2022-11-03 10:45,29,16,13,0,0,0
2022-11-03 11:00,36,24,12,0,0,0
2022-11-03 11:15,46,33,13,0,0,0
2022-11-03 11:30,46,28,18,0,0,0
2022-11-03 11:45,43,24,19,0,0,0
2022-11-03 12:00,48,23,25,0,0,0
2022-11-03 12:15,64,31,33,0,0,0
2022-11-03 12:30,60,30,30,0,0,0
2022-11-03 12:45,65,44,21,0,0,0
2022-11-03 13:00,57,32,25,0,0,0
2022-11-03 13:15,60,29,31,0,0,0
2022-11-03 13:30,64,40,24,0,0,0
2022-11-03 13:45,58,32,26,0,0,0
2022-11-03 14:00,71,43,28,0,0,0
2022-11-03 14:15,62,37,25,0,0,0
2022-11-03 14:30,66,41,25,0,0,0
2022-11-03 14:45,52,24,28,0,0,0
2022-11-03 15:00,71,50,21,0,0,0
2022-11-03 15:15,64,43,21,0,0,0
2022-11-03 15:30,84,59,25,0,0,0
2022-11-03 15:45,109,82,27,0,0,0
2022-11-03 16:00,100,70,30,0,0,0
2022-11-03 16:15,106,78,28,0,0,0
2022-11-03 16:30,98,65,33,0,0,0
2022-11-03 16:45,88,63,25,0,0,0
2022-11-03 17:00,86,54,32,0,0,0
2022-11-03 17:15,67,42,25,0,0,0
2022-11-03 17:30,62,32,30,0,0,0
2022-11-03 17:45,91,49,42,0,0,0
2022-11-03 18:00,81,48,33,0,0,0
2022-11-03 18:15,57,31,26,0,0,0
2022-11-03 18:30,76,47,29,0,0,0
2022-11-03 18:45,57,38,19,0,0,0
2022-11-03 19:00,66,34,32,0,0,0
2022-11-03 19:15,47,25,22,0,0,0
2022-11-03 19:30,55,29,26,0,0,0
2022-11-03 19:45,62,37,25,0,0,0
2022-11-03 20:00,29,16,13,0,0,0
2022-11-03 20:15,43,22,21,0,0,0
2022-11-03 20:30,43,21,22,0,0,0
2022-11-03 20:45,24,11,13,0,0,0
2022-11-03 21:00,20,11,9,0,0,0
2022-11-03 21:15,29,16,13,0,0,0
2022-11-03 21:30,26,20,6,0,0,0
2022-11-03 21:45,22,12,10,0,0,0
2022-11-03 22:00,26,13,13,0,0,0
2022-11-03 22:15,30,12,18,0,0,0
2022-11-03 22:30,14,7,7,0,0,0
2022-11-03 22:45,22,11,11,0,0,0
2022-11-03 23:00,12,9,3,0,0,0
2022-11-03 23:15,23,14,9,0,0,0
2022-11-03 23:30,12,6,6,0,0,0
2022-11-03 23:45,16,6,10,0,0,0
2022-11-04 00:00,6,3,3,0,0,0
2022-11-04 00:15,4,2,2,0,0,0
2022-11-04 00:30,6,2,4,0,0,0
2022-11-04 00:45,4,2,2,0,0,0
2022-11-04 01:00,7,3,4,0,0,0
2022-11-04 01:15,1,0,1,0,0,0
2022-11-04 01:30,2,1,1,0,0,0
2022-11-04 01:45,2,0,2,0,0,0
2022-11-04 02:00,3,0,3,0,0,0
2022-11-04 02:15,1,1,0,0,0,0
2022-11-04 02:30,2,1,1,0,0,0
2022-11-04 02:45,4,1,3,0,0,0
2022-11-04 03:00,2,0,2,0,0,0
2022-11-04 03:15,0,0,0,0,0,0
2022-11-04 03:30,4,0,4,0,0,0
2022-11-04 03:45,2,0,2,0,0,0
2022-11-04 04:00,5,2,3,0,0,0
2022-11-04 04:15,2,0,2,0,0,0
2022-11-04 04:30,3,2,1,0,0,0
2022-11-04 04:45,7,4,3,0,0,0
2022-11-04 05:00,2,1,1,0,0,0
2022-11-04 05:15,7,5,2,0,0,0
2022-11-04 05:30,4,3,1,0,0,0
2022-11-04 05:45,10,7,3,0,0,0
2022-11-04 06:00,5,2,3,0,0,0
2022-11-04 06:15,19,11,8,0,0,0
2022-11-04 06:30,30,21,9,0,0,0
2022-11-04 06:45,33,21,12,0,0,0
2022-11-04 07:00,37,25,12,0,0,0
2022-11-04 07:15,62,43,19,0,0,0
2022-11-04 07:30,147,86,61,0,0,0
2022-11-04 07:45,101,49,52,0,0,0
2022-11-04 08:00,60,26,34,0,0,0
2022-11-04 08:15,79,37,42,0,0,0
2022-11-04 08:30,63,33,30,0,0,0
2022-11-04 08:45,64,37,27,0,0,0
2022-11-04 09:00,45,25,20,0,0,0
2022-11-04 09:15,54,38,16,0,0,0
2022-11-04 09:30,50,34,16,0,0,0
2022-11-04 09:45,52,34,18,0,0,0
2022-11-04 10:00,40,32,8,0,0,0
2022-11-04 10:15,30,22,8,0,0,0
2022-11-04 10:30,44,30,14,0,0,0
2022-11-04 10:45,34,21,13,0,0,0
2022-11-04 11:00,42,27,15,0,0,0
2022-11-04 11:15,32,21,11,0,0,0
2022-11-04 11:30,55,33,22,0,0,0
2022-11-04 11:45,61,44,17,0,0,0
2022-11-04 12:00,50,31,19,0,0,0
2022-11-04 12:15,77,54,23,0,0,0
2022-11-04 12:30,57,28,29,0,0,0
2022-11-04 12:45,51,37,14,0,0,0
2022-11-04 13:00,57,27,30,0,0,0
2022-11-04 13:15,60,31,29,0,0,0
2022-11-04 13:30,40,20,20,0,0,0
2022-11-04 13:45,53,36,17,0,0,0
2022-11-04 14:00,61,37,24,0,0,0
2022-11-04 14:15,62,38,24,0,0,0
2022-11-04 14:30,64,42,22,0,0,0
2022-11-04 14:45,55,31,24,0,0,0
2022-11-04 15:00,66,40,26,0,0,0
2022-11-04 15:15,66,41,25,0,0,0
2022-11-04 15:30,70,42,28,0,0,0
2022-11-04 15:45,61,37,24,0,0,0
2022-11-04 16:00,67,39,28,0,0,0
2022-11-04 16:15,54,39,15,0,0,0
2022-11-04 16:30,60,45,15,0,0,0
2022-11-04 16:45,62,34,28,0,0,0
2022-11-04 17:00,69,46,23,0,0,0
2022-11-04 17:15,51,37,14,0,0,0
2022-11-04 17:30,46,34,12,0,0,0
2022-11-04 17:45,67,53,14,0,0,0
2022-11-04 18:00,66,34,32,0,0,0
2022-11-04 18:15,44,27,17,0,0,0
2022-11-04 18:30,44,25,19,0,0,0
2022-11-04 18:45,59,38,21,0,0,0
2022-11-04 19:00,40,22,18,0,0,0
2022-11-04 19:15,48,21,27,0,0,0
2022-11-04 19:30,45,25,20,0,0,0
2022-11-04 19:45,62,44,18,0,0,0
2022-11-04 20:00,35,19,16,0,0,0
2022-11-04 20:15,31,17,14,0,0,0
2022-11-04 20:30,36,19,17,0,0,0
2022-11-04 20:45,27,17,10,0,0,0
2022-11-04 21:00,21,11,10,0,0,0
2022-11-04 21:15,25,16,9,0,0,0
2022-11-04 21:30,22,10,12,0,0,0
2022-11-04 21:45,38,12,26,0,0,0
2022-11-04 22:00,19,10,9,0,0,0
2022-11-04 22:15,19,3,16,0,0,0
2022-11-04 22:30,18,9,9,0,0,0
2022-11-04 22:45,21,7,14,0,0,0
2022-11-04 23:00,10,1,9,0,0,0
2022-11-04 23:15,22,11,11,0,0,0
2022-11-04 23:30,24,11,13,0,0,0
2022-11-04 23:45,13,6,7,0,0,0
2022-11-05 00:00,11,3,8,0,0,0
2022-11-05 00:15,40,21,19,0,0,0
2022-11-05 00:30,21,8,13,0,0,0
2022-11-05 00:45,10,3,7,0,0,0
2022-11-05 01:00,13,5,8,0,0,0
2022-11-05 01:15,7,2,5,0,0,0
2022-11-05 01:30,11,8,3,0,0,0
2022-11-05 01:45,12,6,6,0,0,0
2022-11-05 02:00,8,1,7,0,0,0
2022-11-05 02:15,9,4,5,0,0,0
2022-11-05 02:30,2,1,1,0,0,0
2022-11-05 02:45,5,2,3,0,0,0
2022-11-05 03:00,14,2,12,0,0,0
2022-11-05 03:15,2,1,1,0,0,0
2022-11-05 03:30,4,1,3,0,0,0
2022-11-05 03:45,7,4,3,0,0,0
2022-11-05 04:00,4,3,1,0,0,0
2022-11-05 04:15,2,0,2,0,0,0
2022-11-05 04:30,4,0,4,0,0,0
2022-11-05 04:45,4,3,1,0,0,0
2022-11-05 05:00,6,4,2,0,0,0
2022-11-05 05:15,2,1,1,0,0,0
2022-11-05 05:30,5,3,2,0,0,0
2022-11-05 05:45,7,6,1,0,0,0
2022-11-05 06:00,1,0,1,0,0,0
2022-11-05 06:15,6,4,2,0,0,0
2022-11-05 06:30,5,4,1,0,0,0
2022-11-05 06:45,6,4,2,0,0,0
2022-11-05 07:00,4,0,4,0,0,0
2022-11-05 07:15,9,6,3,0,0,0
2022-11-05 07:30,8,3,5,0,0,0
2022-11-05 07:45,18,9,9,0,0,0
2022-11-05 08:00,14,9,5,0,0,0
2022-11-05 08:15,12,8,4,0,0,0
2022-11-05 08:30,29,20,9,0,0,0
2022-11-05 08:45,30,23,7,0,0,0
2022-11-05 09:00,19,15,4,0,0,0
2022-11-05 09:15,28,24,4,0,0,0
2022-11-05 09:30,32,29,3,0,0,0
2022-11-05 09:45,43,31,12,0,0,0
2022-11-05 10:00,40,30,10,0,0,0
2022-11-05 10:15,44,34,10,0,0,0
2022-11-05 10:30,39,28,11,0,0,0
2022-11-05 10:45,45,29,16,0,0,0
2022-11-05 11:00,37,31,6,0,0,0
2022-11-05 11:15,40,32,8,0,0,0
2022-11-05 11:30,43,32,11,0,0,0
2022-11-05 11:45,57,41,16,0,0,0
2022-11-05 12:00,59,40,19,0,0,0
2022-11-05 12:15,56,38,18,0,0,0
2022-11-05 12:30,48,37,11,0,0,0
2022-11-05 12:45,40,30,10,0,0,0
2022-11-05 13:00,56,28,28,0,0,0
2022-11-05 13:15,64,40,24,0,0,0
2022-11-05 13:30,42,29,13,0,0,0
2022-11-05 13:45,63,46,17,0,0,0
2022-11-05 14:00,68,42,26,0,0,0
2022-11-05 14:15,50,32,18,0,0,0
2022-11-05 14:30,30,12,18,0,0,0
2022-11-05 14:45,55,31,24,0,0,0
2022-11-05 15:00,43,27,16,0,0,0
2022-11-05 15:15,46,24,22,0,0,0
2022-11-05 15:30,40,28,12,0,0,0
2022-11-05 15:45,51,27,24,0,0,0
2022-11-05 16:00,40,21,19,0,0,0
2022-11-05 16:15,26,13,13,0,0,0
2022-11-05 16:30,45,20,25,0,0,0
2022-11-05 16:45,48,30,18,0,0,0
2022-11-05 17:00,39,29,10,0,0,0
2022-11-05 17:15,42,26,16,0,0,0
2022-11-05 17:30,54,34,20,0,0,0
2022-11-05 17:45,68,43,25,0,0,0
2022-11-05 18:00,44,17,27,0,0,0
2022-11-05 18:15,34,16,18,0,0,0
2022-11-05 18:30,47,21,26,0,0,0
2022-11-05 18:45,43,25,18,0,0,0
2022-11-05 19:00,35,27,8,0,0,0
2022-11-05 19:15,31,18,13,0,0,0
2022-11-05 19:30,23,11,12,0,0,0
2022-11-05 19:45,39,31,8,0,0,0
2022-11-05 20:00,37,20,17,0,0,0
2022-11-05 20:15,30,13,17,0,0,0
2022-11-05 20:30,27,16,11,0,0,0
2022-11-05 20:45,31,13,18,0,0,0
2022-11-05 21:00,26,12,14,0,0,0
2022-11-05 21:15,21,14,7,0,0,0
2022-11-05 21:30,21,9,12,0,0,0
2022-11-05 21:45,22,5,17,0,0,0
2022-11-05 22:00,18,10,8,0,0,0
2022-11-05 22:15,20,9,11,0,0,0
2022-11-05 22:30,18,7,11,0,0,0
2022-11-05 22:45,18,6,12,0,0,0
2022-11-05 23:00,18,8,10,0,0,0
2022-11-05 23:15,25,7,18,0,0,0
2022-11-05 23:30,10,4,6,0,0,0
2022-11-05 23:45,15,12,3,0,0,0
2022-11-06 00:00,10,7,3,0,0,0
2022-11-06 00:15,16,6,10,0,0,0
2022-11-06 00:30,14,12,2,0,0,0
2022-11-06 00:45,12,5,7,0,0,0
2022-11-06 01:00,15,3,12,0,0,0
2022-11-06 01:15,12,9,3,0,0,0
2022-11-06 01:30,12,4,8,0,0,0
2022-11-06 01:45,12,5,7,0,0,0
2022-11-06 02:00,14,6,8,0,0,0
2022-11-06 02:15,3,3,0,0,0,0
2022-11-06 02:30,13,1,12,0,0,0
2022-11-06 02:45,9,3,6,0,0,0
2022-11-06 03:00,3,2,1,0,0,0
2022-11-06 03:15,14,6,8,0,0,0
2022-11-06 03:30,13,2,11,0,0,0
2022-11-06 03:45,2,1,1,0,0,0
2022-11-06 04:00,7,5,2,0,0,0
2022-11-06 04:15,0,0,0,0,0,0
2022-11-06 04:30,2,0,2,0,0,0
2022-11-06 04:45,3,2,1,0,0,0
2022-11-06 05:00,1,1,0,0,0,0
2022-11-06 05:15,0,0,0,0,0,0
2022-11-06 05:30,2,1,1,0,0,0
2022-11-06 05:45,3,2,1,0,0,0
2022-11-06 06:00,1,1,0,0,0,0
2022-11-06 06:15,2,2,0,0,0,0
2022-11-06 06:30,0,0,0,0,0,0
2022-11-06 06:45,5,2,3,0,0,0
2022-11-06 07:00,0,0,0,0,0,0
2022-11-06 07:15,4,1,3,0,0,0
2022-11-06 07:30,4,3,1,0,0,0
2022-11-06 07:45,8,4,4,0,0,0
2022-11-06 08:00,3,2,1,0,0,0
2022-11-06 08:15,6,3,3,0,0,0
2022-11-06 08:30,6,4,2,0,0,0
2022-11-06 08:45,13,9,4,0,0,0
2022-11-06 09:00,11,4,7,0,0,0
2022-11-06 09:15,9,5,4,0,0,0
2022-11-06 09:30,7,5,2,0,0,0
2022-11-06 09:45,36,33,3,0,0,0
2022-11-06 10:00,21,12,9,0,0,0
2022-11-06 10:15,20,16,4,0,0,0
2022-11-06 10:30,25,21,4,0,0,0
2022-11-06 10:45,23,9,14,0,0,0
2022-11-06 11:00,17,11,6,0,0,0
2022-11-06 11:15,22,18,4,0,0,0
2022-11-06 11:30,32,19,13,0,0,0
2022-11-06 11:45,26,17,9,0,0,0
2022-11-06 12:00,40,24,16,0,0,0
2022-11-06 12:15,44,26,18,0,0,0
2022-11-06 12:30,30,13,17,0,0,0
2022-11-06 12:45,29,23,6,0,0,0
2022-11-06 13:00,40,21,19,0,0,0
2022-11-06 13:15,25,15,10,0,0,0
2022-11-06 13:30,29,12,17,0,0,0
2022-11-06 13:45,36,26,10,0,0,0
2022-11-06 14:00,16,8,8,0,0,0
2022-11-06 14:15,35,18,17,0,0,0
2022-11-06 14:30,31,17,14,0,0,0
2022-11-06 14:45,48,28,20,0,0,0
2022-11-06 15:00,44,29,15,0,0,0
2022-11-06 15:15,31,22,9,0,0,0
2022-11-06 15:30,35,18,17,0,0,0
2022-11-06 15:45,44,26,18,0,0,0
2022-11-06 16:00,39,23,16,0,0,0
2022-11-06 16:15,26,17,9,0,0,0
2022-11-06 16:30,30,18,12,0,0,0
2022-11-06 16:45,32,19,13,0,0,0
2022-11-06 17:00,22,14,8,0,0,0
2022-11-06 17:15,38,29,9,0,0,0
2022-11-06 17:30,33,13,20,0,0,0
2022-11-06 17:45,29,20,9,0,0,0
2022-11-06 18:00,27,17,10,0,0,0
2022-11-06 18:15,27,19,8,0,0,0
2022-11-06 18:30,34,23,11,0,0,0
2022-11-06 18:45,14,9,5,0,0,0
2022-11-06 19:00,16,6,10,0,0,0
2022-11-06 19:15,17,10,7,0,0,0
2022-11-06 19:30,20,10,10,0,0,0
2022-11-06 19:45,23,13,10,0,0,0
2022-11-06 20:00,19,10,9,0,0,0
2022-11-06 20:15,19,8,11,0,0,0
2022-11-06 20:30,21,12,9,0,0,0
2022-11-06 20:45,10,5,5,0,0,0
2022-11-06 21:00,13,7,6,0,0,0
2022-11-06 21:15,17,5,12,0,0,0
2022-11-06 21:30,18,7,11,0,0,0
2022-11-06 21:45,7,2,5,0,0,0
2022-11-06 22:00,10,6,4,0,0,0
2022-11-06 22:15,14,8,6,0,0,0
2022-11-06 22:30,10,6,4,0,0,0
2022-11-06 22:45,10,4,6,0,0,0
2022-11-06 23:00,4,1,3,0,0,0
2022-11-06 23:15,7,1,6,0,0,0
2022-11-06 23:30,5,2,3,0,0,0
2022-11-06 23:45,4,0,4,0,0,0
2022-11-07 00:00,1,0,1,0,0,0
2022-11-07 00:15,3,2,1,0,0,0
2022-11-07 00:30,6,5,1,0,0,0
2022-11-07 00:45,1,0,1,0,0,0
2022-11-07 01:00,3,3,0,0,0,0
2022-11-07 01:15,2,1,1,0,0,0
2022-11-07 01:30,2,0,2,0,0,0
2022-11-07 01:45,0,0,0,0,0,0
2022-11-07 02:00,1,0,1,0,0,0
2022-11-07 02:15,1,0,1,0,0,0
2022-11-07 02:30,2,1,1,0,0,0
2022-11-07 02:45,1,0,1,0,0,0
2022-11-07 03:00,2,0,2,0,0,0
2022-11-07 03:15,2,1,1,0,0,0
2022-11-07 03:30,2,2,0,0,0,0
2022-11-07 03:45,1,0,1,0,0,0
2022-11-07 04:00,1,1,0,0,0,0
2022-11-07 04:15,2,1,1,0,0,0
2022-11-07 04:30,1,1,0,0,0,0
2022-11-07 04:45,5,4,1,0,0,0
2022-11-07 05:00,1,1,0,0,0,0
2022-11-07 05:15,8,4,4,0,0,0
2022-11-07 05:30,9,5,4,0,0,0
2022-11-07 05:45,10,6,4,0,0,0
2022-11-07 06:00,13,5,8,0,0,0
2022-11-07 06:15,20,10,10,0,0,0
2022-11-07 06:30,30,13,17,0,0,0
2022-11-07 06:45,52,17,35,0,0,0
2022-11-07 07:00,55,28,27,0,0,0
2022-11-07 07:15,93,61,32,0,0,0
2022-11-07 07:30,145,91,54,0,0,0
2022-11-07 07:45,148,72,76,0,0,0
2022-11-07 08:00,113,72,41,0,0,0
2022-11-07 08:15,112,66,46,0,0,0
2022-11-07 08:30,80,47,33,0,0,0
2022-11-07 08:45,94,62,32,0,0,0
2022-11-07 09:00,60,43,17,0,0,0
2022-11-07 09:15,37,22,15,0,0,0
2022-11-07 09:30,61,47,14,0,0,0
2022-11-07 09:45,73,43,30,0,0,0
2022-11-07 10:00,73,49,24,0,0,0
2022-11-07 10:15,30,23,7,0,0,0
2022-11-07 10:30,33,22,11,0,0,0
2022-11-07 10:45,41,29,12,0,0,0
2022-11-07 11:00,40,25,15,0,0,0
2022-11-07 11:15,39,29,10,0,0,0
2022-11-07 11:30,51,35,16,0,0,0
2022-11-07 11:45,61,41,20,0,0,0
2022-11-07 12:00,74,50,24,0,0,0
2022-11-07 12:15,57,39,18,0,0,0
2022-11-07 12:30,41,18,23,0,0,0
2022-11-07 12:45,53,27,26,0,0,0
2022-11-07 13:00,49,33,16,0,0,0
2022-11-07 13:15,56,27,29,0,0,0
2022-11-07 13:30,45,24,21,0,0,0
2022-11-07 13:45,83,54,29,0,0,0
2022-11-07 14:00,60,42,18,0,0,0
2022-11-07 14:15,53,29,24,0,0,0
2022-11-07 14:30,48,27,21,0,0,0
2022-11-07 14:45,53,36,17,0,0,0
2022-11-07 15:00,73,36,37,0,0,0
2022-11-07 15:15,62,37,25,0,0,0
2022-11-07 15:30,88,44,44,0,0,0
2022-11-07 15:45,112,68,44,0,0,0
2022-11-07 16:00,123,81,42,0,0,0
2022-11-07 16:15,92,59,33,0,0,0
2022-11-07 16:30,74,50,24,0,0,0
2022-11-07 16:45,79,51,28,0,0,0
2022-11-07 17:00,81,50,31,0,0,0
2022-11-07 17:15,78,59,19,0,0,0
2022-11-07 17:30,84,58,26,0,0,0
2022-11-07 17:45,117,55,62,0,0,0
2022-11-07 18:00,70,32,38,0,0,0
2022-11-07 18:15,65,37,28,0,0,0
2022-11-07 18:30,58,28,30,0,0,0
2022-11-07 18:45,64,38,26,0,0,0
2022-11-07 19:00,40,25,15,0,0,0
2022-11-07 19:15,56,29,27,0,0,0
2022-11-07 19:30,60,39,21,0,0,0
2022-11-07 19:45,58,26,32,0,0,0
2022-11-07 20:00,43,21,22,0,0,0
2022-11-07 20:15,31,11,20,0,0,0
2022-11-07 20:30,26,16,10,0,0,0
2022-11-07 20:45,26,10,16,0,0,0
2022-11-07 21:00,27,14,13,0,0,0
2022-11-07 21:15,27,17,10,0,0,0
2022-11-07 21:30,31,13,18,0,0,0
2022-11-07 21:45,23,7,16,0,0,0
2022-11-07 22:00,28,9,19,0,0,0
2022-11-07 22:15,18,9,9,0,0,0
2022-11-07 22:30,19,13,6,0,0,0
2022-11-07 22:45,10,3,7,0,0,0
2022-11-07 23:00,10,8,2,0,0,0
2022-11-07 23:15,13,5,8,0,0,0
2022-11-07 23:30,7,3,4,0,0,0
2022-11-07 23:45,5,3,2,0,0,0
2022-11-08 00:00,8,2,6,0,0,0
2022-11-08 00:15,3,2,1,0,0,0
2022-11-08 00:30,4,4,0,0,0,0
2022-11-08 00:45,2,0,2,0,0,0
2022-11-08 01:00,7,3,4,0,0,0
2022-11-08 01:15,0,0,0,0,0,0
2022-11-08 01:30,1,0,1,0,0,0
2022-11-08 01:45,0,0,0,0,0,0
2022-11-08 02:00,2,0,2,0,0,0
2022-11-08 02:15,3,2,1,0,0,0
2022-11-08 02:30,0,0,0,0,0,0
2022-11-08 02:45,0,0,0,0,0,0
2022-11-08 03:00,1,0,1,0,0,0
2022-11-08 03:15,1,1,0,0,0,0
2022-11-08 03:30,0,0,0,0,0,0
2022-11-08 03:45,1,0,1,0,0,0
2022-11-08 04:00,0,0,0,0,0,0
2022-11-08 04:15,1,1,0,0,0,0
2022-11-08 04:30,3,1,2,0,0,0
2022-11-08 04:45,6,6,0,0,0,0
2022-11-08 05:00,2,2,0,0,0,0
2022-11-08 05:15,5,0,5,0,0,0
2022-11-08 05:30,9,4,5,0,0,0
2022-11-08 05:45,8,6,2,0,0,0
2022-11-08 06:00,6,5,1,0,0,0
2022-11-08 06:15,21,11,10,0,0,0
2022-11-08 06:30,35,21,14,0,0,0
2022-11-08 06:45,45,22,23,0,0,0
2022-11-08 07:00,44,21,23,0,0,0
2022-11-08 07:15,89,46,43,0,0,0
2022-11-08 07:30,174,112,62,0,0,0
2022-11-08 07:45,150,80,70,0,0,0
2022-11-08 08:00,131,73,58,0,0,0
2022-11-08 08:15,97,44,53,0,0,0
2022-11-08 08:30,95,54,41,0,0,0
2022-11-08 08:45,80,47,33,0,0,0
2022-11-08 09:00,43,28,15,0,0,0
2022-11-08 09:15,46,36,10,0,0,0
2022-11-08 09:30,52,44,8,0,0,0
2022-11-08 09:45,81,59,22,0,0,0
2022-11-08 10:00,62,53,9,0,0,0
2022-11-08 10:15,31,23,8,0,0,0
2022-11-08 10:30,50,36,14,0,0,0
2022-11-08 10:45,39,28,11,0,0,0
2022-11-08 11:00,37,28,9,0,0,0
2022-11-08 11:15,39,25,14,0,0,0
2022-11-08 11:30,44,26,18,0,0,0
2022-11-08 11:45,79,51,28,0,0,0
2022-11-08 12:00,76,49,27,0,0,0
2022-11-08 12:15,36,25,11,0,0,0
2022-11-08 12:30,38,18,20,0,0,0
2022-11-08 12:45,56,35,21,0,0,0
2022-11-08 13:00,47,22,25,0,0,0
2022-11-08 13:15,47,27,20,0,0,0
2022-11-08 13:30,48,30,18,0,0,0
2022-11-08 13:45,94,46,48,0,0,0
2022-11-08 14:00,76,42,34,0,0,0
2022-11-08 14:15,59,37,22,0,0,0
2022-11-08 14:30,54,37,17,0,0,0
2022-11-08 14:45,72,37,35,0,0,0
2022-11-08 15:00,70,39,31,0,0,0
2022-11-08 15:15,83,49,34,0,0,0
2022-11-08 15:30,78,58,20,0,0,0
2022-11-08 15:45,119,73,46,0,0,0
2022-11-08 16:00,128,76,52,0,0,0
2022-11-08 16:15,96,57,39,0,0,0
2022-11-08 16:30,101,65,36,0,0,0
2022-11-08 16:45,114,84,30,0,0,0
2022-11-08 17:00,90,55,35,0,0,0
2022-11-08 17:15,90,69,21,0,0,0
2022-11-08 17:30,90,51,39,0,0,0
2022-11-08 17:45,134,78,56,0,0,0
2022-11-08 18:00,113,73,40,0,0,0
2022-11-08 18:15,80,44,36,0,0,0
2022-11-08 18:30,64,42,22,0,0,0
2022-11-08 18:45,50,26,24,0,0,0
2022-11-08 19:00,53,31,22,0,0,0
2022-11-08 19:15,49,32,17,0,0,0
2022-11-08 19:30,44,21,23,0,0,0
2022-11-08 19:45,62,36,26,0,0,0
2022-11-08 20:00,43,21,22,0,0,0
2022-11-08 20:15,33,17,16,0,0,0
2022-11-08 20:30,26,11,15,0,0,0
2022-11-08 20:45,26,15,11,0,0,0
2022-11-08 21:00,28,14,14,0,0,0
2022-11-08 21:15,34,20,14,0,0,0
2022-11-08 21:30,15,12,3,0,0,0
2022-11-08 21:45,23,6,17,0,0,0
2022-11-08 22:00,22,5,17,0,0,0
2022-11-08 22:15,23,8,15,0,0,0
2022-11-08 22:30,17,8,9,0,0,0
2022-11-08 22:45,24,10,14,0,0,0
2022-11-08 23:00,15,4,11,0,0,0
2022-11-08 23:15,19,6,13,0,0,0
2022-11-08 23:30,12,4,8,0,0,0
2022-11-08 23:45,8,3,5,0,0,0
2022-11-09 00:00,10,3,7,0,0,0
2022-11-09 00:15,8,4,4,0,0,0
2022-11-09 00:30,5,2,3,0,0,0
2022-11-09 00:45,5,0,5,0,0,0
2022-11-09 01:00,0,0,0,0,0,0
2022-11-09 01:15,4,1,3,0,0,0
2022-11-09 01:30,1,1,0,0,0,0
2022-11-09 01:45,1,0,1,0,0,0
2022-11-09 02:00,4,1,3,0,0,0
2022-11-09 02:15,0,0,0,0,0,0
2022-11-09 02:30,1,0,1,0,0,0
2022-11-09 02:45,2,1,1,0,0,0
2022-11-09 03:00,3,0,3,0,0,0
2022-11-09 03:15,3,2,1,0,0,0
2022-11-09 03:30,0,0,0,0,0,0
2022-11-09 03:45,0,0,0,0,0,0
2022-11-09 04:00,0,0,0,0,0,0
2022-11-09 04:15,2,2,0,0,0,0
2022-11-09 04:30,4,2,2,0,0,0
2022-11-09 04:45,3,2,1,0,0,0
2022-11-09 05:00,0,0,0,0,0,0
2022-11-09 05:15,6,2,4,0,0,0
2022-11-09 05:30,10,5,5,0,0,0
2022-11-09 05:45,13,8,5,0,0,0
2022-11-09 06:00,10,8,2,0,0,0
2022-11-09 06:15,21,12,9,0,0,0
2022-11-09 06:30,35,12,23,0,0,0
2022-11-09 06:45,55,30,25,0,0,0
2022-11-09 07:00,56,35,21,0,0,0
2022-11-09 07:15,92,53,39,0,0,0
2022-11-09 07:30,146,78,68,0,0,0
2022-11-09 07:45,144,76,68,0,0,0
2022-11-09 08:00,108,61,47,0,0,0
2022-11-09 08:15,95,50,45,0,0,0
2022-11-09 08:30,95,52,43,0,0,0
2022-11-09 08:45,84,50,34,0,0,0
2022-11-09 09:00,44,33,11,0,0,0
2022-11-09 09:15,35,24,11,0,0,0
2022-11-09 09:30,55,42,13,0,0,0
2022-11-09 09:45,89,68,21,0,0,0
2022-11-09 10:00,59,40,19,0,0,0
2022-11-09 10:15,45,37,8,0,0,0
2022-11-09 10:30,51,38,13,0,0,0
2022-11-09 10:45,45,32,13,0,0,0
2022-11-09 11:00,61,40,21,0,0,0
2022-11-09 11:15,45,36,9,0,0,0
2022-11-09 11:30,49,39,10,0,0,0
2022-11-09 11:45,65,40,25,0,0,0
2022-11-09 12:00,69,41,28,0,0,0
2022-11-09 12:15,44,34,10,0,0,0
2022-11-09 12:30,65,45,20,0,0,0
2022-11-09 12:45,75,49,26,0,0,0
2022-11-09 13:00,53,28,25,0,0,0
2022-11-09 13:15,59,34,25,0,0,0
2022-11-09 13:30,57,36,21,0,0,0
2022-11-09 13:45,81,46,35,0,0,0
2022-11-09 14:00,63,31,32,0,0,0
2022-11-09 14:15,55,26,29,0,0,0
2022-11-09 14:30,69,34,35,0,0,0
2022-11-09 14:45,67,43,24,0,0,0
2022-11-09 15:00,52,33,19,0,0,0
2022-11-09 15:15,74,43,31,0,0,0
2022-11-09 15:30,82,51,31,0,0,0
2022-11-09 15:45,94,57,37,0,0,0
2022-11-09 16:00,106,69,37,0,0,0
2022-11-09 16:15,98,56,42,0,0,0
2022-11-09 16:30,103,65,38,0,0,0
2022-11-09 16:45,87,55,32,0,0,0
2022-11-09 17:00,70,51,19,0,0,0
2022-11-09 17:15,103,69,34,0,0,0
2022-11-09 17:30,105,67,38,0,0,0
2022-11-09 17:45,109,69,40,0,0,0
2022-11-09 18:00,100,65,35,0,0,0
2022-11-09 18:15,81,51,30,0,0,0
2022-11-09 18:30,60,36,24,0,0,0
2022-11-09 18:45,65,36,29,0,0,0
2022-11-09 19:00,52,37,15,0,0,0
2022-11-09 19:15,67,32,35,0,0,0
2022-11-09 19:30,66,38,28,0,0,0
2022-11-09 19:45,47,26,21,0,0,0
2022-11-09 20:00,35,25,10,0,0,0
2022-11-09 20:15,41,23,18,0,0,0
2022-11-09 20:30,36,19,17,0,0,0
2022-11-09 20:45,31,13,18,0,0,0
2022-11-09 21:00,25,11,14,0,0,0
2022-11-09 21:15,33,15,18,0,0,0
2022-11-09 21:30,32,20,12,0,0,0
2022-11-09 21:45,28,14,14,0,0,0
2022-11-09 22:00,20,8,12,0,0,0
2022-11-09 22:15,22,7,15,0,0,0
2022-11-09 22:30,30,21,9,0,0,0
2022-11-09 22:45,17,4,13,0,0,0
2022-11-09 23:00,28,17,11,0,0,0
2022-11-09 23:15,23,10,13,0,0,0
2022-11-09 23:30,19,12,7,0,0,0
2022-11-09 23:45,3,1,2,0,0,0
2022-11-10 00:00,11,5,6,0,0,0
2022-11-10 00:15,13,7,6,0,0,0
2022-11-10 00:30,8,1,7,0,0,0
2022-11-10 00:45,5,0,5,0,0,0
2022-11-10 01:00,8,2,6,0,0,0
2022-11-10 01:15,10,2,8,0,0,0
2022-11-10 01:30,8,2,6,0,0,0
2022-11-10 01:45,8,3,5,0,0,0
2022-11-10 02:00,4,0,4,0,0,0
2022-11-10 02:15,4,1,3,0,0,0
2022-11-10 02:30,5,0,5,0,0,0
2022-11-10 02:45,5,2,3,0,0,0
2022-11-10 03:00,2,0,2,0,0,0
2022-11-10 03:15,3,0,3,0,0,0
2022-11-10 03:30,4,0,4,0,0,0
2022-11-10 03:45,2,0,2,0,0,0
2022-11-10 04:00,2,0,2,0,0,0
2022-11-10 04:15,3,2,1,0,0,0
2022-11-10 04:30,1,1,0,0,0,0
2022-11-10 04:45,5,2,3,0,0,0
2022-11-10 05:00,1,0,1,0,0,0
2022-11-10 05:15,4,1,3,0,0,0
2022-11-10 05:30,6,4,2,0,0,0
2022-11-10 05:45,12,6,6,0,0,0
2022-11-10 06:00,12,6,6,0,0,0
2022-11-10 06:15,24,14,10,0,0,0
2022-11-10 06:30,24,15,9,0,0,0
2022-11-10 06:45,51,23,28,0,0,0
2022-11-10 07:00,40,23,17,0,0,0
2022-11-10 07:15,98,56,42,0,0,0
2022-11-10 07:30,159,89,70,0,0,0
2022-11-10 07:45,130,67,63,0,0,0
2022-11-10 08:00,111,54,57,0,0,0
2022-11-10 08:15,86,50,36,0,0,0
2022-11-10 08:30,93,56,37,0,0,0
2022-11-10 08:45,88,48,40,0,0,0
2022-11-10 09:00,40,27,13,0,0,0
2022-11-10 09:15,47,34,13,0,0,0
2022-11-10 09:30,49,31,18,0,0,0
2022-11-10 09:45,85,62,23,0,0,0
2022-11-10 10:00,81,61,20,0,0,0
2022-11-10 10:15,40,27,13,0,0,0
2022-11-10 10:30,34,22,12,0,0,0
2022-11-10 10:45,33,23,10,0,0,0
2022-11-10 11:00,40,31,9,0,0,0
2022-11-10 11:15,42,30,12,0,0,0
2022-11-10 11:30,37,28,9,0,0,0
2022-11-10 11:45,57,37,20,0,0,0
2022-11-10 12:00,57,36,21,0,0,0
2022-11-10 12:15,54,35,19,0,0,0
2022-11-10 12:30,62,23,39,0,0,0
2022-11-10 12:45,63,47,16,0,0,0
2022-11-10 13:00,64,33,31,0,0,0
2022-11-10 13:15,55,25,30,0,0,0
2022-11-10 13:30,57,32,25,0,0,0
2022-11-10 13:45,102,75,27,0,0,0
2022-11-10 14:00,82,45,37,0,0,0
2022-11-10 14:15,69,43,26,0,0,0
2022-11-10 14:30,66,45,21,0,0,0
2022-11-10 14:45,58,42,16,0,0,0
2022-11-10 15:00,63,40,23,0,0,0
2022-11-10 15:15,67,40,27,0,0,0
2022-11-10 15:30,90,67,23,0,0,0
2022-11-10 15:45,110,69,41,0,0,0
2022-11-10 16:00,113,79,34,0,0,0
2022-11-10 16:15,107,68,39,0,0,0
2022-11-10 16:30,91,59,32,0,0,0
2022-11-10 16:45,73,51,22,0,0,0
2022-11-10 17:00,76,46,30,0,0,0
2022-11-10 17:15,97,59,38,0,0,0
2022-11-10 17:30,89,51,38,0,0,0
2022-11-10 17:45,110,50,60,0,0,0
2022-11-10 18:00,95,52,43,0,0,0
2022-11-10 18:15,67,32,35,0,0,0
2022-11-10 18:30,41,22,19,0,0,0
2022-11-10 18:45,61,33,28,0,0,0
2022-11-10 19:00,69,42,27,0,0,0
2022-11-10 19:15,61,38,23,0,0,0
2022-11-10 19:30,47,24,23,0,0,0
2022-11-10 19:45,49,30,19,0,0,0
2022-11-10 20:00,55,23,32,0,0,0
2022-11-10 20:15,40,18,22,0,0,0
2022-11-10 20:30,46,30,16,0,0,0
2022-11-10 20:45,27,17,10,0,0,0
2022-11-10 21:00,24,11,13,0,0,0
2022-11-10 21:15,23,11,12,0,0,0
2022-11-10 21:30,29,21,8,0,0,0
2022-11-10 21:45,32,12,20,0,0,0
2022-11-10 22:00,21,12,9,0,0,0
2022-11-10 22:15,26,10,16,0,0,0
2022-11-10 22:30,33,16,17,0,0,0
2022-11-10 22:45,23,11,12,0,0,0
2022-11-10 23:00,29,17,12,0,0,0
2022-11-10 23:15,11,1,10,0,0,0
2022-11-10 23:30,16,12,4,0,0,0
2022-11-10 23:45,6,1,5,0,0,0
2022-11-11 00:00,8,3,5,0,0,0
2022-11-11 00:15,6,1,5,0,0,0
2022-11-11 00:30,12,5,7,0,0,0
2022-11-11 00:45,4,0,4,0,0,0
2022-11-11 01:00,8,4,4,0,0,0
2022-11-11 01:15,8,4,4,0,0,0
2022-11-11 01:30,4,0,4,0,0,0
2022-11-11 01:45,4,0,4,0,0,0
2022-11-11 02:00,5,0,5,0,0,0
2022-11-11 02:15,1,1,0,0,0,0
2022-11-11 02:30,1,0,1,0,0,0
2022-11-11 02:45,4,3,1,0,0,0
2022-11-11 03:00,1,0,1,0,0,0
2022-11-11 03:15,2,0,2,0,0,0
2022-11-11 03:30,1,1,0,0,0,0
2022-11-11 03:45,0,0,0,0,0,0
2022-11-11 04:00,2,1,1,0,0,0
2022-11-11 04:15,1,0,1,0,0,0
2022-11-11 04:30,2,1,1,0,0,0
2022-11-11 04:45,5,4,1,0,0,0
2022-11-11 05:00,1,1,0,0,0,0
2022-11-11 05:15,5,2,3,0,0,0
2022-11-11 05:30,11,6,5,0,0,0
2022-11-11 05:45,11,6,5,0,0,0
2022-11-11 06:00,6,3,3,0,0,0
2022-11-11 06:15,29,24,5,0,0,0
2022-11-11 06:30,27,9,18,0,0,0
2022-11-11 06:45,38,19,19,0,0,0
2022-11-11 07:00,47,29,18,0,0,0
2022-11-11 07:15,67,46,21,0,0,0
2022-11-11 07:30,127,75,52,0,0,0
2022-11-11 07:45,128,71,57,0,0,0
2022-11-11 08:00,88,56,32,0,0,0
2022-11-11 08:15,68,41,27,0,0,0
2022-11-11 08:30,64,32,32,0,0,0
2022-11-11 08:45,65,50,15,0,0,0
2022-11-11 09:00,38,25,13,0,0,0
2022-11-11 09:15,54,40,14,0,0,0
2022-11-11 09:30,38,29,9,0,0,0
2022-11-11 09:45,64,48,16,0,0,0
2022-11-11 10:00,52,39,13,0,0,0
2022-11-11 10:15,44,36,8,0,0,0
2022-11-11 10:30,39,24,15,0,0,0
2022-11-11 10:45,56,46,10,0,0,0
2022-11-11 11:00,37,25,12,0,0,0
2022-11-11 11:15,37,23,14,0,0,0
2022-11-11 11:30,49,28,21,0,0,0
2022-11-11 11:45,48,25,23,0,0,0
2022-11-11 12:00,60,40,20,0,0,0
2022-11-11 12:15,60,39,21,0,0,0
2022-11-11 12:30,77,41,36,0,0,0
2022-11-11 12:45,69,43,26,0,0,0
2022-11-11 13:00,71,36,35,0,0,0
2022-11-11 13:15,63,31,32,0,0,0
2022-11-11 13:30,53,31,22,0,0,0
2022-11-11 13:45,60,37,23,0,0,0
2022-11-11 14:00,71,42,29,0,0,0
2022-11-11 14:15,59,37,22,0,0,0
2022-11-11 14:30,66,41,25,0,0,0
2022-11-11 14:45,70,41,29,0,0,0
2022-11-11 15:00,58,32,26,0,0,0
2022-11-11 15:15,64,37,27,0,0,0
2022-11-11 15:30,72,43,29,0,0,0
2022-11-11 15:45,80,48,32,0,0,0
2022-11-11 16:00,78,49,29,0,0,0
2022-11-11 16:15,72,44,28,0,0,0
2022-11-11 16:30,58,34,24,0,0,0
2022-11-11 16:45,66,42,24,0,0,0
2022-11-11 17:00,70,38,32,0,0,0
2022-11-11 17:15,52,33,19,0,0,0
2022-11-11 17:30,55,33,22,0,0,0
2022-11-11 17:45,78,39,39,0,0,0
2022-11-11 18:00,57,32,25,0,0,0
2022-11-11 18:15,58,23,35,0,0,0
2022-11-11 18:30,43,23,20,0,0,0
2022-11-11 18:45,55,40,15,0,0,0
2022-11-11 19:00,42,29,13,0,0,0
2022-11-11 19:15,52,36,16,0,0,0
2022-11-11 19:30,33,22,11,0,0,0
2022-11-11 19:45,60,43,17,0,0,0
2022-11-11 20:00,39,26,13,0,0,0
2022-11-11 20:15,39,23,16,0,0,0
2022-11-11 20:30,38,24,14,0,0,0
2022-11-11 20:45,25,19,6,0,0,0
2022-11-11 21:00,23,15,8,0,0,0
2022-11-11 21:15,24,18,6,0,0,0
2022-11-11 21:30,25,10,15,0,0,0
2022-11-11 21:45,18,6,12,0,0,0
2022-11-11 22:00,27,11,16,0,0,0
2022-11-11 22:15,10,6,4,0,0,0
2022-11-11 22:30,18,5,13,0,0,0
2022-11-11 22:45,20,6,14,0,0,0
2022-11-11 23:00,15,7,8,0,0,0
2022-11-11 23:15,17,5,12,0,0,0
2022-11-11 23:30,15,7,8,0,0,0
2022-11-11 23:45,15,3,12,0,0,0
2022-11-12 00:00,17,5,12,0,0,0
2022-11-12 00:15,11,5,6,0,0,0
2022-11-12 00:30,15,3,12,0,0,0
2022-11-12 00:45,14,5,9,0,0,0
2022-11-12 01:00,9,2,7,0,0,0
2022-11-12 01:15,9,2,7,0,0,0
2022-11-12 01:30,11,4,7,0,0,0
2022-11-12 01:45,14,4,10,0,0,0
2022-11-12 02:00,10,1,9,0,0,0
2022-11-12 02:15,12,8,4,0,0,0
2022-11-12 02:30,6,0,6,0,0,0
2022-11-12 02:45,14,2,12,0,0,0
2022-11-12 03:00,8,0,8,0,0,0
2022-11-12 03:15,6,1,5,0,0,0
2022-11-12 03:30,5,1,4,0,0,0
2022-11-12 03:45,8,2,6,0,0,0
2022-11-12 04:00,7,3,4,0,0,0
2022-11-12 04:15,1,1,0,0,0,0
2022-11-12 04:30,2,2,0,0,0,0
2022-11-12 04:45,2,1,1,0,0,0
2022-11-12 05:00,2,0,2,0,0,0
2022-11-12 05:15,3,2,1,0,0,0
2022-11-12 05:30,6,2,4,0,0,0
2022-11-12 05:45,5,3,2,0,0,0
2022-11-12 06:00,9,4,5,0,0,0
2022-11-12 06:15,3,2,1,0,0,0
2022-11-12 06:30,2,2,0,0,0,0
2022-11-12 06:45,7,6,1,0,0,0
2022-11-12 07:00,4,2,2,0,0,0
2022-11-12 07:15,8,5,3,0,0,0
2022-11-12 07:30,13,4,9,0,0,0
2022-11-12 07:45,13,6,7,0,0,0
2022-11-12 08:00,8,4,4,0,0,0
2022-11-12 08:15,16,9,7,0,0,0
2022-11-12 08:30,21,10,11,0,0,0
2022-11-12 08:45,18,14,4,0,0,0
2022-11-12 09:00,19,13,6,0,0,0
2022-11-12 09:15,25,18,7,0,0,0
2022-11-12 09:30,33,28,5,0,0,0
2022-11-12 09:45,40,32,8,0,0,0
2022-11-12 10:00,46,38,8,0,0,0
2022-11-12 10:15,49,34,15,0,0,0
2022-11-12 10:30,53,39,14,0,0,0
2022-11-12 10:45,58,40,18,0,0,0
2022-11-12 11:00,59,45,14,0,0,0
2022-11-12 11:15,38,31,7,0,0,0
2022-11-12 11:30,37,24,13,0,0,0
2022-11-12 11:45,48,34,14,0,0,0
2022-11-12 12:00,44,38,6,0,0,0
2022-11-12 12:15,65,45,20,0,0,0
2022-11-12 12:30,58,42,16,0,0,0
2022-11-12 12:45,61,31,30,0,0,0
2022-11-12 13:00,61,30,31,0,0,0
2022-11-12 13:15,45,28,17,0,0,0
2022-11-12 13:30,54,29,25,0,0,0
2022-11-12 13:45,44,26,18,0,0,0
2022-11-12 14:00,44,27,17,0,0,0
2022-11-12 14:15,60,40,20,0,0,0
2022-11-12 14:30,30,17,13,0,0,0
2022-11-12 14:45,66,31,35,0,0,0
2022-11-12 15:00,53,30,23,0,0,0
2022-11-12 15:15,38,21,17,0,0,0
2022-11-12 15:30,54,31,23,0,0,0
2022-11-12 15:45,39,27,12,0,0,0
2022-11-12 16:00,41,23,18,0,0,0
2022-11-12 16:15,64,37,27,0,0,0
2022-11-12 16:30,46,27,19,0,0,0
2022-11-12 16:45,47,25,22,0,0,0
2022-11-12 17:00,41,23,18,0,0,0
2022-11-12 17:15,46,28,18,0,0,0
2022-11-12 17:30,46,27,19,0,0,0
2022-11-12 17:45,50,20,30,0,0,0
2022-11-12 18:00,53,31,22,0,0,0
2022-11-12 18:15,52,39,13,0,0,0
2022-11-12 18:30,33,18,15,0,0,0
2022-11-12 18:45,32,16,16,0,0,0
2022-11-12 19:00,37,28,9,0,0,0
2022-11-12 19:15,37,27,10,0,0,0
2022-11-12 19:30,28,13,15,0,0,0
2022-11-12 19:45,27,17,10,0,0,0
2022-11-12 20:00,35,22,13,0,0,0
2022-11-12 20:15,26,18,8,0,0,0
2022-11-12 20:30,35,24,11,0,0,0
2022-11-12 20:45,24,9,15,0,0,0
2022-11-12 21:00,19,7,12,0,0,0
2022-11-12 21:15,33,18,15,0,0,0
2022-11-12 21:30,23,11,12,0,0,0
2022-11-12 21:45,16,11,5,0,0,0
2022-11-12 22:00,17,7,10,0,0,0
2022-11-12 22:15,21,11,10,0,0,0
2022-11-12 22:30,11,7,4,0,0,0
2022-11-12 22:45,24,11,13,0,0,0
2022-11-12 23:00,22,7,15,0,0,0
2022-11-12 23:15,15,5,10,0,0,0
2022-11-12 23:30,12,6,6,0,0,0
2022-11-12 23:45,17,4,13,0,0,0
2022-11-13 00:00,10,8,2,0,0,0
2022-11-13 00:15,14,6,8,0,0,0
2022-11-13 00:30,4,2,2,0,0,0
2022-11-13 00:45,20,8,12,0,0,0
2022-11-13 01:00,15,9,6,0,0,0
2022-11-13 01:15,9,2,7,0,0,0
2022-11-13 01:30,5,0,5,0,0,0
2022-11-13 01:45,13,3,10,0,0,0
2022-11-13 02:00,8,0,8,0,0,0
2022-11-13 02:15,7,2,5,0,0,0
2022-11-13 02:30,11,3,8,0,0,0
2022-11-13 02:45,2,1,1,0,0,0
2022-11-13 03:00,5,0,5,0,0,0
2022-11-13 03:15,10,2,8,0,0,0
2022-11-13 03:30,11,0,11,0,0,0
2022-11-13 03:45,12,1,11,0,0,0
2022-11-13 04:00,6,3,3,0,0,0
2022-11-13 04:15,5,1,4,0,0,0
2022-11-13 04:30,3,2,1,0,0,0
2022-11-13 04:45,3,1,2,0,0,0
2022-11-13 05:00,4,3,1,0,0,0
2022-11-13 05:15,4,2,2,0,0,0
2022-11-13 05:30,3,2,1,0,0,0
2022-11-13 05:45,2,2,0,0,0,0
2022-11-13 06:00,3,1,2,0,0,0
2022-11-13 06:15,2,1,1,0,0,0
2022-11-13 06:30,0,0,0,0,0,0
2022-11-13 06:45,1,1,0,0,0,0
2022-11-13 07:00,3,0,3,0,0,0
2022-11-13 07:15,3,2,1,0,0,0
2022-11-13 07:30,5,3,2,0,0,0
2022-11-13 07:45,7,4,3,0,0,0
2022-11-13 08:00,4,1,3,0,0,0
2022-11-13 08:15,6,5,1,0,0,0
2022-11-13 08:30,10,6,4,0,0,0
2022-11-13 08:45,10,9,1,0,0,0
2022-11-13 09:00,6,3,3,0,0,0
2022-11-13 09:15,8,4,4,0,0,0
2022-11-13 09:30,12,9,3,0,0,0
2022-11-13 09:45,27,25,2,0,0,0
2022-11-13 10:00,13,10,3,0,0,0
2022-11-13 10:15,16,8,8,0,0,0
2022-11-13 10:30,25,15,10,0,0,0
2022-11-13 10:45,19,14,5,0,0,0
2022-11-13 11:00,23,15,8,0,0,0
2022-11-13 11:15,16,11,5,0,0,0
2022-11-13 11:30,30,17,13,0,0,0
2022-11-13 11:45,35,18,17,0,0,0
2022-11-13 12:00,25,18,7,0,0,0
2022-11-13 12:15,40,24,16,0,0,0
2022-11-13 12:30,22,12,10,0,0,0
2022-11-13 12:45,37,17,20,0,0,0
2022-11-13 13:00,29,16,13,0,0,0
2022-11-13 13:15,22,11,11,0,0,0
2022-11-13 13:30,39,25,14,0,0,0
2022-11-13 13:45,59,31,28,0,0,0
2022-11-13 14:00,40,29,11,0,0,0
2022-11-13 14:15,43,21,22,0,0,0
2022-11-13 14:30,29,17,12,0,0,0
2022-11-13 14:45,61,45,16,0,0,0
2022-11-13 15:00,52,28,24,0,0,0
2022-11-13 15:15,39,26,13,0,0,0
2022-11-13 15:30,42,32,10,0,0,0
2022-11-13 15:45,38,17,21,0,0,0
2022-11-13 16:00,34,24,10,0,0,0
2022-11-13 16:15,30,20,10,0,0,0
2022-11-13 16:30,49,27,22,0,0,0
2022-11-13 16:45,30,20,10,0,0,0
2022-11-13 17:00,45,33,12,0,0,0
2022-11-13 17:15,32,20,12,0,0,0
2022-11-13 17:30,38,21,17,0,0,0
2022-11-13 17:45,41,32,9,0,0,0
2022-11-13 18:00,28,20,8,0,0,0
2022-11-13 18:15,40,24,16,0,0,0
2022-11-13 18:30,28,17,11,0,0,0
2022-11-13 18:45,33,24,9,0,0,0
2022-11-13 19:00,27,13,14,0,0,0
2022-11-13 19:15,18,13,5,0,0,0
2022-11-13 19:30,20,12,8,0,0,0
2022-11-13 19:45,24,14,10,0,0,0
2022-11-13 20:00,18,10,8,0,0,0
2022-11-13 20:15,13,7,6,0,0,0
2022-11-13 20:30,9,5,4,0,0,0
2022-11-13 20:45,8,3,5,0,0,0
2022-11-13 21:00,8,3,5,0,0,0
2022-11-13 21:15,11,5,6,0,0,0
2022-11-13 21:30,8,5,3,0,0,0
2022-11-13 21:45,8,0,8,0,0,0
2022-11-13 22:00,17,8,9,0,0,0
2022-11-13 22:15,13,11,2,0,0,0
2022-11-13 22:30,11,4,7,0,0,0
2022-11-13 22:45,10,4,6,0,0,0
2022-11-13 23:00,9,4,5,0,0,0
2022-11-13 23:15,5,1,4,0,0,0
2022-11-13 23:30,6,4,2,0,0,0
2022-11-13 23:45,3,2,1,0,0,0
2022-11-14 00:00,2,1,1,0,0,0
2022-11-14 00:15,2,1,1,0,0,0
2022-11-14 00:30,5,0,5,0,0,0
2022-11-14 00:45,0,0,0,0,0,0
2022-11-14 01:00,1,0,1,0,0,0
2022-11-14 01:15,4,4,0,0,0,0
2022-11-14 01:30,1,0,1,0,0,0
2022-11-14 01:45,1,0,1,0,0,0
2022-11-14 02:00,1,0,1,0,0,0
2022-11-14 02:15,2,1,1,0,0,0
2022-11-14 02:30,1,0,1,0,0,0
2022-11-14 02:45,0,0,0,0,0,0
2022-11-14 03:00,0,0,0,0,0,0
2022-11-14 03:15,1,0,1,0,0,0
2022-11-14 03:30,0,0,0,0,0,0
2022-11-14 03:45,0,0,0,0,0,0
2022-11-14 04:00,0,0,0,0,0,0
2022-11-14 04:15,1,1,0,0,0,0
2022-11-14 04:30,5,2,3,0,0,0
2022-11-14 04:45,3,2,1,0,0,0
2022-11-14 05:00,4,1,3,0,0,0
2022-11-14 05:15,6,3,3,0,0,0
2022-11-14 05:30,8,3,5,0,0,0
2022-11-14 05:45,8,6,2,0,0,0
2022-11-14 06:00,7,3,4,0,0,0
2022-11-14 06:15,19,13,6,0,0,0
2022-11-14 06:30,29,15,14,0,0,0
2022-11-14 06:45,52,26,26,0,0,0
2022-11-14 07:00,54,29,25,0,0,0
2022-11-14 07:15,79,48,31,0,0,0
2022-11-14 07:30,153,95,58,0,0,0
2022-11-14 07:45,148,84,64,0,0,0
2022-11-14 08:00,98,55,43,0,0,0
2022-11-14 08:15,101,53,48,0,0,0
2022-11-14 08:30,84,44,40,0,0,0
2022-11-14 08:45,74,46,28,0,0,0
2022-11-14 09:00,44,26,18,0,0,0
2022-11-14 09:15,55,34,21,0,0,0
2022-11-14 09:30,41,28,13,0,0,0
2022-11-14 09:45,85,49,36,0,0,0
2022-11-14 10:00,75,50,25,0,0,0
2022-11-14 10:15,37,27,10,0,0,0
2022-11-14 10:30,32,26,6,0,0,0
2022-11-14 10:45,40,31,9,0,0,0
2022-11-14 11:00,35,27,8,0,0,0
2022-11-14 11:15,42,28,14,0,0,0
2022-11-14 11:30,46,32,14,0,0,0
2022-11-14 11:45,69,46,23,0,0,0
2022-11-14 12:00,69,42,27,0,0,0
2022-11-14 12:15,55,41,14,0,0,0
2022-11-14 12:30,62,35,27,0,0,0
2022-11-14 12:45,43,25,18,0,0,0
2022-11-14 13:00,57,29,28,0,0,0
2022-11-14 13:15,58,34,24,0,0,0
2022-11-14 13:30,62,39,23,0,0,0
2022-11-14 13:45,83,53,30,0,0,0
2022-11-14 14:00,66,43,23,0,0,0
2022-11-14 14:15,46,35,11,0,0,0
2022-11-14 14:30,55,32,23,0,0,0
2022-11-14 14:45,61,39,22,0,0,0
2022-11-14 15:00,59,28,31,0,0,0
2022-11-14 15:15,70,44,26,0,0,0
2022-11-14 15:30,79,40,39,0,0,0
2022-11-14 15:45,102,71,31,0,0,0
2022-11-14 16:00,90,63,27,0,0,0
2022-11-14 16:15,112,76,36,0,0,0
2022-11-14 16:30,80,44,36,0,0,0
2022-11-14 16:45,92,60,32,0,0,0
2022-11-14 17:00,75,48,27,0,0,0
2022-11-14 17:15,79,54,25,0,0,0
2022-11-14 17:30,111,61,50,0,0,0
2022-11-14 17:45,129,69,60,0,0,0
2022-11-14 18:00,84,37,47,0,0,0
2022-11-14 18:15,65,36,29,0,0,0
2022-11-14 18:30,59,24,35,0,0,0
2022-11-14 18:45,61,31,30,0,0,0
2022-11-14 19:00,35,16,19,0,0,0
2022-11-14 19:15,62,40,22,0,0,0
2022-11-14 19:30,65,26,39,0,0,0
2022-11-14 19:45,53,30,23,0,0,0
2022-11-14 20:00,39,18,21,0,0,0
2022-11-14 20:15,33,17,16,0,0,0
2022-11-14 20:30,26,12,14,0,0,0
2022-11-14 20:45,17,3,14,0,0,0
2022-11-14 21:00,24,11,13,0,0,0
2022-11-14 21:15,31,22,9,0,0,0
2022-11-14 21:30,27,12,15,0,0,0
2022-11-14 21:45,32,18,14,0,0,0
2022-11-14 22:00,34,15,19,0,0,0
2022-11-14 22:15,23,7,16,0,0,0
2022-11-14 22:30,15,5,10,0,0,0
2022-11-14 22:45,11,6,5,0,0,0
2022-11-14 23:00,9,4,5,0,0,0
2022-11-14 23:15,10,1,9,0,0,0
2022-11-14 23:30,5,0,5,0,0,0
2022-11-14 23:45,2,1,1,0,0,0
2022-11-15 00:00,8,1,7,0,0,0
2022-11-15 00:15,5,3,2,0,0,0
2022-11-15 00:30,5,3,2,0,0,0
2022-11-15 00:45,5,5,0,0,0,0
2022-11-15 01:00,2,2,0,0,0,0
2022-11-15 01:15,3,0,3,0,0,0
2022-11-15 01:30,1,0,1,0,0,0
2022-11-15 01:45,1,1,0,0,0,0
2022-11-15 02:00,2,0,2,0,0,0
2022-11-15 02:15,1,1,0,0,0,0
2022-11-15 02:30,3,2,1,0,0,0
2022-11-15 02:45,0,0,0,0,0,0
2022-11-15 03:00,5,2,3,0,0,0
2022-11-15 03:15,1,0,1,0,0,0
2022-11-15 03:30,0,0,0,0,0,0
2022-11-15 03:45,0,0,0,0,0,0
2022-11-15 04:00,0,0,0,0,0,0
2022-11-15 04:15,1,1,0,0,0,0
2022-11-15 04:30,5,3,2,0,0,0
2022-11-15 04:45,3,2,1,0,0,0
2022-11-15 05:00,0,0,0,0,0,0
2022-11-15 05:15,6,2,4,0,0,0
2022-11-15 05:30,11,6,5,0,0,0
2022-11-15 05:45,11,7,4,0,0,0
2022-11-15 06:00,10,7,3,0,0,0
2022-11-15 06:15,21,17,4,0,0,0
2022-11-15 06:30,27,15,12,0,0,0
2022-11-15 06:45,52,27,25,0,0,0
2022-11-15 07:00,51,32,19,0,0,0
2022-11-15 07:15,92,49,43,0,0,0
2022-11-15 07:30,166,100,66,0,0,0
2022-11-15 07:45,170,81,89,0,0,0
2022-11-15 08:00,131,67,64,0,0,0
2022-11-15 08:15,104,58,46,0,0,0
2022-11-15 08:30,75,37,38,0,0,0
2022-11-15 08:45,70,41,29,0,0,0
2022-11-15 09:00,49,38,11,0,0,0
2022-11-15 09:15,47,30,17,0,0,0
2022-11-15 09:30,54,43,11,0,0,0
2022-11-15 09:45,94,58,36,0,0,0
2022-11-15 10:00,54,42,12,0,0,0
2022-11-15 10:15,44,35,9,0,0,0
2022-11-15 10:30,54,36,18,0,0,0
2022-11-15 10:45,30,22,8,0,0,0
2022-11-15 11:00,39,28,11,0,0,0
2022-11-15 11:15,28,18,10,0,0,0
2022-11-15 11:30,41,24,17,0,0,0
2022-11-15 11:45,66,43,23,0,0,0
2022-11-15 12:00,91,61,30,0,0,0
2022-11-15 12:15,44,29,15,0,0,0
2022-11-15 12:30,63,34,29,0,0,0
2022-11-15 12:45,69,37,32,0,0,0
2022-11-15 13:00,51,26,25,0,0,0
2022-11-15 13:15,62,34,28,0,0,0
2022-11-15 13:30,54,35,19,0,0,0
2022-11-15 13:45,97,58,39,0,0,0
2022-11-15 14:00,83,39,44,0,0,0
2022-11-15 14:15,63,40,23,0,0,0
2022-11-15 14:30,67,38,29,0,0,0
2022-11-15 14:45,64,32,32,0,0,0
2022-11-15 15:00,66,41,25,0,0,0
2022-11-15 15:15,61,46,15,0,0,0
2022-11-15 15:30,75,46,29,0,0,0
2022-11-15 15:45,91,68,23,0,0,0
2022-11-15 16:00,118,64,54,0,0,0
2022-11-15 16:15,113,75,38,0,0,0
2022-11-15 16:30,89,60,29,0,0,0
2022-11-15 16:45,93,68,25,0,0,0
2022-11-15 17:00,83,45,38,0,0,0
2022-11-15 17:15,96,64,32,0,0,0
2022-11-15 17:30,115,73,42,0,0,0
2022-11-15 17:45,114,67,47,0,0,0
2022-11-15 18:00,98,57,41,0,0,0
2022-11-15 18:15,80,48,32,0,0,0
2022-11-15 18:30,67,35,32,0,0,0
2022-11-15 18:45,65,41,24,0,0,0
2022-11-15 19:00,51,23,28,0,0,0
2022-11-15 19:15,55,35,20,0,0,0
2022-11-15 19:30,48,29,19,0,0,0
2022-11-15 19:45,46,29,17,0,0,0
2022-11-15 20:00,51,20,31,0,0,0
2022-11-15 20:15,28,17,11,0,0,0
2022-11-15 20:30,28,11,17,0,0,0
2022-11-15 20:45,24,9,15,0,0,0
2022-11-15 21:00,26,17,9,0,0,0
2022-11-15 21:15,27,16,11,0,0,0
2022-11-15 21:30,33,15,18,0,0,0
2022-11-15 21:45,41,19,22,0,0,0
2022-11-15 22:00,24,9,15,0,0,0
2022-11-15 22:15,30,16,14,0,0,0
2022-11-15 22:30,19,8,11,0,0,0
2022-11-15 22:45,14,4,10,0,0,0
2022-11-15 23:00,8,3,5,0,0,0
2022-11-15 23:15,17,8,9,0,0,0
2022-11-15 23:30,4,2,2,0,0,0
2022-11-15 23:45,10,6,4,0,0,0
2022-11-16 00:00,8,1,7,0,0,0
2022-11-16 00:15,8,4,4,0,0,0
2022-11-16 00:30,4,1,3,0,0,0
2022-11-16 00:45,5,3,2,0,0,0
2022-11-16 01:00,4,3,1,0,0,0
2022-11-16 01:15,3,1,2,0,0,0
2022-11-16 01:30,4,0,4,0,0,0
2022-11-16 01:45,1,0,1,0,0,0
2022-11-16 02:00,1,0,1,0,0,0
2022-11-16 02:15,0,0,0,0,0,0
2022-11-16 02:30,1,0,1,0,0,0
2022-11-16 02:45,2,1,1,0,0,0
2022-11-16 03:00,2,1,1,0,0,0
2022-11-16 03:15,1,1,0,0,0,0
2022-11-16 03:30,0,0,0,0,0,0
2022-11-16 03:45,0,0,0,0,0,0
2022-11-16 04:00,1,0,1,0,0,0
2022-11-16 04:15,2,1,1,0,0,0
2022-11-16 04:30,1,0,1,0,0,0
2022-11-16 04:45,7,4,3,0,0,0
2022-11-16 05:00,2,1,1,0,0,0
2022-11-16 05:15,3,3,0,0,0,0
2022-11-16 05:30,8,3,5,0,0,0
2022-11-16 05:45,10,7,3,0,0,0
2022-11-16 06:00,5,2,3,0,0,0
2022-11-16 06:15,24,15,9,0,0,0
2022-11-16 06:30,14,7,7,0,0,0
2022-11-16 06:45,55,28,27,0,0,0
2022-11-16 07:00,33,25,8,0,0,0
2022-11-16 07:15,67,43,24,0,0,0
2022-11-16 07:30,120,79,41,0,0,0
2022-11-16 07:45,133,75,58,0,0,0
2022-11-16 08:00,94,64,30,0,0,0
2022-11-16 08:15,66,46,20,0,0,0
2022-11-16 08:30,41,32,9,0,0,0
2022-11-16 08:45,62,46,16,0,0,0
2022-11-16 09:00,46,36,10,0,0,0
2022-11-16 09:15,41,32,9,0,0,0
2022-11-16 09:30,46,38,8,0,0,0
2022-11-16 09:45,61,47,14,0,0,0
2022-11-16 10:00,54,47,7,0,0,0
2022-11-16 10:15,38,34,4,0,0,0
2022-11-16 10:30,39,31,8,0,0,0
2022-11-16 10:45,29,24,5,0,0,0
2022-11-16 11:00,31,27,4,0,0,0
2022-11-16 11:15,47,32,15,0,0,0
2022-11-16 11:30,41,30,11,0,0,0
2022-11-16 11:45,51,41,10,0,0,0
2022-11-16 12:00,64,50,14,0,0,0
2022-11-16 12:15,44,32,12,0,0,0
2022-11-16 12:30,45,27,18,0,0,0
2022-11-16 12:45,33,23,10,0,0,0
2022-11-16 13:00,34,21,13,0,0,0
2022-11-16 13:15,54,36,18,0,0,0
2022-11-16 13:30,54,38,16,0,0,0
2022-11-16 13:45,54,38,16,0,0,0
2022-11-16 14:00,56,28,28,0,0,0
2022-11-16 14:15,53,35,18,0,0,0
2022-11-16 14:30,65,40,25,0,0,0
2022-11-16 14:45,52,28,24,0,0,0
2022-11-16 15:00,69,36,33,0,0,0
2022-11-16 15:15,64,42,22,0,0,0
2022-11-16 15:30,49,40,9,0,0,0
2022-11-16 15:45,92,53,39,0,0,0
2022-11-16 16:00,87,58,29,0,0,0
2022-11-16 16:15,86,54,32,0,0,0
2022-11-16 16:30,85,56,29,0,0,0
2022-11-16 16:45,80,58,22,0,0,0
2022-11-16 17:00,75,56,19,0,0,0
2022-11-16 17:15,87,62,25,0,0,0
2022-11-16 17:30,86,54,32,0,0,0
2022-11-16 17:45,108,72,36,0,0,0
2022-11-16 18:00,83,50,33,0,0,0
2022-11-16 18:15,52,36,16,0,0,0
2022-11-16 18:30,57,30,27,0,0,0
2022-11-16 18:45,61,35,26,0,0,0
2022-11-16 19:00,47,30,17,0,0,0
2022-11-16 19:15,58,27,31,0,0,0
2022-11-16 19:30,52,24,28,0,0,0
2022-11-16 19:45,66,40,26,0,0,0
2022-11-16 20:00,36,19,17,0,0,0
2022-11-16 20:15,40,15,25,0,0,0
2022-11-16 20:30,32,13,19,0,0,0
2022-11-16 20:45,38,18,20,0,0,0
2022-11-16 21:00,29,15,14,0,0,0
2022-11-16 21:15,39,21,18,0,0,0
2022-11-16 21:30,31,19,12,0,0,0
2022-11-16 21:45,19,9,10,0,0,0
2022-11-16 22:00,21,6,15,0,0,0
2022-11-16 22:15,22,9,13,0,0,0
2022-11-16 22:30,29,12,17,0,0,0
2022-11-16 22:45,30,11,19,0,0,0
2022-11-16 23:00,17,9,8,0,0,0
2022-11-16 23:15,16,8,8,0,0,0
2022-11-16 23:30,15,4,11,0,0,0
2022-11-16 23:45,9,1,8,0,0,0
2022-11-17 00:00,9,0,9,0,0,0
2022-11-17 00:15,11,8,3,0,0,0
2022-11-17 00:30,6,0,6,0,0,0
2022-11-17 00:45,4,0,4,0,0,0
2022-11-17 01:00,10,5,5,0,0,0
2022-11-17 01:15,2,0,2,0,0,0
2022-11-17 01:30,8,0,8,0,0,0
2022-11-17 01:45,5,3,2,0,0,0
2022-11-17 02:00,5,1,4,0,0,0
2022-11-17 02:15,6,1,5,0,0,0
2022-11-17 02:30,3,2,1,0,0,0
2022-11-17 02:45,5,1,4,0,0,0
2022-11-17 03:00,7,0,7,0,0,0
2022-11-17 03:15,2,1,1,0,0,0
2022-11-17 03:30,0,0,0,0,0,0
2022-11-17 03:45,1,0,1,0,0,0
2022-11-17 04:00,0,0,0,0,0,0
2022-11-17 04:15,0,0,0,0,0,0
2022-11-17 04:30,4,3,1,0,0,0
2022-11-17 04:45,4,3,1,0,0,0
2022-11-17 05:00,1,1,0,0,0,0
2022-11-17 05:15,4,2,2,0,0,0
2022-11-17 05:30,9,3,6,0,0,0
2022-11-17 05:45,14,9,5,0,0,0
2022-11-17 06:00,14,6,8,0,0,0
2022-11-17 06:15,20,13,7,0,0,0
2022-11-17 06:30,21,12,9,0,0,0
2022-11-17 06:45,46,22,24,0,0,0
2022-11-17 07:00,39,30,9,0,0,0
2022-11-17 07:15,53,34,19,0,0,0
2022-11-17 07:30,96,69,27,0,0,0
2022-11-17 07:45,96,65,31,0,0,0
2022-11-17 08:00,79,53,26,0,0,0
2022-11-17 08:15,70,44,26,0,0,0
2022-11-17 08:30,58,28,30,0,0,0
2022-11-17 08:45,57,40,17,0,0,0
2022-11-17 09:00,22,18,4,0,0,0
2022-11-17 09:15,29,20,9,0,0,0
2022-11-17 09:30,35,30,5,0,0,0
2022-11-17 09:45,55,43,12,0,0,0
2022-11-17 10:00,58,50,8,0,0,0
2022-11-17 10:15,24,20,4,0,0,0
2022-11-17 10:30,22,20,2,0,0,0
2022-11-17 10:45,24,23,1,0,0,0
2022-11-17 11:00,22,16,6,0,0,0
2022-11-17 11:15,23,13,10,0,0,0
2022-11-17 11:30,20,11,9,0,0,0
2022-11-17 11:45,43,27,16,0,0,0
2022-11-17 12:00,59,48,11,0,0,0
2022-11-17 12:15,29,22,7,0,0,0
2022-11-17 12:30,45,27,18,0,0,0
2022-11-17 12:45,35,25,10,0,0,0
2022-11-17 13:00,37,24,13,0,0,0
2022-11-17 13:15,38,27,11,0,0,0
2022-11-17 13:30,31,22,9,0,0,0
2022-11-17 13:45,63,49,14,0,0,0
2022-11-17 14:00,54,39,15,0,0,0
2022-11-17 14:15,36,26,10,0,0,0
2022-11-17 14:30,41,31,10,0,0,0
2022-11-17 14:45,49,37,12,0,0,0
2022-11-17 15:00,46,33,13,0,0,0
2022-11-17 15:15,46,37,9,0,0,0
2022-11-17 15:30,50,34,16,0,0,0
2022-11-17 15:45,81,60,21,0,0,0
2022-11-17 16:00,68,56,12,0,0,0
2022-11-17 16:15,65,41,24,0,0,0
2022-11-17 16:30,54,41,13,0,0,0
2022-11-17 16:45,72,53,19,0,0,0
2022-11-17 17:00,68,46,22,0,0,0
2022-11-17 17:15,59,44,15,0,0,0
2022-11-17 17:30,59,39,20,0,0,0
2022-11-17 17:45,87,44,43,0,0,0
2022-11-17 18:00,82,51,31,0,0,0
2022-11-17 18:15,61,29,32,0,0,0
2022-11-17 18:30,52,31,21,0,0,0
2022-11-17 18:45,56,39,17,0,0,0
2022-11-17 19:00,63,40,23,0,0,0
2022-11-17 19:15,40,27,13,0,0,0
2022-11-17 19:30,42,24,18,0,0,0
2022-11-17 19:45,65,34,31,0,0,0
2022-11-17 20:00,47,21,26,0,0,0
2022-11-17 20:15,37,18,19,0,0,0
2022-11-17 20:30,22,14,8,0,0,0
2022-11-17 20:45,19,10,9,0,0,0
2022-11-17 21:00,22,12,10,0,0,0
2022-11-17 21:15,27,19,8,0,0,0
2022-11-17 21:30,23,14,9,0,0,0
2022-11-17 21:45,26,8,18,0,0,0
2022-11-17 22:00,24,11,13,0,0,0
2022-11-17 22:15,27,9,18,0,0,0
2022-11-17 22:30,17,6,11,0,0,0
2022-11-17 22:45,11,7,4,0,0,0
2022-11-17 23:00,15,9,6,0,0,0
2022-11-17 23:15,5,3,2,0,0,0
2022-11-17 23:30,9,2,7,0,0,0
2022-11-17 23:45,4,2,2,0,0,0
2022-11-18 00:00,3,1,2,0,0,0
2022-11-18 00:15,8,5,3,0,0,0
2022-11-18 00:30,8,2,6,0,0,0
2022-11-18 00:45,5,1,4,0,0,0
2022-11-18 01:00,6,1,5,0,0,0
2022-11-18 01:15,5,1,4,0,0,0
2022-11-18 01:30,6,4,2,0,0,0
2022-11-18 01:45,6,0,6,0,0,0
2022-11-18 02:00,2,0,2,0,0,0
2022-11-18 02:15,1,0,1,0,0,0
2022-11-18 02:30,1,0,1,0,0,0
2022-11-18 02:45,0,0,0,0,0,0
2022-11-18 03:00,4,1,3,0,0,0
2022-11-18 03:15,1,1,0,0,0,0
2022-11-18 03:30,3,2,1,0,0,0
2022-11-18 03:45,1,0,1,0,0,0
2022-11-18 04:00,2,0,2,0,0,0
2022-11-18 04:15,1,1,0,0,0,0
2022-11-18 04:30,2,2,0,0,0,0
2022-11-18 04:45,4,3,1,0,0,0
2022-11-18 05:00,4,4,0,0,0,0
2022-11-18 05:15,3,2,1,0,0,0
2022-11-18 05:30,10,6,4,0,0,0
2022-11-18 05:45,11,8,3,0,0,0
2022-11-18 06:00,1,1,0,0,0,0
2022-11-18 06:15,16,9,7,0,0,0
2022-11-18 06:30,21,15,6,0,0,0
2022-11-18 06:45,30,17,13,0,0,0
2022-11-18 07:00,31,18,13,0,0,0
2022-11-18 07:15,62,46,16,0,0,0
2022-11-18 07:30,105,74,31,0,0,0
2022-11-18 07:45,102,57,45,0,0,0
2022-11-18 08:00,54,32,22,0,0,0
2022-11-18 08:15,40,21,19,0,0,0
2022-11-18 08:30,44,26,18,0,0,0
2022-11-18 08:45,67,52,15,0,0,0
2022-11-18 09:00,26,20,6,0,0,0
2022-11-18 09:15,28,19,9,0,0,0
2022-11-18 09:30,27,25,2,0,0,0
2022-11-18 09:45,49,39,10,0,0,0
2022-11-18 10:00,58,53,5,0,0,0
2022-11-18 10:15,23,19,4,0,0,0
2022-11-18 10:30,20,14,6,0,0,0
2022-11-18 10:45,25,21,4,0,0,0
2022-11-18 11:00,37,31,6,0,0,0
2022-11-18 11:15,25,18,7,0,0,0
2022-11-18 11:30,34,25,9,0,0,0
2022-11-18 11:45,53,41,12,0,0,0
2022-11-18 12:00,39,28,11,0,0,0
2022-11-18 12:15,52,42,10,0,0,0
2022-11-18 12:30,51,27,24,0,0,0
2022-11-18 12:45,50,35,15,0,0,0
2022-11-18 13:00,45,31,14,0,0,0
2022-11-18 13:15,57,32,25,0,0,0
2022-11-18 13:30,37,25,12,0,0,0
2022-11-18 13:45,49,31,18,0,0,0
2022-11-18 14:00,39,34,5,0,0,0
2022-11-18 14:15,41,31,10,0,0,0
2022-11-18 14:30,44,28,16,0,0,0
2022-11-18 14:45,41,32,9,0,0,0
2022-11-18 15:00,35,25,10,0,0,0
2022-11-18 15:15,50,38,12,0,0,0
2022-11-18 15:30,54,34,20,0,0,0
2022-11-18 15:45,58,48,10,0,0,0
2022-11-18 16:00,40,23,17,0,0,0
2022-11-18 16:15,46,34,12,0,0,0
2022-11-18 16:30,57,39,18,0,0,0
2022-11-18 16:45,50,36,14,0,0,0
2022-11-18 17:00,46,26,20,0,0,0
2022-11-18 17:15,40,22,18,0,0,0
2022-11-18 17:30,30,21,9,0,0,0
2022-11-18 17:45,31,19,12,0,0,0
2022-11-18 18:00,57,39,18,0,0,0
2022-11-18 18:15,47,23,24,0,0,0
2022-11-18 18:30,42,28,14,0,0,0
2022-11-18 18:45,37,25,12,0,0,0
2022-11-18 19:00,27,18,9,0,0,0
2022-11-18 19:15,33,19,14,0,0,0
2022-11-18 19:30,33,18,15,0,0,0
2022-11-18 19:45,47,34,13,0,0,0
2022-11-18 20:00,42,29,13,0,0,0
2022-11-18 20:15,22,12,10,0,0,0
2022-11-18 20:30,29,14,15,0,0,0
2022-11-18 20:45,26,18,8,0,0,0
2022-11-18 21:00,24,20,4,0,0,0
2022-11-18 21:15,27,16,11,0,0,0
2022-11-18 21:30,16,11,5,0,0,0
2022-11-18 21:45,16,6,10,0,0,0
2022-11-18 22:00,15,12,3,0,0,0
2022-11-18 22:15,23,14,9,0,0,0
2022-11-18 22:30,16,3,13,0,0,0
2022-11-18 22:45,26,17,9,0,0,0
2022-11-18 23:00,14,4,10,0,0,0
2022-11-18 23:15,10,3,7,0,0,0
2022-11-18 23:30,8,4,4,0,0,0
2022-11-18 23:45,12,4,8,0,0,0
2022-11-19 00:00,14,5,9,0,0,0
2022-11-19 00:15,37,26,11,0,0,0
2022-11-19 00:30,8,4,4,0,0,0
2022-11-19 00:45,15,7,8,0,0,0
2022-11-19 01:00,15,8,7,0,0,0
2022-11-19 01:15,16,10,6,0,0,0
2022-11-19 01:30,9,6,3,0,0,0
2022-11-19 01:45,5,3,2,0,0,0
2022-11-19 02:00,6,0,6,0,0,0
2022-11-19 02:15,5,0,5,0,0,0
2022-11-19 02:30,6,3,3,0,0,0
2022-11-19 02:45,13,0,13,0,0,0
2022-11-19 03:00,12,3,9,0,0,0
2022-11-19 03:15,5,3,2,0,0,0
2022-11-19 03:30,10,0,10,0,0,0
2022-11-19 03:45,6,4,2,0,0,0
2022-11-19 04:00,5,2,3,0,0,0
2022-11-19 04:15,1,0,1,0,0,0
2022-11-19 04:30,4,0,4,0,0,0
2022-11-19 04:45,3,2,1,0,0,0
2022-11-19 05:00,4,2,2,0,0,0
2022-11-19 05:15,2,1,1,0,0,0
2022-11-19 05:30,9,7,2,0,0,0
2022-11-19 05:45,2,1,1,0,0,0
2022-11-19 06:00,5,3,2,0,0,0
2022-11-19 06:15,3,2,1,0,0,0
2022-11-19 06:30,4,2,2,0,0,0
2022-11-19 06:45,3,2,1,0,0,0
2022-11-19 07:00,6,6,0,0,0,0
2022-11-19 07:15,4,4,0,0,0,0
2022-11-19 07:30,8,2,6,0,0,0
2022-11-19 07:45,11,6,5,0,0,0
2022-11-19 08:00,5,3,2,0,0,0
2022-11-19 08:15,9,6,3,0,0,0
2022-11-19 08:30,18,14,4,0,0,0
2022-11-19 08:45,28,21,7,0,0,0
2022-11-19 09:00,21,13,8,0,0,0
2022-11-19 09:15,26,22,4,0,0,0
2022-11-19 09:30,26,22,4,0,0,0
2022-11-19 09:45,37,30,7,0,0,0
2022-11-19 10:00,33,28,5,0,0,0
2022-11-19 10:15,22,18,4,0,0,0
2022-11-19 10:30,29,24,5,0,0,0
2022-11-19 10:45,44,30,14,0,0,0
2022-11-19 11:00,40,30,10,0,0,0
2022-11-19 11:15,28,23,5,0,0,0
2022-11-19 11:30,33,23,10,0,0,0
2022-11-19 11:45,30,19,11,0,0,0
2022-11-19 12:00,23,18,5,0,0,0
2022-11-19 12:15,40,23,17,0,0,0
2022-11-19 12:30,37,23,14,0,0,0
2022-11-19 12:45,67,53,14,0,0,0
2022-11-19 13:00,41,25,16,0,0,0
2022-11-19 13:15,35,26,9,0,0,0
2022-11-19 13:30,28,20,8,0,0,0
2022-11-19 13:45,42,29,13,0,0,0
2022-11-19 14:00,38,25,13,0,0,0
2022-11-19 14:15,36,27,9,0,0,0
2022-11-19 14:30,37,20,17,0,0,0
2022-11-19 14:45,42,25,17,0,0,0
2022-11-19 15:00,48,19,29,0,0,0
2022-11-19 15:15,45,26,19,0,0,0
2022-11-19 15:30,44,27,17,0,0,0
2022-11-19 15:45,43,31,12,0,0,0
2022-11-19 16:00,51,28,23,0,0,0
2022-11-19 16:15,25,14,11,0,0,0
2022-11-19 16:30,26,17,9,0,0,0
2022-11-19 16:45,36,22,14,0,0,0
2022-11-19 17:00,32,20,12,0,0,0
2022-11-19 17:15,34,20,14,0,0,0
2022-11-19 17:30,37,16,21,0,0,0
2022-11-19 17:45,35,20,15,0,0,0
2022-11-19 18:00,42,21,21,0,0,0
2022-11-19 18:15,49,28,21,0,0,0
2022-11-19 18:30,43,20,23,0,0,0
2022-11-19 18:45,32,20,12,0,0,0
2022-11-19 19:00,30,17,13,0,0,0
2022-11-19 19:15,35,18,17,0,0,0
2022-11-19 19:30,31,18,13,0,0,0
2022-11-19 19:45,40,22,18,0,0,0
2022-11-19 20:00,23,14,9,0,0,0
2022-11-19 20:15,19,13,6,0,0,0
2022-11-19 20:30,17,9,8,0,0,0
2022-11-19 20:45,18,9,9,0,0,0
2022-11-19 21:00,17,10,7,0,0,0
2022-11-19 21:15,7,2,5,0,0,0
2022-11-19 21:30,6,5,1,0,0,0
2022-11-19 21:45,7,4,3,0,0,0
2022-11-19 22:00,18,9,9,0,0,0
2022-11-19 22:15,14,9,5,0,0,0
2022-11-19 22:30,16,5,11,0,0,0
2022-11-19 22:45,16,11,5,0,0,0
2022-11-19 23:00,6,3,3,0,0,0
2022-11-19 23:15,8,7,1,0,0,0
2022-11-19 23:30,10,5,5,0,0,0
2022-11-19 23:45,13,5,8,0,0,0
2022-11-20 00:00,18,5,13,0,0,0
2022-11-20 00:15,7,3,4,0,0,0
2022-11-20 00:30,8,7,1,0,0,0
2022-11-20 00:45,11,4,7,0,0,0
2022-11-20 01:00,9,7,2,0,0,0
2022-11-20 01:15,11,6,5,0,0,0
2022-11-20 01:30,15,10,5,0,0,0
2022-11-20 01:45,12,2,10,0,0,0
2022-11-20 02:00,15,2,13,0,0,0
2022-11-20 02:15,2,1,1,0,0,0
2022-11-20 02:30,7,0,7,0,0,0
2022-11-20 02:45,7,4,3,0,0,0
2022-11-20 03:00,3,2,1,0,0,0
2022-11-20 03:15,8,2,6,0,0,0
2022-11-20 03:30,3,3,0,0,0,0
2022-11-20 03:45,4,2,2,0,0,0
2022-11-20 04:00,2,2,0,0,0,0
2022-11-20 04:15,5,0,5,0,0,0
2022-11-20 04:30,3,2,1,0,0,0
2022-11-20 04:45,8,7,1,0,0,0
2022-11-20 05:00,0,0,0,0,0,0
2022-11-20 05:15,4,1,3,0,0,0
2022-11-20 05:30,5,3,2,0,0,0
2022-11-20 05:45,4,2,2,0,0,0
2022-11-20 06:00,2,2,0,0,0,0
2022-11-20 06:15,6,5,1,0,0,0
2022-11-20 06:30,0,0,0,0,0,0
2022-11-20 06:45,3,1,2,0,0,0
2022-11-20 07:00,3,1,2,0,0,0
2022-11-20 07:15,1,0,1,0,0,0
2022-11-20 07:30,4,1,3,0,0,0
2022-11-20 07:45,4,3,1,0,0,0
2022-11-20 08:00,5,3,2,0,0,0
2022-11-20 08:15,4,1,3,0,0,0
2022-11-20 08:30,4,1,3,0,0,0
2022-11-20 08:45,7,5,2,0,0,0
2022-11-20 09:00,4,2,2,0,0,0
2022-11-20 09:15,10,8,2,0,0,0
2022-11-20 09:30,10,10,0,0,0,0
2022-11-20 09:45,23,15,8,0,0,0
2022-11-20 10:00,11,10,1,0,0,0
2022-11-20 10:15,11,10,1,0,0,0
2022-11-20 10:30,12,10,2,0,0,0
2022-11-20 10:45,27,16,11,0,0,0
2022-11-20 11:00,21,18,3,0,0,0
2022-11-20 11:15,13,11,2,0,0,0
2022-11-20 11:30,17,14,3,0,0,0
2022-11-20 11:45,23,15,8,0,0,0
2022-11-20 12:00,19,11,8,0,0,0
2022-11-20 12:15,23,15,8,0,0,0
2022-11-20 12:30,21,12,9,0,0,0
2022-11-20 12:45,27,17,10,0,0,0
2022-11-20 13:00,12,9,3,0,0,0
2022-11-20 13:15,22,13,9,0,0,0
2022-11-20 13:30,23,7,16,0,0,0
2022-11-20 13:45,31,25,6,0,0,0
2022-11-20 14:00,21,11,10,0,0,0
2022-11-20 14:15,29,17,12,0,0,0
2022-11-20 14:30,29,16,13,0,0,0
2022-11-20 14:45,38,22,16,0,0,0
2022-11-20 15:00,21,8,13,0,0,0
2022-11-20 15:15,14,9,5,0,0,0
2022-11-20 15:30,28,11,17,0,0,0
2022-11-20 15:45,21,7,14,0,0,0
2022-11-20 16:00,24,16,8,0,0,0
2022-11-20 16:15,25,18,7,0,0,0
2022-11-20 16:30,17,10,7,0,0,0
2022-11-20 16:45,18,9,9,0,0,0
2022-11-20 17:00,22,12,10,0,0,0
2022-11-20 17:15,31,19,12,0,0,0
2022-11-20 17:30,23,9,14,0,0,0
2022-11-20 17:45,33,16,17,0,0,0
2022-11-20 18:00,19,12,7,0,0,0
2022-11-20 18:15,22,13,9,0,0,0
2022-11-20 18:30,24,10,14,0,0,0
2022-11-20 18:45,14,8,6,0,0,0
2022-11-20 19:00,12,6,6,0,0,0
2022-11-20 19:15,12,4,8,0,0,0
2022-11-20 19:30,14,6,8,0,0,0
2022-11-20 19:45,14,5,9,0,0,0
2022-11-20 20:00,16,10,6,0,0,0
2022-11-20 20:15,17,9,8,0,0,0
2022-11-20 20:30,10,9,1,0,0,0
2022-11-20 20:45,9,5,4,0,0,0
2022-11-20 21:00,4,3,1,0,0,0
2022-11-20 21:15,5,2,3,0,0,0
2022-11-20 21:30,9,3,6,0,0,0
2022-11-20 21:45,8,4,4,0,0,0
2022-11-20 22:00,6,2,4,0,0,0
2022-11-20 22:15,13,7,6,0,0,0
2022-11-20 22:30,10,4,6,0,0,0
2022-11-20 22:45,8,1,7,0,0,0
2022-11-20 23:00,2,1,1,0,0,0
2022-11-20 23:15,2,0,2,0,0,0
2022-11-20 23:30,2,0,2,0,0,0
2022-11-20 23:45,8,6,2,0,0,0
2022-11-21 00:00,3,0,3,0,0,0
2022-11-21 00:15,2,1,1,0,0,0
2022-11-21 00:30,1,1,0,0,0,0
2022-11-21 00:45,1,0,1,0,0,0
2022-11-21 01:00,1,0,1,0,0,0
2022-11-21 01:15,0,0,0,0,0,0
2022-11-21 01:30,0,0,0,0,0,0
2022-11-21 01:45,0,0,0,0,0,0
2022-11-21 02:00,0,0,0,0,0,0
2022-11-21 02:15,3,1,2,0,0,0
2022-11-21 02:30,0,0,0,0,0,0
2022-11-21 02:45,0,0,0,0,0,0
2022-11-21 03:00,1,0,1,0,0,0
2022-11-21 03:15,3,1,2,0,0,0
2022-11-21 03:30,0,0,0,0,0,0
2022-11-21 03:45,0,0,0,0,0,0
2022-11-21 04:00,0,0,0,0,0,0
2022-11-21 04:15,0,0,0,0,0,0
2022-11-21 04:30,4,4,0,0,0,0
2022-11-21 04:45,5,4,1,0,0,0
2022-11-21 05:00,1,0,1,0,0,0
2022-11-21 05:15,4,2,2,0,0,0
2022-11-21 05:30,6,5,1,0,0,0
2022-11-21 05:45,9,7,2,0,0,0
2022-11-21 06:00,7,5,2,0,0,0
2022-11-21 06:15,14,8,6,0,0,0
2022-11-21 06:30,21,13,8,0,0,0
2022-11-21 06:45,39,19,20,0,0,0
2022-11-21 07:00,37,20,17,0,0,0
2022-11-21 07:15,58,41,17,0,0,0
2022-11-21 07:30,124,88,36,0,0,0
2022-11-21 07:45,106,69,37,0,0,0
2022-11-21 08:00,78,47,31,0,0,0
2022-11-21 08:15,73,47,26,0,0,0
2022-11-21 08:30,53,36,17,0,0,0
2022-11-21 08:45,60,40,20,0,0,0
2022-11-21 09:00,33,27,6,0,0,0
2022-11-21 09:15,38,26,12,0,0,0
2022-11-21 09:30,35,26,9,0,0,0
2022-11-21 09:45,52,44,8,0,0,0
2022-11-21 10:00,53,36,17,0,0,0
2022-11-21 10:15,32,22,10,0,0,0
2022-11-21 10:30,24,16,8,0,0,0
2022-11-21 10:45,26,18,8,0,0,0
2022-11-21 11:00,44,37,7,0,0,0
2022-11-21 11:15,30,20,10,0,0,0
2022-11-21 11:30,32,18,14,0,0,0
2022-11-21 11:45,48,29,19,0,0,0
2022-11-21 12:00,60,43,17,0,0,0
2022-11-21 12:15,38,22,16,0,0,0
2022-11-21 12:30,35,16,19,0,0,0
2022-11-21 12:45,56,28,28,0,0,0
2022-11-21 13:00,42,26,16,0,0,0
2022-11-21 13:15,37,18,19,0,0,0
2022-11-21 13:30,31,16,15,0,0,0
2022-11-21 13:45,61,40,21,0,0,0
2022-11-21 14:00,46,30,16,0,0,0
2022-11-21 14:15,40,22,18,0,0,0
2022-11-21 14:30,46,25,21,0,0,0
2022-11-21 14:45,52,36,16,0,0,0
2022-11-21 15:00,56,39,17,0,0,0
2022-11-21 15:15,46,34,12,0,0,0
2022-11-21 15:30,78,48,30,0,0,0
2022-11-21 15:45,95,58,37,0,0,0
2022-11-21 16:00,94,55,39,0,0,0
2022-11-21 16:15,79,55,24,0,0,0
2022-11-21 16:30,66,41,25,0,0,0
2022-11-21 16:45,75,56,19,0,0,0
2022-11-21 17:00,75,49,26,0,0,0
2022-11-21 17:15,87,55,32,0,0,0
2022-11-21 17:30,89,54,35,0,0,0
2022-11-21 17:45,123,71,52,0,0,0
2022-11-21 18:00,88,54,34,0,0,0
2022-11-21 18:15,53,36,17,0,0,0
2022-11-21 18:30,59,41,18,0,0,0
2022-11-21 18:45,51,32,19,0,0,0
2022-11-21 19:00,31,19,12,0,0,0
2022-11-21 19:15,51,26,25,0,0,0
2022-11-21 19:30,45,21,24,0,0,0
2022-11-21 19:45,50,18,32,0,0,0
2022-11-21 20:00,38,11,27,0,0,0
2022-11-21 20:15,29,9,20,0,0,0
2022-11-21 20:30,36,11,25,0,0,0
2022-11-21 20:45,34,19,15,0,0,0
2022-11-21 21:00,20,7,13,0,0,0
2022-11-21 21:15,27,18,9,0,0,0
2022-11-21 21:30,34,14,20,0,0,0
2022-11-21 21:45,24,15,9,0,0,0
2022-11-21 22:00,13,6,7,0,0,0
2022-11-21 22:15,21,10,11,0,0,0
2022-11-21 22:30,24,11,13,0,0,0
2022-11-21 22:45,6,2,4,0,0,0
2022-11-21 23:00,15,4,11,0,0,0
2022-11-21 23:15,8,3,5,0,0,0
2022-11-21 23:30,7,3,4,0,0,0
2022-11-21 23:45,9,3,6,0,0,0
2022-11-22 00:00,3,1,2,0,0,0
2022-11-22 00:15,5,1,4,0,0,0
2022-11-22 00:30,3,2,1,0,0,0
2022-11-22 00:45,1,0,1,0,0,0
2022-11-22 01:00,0,0,0,0,0,0
2022-11-22 01:15,2,0,2,0,0,0
2022-11-22 01:30,3,0,3,0,0,0
2022-11-22 01:45,4,0,4,0,0,0
2022-11-22 02:00,1,1,0,0,0,0
2022-11-22 02:15,2,1,1,0,0,0
2022-11-22 02:30,0,0,0,0,0,0
2022-11-22 02:45,0,0,0,0,0,0
2022-11-22 03:00,1,0,1,0,0,0
2022-11-22 03:15,2,1,1,0,0,0
2022-11-22 03:30,0,0,0,0,0,0
2022-11-22 03:45,0,0,0,0,0,0
2022-11-22 04:00,1,1,0,0,0,0
2022-11-22 04:15,0,0,0,0,0,0
2022-11-22 04:30,1,1,0,0,0,0
2022-11-22 04:45,6,6,0,0,0,0
2022-11-22 05:00,0,0,0,0,0,0
2022-11-22 05:15,2,2,0,0,0,0
2022-11-22 05:30,9,4,5,0,0,0
2022-11-22 05:45,9,6,3,0,0,0
2022-11-22 06:00,12,8,4,0,0,0
2022-11-22 06:15,21,11,10,0,0,0
2022-11-22 06:30,19,10,9,0,0,0
2022-11-22 06:45,41,19,22,0,0,0
2022-11-22 07:00,37,15,22,0,0,0
2022-11-22 07:15,69,43,26,0,0,0
2022-11-22 07:30,150,92,58,0,0,0
2022-11-22 07:45,138,62,76,0,0,0
2022-11-22 08:00,119,72,47,0,0,0
2022-11-22 08:15,82,49,33,0,0,0
2022-11-22 08:30,84,48,36,0,0,0
2022-11-22 08:45,84,50,34,0,0,0
2022-11-22 09:00,46,30,16,0,0,0
2022-11-22 09:15,59,43,16,0,0,0
2022-11-22 09:30,60,42,18,0,0,0
2022-11-22 09:45,80,52,28,0,0,0
2022-11-22 10:00,51,42,9,0,0,0
2022-11-22 10:15,31,22,9,0,0,0
2022-11-22 10:30,29,21,8,0,0,0
2022-11-22 10:45,48,38,10,0,0,0
2022-11-22 11:00,30,21,9,0,0,0
2022-11-22 11:15,36,25,11,0,0,0
2022-11-22 11:30,50,33,17,0,0,0
2022-11-22 11:45,64,38,26,0,0,0
2022-11-22 12:00,73,49,24,0,0,0
2022-11-22 12:15,49,33,16,0,0,0
2022-11-22 12:30,65,37,28,0,0,0
2022-11-22 12:45,58,37,21,0,0,0
2022-11-22 13:00,49,26,23,0,0,0
2022-11-22 13:15,58,26,32,0,0,0
2022-11-22 13:30,66,46,20,0,0,0
2022-11-22 13:45,85,50,35,0,0,0
2022-11-22 14:00,83,51,32,0,0,0
2022-11-22 14:15,49,33,16,0,0,0
2022-11-22 14:30,57,38,19,0,0,0
2022-11-22 14:45,51,30,21,0,0,0
2022-11-22 15:00,66,47,19,0,0,0
2022-11-22 15:15,70,49,21,0,0,0
2022-11-22 15:30,93,64,29,0,0,0
2022-11-22 15:45,78,49,29,0,0,0
2022-11-22 16:00,97,61,36,0,0,0
2022-11-22 16:15,97,56,41,0,0,0
2022-11-22 16:30,73,43,30,0,0,0
2022-11-22 16:45,87,56,31,0,0,0
2022-11-22 17:00,75,46,29,0,0,0
2022-11-22 17:15,83,53,30,0,0,0
2022-11-22 17:30,101,69,32,0,0,0
2022-11-22 17:45,102,61,41,0,0,0
2022-11-22 18:00,94,59,35,0,0,0
2022-11-22 18:15,79,46,33,0,0,0
2022-11-22 18:30,53,32,21,0,0,0
2022-11-22 18:45,63,35,28,0,0,0
2022-11-22 19:00,58,28,30,0,0,0
2022-11-22 19:15,42,23,19,0,0,0
2022-11-22 19:30,44,23,21,0,0,0
2022-11-22 19:45,52,28,24,0,0,0
2022-11-22 20:00,44,12,32,0,0,0
2022-11-22 20:15,43,14,29,0,0,0
2022-11-22 20:30,31,12,19,0,0,0
2022-11-22 20:45,26,6,20,0,0,0
2022-11-22 21:00,40,20,20,0,0,0
2022-11-22 21:15,17,8,9,0,0,0
2022-11-22 21:30,27,10,17,0,0,0
2022-11-22 21:45,24,9,15,0,0,0
2022-11-22 22:00,19,6,13,0,0,0
2022-11-22 22:15,18,8,10,0,0,0
2022-11-22 22:30,13,7,6,0,0,0
2022-11-22 22:45,11,3,8,0,0,0
2022-11-22 23:00,11,8,3,0,0,0
2022-11-22 23:15,10,4,6,0,0,0
2022-11-22 23:30,9,2,7,0,0,0
2022-11-22 23:45,6,4,2,0,0,0
2022-11-23 00:00,9,1,8,0,0,0
2022-11-23 00:15,7,3,4,0,0,0
2022-11-23 00:30,4,1,3,0,0,0
2022-11-23 00:45,4,2,2,0,0,0
2022-11-23 01:00,8,0,8,0,0,0
2022-11-23 01:15,4,3,1,0,0,0
2022-11-23 01:30,1,0,1,0,0,0
2022-11-23 01:45,2,1,1,0,0,0
2022-11-23 02:00,1,0,1,0,0,0
2022-11-23 02:15,0,0,0,0,0,0
2022-11-23 02:30,3,1,2,0,0,0
2022-11-23 02:45,1,0,1,0,0,0
2022-11-23 03:00,1,0,1,0,0,0
2022-11-23 03:15,2,1,1,0,0,0
2022-11-23 03:30,1,0,1,0,0,0
2022-11-23 03:45,4,1,3,0,0,0
2022-11-23 04:00,0,0,0,0,0,0
2022-11-23 04:15,2,2,0,0,0,0
2022-11-23 04:30,2,2,0,0,0,0
2022-11-23 04:45,5,4,1,0,0,0
2022-11-23 05:00,1,1,0,0,0,0
2022-11-23 05:15,5,4,1,0,0,0
2022-11-23 05:30,8,4,4,0,0,0
2022-11-23 05:45,10,5,5,0,0,0
2022-11-23 06:00,10,7,3,0,0,0
2022-11-23 06:15,18,12,6,0,0,0
2022-11-23 06:30,23,11,12,0,0,0
2022-11-23 06:45,47,25,22,0,0,0
2022-11-23 07:00,50,28,22,0,0,0
2022-11-23 07:15,65,41,24,0,0,0
2022-11-23 07:30,132,97,35,0,0,0
2022-11-23 07:45,132,71,61,0,0,0
2022-11-23 08:00,99,58,41,0,0,0
2022-11-23 08:15,93,57,36,0,0,0
2022-11-23 08:30,72,46,26,0,0,0
2022-11-23 08:45,85,52,33,0,0,0
2022-11-23 09:00,43,29,14,0,0,0
2022-11-23 09:15,42,30,12,0,0,0
2022-11-23 09:30,47,33,14,0,0,0
2022-11-23 09:45,80,49,31,0,0,0
2022-11-23 10:00,58,38,20,0,0,0
2022-11-23 10:15,26,15,11,0,0,0
2022-11-23 10:30,35,30,5,0,0,0
2022-11-23 10:45,52,35,17,0,0,0
2022-11-23 11:00,45,30,15,0,0,0
2022-11-23 11:15,40,28,12,0,0,0
2022-11-23 11:30,58,47,11,0,0,0
2022-11-23 11:45,67,46,21,0,0,0
2022-11-23 12:00,48,40,8,0,0,0
2022-11-23 12:15,40,23,17,0,0,0
2022-11-23 12:30,65,42,23,0,0,0
2022-11-23 12:45,74,46,28,0,0,0
2022-11-23 13:00,57,38,19,0,0,0
2022-11-23 13:15,42,29,13,0,0,0
2022-11-23 13:30,53,34,19,0,0,0
2022-11-23 13:45,75,53,22,0,0,0
2022-11-23 14:00,55,32,23,0,0,0
2022-11-23 14:15,46,28,18,0,0,0
2022-11-23 14:30,51,29,22,0,0,0
2022-11-23 14:45,54,30,24,0,0,0
2022-11-23 15:00,63,37,26,0,0,0
2022-11-23 15:15,56,41,15,0,0,0
2022-11-23 15:30,59,36,23,0,0,0
2022-11-23 15:45,93,50,43,0,0,0
2022-11-23 16:00,102,62,40,0,0,0
2022-11-23 16:15,107,78,29,0,0,0
2022-11-23 16:30,71,45,26,0,0,0
2022-11-23 16:45,86,52,34,0,0,0
2022-11-23 17:00,67,43,24,0,0,0
2022-11-23 17:15,107,70,37,0,0,0
2022-11-23 17:30,84,54,30,0,0,0
2022-11-23 17:45,86,58,28,0,0,0
2022-11-23 18:00,80,52,28,0,0,0
2022-11-23 18:15,66,44,22,0,0,0
2022-11-23 18:30,58,35,23,0,0,0
2022-11-23 18:45,66,38,28,0,0,0
2022-11-23 19:00,63,40,23,0,0,0
2022-11-23 19:15,65,31,34,0,0,0
2022-11-23 19:30,39,18,21,0,0,0
2022-11-23 19:45,40,21,19,0,0,0
2022-11-23 20:00,45,20,25,0,0,0
2022-11-23 20:15,45,15,30,0,0,0
2022-11-23 20:30,31,21,10,0,0,0
2022-11-23 20:45,34,15,19,0,0,0
2022-11-23 21:00,19,12,7,0,0,0
2022-11-23 21:15,32,18,14,0,0,0
2022-11-23 21:30,35,11,24,0,0,0
2022-11-23 21:45,21,7,14,0,0,0
2022-11-23 22:00,29,13,16,0,0,0
2022-11-23 22:15,23,10,13,0,0,0
2022-11-23 22:30,24,11,13,0,0,0
2022-11-23 22:45,19,4,15,0,0,0
2022-11-23 23:00,16,2,14,0,0,0
2022-11-23 23:15,19,10,9,0,0,0
2022-11-23 23:30,10,1,9,0,0,0
2022-11-23 23:45,14,10,4,0,0,0
2022-11-24 00:00,14,9,5,0,0,0
2022-11-24 00:15,15,5,10,0,0,0
2022-11-24 00:30,17,8,9,0,0,0
2022-11-24 00:45,3,0,3,0,0,0
2022-11-24 01:00,5,2,3,0,0,0
2022-11-24 01:15,3,2,1,0,0,0
2022-11-24 01:30,6,5,1,0,0,0
2022-11-24 01:45,6,3,3,0,0,0
2022-11-24 02:00,3,0,3,0,0,0
2022-11-24 02:15,6,2,4,0,0,0
2022-11-24 02:30,3,0,3,0,0,0
2022-11-24 02:45,2,1,1,0,0,0
2022-11-24 03:00,4,1,3,0,0,0
2022-11-24 03:15,2,1,1,0,0,0
2022-11-24 03:30,3,0,3,0,0,0
2022-11-24 03:45,2,0,2,0,0,0
2022-11-24 04:00,4,1,3,0,0,0
2022-11-24 04:15,1,1,0,0,0,0
2022-11-24 04:30,4,4,0,0,0,0
2022-11-24 04:45,7,7,0,0,0,0
2022-11-24 05:00,3,3,0,0,0,0
2022-11-24 05:15,3,3,0,0,0,0
2022-11-24 05:30,10,5,5,0,0,0
2022-11-24 05:45,12,8,4,0,0,0
2022-11-24 06:00,12,7,5,0,0,0
2022-11-24 06:15,20,13,7,0,0,0
2022-11-24 06:30,22,10,12,0,0,0
2022-11-24 06:45,44,20,24,0,0,0
2022-11-24 07:00,37,21,16,0,0,0
2022-11-24 07:15,59,37,22,0,0,0
2022-11-24 07:30,157,98,59,0,0,0
2022-11-24 07:45,123,60,63,0,0,0
2022-11-24 08:00,84,46,38,0,0,0
2022-11-24 08:15,94,50,44,0,0,0
2022-11-24 08:30,71,40,31,0,0,0
2022-11-24 08:45,65,36,29,0,0,0
2022-11-24 09:00,47,37,10,0,0,0
2022-11-24 09:15,26,25,1,0,0,0
2022-11-24 09:30,31,30,1,0,0,0
2022-11-24 09:45,52,31,21,0,0,0
2022-11-24 10:00,56,49,7,0,0,0
2022-11-24 10:15,37,25,12,0,0,0
2022-11-24 10:30,27,18,9,0,0,0
2022-11-24 10:45,41,32,9,0,0,0
2022-11-24 11:00,28,21,7,0,0,0
2022-11-24 11:15,28,16,12,0,0,0
2022-11-24 11:30,31,18,13,0,0,0
2022-11-24 11:45,48,33,15,0,0,0
2022-11-24 12:00,52,43,9,0,0,0
2022-11-24 12:15,36,20,16,0,0,0
2022-11-24 12:30,61,27,34,0,0,0
2022-11-24 12:45,51,39,12,0,0,0
2022-11-24 13:00,55,30,25,0,0,0
2022-11-24 13:15,51,31,20,0,0,0
2022-11-24 13:30,52,30,22,0,0,0
2022-11-24 13:45,66,46,20,0,0,0
2022-11-24 14:00,73,48,25,0,0,0
2022-11-24 14:15,48,31,17,0,0,0
2022-11-24 14:30,56,31,25,0,0,0
2022-11-24 14:45,59,40,19,0,0,0
2022-11-24 15:00,50,29,21,0,0,0
2022-11-24 15:15,64,47,17,0,0,0
2022-11-24 15:30,85,61,24,0,0,0
2022-11-24 15:45,87,62,25,0,0,0
2022-11-24 16:00,111,75,36,0,0,0
2022-11-24 16:15,79,56,23,0,0,0
2022-11-24 16:30,76,55,21,0,0,0
2022-11-24 16:45,75,54,21,0,0,0
2022-11-24 17:00,72,50,22,0,0,0
2022-11-24 17:15,78,48,30,0,0,0
2022-11-24 17:30,87,54,33,0,0,0
2022-11-24 17:45,116,62,54,0,0,0
2022-11-24 18:00,98,62,36,0,0,0
2022-11-24 18:15,71,46,25,0,0,0
2022-11-24 18:30,50,37,13,0,0,0
2022-11-24 18:45,52,28,24,0,0,0
2022-11-24 19:00,55,34,21,0,0,0
2022-11-24 19:15,61,30,31,0,0,0
2022-11-24 19:30,44,21,23,0,0,0
2022-11-24 19:45,73,40,33,0,0,0
2022-11-24 20:00,44,17,27,0,0,0
2022-11-24 20:15,53,21,32,0,0,0
2022-11-24 20:30,28,18,10,0,0,0
2022-11-24 20:45,21,9,12,0,0,0
2022-11-24 21:00,25,18,7,0,0,0
2022-11-24 21:15,24,9,15,0,0,0
2022-11-24 21:30,27,12,15,0,0,0
2022-11-24 21:45,22,12,10,0,0,0
2022-11-24 22:00,12,5,7,0,0,0
2022-11-24 22:15,31,15,16,0,0,0
2022-11-24 22:30,21,13,8,0,0,0
2022-11-24 22:45,20,9,11,0,0,0
2022-11-24 23:00,13,6,7,0,0,0
2022-11-24 23:15,15,6,9,0,0,0
2022-11-24 23:30,18,7,11,0,0,0
2022-11-24 23:45,10,3,7,0,0,0
2022-11-25 00:00,9,5,4,0,0,0
2022-11-25 00:15,9,4,5,0,0,0
2022-11-25 00:30,8,3,5,0,0,0
2022-11-25 00:45,6,4,2,0,0,0
2022-11-25 01:00,1,0,1,0,0,0
2022-11-25 01:15,5,4,1,0,0,0
2022-11-25 01:30,2,0,2,0,0,0
2022-11-25 01:45,2,0,2,0,0,0
2022-11-25 02:00,4,0,4,0,0,0
2022-11-25 02:15,3,0,3,0,0,0
2022-11-25 02:30,0,0,0,0,0,0
2022-11-25 02:45,3,1,2,0,0,0
2022-11-25 03:00,1,0,1,0,0,0
2022-11-25 03:15,2,1,1,0,0,0
2022-11-25 03:30,0,0,0,0,0,0
2022-11-25 03:45,1,1,0,0,0,0
2022-11-25 04:00,0,0,0,0,0,0
2022-11-25 04:15,2,1,1,0,0,0
2022-11-25 04:30,3,3,0,0,0,0
2022-11-25 04:45,4,4,0,0,0,0
2022-11-25 05:00,0,0,0,0,0,0
2022-11-25 05:15,5,3,2,0,0,0
2022-11-25 05:30,9,6,3,0,0,0
2022-11-25 05:45,8,6,2,0,0,0
2022-11-25 06:00,4,1,3,0,0,0
2022-11-25 06:15,13,11,2,0,0,0
2022-11-25 06:30,17,11,6,0,0,0
2022-11-25 06:45,27,15,12,0,0,0
2022-11-25 07:00,32,20,12,0,0,0
2022-11-25 07:15,45,31,14,0,0,0
2022-11-25 07:30,129,91,38,0,0,0
2022-11-25 07:45,114,66,48,0,0,0
2022-11-25 08:00,64,37,27,0,0,0
2022-11-25 08:15,73,51,22,0,0,0
2022-11-25 08:30,49,25,24,0,0,0
2022-11-25 08:45,46,31,15,0,0,0
2022-11-25 09:00,32,25,7,0,0,0
2022-11-25 09:15,40,31,9,0,0,0
2022-11-25 09:30,44,34,10,0,0,0
2022-11-25 09:45,58,45,13,0,0,0
2022-11-25 10:00,53,36,17,0,0,0
2022-11-25 10:15,40,26,14,0,0,0
2022-11-25 10:30,36,24,12,0,0,0
2022-11-25 10:45,36,27,9,0,0,0
2022-11-25 11:00,33,22,11,0,0,0
2022-11-25 11:15,38,28,10,0,0,0
2022-11-25 11:30,27,14,13,0,0,0
2022-11-25 11:45,44,31,13,0,0,0
2022-11-25 12:00,47,32,15,0,0,0
2022-11-25 12:15,51,28,23,0,0,0
2022-11-25 12:30,58,33,25,0,0,0
2022-11-25 12:45,70,47,23,0,0,0
2022-11-25 13:00,66,40,26,0,0,0
2022-11-25 13:15,57,28,29,0,0,0
2022-11-25 13:30,60,33,27,0,0,0
2022-11-25 13:45,68,40,28,0,0,0
2022-11-25 14:00,71,39,32,0,0,0
2022-11-25 14:15,56,36,20,0,0,0
2022-11-25 14:30,46,27,19,0,0,0
2022-11-25 14:45,63,38,25,0,0,0
2022-11-25 15:00,56,39,17,0,0,0
2022-11-25 15:15,57,33,24,0,0,0
2022-11-25 15:30,64,39,25,0,0,0
2022-11-25 15:45,65,44,21,0,0,0
2022-11-25 16:00,77,47,30,0,0,0
2022-11-25 16:15,68,48,20,0,0,0
2022-11-25 16:30,40,24,16,0,0,0
2022-11-25 16:45,69,50,19,0,0,0
2022-11-25 17:00,74,56,18,0,0,0
2022-11-25 17:15,62,32,30,0,0,0
2022-11-25 17:30,52,29,23,0,0,0
2022-11-25 17:45,78,58,20,0,0,0
2022-11-25 18:00,56,35,21,0,0,0
2022-11-25 18:15,69,47,22,0,0,0
2022-11-25 18:30,53,31,22,0,0,0
2022-11-25 18:45,55,36,19,0,0,0
2022-11-25 19:00,38,23,15,0,0,0
2022-11-25 19:15,51,24,27,0,0,0
2022-11-25 19:30,37,25,12,0,0,0
2022-11-25 19:45,40,22,18,0,0,0
2022-11-25 20:00,46,24,22,0,0,0
2022-11-25 20:15,38,18,20,0,0,0
2022-11-25 20:30,27,17,10,0,0,0
2022-11-25 20:45,28,15,13,0,0,0
2022-11-25 21:00,33,20,13,0,0,0
2022-11-25 21:15,26,20,6,0,0,0
2022-11-25 21:30,22,14,8,0,0,0
2022-11-25 21:45,24,12,12,0,0,0
2022-11-25 22:00,25,12,13,0,0,0
2022-11-25 22:15,23,14,9,0,0,0
2022-11-25 22:30,23,12,11,0,0,0
2022-11-25 22:45,17,7,10,0,0,0
2022-11-25 23:00,20,11,9,0,0,0
2022-11-25 23:15,13,3,10,0,0,0
2022-11-25 23:30,14,6,8,0,0,0
2022-11-25 23:45,15,6,9,0,0,0
2022-11-26 00:00,16,9,7,0,0,0
2022-11-26 00:15,13,3,10,0,0,0
2022-11-26 00:30,15,6,9,0,0,0
2022-11-26 00:45,23,16,7,0,0,0
2022-11-26 01:00,21,11,10,0,0,0
2022-11-26 01:15,9,2,7,0,0,0
2022-11-26 01:30,20,13,7,0,0,0
2022-11-26 01:45,10,7,3,0,0,0
2022-11-26 02:00,10,1,9,0,0,0
2022-11-26 02:15,10,4,6,0,0,0
2022-11-26 02:30,6,2,4,0,0,0
2022-11-26 02:45,13,3,10,0,0,0
2022-11-26 03:00,9,3,6,0,0,0
2022-11-26 03:15,13,9,4,0,0,0
2022-11-26 03:30,12,6,6,0,0,0
2022-11-26 03:45,7,0,7,0,0,0
2022-11-26 04:00,3,0,3,0,0,0
2022-11-26 04:15,9,2,7,0,0,0
2022-11-26 04:30,2,1,1,0,0,0
2022-11-26 04:45,3,2,1,0,0,0
2022-11-26 05:00,1,1,0,0,0,0
2022-11-26 05:15,2,1,1,0,0,0
2022-11-26 05:30,6,3,3,0,0,0
2022-11-26 05:45,5,4,1,0,0,0
2022-11-26 06:00,5,4,1,0,0,0
2022-11-26 06:15,1,1,0,0,0,0
2022-11-26 06:30,2,1,1,0,0,0
2022-11-26 06:45,1,1,0,0,0,0
2022-11-26 07:00,1,0,1,0,0,0
2022-11-26 07:15,5,1,4,0,0,0
2022-11-26 07:30,11,8,3,0,0,0
2022-11-26 07:45,8,3,5,0,0,0
2022-11-26 08:00,9,8,1,0,0,0
2022-11-26 08:15,12,11,1,0,0,0
2022-11-26 08:30,13,12,1,0,0,0
2022-11-26 08:45,20,10,10,0,0,0
2022-11-26 09:00,20,12,8,0,0,0
2022-11-26 09:15,19,16,3,0,0,0
2022-11-26 09:30,34,29,5,0,0,0
2022-11-26 09:45,38,29,9,0,0,0
2022-11-26 10:00,31,24,7,0,0,0
2022-11-26 10:15,33,26,7,0,0,0
2022-11-26 10:30,28,18,10,0,0,0
2022-11-26 10:45,43,32,11,0,0,0
2022-11-26 11:00,32,24,8,0,0,0
2022-11-26 11:15,41,22,19,0,0,0
2022-11-26 11:30,42,28,14,0,0,0
2022-11-26 11:45,53,34,19,0,0,0
2022-11-26 12:00,36,27,9,0,0,0
2022-11-26 12:15,68,57,11,0,0,0
2022-11-26 12:30,39,23,16,0,0,0
2022-11-26 12:45,46,32,14,0,0,0
2022-11-26 13:00,39,28,11,0,0,0
2022-11-26 13:15,50,37,13,0,0,0
2022-11-26 13:30,37,19,18,0,0,0
2022-11-26 13:45,46,32,14,0,0,0
2022-11-26 14:00,39,20,19,0,0,0
2022-11-26 14:15,47,29,18,0,0,0
2022-11-26 14:30,52,29,23,0,0,0
2022-11-26 14:45,44,27,17,0,0,0
2022-11-26 15:00,46,26,20,0,0,0
2022-11-26 15:15,44,24,20,0,0,0
2022-11-26 15:30,38,22,16,0,0,0
2022-11-26 15:45,37,22,15,0,0,0
2022-11-26 16:00,40,29,11,0,0,0
2022-11-26 16:15,43,24,19,0,0,0
2022-11-26 16:30,35,22,13,0,0,0
2022-11-26 16:45,38,18,20,0,0,0
2022-11-26 17:00,41,20,21,0,0,0
2022-11-26 17:15,47,31,16,0,0,0
2022-11-26 17:30,28,18,10,0,0,0
2022-11-26 17:45,44,34,10,0,0,0
2022-11-26 18:00,37,25,12,0,0,0
2022-11-26 18:15,53,30,23,0,0,0
2022-11-26 18:30,27,17,10,0,0,0
2022-11-26 18:45,49,34,15,0,0,0
2022-11-26 19:00,40,33,7,0,0,0
2022-11-26 19:15,57,44,13,0,0,0
2022-11-26 19:30,28,17,11,0,0,0
2022-11-26 19:45,39,21,18,0,0,0
2022-11-26 20:00,45,24,21,0,0,0
2022-11-26 20:15,31,22,9,0,0,0
2022-11-26 20:30,15,6,9,0,0,0
2022-11-26 20:45,16,7,9,0,0,0
2022-11-26 21:00,20,9,11,0,0,0
2022-11-26 21:15,14,6,8,0,0,0
2022-11-26 21:30,18,8,10,0,0,0
2022-11-26 21:45,27,11,16,0,0,0
2022-11-26 22:00,22,11,11,0,0,0
2022-11-26 22:15,18,8,10,0,0,0
2022-11-26 22:30,27,12,15,0,0,0
2022-11-26 22:45,23,8,15,0,0,0
2022-11-26 23:00,11,4,7,0,0,0
2022-11-26 23:15,12,6,6,0,0,0
2022-11-26 23:30,10,2,8,0,0,0
2022-11-26 23:45,14,5,9,0,0,0
2022-11-27 00:00,11,7,4,0,0,0
2022-11-27 00:15,19,5,14,0,0,0
2022-11-27 00:30,12,1,11,0,0,0
2022-11-27 00:45,13,8,5,0,0,0
2022-11-27 01:00,8,4,4,0,0,0
2022-11-27 01:15,15,6,9,0,0,0
2022-11-27 01:30,12,6,6,0,0,0
2022-11-27 01:45,4,2,2,0,0,0
2022-11-27 02:00,4,1,3,0,0,0
2022-11-27 02:15,9,0,9,0,0,0
2022-11-27 02:30,9,3,6,0,0,0
2022-11-27 02:45,14,4,10,0,0,0
2022-11-27 03:00,5,3,2,0,0,0
2022-11-27 03:15,4,1,3,0,0,0
2022-11-27 03:30,3,0,3,0,0,0
2022-11-27 03:45,0,0,0,0,0,0
2022-11-27 04:00,1,1,0,0,0,0
2022-11-27 04:15,1,0,1,0,0,0
2022-11-27 04:30,6,4,2,0,0,0
2022-11-27 04:45,6,4,2,0,0,0
2022-11-27 05:00,2,0,2,0,0,0
2022-11-27 05:15,5,3,2,0,0,0
2022-11-27 05:30,3,2,1,0,0,0
2022-11-27 05:45,5,3,2,0,0,0
2022-11-27 06:00,2,1,1,0,0,0
2022-11-27 06:15,2,0,2,0,0,0
2022-11-27 06:30,2,0,2,0,0,0
2022-11-27 06:45,3,2,1,0,0,0
2022-11-27 07:00,2,2,0,0,0,0
2022-11-27 07:15,2,2,0,0,0,0
2022-11-27 07:30,2,2,0,0,0,0
2022-11-27 07:45,3,2,1,0,0,0
2022-11-27 08:00,5,4,1,0,0,0
2022-11-27 08:15,3,1,2,0,0,0
2022-11-27 08:30,5,3,2,0,0,0
2022-11-27 08:45,8,4,4,0,0,0
2022-11-27 09:00,4,1,3,0,0,0
2022-11-27 09:15,8,5,3,0,0,0
2022-11-27 09:30,16,10,6,0,0,0
2022-11-27 09:45,19,13,6,0,0,0
2022-11-27 10:00,16,14,2,0,0,0
2022-11-27 10:15,12,9,3,0,0,0
2022-11-27 10:30,13,10,3,0,0,0
2022-11-27 10:45,29,21,8,0,0,0
2022-11-27 11:00,17,10,7,0,0,0
2022-11-27 11:15,18,15,3,0,0,0
2022-11-27 11:30,15,10,5,0,0,0
2022-11-27 11:45,20,14,6,0,0,0
2022-11-27 12:00,14,10,4,0,0,0
2022-11-27 12:15,25,18,7,0,0,0
2022-11-27 12:30,13,10,3,0,0,0
2022-11-27 12:45,27,15,12,0,0,0
2022-11-27 13:00,25,20,5,0,0,0
2022-11-27 13:15,33,18,15,0,0,0
2022-11-27 13:30,30,17,13,0,0,0
2022-11-27 13:45,40,22,18,0,0,0
2022-11-27 14:00,19,12,7,0,0,0
2022-11-27 14:15,21,11,10,0,0,0
2022-11-27 14:30,34,18,16,0,0,0
2022-11-27 14:45,33,19,14,0,0,0
2022-11-27 15:00,34,20,14,0,0,0
2022-11-27 15:15,30,17,13,0,0,0
2022-11-27 15:30,14,7,7,0,0,0
2022-11-27 15:45,37,18,19,0,0,0
2022-11-27 16:00,31,23,8,0,0,0
2022-11-27 16:15,20,11,9,0,0,0
2022-11-27 16:30,26,14,12,0,0,0
2022-11-27 16:45,29,20,9,0,0,0
2022-11-27 17:00,35,28,7,0,0,0
2022-11-27 17:15,32,26,6,0,0,0
2022-11-27 17:30,31,18,13,0,0,0
2022-11-27 17:45,50,30,20,0,0,0
2022-11-27 18:00,29,16,13,0,0,0
2022-11-27 18:15,28,15,13,0,0,0
2022-11-27 18:30,38,16,22,0,0,0
2022-11-27 18:45,16,12,4,0,0,0
2022-11-27 19:00,21,11,10,0,0,0
2022-11-27 19:15,31,18,13,0,0,0
2022-11-27 19:30,28,15,13,0,0,0
2022-11-27 19:45,38,14,24,0,0,0
2022-11-27 20:00,25,9,16,0,0,0
2022-11-27 20:15,24,6,18,0,0,0
2022-11-27 20:30,12,4,8,0,0,0
2022-11-27 20:45,20,6,14,0,0,0
2022-11-27 21:00,7,4,3,0,0,0
2022-11-27 21:15,10,6,4,0,0,0
2022-11-27 21:30,3,1,2,0,0,0
2022-11-27 21:45,6,2,4,0,0,0
2022-11-27 22:00,16,7,9,0,0,0
2022-11-27 22:15,15,7,8,0,0,0
2022-11-27 22:30,9,4,5,0,0,0
2022-11-27 22:45,18,4,14,0,0,0
2022-11-27 23:00,10,4,6,0,0,0
2022-11-27 23:15,9,5,4,0,0,0
2022-11-27 23:30,10,3,7,0,0,0
2022-11-27 23:45,2,1,1,0,0,0
2022-11-28 00:00,2,1,1,0,0,0
2022-11-28 00:15,2,0,2,0,0,0
2022-11-28 00:30,1,0,1,0,0,0
2022-11-28 00:45,2,1,1,0,0,0
2022-11-28 01:00,0,0,0,0,0,0
2022-11-28 01:15,2,2,0,0,0,0
2022-11-28 01:30,0,0,0,0,0,0
2022-11-28 01:45,0,0,0,0,0,0
2022-11-28 02:00,2,1,1,0,0,0
2022-11-28 02:15,0,0,0,0,0,0
2022-11-28 02:30,1,0,1,0,0,0
2022-11-28 02:45,2,0,2,0,0,0
2022-11-28 03:00,2,1,1,0,0,0
2022-11-28 03:15,0,0,0,0,0,0
2022-11-28 03:30,0,0,0,0,0,0
2022-11-28 03:45,1,1,0,0,0,0
2022-11-28 04:00,1,1,0,0,0,0
2022-11-28 04:15,0,0,0,0,0,0
2022-11-28 04:30,2,2,0,0,0,0
2022-11-28 04:45,5,4,1,0,0,0
2022-11-28 05:00,0,0,0,0,0,0
2022-11-28 05:15,2,1,1,0,0,0
2022-11-28 05:30,8,5,3,0,0,0
2022-11-28 05:45,12,7,5,0,0,0
2022-11-28 06:00,4,1,3,0,0,0
2022-11-28 06:15,14,6,8,0,0,0
2022-11-28 06:30,16,9,7,0,0,0
2022-11-28 06:45,36,18,18,0,0,0
2022-11-28 07:00,34,22,12,0,0,0
2022-11-28 07:15,53,34,19,0,0,0
2022-11-28 07:30,114,82,32,0,0,0
2022-11-28 07:45,113,66,47,0,0,0
2022-11-28 08:00,76,44,32,0,0,0
2022-11-28 08:15,65,43,22,0,0,0
2022-11-28 08:30,74,45,29,0,0,0
2022-11-28 08:45,61,45,16,0,0,0
2022-11-28 09:00,46,36,10,0,0,0
2022-11-28 09:15,31,21,10,0,0,0
2022-11-28 09:30,35,25,10,0,0,0
2022-11-28 09:45,54,44,10,0,0,0
2022-11-28 10:00,56,43,13,0,0,0
2022-11-28 10:15,29,25,4,0,0,0
2022-11-28 10:30,35,26,9,0,0,0
2022-11-28 10:45,31,25,6,0,0,0
2022-11-28 11:00,28,22,6,0,0,0
2022-11-28 11:15,39,30,9,0,0,0
2022-11-28 11:30,42,33,9,0,0,0
2022-11-28 11:45,36,23,13,0,0,0
2022-11-28 12:00,56,40,16,0,0,0
2022-11-28 12:15,49,38,11,0,0,0
2022-11-28 12:30,46,28,18,0,0,0
2022-11-28 12:45,43,26,17,0,0,0
2022-11-28 13:00,45,18,27,0,0,0
2022-11-28 13:15,30,20,10,0,0,0
2022-11-28 13:30,36,20,16,0,0,0
2022-11-28 13:45,61,39,22,0,0,0
2022-11-28 14:00,52,33,19,0,0,0
2022-11-28 14:15,34,22,12,0,0,0
2022-11-28 14:30,33,24,9,0,0,0
2022-11-28 14:45,53,33,20,0,0,0
2022-11-28 15:00,41,19,22,0,0,0
2022-11-28 15:15,61,38,23,0,0,0
2022-11-28 15:30,66,37,29,0,0,0
2022-11-28 15:45,86,53,33,0,0,0
2022-11-28 16:00,75,55,20,0,0,0
2022-11-28 16:15,52,44,8,0,0,0
2022-11-28 16:30,69,41,28,0,0,0
2022-11-28 16:45,80,58,22,0,0,0
2022-11-28 17:00,55,43,12,0,0,0
2022-11-28 17:15,69,38,31,0,0,0
2022-11-28 17:30,88,59,29,0,0,0
2022-11-28 17:45,108,69,39,0,0,0
2022-11-28 18:00,79,54,25,0,0,0
2022-11-28 18:15,59,37,22,0,0,0
2022-11-28 18:30,41,25,16,0,0,0
2022-11-28 18:45,37,21,16,0,0,0
2022-11-28 19:00,58,34,24,0,0,0
2022-11-28 19:15,46,22,24,0,0,0
2022-11-28 19:30,42,15,27,0,0,0
2022-11-28 19:45,35,15,20,0,0,0
2022-11-28 20:00,49,18,31,0,0,0
2022-11-28 20:15,27,7,20,0,0,0
2022-11-28 20:30,14,7,7,0,0,0
2022-11-28 20:45,20,7,13,0,0,0
2022-11-28 21:00,23,16,7,0,0,0
2022-11-28 21:15,29,18,11,0,0,0
2022-11-28 21:30,22,13,9,0,0,0
2022-11-28 21:45,15,5,10,0,0,0
2022-11-28 22:00,19,8,11,0,0,0
2022-11-28 22:15,14,8,6,0,0,0
2022-11-28 22:30,19,9,10,0,0,0
2022-11-28 22:45,15,10,5,0,0,0
2022-11-28 23:00,10,4,6,0,0,0
2022-11-28 23:15,8,3,5,0,0,0
2022-11-28 23:30,8,2,6,0,0,0
2022-11-28 23:45,5,5,0,0,0,0
2022-11-29 00:00,2,0,2,0,0,0
2022-11-29 00:15,8,1,7,0,0,0
2022-11-29 00:30,3,2,1,0,0,0
2022-11-29 00:45,1,0,1,0,0,0
2022-11-29 01:00,0,0,0,0,0,0
2022-11-29 01:15,2,0,2,0,0,0
2022-11-29 01:30,0,0,0,0,0,0
2022-11-29 01:45,2,0,2,0,0,0
2022-11-29 02:00,2,0,2,0,0,0
2022-11-29 02:15,0,0,0,0,0,0
2022-11-29 02:30,0,0,0,0,0,0
2022-11-29 02:45,2,1,1,0,0,0
2022-11-29 03:00,0,0,0,0,0,0
2022-11-29 03:15,2,0,2,0,0,0
2022-11-29 03:30,2,1,1,0,0,0
2022-11-29 03:45,0,0,0,0,0,0
2022-11-29 04:00,1,0,1,0,0,0
2022-11-29 04:15,1,1,0,0,0,0
2022-11-29 04:30,1,1,0,0,0,0
2022-11-29 04:45,4,4,0,0,0,0
2022-11-29 05:00,1,1,0,0,0,0
2022-11-29 05:15,0,0,0,0,0,0
2022-11-29 05:30,12,7,5,0,0,0
2022-11-29 05:45,12,7,5,0,0,0
2022-11-29 06:00,9,5,4,0,0,0
2022-11-29 06:15,20,11,9,0,0,0
2022-11-29 06:30,22,14,8,0,0,0
2022-11-29 06:45,37,17,20,0,0,0
2022-11-29 07:00,35,21,14,0,0,0
2022-11-29 07:15,59,40,19,0,0,0
2022-11-29 07:30,148,95,53,0,0,0
2022-11-29 07:45,139,75,64,0,0,0
2022-11-29 08:00,97,60,37,0,0,0
2022-11-29 08:15,89,50,39,0,0,0
2022-11-29 08:30,69,40,29,0,0,0
2022-11-29 08:45,70,35,35,0,0,0
2022-11-29 09:00,39,28,11,0,0,0
2022-11-29 09:15,55,41,14,0,0,0
2022-11-29 09:30,45,33,12,0,0,0
2022-11-29 09:45,72,47,25,0,0,0
2022-11-29 10:00,52,34,18,0,0,0
2022-11-29 10:15,39,33,6,0,0,0
2022-11-29 10:30,28,21,7,0,0,0
2022-11-29 10:45,40,27,13,0,0,0
2022-11-29 11:00,32,19,13,0,0,0
2022-11-29 11:15,42,31,11,0,0,0
2022-11-29 11:30,37,22,15,0,0,0
2022-11-29 11:45,61,43,18,0,0,0
2022-11-29 12:00,66,45,21,0,0,0
2022-11-29 12:15,57,34,23,0,0,0
2022-11-29 12:30,46,31,15,0,0,0
2022-11-29 12:45,46,31,15,0,0,0
2022-11-29 13:00,48,23,25,0,0,0
2022-11-29 13:15,42,23,19,0,0,0
2022-11-29 13:30,58,31,27,0,0,0
2022-11-29 13:45,78,49,29,0,0,0
2022-11-29 14:00,69,40,29,0,0,0
2022-11-29 14:15,59,40,19,0,0,0
2022-11-29 14:30,49,28,21,0,0,0
2022-11-29 14:45,57,40,17,0,0,0
2022-11-29 15:00,55,44,11,0,0,0
2022-11-29 15:15,67,49,18,0,0,0
2022-11-29 15:30,77,55,22,0,0,0
2022-11-29 15:45,103,59,44,0,0,0
2022-11-29 16:00,95,57,38,0,0,0
2022-11-29 16:15,88,62,26,0,0,0
2022-11-29 16:30,89,65,24,0,0,0
2022-11-29 16:45,91,64,27,0,0,0
2022-11-29 17:00,82,60,22,0,0,0
2022-11-29 17:15,89,67,22,0,0,0
2022-11-29 17:30,108,72,36,0,0,0
2022-11-29 17:45,135,92,43,0,0,0
2022-11-29 18:00,93,56,37,0,0,0
2022-11-29 18:15,74,44,30,0,0,0
2022-11-29 18:30,55,30,25,0,0,0
2022-11-29 18:45,61,38,23,0,0,0
2022-11-29 19:00,57,30,27,0,0,0
2022-11-29 19:15,56,31,25,0,0,0
2022-11-29 19:30,63,33,30,0,0,0
2022-11-29 19:45,58,29,29,0,0,0
2022-11-29 20:00,41,14,27,0,0,0
2022-11-29 20:15,43,13,30,0,0,0
2022-11-29 20:30,36,13,23,0,0,0
2022-11-29 20:45,33,12,21,0,0,0
2022-11-29 21:00,25,16,9,0,0,0
2022-11-29 21:15,27,9,18,0,0,0
2022-11-29 21:30,26,15,11,0,0,0
2022-11-29 21:45,27,9,18,0,0,0
2022-11-29 22:00,21,7,14,0,0,0
2022-11-29 22:15,38,15,23,0,0,0
2022-11-29 22:30,25,11,14,0,0,0
2022-11-29 22:45,23,12,11,0,0,0
2022-11-29 23:00,18,3,15,0,0,0
2022-11-29 23:15,10,3,7,0,0,0
2022-11-29 23:30,14,5,9,0,0,0
2022-11-29 23:45,8,5,3,0,0,0
