Datetime,100034981 (Weseler Straße),101034981 (Weseler Straße stadteinwärts),102034981 (Weseler Straße stadtauswärts),100034981-status,101034981-status,102034981-status
2024-03-01 00:00,3,1,2,0,0,0
2024-03-01 00:15,4,2,2,0,0,0
2024-03-01 00:30,2,1,1,0,0,0
2024-03-01 00:45,1,1,0,0,0,0
2024-03-01 01:00,0,0,0,0,0,0
2024-03-01 01:15,7,5,2,0,0,0
2024-03-01 01:30,1,1,0,0,0,0
2024-03-01 01:45,0,0,0,0,0,0
2024-03-01 02:00,1,0,1,0,0,0
2024-03-01 02:15,0,0,0,0,0,0
2024-03-01 02:30,0,0,0,0,0,0
2024-03-01 02:45,0,0,0,0,0,0
2024-03-01 03:00,1,0,1,0,0,0
2024-03-01 03:15,2,0,2,0,0,0
2024-03-01 03:30,3,3,0,0,0,0
2024-03-01 03:45,0,0,0,0,0,0
2024-03-01 04:00,0,0,0,0,0,0
2024-03-01 04:15,3,1,2,0,0,0
2024-03-01 04:30,0,0,0,0,0,0
2024-03-01 04:45,7,5,2,0,0,0
2024-03-01 05:00,6,4,2,0,0,0
2024-03-01 05:15,3,3,0,0,0,0
2024-03-01 05:30,6,5,1,0,0,0
2024-03-01 05:45,11,6,5,0,0,0
2024-03-01 06:00,12,7,5,0,0,0
2024-03-01 06:15,19,14,5,0,0,0
2024-03-01 06:30,32,21,11,0,0,0
2024-03-01 06:45,28,13,15,0,0,0
2024-03-01 07:00,36,21,15,0,0,0
2024-03-01 07:15,71,52,19,0,0,0
2024-03-01 07:30,121,85,36,0,0,0
2024-03-01 07:45,95,54,41,0,0,0
2024-03-01 08:00,80,44,36,0,0,0
2024-03-01 08:15,70,45,25,0,0,0
2024-03-01 08:30,57,29,28,0,0,0
2024-03-01 08:45,58,36,22,0,0,0
2024-03-01 09:00,40,30,10,0,0,0
2024-03-01 09:15,40,28,12,0,0,0
2024-03-01 09:30,39,32,7,0,0,0
2024-03-01 09:45,42,36,6,0,0,0
2024-03-01 10:00,26,19,7,0,0,0
2024-03-01 10:15,31,22,9,0,0,0
2024-03-01 10:30,36,24,12,0,0,0
2024-03-01 10:45,34,25,9,0,0,0
2024-03-01 11:00,28,19,9,0,0,0
2024-03-01 11:15,31,25,6,0,0,0
2024-03-01 11:30,35,26,9,0,0,0
2024-03-01 11:45,36,16,20,0,0,0
2024-03-01 12:00,38,27,11,0,0,0
2024-03-01 12:15,47,36,11,0,0,0
2024-03-01 12:30,41,16,25,0,0,0
2024-03-01 12:45,63,45,18,0,0,0
2024-03-01 13:00,46,28,18,0,0,0
2024-03-01 13:15,67,35,32,0,0,0
2024-03-01 13:30,46,25,21,0,0,0
2024-03-01 13:45,68,42,26,0,0,0
2024-03-01 14:00,55,31,24,0,0,0
2024-03-01 14:15,60,35,25,0,0,0
2024-03-01 14:30,58,42,16,0,0,0
2024-03-01 14:45,51,35,16,0,0,0
2024-03-01 15:00,50,31,19,0,0,0
2024-03-01 15:15,55,38,17,0,0,0
2024-03-01 15:30,61,39,22,0,0,0
2024-03-01 15:45,73,45,28,0,0,0
2024-03-01 16:00,64,45,19,0,0,0
2024-03-01 16:15,71,48,23,0,0,0
2024-03-01 16:30,81,44,37,0,0,0
2024-03-01 16:45,71,51,20,0,0,0
2024-03-01 17:00,83,60,23,0,0,0
2024-03-01 17:15,49,29,20,0,0,0
2024-03-01 17:30,50,30,20,0,0,0
2024-03-01 17:45,77,60,17,0,0,0
2024-03-01 18:00,51,32,19,0,0,0
2024-03-01 18:15,76,49,27,0,0,0
2024-03-01 18:30,63,36,27,0,0,0
2024-03-01 18:45,54,32,22,0,0,0
2024-03-01 19:00,46,31,15,0,0,0
2024-03-01 19:15,41,29,12,0,0,0
2024-03-01 19:30,39,21,18,0,0,0
2024-03-01 19:45,35,24,11,0,0,0
2024-03-01 20:00,26,17,9,0,0,0
2024-03-01 20:15,29,20,9,0,0,0
2024-03-01 20:30,31,15,16,0,0,0
2024-03-01 20:45,22,10,12,0,0,0
2024-03-01 21:00,22,13,9,0,0,0
2024-03-01 21:15,26,20,6,0,0,0
2024-03-01 21:30,17,9,8,0,0,0
2024-03-01 21:45,13,6,7,0,0,0
2024-03-01 22:00,14,5,9,0,0,0
2024-03-01 22:15,28,16,12,0,0,0
2024-03-01 22:30,21,13,8,0,0,0
2024-03-01 22:45,17,9,8,0,0,0
2024-03-01 23:00,22,10,12,0,0,0
2024-03-01 23:15,6,2,4,0,0,0
2024-03-01 23:30,10,6,4,0,0,0
2024-03-01 23:45,11,3,8,0,0,0
2024-03-02 00:00,7,4,3,0,0,0
2024-03-02 00:15,12,6,6,0,0,0
2024-03-02 00:30,4,3,1,0,0,0
2024-03-02 00:45,10,6,4,0,0,0
2024-03-02 01:00,10,4,6,0,0,0
2024-03-02 01:15,13,8,5,0,0,0
2024-03-02 01:30,7,2,5,0,0,0
2024-03-02 01:45,4,2,2,0,0,0
2024-03-02 02:00,3,1,2,0,0,0
2024-03-02 02:15,7,0,7,0,0,0
2024-03-02 02:30,12,5,7,0,0,0
2024-03-02 02:45,3,3,0,0,0,0
2024-03-02 03:00,8,1,7,0,0,0
2024-03-02 03:15,3,0,3,0,0,0
2024-03-02 03:30,3,2,1,0,0,0
2024-03-02 03:45,4,3,1,0,0,0
2024-03-02 04:00,0,0,0,0,0,0
2024-03-02 04:15,7,4,3,0,0,0
2024-03-02 04:30,4,2,2,0,0,0
2024-03-02 04:45,1,1,0,0,0,0
2024-03-02 05:00,0,0,0,0,0,0
2024-03-02 05:15,4,1,3,0,0,0
2024-03-02 05:30,8,4,4,0,0,0
2024-03-02 05:45,4,3,1,0,0,0
2024-03-02 06:00,4,2,2,0,0,0
2024-03-02 06:15,3,1,2,0,0,0
2024-03-02 06:30,1,1,0,0,0,0
2024-03-02 06:45,2,2,0,0,0,0
2024-03-02 07:00,3,2,1,0,0,0
2024-03-02 07:15,7,7,0,0,0,0
2024-03-02 07:30,14,10,4,0,0,0
2024-03-02 07:45,20,11,9,0,0,0
2024-03-02 08:00,13,7,6,0,0,0
2024-03-02 08:15,16,10,6,0,0,0
2024-03-02 08:30,13,10,3,0,0,0
2024-03-02 08:45,21,9,12,0,0,0
2024-03-02 09:00,27,18,9,0,0,0
2024-03-02 09:15,23,18,5,0,0,0
2024-03-02 09:30,30,21,9,0,0,0
2024-03-02 09:45,43,35,8,0,0,0
2024-03-02 10:00,33,25,8,0,0,0
2024-03-02 10:15,38,31,7,0,0,0
2024-03-02 10:30,46,30,16,0,0,0
2024-03-02 10:45,46,35,11,0,0,0
2024-03-02 11:00,39,32,7,0,0,0
2024-03-02 11:15,59,43,16,0,0,0
2024-03-02 11:30,39,27,12,0,0,0
2024-03-02 11:45,62,52,10,0,0,0
2024-03-02 12:00,42,27,15,0,0,0
2024-03-02 12:15,43,29,14,0,0,0
2024-03-02 12:30,55,40,15,0,0,0
2024-03-02 12:45,43,31,12,0,0,0
2024-03-02 13:00,33,19,14,0,0,0
2024-03-02 13:15,40,21,19,0,0,0
2024-03-02 13:30,63,38,25,0,0,0
2024-03-02 13:45,62,35,27,0,0,0
2024-03-02 14:00,46,28,18,0,0,0
2024-03-02 14:15,56,36,20,0,0,0
2024-03-02 14:30,44,28,16,0,0,0
2024-03-02 14:45,55,34,21,0,0,0
2024-03-02 15:00,36,23,13,0,0,0
2024-03-02 15:15,54,29,25,0,0,0
2024-03-02 15:30,47,22,25,0,0,0
2024-03-02 15:45,34,23,11,0,0,0
2024-03-02 16:00,32,14,18,0,0,0
2024-03-02 16:15,44,33,11,0,0,0
2024-03-02 16:30,40,26,14,0,0,0
2024-03-02 16:45,48,31,17,0,0,0
2024-03-02 17:00,44,31,13,0,0,0
2024-03-02 17:15,36,17,19,0,0,0
2024-03-02 17:30,34,28,6,0,0,0
2024-03-02 17:45,49,25,24,0,0,0
2024-03-02 18:00,42,21,21,0,0,0
2024-03-02 18:15,63,43,20,0,0,0
2024-03-02 18:30,32,18,14,0,0,0
2024-03-02 18:45,46,35,11,0,0,0
2024-03-02 19:00,41,25,16,0,0,0
2024-03-02 19:15,35,23,12,0,0,0
2024-03-02 19:30,36,28,8,0,0,0
2024-03-02 19:45,46,23,23,0,0,0
2024-03-02 20:00,41,26,15,0,0,0
2024-03-02 20:15,28,7,21,0,0,0
2024-03-02 20:30,25,13,12,0,0,0
2024-03-02 20:45,28,16,12,0,0,0
2024-03-02 21:00,15,9,6,0,0,0
2024-03-02 21:15,16,10,6,0,0,0
2024-03-02 21:30,19,6,13,0,0,0
2024-03-02 21:45,21,6,15,0,0,0
2024-03-02 22:00,14,6,8,0,0,0
2024-03-02 22:15,21,10,11,0,0,0
2024-03-02 22:30,25,9,16,0,0,0
2024-03-02 22:45,17,8,9,0,0,0
2024-03-02 23:00,19,5,14,0,0,0
2024-03-02 23:15,6,2,4,0,0,0
2024-03-02 23:30,11,4,7,0,0,0
2024-03-02 23:45,13,7,6,0,0,0
2024-03-03 00:00,15,4,11,0,0,0
2024-03-03 00:15,19,5,14,0,0,0
2024-03-03 00:30,15,3,12,0,0,0
2024-03-03 00:45,20,12,8,0,0,0
2024-03-03 01:00,13,7,6,0,0,0
2024-03-03 01:15,7,3,4,0,0,0
2024-03-03 01:30,12,2,10,0,0,0
2024-03-03 01:45,7,2,5,0,0,0
2024-03-03 02:00,2,1,1,0,0,0
2024-03-03 02:15,5,1,4,0,0,0
2024-03-03 02:30,4,0,4,0,0,0
2024-03-03 02:45,4,0,4,0,0,0
2024-03-03 03:00,4,0,4,0,0,0
2024-03-03 03:15,5,2,3,0,0,0
2024-03-03 03:30,6,1,5,0,0,0
2024-03-03 03:45,2,1,1,0,0,0
2024-03-03 04:00,3,1,2,0,0,0
2024-03-03 04:15,10,2,8,0,0,0
2024-03-03 04:30,1,1,0,0,0,0
2024-03-03 04:45,3,0,3,0,0,0
2024-03-03 05:00,1,0,1,0,0,0
2024-03-03 05:15,3,2,1,0,0,0
2024-03-03 05:30,8,4,4,0,0,0
2024-03-03 05:45,4,1,3,0,0,0
2024-03-03 06:00,3,1,2,0,0,0
2024-03-03 06:15,1,1,0,0,0,0
2024-03-03 06:30,2,1,1,0,0,0
2024-03-03 06:45,1,1,0,0,0,0
2024-03-03 07:00,3,2,1,0,0,0
2024-03-03 07:15,3,3,0,0,0,0
2024-03-03 07:30,1,1,0,0,0,0
2024-03-03 07:45,4,3,1,0,0,0
2024-03-03 08:00,2,2,0,0,0,0
2024-03-03 08:15,9,6,3,0,0,0
2024-03-03 08:30,9,6,3,0,0,0
2024-03-03 08:45,8,3,5,0,0,0
2024-03-03 09:00,8,6,2,0,0,0
2024-03-03 09:15,21,13,8,0,0,0
2024-03-03 09:30,16,13,3,0,0,0
2024-03-03 09:45,41,33,8,0,0,0
2024-03-03 10:00,29,23,6,0,0,0
2024-03-03 10:15,20,15,5,0,0,0
2024-03-03 10:30,27,16,11,0,0,0
2024-03-03 10:45,49,42,7,0,0,0
2024-03-03 11:00,26,18,8,0,0,0
2024-03-03 11:15,36,31,5,0,0,0
2024-03-03 11:30,34,18,16,0,0,0
2024-03-03 11:45,39,35,4,0,0,0
2024-03-03 12:00,42,21,21,0,0,0
2024-03-03 12:15,51,37,14,0,0,0
2024-03-03 12:30,29,19,10,0,0,0
2024-03-03 12:45,43,29,14,0,0,0
2024-03-03 13:00,25,17,8,0,0,0
2024-03-03 13:15,33,22,11,0,0,0
2024-03-03 13:30,33,19,14,0,0,0
2024-03-03 13:45,48,31,17,0,0,0
2024-03-03 14:00,67,35,32,0,0,0
2024-03-03 14:15,50,28,22,0,0,0
2024-03-03 14:30,53,25,28,0,0,0
2024-03-03 14:45,64,45,19,0,0,0
2024-03-03 15:00,47,36,11,0,0,0
2024-03-03 15:15,58,32,26,0,0,0
2024-03-03 15:30,59,35,24,0,0,0
2024-03-03 15:45,40,20,20,0,0,0
2024-03-03 16:00,60,42,18,0,0,0
2024-03-03 16:15,42,20,22,0,0,0
2024-03-03 16:30,60,32,28,0,0,0
2024-03-03 16:45,52,38,14,0,0,0
2024-03-03 17:00,45,24,21,0,0,0
2024-03-03 17:15,59,22,37,0,0,0
2024-03-03 17:30,41,22,19,0,0,0
2024-03-03 17:45,55,36,19,0,0,0
2024-03-03 18:00,56,39,17,0,0,0
2024-03-03 18:15,44,32,12,0,0,0
2024-03-03 18:30,40,21,19,0,0,0
2024-03-03 18:45,41,21,20,0,0,0
2024-03-03 19:00,27,11,16,0,0,0
2024-03-03 19:15,28,14,14,0,0,0
2024-03-03 19:30,24,12,12,0,0,0
2024-03-03 19:45,23,15,8,0,0,0
2024-03-03 20:00,28,19,9,0,0,0
2024-03-03 20:15,18,6,12,0,0,0
2024-03-03 20:30,27,19,8,0,0,0
2024-03-03 20:45,19,13,6,0,0,0
2024-03-03 21:00,10,5,5,0,0,0
2024-03-03 21:15,10,6,4,0,0,0
2024-03-03 21:30,11,3,8,0,0,0
2024-03-03 21:45,6,5,1,0,0,0
2024-03-03 22:00,8,4,4,0,0,0
2024-03-03 22:15,15,7,8,0,0,0
2024-03-03 22:30,7,2,5,0,0,0
2024-03-03 22:45,7,0,7,0,0,0
2024-03-03 23:00,12,7,5,0,0,0
2024-03-03 23:15,5,2,3,0,0,0
2024-03-03 23:30,2,0,2,0,0,0
2024-03-03 23:45,5,3,2,0,0,0
2024-03-04 00:00,2,2,0,0,0,0
2024-03-04 00:15,2,1,1,0,0,0
2024-03-04 00:30,3,1,2,0,0,0
2024-03-04 00:45,1,1,0,0,0,0
2024-03-04 01:00,2,1,1,0,0,0
2024-03-04 01:15,0,0,0,0,0,0
2024-03-04 01:30,0,0,0,0,0,0
2024-03-04 01:45,2,1,1,0,0,0
2024-03-04 02:00,1,0,1,0,0,0
2024-03-04 02:15,0,0,0,0,0,0
2024-03-04 02:30,2,0,2,0,0,0
2024-03-04 02:45,0,0,0,0,0,0
2024-03-04 03:00,0,0,0,0,0,0
2024-03-04 03:15,0,0,0,0,0,0
2024-03-04 03:30,1,1,0,0,0,0
2024-03-04 03:45,0,0,0,0,0,0
2024-03-04 04:00,0,0,0,0,0,0
2024-03-04 04:15,2,2,0,0,0,0
2024-03-04 04:30,1,0,1,0,0,0
2024-03-04 04:45,3,3,0,0,0,0
2024-03-04 05:00,1,1,0,0,0,0
2024-03-04 05:15,5,3,2,0,0,0
2024-03-04 05:30,9,7,2,0,0,0
2024-03-04 05:45,10,6,4,0,0,0
2024-03-04 06:00,11,7,4,0,0,0
2024-03-04 06:15,25,17,8,0,0,0
2024-03-04 06:30,17,12,5,0,0,0
2024-03-04 06:45,45,21,24,0,0,0
2024-03-04 07:00,44,22,22,0,0,0
2024-03-04 07:15,93,56,37,0,0,0
2024-03-04 07:30,137,86,51,0,0,0
2024-03-04 07:45,129,72,57,0,0,0
2024-03-04 08:00,92,51,41,0,0,0
2024-03-04 08:15,81,39,42,0,0,0
2024-03-04 08:30,60,34,26,0,0,0
2024-03-04 08:45,80,47,33,0,0,0
2024-03-04 09:00,57,39,18,0,0,0
2024-03-04 09:15,37,20,17,0,0,0
2024-03-04 09:30,47,35,12,0,0,0
2024-03-04 09:45,44,23,21,0,0,0
2024-03-04 10:00,30,23,7,0,0,0
2024-03-04 10:15,29,22,7,0,0,0
2024-03-04 10:30,33,23,10,0,0,0
2024-03-04 10:45,29,19,10,0,0,0
2024-03-04 11:00,33,17,16,0,0,0
2024-03-04 11:15,26,13,13,0,0,0
2024-03-04 11:30,23,14,9,0,0,0
2024-03-04 11:45,38,25,13,0,0,0
2024-03-04 12:00,35,24,11,0,0,0
2024-03-04 12:15,20,8,12,0,0,0
2024-03-04 12:30,27,15,12,0,0,0
2024-03-04 12:45,52,29,23,0,0,0
2024-03-04 13:00,42,25,17,0,0,0
2024-03-04 13:15,48,22,26,0,0,0
2024-03-04 13:30,29,17,12,0,0,0
2024-03-04 13:45,53,32,21,0,0,0
2024-03-04 14:00,49,27,22,0,0,0
2024-03-04 14:15,56,35,21,0,0,0
2024-03-04 14:30,54,29,25,0,0,0
2024-03-04 14:45,51,38,13,0,0,0
2024-03-04 15:00,59,38,21,0,0,0
2024-03-04 15:15,47,25,22,0,0,0
2024-03-04 15:30,79,36,43,0,0,0
2024-03-04 15:45,67,47,20,0,0,0
2024-03-04 16:00,79,53,26,0,0,0
2024-03-04 16:15,93,63,30,0,0,0
2024-03-04 16:30,86,53,33,0,0,0
2024-03-04 16:45,86,59,27,0,0,0
2024-03-04 17:00,74,42,32,0,0,0
2024-03-04 17:15,77,43,34,0,0,0
2024-03-04 17:30,86,56,30,0,0,0
2024-03-04 17:45,87,56,31,0,0,0
2024-03-04 18:00,58,40,18,0,0,0
2024-03-04 18:15,66,38,28,0,0,0
2024-03-04 18:30,50,27,23,0,0,0
2024-03-04 18:45,37,21,16,0,0,0
2024-03-04 19:00,56,33,23,0,0,0
2024-03-04 19:15,58,38,20,0,0,0
2024-03-04 19:30,41,21,20,0,0,0
2024-03-04 19:45,33,13,20,0,0,0
2024-03-04 20:00,37,22,15,0,0,0
2024-03-04 20:15,27,19,8,0,0,0
2024-03-04 20:30,26,14,12,0,0,0
2024-03-04 20:45,25,13,12,0,0,0
2024-03-04 21:00,26,12,14,0,0,0
2024-03-04 21:15,29,11,18,0,0,0
2024-03-04 21:30,17,6,11,0,0,0
2024-03-04 21:45,20,10,10,0,0,0
2024-03-04 22:00,16,8,8,0,0,0
2024-03-04 22:15,19,6,13,0,0,0
2024-03-04 22:30,9,4,5,0,0,0
2024-03-04 22:45,8,2,6,0,0,0
2024-03-04 23:00,17,7,10,0,0,0
2024-03-04 23:15,9,6,3,0,0,0
2024-03-04 23:30,10,3,7,0,0,0
2024-03-04 23:45,9,1,8,0,0,0
2024-03-05 00:00,4,2,2,0,0,0
2024-03-05 00:15,2,2,0,0,0,0
2024-03-05 00:30,2,1,1,0,0,0
2024-03-05 00:45,1,1,0,0,0,0
2024-03-05 01:00,2,0,2,0,0,0
2024-03-05 01:15,2,0,2,0,0,0
2024-03-05 01:30,1,1,0,0,0,0
2024-03-05 01:45,0,0,0,0,0,0
2024-03-05 02:00,1,0,1,0,0,0
2024-03-05 02:15,1,1,0,0,0,0
2024-03-05 02:30,1,0,1,0,0,0
2024-03-05 02:45,0,0,0,0,0,0
2024-03-05 03:00,1,0,1,0,0,0
2024-03-05 03:15,2,0,2,0,0,0
2024-03-05 03:30,1,1,0,0,0,0
2024-03-05 03:45,1,1,0,0,0,0
2024-03-05 04:00,0,0,0,0,0,0
2024-03-05 04:15,0,0,0,0,0,0
2024-03-05 04:30,0,0,0,0,0,0
2024-03-05 04:45,3,3,0,0,0,0
2024-03-05 05:00,4,3,1,0,0,0
2024-03-05 05:15,7,4,3,0,0,0
2024-03-05 05:30,5,4,1,0,0,0
2024-03-05 05:45,14,10,4,0,0,0
2024-03-05 06:00,14,8,6,0,0,0
2024-03-05 06:15,27,15,12,0,0,0
2024-03-05 06:30,37,23,14,0,0,0
2024-03-05 06:45,47,17,30,0,0,0
2024-03-05 07:00,50,25,25,0,0,0
2024-03-05 07:15,79,47,32,0,0,0
2024-03-05 07:30,158,96,62,0,0,0
2024-03-05 07:45,123,64,59,0,0,0
2024-03-05 08:00,77,36,41,0,0,0
2024-03-05 08:15,93,48,45,0,0,0
2024-03-05 08:30,70,32,38,0,0,0
2024-03-05 08:45,79,48,31,0,0,0
2024-03-05 09:00,41,30,11,0,0,0
2024-03-05 09:15,35,27,8,0,0,0
2024-03-05 09:30,38,22,16,0,0,0
2024-03-05 09:45,53,42,11,0,0,0
2024-03-05 10:00,24,13,11,0,0,0
2024-03-05 10:15,20,17,3,0,0,0
2024-03-05 10:30,44,36,8,0,0,0
2024-03-05 10:45,35,24,11,0,0,0
2024-03-05 11:00,28,18,10,0,0,0
2024-03-05 11:15,26,20,6,0,0,0
2024-03-05 11:30,26,20,6,0,0,0
2024-03-05 11:45,36,21,15,0,0,0
2024-03-05 12:00,29,18,11,0,0,0
2024-03-05 12:15,38,24,14,0,0,0
2024-03-05 12:30,39,21,18,0,0,0
2024-03-05 12:45,48,36,12,0,0,0
2024-03-05 13:00,43,23,20,0,0,0
2024-03-05 13:15,60,27,33,0,0,0
2024-03-05 13:30,53,28,25,0,0,0
2024-03-05 13:45,46,27,19,0,0,0
2024-03-05 14:00,56,38,18,0,0,0
2024-03-05 14:15,50,30,20,0,0,0
2024-03-05 14:30,45,25,20,0,0,0
2024-03-05 14:45,54,38,16,0,0,0
2024-03-05 15:00,66,32,34,0,0,0
2024-03-05 15:15,52,39,13,0,0,0
2024-03-05 15:30,75,53,22,0,0,0
2024-03-05 15:45,88,62,26,0,0,0
2024-03-05 16:00,99,75,24,0,0,0
2024-03-05 16:15,80,60,20,0,0,0
2024-03-05 16:30,80,55,25,0,0,0
2024-03-05 16:45,83,50,33,0,0,0
2024-03-05 17:00,93,58,35,0,0,0
2024-03-05 17:15,101,62,39,0,0,0
2024-03-05 17:30,99,57,42,0,0,0
2024-03-05 17:45,77,38,39,0,0,0
2024-03-05 18:00,82,51,31,0,0,0
2024-03-05 18:15,70,42,28,0,0,0
2024-03-05 18:30,37,26,11,0,0,0
2024-03-05 18:45,57,25,32,0,0,0
2024-03-05 19:00,43,22,21,0,0,0
2024-03-05 19:15,50,22,28,0,0,0
2024-03-05 19:30,37,25,12,0,0,0
2024-03-05 19:45,33,19,14,0,0,0
2024-03-05 20:00,38,21,17,0,0,0
2024-03-05 20:15,29,17,12,0,0,0
2024-03-05 20:30,18,10,8,0,0,0
2024-03-05 20:45,14,6,8,0,0,0
2024-03-05 21:00,29,16,13,0,0,0
2024-03-05 21:15,17,10,7,0,0,0
2024-03-05 21:30,19,13,6,0,0,0
2024-03-05 21:45,24,14,10,0,0,0
2024-03-05 22:00,15,7,8,0,0,0
2024-03-05 22:15,14,8,6,0,0,0
2024-03-05 22:30,19,7,12,0,0,0
2024-03-05 22:45,7,2,5,0,0,0
2024-03-05 23:00,16,10,6,0,0,0
2024-03-05 23:15,14,3,11,0,0,0
2024-03-05 23:30,3,2,1,0,0,0
2024-03-05 23:45,6,4,2,0,0,0
2024-03-06 00:00,3,0,3,0,0,0
2024-03-06 00:15,4,3,1,0,0,0
2024-03-06 00:30,2,1,1,0,0,0
2024-03-06 00:45,1,0,1,0,0,0
2024-03-06 01:00,0,0,0,0,0,0
2024-03-06 01:15,0,0,0,0,0,0
2024-03-06 01:30,0,0,0,0,0,0
2024-03-06 01:45,4,1,3,0,0,0
2024-03-06 02:00,3,1,2,0,0,0
2024-03-06 02:15,0,0,0,0,0,0
2024-03-06 02:30,0,0,0,0,0,0
2024-03-06 02:45,0,0,0,0,0,0
2024-03-06 03:00,0,0,0,0,0,0
2024-03-06 03:15,3,2,1,0,0,0
2024-03-06 03:30,3,2,1,0,0,0
2024-03-06 03:45,0,0,0,0,0,0
2024-03-06 04:00,1,0,1,0,0,0
2024-03-06 04:15,0,0,0,0,0,0
2024-03-06 04:30,1,1,0,0,0,0
2024-03-06 04:45,4,3,1,0,0,0
2024-03-06 05:00,0,0,0,0,0,0
2024-03-06 05:15,7,4,3,0,0,0
2024-03-06 05:30,11,8,3,0,0,0
2024-03-06 05:45,11,8,3,0,0,0
2024-03-06 06:00,14,10,4,0,0,0
2024-03-06 06:15,18,10,8,0,0,0
2024-03-06 06:30,35,18,17,0,0,0
2024-03-06 06:45,51,26,25,0,0,0
2024-03-06 07:00,58,30,28,0,0,0
2024-03-06 07:15,104,63,41,0,0,0
2024-03-06 07:30,128,86,42,0,0,0
2024-03-06 07:45,135,71,64,0,0,0
2024-03-06 08:00,79,40,39,0,0,0
2024-03-06 08:15,94,47,47,0,0,0
2024-03-06 08:30,84,59,25,0,0,0
2024-03-06 08:45,92,66,26,0,0,0
2024-03-06 09:00,49,33,16,0,0,0
2024-03-06 09:15,53,33,20,0,0,0
2024-03-06 09:30,51,38,13,0,0,0
2024-03-06 09:45,46,34,12,0,0,0
2024-03-06 10:00,35,24,11,0,0,0
2024-03-06 10:15,34,23,11,0,0,0
2024-03-06 10:30,34,29,5,0,0,0
2024-03-06 10:45,35,24,11,0,0,0
2024-03-06 11:00,34,22,12,0,0,0
2024-03-06 11:15,45,32,13,0,0,0
2024-03-06 11:30,40,23,17,0,0,0
2024-03-06 11:45,38,24,14,0,0,0
2024-03-06 12:00,41,28,13,0,0,0
2024-03-06 12:15,56,33,23,0,0,0
2024-03-06 12:30,50,25,25,0,0,0
2024-03-06 12:45,46,29,17,0,0,0
2024-03-06 13:00,42,30,12,0,0,0
2024-03-06 13:15,44,24,20,0,0,0
2024-03-06 13:30,50,30,20,0,0,0
2024-03-06 13:45,67,37,30,0,0,0
2024-03-06 14:00,49,28,21,0,0,0
2024-03-06 14:15,51,29,22,0,0,0
2024-03-06 14:30,44,24,20,0,0,0
2024-03-06 14:45,73,47,26,0,0,0
2024-03-06 15:00,62,38,24,0,0,0
2024-03-06 15:15,59,38,21,0,0,0
2024-03-06 15:30,79,41,38,0,0,0
2024-03-06 15:45,82,54,28,0,0,0
2024-03-06 16:00,73,46,27,0,0,0
2024-03-06 16:15,91,63,28,0,0,0
2024-03-06 16:30,80,53,27,0,0,0
2024-03-06 16:45,77,52,25,0,0,0
2024-03-06 17:00,90,49,41,0,0,0
2024-03-06 17:15,88,68,20,0,0,0
2024-03-06 17:30,81,61,20,0,0,0
2024-03-06 17:45,73,50,23,0,0,0
2024-03-06 18:00,75,46,29,0,0,0
2024-03-06 18:15,63,32,31,0,0,0
2024-03-06 18:30,54,36,18,0,0,0
2024-03-06 18:45,67,44,23,0,0,0
2024-03-06 19:00,51,29,22,0,0,0
2024-03-06 19:15,52,40,12,0,0,0
2024-03-06 19:30,55,35,20,0,0,0
2024-03-06 19:45,47,28,19,0,0,0
2024-03-06 20:00,41,18,23,0,0,0
2024-03-06 20:15,37,17,20,0,0,0
2024-03-06 20:30,22,14,8,0,0,0
2024-03-06 20:45,21,4,17,0,0,0
2024-03-06 21:00,26,16,10,0,0,0
2024-03-06 21:15,22,9,13,0,0,0
2024-03-06 21:30,10,2,8,0,0,0
2024-03-06 21:45,22,10,12,0,0,0
2024-03-06 22:00,21,8,13,0,0,0
2024-03-06 22:15,27,16,11,0,0,0
2024-03-06 22:30,20,12,8,0,0,0
2024-03-06 22:45,20,2,18,0,0,0
2024-03-06 23:00,11,3,8,0,0,0
2024-03-06 23:15,14,5,9,0,0,0
2024-03-06 23:30,11,6,5,0,0,0
2024-03-06 23:45,4,3,1,0,0,0
2024-03-07 00:00,11,4,7,0,0,0
2024-03-07 00:15,3,2,1,0,0,0
2024-03-07 00:30,8,6,2,0,0,0
2024-03-07 00:45,9,4,5,0,0,0
2024-03-07 01:00,3,2,1,0,0,0
2024-03-07 01:15,6,4,2,0,0,0
2024-03-07 01:30,1,0,1,0,0,0
2024-03-07 01:45,3,0,3,0,0,0
2024-03-07 02:00,3,2,1,0,0,0
2024-03-07 02:15,5,1,4,0,0,0
2024-03-07 02:30,3,0,3,0,0,0
2024-03-07 02:45,8,1,7,0,0,0
2024-03-07 03:00,5,1,4,0,0,0
2024-03-07 03:15,3,1,2,0,0,0
2024-03-07 03:30,2,1,1,0,0,0
2024-03-07 03:45,0,0,0,0,0,0
2024-03-07 04:00,0,0,0,0,0,0
2024-03-07 04:15,0,0,0,0,0,0
2024-03-07 04:30,0,0,0,0,0,0
2024-03-07 04:45,3,3,0,0,0,0
2024-03-07 05:00,3,1,2,0,0,0
2024-03-07 05:15,5,3,2,0,0,0
2024-03-07 05:30,9,3,6,0,0,0
2024-03-07 05:45,15,11,4,0,0,0
2024-03-07 06:00,9,3,6,0,0,0
2024-03-07 06:15,19,15,4,0,0,0
2024-03-07 06:30,34,16,18,0,0,0
2024-03-07 06:45,47,23,24,0,0,0
2024-03-07 07:00,53,22,31,0,0,0
2024-03-07 07:15,85,51,34,0,0,0
2024-03-07 07:30,134,73,61,0,0,0
2024-03-07 07:45,112,68,44,0,0,0
2024-03-07 08:00,85,47,38,0,0,0
2024-03-07 08:15,77,45,32,0,0,0
2024-03-07 08:30,67,35,32,0,0,0
2024-03-07 08:45,66,45,21,0,0,0
2024-03-07 09:00,51,29,22,0,0,0
2024-03-07 09:15,46,32,14,0,0,0
2024-03-07 09:30,33,28,5,0,0,0
2024-03-07 09:45,48,33,15,0,0,0
2024-03-07 10:00,30,16,14,0,0,0
2024-03-07 10:15,29,23,6,0,0,0
2024-03-07 10:30,36,27,9,0,0,0
2024-03-07 10:45,24,17,7,0,0,0
2024-03-07 11:00,26,13,13,0,0,0
2024-03-07 11:15,39,27,12,0,0,0
2024-03-07 11:30,27,19,8,0,0,0
2024-03-07 11:45,39,25,14,0,0,0
2024-03-07 12:00,47,32,15,0,0,0
2024-03-07 12:15,36,22,14,0,0,0
2024-03-07 12:30,68,26,42,0,0,0
2024-03-07 12:45,44,28,16,0,0,0
2024-03-07 13:00,43,25,18,0,0,0
2024-03-07 13:15,41,22,19,0,0,0
2024-03-07 13:30,40,21,19,0,0,0
2024-03-07 13:45,68,41,27,0,0,0
2024-03-07 14:00,51,18,33,0,0,0
2024-03-07 14:15,40,33,7,0,0,0
2024-03-07 14:30,50,30,20,0,0,0
2024-03-07 14:45,62,40,22,0,0,0
2024-03-07 15:00,61,35,26,0,0,0
2024-03-07 15:15,83,63,20,0,0,0
2024-03-07 15:30,62,36,26,0,0,0
2024-03-07 15:45,80,60,20,0,0,0
2024-03-07 16:00,94,58,36,0,0,0
2024-03-07 16:15,103,72,31,0,0,0
2024-03-07 16:30,85,56,29,0,0,0
2024-03-07 16:45,74,55,19,0,0,0
2024-03-07 17:00,81,54,27,0,0,0
2024-03-07 17:15,92,54,38,0,0,0
2024-03-07 17:30,90,54,36,0,0,0
2024-03-07 17:45,106,64,42,0,0,0
2024-03-07 18:00,79,44,35,0,0,0
2024-03-07 18:15,75,48,27,0,0,0
2024-03-07 18:30,68,34,34,0,0,0
2024-03-07 18:45,82,57,25,0,0,0
2024-03-07 19:00,72,45,27,0,0,0
2024-03-07 19:15,66,31,35,0,0,0
2024-03-07 19:30,49,27,22,0,0,0
2024-03-07 19:45,56,21,35,0,0,0
2024-03-07 20:00,24,7,17,0,0,0
2024-03-07 20:15,48,23,25,0,0,0
2024-03-07 20:30,30,11,19,0,0,0
2024-03-07 20:45,22,9,13,0,0,0
2024-03-07 21:00,24,9,15,0,0,0
2024-03-07 21:15,27,14,13,0,0,0
2024-03-07 21:30,25,8,17,0,0,0
2024-03-07 21:45,12,4,8,0,0,0
2024-03-07 22:00,23,6,17,0,0,0
2024-03-07 22:15,19,7,12,0,0,0
2024-03-07 22:30,15,5,10,0,0,0
2024-03-07 22:45,23,11,12,0,0,0
2024-03-07 23:00,13,7,6,0,0,0
2024-03-07 23:15,12,3,9,0,0,0
2024-03-07 23:30,11,4,7,0,0,0
2024-03-07 23:45,8,1,7,0,0,0
2024-03-08 00:00,5,2,3,0,0,0
2024-03-08 00:15,6,5,1,0,0,0
2024-03-08 00:30,6,2,4,0,0,0
2024-03-08 00:45,1,1,0,0,0,0
2024-03-08 01:00,4,3,1,0,0,0
2024-03-08 01:15,3,1,2,0,0,0
2024-03-08 01:30,0,0,0,0,0,0
2024-03-08 01:45,1,0,1,0,0,0
2024-03-08 02:00,3,1,2,0,0,0
2024-03-08 02:15,1,1,0,0,0,0
2024-03-08 02:30,1,0,1,0,0,0
2024-03-08 02:45,4,3,1,0,0,0
2024-03-08 03:00,0,0,0,0,0,0
2024-03-08 03:15,0,0,0,0,0,0
2024-03-08 03:30,2,2,0,0,0,0
2024-03-08 03:45,0,0,0,0,0,0
2024-03-08 04:00,1,0,1,0,0,0
2024-03-08 04:15,0,0,0,0,0,0
2024-03-08 04:30,1,0,1,0,0,0
2024-03-08 04:45,4,4,0,0,0,0
2024-03-08 05:00,2,2,0,0,0,0
2024-03-08 05:15,2,1,1,0,0,0
2024-03-08 05:30,5,2,3,0,0,0
2024-03-08 05:45,15,12,3,0,0,0
2024-03-08 06:00,11,3,8,0,0,0
2024-03-08 06:15,20,12,8,0,0,0
2024-03-08 06:30,25,18,7,0,0,0
2024-03-08 06:45,39,12,27,0,0,0
2024-03-08 07:00,43,21,22,0,0,0
2024-03-08 07:15,55,36,19,0,0,0
2024-03-08 07:30,118,80,38,0,0,0
2024-03-08 07:45,99,58,41,0,0,0
2024-03-08 08:00,65,34,31,0,0,0
2024-03-08 08:15,78,46,32,0,0,0
2024-03-08 08:30,68,46,22,0,0,0
2024-03-08 08:45,61,42,19,0,0,0
2024-03-08 09:00,53,40,13,0,0,0
2024-03-08 09:15,31,28,3,0,0,0
2024-03-08 09:30,34,21,13,0,0,0
2024-03-08 09:45,43,34,9,0,0,0
2024-03-08 10:00,33,25,8,0,0,0
2024-03-08 10:15,31,27,4,0,0,0
2024-03-08 10:30,36,31,5,0,0,0
2024-03-08 10:45,25,15,10,0,0,0
2024-03-08 11:00,26,14,12,0,0,0
2024-03-08 11:15,32,19,13,0,0,0
2024-03-08 11:30,33,20,13,0,0,0
2024-03-08 11:45,28,23,5,0,0,0
2024-03-08 12:00,53,32,21,0,0,0
2024-03-08 12:15,55,40,15,0,0,0
2024-03-08 12:30,49,27,22,0,0,0
2024-03-08 12:45,58,32,26,0,0,0
2024-03-08 13:00,70,35,35,0,0,0
2024-03-08 13:15,78,35,43,0,0,0
2024-03-08 13:30,62,39,23,0,0,0
2024-03-08 13:45,63,33,30,0,0,0
2024-03-08 14:00,71,42,29,0,0,0
2024-03-08 14:15,50,39,11,0,0,0
2024-03-08 14:30,54,37,17,0,0,0
2024-03-08 14:45,59,35,24,0,0,0
2024-03-08 15:00,40,27,13,0,0,0
2024-03-08 15:15,82,48,34,0,0,0
2024-03-08 15:30,74,54,20,0,0,0
2024-03-08 15:45,79,51,28,0,0,0
2024-03-08 16:00,85,64,21,0,0,0
2024-03-08 16:15,49,40,9,0,0,0
2024-03-08 16:30,69,49,20,0,0,0
2024-03-08 16:45,62,38,24,0,0,0
2024-03-08 17:00,52,33,19,0,0,0
2024-03-08 17:15,69,43,26,0,0,0
2024-03-08 17:30,61,45,16,0,0,0
2024-03-08 17:45,73,43,30,0,0,0
2024-03-08 18:00,53,27,26,0,0,0
2024-03-08 18:15,75,43,32,0,0,0
2024-03-08 18:30,50,30,20,0,0,0
2024-03-08 18:45,73,52,21,0,0,0
2024-03-08 19:00,53,27,26,0,0,0
2024-03-08 19:15,65,34,31,0,0,0
2024-03-08 19:30,46,35,11,0,0,0
2024-03-08 19:45,44,29,15,0,0,0
2024-03-08 20:00,36,24,12,0,0,0
2024-03-08 20:15,44,34,10,0,0,0
2024-03-08 20:30,28,17,11,0,0,0
2024-03-08 20:45,32,25,7,0,0,0
2024-03-08 21:00,27,15,12,0,0,0
2024-03-08 21:15,28,10,18,0,0,0
2024-03-08 21:30,19,6,13,0,0,0
2024-03-08 21:45,40,11,29,0,0,0
2024-03-08 22:00,30,8,22,0,0,0
2024-03-08 22:15,40,10,30,0,0,0
2024-03-08 22:30,35,6,29,0,0,0
2024-03-08 22:45,30,12,18,0,0,0
2024-03-08 23:00,22,11,11,0,0,0
2024-03-08 23:15,17,1,16,0,0,0
2024-03-08 23:30,17,5,12,0,0,0
2024-03-08 23:45,16,2,14,0,0,0
2024-03-09 00:00,8,1,7,0,0,0
2024-03-09 00:15,16,10,6,0,0,0
2024-03-09 00:30,14,4,10,0,0,0
2024-03-09 00:45,8,3,5,0,0,0
2024-03-09 01:00,7,3,4,0,0,0
2024-03-09 01:15,7,2,5,0,0,0
2024-03-09 01:30,13,4,9,0,0,0
2024-03-09 01:45,12,3,9,0,0,0
2024-03-09 02:00,5,3,2,0,0,0
2024-03-09 02:15,9,5,4,0,0,0
2024-03-09 02:30,13,3,10,0,0,0
2024-03-09 02:45,9,3,6,0,0,0
2024-03-09 03:00,5,1,4,0,0,0
2024-03-09 03:15,1,0,1,0,0,0
2024-03-09 03:30,6,2,4,0,0,0
2024-03-09 03:45,0,0,0,0,0,0
2024-03-09 04:00,4,1,3,0,0,0
2024-03-09 04:15,4,0,4,0,0,0
2024-03-09 04:30,0,0,0,0,0,0
2024-03-09 04:45,0,0,0,0,0,0
2024-03-09 05:00,4,3,1,0,0,0
2024-03-09 05:15,2,1,1,0,0,0
2024-03-09 05:30,1,0,1,0,0,0
2024-03-09 05:45,5,3,2,0,0,0
2024-03-09 06:00,4,2,2,0,0,0
2024-03-09 06:15,3,2,1,0,0,0
2024-03-09 06:30,5,3,2,0,0,0
2024-03-09 06:45,4,4,0,0,0,0
2024-03-09 07:00,6,4,2,0,0,0
2024-03-09 07:15,7,5,2,0,0,0
2024-03-09 07:30,12,4,8,0,0,0
2024-03-09 07:45,11,10,1,0,0,0
2024-03-09 08:00,15,14,1,0,0,0
2024-03-09 08:15,13,10,3,0,0,0
2024-03-09 08:30,11,7,4,0,0,0
2024-03-09 08:45,19,11,8,0,0,0
2024-03-09 09:00,18,15,3,0,0,0
2024-03-09 09:15,17,16,1,0,0,0
2024-03-09 09:30,25,21,4,0,0,0
2024-03-09 09:45,42,30,12,0,0,0
2024-03-09 10:00,31,26,5,0,0,0
2024-03-09 10:15,35,24,11,0,0,0
2024-03-09 10:30,38,27,11,0,0,0
2024-03-09 10:45,51,36,15,0,0,0
2024-03-09 11:00,42,30,12,0,0,0
2024-03-09 11:15,34,30,4,0,0,0
2024-03-09 11:30,43,35,8,0,0,0
2024-03-09 11:45,47,35,12,0,0,0
2024-03-09 12:00,48,29,19,0,0,0
2024-03-09 12:15,48,28,20,0,0,0
2024-03-09 12:30,31,16,15,0,0,0
2024-03-09 12:45,37,26,11,0,0,0
2024-03-09 13:00,50,42,8,0,0,0
2024-03-09 13:15,53,41,12,0,0,0
2024-03-09 13:30,46,33,13,0,0,0
2024-03-09 13:45,55,35,20,0,0,0
2024-03-09 14:00,53,35,18,0,0,0
2024-03-09 14:15,48,25,23,0,0,0
2024-03-09 14:30,56,35,21,0,0,0
2024-03-09 14:45,41,29,12,0,0,0
2024-03-09 15:00,63,39,24,0,0,0
2024-03-09 15:15,51,33,18,0,0,0
2024-03-09 15:30,53,29,24,0,0,0
2024-03-09 15:45,61,37,24,0,0,0
2024-03-09 16:00,52,26,26,0,0,0
2024-03-09 16:15,63,37,26,0,0,0
2024-03-09 16:30,44,31,13,0,0,0
2024-03-09 16:45,51,31,20,0,0,0
2024-03-09 17:00,40,21,19,0,0,0
2024-03-09 17:15,47,27,20,0,0,0
2024-03-09 17:30,37,14,23,0,0,0
2024-03-09 17:45,61,39,22,0,0,0
2024-03-09 18:00,37,23,14,0,0,0
2024-03-09 18:15,65,45,20,0,0,0
2024-03-09 18:30,46,28,18,0,0,0
2024-03-09 18:45,54,31,23,0,0,0
2024-03-09 19:00,52,28,24,0,0,0
2024-03-09 19:15,23,12,11,0,0,0
2024-03-09 19:30,42,25,17,0,0,0
2024-03-09 19:45,43,29,14,0,0,0
2024-03-09 20:00,36,23,13,0,0,0
2024-03-09 20:15,33,14,19,0,0,0
2024-03-09 20:30,27,18,9,0,0,0
2024-03-09 20:45,24,12,12,0,0,0
2024-03-09 21:00,25,14,11,0,0,0
2024-03-09 21:15,19,10,9,0,0,0
2024-03-09 21:30,15,10,5,0,0,0
2024-03-09 21:45,17,8,9,0,0,0
2024-03-09 22:00,14,7,7,0,0,0
2024-03-09 22:15,18,11,7,0,0,0
2024-03-09 22:30,19,3,16,0,0,0
2024-03-09 22:45,11,4,7,0,0,0
2024-03-09 23:00,19,14,5,0,0,0
2024-03-09 23:15,24,14,10,0,0,0
2024-03-09 23:30,13,8,5,0,0,0
2024-03-09 23:45,16,9,7,0,0,0
2024-03-10 00:00,17,9,8,0,0,0
2024-03-10 00:15,25,14,11,0,0,0
2024-03-10 00:30,10,4,6,0,0,0
2024-03-10 00:45,17,9,8,0,0,0
2024-03-10 01:00,6,0,6,0,0,0
2024-03-10 01:15,6,3,3,0,0,0
2024-03-10 01:30,2,0,2,0,0,0
2024-03-10 01:45,11,5,6,0,0,0
2024-03-10 02:00,5,2,3,0,0,0
2024-03-10 02:15,8,1,7,0,0,0
2024-03-10 02:30,7,2,5,0,0,0
2024-03-10 02:45,6,1,5,0,0,0
2024-03-10 03:00,6,0,6,0,0,0
2024-03-10 03:15,12,1,11,0,0,0
2024-03-10 03:30,5,1,4,0,0,0
2024-03-10 03:45,5,1,4,0,0,0
2024-03-10 04:00,4,2,2,0,0,0
2024-03-10 04:15,1,1,0,0,0,0
2024-03-10 04:30,4,2,2,0,0,0
2024-03-10 04:45,1,1,0,0,0,0
2024-03-10 05:00,0,0,0,0,0,0
2024-03-10 05:15,3,1,2,0,0,0
2024-03-10 05:30,4,2,2,0,0,0
2024-03-10 05:45,2,1,1,0,0,0
2024-03-10 06:00,1,1,0,0,0,0
2024-03-10 06:15,0,0,0,0,0,0
2024-03-10 06:30,2,1,1,0,0,0
2024-03-10 06:45,5,4,1,0,0,0
2024-03-10 07:00,2,2,0,0,0,0
2024-03-10 07:15,4,2,2,0,0,0
2024-03-10 07:30,4,3,1,0,0,0
2024-03-10 07:45,3,1,2,0,0,0
2024-03-10 08:00,2,1,1,0,0,0
2024-03-10 08:15,4,4,0,0,0,0
2024-03-10 08:30,5,3,2,0,0,0
2024-03-10 08:45,10,4,6,0,0,0
2024-03-10 09:00,11,6,5,0,0,0
2024-03-10 09:15,10,8,2,0,0,0
2024-03-10 09:30,18,14,4,0,0,0
2024-03-10 09:45,19,17,2,0,0,0
2024-03-10 10:00,10,8,2,0,0,0
2024-03-10 10:15,18,14,4,0,0,0
2024-03-10 10:30,17,12,5,0,0,0
2024-03-10 10:45,43,28,15,0,0,0
2024-03-10 11:00,17,10,7,0,0,0
2024-03-10 11:15,16,8,8,0,0,0
2024-03-10 11:30,30,21,9,0,0,0
2024-03-10 11:45,29,23,6,0,0,0
2024-03-10 12:00,27,22,5,0,0,0
2024-03-10 12:15,29,17,12,0,0,0
2024-03-10 12:30,27,15,12,0,0,0
2024-03-10 12:45,44,30,14,0,0,0
2024-03-10 13:00,42,25,17,0,0,0
2024-03-10 13:15,34,22,12,0,0,0
2024-03-10 13:30,43,22,21,0,0,0
2024-03-10 13:45,42,26,16,0,0,0
2024-03-10 14:00,35,24,11,0,0,0
2024-03-10 14:15,44,21,23,0,0,0
2024-03-10 14:30,42,24,18,0,0,0
2024-03-10 14:45,61,47,14,0,0,0
2024-03-10 15:00,54,28,26,0,0,0
2024-03-10 15:15,77,49,28,0,0,0
2024-03-10 15:30,52,27,25,0,0,0
2024-03-10 15:45,29,19,10,0,0,0
2024-03-10 16:00,59,35,24,0,0,0
2024-03-10 16:15,39,16,23,0,0,0
2024-03-10 16:30,40,24,16,0,0,0
2024-03-10 16:45,43,29,14,0,0,0
2024-03-10 17:00,36,21,15,0,0,0
2024-03-10 17:15,48,26,22,0,0,0
2024-03-10 17:30,54,31,23,0,0,0
2024-03-10 17:45,46,31,15,0,0,0
2024-03-10 18:00,34,21,13,0,0,0
2024-03-10 18:15,35,27,8,0,0,0
2024-03-10 18:30,32,18,14,0,0,0
2024-03-10 18:45,25,18,7,0,0,0
2024-03-10 19:00,39,22,17,0,0,0
2024-03-10 19:15,26,10,16,0,0,0
2024-03-10 19:30,14,7,7,0,0,0
2024-03-10 19:45,23,12,11,0,0,0
2024-03-10 20:00,21,12,9,0,0,0
2024-03-10 20:15,21,11,10,0,0,0
2024-03-10 20:30,22,8,14,0,0,0
2024-03-10 20:45,20,8,12,0,0,0
2024-03-10 21:00,20,9,11,0,0,0
2024-03-10 21:15,14,8,6,0,0,0
2024-03-10 21:30,13,5,8,0,0,0
2024-03-10 21:45,10,1,9,0,0,0
2024-03-10 22:00,7,3,4,0,0,0
2024-03-10 22:15,5,3,2,0,0,0
2024-03-10 22:30,8,7,1,0,0,0
2024-03-10 22:45,8,3,5,0,0,0
2024-03-10 23:00,3,3,0,0,0,0
2024-03-10 23:15,3,0,3,0,0,0
2024-03-10 23:30,4,0,4,0,0,0
2024-03-10 23:45,3,0,3,0,0,0
