Datetime,100034981 (Weseler Straße),101034981 (Weseler Straße stadteinwärts),102034981 (Weseler Straße stadtauswärts),100034981-status,101034981-status,102034981-status
2024-01-01 00:00,4,4,0,0,0,0
2024-01-01 00:15,3,3,0,0,0,0
2024-01-01 00:30,0,0,0,0,0,0
2024-01-01 00:45,8,4,4,0,0,0
2024-01-01 01:00,9,1,8,0,0,0
2024-01-01 01:15,11,9,2,0,0,0
2024-01-01 01:30,7,3,4,0,0,0
2024-01-01 01:45,22,10,12,0,0,0
2024-01-01 02:00,20,8,12,0,0,0
2024-01-01 02:15,15,8,7,0,0,0
2024-01-01 02:30,14,8,6,0,0,0
2024-01-01 02:45,36,23,13,0,0,0
2024-01-01 03:00,26,15,11,0,0,0
2024-01-01 03:15,26,11,15,0,0,0
2024-01-01 03:30,16,9,7,0,0,0
2024-01-01 03:45,9,4,5,0,0,0
2024-01-01 04:00,16,2,14,0,0,0
2024-01-01 04:15,11,7,4,0,0,0
2024-01-01 04:30,8,2,6,0,0,0
2024-01-01 04:45,9,4,5,0,0,0
2024-01-01 05:00,6,1,5,0,0,0
2024-01-01 05:15,4,3,1,0,0,0
2024-01-01 05:30,7,4,3,0,0,0
2024-01-01 05:45,6,6,0,0,0,0
2024-01-01 06:00,2,2,0,0,0,0
2024-01-01 06:15,3,1,2,0,0,0
2024-01-01 06:30,1,0,1,0,0,0
2024-01-01 06:45,0,0,0,0,0,0
2024-01-01 07:00,1,0,1,0,0,0
2024-01-01 07:15,1,0,1,0,0,0
2024-01-01 07:30,3,2,1,0,0,0
2024-01-01 07:45,1,0,1,0,0,0
2024-01-01 08:00,0,0,0,0,0,0
2024-01-01 08:15,3,2,1,0,0,0
2024-01-01 08:30,0,0,0,0,0,0
2024-01-01 08:45,0,0,0,0,0,0
2024-01-01 09:00,3,3,0,0,0,0
2024-01-01 09:15,6,4,2,0,0,0
2024-01-01 09:30,1,1,0,0,0,0
2024-01-01 09:45,4,4,0,0,0,0
2024-01-01 10:00,2,2,0,0,0,0
2024-01-01 10:15,2,2,0,0,0,0
2024-01-01 10:30,0,0,0,0,0,0
2024-01-01 10:45,5,4,1,0,0,0
2024-01-01 11:00,7,5,2,0,0,0
2024-01-01 11:15,6,4,2,0,0,0
2024-01-01 11:30,6,4,2,0,0,0
2024-01-01 11:45,7,6,1,0,0,0
2024-01-01 12:00,3,1,2,0,0,0
2024-01-01 12:15,4,3,1,0,0,0
2024-01-01 12:30,8,5,3,0,0,0
2024-01-01 12:45,14,6,8,0,0,0
2024-01-01 13:00,2,1,1,0,0,0
2024-01-01 13:15,7,4,3,0,0,0
2024-01-01 13:30,7,6,1,0,0,0
2024-01-01 13:45,4,2,2,0,0,0
2024-01-01 14:00,5,3,2,0,0,0
2024-01-01 14:15,12,10,2,0,0,0
2024-01-01 14:30,11,6,5,0,0,0
2024-01-01 14:45,7,5,2,0,0,0
2024-01-01 15:00,5,4,1,0,0,0
2024-01-01 15:15,4,3,1,0,0,0
2024-01-01 15:30,9,8,1,0,0,0
2024-01-01 15:45,5,3,2,0,0,0
2024-01-01 16:00,6,4,2,0,0,0
2024-01-01 16:15,10,7,3,0,0,0
2024-01-01 16:30,10,6,4,0,0,0
2024-01-01 16:45,9,6,3,0,0,0
2024-01-01 17:00,4,3,1,0,0,0
2024-01-01 17:15,8,6,2,0,0,0
2024-01-01 17:30,11,4,7,0,0,0
2024-01-01 17:45,9,7,2,0,0,0
2024-01-01 18:00,4,1,3,0,0,0
2024-01-01 18:15,5,4,1,0,0,0
2024-01-01 18:30,5,1,4,0,0,0
2024-01-01 18:45,12,7,5,0,0,0
2024-01-01 19:00,5,2,3,0,0,0
2024-01-01 19:15,3,3,0,0,0,0
2024-01-01 19:30,6,3,3,0,0,0
2024-01-01 19:45,8,3,5,0,0,0
2024-01-01 20:00,10,9,1,0,0,0
2024-01-01 20:15,0,0,0,0,0,0
2024-01-01 20:30,5,2,3,0,0,0
2024-01-01 20:45,2,2,0,0,0,0
2024-01-01 21:00,4,4,0,0,0,0
2024-01-01 21:15,2,2,0,0,0,0
2024-01-01 21:30,4,3,1,0,0,0
2024-01-01 21:45,1,1,0,0,0,0
2024-01-01 22:00,3,0,3,0,0,0
2024-01-01 22:15,0,0,0,0,0,0
2024-01-01 22:30,2,1,1,0,0,0
2024-01-01 22:45,1,1,0,0,0,0
2024-01-01 23:00,2,1,1,0,0,0
2024-01-01 23:15,3,1,2,0,0,0
2024-01-01 23:30,1,1,0,0,0,0
2024-01-01 23:45,0,0,0,0,0,0
2024-01-02 00:00,1,1,0,0,0,0
2024-01-02 00:15,2,1,1,0,0,0
2024-01-02 00:30,1,1,0,0,0,0
2024-01-02 00:45,2,2,0,0,0,0
2024-01-02 01:00,0,0,0,0,0,0
2024-01-02 01:15,1,1,0,0,0,0
2024-01-02 01:30,0,0,0,0,0,0
2024-01-02 01:45,0,0,0,0,0,0
2024-01-02 02:00,0,0,0,0,0,0
2024-01-02 02:15,0,0,0,0,0,0
2024-01-02 02:30,1,1,0,0,0,0
2024-01-02 02:45,0,0,0,0,0,0
2024-01-02 03:00,0,0,0,0,0,0
2024-01-02 03:15,0,0,0,0,0,0
2024-01-02 03:30,2,1,1,0,0,0
2024-01-02 03:45,1,0,1,0,0,0
2024-01-02 04:00,0,0,0,0,0,0
2024-01-02 04:15,0,0,0,0,0,0
2024-01-02 04:30,0,0,0,0,0,0
2024-01-02 04:45,1,1,0,0,0,0
2024-01-02 05:00,2,1,1,0,0,0
2024-01-02 05:15,5,1,4,0,0,0
2024-01-02 05:30,1,1,0,0,0,0
2024-01-02 05:45,5,3,2,0,0,0
2024-01-02 06:00,7,6,1,0,0,0
2024-01-02 06:15,7,5,2,0,0,0
2024-01-02 06:30,10,6,4,0,0,0
2024-01-02 06:45,16,8,8,0,0,0
2024-01-02 07:00,18,8,10,0,0,0
2024-01-02 07:15,17,9,8,0,0,0
2024-01-02 07:30,30,13,17,0,0,0
2024-01-02 07:45,27,13,14,0,0,0
2024-01-02 08:00,31,16,15,0,0,0
2024-01-02 08:15,30,21,9,0,0,0
2024-01-02 08:30,20,11,9,0,0,0
2024-01-02 08:45,39,22,17,0,0,0
2024-01-02 09:00,12,11,1,0,0,0
2024-01-02 09:15,16,13,3,0,0,0
2024-01-02 09:30,16,12,4,0,0,0
2024-01-02 09:45,19,11,8,0,0,0
2024-01-02 10:00,14,13,1,0,0,0
2024-01-02 10:15,24,22,2,0,0,0
2024-01-02 10:30,20,18,2,0,0,0
2024-01-02 10:45,25,23,2,0,0,0
2024-01-02 11:00,17,15,2,0,0,0
2024-01-02 11:15,19,17,2,0,0,0
2024-01-02 11:30,17,13,4,0,0,0
2024-01-02 11:45,14,13,1,0,0,0
2024-01-02 12:00,19,15,4,0,0,0
2024-01-02 12:15,18,11,7,0,0,0
2024-01-02 12:30,14,10,4,0,0,0
2024-01-02 12:45,19,13,6,0,0,0
2024-01-02 13:00,12,10,2,0,0,0
2024-01-02 13:15,17,12,5,0,0,0
2024-01-02 13:30,18,13,5,0,0,0
2024-01-02 13:45,19,14,5,0,0,0
2024-01-02 14:00,22,12,10,0,0,0
2024-01-02 14:15,24,19,5,0,0,0
2024-01-02 14:30,15,6,9,0,0,0
2024-01-02 14:45,11,6,5,0,0,0
2024-01-02 15:00,23,12,11,0,0,0
2024-01-02 15:15,25,13,12,0,0,0
2024-01-02 15:30,24,17,7,0,0,0
2024-01-02 15:45,32,23,9,0,0,0
2024-01-02 16:00,25,17,8,0,0,0
2024-01-02 16:15,34,22,12,0,0,0
2024-01-02 16:30,35,20,15,0,0,0
2024-01-02 16:45,37,25,12,0,0,0
2024-01-02 17:00,36,28,8,0,0,0
2024-01-02 17:15,38,25,13,0,0,0
2024-01-02 17:30,35,20,15,0,0,0
2024-01-02 17:45,37,27,10,0,0,0
2024-01-02 18:00,36,25,11,0,0,0
2024-01-02 18:15,30,20,10,0,0,0
2024-01-02 18:30,7,5,2,0,0,0
2024-01-02 18:45,19,14,5,0,0,0
2024-01-02 19:00,16,10,6,0,0,0
2024-01-02 19:15,13,7,6,0,0,0
2024-01-02 19:30,6,4,2,0,0,0
2024-01-02 19:45,13,8,5,0,0,0
2024-01-02 20:00,12,5,7,0,0,0
2024-01-02 20:15,18,17,1,0,0,0
2024-01-02 20:30,11,8,3,0,0,0
2024-01-02 20:45,6,2,4,0,0,0
2024-01-02 21:00,8,4,4,0,0,0
2024-01-02 21:15,8,6,2,0,0,0
2024-01-02 21:30,2,2,0,0,0,0
2024-01-02 21:45,8,5,3,0,0,0
2024-01-02 22:00,2,2,0,0,0,0
2024-01-02 22:15,7,2,5,0,0,0
2024-01-02 22:30,5,3,2,0,0,0
2024-01-02 22:45,8,6,2,0,0,0
2024-01-02 23:00,3,1,2,0,0,0
2024-01-02 23:15,6,4,2,0,0,0
2024-01-02 23:30,2,1,1,0,0,0
2024-01-02 23:45,2,2,0,0,0,0
2024-01-03 00:00,3,2,1,0,0,0
2024-01-03 00:15,0,0,0,0,0,0
2024-01-03 00:30,3,2,1,0,0,0
2024-01-03 00:45,2,1,1,0,0,0
2024-01-03 01:00,0,0,0,0,0,0
2024-01-03 01:15,1,1,0,0,0,0
2024-01-03 01:30,0,0,0,0,0,0
2024-01-03 01:45,0,0,0,0,0,0
2024-01-03 02:00,0,0,0,0,0,0
2024-01-03 02:15,0,0,0,0,0,0
2024-01-03 02:30,1,0,1,0,0,0
2024-01-03 02:45,1,0,1,0,0,0
2024-01-03 03:00,1,1,0,0,0,0
2024-01-03 03:15,0,0,0,0,0,0
2024-01-03 03:30,1,1,0,0,0,0
2024-01-03 03:45,2,1,1,0,0,0
2024-01-03 04:00,0,0,0,0,0,0
2024-01-03 04:15,0,0,0,0,0,0
2024-01-03 04:30,2,1,1,0,0,0
2024-01-03 04:45,2,2,0,0,0,0
2024-01-03 05:00,2,1,1,0,0,0
2024-01-03 05:15,2,1,1,0,0,0
2024-01-03 05:30,4,3,1,0,0,0
2024-01-03 05:45,8,3,5,0,0,0
2024-01-03 06:00,4,3,1,0,0,0
2024-01-03 06:15,9,6,3,0,0,0
2024-01-03 06:30,13,9,4,0,0,0
2024-01-03 06:45,22,15,7,0,0,0
2024-01-03 07:00,28,15,13,0,0,0
2024-01-03 07:15,16,11,5,0,0,0
2024-01-03 07:30,35,18,17,0,0,0
2024-01-03 07:45,29,18,11,0,0,0
2024-01-03 08:00,24,17,7,0,0,0
2024-01-03 08:15,46,33,13,0,0,0
2024-01-03 08:30,22,18,4,0,0,0
2024-01-03 08:45,44,26,18,0,0,0
2024-01-03 09:00,24,16,8,0,0,0
2024-01-03 09:15,15,8,7,0,0,0
2024-01-03 09:30,20,13,7,0,0,0
2024-01-03 09:45,30,24,6,0,0,0
2024-01-03 10:00,15,11,4,0,0,0
2024-01-03 10:15,19,16,3,0,0,0
2024-01-03 10:30,14,13,1,0,0,0
2024-01-03 10:45,19,12,7,0,0,0
2024-01-03 11:00,24,19,5,0,0,0
2024-01-03 11:15,21,17,4,0,0,0
2024-01-03 11:30,20,13,7,0,0,0
2024-01-03 11:45,31,21,10,0,0,0
2024-01-03 12:00,14,10,4,0,0,0
2024-01-03 12:15,21,14,7,0,0,0
2024-01-03 12:30,26,18,8,0,0,0
2024-01-03 12:45,16,13,3,0,0,0
2024-01-03 13:00,23,10,13,0,0,0
2024-01-03 13:15,23,15,8,0,0,0
2024-01-03 13:30,20,15,5,0,0,0
2024-01-03 13:45,28,21,7,0,0,0
2024-01-03 14:00,25,16,9,0,0,0
2024-01-03 14:15,18,12,6,0,0,0
2024-01-03 14:30,16,6,10,0,0,0
2024-01-03 14:45,27,19,8,0,0,0
2024-01-03 15:00,36,14,22,0,0,0
2024-01-03 15:15,41,36,5,0,0,0
2024-01-03 15:30,37,26,11,0,0,0
2024-01-03 15:45,24,17,7,0,0,0
2024-01-03 16:00,43,35,8,0,0,0
2024-01-03 16:15,41,27,14,0,0,0
2024-01-03 16:30,39,29,10,0,0,0
2024-01-03 16:45,49,41,8,0,0,0
2024-01-03 17:00,34,20,14,0,0,0
2024-01-03 17:15,32,19,13,0,0,0
2024-01-03 17:30,47,31,16,0,0,0
2024-01-03 17:45,54,37,17,0,0,0
2024-01-03 18:00,30,14,16,0,0,0
2024-01-03 18:15,14,8,6,0,0,0
2024-01-03 18:30,22,9,13,0,0,0
2024-01-03 18:45,28,22,6,0,0,0
2024-01-03 19:00,21,13,8,0,0,0
2024-01-03 19:15,16,11,5,0,0,0
2024-01-03 19:30,14,11,3,0,0,0
2024-01-03 19:45,21,15,6,0,0,0
2024-01-03 20:00,16,10,6,0,0,0
2024-01-03 20:15,27,16,11,0,0,0
2024-01-03 20:30,13,7,6,0,0,0
2024-01-03 20:45,9,9,0,0,0,0
2024-01-03 21:00,9,7,2,0,0,0
2024-01-03 21:15,11,6,5,0,0,0
2024-01-03 21:30,11,6,5,0,0,0
2024-01-03 21:45,6,2,4,0,0,0
2024-01-03 22:00,9,5,4,0,0,0
2024-01-03 22:15,6,5,1,0,0,0
2024-01-03 22:30,5,2,3,0,0,0
2024-01-03 22:45,7,4,3,0,0,0
2024-01-03 23:00,2,1,1,0,0,0
2024-01-03 23:15,5,3,2,0,0,0
2024-01-03 23:30,6,2,4,0,0,0
2024-01-03 23:45,9,4,5,0,0,0
2024-01-04 00:00,6,0,6,0,0,0
2024-01-04 00:15,3,1,2,0,0,0
2024-01-04 00:30,3,1,2,0,0,0
2024-01-04 00:45,1,1,0,0,0,0
2024-01-04 01:00,3,0,3,0,0,0
2024-01-04 01:15,1,1,0,0,0,0
2024-01-04 01:30,3,2,1,0,0,0
2024-01-04 01:45,0,0,0,0,0,0
2024-01-04 02:00,3,2,1,0,0,0
2024-01-04 02:15,0,0,0,0,0,0
2024-01-04 02:30,0,0,0,0,0,0
2024-01-04 02:45,0,0,0,0,0,0
2024-01-04 03:00,0,0,0,0,0,0
2024-01-04 03:15,0,0,0,0,0,0
2024-01-04 03:30,1,1,0,0,0,0
2024-01-04 03:45,1,1,0,0,0,0
2024-01-04 04:00,1,1,0,0,0,0
2024-01-04 04:15,1,0,1,0,0,0
2024-01-04 04:30,0,0,0,0,0,0
2024-01-04 04:45,2,2,0,0,0,0
2024-01-04 05:00,5,3,2,0,0,0
2024-01-04 05:15,4,1,3,0,0,0
2024-01-04 05:30,4,2,2,0,0,0
2024-01-04 05:45,7,4,3,0,0,0
2024-01-04 06:00,11,9,2,0,0,0
2024-01-04 06:15,12,9,3,0,0,0
2024-01-04 06:30,19,13,6,0,0,0
2024-01-04 06:45,20,14,6,0,0,0
2024-01-04 07:00,17,10,7,0,0,0
2024-01-04 07:15,28,22,6,0,0,0
2024-01-04 07:30,42,20,22,0,0,0
2024-01-04 07:45,48,36,12,0,0,0
2024-01-04 08:00,31,23,8,0,0,0
2024-01-04 08:15,34,19,15,0,0,0
2024-01-04 08:30,27,18,9,0,0,0
2024-01-04 08:45,52,34,18,0,0,0
2024-01-04 09:00,30,27,3,0,0,0
2024-01-04 09:15,17,14,3,0,0,0
2024-01-04 09:30,15,12,3,0,0,0
2024-01-04 09:45,37,30,7,0,0,0
2024-01-04 10:00,25,21,4,0,0,0
2024-01-04 10:15,27,21,6,0,0,0
2024-01-04 10:30,26,20,6,0,0,0
2024-01-04 10:45,22,19,3,0,0,0
2024-01-04 11:00,32,28,4,0,0,0
2024-01-04 11:15,24,23,1,0,0,0
2024-01-04 11:30,34,21,13,0,0,0
2024-01-04 11:45,21,19,2,0,0,0
2024-01-04 12:00,30,22,8,0,0,0
2024-01-04 12:15,24,23,1,0,0,0
2024-01-04 12:30,15,11,4,0,0,0
2024-01-04 12:45,21,16,5,0,0,0
2024-01-04 13:00,24,14,10,0,0,0
2024-01-04 13:15,32,27,5,0,0,0
2024-01-04 13:30,33,22,11,0,0,0
2024-01-04 13:45,28,23,5,0,0,0
2024-01-04 14:00,25,17,8,0,0,0
2024-01-04 14:15,24,18,6,0,0,0
2024-01-04 14:30,28,19,9,0,0,0
2024-01-04 14:45,35,26,9,0,0,0
2024-01-04 15:00,30,24,6,0,0,0
2024-01-04 15:15,29,19,10,0,0,0
2024-01-04 15:30,31,19,12,0,0,0
2024-01-04 15:45,28,17,11,0,0,0
2024-01-04 16:00,46,29,17,0,0,0
2024-01-04 16:15,41,27,14,0,0,0
2024-01-04 16:30,48,32,16,0,0,0
2024-01-04 16:45,41,22,19,0,0,0
2024-01-04 17:00,46,32,14,0,0,0
2024-01-04 17:15,57,37,20,0,0,0
2024-01-04 17:30,39,30,9,0,0,0
2024-01-04 17:45,48,31,17,0,0,0
2024-01-04 18:00,38,28,10,0,0,0
2024-01-04 18:15,32,16,16,0,0,0
2024-01-04 18:30,28,21,7,0,0,0
2024-01-04 18:45,23,9,14,0,0,0
2024-01-04 19:00,23,17,6,0,0,0
2024-01-04 19:15,17,9,8,0,0,0
2024-01-04 19:30,19,10,9,0,0,0
2024-01-04 19:45,24,16,8,0,0,0
2024-01-04 20:00,34,24,10,0,0,0
2024-01-04 20:15,15,10,5,0,0,0
2024-01-04 20:30,12,7,5,0,0,0
2024-01-04 20:45,11,8,3,0,0,0
2024-01-04 21:00,7,6,1,0,0,0
2024-01-04 21:15,14,6,8,0,0,0
2024-01-04 21:30,7,4,3,0,0,0
2024-01-04 21:45,5,2,3,0,0,0
2024-01-04 22:00,11,7,4,0,0,0
2024-01-04 22:15,17,7,10,0,0,0
2024-01-04 22:30,5,3,2,0,0,0
2024-01-04 22:45,8,5,3,0,0,0
2024-01-04 23:00,4,4,0,0,0,0
2024-01-04 23:15,1,0,1,0,0,0
2024-01-04 23:30,9,2,7,0,0,0
2024-01-04 23:45,8,5,3,0,0,0
2024-01-05 00:00,3,0,3,0,0,0
2024-01-05 00:15,1,1,0,0,0,0
2024-01-05 00:30,8,3,5,0,0,0
2024-01-05 00:45,2,2,0,0,0,0
2024-01-05 01:00,3,1,2,0,0,0
2024-01-05 01:15,2,2,0,0,0,0
2024-01-05 01:30,1,1,0,0,0,0
2024-01-05 01:45,1,0,1,0,0,0
2024-01-05 02:00,1,0,1,0,0,0
2024-01-05 02:15,1,0,1,0,0,0
2024-01-05 02:30,0,0,0,0,0,0
2024-01-05 02:45,1,1,0,0,0,0
2024-01-05 03:00,0,0,0,0,0,0
2024-01-05 03:15,0,0,0,0,0,0
2024-01-05 03:30,2,0,2,0,0,0
2024-01-05 03:45,2,1,1,0,0,0
2024-01-05 04:00,1,0,1,0,0,0
2024-01-05 04:15,0,0,0,0,0,0
2024-01-05 04:30,1,1,0,0,0,0
2024-01-05 04:45,3,2,1,0,0,0
2024-01-05 05:00,1,0,1,0,0,0
2024-01-05 05:15,1,1,0,0,0,0
2024-01-05 05:30,5,3,2,0,0,0
2024-01-05 05:45,7,5,2,0,0,0
2024-01-05 06:00,6,6,0,0,0,0
2024-01-05 06:15,4,3,1,0,0,0
2024-01-05 06:30,15,11,4,0,0,0
2024-01-05 06:45,20,15,5,0,0,0
2024-01-05 07:00,13,6,7,0,0,0
2024-01-05 07:15,20,14,6,0,0,0
2024-01-05 07:30,27,15,12,0,0,0
2024-01-05 07:45,33,25,8,0,0,0
2024-01-05 08:00,26,21,5,0,0,0
2024-01-05 08:15,38,34,4,0,0,0
2024-01-05 08:30,18,9,9,0,0,0
2024-01-05 08:45,32,28,4,0,0,0
2024-01-05 09:00,25,21,4,0,0,0
2024-01-05 09:15,24,21,3,0,0,0
2024-01-05 09:30,23,23,0,0,0,0
2024-01-05 09:45,37,32,5,0,0,0
2024-01-05 10:00,24,22,2,0,0,0
2024-01-05 10:15,16,15,1,0,0,0
2024-01-05 10:30,21,20,1,0,0,0
2024-01-05 10:45,30,25,5,0,0,0
2024-01-05 11:00,14,10,4,0,0,0
2024-01-05 11:15,26,22,4,0,0,0
2024-01-05 11:30,22,19,3,0,0,0
2024-01-05 11:45,27,21,6,0,0,0
2024-01-05 12:00,31,23,8,0,0,0
2024-01-05 12:15,32,21,11,0,0,0
2024-01-05 12:30,30,21,9,0,0,0
2024-01-05 12:45,29,21,8,0,0,0
2024-01-05 13:00,31,26,5,0,0,0
2024-01-05 13:15,31,21,10,0,0,0
2024-01-05 13:30,23,17,6,0,0,0
2024-01-05 13:45,32,25,7,0,0,0
2024-01-05 14:00,38,28,10,0,0,0
2024-01-05 14:15,23,15,8,0,0,0
2024-01-05 14:30,23,15,8,0,0,0
2024-01-05 14:45,26,19,7,0,0,0
2024-01-05 15:00,39,29,10,0,0,0
2024-01-05 15:15,32,26,6,0,0,0
2024-01-05 15:30,25,19,6,0,0,0
2024-01-05 15:45,36,25,11,0,0,0
2024-01-05 16:00,40,29,11,0,0,0
2024-01-05 16:15,37,26,11,0,0,0
2024-01-05 16:30,34,23,11,0,0,0
2024-01-05 16:45,29,26,3,0,0,0
2024-01-05 17:00,38,27,11,0,0,0
2024-01-05 17:15,18,14,4,0,0,0
2024-01-05 17:30,29,24,5,0,0,0
2024-01-05 17:45,27,16,11,0,0,0
2024-01-05 18:00,29,24,5,0,0,0
2024-01-05 18:15,28,16,12,0,0,0
2024-01-05 18:30,17,11,6,0,0,0
2024-01-05 18:45,36,23,13,0,0,0
2024-01-05 19:00,28,20,8,0,0,0
2024-01-05 19:15,30,17,13,0,0,0
2024-01-05 19:30,28,22,6,0,0,0
2024-01-05 19:45,25,19,6,0,0,0
2024-01-05 20:00,24,17,7,0,0,0
2024-01-05 20:15,15,11,4,0,0,0
2024-01-05 20:30,2,1,1,0,0,0
2024-01-05 20:45,11,9,2,0,0,0
2024-01-05 21:00,7,5,2,0,0,0
2024-01-05 21:15,9,7,2,0,0,0
2024-01-05 21:30,18,14,4,0,0,0
2024-01-05 21:45,5,3,2,0,0,0
2024-01-05 22:00,13,5,8,0,0,0
2024-01-05 22:15,11,7,4,0,0,0
2024-01-05 22:30,3,0,3,0,0,0
2024-01-05 22:45,11,6,5,0,0,0
2024-01-05 23:00,6,4,2,0,0,0
2024-01-05 23:15,6,6,0,0,0,0
2024-01-05 23:30,8,5,3,0,0,0
2024-01-05 23:45,10,4,6,0,0,0
2024-01-06 00:00,4,2,2,0,0,0
2024-01-06 00:15,4,4,0,0,0,0
2024-01-06 00:30,4,1,3,0,0,0
2024-01-06 00:45,8,2,6,0,0,0
2024-01-06 01:00,8,2,6,0,0,0
2024-01-06 01:15,1,1,0,0,0,0
2024-01-06 01:30,3,0,3,0,0,0
2024-01-06 01:45,5,2,3,0,0,0
2024-01-06 02:00,2,1,1,0,0,0
2024-01-06 02:15,1,1,0,0,0,0
2024-01-06 02:30,2,0,2,0,0,0
2024-01-06 02:45,1,0,1,0,0,0
2024-01-06 03:00,3,2,1,0,0,0
2024-01-06 03:15,1,1,0,0,0,0
2024-01-06 03:30,2,0,2,0,0,0
2024-01-06 03:45,4,3,1,0,0,0
2024-01-06 04:00,5,0,5,0,0,0
2024-01-06 04:15,0,0,0,0,0,0
2024-01-06 04:30,1,0,1,0,0,0
2024-01-06 04:45,1,0,1,0,0,0
2024-01-06 05:00,2,0,2,0,0,0
2024-01-06 05:15,0,0,0,0,0,0
2024-01-06 05:30,3,1,2,0,0,0
2024-01-06 05:45,4,3,1,0,0,0
2024-01-06 06:00,3,2,1,0,0,0
2024-01-06 06:15,3,0,3,0,0,0
2024-01-06 06:30,4,3,1,0,0,0
2024-01-06 06:45,1,1,0,0,0,0
2024-01-06 07:00,3,3,0,0,0,0
2024-01-06 07:15,2,2,0,0,0,0
2024-01-06 07:30,3,2,1,0,0,0
2024-01-06 07:45,11,6,5,0,0,0
2024-01-06 08:00,8,5,3,0,0,0
2024-01-06 08:15,10,7,3,0,0,0
2024-01-06 08:30,18,14,4,0,0,0
2024-01-06 08:45,14,10,4,0,0,0
2024-01-06 09:00,8,5,3,0,0,0
2024-01-06 09:15,11,11,0,0,0,0
2024-01-06 09:30,21,16,5,0,0,0
2024-01-06 09:45,23,22,1,0,0,0
2024-01-06 10:00,18,16,2,0,0,0
2024-01-06 10:15,18,14,4,0,0,0
2024-01-06 10:30,17,9,8,0,0,0
2024-01-06 10:45,33,24,9,0,0,0
2024-01-06 11:00,34,31,3,0,0,0
2024-01-06 11:15,32,26,6,0,0,0
2024-01-06 11:30,28,21,7,0,0,0
2024-01-06 11:45,33,24,9,0,0,0
2024-01-06 12:00,30,22,8,0,0,0
2024-01-06 12:15,30,24,6,0,0,0
2024-01-06 12:30,30,23,7,0,0,0
2024-01-06 12:45,33,29,4,0,0,0
2024-01-06 13:00,29,20,9,0,0,0
2024-01-06 13:15,28,23,5,0,0,0
2024-01-06 13:30,29,19,10,0,0,0
2024-01-06 13:45,32,26,6,0,0,0
2024-01-06 14:00,32,20,12,0,0,0
2024-01-06 14:15,26,20,6,0,0,0
2024-01-06 14:30,30,22,8,0,0,0
2024-01-06 14:45,24,19,5,0,0,0
2024-01-06 15:00,33,25,8,0,0,0
2024-01-06 15:15,20,14,6,0,0,0
2024-01-06 15:30,22,8,14,0,0,0
2024-01-06 15:45,28,19,9,0,0,0
2024-01-06 16:00,33,19,14,0,0,0
2024-01-06 16:15,33,18,15,0,0,0
2024-01-06 16:30,24,16,8,0,0,0
2024-01-06 16:45,22,11,11,0,0,0
2024-01-06 17:00,29,16,13,0,0,0
2024-01-06 17:15,21,12,9,0,0,0
2024-01-06 17:30,19,12,7,0,0,0
2024-01-06 17:45,22,17,5,0,0,0
2024-01-06 18:00,24,12,12,0,0,0
2024-01-06 18:15,36,21,15,0,0,0
2024-01-06 18:30,21,14,7,0,0,0
2024-01-06 18:45,26,19,7,0,0,0
2024-01-06 19:00,20,13,7,0,0,0
2024-01-06 19:15,30,14,16,0,0,0
2024-01-06 19:30,16,10,6,0,0,0
2024-01-06 19:45,25,11,14,0,0,0
2024-01-06 20:00,24,13,11,0,0,0
2024-01-06 20:15,20,14,6,0,0,0
2024-01-06 20:30,19,10,9,0,0,0
2024-01-06 20:45,12,7,5,0,0,0
2024-01-06 21:00,11,7,4,0,0,0
2024-01-06 21:15,12,10,2,0,0,0
2024-01-06 21:30,16,6,10,0,0,0
2024-01-06 21:45,7,4,3,0,0,0
2024-01-06 22:00,13,7,6,0,0,0
2024-01-06 22:15,9,4,5,0,0,0
2024-01-06 22:30,13,6,7,0,0,0
2024-01-06 22:45,12,9,3,0,0,0
2024-01-06 23:00,7,2,5,0,0,0
2024-01-06 23:15,7,3,4,0,0,0
2024-01-06 23:30,13,6,7,0,0,0
2024-01-06 23:45,4,1,3,0,0,0
2024-01-07 00:00,7,1,6,0,0,0
2024-01-07 00:15,12,7,5,0,0,0
2024-01-07 00:30,6,3,3,0,0,0
2024-01-07 00:45,3,3,0,0,0,0
2024-01-07 01:00,11,4,7,0,0,0
2024-01-07 01:15,4,2,2,0,0,0
2024-01-07 01:30,9,7,2,0,0,0
2024-01-07 01:45,5,0,5,0,0,0
2024-01-07 02:00,11,3,8,0,0,0
2024-01-07 02:15,3,1,2,0,0,0
2024-01-07 02:30,0,0,0,0,0,0
2024-01-07 02:45,2,2,0,0,0,0
2024-01-07 03:00,5,3,2,0,0,0
2024-01-07 03:15,8,4,4,0,0,0
2024-01-07 03:30,2,1,1,0,0,0
2024-01-07 03:45,7,1,6,0,0,0
2024-01-07 04:00,0,0,0,0,0,0
2024-01-07 04:15,0,0,0,0,0,0
2024-01-07 04:30,0,0,0,0,0,0
2024-01-07 04:45,0,0,0,0,0,0
2024-01-07 05:00,3,1,2,0,0,0
2024-01-07 05:15,2,0,2,0,0,0
2024-01-07 05:30,6,3,3,0,0,0
2024-01-07 05:45,2,1,1,0,0,0
2024-01-07 06:00,1,0,1,0,0,0
2024-01-07 06:15,2,0,2,0,0,0
2024-01-07 06:30,0,0,0,0,0,0
2024-01-07 06:45,3,0,3,0,0,0
2024-01-07 07:00,0,0,0,0,0,0
2024-01-07 07:15,3,0,3,0,0,0
2024-01-07 07:30,4,1,3,0,0,0
2024-01-07 07:45,5,5,0,0,0,0
2024-01-07 08:00,6,5,1,0,0,0
2024-01-07 08:15,8,6,2,0,0,0
2024-01-07 08:30,1,0,1,0,0,0
2024-01-07 08:45,3,2,1,0,0,0
2024-01-07 09:00,2,1,1,0,0,0
2024-01-07 09:15,11,8,3,0,0,0
2024-01-07 09:30,5,3,2,0,0,0
2024-01-07 09:45,20,19,1,0,0,0
2024-01-07 10:00,16,16,0,0,0,0
2024-01-07 10:15,13,8,5,0,0,0
2024-01-07 10:30,20,14,6,0,0,0
2024-01-07 10:45,11,6,5,0,0,0
2024-01-07 11:00,9,8,1,0,0,0
2024-01-07 11:15,24,19,5,0,0,0
2024-01-07 11:30,21,15,6,0,0,0
2024-01-07 11:45,24,20,4,0,0,0
2024-01-07 12:00,16,12,4,0,0,0
2024-01-07 12:15,14,9,5,0,0,0
2024-01-07 12:30,17,11,6,0,0,0
2024-01-07 12:45,32,17,15,0,0,0
2024-01-07 13:00,10,10,0,0,0,0
2024-01-07 13:15,26,14,12,0,0,0
2024-01-07 13:30,17,10,7,0,0,0
2024-01-07 13:45,29,20,9,0,0,0
2024-01-07 14:00,17,12,5,0,0,0
2024-01-07 14:15,16,9,7,0,0,0
2024-01-07 14:30,29,15,14,0,0,0
2024-01-07 14:45,26,17,9,0,0,0
2024-01-07 15:00,19,13,6,0,0,0
2024-01-07 15:15,13,9,4,0,0,0
2024-01-07 15:30,24,10,14,0,0,0
2024-01-07 15:45,29,14,15,0,0,0
2024-01-07 16:00,30,25,5,0,0,0
2024-01-07 16:15,21,13,8,0,0,0
2024-01-07 16:30,24,10,14,0,0,0
2024-01-07 16:45,13,8,5,0,0,0
2024-01-07 17:00,19,14,5,0,0,0
2024-01-07 17:15,25,14,11,0,0,0
2024-01-07 17:30,16,8,8,0,0,0
2024-01-07 17:45,27,21,6,0,0,0
2024-01-07 18:00,18,12,6,0,0,0
2024-01-07 18:15,26,18,8,0,0,0
2024-01-07 18:30,19,9,10,0,0,0
2024-01-07 18:45,24,15,9,0,0,0
2024-01-07 19:00,12,4,8,0,0,0
2024-01-07 19:15,10,6,4,0,0,0
2024-01-07 19:30,10,8,2,0,0,0
2024-01-07 19:45,14,7,7,0,0,0
2024-01-07 20:00,16,8,8,0,0,0
2024-01-07 20:15,9,7,2,0,0,0
2024-01-07 20:30,11,6,5,0,0,0
2024-01-07 20:45,11,6,5,0,0,0
2024-01-07 21:00,7,5,2,0,0,0
2024-01-07 21:15,10,3,7,0,0,0
2024-01-07 21:30,4,1,3,0,0,0
2024-01-07 21:45,9,5,4,0,0,0
2024-01-07 22:00,7,3,4,0,0,0
2024-01-07 22:15,9,5,4,0,0,0
2024-01-07 22:30,5,2,3,0,0,0
2024-01-07 22:45,3,3,0,0,0,0
2024-01-07 23:00,8,3,5,0,0,0
2024-01-07 23:15,3,2,1,0,0,0
2024-01-07 23:30,2,0,2,0,0,0
2024-01-07 23:45,0,0,0,0,0,0
2024-01-08 00:00,2,0,2,0,0,0
2024-01-08 00:15,1,1,0,0,0,0
2024-01-08 00:30,1,1,0,0,0,0
2024-01-08 00:45,1,1,0,0,0,0
2024-01-08 01:00,0,0,0,0,0,0
2024-01-08 01:15,0,0,0,0,0,0
2024-01-08 01:30,1,1,0,0,0,0
2024-01-08 01:45,1,0,1,0,0,0
2024-01-08 02:00,1,0,1,0,0,0
2024-01-08 02:15,1,1,0,0,0,0
2024-01-08 02:30,1,0,1,0,0,0
2024-01-08 02:45,1,1,0,0,0,0
2024-01-08 03:00,0,0,0,0,0,0
2024-01-08 03:15,1,1,0,0,0,0
2024-01-08 03:30,2,1,1,0,0,0
2024-01-08 03:45,3,3,0,0,0,0
2024-01-08 04:00,0,0,0,0,0,0
2024-01-08 04:15,2,2,0,0,0,0
2024-01-08 04:30,2,0,2,0,0,0
2024-01-08 04:45,7,3,4,0,0,0
2024-01-08 05:00,5,3,2,0,0,0
2024-01-08 05:15,6,4,2,0,0,0
2024-01-08 05:30,9,6,3,0,0,0
2024-01-08 05:45,8,4,4,0,0,0
2024-01-08 06:00,10,7,3,0,0,0
2024-01-08 06:15,24,15,9,0,0,0
2024-01-08 06:30,25,12,13,0,0,0
2024-01-08 06:45,30,14,16,0,0,0
2024-01-08 07:00,43,24,19,0,0,0
2024-01-08 07:15,71,47,24,0,0,0
2024-01-08 07:30,144,88,56,0,0,0
2024-01-08 07:45,117,58,59,0,0,0
2024-01-08 08:00,79,39,40,0,0,0
2024-01-08 08:15,84,44,40,0,0,0
2024-01-08 08:30,66,36,30,0,0,0
2024-01-08 08:45,64,43,21,0,0,0
2024-01-08 09:00,48,30,18,0,0,0
2024-01-08 09:15,27,15,12,0,0,0
2024-01-08 09:30,43,31,12,0,0,0
2024-01-08 09:45,55,36,19,0,0,0
2024-01-08 10:00,51,31,20,0,0,0
2024-01-08 10:15,32,27,5,0,0,0
2024-01-08 10:30,31,17,14,0,0,0
2024-01-08 10:45,28,21,7,0,0,0
2024-01-08 11:00,28,15,13,0,0,0
2024-01-08 11:15,17,10,7,0,0,0
2024-01-08 11:30,34,27,7,0,0,0
2024-01-08 11:45,50,36,14,0,0,0
2024-01-08 12:00,47,29,18,0,0,0
2024-01-08 12:15,34,20,14,0,0,0
2024-01-08 12:30,36,12,24,0,0,0
2024-01-08 12:45,53,34,19,0,0,0
2024-01-08 13:00,41,26,15,0,0,0
2024-01-08 13:15,41,20,21,0,0,0
2024-01-08 13:30,48,22,26,0,0,0
2024-01-08 13:45,70,50,20,0,0,0
2024-01-08 14:00,75,41,34,0,0,0
2024-01-08 14:15,49,24,25,0,0,0
2024-01-08 14:30,53,29,24,0,0,0
2024-01-08 14:45,58,33,25,0,0,0
2024-01-08 15:00,53,30,23,0,0,0
2024-01-08 15:15,54,36,18,0,0,0
2024-01-08 15:30,81,53,28,0,0,0
2024-01-08 15:45,77,42,35,0,0,0
2024-01-08 16:00,83,48,35,0,0,0
2024-01-08 16:15,76,46,30,0,0,0
2024-01-08 16:30,75,43,32,0,0,0
2024-01-08 16:45,93,68,25,0,0,0
2024-01-08 17:00,75,45,30,0,0,0
2024-01-08 17:15,77,41,36,0,0,0
2024-01-08 17:30,71,31,40,0,0,0
2024-01-08 17:45,111,70,41,0,0,0
2024-01-08 18:00,95,51,44,0,0,0
2024-01-08 18:15,77,45,32,0,0,0
2024-01-08 18:30,48,29,19,0,0,0
2024-01-08 18:45,30,25,5,0,0,0
2024-01-08 19:00,39,23,16,0,0,0
2024-01-08 19:15,23,13,10,0,0,0
2024-01-08 19:30,42,17,25,0,0,0
2024-01-08 19:45,39,12,27,0,0,0
2024-01-08 20:00,36,14,22,0,0,0
2024-01-08 20:15,36,19,17,0,0,0
2024-01-08 20:30,21,7,14,0,0,0
2024-01-08 20:45,23,16,7,0,0,0
2024-01-08 21:00,16,9,7,0,0,0
2024-01-08 21:15,9,4,5,0,0,0
2024-01-08 21:30,18,10,8,0,0,0
2024-01-08 21:45,31,21,10,0,0,0
2024-01-08 22:00,13,5,8,0,0,0
2024-01-08 22:15,9,3,6,0,0,0
2024-01-08 22:30,9,7,2,0,0,0
2024-01-08 22:45,9,5,4,0,0,0
2024-01-08 23:00,6,2,4,0,0,0
2024-01-08 23:15,4,1,3,0,0,0
2024-01-08 23:30,4,3,1,0,0,0
2024-01-08 23:45,5,2,3,0,0,0
2024-01-09 00:00,1,1,0,0,0,0
2024-01-09 00:15,0,0,0,0,0,0
2024-01-09 00:30,4,1,3,0,0,0
2024-01-09 00:45,2,0,2,0,0,0
2024-01-09 01:00,0,0,0,0,0,0
2024-01-09 01:15,2,1,1,0,0,0
2024-01-09 01:30,1,0,1,0,0,0
2024-01-09 01:45,0,0,0,0,0,0
2024-01-09 02:00,2,1,1,0,0,0
2024-01-09 02:15,1,1,0,0,0,0
2024-01-09 02:30,2,0,2,0,0,0
2024-01-09 02:45,2,2,0,0,0,0
2024-01-09 03:00,1,0,1,0,0,0
2024-01-09 03:15,0,0,0,0,0,0
2024-01-09 03:30,0,0,0,0,0,0
2024-01-09 03:45,1,1,0,0,0,0
2024-01-09 04:00,1,0,1,0,0,0
2024-01-09 04:15,2,2,0,0,0,0
2024-01-09 04:30,2,0,2,0,0,0
2024-01-09 04:45,4,3,1,0,0,0
2024-01-09 05:00,1,1,0,0,0,0
2024-01-09 05:15,5,5,0,0,0,0
2024-01-09 05:30,11,7,4,0,0,0
2024-01-09 05:45,13,7,6,0,0,0
2024-01-09 06:00,10,7,3,0,0,0
2024-01-09 06:15,16,10,6,0,0,0
2024-01-09 06:30,29,18,11,0,0,0
2024-01-09 06:45,36,13,23,0,0,0
2024-01-09 07:00,40,20,20,0,0,0
2024-01-09 07:15,56,31,25,0,0,0
2024-01-09 07:30,150,95,55,0,0,0
2024-01-09 07:45,114,67,47,0,0,0
2024-01-09 08:00,64,43,21,0,0,0
2024-01-09 08:15,85,43,42,0,0,0
2024-01-09 08:30,65,32,33,0,0,0
2024-01-09 08:45,62,39,23,0,0,0
2024-01-09 09:00,46,30,16,0,0,0
2024-01-09 09:15,27,18,9,0,0,0
2024-01-09 09:30,28,17,11,0,0,0
2024-01-09 09:45,58,40,18,0,0,0
2024-01-09 10:00,53,36,17,0,0,0
2024-01-09 10:15,34,28,6,0,0,0
2024-01-09 10:30,27,20,7,0,0,0
2024-01-09 10:45,36,24,12,0,0,0
2024-01-09 11:00,23,16,7,0,0,0
2024-01-09 11:15,23,13,10,0,0,0
2024-01-09 11:30,31,24,7,0,0,0
2024-01-09 11:45,47,31,16,0,0,0
2024-01-09 12:00,40,25,15,0,0,0
2024-01-09 12:15,45,28,17,0,0,0
2024-01-09 12:30,31,14,17,0,0,0
2024-01-09 12:45,53,38,15,0,0,0
2024-01-09 13:00,46,32,14,0,0,0
2024-01-09 13:15,53,19,34,0,0,0
2024-01-09 13:30,32,20,12,0,0,0
2024-01-09 13:45,51,30,21,0,0,0
2024-01-09 14:00,56,37,19,0,0,0
2024-01-09 14:15,50,24,26,0,0,0
2024-01-09 14:30,45,28,17,0,0,0
2024-01-09 14:45,46,30,16,0,0,0
2024-01-09 15:00,47,38,9,0,0,0
2024-01-09 15:15,59,44,15,0,0,0
2024-01-09 15:30,57,43,14,0,0,0
2024-01-09 15:45,66,42,24,0,0,0
2024-01-09 16:00,77,45,32,0,0,0
2024-01-09 16:15,93,61,32,0,0,0
2024-01-09 16:30,68,44,24,0,0,0
2024-01-09 16:45,90,66,24,0,0,0
2024-01-09 17:00,64,45,19,0,0,0
2024-01-09 17:15,63,37,26,0,0,0
2024-01-09 17:30,82,54,28,0,0,0
2024-01-09 17:45,59,35,24,0,0,0
2024-01-09 18:00,73,37,36,0,0,0
2024-01-09 18:15,65,40,25,0,0,0
2024-01-09 18:30,50,31,19,0,0,0
2024-01-09 18:45,61,35,26,0,0,0
2024-01-09 19:00,38,25,13,0,0,0
2024-01-09 19:15,40,24,16,0,0,0
2024-01-09 19:30,30,15,15,0,0,0
2024-01-09 19:45,23,16,7,0,0,0
2024-01-09 20:00,18,6,12,0,0,0
2024-01-09 20:15,17,9,8,0,0,0
2024-01-09 20:30,26,15,11,0,0,0
2024-01-09 20:45,13,8,5,0,0,0
2024-01-09 21:00,16,5,11,0,0,0
2024-01-09 21:15,32,14,18,0,0,0
2024-01-09 21:30,15,6,9,0,0,0
2024-01-09 21:45,13,4,9,0,0,0
2024-01-09 22:00,14,5,9,0,0,0
2024-01-09 22:15,13,4,9,0,0,0
2024-01-09 22:30,18,7,11,0,0,0
2024-01-09 22:45,11,4,7,0,0,0
2024-01-09 23:00,15,7,8,0,0,0
2024-01-09 23:15,3,2,1,0,0,0
2024-01-09 23:30,10,4,6,0,0,0
2024-01-09 23:45,10,7,3,0,0,0
2024-01-10 00:00,3,1,2,0,0,0
2024-01-10 00:15,1,0,1,0,0,0
2024-01-10 00:30,3,1,2,0,0,0
2024-01-10 00:45,1,0,1,0,0,0
2024-01-10 01:00,0,0,0,0,0,0
2024-01-10 01:15,1,1,0,0,0,0
2024-01-10 01:30,0,0,0,0,0,0
2024-01-10 01:45,1,0,1,0,0,0
2024-01-10 02:00,1,0,1,0,0,0
2024-01-10 02:15,1,1,0,0,0,0
2024-01-10 02:30,1,0,1,0,0,0
2024-01-10 02:45,1,1,0,0,0,0
2024-01-10 03:00,1,0,1,0,0,0
2024-01-10 03:15,2,1,1,0,0,0
2024-01-10 03:30,1,0,1,0,0,0
2024-01-10 03:45,1,1,0,0,0,0
2024-01-10 04:00,0,0,0,0,0,0
2024-01-10 04:15,1,1,0,0,0,0
2024-01-10 04:30,1,1,0,0,0,0
2024-01-10 04:45,3,3,0,0,0,0
2024-01-10 05:00,3,1,2,0,0,0
2024-01-10 05:15,5,5,0,0,0,0
2024-01-10 05:30,12,8,4,0,0,0
2024-01-10 05:45,13,7,6,0,0,0
2024-01-10 06:00,10,7,3,0,0,0
2024-01-10 06:15,17,8,9,0,0,0
2024-01-10 06:30,16,8,8,0,0,0
2024-01-10 06:45,47,23,24,0,0,0
2024-01-10 07:00,40,22,18,0,0,0
2024-01-10 07:15,55,30,25,0,0,0
2024-01-10 07:30,108,70,38,0,0,0
2024-01-10 07:45,106,63,43,0,0,0
2024-01-10 08:00,96,53,43,0,0,0
2024-01-10 08:15,88,46,42,0,0,0
2024-01-10 08:30,69,34,35,0,0,0
2024-01-10 08:45,58,29,29,0,0,0
2024-01-10 09:00,40,27,13,0,0,0
2024-01-10 09:15,30,22,8,0,0,0
2024-01-10 09:30,48,35,13,0,0,0
2024-01-10 09:45,41,29,12,0,0,0
2024-01-10 10:00,53,47,6,0,0,0
2024-01-10 10:15,28,24,4,0,0,0
2024-01-10 10:30,33,24,9,0,0,0
2024-01-10 10:45,37,31,6,0,0,0
2024-01-10 11:00,19,11,8,0,0,0
2024-01-10 11:15,41,33,8,0,0,0
2024-01-10 11:30,31,25,6,0,0,0
2024-01-10 11:45,46,32,14,0,0,0
2024-01-10 12:00,42,30,12,0,0,0
2024-01-10 12:15,49,34,15,0,0,0
2024-01-10 12:30,57,32,25,0,0,0
2024-01-10 12:45,36,21,15,0,0,0
2024-01-10 13:00,32,21,11,0,0,0
2024-01-10 13:15,48,26,22,0,0,0
2024-01-10 13:30,39,30,9,0,0,0
2024-01-10 13:45,67,47,20,0,0,0
2024-01-10 14:00,64,33,31,0,0,0
2024-01-10 14:15,32,18,14,0,0,0
2024-01-10 14:30,45,32,13,0,0,0
2024-01-10 14:45,48,21,27,0,0,0
2024-01-10 15:00,52,32,20,0,0,0
2024-01-10 15:15,42,29,13,0,0,0
2024-01-10 15:30,55,37,18,0,0,0
2024-01-10 15:45,82,47,35,0,0,0
2024-01-10 16:00,60,40,20,0,0,0
2024-01-10 16:15,64,43,21,0,0,0
2024-01-10 16:30,68,39,29,0,0,0
2024-01-10 16:45,73,52,21,0,0,0
2024-01-10 17:00,77,50,27,0,0,0
2024-01-10 17:15,62,47,15,0,0,0
2024-01-10 17:30,70,49,21,0,0,0
2024-01-10 17:45,87,53,34,0,0,0
2024-01-10 18:00,52,29,23,0,0,0
2024-01-10 18:15,50,25,25,0,0,0
2024-01-10 18:30,29,18,11,0,0,0
2024-01-10 18:45,49,23,26,0,0,0
2024-01-10 19:00,45,24,21,0,0,0
2024-01-10 19:15,47,32,15,0,0,0
2024-01-10 19:30,36,25,11,0,0,0
2024-01-10 19:45,39,22,17,0,0,0
2024-01-10 20:00,27,17,10,0,0,0
2024-01-10 20:15,26,10,16,0,0,0
2024-01-10 20:30,29,16,13,0,0,0
2024-01-10 20:45,19,7,12,0,0,0
2024-01-10 21:00,13,1,12,0,0,0
2024-01-10 21:15,22,11,11,0,0,0
2024-01-10 21:30,18,5,13,0,0,0
2024-01-10 21:45,11,6,5,0,0,0
2024-01-10 22:00,21,11,10,0,0,0
2024-01-10 22:15,23,13,10,0,0,0
2024-01-10 22:30,19,10,9,0,0,0
2024-01-10 22:45,11,6,5,0,0,0
2024-01-10 23:00,12,5,7,0,0,0
2024-01-10 23:15,8,3,5,0,0,0
2024-01-10 23:30,8,4,4,0,0,0
2024-01-10 23:45,3,1,2,0,0,0
2024-01-11 00:00,7,2,5,0,0,0
2024-01-11 00:15,10,4,6,0,0,0
2024-01-11 00:30,2,0,2,0,0,0
2024-01-11 00:45,1,0,1,0,0,0
2024-01-11 01:00,3,2,1,0,0,0
2024-01-11 01:15,4,1,3,0,0,0
2024-01-11 01:30,2,1,1,0,0,0
2024-01-11 01:45,5,3,2,0,0,0
2024-01-11 02:00,1,0,1,0,0,0
2024-01-11 02:15,1,0,1,0,0,0
2024-01-11 02:30,5,3,2,0,0,0
2024-01-11 02:45,3,2,1,0,0,0
2024-01-11 03:00,1,0,1,0,0,0
2024-01-11 03:15,3,1,2,0,0,0
2024-01-11 03:30,2,1,1,0,0,0
2024-01-11 03:45,0,0,0,0,0,0
2024-01-11 04:00,2,1,1,0,0,0
2024-01-11 04:15,1,1,0,0,0,0
2024-01-11 04:30,1,1,0,0,0,0
2024-01-11 04:45,3,2,1,0,0,0
2024-01-11 05:00,3,2,1,0,0,0
2024-01-11 05:15,6,5,1,0,0,0
2024-01-11 05:30,5,1,4,0,0,0
2024-01-11 05:45,11,6,5,0,0,0
2024-01-11 06:00,8,6,2,0,0,0
2024-01-11 06:15,17,10,7,0,0,0
2024-01-11 06:30,23,12,11,0,0,0
2024-01-11 06:45,41,19,22,0,0,0
2024-01-11 07:00,40,22,18,0,0,0
2024-01-11 07:15,51,25,26,0,0,0
2024-01-11 07:30,119,84,35,0,0,0
2024-01-11 07:45,119,66,53,0,0,0
2024-01-11 08:00,70,42,28,0,0,0
2024-01-11 08:15,77,38,39,0,0,0
2024-01-11 08:30,45,23,22,0,0,0
2024-01-11 08:45,75,36,39,0,0,0
2024-01-11 09:00,33,20,13,0,0,0
2024-01-11 09:15,41,30,11,0,0,0
2024-01-11 09:30,49,37,12,0,0,0
2024-01-11 09:45,47,37,10,0,0,0
2024-01-11 10:00,44,34,10,0,0,0
2024-01-11 10:15,21,9,12,0,0,0
2024-01-11 10:30,36,27,9,0,0,0
2024-01-11 10:45,27,19,8,0,0,0
2024-01-11 11:00,26,20,6,0,0,0
2024-01-11 11:15,24,15,9,0,0,0
2024-01-11 11:30,31,21,10,0,0,0
2024-01-11 11:45,46,32,14,0,0,0
2024-01-11 12:00,42,26,16,0,0,0
2024-01-11 12:15,40,23,17,0,0,0
2024-01-11 12:30,64,30,34,0,0,0
2024-01-11 12:45,48,29,19,0,0,0
2024-01-11 13:00,46,30,16,0,0,0
2024-01-11 13:15,46,26,20,0,0,0
2024-01-11 13:30,38,21,17,0,0,0
2024-01-11 13:45,74,55,19,0,0,0
2024-01-11 14:00,54,26,28,0,0,0
2024-01-11 14:15,25,13,12,0,0,0
2024-01-11 14:30,43,27,16,0,0,0
2024-01-11 14:45,50,32,18,0,0,0
2024-01-11 15:00,50,29,21,0,0,0
2024-01-11 15:15,59,41,18,0,0,0
2024-01-11 15:30,71,47,24,0,0,0
2024-01-11 15:45,98,60,38,0,0,0
2024-01-11 16:00,93,63,30,0,0,0
2024-01-11 16:15,72,45,27,0,0,0
2024-01-11 16:30,81,60,21,0,0,0
2024-01-11 16:45,93,66,27,0,0,0
2024-01-11 17:00,75,57,18,0,0,0
2024-01-11 17:15,97,59,38,0,0,0
2024-01-11 17:30,73,50,23,0,0,0
2024-01-11 17:45,108,69,39,0,0,0
2024-01-11 18:00,74,43,31,0,0,0
2024-01-11 18:15,67,32,35,0,0,0
2024-01-11 18:30,56,33,23,0,0,0
2024-01-11 18:45,57,28,29,0,0,0
2024-01-11 19:00,44,28,16,0,0,0
2024-01-11 19:15,47,21,26,0,0,0
2024-01-11 19:30,20,8,12,0,0,0
2024-01-11 19:45,38,17,21,0,0,0
2024-01-11 20:00,27,8,19,0,0,0
2024-01-11 20:15,20,8,12,0,0,0
2024-01-11 20:30,18,9,9,0,0,0
2024-01-11 20:45,24,12,12,0,0,0
2024-01-11 21:00,9,2,7,0,0,0
2024-01-11 21:15,12,6,6,0,0,0
2024-01-11 21:30,13,7,6,0,0,0
2024-01-11 21:45,14,6,8,0,0,0
2024-01-11 22:00,21,13,8,0,0,0
2024-01-11 22:15,17,9,8,0,0,0
2024-01-11 22:30,15,7,8,0,0,0
2024-01-11 22:45,19,5,14,0,0,0
2024-01-11 23:00,7,1,6,0,0,0
2024-01-11 23:15,6,3,3,0,0,0
2024-01-11 23:30,11,6,5,0,0,0
2024-01-11 23:45,3,1,2,0,0,0
2024-01-12 00:00,4,0,4,0,0,0
2024-01-12 00:15,3,2,1,0,0,0
2024-01-12 00:30,5,1,4,0,0,0
2024-01-12 00:45,1,0,1,0,0,0
2024-01-12 01:00,1,1,0,0,0,0
2024-01-12 01:15,3,1,2,0,0,0
2024-01-12 01:30,1,0,1,0,0,0
2024-01-12 01:45,0,0,0,0,0,0
2024-01-12 02:00,2,0,2,0,0,0
2024-01-12 02:15,1,0,1,0,0,0
2024-01-12 02:30,0,0,0,0,0,0
2024-01-12 02:45,0,0,0,0,0,0
2024-01-12 03:00,3,1,2,0,0,0
2024-01-12 03:15,1,0,1,0,0,0
2024-01-12 03:30,1,1,0,0,0,0
2024-01-12 03:45,1,0,1,0,0,0
2024-01-12 04:00,1,0,1,0,0,0
2024-01-12 04:15,1,1,0,0,0,0
2024-01-12 04:30,2,2,0,0,0,0
2024-01-12 04:45,5,4,1,0,0,0
2024-01-12 05:00,0,0,0,0,0,0
2024-01-12 05:15,9,8,1,0,0,0
2024-01-12 05:30,7,4,3,0,0,0
2024-01-12 05:45,5,2,3,0,0,0
2024-01-12 06:00,6,2,4,0,0,0
2024-01-12 06:15,8,6,2,0,0,0
2024-01-12 06:30,17,9,8,0,0,0
2024-01-12 06:45,18,9,9,0,0,0
2024-01-12 07:00,33,15,18,0,0,0
2024-01-12 07:15,47,25,22,0,0,0
2024-01-12 07:30,68,44,24,0,0,0
2024-01-12 07:45,72,36,36,0,0,0
2024-01-12 08:00,52,26,26,0,0,0
2024-01-12 08:15,60,32,28,0,0,0
2024-01-12 08:30,44,26,18,0,0,0
2024-01-12 08:45,40,25,15,0,0,0
2024-01-12 09:00,27,16,11,0,0,0
2024-01-12 09:15,24,18,6,0,0,0
2024-01-12 09:30,24,21,3,0,0,0
2024-01-12 09:45,35,20,15,0,0,0
2024-01-12 10:00,21,17,4,0,0,0
2024-01-12 10:15,14,11,3,0,0,0
2024-01-12 10:30,17,12,5,0,0,0
2024-01-12 10:45,22,13,9,0,0,0
2024-01-12 11:00,23,16,7,0,0,0
2024-01-12 11:15,23,14,9,0,0,0
2024-01-12 11:30,13,9,4,0,0,0
2024-01-12 11:45,28,20,8,0,0,0
2024-01-12 12:00,25,18,7,0,0,0
2024-01-12 12:15,33,24,9,0,0,0
2024-01-12 12:30,31,16,15,0,0,0
2024-01-12 12:45,33,19,14,0,0,0
2024-01-12 13:00,33,20,13,0,0,0
2024-01-12 13:15,30,16,14,0,0,0
2024-01-12 13:30,27,18,9,0,0,0
2024-01-12 13:45,58,42,16,0,0,0
2024-01-12 14:00,52,17,35,0,0,0
2024-01-12 14:15,34,23,11,0,0,0
2024-01-12 14:30,35,23,12,0,0,0
2024-01-12 14:45,38,21,17,0,0,0
2024-01-12 15:00,38,19,19,0,0,0
2024-01-12 15:15,38,29,9,0,0,0
2024-01-12 15:30,36,24,12,0,0,0
2024-01-12 15:45,43,29,14,0,0,0
2024-01-12 16:00,46,35,11,0,0,0
2024-01-12 16:15,44,29,15,0,0,0
2024-01-12 16:30,44,25,19,0,0,0
2024-01-12 16:45,39,24,15,0,0,0
2024-01-12 17:00,32,26,6,0,0,0
2024-01-12 17:15,41,27,14,0,0,0
2024-01-12 17:30,26,16,10,0,0,0
2024-01-12 17:45,46,30,16,0,0,0
2024-01-12 18:00,40,25,15,0,0,0
2024-01-12 18:15,48,29,19,0,0,0
2024-01-12 18:30,32,21,11,0,0,0
2024-01-12 18:45,53,41,12,0,0,0
2024-01-12 19:00,33,21,12,0,0,0
2024-01-12 19:15,37,31,6,0,0,0
2024-01-12 19:30,28,18,10,0,0,0
2024-01-12 19:45,37,26,11,0,0,0
2024-01-12 20:00,26,15,11,0,0,0
2024-01-12 20:15,23,15,8,0,0,0
2024-01-12 20:30,14,11,3,0,0,0
2024-01-12 20:45,21,14,7,0,0,0
2024-01-12 21:00,10,6,4,0,0,0
2024-01-12 21:15,14,8,6,0,0,0
2024-01-12 21:30,16,8,8,0,0,0
2024-01-12 21:45,19,14,5,0,0,0
2024-01-12 22:00,15,5,10,0,0,0
2024-01-12 22:15,23,10,13,0,0,0
2024-01-12 22:30,10,5,5,0,0,0
2024-01-12 22:45,14,6,8,0,0,0
2024-01-12 23:00,15,9,6,0,0,0
2024-01-12 23:15,10,2,8,0,0,0
2024-01-12 23:30,15,4,11,0,0,0
2024-01-12 23:45,6,1,5,0,0,0
2024-01-13 00:00,20,7,13,0,0,0
2024-01-13 00:15,12,1,11,0,0,0
2024-01-13 00:30,19,4,15,0,0,0
2024-01-13 00:45,14,9,5,0,0,0
2024-01-13 01:00,6,3,3,0,0,0
2024-01-13 01:15,10,3,7,0,0,0
2024-01-13 01:30,7,3,4,0,0,0
2024-01-13 01:45,5,2,3,0,0,0
2024-01-13 02:00,2,0,2,0,0,0
2024-01-13 02:15,12,7,5,0,0,0
2024-01-13 02:30,4,1,3,0,0,0
2024-01-13 02:45,4,0,4,0,0,0
2024-01-13 03:00,5,0,5,0,0,0
2024-01-13 03:15,1,0,1,0,0,0
2024-01-13 03:30,11,9,2,0,0,0
2024-01-13 03:45,8,2,6,0,0,0
2024-01-13 04:00,3,1,2,0,0,0
2024-01-13 04:15,3,1,2,0,0,0
2024-01-13 04:30,7,1,6,0,0,0
2024-01-13 04:45,3,0,3,0,0,0
2024-01-13 05:00,0,0,0,0,0,0
2024-01-13 05:15,4,0,4,0,0,0
2024-01-13 05:30,5,3,2,0,0,0
2024-01-13 05:45,5,3,2,0,0,0
2024-01-13 06:00,4,3,1,0,0,0
2024-01-13 06:15,0,0,0,0,0,0
2024-01-13 06:30,3,1,2,0,0,0
2024-01-13 06:45,0,0,0,0,0,0
2024-01-13 07:00,3,2,1,0,0,0
2024-01-13 07:15,2,1,1,0,0,0
2024-01-13 07:30,9,1,8,0,0,0
2024-01-13 07:45,11,6,5,0,0,0
2024-01-13 08:00,10,6,4,0,0,0
2024-01-13 08:15,20,11,9,0,0,0
2024-01-13 08:30,12,6,6,0,0,0
2024-01-13 08:45,18,16,2,0,0,0
2024-01-13 09:00,21,14,7,0,0,0
2024-01-13 09:15,11,7,4,0,0,0
2024-01-13 09:30,32,24,8,0,0,0
2024-01-13 09:45,36,27,9,0,0,0
2024-01-13 10:00,21,17,4,0,0,0
2024-01-13 10:15,26,24,2,0,0,0
2024-01-13 10:30,29,17,12,0,0,0
2024-01-13 10:45,36,18,18,0,0,0
2024-01-13 11:00,36,24,12,0,0,0
2024-01-13 11:15,29,19,10,0,0,0
2024-01-13 11:30,34,23,11,0,0,0
2024-01-13 11:45,29,20,9,0,0,0
2024-01-13 12:00,29,21,8,0,0,0
2024-01-13 12:15,48,31,17,0,0,0
2024-01-13 12:30,30,25,5,0,0,0
2024-01-13 12:45,29,23,6,0,0,0
2024-01-13 13:00,35,18,17,0,0,0
2024-01-13 13:15,33,24,9,0,0,0
2024-01-13 13:30,50,36,14,0,0,0
2024-01-13 13:45,37,27,10,0,0,0
2024-01-13 14:00,43,19,24,0,0,0
2024-01-13 14:15,37,17,20,0,0,0
2024-01-13 14:30,44,29,15,0,0,0
2024-01-13 14:45,21,13,8,0,0,0
2024-01-13 15:00,39,18,21,0,0,0
2024-01-13 15:15,39,19,20,0,0,0
2024-01-13 15:30,27,15,12,0,0,0
2024-01-13 15:45,27,16,11,0,0,0
2024-01-13 16:00,33,23,10,0,0,0
2024-01-13 16:15,30,14,16,0,0,0
2024-01-13 16:30,31,18,13,0,0,0
2024-01-13 16:45,22,9,13,0,0,0
2024-01-13 17:00,21,18,3,0,0,0
2024-01-13 17:15,29,25,4,0,0,0
2024-01-13 17:30,36,18,18,0,0,0
2024-01-13 17:45,45,26,19,0,0,0
2024-01-13 18:00,34,18,16,0,0,0
2024-01-13 18:15,37,17,20,0,0,0
2024-01-13 18:30,13,10,3,0,0,0
2024-01-13 18:45,40,22,18,0,0,0
2024-01-13 19:00,40,28,12,0,0,0
2024-01-13 19:15,33,23,10,0,0,0
2024-01-13 19:30,22,11,11,0,0,0
2024-01-13 19:45,38,23,15,0,0,0
2024-01-13 20:00,12,6,6,0,0,0
2024-01-13 20:15,15,11,4,0,0,0
2024-01-13 20:30,23,12,11,0,0,0
2024-01-13 20:45,14,10,4,0,0,0
2024-01-13 21:00,22,15,7,0,0,0
2024-01-13 21:15,18,16,2,0,0,0
2024-01-13 21:30,15,10,5,0,0,0
2024-01-13 21:45,12,8,4,0,0,0
2024-01-13 22:00,14,8,6,0,0,0
2024-01-13 22:15,19,10,9,0,0,0
2024-01-13 22:30,12,5,7,0,0,0
2024-01-13 22:45,10,7,3,0,0,0
2024-01-13 23:00,12,6,6,0,0,0
2024-01-13 23:15,11,3,8,0,0,0
2024-01-13 23:30,11,6,5,0,0,0
2024-01-13 23:45,9,5,4,0,0,0
2024-01-14 00:00,10,3,7,0,0,0
2024-01-14 00:15,15,8,7,0,0,0
2024-01-14 00:30,6,4,2,0,0,0
2024-01-14 00:45,13,9,4,0,0,0
2024-01-14 01:00,12,7,5,0,0,0
2024-01-14 01:15,16,10,6,0,0,0
2024-01-14 01:30,11,6,5,0,0,0
2024-01-14 01:45,10,5,5,0,0,0
2024-01-14 02:00,13,6,7,0,0,0
2024-01-14 02:15,4,2,2,0,0,0
2024-01-14 02:30,2,0,2,0,0,0
2024-01-14 02:45,3,2,1,0,0,0
2024-01-14 03:00,10,2,8,0,0,0
2024-01-14 03:15,7,2,5,0,0,0
2024-01-14 03:30,5,2,3,0,0,0
2024-01-14 03:45,6,1,5,0,0,0
2024-01-14 04:00,5,3,2,0,0,0
2024-01-14 04:15,1,1,0,0,0,0
2024-01-14 04:30,2,0,2,0,0,0
2024-01-14 04:45,3,0,3,0,0,0
2024-01-14 05:00,0,0,0,0,0,0
2024-01-14 05:15,2,0,2,0,0,0
2024-01-14 05:30,3,2,1,0,0,0
2024-01-14 05:45,3,2,1,0,0,0
2024-01-14 06:00,1,1,0,0,0,0
2024-01-14 06:15,1,1,0,0,0,0
2024-01-14 06:30,2,0,2,0,0,0
2024-01-14 06:45,0,0,0,0,0,0
2024-01-14 07:00,2,2,0,0,0,0
2024-01-14 07:15,3,0,3,0,0,0
2024-01-14 07:30,3,2,1,0,0,0
2024-01-14 07:45,4,4,0,0,0,0
2024-01-14 08:00,7,6,1,0,0,0
2024-01-14 08:15,1,1,0,0,0,0
2024-01-14 08:30,2,1,1,0,0,0
2024-01-14 08:45,9,8,1,0,0,0
2024-01-14 09:00,5,4,1,0,0,0
2024-01-14 09:15,7,2,5,0,0,0
2024-01-14 09:30,9,8,1,0,0,0
2024-01-14 09:45,16,15,1,0,0,0
2024-01-14 10:00,11,10,1,0,0,0
2024-01-14 10:15,13,11,2,0,0,0
2024-01-14 10:30,16,15,1,0,0,0
2024-01-14 10:45,9,5,4,0,0,0
2024-01-14 11:00,12,9,3,0,0,0
2024-01-14 11:15,13,9,4,0,0,0
2024-01-14 11:30,17,10,7,0,0,0
2024-01-14 11:45,16,11,5,0,0,0
2024-01-14 12:00,15,9,6,0,0,0
2024-01-14 12:15,13,9,4,0,0,0
2024-01-14 12:30,19,13,6,0,0,0
2024-01-14 12:45,16,7,9,0,0,0
2024-01-14 13:00,13,10,3,0,0,0
2024-01-14 13:15,15,11,4,0,0,0
2024-01-14 13:30,14,7,7,0,0,0
2024-01-14 13:45,31,19,12,0,0,0
2024-01-14 14:00,12,7,5,0,0,0
2024-01-14 14:15,17,12,5,0,0,0
2024-01-14 14:30,14,6,8,0,0,0
2024-01-14 14:45,28,14,14,0,0,0
2024-01-14 15:00,17,11,6,0,0,0
2024-01-14 15:15,22,15,7,0,0,0
2024-01-14 15:30,15,8,7,0,0,0
2024-01-14 15:45,15,9,6,0,0,0
2024-01-14 16:00,24,12,12,0,0,0
2024-01-14 16:15,22,12,10,0,0,0
2024-01-14 16:30,15,10,5,0,0,0
2024-01-14 16:45,18,9,9,0,0,0
2024-01-14 17:00,23,9,14,0,0,0
2024-01-14 17:15,25,14,11,0,0,0
2024-01-14 17:30,21,9,12,0,0,0
2024-01-14 17:45,23,15,8,0,0,0
2024-01-14 18:00,28,16,12,0,0,0
2024-01-14 18:15,11,6,5,0,0,0
2024-01-14 18:30,11,4,7,0,0,0
2024-01-14 18:45,21,16,5,0,0,0
2024-01-14 19:00,10,7,3,0,0,0
2024-01-14 19:15,26,20,6,0,0,0
2024-01-14 19:30,21,11,10,0,0,0
2024-01-14 19:45,17,9,8,0,0,0
2024-01-14 20:00,15,8,7,0,0,0
2024-01-14 20:15,16,7,9,0,0,0
2024-01-14 20:30,9,8,1,0,0,0
2024-01-14 20:45,5,2,3,0,0,0
2024-01-14 21:00,8,3,5,0,0,0
2024-01-14 21:15,10,6,4,0,0,0
2024-01-14 21:30,9,7,2,0,0,0
2024-01-14 21:45,3,2,1,0,0,0
2024-01-14 22:00,8,4,4,0,0,0
2024-01-14 22:15,8,4,4,0,0,0
2024-01-14 22:30,5,2,3,0,0,0
2024-01-14 22:45,4,1,3,0,0,0
2024-01-14 23:00,0,0,0,0,0,0
2024-01-14 23:15,2,1,1,0,0,0
2024-01-14 23:30,5,2,3,0,0,0
2024-01-14 23:45,1,1,0,0,0,0
2024-01-15 00:00,1,0,1,0,0,0
2024-01-15 00:15,1,1,0,0,0,0
2024-01-15 00:30,2,1,1,0,0,0
2024-01-15 00:45,2,2,0,0,0,0
2024-01-15 01:00,2,1,1,0,0,0
2024-01-15 01:15,0,0,0,0,0,0
2024-01-15 01:30,0,0,0,0,0,0
2024-01-15 01:45,1,1,0,0,0,0
2024-01-15 02:00,1,0,1,0,0,0
2024-01-15 02:15,0,0,0,0,0,0
2024-01-15 02:30,1,1,0,0,0,0
2024-01-15 02:45,0,0,0,0,0,0
2024-01-15 03:00,0,0,0,0,0,0
2024-01-15 03:15,3,2,1,0,0,0
2024-01-15 03:30,0,0,0,0,0,0
2024-01-15 03:45,1,0,1,0,0,0
2024-01-15 04:00,1,1,0,0,0,0
2024-01-15 04:15,3,2,1,0,0,0
2024-01-15 04:30,5,3,2,0,0,0
2024-01-15 04:45,3,3,0,0,0,0
2024-01-15 05:00,2,2,0,0,0,0
2024-01-15 05:15,6,5,1,0,0,0
2024-01-15 05:30,10,9,1,0,0,0
2024-01-15 05:45,10,5,5,0,0,0
2024-01-15 06:00,9,3,6,0,0,0
2024-01-15 06:15,16,10,6,0,0,0
2024-01-15 06:30,22,10,12,0,0,0
2024-01-15 06:45,45,20,25,0,0,0
2024-01-15 07:00,43,21,22,0,0,0
2024-01-15 07:15,63,42,21,0,0,0
2024-01-15 07:30,117,88,29,0,0,0
2024-01-15 07:45,97,48,49,0,0,0
2024-01-15 08:00,66,40,26,0,0,0
2024-01-15 08:15,75,40,35,0,0,0
2024-01-15 08:30,52,25,27,0,0,0
2024-01-15 08:45,54,30,24,0,0,0
2024-01-15 09:00,27,17,10,0,0,0
2024-01-15 09:15,31,20,11,0,0,0
2024-01-15 09:30,32,25,7,0,0,0
2024-01-15 09:45,49,31,18,0,0,0
2024-01-15 10:00,37,26,11,0,0,0
2024-01-15 10:15,27,21,6,0,0,0
2024-01-15 10:30,23,15,8,0,0,0
2024-01-15 10:45,25,19,6,0,0,0
2024-01-15 11:00,19,18,1,0,0,0
2024-01-15 11:15,26,16,10,0,0,0
2024-01-15 11:30,26,16,10,0,0,0
2024-01-15 11:45,48,32,16,0,0,0
2024-01-15 12:00,39,26,13,0,0,0
2024-01-15 12:15,40,23,17,0,0,0
2024-01-15 12:30,34,20,14,0,0,0
2024-01-15 12:45,50,31,19,0,0,0
2024-01-15 13:00,37,24,13,0,0,0
2024-01-15 13:15,43,23,20,0,0,0
2024-01-15 13:30,43,24,19,0,0,0
2024-01-15 13:45,62,36,26,0,0,0
2024-01-15 14:00,69,40,29,0,0,0
2024-01-15 14:15,55,34,21,0,0,0
2024-01-15 14:30,31,16,15,0,0,0
2024-01-15 14:45,44,21,23,0,0,0
2024-01-15 15:00,44,28,16,0,0,0
2024-01-15 15:15,35,27,8,0,0,0
2024-01-15 15:30,53,25,28,0,0,0
2024-01-15 15:45,65,31,34,0,0,0
2024-01-15 16:00,67,44,23,0,0,0
2024-01-15 16:15,82,57,25,0,0,0
2024-01-15 16:30,41,24,17,0,0,0
2024-01-15 16:45,60,43,17,0,0,0
2024-01-15 17:00,53,32,21,0,0,0
2024-01-15 17:15,71,46,25,0,0,0
2024-01-15 17:30,70,51,19,0,0,0
2024-01-15 17:45,73,55,18,0,0,0
2024-01-15 18:00,61,39,22,0,0,0
2024-01-15 18:15,54,30,24,0,0,0
2024-01-15 18:30,39,21,18,0,0,0
2024-01-15 18:45,39,19,20,0,0,0
2024-01-15 19:00,45,26,19,0,0,0
2024-01-15 19:15,34,20,14,0,0,0
2024-01-15 19:30,39,13,26,0,0,0
2024-01-15 19:45,47,25,22,0,0,0
2024-01-15 20:00,41,21,20,0,0,0
2024-01-15 20:15,30,12,18,0,0,0
2024-01-15 20:30,19,12,7,0,0,0
2024-01-15 20:45,12,5,7,0,0,0
2024-01-15 21:00,20,9,11,0,0,0
2024-01-15 21:15,8,3,5,0,0,0
2024-01-15 21:30,17,9,8,0,0,0
2024-01-15 21:45,19,11,8,0,0,0
2024-01-15 22:00,20,7,13,0,0,0
2024-01-15 22:15,11,5,6,0,0,0
2024-01-15 22:30,10,5,5,0,0,0
2024-01-15 22:45,10,4,6,0,0,0
2024-01-15 23:00,3,0,3,0,0,0
2024-01-15 23:15,7,6,1,0,0,0
2024-01-15 23:30,4,3,1,0,0,0
2024-01-15 23:45,4,2,2,0,0,0
2024-01-16 00:00,2,2,0,0,0,0
2024-01-16 00:15,2,2,0,0,0,0
2024-01-16 00:30,1,0,1,0,0,0
2024-01-16 00:45,1,0,1,0,0,0
2024-01-16 01:00,2,2,0,0,0,0
2024-01-16 01:15,0,0,0,0,0,0
2024-01-16 01:30,0,0,0,0,0,0
2024-01-16 01:45,0,0,0,0,0,0
2024-01-16 02:00,2,1,1,0,0,0
2024-01-16 02:15,1,1,0,0,0,0
2024-01-16 02:30,0,0,0,0,0,0
2024-01-16 02:45,2,0,2,0,0,0
2024-01-16 03:00,0,0,0,0,0,0
2024-01-16 03:15,2,1,1,0,0,0
2024-01-16 03:30,0,0,0,0,0,0
2024-01-16 03:45,0,0,0,0,0,0
2024-01-16 04:00,2,2,0,0,0,0
2024-01-16 04:15,2,1,1,0,0,0
2024-01-16 04:30,6,6,0,0,0,0
2024-01-16 04:45,7,4,3,0,0,0
2024-01-16 05:00,2,2,0,0,0,0
2024-01-16 05:15,6,4,2,0,0,0
2024-01-16 05:30,9,6,3,0,0,0
2024-01-16 05:45,8,4,4,0,0,0
2024-01-16 06:00,9,6,3,0,0,0
2024-01-16 06:15,12,8,4,0,0,0
2024-01-16 06:30,22,17,5,0,0,0
2024-01-16 06:45,45,22,23,0,0,0
2024-01-16 07:00,37,17,20,0,0,0
2024-01-16 07:15,64,43,21,0,0,0
2024-01-16 07:30,101,61,40,0,0,0
2024-01-16 07:45,120,65,55,0,0,0
2024-01-16 08:00,95,60,35,0,0,0
2024-01-16 08:15,69,43,26,0,0,0
2024-01-16 08:30,59,26,33,0,0,0
2024-01-16 08:45,59,35,24,0,0,0
2024-01-16 09:00,45,25,20,0,0,0
2024-01-16 09:15,35,22,13,0,0,0
2024-01-16 09:30,38,33,5,0,0,0
2024-01-16 09:45,80,59,21,0,0,0
2024-01-16 10:00,54,38,16,0,0,0
2024-01-16 10:15,27,20,7,0,0,0
2024-01-16 10:30,28,23,5,0,0,0
2024-01-16 10:45,22,13,9,0,0,0
2024-01-16 11:00,23,17,6,0,0,0
2024-01-16 11:15,14,8,6,0,0,0
2024-01-16 11:30,27,15,12,0,0,0
2024-01-16 11:45,37,25,12,0,0,0
2024-01-16 12:00,49,35,14,0,0,0
2024-01-16 12:15,28,18,10,0,0,0
2024-01-16 12:30,26,17,9,0,0,0
2024-01-16 12:45,43,31,12,0,0,0
2024-01-16 13:00,48,28,20,0,0,0
2024-01-16 13:15,36,14,22,0,0,0
2024-01-16 13:30,33,20,13,0,0,0
2024-01-16 13:45,52,35,17,0,0,0
2024-01-16 14:00,42,23,19,0,0,0
2024-01-16 14:15,41,22,19,0,0,0
2024-01-16 14:30,39,22,17,0,0,0
2024-01-16 14:45,45,20,25,0,0,0
2024-01-16 15:00,52,34,18,0,0,0
2024-01-16 15:15,46,33,13,0,0,0
2024-01-16 15:30,61,34,27,0,0,0
2024-01-16 15:45,69,44,25,0,0,0
2024-01-16 16:00,75,52,23,0,0,0
2024-01-16 16:15,64,43,21,0,0,0
2024-01-16 16:30,69,50,19,0,0,0
2024-01-16 16:45,68,50,18,0,0,0
2024-01-16 17:00,63,37,26,0,0,0
2024-01-16 17:15,71,48,23,0,0,0
2024-01-16 17:30,63,40,23,0,0,0
2024-01-16 17:45,82,48,34,0,0,0
2024-01-16 18:00,59,33,26,0,0,0
2024-01-16 18:15,63,33,30,0,0,0
2024-01-16 18:30,52,26,26,0,0,0
2024-01-16 18:45,62,40,22,0,0,0
2024-01-16 19:00,42,26,16,0,0,0
2024-01-16 19:15,34,27,7,0,0,0
2024-01-16 19:30,35,22,13,0,0,0
2024-01-16 19:45,48,25,23,0,0,0
2024-01-16 20:00,29,16,13,0,0,0
2024-01-16 20:15,29,20,9,0,0,0
2024-01-16 20:30,13,8,5,0,0,0
2024-01-16 20:45,17,12,5,0,0,0
2024-01-16 21:00,27,16,11,0,0,0
2024-01-16 21:15,23,10,13,0,0,0
2024-01-16 21:30,12,4,8,0,0,0
2024-01-16 21:45,19,8,11,0,0,0
2024-01-16 22:00,15,7,8,0,0,0
2024-01-16 22:15,22,9,13,0,0,0
2024-01-16 22:30,21,1,20,0,0,0
2024-01-16 22:45,15,3,12,0,0,0
2024-01-16 23:00,8,2,6,0,0,0
2024-01-16 23:15,11,2,9,0,0,0
2024-01-16 23:30,5,3,2,0,0,0
2024-01-16 23:45,6,3,3,0,0,0
2024-01-17 00:00,6,0,6,0,0,0
2024-01-17 00:15,5,3,2,0,0,0
2024-01-17 00:30,4,1,3,0,0,0
2024-01-17 00:45,1,0,1,0,0,0
2024-01-17 01:00,1,1,0,0,0,0
2024-01-17 01:15,1,0,1,0,0,0
2024-01-17 01:30,1,0,1,0,0,0
2024-01-17 01:45,2,1,1,0,0,0
2024-01-17 02:00,6,0,6,0,0,0
2024-01-17 02:15,1,0,1,0,0,0
2024-01-17 02:30,0,0,0,0,0,0
2024-01-17 02:45,1,0,1,0,0,0
2024-01-17 03:00,0,0,0,0,0,0
2024-01-17 03:15,1,0,1,0,0,0
2024-01-17 03:30,0,0,0,0,0,0
2024-01-17 03:45,0,0,0,0,0,0
2024-01-17 04:00,2,1,1,0,0,0
2024-01-17 04:15,3,3,0,0,0,0
2024-01-17 04:30,4,1,3,0,0,0
2024-01-17 04:45,3,2,1,0,0,0
2024-01-17 05:00,0,0,0,0,0,0
2024-01-17 05:15,8,5,3,0,0,0
2024-01-17 05:30,7,5,2,0,0,0
2024-01-17 05:45,9,6,3,0,0,0
2024-01-17 06:00,6,2,4,0,0,0
2024-01-17 06:15,19,8,11,0,0,0
2024-01-17 06:30,11,7,4,0,0,0
2024-01-17 06:45,36,21,15,0,0,0
2024-01-17 07:00,40,17,23,0,0,0
2024-01-17 07:15,69,48,21,0,0,0
2024-01-17 07:30,91,53,38,0,0,0
2024-01-17 07:45,108,57,51,0,0,0
2024-01-17 08:00,85,48,37,0,0,0
2024-01-17 08:15,81,45,36,0,0,0
2024-01-17 08:30,62,37,25,0,0,0
2024-01-17 08:45,63,34,29,0,0,0
2024-01-17 09:00,37,24,13,0,0,0
2024-01-17 09:15,39,28,11,0,0,0
2024-01-17 09:30,45,33,12,0,0,0
2024-01-17 09:45,51,25,26,0,0,0
2024-01-17 10:00,53,35,18,0,0,0
2024-01-17 10:15,27,21,6,0,0,0
2024-01-17 10:30,24,18,6,0,0,0
2024-01-17 10:45,26,20,6,0,0,0
2024-01-17 11:00,19,11,8,0,0,0
2024-01-17 11:15,28,19,9,0,0,0
2024-01-17 11:30,31,19,12,0,0,0
2024-01-17 11:45,53,32,21,0,0,0
2024-01-17 12:00,35,20,15,0,0,0
2024-01-17 12:15,33,22,11,0,0,0
2024-01-17 12:30,37,20,17,0,0,0
2024-01-17 12:45,32,21,11,0,0,0
2024-01-17 13:00,39,26,13,0,0,0
2024-01-17 13:15,41,26,15,0,0,0
2024-01-17 13:30,42,23,19,0,0,0
2024-01-17 13:45,54,33,21,0,0,0
2024-01-17 14:00,63,31,32,0,0,0
2024-01-17 14:15,42,21,21,0,0,0
2024-01-17 14:30,32,17,15,0,0,0
2024-01-17 14:45,51,33,18,0,0,0
2024-01-17 15:00,44,30,14,0,0,0
2024-01-17 15:15,50,34,16,0,0,0
2024-01-17 15:30,46,31,15,0,0,0
2024-01-17 15:45,71,40,31,0,0,0
2024-01-17 16:00,65,43,22,0,0,0
2024-01-17 16:15,78,62,16,0,0,0
2024-01-17 16:30,55,34,21,0,0,0
2024-01-17 16:45,76,55,21,0,0,0
2024-01-17 17:00,61,43,18,0,0,0
2024-01-17 17:15,68,48,20,0,0,0
2024-01-17 17:30,78,49,29,0,0,0
2024-01-17 17:45,82,37,45,0,0,0
2024-01-17 18:00,69,41,28,0,0,0
2024-01-17 18:15,60,42,18,0,0,0
2024-01-17 18:30,45,21,24,0,0,0
2024-01-17 18:45,40,27,13,0,0,0
2024-01-17 19:00,55,30,25,0,0,0
2024-01-17 19:15,46,25,21,0,0,0
2024-01-17 19:30,35,20,15,0,0,0
2024-01-17 19:45,50,24,26,0,0,0
2024-01-17 20:00,33,16,17,0,0,0
2024-01-17 20:15,22,10,12,0,0,0
2024-01-17 20:30,18,10,8,0,0,0
2024-01-17 20:45,23,10,13,0,0,0
2024-01-17 21:00,24,17,7,0,0,0
2024-01-17 21:15,16,11,5,0,0,0
2024-01-17 21:30,10,6,4,0,0,0
2024-01-17 21:45,17,5,12,0,0,0
2024-01-17 22:00,22,11,11,0,0,0
2024-01-17 22:15,19,11,8,0,0,0
2024-01-17 22:30,16,7,9,0,0,0
2024-01-17 22:45,12,3,9,0,0,0
2024-01-17 23:00,12,4,8,0,0,0
2024-01-17 23:15,9,2,7,0,0,0
2024-01-17 23:30,4,3,1,0,0,0
2024-01-17 23:45,12,6,6,0,0,0
