Datetime,100034981 (Weseler Straße),101034981 (Weseler Straße stadteinwärts),102034981 (Weseler Straße stadtauswärts),100034981-status,101034981-status,102034981-status
2025-04-01 00:00,9,4,5,0,0,0
2025-04-01 00:15,4,3,1,0,0,0
2025-04-01 00:30,0,0,0,0,0,0
2025-04-01 00:45,3,0,3,0,0,0
2025-04-01 01:00,1,0,1,0,0,0
2025-04-01 01:15,2,2,0,0,0,0
2025-04-01 01:30,0,0,0,0,0,0
2025-04-01 01:45,1,1,0,0,0,0
2025-04-01 02:00,2,2,0,0,0,0
2025-04-01 02:15,1,1,0,0,0,0
2025-04-01 02:30,1,0,1,0,0,0
2025-04-01 02:45,0,0,0,0,0,0
2025-04-01 03:00,1,1,0,0,0,0
2025-04-01 03:15,2,1,1,0,0,0
2025-04-01 03:30,0,0,0,0,0,0
2025-04-01 03:45,1,1,0,0,0,0
2025-04-01 04:00,1,0,1,0,0,0
2025-04-01 04:15,0,0,0,0,0,0
2025-04-01 04:30,3,2,1,0,0,0
2025-04-01 04:45,3,1,2,0,0,0
2025-04-01 05:00,1,1,0,0,0,0
2025-04-01 05:15,5,5,0,0,0,0
2025-04-01 05:30,8,5,3,0,0,0
2025-04-01 05:45,15,11,4,0,0,0
2025-04-01 06:00,15,9,6,0,0,0
2025-04-01 06:15,17,12,5,0,0,0
2025-04-01 06:30,27,12,15,0,0,0
2025-04-01 06:45,48,26,22,0,0,0
2025-04-01 07:00,45,18,27,0,0,0
2025-04-01 07:15,63,38,25,0,0,0
2025-04-01 07:30,135,97,38,0,0,0
2025-04-01 07:45,125,66,59,0,0,0
2025-04-01 08:00,107,59,48,0,0,0
2025-04-01 08:15,104,44,60,0,0,0
2025-04-01 08:30,90,47,43,0,0,0
2025-04-01 08:45,87,42,45,0,0,0
2025-04-01 09:00,53,33,20,0,0,0
2025-04-01 09:15,48,32,16,0,0,0
2025-04-01 09:30,53,37,16,0,0,0
2025-04-01 09:45,58,45,13,0,0,0
2025-04-01 10:00,45,38,7,0,0,0
2025-04-01 10:15,33,22,11,0,0,0
2025-04-01 10:30,28,23,5,0,0,0
2025-04-01 10:45,27,18,9,0,0,0
2025-04-01 11:00,36,21,15,0,0,0
2025-04-01 11:15,31,27,4,0,0,0
2025-04-01 11:30,33,18,15,0,0,0
2025-04-01 11:45,43,33,10,0,0,0
2025-04-01 12:00,39,26,13,0,0,0
2025-04-01 12:15,52,25,27,0,0,0
2025-04-01 12:30,43,23,20,0,0,0
2025-04-01 12:45,43,27,16,0,0,0
2025-04-01 13:00,57,33,24,0,0,0
2025-04-01 13:15,42,20,22,0,0,0
2025-04-01 13:30,40,24,16,0,0,0
2025-04-01 13:45,59,39,20,0,0,0
2025-04-01 14:00,40,26,14,0,0,0
2025-04-01 14:15,43,22,21,0,0,0
2025-04-01 14:30,56,29,27,0,0,0
2025-04-01 14:45,55,36,19,0,0,0
2025-04-01 15:00,59,41,18,0,0,0
2025-04-01 15:15,65,47,18,0,0,0
2025-04-01 15:30,50,33,17,0,0,0
2025-04-01 15:45,66,50,16,0,0,0
2025-04-01 16:00,97,70,27,0,0,0
2025-04-01 16:15,83,64,19,0,0,0
2025-04-01 16:30,106,74,32,0,0,0
2025-04-01 16:45,97,74,23,0,0,0
2025-04-01 17:00,88,58,30,0,0,0
2025-04-01 17:15,96,75,21,0,0,0
2025-04-01 17:30,113,80,33,0,0,0
2025-04-01 17:45,92,61,31,0,0,0
2025-04-01 18:00,80,53,27,0,0,0
2025-04-01 18:15,83,48,35,0,0,0
2025-04-01 18:30,60,44,16,0,0,0
2025-04-01 18:45,70,43,27,0,0,0
2025-04-01 19:00,50,28,22,0,0,0
2025-04-01 19:15,48,28,20,0,0,0
2025-04-01 19:30,49,24,25,0,0,0
2025-04-01 19:45,50,25,25,0,0,0
2025-04-01 20:00,50,35,15,0,0,0
2025-04-01 20:15,38,26,12,0,0,0
2025-04-01 20:30,36,21,15,0,0,0
2025-04-01 20:45,22,17,5,0,0,0
2025-04-01 21:00,32,23,9,0,0,0
2025-04-01 21:15,26,18,8,0,0,0
2025-04-01 21:30,30,16,14,0,0,0
2025-04-01 21:45,18,8,10,0,0,0
2025-04-01 22:00,21,8,13,0,0,0
2025-04-01 22:15,32,19,13,0,0,0
2025-04-01 22:30,8,5,3,0,0,0
2025-04-01 22:45,21,11,10,0,0,0
2025-04-01 23:00,16,12,4,0,0,0
2025-04-01 23:15,9,2,7,0,0,0
2025-04-01 23:30,8,6,2,0,0,0
2025-04-01 23:45,1,1,0,0,0,0
2025-04-02 00:00,4,3,1,0,0,0
2025-04-02 00:15,6,3,3,0,0,0
2025-04-02 00:30,3,1,2,0,0,0
2025-04-02 00:45,8,3,5,0,0,0
2025-04-02 01:00,1,0,1,0,0,0
2025-04-02 01:15,6,1,5,0,0,0
2025-04-02 01:30,4,4,0,0,0,0
2025-04-02 01:45,3,0,3,0,0,0
2025-04-02 02:00,2,0,2,0,0,0
2025-04-02 02:15,1,1,0,0,0,0
2025-04-02 02:30,1,1,0,0,0,0
2025-04-02 02:45,4,0,4,0,0,0
2025-04-02 03:00,0,0,0,0,0,0
2025-04-02 03:15,1,1,0,0,0,0
2025-04-02 03:30,1,1,0,0,0,0
2025-04-02 03:45,1,0,1,0,0,0
2025-04-02 04:00,2,2,0,0,0,0
2025-04-02 04:15,0,0,0,0,0,0
2025-04-02 04:30,5,3,2,0,0,0
2025-04-02 04:45,6,2,4,0,0,0
2025-04-02 05:00,2,2,0,0,0,0
2025-04-02 05:15,5,4,1,0,0,0
2025-04-02 05:30,9,7,2,0,0,0
2025-04-02 05:45,14,10,4,0,0,0
2025-04-02 06:00,13,8,5,0,0,0
2025-04-02 06:15,22,15,7,0,0,0
2025-04-02 06:30,40,25,15,0,0,0
2025-04-02 06:45,41,19,22,0,0,0
2025-04-02 07:00,57,31,26,0,0,0
2025-04-02 07:15,73,37,36,0,0,0
2025-04-02 07:30,129,87,42,0,0,0
2025-04-02 07:45,133,81,52,0,0,0
2025-04-02 08:00,100,40,60,0,0,0
2025-04-02 08:15,103,53,50,0,0,0
2025-04-02 08:30,90,57,33,0,0,0
2025-04-02 08:45,104,67,37,0,0,0
2025-04-02 09:00,63,42,21,0,0,0
2025-04-02 09:15,33,23,10,0,0,0
2025-04-02 09:30,60,48,12,0,0,0
2025-04-02 09:45,68,49,19,0,0,0
2025-04-02 10:00,39,28,11,0,0,0
2025-04-02 10:15,40,21,19,0,0,0
2025-04-02 10:30,41,26,15,0,0,0
2025-04-02 10:45,42,37,5,0,0,0
2025-04-02 11:00,45,36,9,0,0,0
2025-04-02 11:15,36,29,7,0,0,0
2025-04-02 11:30,42,31,11,0,0,0
2025-04-02 11:45,42,31,11,0,0,0
2025-04-02 12:00,44,32,12,0,0,0
2025-04-02 12:15,52,28,24,0,0,0
2025-04-02 12:30,58,35,23,0,0,0
2025-04-02 12:45,57,45,12,0,0,0
2025-04-02 13:00,59,40,19,0,0,0
2025-04-02 13:15,54,26,28,0,0,0
2025-04-02 13:30,56,33,23,0,0,0
2025-04-02 13:45,77,49,28,0,0,0
2025-04-02 14:00,57,26,31,0,0,0
2025-04-02 14:15,59,34,25,0,0,0
2025-04-02 14:30,54,33,21,0,0,0
2025-04-02 14:45,59,38,21,0,0,0
2025-04-02 15:00,58,34,24,0,0,0
2025-04-02 15:15,64,43,21,0,0,0
2025-04-02 15:30,75,48,27,0,0,0
2025-04-02 15:45,76,53,23,0,0,0
2025-04-02 16:00,82,55,27,0,0,0
2025-04-02 16:15,100,72,28,0,0,0
2025-04-02 16:30,109,75,34,0,0,0
2025-04-02 16:45,92,74,18,0,0,0
2025-04-02 17:00,107,68,39,0,0,0
2025-04-02 17:15,89,67,22,0,0,0
2025-04-02 17:30,90,62,28,0,0,0
2025-04-02 17:45,87,64,23,0,0,0
2025-04-02 18:00,67,46,21,0,0,0
2025-04-02 18:15,54,37,17,0,0,0
2025-04-02 18:30,81,40,41,0,0,0
2025-04-02 18:45,69,51,18,0,0,0
2025-04-02 19:00,41,33,8,0,0,0
2025-04-02 19:15,53,30,23,0,0,0
2025-04-02 19:30,37,21,16,0,0,0
2025-04-02 19:45,50,25,25,0,0,0
2025-04-02 20:00,35,16,19,0,0,0
2025-04-02 20:15,46,33,13,0,0,0
2025-04-02 20:30,23,15,8,0,0,0
2025-04-02 20:45,27,16,11,0,0,0
2025-04-02 21:00,18,11,7,0,0,0
2025-04-02 21:15,26,13,13,0,0,0
2025-04-02 21:30,24,12,12,0,0,0
2025-04-02 21:45,21,11,10,0,0,0
2025-04-02 22:00,25,15,10,0,0,0
2025-04-02 22:15,17,10,7,0,0,0
2025-04-02 22:30,18,4,14,0,0,0
2025-04-02 22:45,21,7,14,0,0,0
2025-04-02 23:00,14,6,8,0,0,0
2025-04-02 23:15,17,5,12,0,0,0
2025-04-02 23:30,3,2,1,0,0,0
2025-04-02 23:45,9,3,6,0,0,0
2025-04-03 00:00,3,3,0,0,0,0
2025-04-03 00:15,4,2,2,0,0,0
2025-04-03 00:30,4,2,2,0,0,0
2025-04-03 00:45,4,2,2,0,0,0
2025-04-03 01:00,2,1,1,0,0,0
2025-04-03 01:15,6,2,4,0,0,0
2025-04-03 01:30,3,0,3,0,0,0
2025-04-03 01:45,1,0,1,0,0,0
2025-04-03 02:00,7,1,6,0,0,0
2025-04-03 02:15,2,0,2,0,0,0
2025-04-03 02:30,6,4,2,0,0,0
2025-04-03 02:45,2,0,2,0,0,0
2025-04-03 03:00,4,2,2,0,0,0
2025-04-03 03:15,4,1,3,0,0,0
2025-04-03 03:30,5,1,4,0,0,0
2025-04-03 03:45,3,0,3,0,0,0
2025-04-03 04:00,1,1,0,0,0,0
2025-04-03 04:15,4,0,4,0,0,0
2025-04-03 04:30,2,2,0,0,0,0
2025-04-03 04:45,8,4,4,0,0,0
2025-04-03 05:00,1,1,0,0,0,0
2025-04-03 05:15,3,3,0,0,0,0
2025-04-03 05:30,10,8,2,0,0,0
2025-04-03 05:45,11,7,4,0,0,0
2025-04-03 06:00,15,8,7,0,0,0
2025-04-03 06:15,15,12,3,0,0,0
2025-04-03 06:30,35,20,15,0,0,0
2025-04-03 06:45,39,21,18,0,0,0
2025-04-03 07:00,49,24,25,0,0,0
2025-04-03 07:15,69,38,31,0,0,0
2025-04-03 07:30,132,81,51,0,0,0
2025-04-03 07:45,136,66,70,0,0,0
2025-04-03 08:00,110,56,54,0,0,0
2025-04-03 08:15,82,36,46,0,0,0
2025-04-03 08:30,88,51,37,0,0,0
2025-04-03 08:45,94,51,43,0,0,0
2025-04-03 09:00,54,36,18,0,0,0
2025-04-03 09:15,37,27,10,0,0,0
2025-04-03 09:30,53,42,11,0,0,0
2025-04-03 09:45,55,37,18,0,0,0
2025-04-03 10:00,35,26,9,0,0,0
2025-04-03 10:15,30,22,8,0,0,0
2025-04-03 10:30,30,16,14,0,0,0
2025-04-03 10:45,38,30,8,0,0,0
2025-04-03 11:00,34,21,13,0,0,0
2025-04-03 11:15,37,23,14,0,0,0
2025-04-03 11:30,33,26,7,0,0,0
2025-04-03 11:45,50,36,14,0,0,0
2025-04-03 12:00,43,24,19,0,0,0
2025-04-03 12:15,49,29,20,0,0,0
2025-04-03 12:30,47,32,15,0,0,0
2025-04-03 12:45,43,27,16,0,0,0
2025-04-03 13:00,49,38,11,0,0,0
2025-04-03 13:15,39,21,18,0,0,0
2025-04-03 13:30,49,28,21,0,0,0
2025-04-03 13:45,55,32,23,0,0,0
2025-04-03 14:00,50,28,22,0,0,0
2025-04-03 14:15,57,32,25,0,0,0
2025-04-03 14:30,48,24,24,0,0,0
2025-04-03 14:45,54,33,21,0,0,0
2025-04-03 15:00,76,52,24,0,0,0
2025-04-03 15:15,70,55,15,0,0,0
2025-04-03 15:30,64,53,11,0,0,0
2025-04-03 15:45,112,69,43,0,0,0
2025-04-03 16:00,85,60,25,0,0,0
2025-04-03 16:15,97,68,29,0,0,0
2025-04-03 16:30,97,73,24,0,0,0
2025-04-03 16:45,92,72,20,0,0,0
2025-04-03 17:00,100,65,35,0,0,0
2025-04-03 17:15,112,85,27,0,0,0
2025-04-03 17:30,103,74,29,0,0,0
2025-04-03 17:45,86,56,30,0,0,0
2025-04-03 18:00,100,54,46,0,0,0
2025-04-03 18:15,78,43,35,0,0,0
2025-04-03 18:30,56,39,17,0,0,0
2025-04-03 18:45,59,44,15,0,0,0
2025-04-03 19:00,56,31,25,0,0,0
2025-04-03 19:15,62,42,20,0,0,0
2025-04-03 19:30,58,42,16,0,0,0
2025-04-03 19:45,48,27,21,0,0,0
2025-04-03 20:00,38,21,17,0,0,0
2025-04-03 20:15,47,32,15,0,0,0
2025-04-03 20:30,29,18,11,0,0,0
2025-04-03 20:45,35,22,13,0,0,0
2025-04-03 21:00,27,14,13,0,0,0
2025-04-03 21:15,33,20,13,0,0,0
2025-04-03 21:30,24,13,11,0,0,0
2025-04-03 21:45,36,22,14,0,0,0
2025-04-03 22:00,22,13,9,0,0,0
2025-04-03 22:15,29,18,11,0,0,0
2025-04-03 22:30,17,9,8,0,0,0
2025-04-03 22:45,11,2,9,0,0,0
2025-04-03 23:00,22,11,11,0,0,0
2025-04-03 23:15,5,1,4,0,0,0
2025-04-03 23:30,9,5,4,0,0,0
2025-04-03 23:45,5,4,1,0,0,0
2025-04-04 00:00,2,1,1,0,0,0
2025-04-04 00:15,4,0,4,0,0,0
2025-04-04 00:30,2,2,0,0,0,0
2025-04-04 00:45,2,0,2,0,0,0
2025-04-04 01:00,5,0,5,0,0,0
2025-04-04 01:15,1,0,1,0,0,0
2025-04-04 01:30,2,1,1,0,0,0
2025-04-04 01:45,1,0,1,0,0,0
2025-04-04 02:00,1,0,1,0,0,0
2025-04-04 02:15,4,2,2,0,0,0
2025-04-04 02:30,3,1,2,0,0,0
2025-04-04 02:45,0,0,0,0,0,0
2025-04-04 03:00,1,1,0,0,0,0
2025-04-04 03:15,7,4,3,0,0,0
2025-04-04 03:30,1,0,1,0,0,0
2025-04-04 03:45,1,0,1,0,0,0
2025-04-04 04:00,0,0,0,0,0,0
2025-04-04 04:15,0,0,0,0,0,0
2025-04-04 04:30,4,4,0,0,0,0
2025-04-04 04:45,5,4,1,0,0,0
2025-04-04 05:00,0,0,0,0,0,0
2025-04-04 05:15,2,2,0,0,0,0
2025-04-04 05:30,6,4,2,0,0,0
2025-04-04 05:45,20,10,10,0,0,0
2025-04-04 06:00,8,4,4,0,0,0
2025-04-04 06:15,15,9,6,0,0,0
2025-04-04 06:30,28,13,15,0,0,0
2025-04-04 06:45,42,26,16,0,0,0
2025-04-04 07:00,46,21,25,0,0,0
2025-04-04 07:15,68,37,31,0,0,0
2025-04-04 07:30,134,94,40,0,0,0
2025-04-04 07:45,130,67,63,0,0,0
2025-04-04 08:00,66,31,35,0,0,0
2025-04-04 08:15,67,40,27,0,0,0
2025-04-04 08:30,64,44,20,0,0,0
2025-04-04 08:45,75,49,26,0,0,0
2025-04-04 09:00,49,27,22,0,0,0
2025-04-04 09:15,38,27,11,0,0,0
2025-04-04 09:30,38,29,9,0,0,0
2025-04-04 09:45,46,32,14,0,0,0
2025-04-04 10:00,39,34,5,0,0,0
2025-04-04 10:15,39,26,13,0,0,0
2025-04-04 10:30,36,25,11,0,0,0
2025-04-04 10:45,36,25,11,0,0,0
2025-04-04 11:00,34,20,14,0,0,0
2025-04-04 11:15,32,22,10,0,0,0
2025-04-04 11:30,37,24,13,0,0,0
2025-04-04 11:45,51,31,20,0,0,0
2025-04-04 12:00,33,23,10,0,0,0
2025-04-04 12:15,50,29,21,0,0,0
2025-04-04 12:30,68,42,26,0,0,0
2025-04-04 12:45,54,34,20,0,0,0
2025-04-04 13:00,63,37,26,0,0,0
2025-04-04 13:15,72,50,22,0,0,0
2025-04-04 13:30,50,31,19,0,0,0
2025-04-04 13:45,80,53,27,0,0,0
2025-04-04 14:00,67,44,23,0,0,0
2025-04-04 14:15,73,51,22,0,0,0
2025-04-04 14:30,61,36,25,0,0,0
2025-04-04 14:45,75,52,23,0,0,0
2025-04-04 15:00,75,44,31,0,0,0
2025-04-04 15:15,67,43,24,0,0,0
2025-04-04 15:30,73,50,23,0,0,0
2025-04-04 15:45,75,49,26,0,0,0
2025-04-04 16:00,67,42,25,0,0,0
2025-04-04 16:15,80,64,16,0,0,0
2025-04-04 16:30,65,49,16,0,0,0
2025-04-04 16:45,67,45,22,0,0,0
2025-04-04 17:00,65,44,21,0,0,0
2025-04-04 17:15,55,40,15,0,0,0
2025-04-04 17:30,61,44,17,0,0,0
2025-04-04 17:45,68,49,19,0,0,0
2025-04-04 18:00,73,53,20,0,0,0
2025-04-04 18:15,71,45,26,0,0,0
2025-04-04 18:30,54,39,15,0,0,0
2025-04-04 18:45,64,45,19,0,0,0
2025-04-04 19:00,58,33,25,0,0,0
2025-04-04 19:15,61,32,29,0,0,0
2025-04-04 19:30,51,41,10,0,0,0
2025-04-04 19:45,39,24,15,0,0,0
2025-04-04 20:00,34,24,10,0,0,0
2025-04-04 20:15,36,27,9,0,0,0
2025-04-04 20:30,28,16,12,0,0,0
2025-04-04 20:45,21,12,9,0,0,0
2025-04-04 21:00,31,22,9,0,0,0
2025-04-04 21:15,40,21,19,0,0,0
2025-04-04 21:30,29,13,16,0,0,0
2025-04-04 21:45,21,12,9,0,0,0
2025-04-04 22:00,28,14,14,0,0,0
2025-04-04 22:15,32,11,21,0,0,0
2025-04-04 22:30,28,11,17,0,0,0
2025-04-04 22:45,12,4,8,0,0,0
2025-04-04 23:00,34,16,18,0,0,0
2025-04-04 23:15,16,5,11,0,0,0
2025-04-04 23:30,31,22,9,0,0,0
2025-04-04 23:45,17,12,5,0,0,0
2025-04-05 00:00,19,13,6,0,0,0
2025-04-05 00:15,25,11,14,0,0,0
2025-04-05 00:30,15,10,5,0,0,0
2025-04-05 00:45,12,3,9,0,0,0
2025-04-05 01:00,18,5,13,0,0,0
2025-04-05 01:15,14,5,9,0,0,0
2025-04-05 01:30,12,4,8,0,0,0
2025-04-05 01:45,24,4,20,0,0,0
2025-04-05 02:00,8,5,3,0,0,0
2025-04-05 02:15,11,0,11,0,0,0
2025-04-05 02:30,8,0,8,0,0,0
2025-04-05 02:45,17,9,8,0,0,0
2025-04-05 03:00,1,0,1,0,0,0
2025-04-05 03:15,5,2,3,0,0,0
2025-04-05 03:30,7,4,3,0,0,0
2025-04-05 03:45,6,1,5,0,0,0
2025-04-05 04:00,4,0,4,0,0,0
2025-04-05 04:15,2,0,2,0,0,0
2025-04-05 04:30,3,1,2,0,0,0
2025-04-05 04:45,9,3,6,0,0,0
2025-04-05 05:00,0,0,0,0,0,0
2025-04-05 05:15,2,2,0,0,0,0
2025-04-05 05:30,5,3,2,0,0,0
2025-04-05 05:45,8,3,5,0,0,0
2025-04-05 06:00,3,2,1,0,0,0
2025-04-05 06:15,2,0,2,0,0,0
2025-04-05 06:30,2,2,0,0,0,0
2025-04-05 06:45,6,2,4,0,0,0
2025-04-05 07:00,4,2,2,0,0,0
2025-04-05 07:15,7,5,2,0,0,0
2025-04-05 07:30,10,6,4,0,0,0
2025-04-05 07:45,19,6,13,0,0,0
2025-04-05 08:00,15,12,3,0,0,0
2025-04-05 08:15,16,9,7,0,0,0
2025-04-05 08:30,32,18,14,0,0,0
2025-04-05 08:45,30,21,9,0,0,0
2025-04-05 09:00,17,13,4,0,0,0
2025-04-05 09:15,33,27,6,0,0,0
2025-04-05 09:30,42,34,8,0,0,0
2025-04-05 09:45,42,34,8,0,0,0
2025-04-05 10:00,50,40,10,0,0,0
2025-04-05 10:15,45,27,18,0,0,0
2025-04-05 10:30,46,36,10,0,0,0
2025-04-05 10:45,36,26,10,0,0,0
2025-04-05 11:00,39,26,13,0,0,0
2025-04-05 11:15,43,30,13,0,0,0
2025-04-05 11:30,40,23,17,0,0,0
2025-04-05 11:45,42,32,10,0,0,0
2025-04-05 12:00,31,25,6,0,0,0
2025-04-05 12:15,52,37,15,0,0,0
2025-04-05 12:30,45,25,20,0,0,0
2025-04-05 12:45,45,31,14,0,0,0
2025-04-05 13:00,52,37,15,0,0,0
2025-04-05 13:15,41,30,11,0,0,0
2025-04-05 13:30,41,32,9,0,0,0
2025-04-05 13:45,53,34,19,0,0,0
2025-04-05 14:00,34,25,9,0,0,0
2025-04-05 14:15,38,21,17,0,0,0
2025-04-05 14:30,34,27,7,0,0,0
2025-04-05 14:45,49,34,15,0,0,0
2025-04-05 15:00,57,34,23,0,0,0
2025-04-05 15:15,57,34,23,0,0,0
2025-04-05 15:30,46,28,18,0,0,0
2025-04-05 15:45,46,31,15,0,0,0
2025-04-05 16:00,38,22,16,0,0,0
2025-04-05 16:15,39,24,15,0,0,0
2025-04-05 16:30,33,17,16,0,0,0
2025-04-05 16:45,47,32,15,0,0,0
2025-04-05 17:00,46,34,12,0,0,0
2025-04-05 17:15,36,22,14,0,0,0
2025-04-05 17:30,46,29,17,0,0,0
2025-04-05 17:45,47,34,13,0,0,0
2025-04-05 18:00,40,27,13,0,0,0
2025-04-05 18:15,40,30,10,0,0,0
2025-04-05 18:30,33,21,12,0,0,0
2025-04-05 18:45,43,29,14,0,0,0
2025-04-05 19:00,38,24,14,0,0,0
2025-04-05 19:15,26,18,8,0,0,0
2025-04-05 19:30,34,22,12,0,0,0
2025-04-05 19:45,42,30,12,0,0,0
2025-04-05 20:00,40,32,8,0,0,0
2025-04-05 20:15,18,10,8,0,0,0
2025-04-05 20:30,30,20,10,0,0,0
2025-04-05 20:45,24,11,13,0,0,0
2025-04-05 21:00,26,17,9,0,0,0
2025-04-05 21:15,21,14,7,0,0,0
2025-04-05 21:30,29,17,12,0,0,0
2025-04-05 21:45,22,14,8,0,0,0
2025-04-05 22:00,12,9,3,0,0,0
2025-04-05 22:15,17,7,10,0,0,0
2025-04-05 22:30,10,6,4,0,0,0
2025-04-05 22:45,19,7,12,0,0,0
2025-04-05 23:00,11,3,8,0,0,0
2025-04-05 23:15,13,8,5,0,0,0
2025-04-05 23:30,21,13,8,0,0,0
2025-04-05 23:45,14,5,9,0,0,0
2025-04-06 00:00,7,3,4,0,0,0
2025-04-06 00:15,11,8,3,0,0,0
2025-04-06 00:30,14,3,11,0,0,0
2025-04-06 00:45,12,8,4,0,0,0
2025-04-06 01:00,6,4,2,0,0,0
2025-04-06 01:15,11,8,3,0,0,0
2025-04-06 01:30,9,5,4,0,0,0
2025-04-06 01:45,10,3,7,0,0,0
2025-04-06 02:00,15,12,3,0,0,0
2025-04-06 02:15,3,2,1,0,0,0
2025-04-06 02:30,4,0,4,0,0,0
2025-04-06 02:45,6,1,5,0,0,0
2025-04-06 03:00,6,4,2,0,0,0
2025-04-06 03:15,10,6,4,0,0,0
2025-04-06 03:30,3,0,3,0,0,0
2025-04-06 03:45,1,0,1,0,0,0
2025-04-06 04:00,0,0,0,0,0,0
2025-04-06 04:15,6,0,6,0,0,0
2025-04-06 04:30,1,0,1,0,0,0
2025-04-06 04:45,2,2,0,0,0,0
2025-04-06 05:00,0,0,0,0,0,0
2025-04-06 05:15,6,2,4,0,0,0
2025-04-06 05:30,2,1,1,0,0,0
2025-04-06 05:45,5,1,4,0,0,0
2025-04-06 06:00,2,2,0,0,0,0
2025-04-06 06:15,1,1,0,0,0,0
2025-04-06 06:30,2,0,2,0,0,0
2025-04-06 06:45,2,0,2,0,0,0
2025-04-06 07:00,2,1,1,0,0,0
2025-04-06 07:15,1,0,1,0,0,0
2025-04-06 07:30,6,4,2,0,0,0
2025-04-06 07:45,6,6,0,0,0,0
2025-04-06 08:00,7,5,2,0,0,0
2025-04-06 08:15,7,5,2,0,0,0
2025-04-06 08:30,11,8,3,0,0,0
2025-04-06 08:45,9,7,2,0,0,0
2025-04-06 09:00,13,9,4,0,0,0
2025-04-06 09:15,12,6,6,0,0,0
2025-04-06 09:30,10,5,5,0,0,0
2025-04-06 09:45,27,22,5,0,0,0
2025-04-06 10:00,23,18,5,0,0,0
2025-04-06 10:15,25,19,6,0,0,0
2025-04-06 10:30,32,27,5,0,0,0
2025-04-06 10:45,30,21,9,0,0,0
2025-04-06 11:00,27,19,8,0,0,0
2025-04-06 11:15,31,25,6,0,0,0
2025-04-06 11:30,27,21,6,0,0,0
2025-04-06 11:45,32,18,14,0,0,0
2025-04-06 12:00,28,16,12,0,0,0
2025-04-06 12:15,38,20,18,0,0,0
2025-04-06 12:30,30,17,13,0,0,0
2025-04-06 12:45,34,28,6,0,0,0
2025-04-06 13:00,31,16,15,0,0,0
2025-04-06 13:15,40,29,11,0,0,0
2025-04-06 13:30,30,17,13,0,0,0
2025-04-06 13:45,36,24,12,0,0,0
2025-04-06 14:00,27,20,7,0,0,0
2025-04-06 14:15,30,16,14,0,0,0
2025-04-06 14:30,41,26,15,0,0,0
2025-04-06 14:45,27,17,10,0,0,0
2025-04-06 15:00,37,21,16,0,0,0
2025-04-06 15:15,32,20,12,0,0,0
2025-04-06 15:30,32,22,10,0,0,0
2025-04-06 15:45,50,25,25,0,0,0
2025-04-06 16:00,41,29,12,0,0,0
2025-04-06 16:15,21,11,10,0,0,0
2025-04-06 16:30,40,31,9,0,0,0
2025-04-06 16:45,26,15,11,0,0,0
2025-04-06 17:00,26,16,10,0,0,0
2025-04-06 17:15,31,10,21,0,0,0
2025-04-06 17:30,41,24,17,0,0,0
2025-04-06 17:45,40,30,10,0,0,0
2025-04-06 18:00,52,27,25,0,0,0
2025-04-06 18:15,41,24,17,0,0,0
2025-04-06 18:30,42,28,14,0,0,0
2025-04-06 18:45,26,17,9,0,0,0
2025-04-06 19:00,21,10,11,0,0,0
2025-04-06 19:15,18,11,7,0,0,0
2025-04-06 19:30,24,14,10,0,0,0
2025-04-06 19:45,30,18,12,0,0,0
2025-04-06 20:00,33,24,9,0,0,0
2025-04-06 20:15,23,12,11,0,0,0
2025-04-06 20:30,16,10,6,0,0,0
2025-04-06 20:45,19,9,10,0,0,0
2025-04-06 21:00,19,5,14,0,0,0
2025-04-06 21:15,12,8,4,0,0,0
2025-04-06 21:30,10,7,3,0,0,0
2025-04-06 21:45,8,5,3,0,0,0
2025-04-06 22:00,7,2,5,0,0,0
2025-04-06 22:15,5,1,4,0,0,0
2025-04-06 22:30,8,6,2,0,0,0
2025-04-06 22:45,7,4,3,0,0,0
2025-04-06 23:00,8,5,3,0,0,0
2025-04-06 23:15,4,2,2,0,0,0
2025-04-06 23:30,9,3,6,0,0,0
2025-04-06 23:45,1,1,0,0,0,0
2025-04-07 00:00,2,0,2,0,0,0
2025-04-07 00:15,1,1,0,0,0,0
2025-04-07 00:30,1,1,0,0,0,0
2025-04-07 00:45,0,0,0,0,0,0
2025-04-07 01:00,4,2,2,0,0,0
2025-04-07 01:15,0,0,0,0,0,0
2025-04-07 01:30,0,0,0,0,0,0
2025-04-07 01:45,0,0,0,0,0,0
2025-04-07 02:00,0,0,0,0,0,0
2025-04-07 02:15,0,0,0,0,0,0
2025-04-07 02:30,0,0,0,0,0,0
2025-04-07 02:45,0,0,0,0,0,0
2025-04-07 03:00,0,0,0,0,0,0
2025-04-07 03:15,2,2,0,0,0,0
2025-04-07 03:30,2,2,0,0,0,0
2025-04-07 03:45,0,0,0,0,0,0
2025-04-07 04:00,0,0,0,0,0,0
2025-04-07 04:15,1,0,1,0,0,0
2025-04-07 04:30,3,1,2,0,0,0
2025-04-07 04:45,2,2,0,0,0,0
2025-04-07 05:00,5,3,2,0,0,0
2025-04-07 05:15,0,0,0,0,0,0
2025-04-07 05:30,10,5,5,0,0,0
2025-04-07 05:45,16,7,9,0,0,0
2025-04-07 06:00,13,10,3,0,0,0
2025-04-07 06:15,25,11,14,0,0,0
2025-04-07 06:30,27,18,9,0,0,0
2025-04-07 06:45,48,31,17,0,0,0
2025-04-07 07:00,39,19,20,0,0,0
2025-04-07 07:15,69,37,32,0,0,0
2025-04-07 07:30,147,101,46,0,0,0
2025-04-07 07:45,151,82,69,0,0,0
2025-04-07 08:00,83,49,34,0,0,0
2025-04-07 08:15,86,49,37,0,0,0
2025-04-07 08:30,102,58,44,0,0,0
2025-04-07 08:45,95,55,40,0,0,0
2025-04-07 09:00,43,28,15,0,0,0
2025-04-07 09:15,37,26,11,0,0,0
2025-04-07 09:30,69,47,22,0,0,0
2025-04-07 09:45,77,58,19,0,0,0
2025-04-07 10:00,56,41,15,0,0,0
2025-04-07 10:15,39,35,4,0,0,0
2025-04-07 10:30,31,24,7,0,0,0
2025-04-07 10:45,25,14,11,0,0,0
2025-04-07 11:00,32,22,10,0,0,0
2025-04-07 11:15,39,23,16,0,0,0
2025-04-07 11:30,36,21,15,0,0,0
2025-04-07 11:45,47,32,15,0,0,0
2025-04-07 12:00,41,24,17,0,0,0
2025-04-07 12:15,39,19,20,0,0,0
2025-04-07 12:30,38,23,15,0,0,0
2025-04-07 12:45,29,18,11,0,0,0
2025-04-07 13:00,54,36,18,0,0,0
2025-04-07 13:15,57,32,25,0,0,0
2025-04-07 13:30,52,35,17,0,0,0
2025-04-07 13:45,72,41,31,0,0,0
2025-04-07 14:00,50,34,16,0,0,0
2025-04-07 14:15,49,25,24,0,0,0
2025-04-07 14:30,45,30,15,0,0,0
2025-04-07 14:45,82,61,21,0,0,0
2025-04-07 15:00,66,42,24,0,0,0
2025-04-07 15:15,78,54,24,0,0,0
2025-04-07 15:30,79,52,27,0,0,0
2025-04-07 15:45,95,63,32,0,0,0
2025-04-07 16:00,103,73,30,0,0,0
2025-04-07 16:15,89,54,35,0,0,0
2025-04-07 16:30,85,58,27,0,0,0
2025-04-07 16:45,88,65,23,0,0,0
2025-04-07 17:00,79,52,27,0,0,0
2025-04-07 17:15,99,77,22,0,0,0
2025-04-07 17:30,78,53,25,0,0,0
2025-04-07 17:45,111,60,51,0,0,0
2025-04-07 18:00,74,38,36,0,0,0
2025-04-07 18:15,68,43,25,0,0,0
2025-04-07 18:30,82,49,33,0,0,0
2025-04-07 18:45,84,52,32,0,0,0
2025-04-07 19:00,51,34,17,0,0,0
2025-04-07 19:15,51,36,15,0,0,0
2025-04-07 19:30,48,28,20,0,0,0
2025-04-07 19:45,56,31,25,0,0,0
2025-04-07 20:00,32,19,13,0,0,0
2025-04-07 20:15,43,19,24,0,0,0
2025-04-07 20:30,23,12,11,0,0,0
2025-04-07 20:45,19,12,7,0,0,0
2025-04-07 21:00,31,15,16,0,0,0
2025-04-07 21:15,27,20,7,0,0,0
2025-04-07 21:30,27,17,10,0,0,0
2025-04-07 21:45,36,15,21,0,0,0
2025-04-07 22:00,27,10,17,0,0,0
2025-04-07 22:15,19,14,5,0,0,0
2025-04-07 22:30,22,9,13,0,0,0
2025-04-07 22:45,10,7,3,0,0,0
2025-04-07 23:00,8,3,5,0,0,0
2025-04-07 23:15,10,6,4,0,0,0
2025-04-07 23:30,8,2,6,0,0,0
2025-04-07 23:45,6,3,3,0,0,0
