Datetime,300037932 (Schmeddingstraße),353413849 (Schmeddingstraße [Bike Stadteinwärts]),353413850 (Schmeddingstraße [Bike Stadtauswärts]),300037932-status,353413849-status,353413850-status
2024-09-01 00:00,23,6,17,0,0,0
2024-09-01 00:15,18,4,14,0,0,0
2024-09-01 00:30,14,6,8,0,0,0
2024-09-01 00:45,7,1,6,0,0,0
2024-09-01 01:00,20,3,17,0,0,0
2024-09-01 01:15,7,1,6,0,0,0
2024-09-01 01:30,8,2,6,0,0,0
2024-09-01 01:45,11,3,8,0,0,0
2024-09-01 02:00,6,1,5,0,0,0
2024-09-01 02:15,6,4,2,0,0,0
2024-09-01 02:30,8,4,4,0,0,0
2024-09-01 02:45,4,2,2,0,0,0
2024-09-01 03:00,7,1,6,0,0,0
2024-09-01 03:15,5,0,5,0,0,0
2024-09-01 03:30,3,0,3,0,0,0
2024-09-01 03:45,2,1,1,0,0,0
2024-09-01 04:00,3,1,2,0,0,0
2024-09-01 04:15,1,0,1,0,0,0
2024-09-01 04:30,4,0,4,0,0,0
2024-09-01 04:45,2,0,2,0,0,0
2024-09-01 05:00,0,0,0,0,0,0
2024-09-01 05:15,3,2,1,0,0,0
2024-09-01 05:30,1,1,0,0,0,0
2024-09-01 05:45,3,2,1,0,0,0
2024-09-01 06:00,2,0,2,0,0,0
2024-09-01 06:15,4,0,4,0,0,0
2024-09-01 06:30,3,3,0,0,0,0
2024-09-01 06:45,6,4,2,0,0,0
2024-09-01 07:00,2,2,0,0,0,0
2024-09-01 07:15,4,4,0,0,0,0
2024-09-01 07:30,4,2,2,0,0,0
2024-09-01 07:45,6,4,2,0,0,0
2024-09-01 08:00,13,7,6,0,0,0
2024-09-01 08:15,15,8,7,0,0,0
2024-09-01 08:30,8,4,4,0,0,0
2024-09-01 08:45,5,3,2,0,0,0
2024-09-01 09:00,19,14,5,0,0,0
2024-09-01 09:15,18,10,8,0,0,0
2024-09-01 09:30,22,14,8,0,0,0
2024-09-01 09:45,27,19,8,0,0,0
2024-09-01 10:00,30,20,10,0,0,0
2024-09-01 10:15,48,37,11,0,0,0
2024-09-01 10:30,16,10,6,0,0,0
2024-09-01 10:45,42,25,17,0,0,0
2024-09-01 11:00,25,15,10,0,0,0
2024-09-01 11:15,31,16,15,0,0,0
2024-09-01 11:30,22,11,11,0,0,0
2024-09-01 11:45,46,22,24,0,0,0
2024-09-01 12:00,33,20,13,0,0,0
2024-09-01 12:15,25,11,14,0,0,0
2024-09-01 12:30,47,24,23,0,0,0
2024-09-01 12:45,38,15,23,0,0,0
2024-09-01 13:00,50,27,23,0,0,0
2024-09-01 13:15,37,24,13,0,0,0
2024-09-01 13:30,38,19,19,0,0,0
2024-09-01 13:45,37,15,22,0,0,0
2024-09-01 14:00,34,17,17,0,0,0
2024-09-01 14:15,47,28,19,0,0,0
2024-09-01 14:30,39,21,18,0,0,0
2024-09-01 14:45,42,16,26,0,0,0
2024-09-01 15:00,49,30,19,0,0,0
2024-09-01 15:15,37,20,17,0,0,0
2024-09-01 15:30,55,28,27,0,0,0
2024-09-01 15:45,47,24,23,0,0,0
2024-09-01 16:00,30,11,19,0,0,0
2024-09-01 16:15,35,14,21,0,0,0
2024-09-01 16:30,43,23,20,0,0,0
2024-09-01 16:45,41,18,23,0,0,0
2024-09-01 17:00,44,16,28,0,0,0
2024-09-01 17:15,48,27,21,0,0,0
2024-09-01 17:30,47,25,22,0,0,0
2024-09-01 17:45,57,22,35,0,0,0
2024-09-01 18:00,42,21,21,0,0,0
2024-09-01 18:15,42,17,25,0,0,0
2024-09-01 18:30,29,12,17,0,0,0
2024-09-01 18:45,39,16,23,0,0,0
2024-09-01 19:00,30,10,20,0,0,0
2024-09-01 19:15,28,15,13,0,0,0
2024-09-01 19:30,29,16,13,0,0,0
2024-09-01 19:45,28,12,16,0,0,0
2024-09-01 20:00,25,10,15,0,0,0
2024-09-01 20:15,42,13,29,0,0,0
2024-09-01 20:30,20,8,12,0,0,0
2024-09-01 20:45,14,6,8,0,0,0
2024-09-01 21:00,13,5,8,0,0,0
2024-09-01 21:15,18,9,9,0,0,0
2024-09-01 21:30,8,3,5,0,0,0
2024-09-01 21:45,15,1,14,0,0,0
2024-09-01 22:00,17,2,15,0,0,0
2024-09-01 22:15,13,3,10,0,0,0
2024-09-01 22:30,10,1,9,0,0,0
2024-09-01 22:45,5,0,5,0,0,0
2024-09-01 23:00,6,0,6,0,0,0
2024-09-01 23:15,4,1,3,0,0,0
2024-09-01 23:30,4,2,2,0,0,0
2024-09-01 23:45,2,0,2,0,0,0
2024-09-02 00:00,1,0,1,0,0,0
2024-09-02 00:15,1,0,1,0,0,0
2024-09-02 00:30,1,0,1,0,0,0
2024-09-02 00:45,0,0,0,0,0,0
2024-09-02 01:00,1,0,1,0,0,0
2024-09-02 01:15,1,0,1,0,0,0
2024-09-02 01:30,0,0,0,0,0,0
2024-09-02 01:45,2,0,2,0,0,0
2024-09-02 02:00,1,1,0,0,0,0
2024-09-02 02:15,1,1,0,0,0,0
2024-09-02 02:30,1,0,1,0,0,0
2024-09-02 02:45,0,0,0,0,0,0
2024-09-02 03:00,0,0,0,0,0,0
2024-09-02 03:15,0,0,0,0,0,0
2024-09-02 03:30,0,0,0,0,0,0
2024-09-02 03:45,0,0,0,0,0,0
2024-09-02 04:00,0,0,0,0,0,0
2024-09-02 04:15,0,0,0,0,0,0
2024-09-02 04:30,2,2,0,0,0,0
2024-09-02 04:45,0,0,0,0,0,0
2024-09-02 05:00,2,2,0,0,0,0
2024-09-02 05:15,3,3,0,0,0,0
2024-09-02 05:30,5,3,2,0,0,0
2024-09-02 05:45,8,7,1,0,0,0
2024-09-02 06:00,11,7,4,0,0,0
2024-09-02 06:15,16,9,7,0,0,0
2024-09-02 06:30,24,17,7,0,0,0
2024-09-02 06:45,35,24,11,0,0,0
2024-09-02 07:00,51,34,17,0,0,0
2024-09-02 07:15,105,76,29,0,0,0
2024-09-02 07:30,168,136,32,0,0,0
2024-09-02 07:45,99,66,33,0,0,0
2024-09-02 08:00,101,53,48,0,0,0
2024-09-02 08:15,112,54,58,0,0,0
2024-09-02 08:30,64,38,26,0,0,0
2024-09-02 08:45,57,34,23,0,0,0
2024-09-02 09:00,47,31,16,0,0,0
2024-09-02 09:15,41,34,7,0,0,0
2024-09-02 09:30,47,39,8,0,0,0
2024-09-02 09:45,50,30,20,0,0,0
2024-09-02 10:00,30,14,16,0,0,0
2024-09-02 10:15,35,18,17,0,0,0
2024-09-02 10:30,29,20,9,0,0,0
2024-09-02 10:45,50,20,30,0,0,0
2024-09-02 11:00,34,22,12,0,0,0
2024-09-02 11:15,44,24,20,0,0,0
2024-09-02 11:30,34,20,14,0,0,0
2024-09-02 11:45,39,21,18,0,0,0
2024-09-02 12:00,46,23,23,0,0,0
2024-09-02 12:15,50,22,28,0,0,0
2024-09-02 12:30,59,17,42,0,0,0
2024-09-02 12:45,54,19,35,0,0,0
2024-09-02 13:00,44,22,22,0,0,0
2024-09-02 13:15,88,17,71,0,0,0
2024-09-02 13:30,47,23,24,0,0,0
2024-09-02 13:45,61,26,35,0,0,0
2024-09-02 14:00,57,13,44,0,0,0
2024-09-02 14:15,66,30,36,0,0,0
2024-09-02 14:30,60,38,22,0,0,0
2024-09-02 14:45,70,30,40,0,0,0
2024-09-02 15:00,81,30,51,0,0,0
2024-09-02 15:15,60,28,32,0,0,0
2024-09-02 15:30,84,42,42,0,0,0
2024-09-02 15:45,85,45,40,0,0,0
2024-09-02 16:00,66,36,30,0,0,0
2024-09-02 16:15,72,38,34,0,0,0
2024-09-02 16:30,73,26,47,0,0,0
2024-09-02 16:45,80,32,48,0,0,0
2024-09-02 17:00,60,18,42,0,0,0
2024-09-02 17:15,73,31,42,0,0,0
2024-09-02 17:30,65,32,33,0,0,0
2024-09-02 17:45,65,26,39,0,0,0
2024-09-02 18:00,62,31,31,0,0,0
2024-09-02 18:15,61,17,44,0,0,0
2024-09-02 18:30,43,15,28,0,0,0
2024-09-02 18:45,56,29,27,0,0,0
2024-09-02 19:00,50,18,32,0,0,0
2024-09-02 19:15,50,23,27,0,0,0
2024-09-02 19:30,41,15,26,0,0,0
2024-09-02 19:45,31,10,21,0,0,0
2024-09-02 20:00,35,10,25,0,0,0
2024-09-02 20:15,26,15,11,0,0,0
2024-09-02 20:30,22,5,17,0,0,0
2024-09-02 20:45,24,4,20,0,0,0
2024-09-02 21:00,27,10,17,0,0,0
2024-09-02 21:15,20,4,16,0,0,0
2024-09-02 21:30,14,6,8,0,0,0
2024-09-02 21:45,24,6,18,0,0,0
2024-09-02 22:00,13,7,6,0,0,0
2024-09-02 22:15,13,3,10,0,0,0
2024-09-02 22:30,6,1,5,0,0,0
2024-09-02 22:45,11,2,9,0,0,0
2024-09-02 23:00,6,0,6,0,0,0
2024-09-02 23:15,5,0,5,0,0,0
2024-09-02 23:30,2,2,0,0,0,0
2024-09-02 23:45,7,0,7,0,0,0
2024-09-03 00:00,3,0,3,0,0,0
2024-09-03 00:15,3,1,2,0,0,0
2024-09-03 00:30,0,0,0,0,0,0
2024-09-03 00:45,0,0,0,0,0,0
2024-09-03 01:00,0,0,0,0,0,0
2024-09-03 01:15,1,1,0,0,0,0
2024-09-03 01:30,1,1,0,0,0,0
2024-09-03 01:45,0,0,0,0,0,0
2024-09-03 02:00,0,0,0,0,0,0
2024-09-03 02:15,0,0,0,0,0,0
2024-09-03 02:30,2,0,2,0,0,0
2024-09-03 02:45,0,0,0,0,0,0
2024-09-03 03:00,0,0,0,0,0,0
2024-09-03 03:15,0,0,0,0,0,0
2024-09-03 03:30,0,0,0,0,0,0
2024-09-03 03:45,2,1,1,0,0,0
2024-09-03 04:00,0,0,0,0,0,0
2024-09-03 04:15,0,0,0,0,0,0
2024-09-03 04:30,2,2,0,0,0,0
2024-09-03 04:45,1,1,0,0,0,0
2024-09-03 05:00,2,2,0,0,0,0
2024-09-03 05:15,4,4,0,0,0,0
2024-09-03 05:30,9,6,3,0,0,0
2024-09-03 05:45,14,12,2,0,0,0
2024-09-03 06:00,10,6,4,0,0,0
2024-09-03 06:15,18,9,9,0,0,0
2024-09-03 06:30,26,19,7,0,0,0
2024-09-03 06:45,29,20,9,0,0,0
2024-09-03 07:00,49,37,12,0,0,0
2024-09-03 07:15,118,90,28,0,0,0
2024-09-03 07:30,191,154,37,0,0,0
2024-09-03 07:45,108,63,45,0,0,0
2024-09-03 08:00,92,57,35,0,0,0
2024-09-03 08:15,106,49,57,0,0,0
2024-09-03 08:30,76,46,30,0,0,0
2024-09-03 08:45,74,49,25,0,0,0
2024-09-03 09:00,61,39,22,0,0,0
2024-09-03 09:15,46,31,15,0,0,0
2024-09-03 09:30,50,33,17,0,0,0
2024-09-03 09:45,40,25,15,0,0,0
2024-09-03 10:00,33,20,13,0,0,0
2024-09-03 10:15,34,20,14,0,0,0
2024-09-03 10:30,31,23,8,0,0,0
2024-09-03 10:45,41,24,17,0,0,0
2024-09-03 11:00,39,24,15,0,0,0
2024-09-03 11:15,33,22,11,0,0,0
2024-09-03 11:30,48,20,28,0,0,0
2024-09-03 11:45,54,24,30,0,0,0
2024-09-03 12:00,26,15,11,0,0,0
2024-09-03 12:15,40,21,19,0,0,0
2024-09-03 12:30,56,21,35,0,0,0
2024-09-03 12:45,46,17,29,0,0,0
2024-09-03 13:00,41,14,27,0,0,0
2024-09-03 13:15,60,18,42,0,0,0
2024-09-03 13:30,46,15,31,0,0,0
2024-09-03 13:45,52,22,30,0,0,0
2024-09-03 14:00,83,23,60,0,0,0
2024-09-03 14:15,60,23,37,0,0,0
2024-09-03 14:30,57,25,32,0,0,0
2024-09-03 14:45,73,39,34,0,0,0
2024-09-03 15:00,70,20,50,0,0,0
2024-09-03 15:15,77,30,47,0,0,0
2024-09-03 15:30,76,31,45,0,0,0
2024-09-03 15:45,69,46,23,0,0,0
2024-09-03 16:00,81,40,41,0,0,0
2024-09-03 16:15,79,33,46,0,0,0
2024-09-03 16:30,73,25,48,0,0,0
2024-09-03 16:45,83,42,41,0,0,0
2024-09-03 17:00,70,36,34,0,0,0
2024-09-03 17:15,77,22,55,0,0,0
2024-09-03 17:30,93,40,53,0,0,0
2024-09-03 17:45,60,22,38,0,0,0
2024-09-03 18:00,50,16,34,0,0,0
2024-09-03 18:15,74,30,44,0,0,0
2024-09-03 18:30,59,22,37,0,0,0
2024-09-03 18:45,73,36,37,0,0,0
2024-09-03 19:00,36,16,20,0,0,0
2024-09-03 19:15,44,27,17,0,0,0
2024-09-03 19:30,42,14,28,0,0,0
2024-09-03 19:45,41,15,26,0,0,0
2024-09-03 20:00,43,14,29,0,0,0
2024-09-03 20:15,44,16,28,0,0,0
2024-09-03 20:30,25,13,12,0,0,0
2024-09-03 20:45,27,6,21,0,0,0
2024-09-03 21:00,32,17,15,0,0,0
2024-09-03 21:15,31,5,26,0,0,0
2024-09-03 21:30,14,3,11,0,0,0
2024-09-03 21:45,27,6,21,0,0,0
2024-09-03 22:00,19,5,14,0,0,0
2024-09-03 22:15,34,10,24,0,0,0
2024-09-03 22:30,9,2,7,0,0,0
2024-09-03 22:45,12,4,8,0,0,0
2024-09-03 23:00,9,3,6,0,0,0
2024-09-03 23:15,7,2,5,0,0,0
2024-09-03 23:30,10,6,4,0,0,0
2024-09-03 23:45,4,0,4,0,0,0
2024-09-04 00:00,2,1,1,0,0,0
2024-09-04 00:15,7,4,3,0,0,0
2024-09-04 00:30,1,0,1,0,0,0
2024-09-04 00:45,2,0,2,0,0,0
2024-09-04 01:00,1,0,1,0,0,0
2024-09-04 01:15,1,1,0,0,0,0
2024-09-04 01:30,1,1,0,0,0,0
2024-09-04 01:45,1,1,0,0,0,0
2024-09-04 02:00,0,0,0,0,0,0
2024-09-04 02:15,0,0,0,0,0,0
2024-09-04 02:30,0,0,0,0,0,0
2024-09-04 02:45,0,0,0,0,0,0
2024-09-04 03:00,0,0,0,0,0,0
2024-09-04 03:15,1,1,0,0,0,0
2024-09-04 03:30,0,0,0,0,0,0
2024-09-04 03:45,0,0,0,0,0,0
2024-09-04 04:00,0,0,0,0,0,0
2024-09-04 04:15,1,1,0,0,0,0
2024-09-04 04:30,2,2,0,0,0,0
2024-09-04 04:45,0,0,0,0,0,0
2024-09-04 05:00,0,0,0,0,0,0
2024-09-04 05:15,5,4,1,0,0,0
2024-09-04 05:30,8,7,1,0,0,0
2024-09-04 05:45,8,7,1,0,0,0
2024-09-04 06:00,7,5,2,0,0,0
2024-09-04 06:15,15,5,10,0,0,0
2024-09-04 06:30,27,21,6,0,0,0
2024-09-04 06:45,26,17,9,0,0,0
2024-09-04 07:00,43,33,10,0,0,0
2024-09-04 07:15,83,68,15,0,0,0
2024-09-04 07:30,158,129,29,0,0,0
2024-09-04 07:45,130,87,43,0,0,0
2024-09-04 08:00,80,44,36,0,0,0
2024-09-04 08:15,94,51,43,0,0,0
2024-09-04 08:30,74,45,29,0,0,0
2024-09-04 08:45,57,34,23,0,0,0
2024-09-04 09:00,45,29,16,0,0,0
2024-09-04 09:15,48,26,22,0,0,0
2024-09-04 09:30,47,29,18,0,0,0
2024-09-04 09:45,48,27,21,0,0,0
2024-09-04 10:00,50,27,23,0,0,0
2024-09-04 10:15,28,18,10,0,0,0
2024-09-04 10:30,25,16,9,0,0,0
2024-09-04 10:45,33,16,17,0,0,0
2024-09-04 11:00,22,16,6,0,0,0
2024-09-04 11:15,25,15,10,0,0,0
2024-09-04 11:30,33,14,19,0,0,0
2024-09-04 11:45,35,19,16,0,0,0
2024-09-04 12:00,42,25,17,0,0,0
2024-09-04 12:15,27,10,17,0,0,0
2024-09-04 12:30,53,9,44,0,0,0
2024-09-04 12:45,43,12,31,0,0,0
2024-09-04 13:00,37,18,19,0,0,0
2024-09-04 13:15,58,13,45,0,0,0
2024-09-04 13:30,54,26,28,0,0,0
2024-09-04 13:45,44,19,25,0,0,0
2024-09-04 14:00,47,9,38,0,0,0
2024-09-04 14:15,33,13,20,0,0,0
2024-09-04 14:30,35,14,21,0,0,0
2024-09-04 14:45,45,20,25,0,0,0
2024-09-04 15:00,55,29,26,0,0,0
2024-09-04 15:15,70,37,33,0,0,0
2024-09-04 15:30,53,22,31,0,0,0
2024-09-04 15:45,48,19,29,0,0,0
2024-09-04 16:00,56,26,30,0,0,0
2024-09-04 16:15,56,25,31,0,0,0
2024-09-04 16:30,64,33,31,0,0,0
2024-09-04 16:45,53,22,31,0,0,0
2024-09-04 17:00,41,17,24,0,0,0
2024-09-04 17:15,51,20,31,0,0,0
2024-09-04 17:30,55,24,31,0,0,0
2024-09-04 17:45,50,19,31,0,0,0
2024-09-04 18:00,46,18,28,0,0,0
2024-09-04 18:15,50,22,28,0,0,0
2024-09-04 18:30,36,11,25,0,0,0
2024-09-04 18:45,49,20,29,0,0,0
2024-09-04 19:00,56,24,32,0,0,0
2024-09-04 19:15,33,21,12,0,0,0
2024-09-04 19:30,35,12,23,0,0,0
2024-09-04 19:45,25,6,19,0,0,0
2024-09-04 20:00,18,5,13,0,0,0
2024-09-04 20:15,22,7,15,0,0,0
2024-09-04 20:30,27,6,21,0,0,0
2024-09-04 20:45,19,8,11,0,0,0
2024-09-04 21:00,19,9,10,0,0,0
2024-09-04 21:15,27,11,16,0,0,0
2024-09-04 21:30,14,5,9,0,0,0
2024-09-04 21:45,11,5,6,0,0,0
2024-09-04 22:00,14,6,8,0,0,0
2024-09-04 22:15,12,3,9,0,0,0
2024-09-04 22:30,5,1,4,0,0,0
2024-09-04 22:45,5,2,3,0,0,0
2024-09-04 23:00,12,5,7,0,0,0
2024-09-04 23:15,6,1,5,0,0,0
2024-09-04 23:30,3,1,2,0,0,0
2024-09-04 23:45,5,1,4,0,0,0
2024-09-05 00:00,6,4,2,0,0,0
2024-09-05 00:15,5,0,5,0,0,0
2024-09-05 00:30,2,0,2,0,0,0
2024-09-05 00:45,4,4,0,0,0,0
2024-09-05 01:00,1,0,1,0,0,0
2024-09-05 01:15,0,0,0,0,0,0
2024-09-05 01:30,0,0,0,0,0,0
2024-09-05 01:45,1,0,1,0,0,0
2024-09-05 02:00,3,0,3,0,0,0
2024-09-05 02:15,3,0,3,0,0,0
2024-09-05 02:30,1,0,1,0,0,0
2024-09-05 02:45,2,0,2,0,0,0
2024-09-05 03:00,0,0,0,0,0,0
2024-09-05 03:15,0,0,0,0,0,0
2024-09-05 03:30,0,0,0,0,0,0
2024-09-05 03:45,2,1,1,0,0,0
2024-09-05 04:00,2,2,0,0,0,0
2024-09-05 04:15,2,0,2,0,0,0
2024-09-05 04:30,2,2,0,0,0,0
2024-09-05 04:45,2,1,1,0,0,0
2024-09-05 05:00,5,4,1,0,0,0
2024-09-05 05:15,4,3,1,0,0,0
2024-09-05 05:30,11,8,3,0,0,0
2024-09-05 05:45,8,5,3,0,0,0
2024-09-05 06:00,14,11,3,0,0,0
2024-09-05 06:15,15,10,5,0,0,0
2024-09-05 06:30,24,15,9,0,0,0
2024-09-05 06:45,34,24,10,0,0,0
2024-09-05 07:00,39,28,11,0,0,0
2024-09-05 07:15,93,72,21,0,0,0
2024-09-05 07:30,166,122,44,0,0,0
2024-09-05 07:45,137,84,53,0,0,0
2024-09-05 08:00,105,63,42,0,0,0
2024-09-05 08:15,111,55,56,0,0,0
2024-09-05 08:30,83,44,39,0,0,0
2024-09-05 08:45,65,42,23,0,0,0
2024-09-05 09:00,54,35,19,0,0,0
2024-09-05 09:15,50,42,8,0,0,0
2024-09-05 09:30,49,32,17,0,0,0
2024-09-05 09:45,53,40,13,0,0,0
2024-09-05 10:00,25,15,10,0,0,0
2024-09-05 10:15,31,20,11,0,0,0
2024-09-05 10:30,34,18,16,0,0,0
2024-09-05 10:45,38,22,16,0,0,0
2024-09-05 11:00,47,24,23,0,0,0
2024-09-05 11:15,41,24,17,0,0,0
2024-09-05 11:30,43,21,22,0,0,0
2024-09-05 11:45,41,26,15,0,0,0
2024-09-05 12:00,46,26,20,0,0,0
2024-09-05 12:15,47,22,25,0,0,0
2024-09-05 12:30,77,21,56,0,0,0
2024-09-05 12:45,52,19,33,0,0,0
2024-09-05 13:00,41,14,27,0,0,0
2024-09-05 13:15,83,29,54,0,0,0
2024-09-05 13:30,47,23,24,0,0,0
2024-09-05 13:45,63,29,34,0,0,0
2024-09-05 14:00,67,21,46,0,0,0
2024-09-05 14:15,54,22,32,0,0,0
2024-09-05 14:30,74,31,43,0,0,0
2024-09-05 14:45,69,34,35,0,0,0
2024-09-05 15:00,69,33,36,0,0,0
2024-09-05 15:15,90,33,57,0,0,0
2024-09-05 15:30,71,41,30,0,0,0
2024-09-05 15:45,83,50,33,0,0,0
2024-09-05 16:00,84,38,46,0,0,0
2024-09-05 16:15,99,44,55,0,0,0
2024-09-05 16:30,81,36,45,0,0,0
2024-09-05 16:45,73,38,35,0,0,0
2024-09-05 17:00,69,26,43,0,0,0
2024-09-05 17:15,86,44,42,0,0,0
2024-09-05 17:30,78,38,40,0,0,0
2024-09-05 17:45,63,29,34,0,0,0
2024-09-05 18:00,60,20,40,0,0,0
2024-09-05 18:15,52,25,27,0,0,0
2024-09-05 18:30,72,40,32,0,0,0
2024-09-05 18:45,50,23,27,0,0,0
2024-09-05 19:00,57,28,29,0,0,0
2024-09-05 19:15,57,26,31,0,0,0
2024-09-05 19:30,53,27,26,0,0,0
2024-09-05 19:45,57,15,42,0,0,0
2024-09-05 20:00,30,10,20,0,0,0
2024-09-05 20:15,54,9,45,0,0,0
2024-09-05 20:30,34,7,27,0,0,0
2024-09-05 20:45,33,14,19,0,0,0
2024-09-05 21:00,24,7,17,0,0,0
2024-09-05 21:15,19,6,13,0,0,0
2024-09-05 21:30,17,7,10,0,0,0
2024-09-05 21:45,30,6,24,0,0,0
2024-09-05 22:00,10,3,7,0,0,0
2024-09-05 22:15,13,3,10,0,0,0
2024-09-05 22:30,21,5,16,0,0,0
2024-09-05 22:45,13,3,10,0,0,0
2024-09-05 23:00,20,4,16,0,0,0
2024-09-05 23:15,14,4,10,0,0,0
2024-09-05 23:30,12,1,11,0,0,0
2024-09-05 23:45,5,0,5,0,0,0
2024-09-06 00:00,4,0,4,0,0,0
2024-09-06 00:15,2,0,2,0,0,0
2024-09-06 00:30,7,2,5,0,0,0
2024-09-06 00:45,6,0,6,0,0,0
2024-09-06 01:00,1,0,1,0,0,0
2024-09-06 01:15,1,0,1,0,0,0
2024-09-06 01:30,6,3,3,0,0,0
2024-09-06 01:45,2,0,2,0,0,0
2024-09-06 02:00,6,1,5,0,0,0
2024-09-06 02:15,0,0,0,0,0,0
2024-09-06 02:30,0,0,0,0,0,0
2024-09-06 02:45,1,1,0,0,0,0
2024-09-06 03:00,1,0,1,0,0,0
2024-09-06 03:15,1,0,1,0,0,0
2024-09-06 03:30,1,0,1,0,0,0
2024-09-06 03:45,2,0,2,0,0,0
2024-09-06 04:00,0,0,0,0,0,0
2024-09-06 04:15,0,0,0,0,0,0
2024-09-06 04:30,2,2,0,0,0,0
2024-09-06 04:45,1,1,0,0,0,0
2024-09-06 05:00,2,2,0,0,0,0
2024-09-06 05:15,7,6,1,0,0,0
2024-09-06 05:30,10,7,3,0,0,0
2024-09-06 05:45,14,9,5,0,0,0
2024-09-06 06:00,11,7,4,0,0,0
2024-09-06 06:15,22,14,8,0,0,0
2024-09-06 06:30,19,17,2,0,0,0
2024-09-06 06:45,39,24,15,0,0,0
2024-09-06 07:00,38,31,7,0,0,0
2024-09-06 07:15,99,83,16,0,0,0
2024-09-06 07:30,164,130,34,0,0,0
2024-09-06 07:45,105,56,49,0,0,0
2024-09-06 08:00,87,51,36,0,0,0
2024-09-06 08:15,110,46,64,0,0,0
2024-09-06 08:30,63,40,23,0,0,0
2024-09-06 08:45,57,40,17,0,0,0
2024-09-06 09:00,47,32,15,0,0,0
2024-09-06 09:15,46,30,16,0,0,0
2024-09-06 09:30,43,28,15,0,0,0
2024-09-06 09:45,37,20,17,0,0,0
2024-09-06 10:00,41,26,15,0,0,0
2024-09-06 10:15,40,25,15,0,0,0
2024-09-06 10:30,32,21,11,0,0,0
2024-09-06 10:45,26,17,9,0,0,0
2024-09-06 11:00,28,15,13,0,0,0
2024-09-06 11:15,25,12,13,0,0,0
2024-09-06 11:30,46,28,18,0,0,0
2024-09-06 11:45,45,28,17,0,0,0
2024-09-06 12:00,42,23,19,0,0,0
2024-09-06 12:15,55,20,35,0,0,0
2024-09-06 12:30,57,24,33,0,0,0
2024-09-06 12:45,56,23,33,0,0,0
2024-09-06 13:00,55,23,32,0,0,0
2024-09-06 13:15,86,21,65,0,0,0
2024-09-06 13:30,76,31,45,0,0,0
2024-09-06 13:45,78,31,47,0,0,0
2024-09-06 14:00,65,20,45,0,0,0
2024-09-06 14:15,47,20,27,0,0,0
2024-09-06 14:30,55,22,33,0,0,0
2024-09-06 14:45,59,23,36,0,0,0
2024-09-06 15:00,70,27,43,0,0,0
2024-09-06 15:15,86,48,38,0,0,0
2024-09-06 15:30,55,27,28,0,0,0
2024-09-06 15:45,108,55,53,0,0,0
2024-09-06 16:00,43,21,22,0,0,0
2024-09-06 16:15,59,25,34,0,0,0
2024-09-06 16:30,61,35,26,0,0,0
2024-09-06 16:45,66,38,28,0,0,0
2024-09-06 17:00,60,29,31,0,0,0
2024-09-06 17:15,56,21,35,0,0,0
2024-09-06 17:30,46,23,23,0,0,0
2024-09-06 17:45,57,29,28,0,0,0
2024-09-06 18:00,44,16,28,0,0,0
2024-09-06 18:15,41,23,18,0,0,0
2024-09-06 18:30,56,20,36,0,0,0
2024-09-06 18:45,48,20,28,0,0,0
2024-09-06 19:00,48,14,34,0,0,0
2024-09-06 19:15,45,24,21,0,0,0
2024-09-06 19:30,31,15,16,0,0,0
2024-09-06 19:45,46,22,24,0,0,0
2024-09-06 20:00,32,10,22,0,0,0
2024-09-06 20:15,33,11,22,0,0,0
2024-09-06 20:30,20,8,12,0,0,0
2024-09-06 20:45,23,7,16,0,0,0
2024-09-06 21:00,20,13,7,0,0,0
2024-09-06 21:15,21,3,18,0,0,0
2024-09-06 21:30,28,8,20,0,0,0
2024-09-06 21:45,22,5,17,0,0,0
2024-09-06 22:00,15,7,8,0,0,0
2024-09-06 22:15,13,3,10,0,0,0
2024-09-06 22:30,13,4,9,0,0,0
2024-09-06 22:45,11,0,11,0,0,0
2024-09-06 23:00,17,5,12,0,0,0
2024-09-06 23:15,12,4,8,0,0,0
2024-09-06 23:30,21,5,16,0,0,0
2024-09-06 23:45,16,3,13,0,0,0
2024-09-07 00:00,14,6,8,0,0,0
2024-09-07 00:15,16,3,13,0,0,0
2024-09-07 00:30,6,2,4,0,0,0
2024-09-07 00:45,3,1,2,0,0,0
2024-09-07 01:00,4,2,2,0,0,0
2024-09-07 01:15,6,3,3,0,0,0
2024-09-07 01:30,9,3,6,0,0,0
2024-09-07 01:45,2,1,1,0,0,0
2024-09-07 02:00,9,1,8,0,0,0
2024-09-07 02:15,3,0,3,0,0,0
2024-09-07 02:30,3,1,2,0,0,0
2024-09-07 02:45,7,0,7,0,0,0
2024-09-07 03:00,4,0,4,0,0,0
2024-09-07 03:15,3,2,1,0,0,0
2024-09-07 03:30,2,0,2,0,0,0
2024-09-07 03:45,2,2,0,0,0,0
2024-09-07 04:00,1,0,1,0,0,0
2024-09-07 04:15,1,0,1,0,0,0
2024-09-07 04:30,1,1,0,0,0,0
2024-09-07 04:45,1,1,0,0,0,0
2024-09-07 05:00,1,1,0,0,0,0
2024-09-07 05:15,2,2,0,0,0,0
2024-09-07 05:30,3,1,2,0,0,0
2024-09-07 05:45,1,1,0,0,0,0
2024-09-07 06:00,5,3,2,0,0,0
2024-09-07 06:15,4,0,4,0,0,0
2024-09-07 06:30,4,2,2,0,0,0
2024-09-07 06:45,11,8,3,0,0,0
2024-09-07 07:00,7,4,3,0,0,0
2024-09-07 07:15,6,5,1,0,0,0
2024-09-07 07:30,16,10,6,0,0,0
2024-09-07 07:45,16,8,8,0,0,0
2024-09-07 08:00,15,9,6,0,0,0
2024-09-07 08:15,12,6,6,0,0,0
2024-09-07 08:30,20,12,8,0,0,0
2024-09-07 08:45,42,30,12,0,0,0
2024-09-07 09:00,21,11,10,0,0,0
2024-09-07 09:15,25,14,11,0,0,0
2024-09-07 09:30,41,25,16,0,0,0
2024-09-07 09:45,47,38,9,0,0,0
2024-09-07 10:00,21,11,10,0,0,0
2024-09-07 10:15,31,24,7,0,0,0
2024-09-07 10:30,42,32,10,0,0,0
2024-09-07 10:45,35,25,10,0,0,0
2024-09-07 11:00,59,36,23,0,0,0
2024-09-07 11:15,58,43,15,0,0,0
2024-09-07 11:30,46,29,17,0,0,0
2024-09-07 11:45,53,30,23,0,0,0
2024-09-07 12:00,49,24,25,0,0,0
2024-09-07 12:15,49,23,26,0,0,0
2024-09-07 12:30,47,23,24,0,0,0
2024-09-07 12:45,49,22,27,0,0,0
2024-09-07 13:00,39,14,25,0,0,0
2024-09-07 13:15,56,28,28,0,0,0
2024-09-07 13:30,47,32,15,0,0,0
2024-09-07 13:45,61,25,36,0,0,0
2024-09-07 14:00,57,18,39,0,0,0
2024-09-07 14:15,55,31,24,0,0,0
2024-09-07 14:30,36,18,18,0,0,0
2024-09-07 14:45,54,27,27,0,0,0
2024-09-07 15:00,45,27,18,0,0,0
2024-09-07 15:15,43,18,25,0,0,0
2024-09-07 15:30,53,30,23,0,0,0
2024-09-07 15:45,35,14,21,0,0,0
2024-09-07 16:00,50,28,22,0,0,0
2024-09-07 16:15,63,36,27,0,0,0
2024-09-07 16:30,33,16,17,0,0,0
2024-09-07 16:45,54,35,19,0,0,0
2024-09-07 17:00,49,16,33,0,0,0
2024-09-07 17:15,29,18,11,0,0,0
2024-09-07 17:30,58,23,35,0,0,0
2024-09-07 17:45,62,21,41,0,0,0
2024-09-07 18:00,40,9,31,0,0,0
2024-09-07 18:15,79,44,35,0,0,0
2024-09-07 18:30,40,17,23,0,0,0
2024-09-07 18:45,48,24,24,0,0,0
2024-09-07 19:00,37,19,18,0,0,0
2024-09-07 19:15,40,28,12,0,0,0
2024-09-07 19:30,27,14,13,0,0,0
2024-09-07 19:45,37,25,12,0,0,0
2024-09-07 20:00,40,16,24,0,0,0
2024-09-07 20:15,33,20,13,0,0,0
2024-09-07 20:30,31,17,14,0,0,0
2024-09-07 20:45,31,17,14,0,0,0
2024-09-07 21:00,20,3,17,0,0,0
2024-09-07 21:15,20,8,12,0,0,0
2024-09-07 21:30,16,8,8,0,0,0
2024-09-07 21:45,15,6,9,0,0,0
2024-09-07 22:00,26,8,18,0,0,0
2024-09-07 22:15,28,10,18,0,0,0
2024-09-07 22:30,22,7,15,0,0,0
2024-09-07 22:45,22,6,16,0,0,0
2024-09-07 23:00,8,3,5,0,0,0
2024-09-07 23:15,12,1,11,0,0,0
2024-09-07 23:30,7,3,4,0,0,0
2024-09-07 23:45,21,6,15,0,0,0
2024-09-08 00:00,19,3,16,0,0,0
2024-09-08 00:15,9,3,6,0,0,0
2024-09-08 00:30,14,3,11,0,0,0
2024-09-08 00:45,8,0,8,0,0,0
2024-09-08 01:00,9,4,5,0,0,0
2024-09-08 01:15,8,2,6,0,0,0
2024-09-08 01:30,9,0,9,0,0,0
2024-09-08 01:45,10,1,9,0,0,0
2024-09-08 02:00,4,2,2,0,0,0
2024-09-08 02:15,8,0,8,0,0,0
2024-09-08 02:30,5,2,3,0,0,0
2024-09-08 02:45,3,0,3,0,0,0
2024-09-08 03:00,1,0,1,0,0,0
2024-09-08 03:15,3,0,3,0,0,0
2024-09-08 03:30,3,0,3,0,0,0
2024-09-08 03:45,7,1,6,0,0,0
2024-09-08 04:00,4,1,3,0,0,0
2024-09-08 04:15,2,0,2,0,0,0
2024-09-08 04:30,0,0,0,0,0,0
2024-09-08 04:45,3,1,2,0,0,0
2024-09-08 05:00,1,0,1,0,0,0
2024-09-08 05:15,1,0,1,0,0,0
2024-09-08 05:30,0,0,0,0,0,0
2024-09-08 05:45,2,0,2,0,0,0
2024-09-08 06:00,2,1,1,0,0,0
2024-09-08 06:15,6,4,2,0,0,0
2024-09-08 06:30,8,6,2,0,0,0
2024-09-08 06:45,6,5,1,0,0,0
2024-09-08 07:00,10,2,8,0,0,0
2024-09-08 07:15,3,2,1,0,0,0
2024-09-08 07:30,5,5,0,0,0,0
2024-09-08 07:45,21,17,4,0,0,0
2024-09-08 08:00,34,26,8,0,0,0
2024-09-08 08:15,33,31,2,0,0,0
2024-09-08 08:30,41,24,17,0,0,0
2024-09-08 08:45,32,25,7,0,0,0
2024-09-08 09:00,24,11,13,0,0,0
2024-09-08 09:15,22,13,9,0,0,0
2024-09-08 09:30,38,23,15,0,0,0
2024-09-08 09:45,33,20,13,0,0,0
2024-09-08 10:00,46,12,34,0,0,0
2024-09-08 10:15,109,21,88,0,0,0
2024-09-08 10:30,121,21,100,0,0,0
2024-09-08 10:45,68,19,49,0,0,0
2024-09-08 11:00,28,6,22,0,0,0
2024-09-08 11:15,4,3,1,0,0,0
2024-09-08 11:30,5,4,1,0,0,0
2024-09-08 11:45,12,9,3,0,0,0
2024-09-08 12:00,6,4,2,0,0,0
2024-09-08 12:15,6,6,0,0,0,0
2024-09-08 12:30,4,4,0,0,0,0
2024-09-08 12:45,1,1,0,0,0,0
2024-09-08 13:00,1,1,0,0,0,0
2024-09-08 13:15,2,2,0,0,0,0
2024-09-08 13:30,5,5,0,0,0,0
2024-09-08 13:45,9,8,1,0,0,0
2024-09-08 14:00,17,10,7,0,0,0
2024-09-08 14:15,24,10,14,0,0,0
2024-09-08 14:30,62,29,33,0,0,0
2024-09-08 14:45,64,28,36,0,0,0
2024-09-08 15:00,47,21,26,0,0,0
2024-09-08 15:15,74,22,52,0,0,0
2024-09-08 15:30,60,29,31,0,0,0
2024-09-08 15:45,57,16,41,0,0,0
2024-09-08 16:00,54,21,33,0,0,0
2024-09-08 16:15,39,14,25,0,0,0
2024-09-08 16:30,48,28,20,0,0,0
2024-09-08 16:45,51,19,32,0,0,0
2024-09-08 17:00,44,28,16,0,0,0
2024-09-08 17:15,31,12,19,0,0,0
2024-09-08 17:30,23,15,8,0,0,0
2024-09-08 17:45,42,22,20,0,0,0
2024-09-08 18:00,39,7,32,0,0,0
2024-09-08 18:15,40,16,24,0,0,0
2024-09-08 18:30,26,15,11,0,0,0
2024-09-08 18:45,39,21,18,0,0,0
2024-09-08 19:00,37,18,19,0,0,0
2024-09-08 19:15,41,18,23,0,0,0
2024-09-08 19:30,23,11,12,0,0,0
2024-09-08 19:45,43,16,27,0,0,0
2024-09-08 20:00,22,10,12,0,0,0
2024-09-08 20:15,14,5,9,0,0,0
2024-09-08 20:30,18,7,11,0,0,0
2024-09-08 20:45,13,5,8,0,0,0
2024-09-08 21:00,9,3,6,0,0,0
2024-09-08 21:15,23,6,17,0,0,0
2024-09-08 21:30,25,5,20,0,0,0
2024-09-08 21:45,14,3,11,0,0,0
2024-09-08 22:00,5,0,5,0,0,0
2024-09-08 22:15,4,0,4,0,0,0
2024-09-08 22:30,6,2,4,0,0,0
2024-09-08 22:45,7,1,6,0,0,0
2024-09-08 23:00,8,1,7,0,0,0
2024-09-08 23:15,14,1,13,0,0,0
2024-09-08 23:30,6,0,6,0,0,0
2024-09-08 23:45,5,0,5,0,0,0
