Datetime,100034980 (Hammer Straße),101034980 (Hammer Straße stadteinwärts),102034980 (Hammer Straße stadtauswärts),100034980-status,101034980-status,102034980-status
2023-04-01 00:00,14,5,9,0,0,0
2023-04-01 00:15,26,7,19,0,0,0
2023-04-01 00:30,37,13,24,0,0,0
2023-04-01 00:45,31,12,19,0,0,0
2023-04-01 01:00,23,14,9,0,0,0
2023-04-01 01:15,30,6,24,0,0,0
2023-04-01 01:30,23,7,16,0,0,0
2023-04-01 01:45,11,2,9,0,0,0
2023-04-01 02:00,24,5,19,0,0,0
2023-04-01 02:15,17,7,10,0,0,0
2023-04-01 02:30,9,1,8,0,0,0
2023-04-01 02:45,10,3,7,0,0,0
2023-04-01 03:00,7,1,6,0,0,0
2023-04-01 03:15,5,0,5,0,0,0
2023-04-01 03:30,7,3,4,0,0,0
2023-04-01 03:45,3,2,1,0,0,0
2023-04-01 04:00,6,0,6,0,0,0
2023-04-01 04:15,4,2,2,0,0,0
2023-04-01 04:30,5,2,3,0,0,0
2023-04-01 04:45,1,0,1,0,0,0
2023-04-01 05:00,6,1,5,0,0,0
2023-04-01 05:15,5,5,0,0,0,0
2023-04-01 05:30,13,5,8,0,0,0
2023-04-01 05:45,4,2,2,0,0,0
2023-04-01 06:00,4,1,3,0,0,0
2023-04-01 06:15,6,3,3,0,0,0
2023-04-01 06:30,8,6,2,0,0,0
2023-04-01 06:45,7,5,2,0,0,0
2023-04-01 07:00,6,4,2,0,0,0
2023-04-01 07:15,8,3,5,0,0,0
2023-04-01 07:30,5,4,1,0,0,0
2023-04-01 07:45,25,11,14,0,0,0
2023-04-01 08:00,10,7,3,0,0,0
2023-04-01 08:15,16,10,6,0,0,0
2023-04-01 08:30,18,15,3,0,0,0
2023-04-01 08:45,31,23,8,0,0,0
2023-04-01 09:00,35,25,10,0,0,0
2023-04-01 09:15,30,16,14,0,0,0
2023-04-01 09:30,52,32,20,0,0,0
2023-04-01 09:45,75,55,20,0,0,0
2023-04-01 10:00,50,29,21,0,0,0
2023-04-01 10:15,50,31,19,0,0,0
2023-04-01 10:30,54,35,19,0,0,0
2023-04-01 10:45,66,44,22,0,0,0
2023-04-01 11:00,63,35,28,0,0,0
2023-04-01 11:15,71,34,37,0,0,0
2023-04-01 11:30,72,40,32,0,0,0
2023-04-01 11:45,79,47,32,0,0,0
2023-04-01 12:00,69,34,35,0,0,0
2023-04-01 12:15,73,36,37,0,0,0
2023-04-01 12:30,64,31,33,0,0,0
2023-04-01 12:45,75,29,46,0,0,0
2023-04-01 13:00,77,49,28,0,0,0
2023-04-01 13:15,92,50,42,0,0,0
2023-04-01 13:30,76,41,35,0,0,0
2023-04-01 13:45,81,43,38,0,0,0
2023-04-01 14:00,76,38,38,0,0,0
2023-04-01 14:15,81,43,38,0,0,0
2023-04-01 14:30,81,33,48,0,0,0
2023-04-01 14:45,86,30,56,0,0,0
2023-04-01 15:00,66,27,39,0,0,0
2023-04-01 15:15,52,21,31,0,0,0
2023-04-01 15:30,79,21,58,0,0,0
2023-04-01 15:45,73,31,42,0,0,0
2023-04-01 16:00,49,20,29,0,0,0
2023-04-01 16:15,83,25,58,0,0,0
2023-04-01 16:30,72,34,38,0,0,0
2023-04-01 16:45,68,28,40,0,0,0
2023-04-01 17:00,62,27,35,0,0,0
2023-04-01 17:15,63,31,32,0,0,0
2023-04-01 17:30,62,25,37,0,0,0
2023-04-01 17:45,89,39,50,0,0,0
2023-04-01 18:00,83,37,46,0,0,0
2023-04-01 18:15,73,33,40,0,0,0
2023-04-01 18:30,60,27,33,0,0,0
2023-04-01 18:45,46,20,26,0,0,0
2023-04-01 19:00,71,34,37,0,0,0
2023-04-01 19:15,49,18,31,0,0,0
2023-04-01 19:30,23,12,11,0,0,0
2023-04-01 19:45,62,20,42,0,0,0
2023-04-01 20:00,49,22,27,0,0,0
2023-04-01 20:15,60,32,28,0,0,0
2023-04-01 20:30,45,24,21,0,0,0
2023-04-01 20:45,40,16,24,0,0,0
2023-04-01 21:00,34,19,15,0,0,0
2023-04-01 21:15,41,18,23,0,0,0
2023-04-01 21:30,35,15,20,0,0,0
2023-04-01 21:45,30,1,29,0,0,0
2023-04-01 22:00,35,20,15,0,0,0
2023-04-01 22:15,41,9,32,0,0,0
2023-04-01 22:30,39,11,28,0,0,0
2023-04-01 22:45,21,7,14,0,0,0
2023-04-01 23:00,25,7,18,0,0,0
2023-04-01 23:15,22,12,10,0,0,0
2023-04-01 23:30,32,17,15,0,0,0
2023-04-01 23:45,26,10,16,0,0,0
2023-04-02 00:00,21,1,20,0,0,0
2023-04-02 00:15,28,5,23,0,0,0
2023-04-02 00:30,20,6,14,0,0,0
2023-04-02 00:45,20,7,13,0,0,0
2023-04-02 01:00,25,10,15,0,0,0
2023-04-02 01:15,11,5,6,0,0,0
2023-04-02 01:30,15,11,4,0,0,0
2023-04-02 01:45,21,10,11,0,0,0
2023-04-02 02:00,9,7,2,0,0,0
2023-04-02 02:15,19,2,17,0,0,0
2023-04-02 02:30,15,8,7,0,0,0
2023-04-02 02:45,12,1,11,0,0,0
2023-04-02 03:00,12,3,9,0,0,0
2023-04-02 03:15,12,4,8,0,0,0
2023-04-02 03:30,10,4,6,0,0,0
2023-04-02 03:45,4,1,3,0,0,0
2023-04-02 04:00,12,1,11,0,0,0
2023-04-02 04:15,2,0,2,0,0,0
2023-04-02 04:30,2,0,2,0,0,0
2023-04-02 04:45,2,1,1,0,0,0
2023-04-02 05:00,2,2,0,0,0,0
2023-04-02 05:15,2,1,1,0,0,0
2023-04-02 05:30,7,2,5,0,0,0
2023-04-02 05:45,4,4,0,0,0,0
2023-04-02 06:00,4,4,0,0,0,0
2023-04-02 06:15,2,0,2,0,0,0
2023-04-02 06:30,6,3,3,0,0,0
2023-04-02 06:45,4,4,0,0,0,0
2023-04-02 07:00,3,2,1,0,0,0
2023-04-02 07:15,7,3,4,0,0,0
2023-04-02 07:30,6,2,4,0,0,0
2023-04-02 07:45,8,4,4,0,0,0
2023-04-02 08:00,2,0,2,0,0,0
2023-04-02 08:15,2,0,2,0,0,0
2023-04-02 08:30,13,9,4,0,0,0
2023-04-02 08:45,17,12,5,0,0,0
2023-04-02 09:00,18,10,8,0,0,0
2023-04-02 09:15,20,15,5,0,0,0
2023-04-02 09:30,28,12,16,0,0,0
2023-04-02 09:45,41,30,11,0,0,0
2023-04-02 10:00,26,15,11,0,0,0
2023-04-02 10:15,31,20,11,0,0,0
2023-04-02 10:30,29,17,12,0,0,0
2023-04-02 10:45,37,22,15,0,0,0
2023-04-02 11:00,25,14,11,0,0,0
2023-04-02 11:15,50,23,27,0,0,0
2023-04-02 11:30,53,22,31,0,0,0
2023-04-02 11:45,39,21,18,0,0,0
2023-04-02 12:00,49,26,23,0,0,0
2023-04-02 12:15,44,25,19,0,0,0
2023-04-02 12:30,51,21,30,0,0,0
2023-04-02 12:45,63,29,34,0,0,0
2023-04-02 13:00,44,22,22,0,0,0
2023-04-02 13:15,65,33,32,0,0,0
2023-04-02 13:30,47,25,22,0,0,0
2023-04-02 13:45,85,40,45,0,0,0
2023-04-02 14:00,57,33,24,0,0,0
2023-04-02 14:15,61,29,32,0,0,0
2023-04-02 14:30,59,34,25,0,0,0
2023-04-02 14:45,81,45,36,0,0,0
2023-04-02 15:00,53,26,27,0,0,0
2023-04-02 15:15,80,32,48,0,0,0
2023-04-02 15:30,60,28,32,0,0,0
2023-04-02 15:45,68,32,36,0,0,0
2023-04-02 16:00,68,33,35,0,0,0
2023-04-02 16:15,74,33,41,0,0,0
2023-04-02 16:30,54,32,22,0,0,0
2023-04-02 16:45,83,38,45,0,0,0
2023-04-02 17:00,92,21,71,0,0,0
2023-04-02 17:15,124,25,99,0,0,0
2023-04-02 17:30,122,37,85,0,0,0
2023-04-02 17:45,76,35,41,0,0,0
2023-04-02 18:00,62,25,37,0,0,0
2023-04-02 18:15,73,23,50,0,0,0
2023-04-02 18:30,67,21,46,0,0,0
2023-04-02 18:45,66,24,42,0,0,0
2023-04-02 19:00,57,21,36,0,0,0
2023-04-02 19:15,55,25,30,0,0,0
2023-04-02 19:30,61,30,31,0,0,0
2023-04-02 19:45,56,17,39,0,0,0
2023-04-02 20:00,88,39,49,0,0,0
2023-04-02 20:15,162,127,35,0,0,0
2023-04-02 20:30,53,25,28,0,0,0
2023-04-02 20:45,28,18,10,0,0,0
2023-04-02 21:00,20,8,12,0,0,0
2023-04-02 21:15,22,6,16,0,0,0
2023-04-02 21:30,43,21,22,0,0,0
2023-04-02 21:45,40,21,19,0,0,0
2023-04-02 22:00,34,10,24,0,0,0
2023-04-02 22:15,27,11,16,0,0,0
2023-04-02 22:30,24,5,19,0,0,0
2023-04-02 22:45,8,1,7,0,0,0
2023-04-02 23:00,13,8,5,0,0,0
2023-04-02 23:15,8,4,4,0,0,0
2023-04-02 23:30,9,0,9,0,0,0
2023-04-02 23:45,5,1,4,0,0,0
2023-04-03 00:00,6,1,5,0,0,0
2023-04-03 00:15,8,1,7,0,0,0
2023-04-03 00:30,6,3,3,0,0,0
2023-04-03 00:45,3,2,1,0,0,0
2023-04-03 01:00,2,0,2,0,0,0
2023-04-03 01:15,4,0,4,0,0,0
2023-04-03 01:30,0,0,0,0,0,0
2023-04-03 01:45,0,0,0,0,0,0
2023-04-03 02:00,0,0,0,0,0,0
2023-04-03 02:15,0,0,0,0,0,0
2023-04-03 02:30,0,0,0,0,0,0
2023-04-03 02:45,0,0,0,0,0,0
2023-04-03 03:00,0,0,0,0,0,0
2023-04-03 03:15,1,0,1,0,0,0
2023-04-03 03:30,0,0,0,0,0,0
2023-04-03 03:45,2,2,0,0,0,0
2023-04-03 04:00,2,1,1,0,0,0
2023-04-03 04:15,1,1,0,0,0,0
2023-04-03 04:30,0,0,0,0,0,0
2023-04-03 04:45,3,3,0,0,0,0
2023-04-03 05:00,3,3,0,0,0,0
2023-04-03 05:15,4,3,1,0,0,0
2023-04-03 05:30,21,17,4,0,0,0
2023-04-03 05:45,22,15,7,0,0,0
2023-04-03 06:00,20,16,4,0,0,0
2023-04-03 06:15,26,20,6,0,0,0
2023-04-03 06:30,42,30,12,0,0,0
2023-04-03 06:45,56,40,16,0,0,0
2023-04-03 07:00,76,37,39,0,0,0
2023-04-03 07:15,76,48,28,0,0,0
2023-04-03 07:30,122,80,42,0,0,0
2023-04-03 07:45,141,101,40,0,0,0
2023-04-03 08:00,121,85,36,0,0,0
2023-04-03 08:15,131,76,55,0,0,0
2023-04-03 08:30,115,70,45,0,0,0
2023-04-03 08:45,113,73,40,0,0,0
2023-04-03 09:00,107,67,40,0,0,0
2023-04-03 09:15,95,61,34,0,0,0
2023-04-03 09:30,95,72,23,0,0,0
2023-04-03 09:45,122,85,37,0,0,0
2023-04-03 10:00,92,67,25,0,0,0
2023-04-03 10:15,98,63,35,0,0,0
2023-04-03 10:30,97,51,46,0,0,0
2023-04-03 10:45,111,59,52,0,0,0
2023-04-03 11:00,104,63,41,0,0,0
2023-04-03 11:15,116,52,64,0,0,0
2023-04-03 11:30,110,54,56,0,0,0
2023-04-03 11:45,170,99,71,0,0,0
2023-04-03 12:00,121,62,59,0,0,0
2023-04-03 12:15,140,61,79,0,0,0
2023-04-03 12:30,132,61,71,0,0,0
2023-04-03 12:45,125,49,76,0,0,0
2023-04-03 13:00,114,58,56,0,0,0
2023-04-03 13:15,108,48,60,0,0,0
2023-04-03 13:30,119,54,65,0,0,0
2023-04-03 13:45,141,63,78,0,0,0
2023-04-03 14:00,128,53,75,0,0,0
2023-04-03 14:15,146,62,84,0,0,0
2023-04-03 14:30,114,43,71,0,0,0
2023-04-03 14:45,156,77,79,0,0,0
2023-04-03 15:00,114,53,61,0,0,0
2023-04-03 15:15,125,49,76,0,0,0
2023-04-03 15:30,145,61,84,0,0,0
2023-04-03 15:45,204,86,118,0,0,0
2023-04-03 16:00,163,55,108,0,0,0
2023-04-03 16:15,157,64,93,0,0,0
2023-04-03 16:30,190,67,123,0,0,0
2023-04-03 16:45,201,83,118,0,0,0
2023-04-03 17:00,161,63,98,0,0,0
2023-04-03 17:15,210,95,115,0,0,0
2023-04-03 17:30,188,58,130,0,0,0
2023-04-03 17:45,161,59,102,0,0,0
2023-04-03 18:00,178,70,108,0,0,0
2023-04-03 18:15,189,60,129,0,0,0
2023-04-03 18:30,147,48,99,0,0,0
2023-04-03 18:45,149,54,95,0,0,0
2023-04-03 19:00,126,42,84,0,0,0
2023-04-03 19:15,93,20,73,0,0,0
2023-04-03 19:30,88,37,51,0,0,0
2023-04-03 19:45,120,41,79,0,0,0
2023-04-03 20:00,73,28,45,0,0,0
2023-04-03 20:15,62,20,42,0,0,0
2023-04-03 20:30,48,15,33,0,0,0
2023-04-03 20:45,56,25,31,0,0,0
2023-04-03 21:00,38,10,28,0,0,0
2023-04-03 21:15,46,20,26,0,0,0
2023-04-03 21:30,48,14,34,0,0,0
2023-04-03 21:45,49,10,39,0,0,0
2023-04-03 22:00,42,13,29,0,0,0
2023-04-03 22:15,40,16,24,0,0,0
2023-04-03 22:30,56,17,39,0,0,0
2023-04-03 22:45,37,11,26,0,0,0
2023-04-03 23:00,16,1,15,0,0,0
2023-04-03 23:15,19,3,16,0,0,0
2023-04-03 23:30,13,2,11,0,0,0
2023-04-03 23:45,15,4,11,0,0,0
2023-04-04 00:00,10,2,8,0,0,0
2023-04-04 00:15,8,2,6,0,0,0
2023-04-04 00:30,12,1,11,0,0,0
2023-04-04 00:45,2,0,2,0,0,0
2023-04-04 01:00,9,5,4,0,0,0
2023-04-04 01:15,0,0,0,0,0,0
2023-04-04 01:30,3,3,0,0,0,0
2023-04-04 01:45,6,2,4,0,0,0
2023-04-04 02:00,3,1,2,0,0,0
2023-04-04 02:15,2,0,2,0,0,0
2023-04-04 02:30,0,0,0,0,0,0
2023-04-04 02:45,0,0,0,0,0,0
2023-04-04 03:00,1,0,1,0,0,0
2023-04-04 03:15,3,3,0,0,0,0
2023-04-04 03:30,2,0,2,0,0,0
2023-04-04 03:45,3,3,0,0,0,0
2023-04-04 04:00,1,1,0,0,0,0
2023-04-04 04:15,1,0,1,0,0,0
2023-04-04 04:30,3,1,2,0,0,0
2023-04-04 04:45,1,1,0,0,0,0
2023-04-04 05:00,5,5,0,0,0,0
2023-04-04 05:15,5,4,1,0,0,0
2023-04-04 05:30,18,7,11,0,0,0
2023-04-04 05:45,22,19,3,0,0,0
2023-04-04 06:00,18,14,4,0,0,0
2023-04-04 06:15,25,22,3,0,0,0
2023-04-04 06:30,44,24,20,0,0,0
2023-04-04 06:45,51,32,19,0,0,0
2023-04-04 07:00,62,35,27,0,0,0
2023-04-04 07:15,87,58,29,0,0,0
2023-04-04 07:30,117,75,42,0,0,0
2023-04-04 07:45,150,100,50,0,0,0
2023-04-04 08:00,118,79,39,0,0,0
2023-04-04 08:15,108,66,42,0,0,0
2023-04-04 08:30,126,79,47,0,0,0
2023-04-04 08:45,122,89,33,0,0,0
2023-04-04 09:00,79,56,23,0,0,0
2023-04-04 09:15,65,37,28,0,0,0
2023-04-04 09:30,79,59,20,0,0,0
2023-04-04 09:45,119,81,38,0,0,0
2023-04-04 10:00,84,56,28,0,0,0
2023-04-04 10:15,77,42,35,0,0,0
2023-04-04 10:30,104,57,47,0,0,0
2023-04-04 10:45,108,67,41,0,0,0
2023-04-04 11:00,97,51,46,0,0,0
2023-04-04 11:15,110,61,49,0,0,0
2023-04-04 11:30,125,53,72,0,0,0
2023-04-04 11:45,140,81,59,0,0,0
2023-04-04 12:00,130,59,71,0,0,0
2023-04-04 12:15,103,47,56,0,0,0
2023-04-04 12:30,124,74,50,0,0,0
2023-04-04 12:45,144,59,85,0,0,0
2023-04-04 13:00,124,49,75,0,0,0
2023-04-04 13:15,125,65,60,0,0,0
2023-04-04 13:30,122,64,58,0,0,0
2023-04-04 13:45,142,63,79,0,0,0
2023-04-04 14:00,145,74,71,0,0,0
2023-04-04 14:15,165,81,84,0,0,0
2023-04-04 14:30,120,54,66,0,0,0
2023-04-04 14:45,143,64,79,0,0,0
2023-04-04 15:00,148,67,81,0,0,0
2023-04-04 15:15,155,65,90,0,0,0
2023-04-04 15:30,167,72,95,0,0,0
2023-04-04 15:45,159,71,88,0,0,0
2023-04-04 16:00,196,70,126,0,0,0
2023-04-04 16:15,169,66,103,0,0,0
2023-04-04 16:30,161,58,103,0,0,0
2023-04-04 16:45,192,97,95,0,0,0
2023-04-04 17:00,178,73,105,0,0,0
2023-04-04 17:15,201,75,126,0,0,0
2023-04-04 17:30,179,80,99,0,0,0
2023-04-04 17:45,233,83,150,0,0,0
2023-04-04 18:00,208,74,134,0,0,0
2023-04-04 18:15,151,63,88,0,0,0
2023-04-04 18:30,155,58,97,0,0,0
2023-04-04 18:45,141,60,81,0,0,0
2023-04-04 19:00,122,50,72,0,0,0
2023-04-04 19:15,145,53,92,0,0,0
2023-04-04 19:30,97,31,66,0,0,0
2023-04-04 19:45,114,42,72,0,0,0
2023-04-04 20:00,101,43,58,0,0,0
2023-04-04 20:15,79,23,56,0,0,0
2023-04-04 20:30,67,22,45,0,0,0
2023-04-04 20:45,44,17,27,0,0,0
2023-04-04 21:00,82,27,55,0,0,0
2023-04-04 21:15,55,16,39,0,0,0
2023-04-04 21:30,52,30,22,0,0,0
2023-04-04 21:45,53,18,35,0,0,0
2023-04-04 22:00,53,21,32,0,0,0
2023-04-04 22:15,48,9,39,0,0,0
2023-04-04 22:30,53,14,39,0,0,0
2023-04-04 22:45,52,22,30,0,0,0
2023-04-04 23:00,42,11,31,0,0,0
2023-04-04 23:15,24,9,15,0,0,0
2023-04-04 23:30,25,10,15,0,0,0
2023-04-04 23:45,30,19,11,0,0,0
2023-04-05 00:00,13,1,12,0,0,0
2023-04-05 00:15,11,4,7,0,0,0
2023-04-05 00:30,9,4,5,0,0,0
2023-04-05 00:45,16,6,10,0,0,0
2023-04-05 01:00,7,3,4,0,0,0
2023-04-05 01:15,6,2,4,0,0,0
2023-04-05 01:30,3,0,3,0,0,0
2023-04-05 01:45,3,0,3,0,0,0
2023-04-05 02:00,6,0,6,0,0,0
2023-04-05 02:15,5,1,4,0,0,0
2023-04-05 02:30,4,0,4,0,0,0
2023-04-05 02:45,4,0,4,0,0,0
2023-04-05 03:00,0,0,0,0,0,0
2023-04-05 03:15,0,0,0,0,0,0
2023-04-05 03:30,4,0,4,0,0,0
2023-04-05 03:45,0,0,0,0,0,0
2023-04-05 04:00,5,3,2,0,0,0
2023-04-05 04:15,1,0,1,0,0,0
2023-04-05 04:30,2,1,1,0,0,0
2023-04-05 04:45,7,3,4,0,0,0
2023-04-05 05:00,5,5,0,0,0,0
2023-04-05 05:15,8,1,7,0,0,0
2023-04-05 05:30,17,10,7,0,0,0
2023-04-05 05:45,20,15,5,0,0,0
2023-04-05 06:00,31,23,8,0,0,0
2023-04-05 06:15,25,21,4,0,0,0
2023-04-05 06:30,50,32,18,0,0,0
2023-04-05 06:45,57,32,25,0,0,0
2023-04-05 07:00,70,43,27,0,0,0
2023-04-05 07:15,86,57,29,0,0,0
2023-04-05 07:30,114,72,42,0,0,0
2023-04-05 07:45,153,103,50,0,0,0
2023-04-05 08:00,112,74,38,0,0,0
2023-04-05 08:15,139,87,52,0,0,0
2023-04-05 08:30,99,62,37,0,0,0
2023-04-05 08:45,145,93,52,0,0,0
2023-04-05 09:00,100,71,29,0,0,0
2023-04-05 09:15,81,54,27,0,0,0
2023-04-05 09:30,101,77,24,0,0,0
2023-04-05 09:45,147,112,35,0,0,0
2023-04-05 10:00,140,91,49,0,0,0
2023-04-05 10:15,101,55,46,0,0,0
2023-04-05 10:30,91,58,33,0,0,0
2023-04-05 10:45,116,67,49,0,0,0
2023-04-05 11:00,112,67,45,0,0,0
2023-04-05 11:15,123,61,62,0,0,0
2023-04-05 11:30,127,66,61,0,0,0
2023-04-05 11:45,146,81,65,0,0,0
2023-04-05 12:00,171,81,90,0,0,0
2023-04-05 12:15,142,77,65,0,0,0
2023-04-05 12:30,156,72,84,0,0,0
2023-04-05 12:45,139,67,72,0,0,0
2023-04-05 13:00,164,72,92,0,0,0
2023-04-05 13:15,171,82,89,0,0,0
2023-04-05 13:30,124,59,65,0,0,0
2023-04-05 13:45,150,61,89,0,0,0
2023-04-05 14:00,146,53,93,0,0,0
2023-04-05 14:15,139,49,90,0,0,0
2023-04-05 14:30,123,36,87,0,0,0
2023-04-05 14:45,173,72,101,0,0,0
2023-04-05 15:00,138,47,91,0,0,0
2023-04-05 15:15,172,79,93,0,0,0
2023-04-05 15:30,155,74,81,0,0,0
2023-04-05 15:45,172,66,106,0,0,0
2023-04-05 16:00,165,67,98,0,0,0
2023-04-05 16:15,172,73,99,0,0,0
2023-04-05 16:30,145,66,79,0,0,0
2023-04-05 16:45,175,81,94,0,0,0
2023-04-05 17:00,198,85,113,0,0,0
2023-04-05 17:15,207,88,119,0,0,0
2023-04-05 17:30,177,75,102,0,0,0
2023-04-05 17:45,181,70,111,0,0,0
2023-04-05 18:00,149,55,94,0,0,0
2023-04-05 18:15,177,67,110,0,0,0
2023-04-05 18:30,124,59,65,0,0,0
2023-04-05 18:45,144,72,72,0,0,0
2023-04-05 19:00,147,61,86,0,0,0
2023-04-05 19:15,127,54,73,0,0,0
2023-04-05 19:30,101,49,52,0,0,0
2023-04-05 19:45,101,48,53,0,0,0
2023-04-05 20:00,94,29,65,0,0,0
2023-04-05 20:15,77,26,51,0,0,0
2023-04-05 20:30,77,23,54,0,0,0
2023-04-05 20:45,66,20,46,0,0,0
2023-04-05 21:00,48,21,27,0,0,0
2023-04-05 21:15,45,14,31,0,0,0
2023-04-05 21:30,45,13,32,0,0,0
2023-04-05 21:45,60,14,46,0,0,0
2023-04-05 22:00,51,12,39,0,0,0
2023-04-05 22:15,53,25,28,0,0,0
2023-04-05 22:30,47,15,32,0,0,0
2023-04-05 22:45,49,28,21,0,0,0
2023-04-05 23:00,40,16,24,0,0,0
2023-04-05 23:15,21,9,12,0,0,0
2023-04-05 23:30,35,20,15,0,0,0
2023-04-05 23:45,23,14,9,0,0,0
2023-04-06 00:00,24,9,15,0,0,0
2023-04-06 00:15,13,3,10,0,0,0
2023-04-06 00:30,11,4,7,0,0,0
2023-04-06 00:45,9,0,9,0,0,0
2023-04-06 01:00,9,4,5,0,0,0
2023-04-06 01:15,8,1,7,0,0,0
2023-04-06 01:30,7,1,6,0,0,0
2023-04-06 01:45,7,0,7,0,0,0
2023-04-06 02:00,8,0,8,0,0,0
2023-04-06 02:15,9,1,8,0,0,0
2023-04-06 02:30,5,3,2,0,0,0
2023-04-06 02:45,9,1,8,0,0,0
2023-04-06 03:00,6,1,5,0,0,0
2023-04-06 03:15,2,2,0,0,0,0
2023-04-06 03:30,1,0,1,0,0,0
2023-04-06 03:45,2,1,1,0,0,0
2023-04-06 04:00,3,3,0,0,0,0
2023-04-06 04:15,3,0,3,0,0,0
2023-04-06 04:30,2,2,0,0,0,0
2023-04-06 04:45,5,2,3,0,0,0
2023-04-06 05:00,5,4,1,0,0,0
2023-04-06 05:15,8,3,5,0,0,0
2023-04-06 05:30,19,12,7,0,0,0
2023-04-06 05:45,14,9,5,0,0,0
2023-04-06 06:00,20,15,5,0,0,0
2023-04-06 06:15,29,17,12,0,0,0
2023-04-06 06:30,35,22,13,0,0,0
2023-04-06 06:45,46,25,21,0,0,0
2023-04-06 07:00,62,36,26,0,0,0
2023-04-06 07:15,59,47,12,0,0,0
2023-04-06 07:30,94,64,30,0,0,0
2023-04-06 07:45,121,80,41,0,0,0
2023-04-06 08:00,85,57,28,0,0,0
2023-04-06 08:15,105,65,40,0,0,0
2023-04-06 08:30,92,58,34,0,0,0
2023-04-06 08:45,119,89,30,0,0,0
2023-04-06 09:00,83,62,21,0,0,0
2023-04-06 09:15,79,52,27,0,0,0
2023-04-06 09:30,99,60,39,0,0,0
2023-04-06 09:45,119,88,31,0,0,0
2023-04-06 10:00,110,70,40,0,0,0
2023-04-06 10:15,83,48,35,0,0,0
2023-04-06 10:30,99,61,38,0,0,0
2023-04-06 10:45,106,62,44,0,0,0
2023-04-06 11:00,106,54,52,0,0,0
2023-04-06 11:15,105,58,47,0,0,0
2023-04-06 11:30,130,70,60,0,0,0
2023-04-06 11:45,140,61,79,0,0,0
2023-04-06 12:00,140,60,80,0,0,0
2023-04-06 12:15,131,65,66,0,0,0
2023-04-06 12:30,102,45,57,0,0,0
2023-04-06 12:45,123,63,60,0,0,0
2023-04-06 13:00,121,45,76,0,0,0
2023-04-06 13:15,142,57,85,0,0,0
2023-04-06 13:30,122,64,58,0,0,0
2023-04-06 13:45,177,91,86,0,0,0
2023-04-06 14:00,113,51,62,0,0,0
2023-04-06 14:15,151,59,92,0,0,0
2023-04-06 14:30,141,59,82,0,0,0
2023-04-06 14:45,174,80,94,0,0,0
2023-04-06 15:00,139,59,80,0,0,0
2023-04-06 15:15,160,65,95,0,0,0
2023-04-06 15:30,136,59,77,0,0,0
2023-04-06 15:45,153,71,82,0,0,0
2023-04-06 16:00,167,73,94,0,0,0
2023-04-06 16:15,203,83,120,0,0,0
2023-04-06 16:30,172,78,94,0,0,0
2023-04-06 16:45,177,67,110,0,0,0
2023-04-06 17:00,145,56,89,0,0,0
2023-04-06 17:15,153,63,90,0,0,0
2023-04-06 17:30,184,52,132,0,0,0
2023-04-06 17:45,169,81,88,0,0,0
2023-04-06 18:00,136,50,86,0,0,0
2023-04-06 18:15,129,49,80,0,0,0
2023-04-06 18:30,106,35,71,0,0,0
2023-04-06 18:45,136,63,73,0,0,0
2023-04-06 19:00,128,42,86,0,0,0
2023-04-06 19:15,127,45,82,0,0,0
2023-04-06 19:30,88,32,56,0,0,0
2023-04-06 19:45,90,32,58,0,0,0
2023-04-06 20:00,74,27,47,0,0,0
2023-04-06 20:15,59,25,34,0,0,0
2023-04-06 20:30,40,15,25,0,0,0
2023-04-06 20:45,33,14,19,0,0,0
2023-04-06 21:00,30,11,19,0,0,0
2023-04-06 21:15,47,17,30,0,0,0
2023-04-06 21:30,43,16,27,0,0,0
2023-04-06 21:45,43,19,24,0,0,0
2023-04-06 22:00,43,13,30,0,0,0
2023-04-06 22:15,46,14,32,0,0,0
2023-04-06 22:30,34,9,25,0,0,0
2023-04-06 22:45,33,16,17,0,0,0
2023-04-06 23:00,38,13,25,0,0,0
2023-04-06 23:15,28,5,23,0,0,0
2023-04-06 23:30,29,9,20,0,0,0
2023-04-06 23:45,15,3,12,0,0,0
2023-04-07 00:00,16,4,12,0,0,0
2023-04-07 00:15,19,5,14,0,0,0
2023-04-07 00:30,12,3,9,0,0,0
2023-04-07 00:45,14,4,10,0,0,0
2023-04-07 01:00,12,7,5,0,0,0
2023-04-07 01:15,10,3,7,0,0,0
2023-04-07 01:30,3,1,2,0,0,0
2023-04-07 01:45,15,7,8,0,0,0
2023-04-07 02:00,5,1,4,0,0,0
2023-04-07 02:15,15,4,11,0,0,0
2023-04-07 02:30,7,4,3,0,0,0
2023-04-07 02:45,4,0,4,0,0,0
2023-04-07 03:00,2,1,1,0,0,0
2023-04-07 03:15,7,2,5,0,0,0
2023-04-07 03:30,0,0,0,0,0,0
2023-04-07 03:45,8,3,5,0,0,0
2023-04-07 04:00,1,0,1,0,0,0
2023-04-07 04:15,1,0,1,0,0,0
2023-04-07 04:30,4,1,3,0,0,0
2023-04-07 04:45,0,0,0,0,0,0
2023-04-07 05:00,2,1,1,0,0,0
2023-04-07 05:15,3,2,1,0,0,0
2023-04-07 05:30,5,5,0,0,0,0
2023-04-07 05:45,6,4,2,0,0,0
2023-04-07 06:00,6,4,2,0,0,0
2023-04-07 06:15,8,5,3,0,0,0
2023-04-07 06:30,2,2,0,0,0,0
2023-04-07 06:45,5,3,2,0,0,0
2023-04-07 07:00,4,4,0,0,0,0
2023-04-07 07:15,1,0,1,0,0,0
2023-04-07 07:30,6,4,2,0,0,0
2023-04-07 07:45,5,4,1,0,0,0
2023-04-07 08:00,11,6,5,0,0,0
2023-04-07 08:15,9,4,5,0,0,0
2023-04-07 08:30,7,3,4,0,0,0
2023-04-07 08:45,18,8,10,0,0,0
2023-04-07 09:00,6,3,3,0,0,0
2023-04-07 09:15,14,5,9,0,0,0
2023-04-07 09:30,13,9,4,0,0,0
2023-04-07 09:45,25,15,10,0,0,0
2023-04-07 10:00,20,10,10,0,0,0
2023-04-07 10:15,17,8,9,0,0,0
2023-04-07 10:30,26,11,15,0,0,0
2023-04-07 10:45,12,6,6,0,0,0
2023-04-07 11:00,20,8,12,0,0,0
2023-04-07 11:15,15,4,11,0,0,0
2023-04-07 11:30,25,18,7,0,0,0
2023-04-07 11:45,17,2,15,0,0,0
2023-04-07 12:00,26,13,13,0,0,0
2023-04-07 12:15,31,14,17,0,0,0
2023-04-07 12:30,21,10,11,0,0,0
2023-04-07 12:45,28,13,15,0,0,0
2023-04-07 13:00,35,10,25,0,0,0
2023-04-07 13:15,34,10,24,0,0,0
2023-04-07 13:30,27,15,12,0,0,0
2023-04-07 13:45,45,22,23,0,0,0
2023-04-07 14:00,27,13,14,0,0,0
2023-04-07 14:15,31,19,12,0,0,0
2023-04-07 14:30,53,26,27,0,0,0
2023-04-07 14:45,50,24,26,0,0,0
2023-04-07 15:00,40,17,23,0,0,0
2023-04-07 15:15,29,18,11,0,0,0
2023-04-07 15:30,28,12,16,0,0,0
2023-04-07 15:45,36,21,15,0,0,0
2023-04-07 16:00,52,25,27,0,0,0
2023-04-07 16:15,38,18,20,0,0,0
2023-04-07 16:30,54,22,32,0,0,0
2023-04-07 16:45,59,36,23,0,0,0
2023-04-07 17:00,36,11,25,0,0,0
2023-04-07 17:15,44,18,26,0,0,0
2023-04-07 17:30,50,19,31,0,0,0
2023-04-07 17:45,57,33,24,0,0,0
2023-04-07 18:00,39,18,21,0,0,0
2023-04-07 18:15,59,19,40,0,0,0
2023-04-07 18:30,36,16,20,0,0,0
2023-04-07 18:45,57,24,33,0,0,0
2023-04-07 19:00,40,19,21,0,0,0
2023-04-07 19:15,38,20,18,0,0,0
2023-04-07 19:30,26,13,13,0,0,0
2023-04-07 19:45,35,19,16,0,0,0
2023-04-07 20:00,36,15,21,0,0,0
2023-04-07 20:15,32,16,16,0,0,0
2023-04-07 20:30,27,10,17,0,0,0
2023-04-07 20:45,33,17,16,0,0,0
2023-04-07 21:00,28,7,21,0,0,0
2023-04-07 21:15,26,12,14,0,0,0
2023-04-07 21:30,24,16,8,0,0,0
2023-04-07 21:45,20,4,16,0,0,0
2023-04-07 22:00,18,7,11,0,0,0
2023-04-07 22:15,16,9,7,0,0,0
2023-04-07 22:30,16,6,10,0,0,0
2023-04-07 22:45,8,3,5,0,0,0
2023-04-07 23:00,21,3,18,0,0,0
2023-04-07 23:15,14,5,9,0,0,0
2023-04-07 23:30,21,3,18,0,0,0
2023-04-07 23:45,10,6,4,0,0,0
2023-04-08 00:00,11,5,6,0,0,0
2023-04-08 00:15,7,3,4,0,0,0
2023-04-08 00:30,8,2,6,0,0,0
2023-04-08 00:45,9,6,3,0,0,0
2023-04-08 01:00,6,3,3,0,0,0
2023-04-08 01:15,3,1,2,0,0,0
2023-04-08 01:30,4,3,1,0,0,0
2023-04-08 01:45,4,2,2,0,0,0
2023-04-08 02:00,7,7,0,0,0,0
2023-04-08 02:15,9,1,8,0,0,0
2023-04-08 02:30,2,0,2,0,0,0
2023-04-08 02:45,3,1,2,0,0,0
2023-04-08 03:00,8,0,8,0,0,0
2023-04-08 03:15,2,2,0,0,0,0
2023-04-08 03:30,2,1,1,0,0,0
2023-04-08 03:45,0,0,0,0,0,0
2023-04-08 04:00,1,0,1,0,0,0
2023-04-08 04:15,2,2,0,0,0,0
2023-04-08 04:30,0,0,0,0,0,0
2023-04-08 04:45,3,2,1,0,0,0
2023-04-08 05:00,2,1,1,0,0,0
2023-04-08 05:15,1,0,1,0,0,0
2023-04-08 05:30,7,4,3,0,0,0
2023-04-08 05:45,8,4,4,0,0,0
2023-04-08 06:00,10,8,2,0,0,0
2023-04-08 06:15,5,5,0,0,0,0
2023-04-08 06:30,15,8,7,0,0,0
2023-04-08 06:45,6,4,2,0,0,0
2023-04-08 07:00,9,5,4,0,0,0
2023-04-08 07:15,15,10,5,0,0,0
2023-04-08 07:30,26,21,5,0,0,0
2023-04-08 07:45,30,23,7,0,0,0
2023-04-08 08:00,27,19,8,0,0,0
2023-04-08 08:15,19,12,7,0,0,0
2023-04-08 08:30,47,22,25,0,0,0
2023-04-08 08:45,55,35,20,0,0,0
2023-04-08 09:00,47,35,12,0,0,0
2023-04-08 09:15,87,72,15,0,0,0
2023-04-08 09:30,104,73,31,0,0,0
2023-04-08 09:45,118,81,37,0,0,0
2023-04-08 10:00,131,99,32,0,0,0
2023-04-08 10:15,150,93,57,0,0,0
2023-04-08 10:30,120,82,38,0,0,0
2023-04-08 10:45,134,89,45,0,0,0
2023-04-08 11:00,148,95,53,0,0,0
2023-04-08 11:15,157,86,71,0,0,0
2023-04-08 11:30,142,75,67,0,0,0
2023-04-08 11:45,175,90,85,0,0,0
2023-04-08 12:00,189,92,97,0,0,0
2023-04-08 12:15,187,71,116,0,0,0
2023-04-08 12:30,189,72,117,0,0,0
2023-04-08 12:45,207,70,137,0,0,0
2023-04-08 13:00,205,51,154,0,0,0
2023-04-08 13:15,220,66,154,0,0,0
2023-04-08 13:30,162,52,110,0,0,0
2023-04-08 13:45,159,77,82,0,0,0
2023-04-08 14:00,125,54,71,0,0,0
2023-04-08 14:15,127,42,85,0,0,0
2023-04-08 14:30,144,57,87,0,0,0
2023-04-08 14:45,150,62,88,0,0,0
2023-04-08 15:00,125,49,76,0,0,0
2023-04-08 15:15,113,40,73,0,0,0
2023-04-08 15:30,108,38,70,0,0,0
2023-04-08 15:45,102,46,56,0,0,0
2023-04-08 16:00,154,93,61,0,0,0
2023-04-08 16:15,163,107,56,0,0,0
2023-04-08 16:30,141,101,40,0,0,0
2023-04-08 16:45,120,71,49,0,0,0
2023-04-08 17:00,114,65,49,0,0,0
2023-04-08 17:15,88,41,47,0,0,0
2023-04-08 17:30,105,55,50,0,0,0
2023-04-08 17:45,101,66,35,0,0,0
2023-04-08 18:00,110,41,69,0,0,0
2023-04-08 18:15,78,41,37,0,0,0
2023-04-08 18:30,77,26,51,0,0,0
2023-04-08 18:45,62,27,35,0,0,0
2023-04-08 19:00,74,34,40,0,0,0
2023-04-08 19:15,62,31,31,0,0,0
2023-04-08 19:30,58,30,28,0,0,0
2023-04-08 19:45,57,32,25,0,0,0
2023-04-08 20:00,46,15,31,0,0,0
2023-04-08 20:15,37,13,24,0,0,0
2023-04-08 20:30,24,16,8,0,0,0
2023-04-08 20:45,37,13,24,0,0,0
2023-04-08 21:00,36,15,21,0,0,0
2023-04-08 21:15,35,12,23,0,0,0
2023-04-08 21:30,24,9,15,0,0,0
2023-04-08 21:45,26,10,16,0,0,0
2023-04-08 22:00,29,16,13,0,0,0
2023-04-08 22:15,28,12,16,0,0,0
2023-04-08 22:30,22,4,18,0,0,0
2023-04-08 22:45,30,13,17,0,0,0
2023-04-08 23:00,26,6,20,0,0,0
2023-04-08 23:15,15,4,11,0,0,0
2023-04-08 23:30,21,6,15,0,0,0
2023-04-08 23:45,23,12,11,0,0,0
2023-04-09 00:00,20,14,6,0,0,0
2023-04-09 00:15,18,6,12,0,0,0
2023-04-09 00:30,23,9,14,0,0,0
2023-04-09 00:45,18,7,11,0,0,0
2023-04-09 01:00,16,3,13,0,0,0
2023-04-09 01:15,9,3,6,0,0,0
2023-04-09 01:30,7,4,3,0,0,0
2023-04-09 01:45,5,2,3,0,0,0
2023-04-09 02:00,7,0,7,0,0,0
2023-04-09 02:15,8,0,8,0,0,0
2023-04-09 02:30,7,2,5,0,0,0
2023-04-09 02:45,3,1,2,0,0,0
2023-04-09 03:00,7,1,6,0,0,0
2023-04-09 03:15,3,0,3,0,0,0
2023-04-09 03:30,5,2,3,0,0,0
2023-04-09 03:45,3,0,3,0,0,0
2023-04-09 04:00,5,1,4,0,0,0
2023-04-09 04:15,3,0,3,0,0,0
2023-04-09 04:30,5,0,5,0,0,0
2023-04-09 04:45,3,1,2,0,0,0
2023-04-09 05:00,2,0,2,0,0,0
2023-04-09 05:15,2,1,1,0,0,0
2023-04-09 05:30,2,2,0,0,0,0
2023-04-09 05:45,8,7,1,0,0,0
2023-04-09 06:00,6,3,3,0,0,0
2023-04-09 06:15,5,5,0,0,0,0
2023-04-09 06:30,1,1,0,0,0,0
2023-04-09 06:45,4,2,2,0,0,0
2023-04-09 07:00,5,2,3,0,0,0
2023-04-09 07:15,4,2,2,0,0,0
2023-04-09 07:30,6,5,1,0,0,0
2023-04-09 07:45,4,2,2,0,0,0
2023-04-09 08:00,8,3,5,0,0,0
2023-04-09 08:15,5,2,3,0,0,0
2023-04-09 08:30,12,8,4,0,0,0
2023-04-09 08:45,9,5,4,0,0,0
2023-04-09 09:00,12,10,2,0,0,0
2023-04-09 09:15,28,19,9,0,0,0
2023-04-09 09:30,22,13,9,0,0,0
2023-04-09 09:45,29,16,13,0,0,0
2023-04-09 10:00,23,12,11,0,0,0
2023-04-09 10:15,25,15,10,0,0,0
2023-04-09 10:30,37,18,19,0,0,0
2023-04-09 10:45,24,11,13,0,0,0
2023-04-09 11:00,22,12,10,0,0,0
2023-04-09 11:15,29,15,14,0,0,0
2023-04-09 11:30,49,21,28,0,0,0
2023-04-09 11:45,33,16,17,0,0,0
2023-04-09 12:00,42,23,19,0,0,0
2023-04-09 12:15,33,17,16,0,0,0
2023-04-09 12:30,47,24,23,0,0,0
2023-04-09 12:45,40,23,17,0,0,0
2023-04-09 13:00,43,16,27,0,0,0
2023-04-09 13:15,33,13,20,0,0,0
2023-04-09 13:30,32,22,10,0,0,0
2023-04-09 13:45,47,28,19,0,0,0
2023-04-09 14:00,52,27,25,0,0,0
2023-04-09 14:15,35,18,17,0,0,0
2023-04-09 14:30,49,23,26,0,0,0
2023-04-09 14:45,44,27,17,0,0,0
2023-04-09 15:00,65,24,41,0,0,0
2023-04-09 15:15,38,16,22,0,0,0
2023-04-09 15:30,45,20,25,0,0,0
2023-04-09 15:45,28,16,12,0,0,0
2023-04-09 16:00,45,23,22,0,0,0
2023-04-09 16:15,38,12,26,0,0,0
2023-04-09 16:30,36,18,18,0,0,0
2023-04-09 16:45,53,21,32,0,0,0
2023-04-09 17:00,43,22,21,0,0,0
2023-04-09 17:15,38,18,20,0,0,0
2023-04-09 17:30,35,18,17,0,0,0
2023-04-09 17:45,51,26,25,0,0,0
2023-04-09 18:00,36,15,21,0,0,0
2023-04-09 18:15,46,27,19,0,0,0
2023-04-09 18:30,33,15,18,0,0,0
2023-04-09 18:45,27,12,15,0,0,0
2023-04-09 19:00,32,10,22,0,0,0
2023-04-09 19:15,21,10,11,0,0,0
2023-04-09 19:30,37,20,17,0,0,0
2023-04-09 19:45,35,21,14,0,0,0
2023-04-09 20:00,44,24,20,0,0,0
2023-04-09 20:15,34,19,15,0,0,0
2023-04-09 20:30,36,21,15,0,0,0
2023-04-09 20:45,34,9,25,0,0,0
2023-04-09 21:00,27,15,12,0,0,0
2023-04-09 21:15,27,10,17,0,0,0
2023-04-09 21:30,15,3,12,0,0,0
2023-04-09 21:45,24,7,17,0,0,0
2023-04-09 22:00,11,2,9,0,0,0
2023-04-09 22:15,31,5,26,0,0,0
2023-04-09 22:30,23,5,18,0,0,0
2023-04-09 22:45,15,7,8,0,0,0
2023-04-09 23:00,20,3,17,0,0,0
2023-04-09 23:15,15,2,13,0,0,0
2023-04-09 23:30,8,0,8,0,0,0
2023-04-09 23:45,9,3,6,0,0,0
2023-04-10 00:00,10,5,5,0,0,0
2023-04-10 00:15,9,2,7,0,0,0
2023-04-10 00:30,11,8,3,0,0,0
2023-04-10 00:45,5,0,5,0,0,0
2023-04-10 01:00,10,1,9,0,0,0
2023-04-10 01:15,5,3,2,0,0,0
2023-04-10 01:30,6,0,6,0,0,0
2023-04-10 01:45,7,1,6,0,0,0
2023-04-10 02:00,0,0,0,0,0,0
2023-04-10 02:15,6,4,2,0,0,0
2023-04-10 02:30,6,2,4,0,0,0
2023-04-10 02:45,6,1,5,0,0,0
2023-04-10 03:00,1,1,0,0,0,0
2023-04-10 03:15,0,0,0,0,0,0
2023-04-10 03:30,1,0,1,0,0,0
2023-04-10 03:45,3,0,3,0,0,0
2023-04-10 04:00,0,0,0,0,0,0
2023-04-10 04:15,2,1,1,0,0,0
2023-04-10 04:30,2,1,1,0,0,0
2023-04-10 04:45,2,2,0,0,0,0
2023-04-10 05:00,3,0,3,0,0,0
2023-04-10 05:15,2,1,1,0,0,0
2023-04-10 05:30,2,2,0,0,0,0
2023-04-10 05:45,5,4,1,0,0,0
2023-04-10 06:00,4,2,2,0,0,0
2023-04-10 06:15,4,4,0,0,0,0
2023-04-10 06:30,4,3,1,0,0,0
2023-04-10 06:45,2,2,0,0,0,0
2023-04-10 07:00,3,2,1,0,0,0
2023-04-10 07:15,3,0,3,0,0,0
2023-04-10 07:30,6,3,3,0,0,0
2023-04-10 07:45,8,3,5,0,0,0
2023-04-10 08:00,7,4,3,0,0,0
2023-04-10 08:15,4,2,2,0,0,0
2023-04-10 08:30,9,4,5,0,0,0
2023-04-10 08:45,22,15,7,0,0,0
2023-04-10 09:00,18,7,11,0,0,0
2023-04-10 09:15,23,17,6,0,0,0
2023-04-10 09:30,33,25,8,0,0,0
2023-04-10 09:45,35,17,18,0,0,0
2023-04-10 10:00,35,25,10,0,0,0
2023-04-10 10:15,37,19,18,0,0,0
2023-04-10 10:30,28,19,9,0,0,0
2023-04-10 10:45,42,29,13,0,0,0
2023-04-10 11:00,33,19,14,0,0,0
2023-04-10 11:15,42,26,16,0,0,0
2023-04-10 11:30,41,15,26,0,0,0
2023-04-10 11:45,25,17,8,0,0,0
2023-04-10 12:00,53,17,36,0,0,0
2023-04-10 12:15,49,19,30,0,0,0
2023-04-10 12:30,23,13,10,0,0,0
2023-04-10 12:45,62,27,35,0,0,0
2023-04-10 13:00,51,21,30,0,0,0
2023-04-10 13:15,64,26,38,0,0,0
2023-04-10 13:30,76,32,44,0,0,0
2023-04-10 13:45,58,26,32,0,0,0
2023-04-10 14:00,63,28,35,0,0,0
2023-04-10 14:15,56,28,28,0,0,0
2023-04-10 14:30,86,39,47,0,0,0
2023-04-10 14:45,60,30,30,0,0,0
2023-04-10 15:00,69,41,28,0,0,0
2023-04-10 15:15,60,18,42,0,0,0
2023-04-10 15:30,57,38,19,0,0,0
2023-04-10 15:45,71,33,38,0,0,0
2023-04-10 16:00,52,24,28,0,0,0
2023-04-10 16:15,43,17,26,0,0,0
2023-04-10 16:30,55,23,32,0,0,0
2023-04-10 16:45,53,24,29,0,0,0
2023-04-10 17:00,63,30,33,0,0,0
2023-04-10 17:15,71,19,52,0,0,0
2023-04-10 17:30,57,14,43,0,0,0
2023-04-10 17:45,50,19,31,0,0,0
2023-04-10 18:00,49,16,33,0,0,0
2023-04-10 18:15,34,14,20,0,0,0
2023-04-10 18:30,28,11,17,0,0,0
2023-04-10 18:45,51,30,21,0,0,0
2023-04-10 19:00,49,29,20,0,0,0
2023-04-10 19:15,39,24,15,0,0,0
2023-04-10 19:30,42,21,21,0,0,0
2023-04-10 19:45,34,19,15,0,0,0
2023-04-10 20:00,32,18,14,0,0,0
2023-04-10 20:15,24,12,12,0,0,0
2023-04-10 20:30,22,11,11,0,0,0
2023-04-10 20:45,14,7,7,0,0,0
2023-04-10 21:00,18,7,11,0,0,0
2023-04-10 21:15,21,8,13,0,0,0
2023-04-10 21:30,14,5,9,0,0,0
2023-04-10 21:45,14,8,6,0,0,0
2023-04-10 22:00,21,10,11,0,0,0
2023-04-10 22:15,12,2,10,0,0,0
2023-04-10 22:30,28,2,26,0,0,0
2023-04-10 22:45,9,5,4,0,0,0
2023-04-10 23:00,6,1,5,0,0,0
2023-04-10 23:15,12,3,9,0,0,0
2023-04-10 23:30,14,4,10,0,0,0
2023-04-10 23:45,5,2,3,0,0,0
2023-04-11 00:00,6,2,4,0,0,0
2023-04-11 00:15,2,0,2,0,0,0
2023-04-11 00:30,4,3,1,0,0,0
2023-04-11 00:45,0,0,0,0,0,0
2023-04-11 01:00,3,1,2,0,0,0
2023-04-11 01:15,8,3,5,0,0,0
2023-04-11 01:30,0,0,0,0,0,0
2023-04-11 01:45,0,0,0,0,0,0
2023-04-11 02:00,2,1,1,0,0,0
2023-04-11 02:15,2,1,1,0,0,0
2023-04-11 02:30,0,0,0,0,0,0
2023-04-11 02:45,0,0,0,0,0,0
2023-04-11 03:00,0,0,0,0,0,0
2023-04-11 03:15,0,0,0,0,0,0
2023-04-11 03:30,0,0,0,0,0,0
2023-04-11 03:45,2,1,1,0,0,0
2023-04-11 04:00,1,0,1,0,0,0
2023-04-11 04:15,0,0,0,0,0,0
2023-04-11 04:30,2,2,0,0,0,0
2023-04-11 04:45,3,3,0,0,0,0
2023-04-11 05:00,7,6,1,0,0,0
2023-04-11 05:15,5,3,2,0,0,0
2023-04-11 05:30,17,9,8,0,0,0
2023-04-11 05:45,21,18,3,0,0,0
2023-04-11 06:00,20,16,4,0,0,0
2023-04-11 06:15,22,16,6,0,0,0
2023-04-11 06:30,29,20,9,0,0,0
2023-04-11 06:45,49,28,21,0,0,0
2023-04-11 07:00,40,24,16,0,0,0
2023-04-11 07:15,42,28,14,0,0,0
2023-04-11 07:30,70,47,23,0,0,0
2023-04-11 07:45,114,77,37,0,0,0
2023-04-11 08:00,93,69,24,0,0,0
2023-04-11 08:15,89,54,35,0,0,0
2023-04-11 08:30,108,79,29,0,0,0
2023-04-11 08:45,94,65,29,0,0,0
2023-04-11 09:00,71,56,15,0,0,0
2023-04-11 09:15,69,47,22,0,0,0
2023-04-11 09:30,71,40,31,0,0,0
2023-04-11 09:45,105,71,34,0,0,0
2023-04-11 10:00,81,54,27,0,0,0
2023-04-11 10:15,79,50,29,0,0,0
2023-04-11 10:30,111,62,49,0,0,0
2023-04-11 10:45,83,51,32,0,0,0
2023-04-11 11:00,76,38,38,0,0,0
2023-04-11 11:15,84,46,38,0,0,0
2023-04-11 11:30,91,46,45,0,0,0
2023-04-11 11:45,114,65,49,0,0,0
2023-04-11 12:00,100,44,56,0,0,0
2023-04-11 12:15,98,40,58,0,0,0
2023-04-11 12:30,98,40,58,0,0,0
2023-04-11 12:45,91,42,49,0,0,0
2023-04-11 13:00,85,35,50,0,0,0
2023-04-11 13:15,87,27,60,0,0,0
2023-04-11 13:30,108,52,56,0,0,0
2023-04-11 13:45,129,67,62,0,0,0
2023-04-11 14:00,118,53,65,0,0,0
2023-04-11 14:15,114,58,56,0,0,0
2023-04-11 14:30,125,57,68,0,0,0
2023-04-11 14:45,138,66,72,0,0,0
2023-04-11 15:00,114,38,76,0,0,0
2023-04-11 15:15,136,57,79,0,0,0
2023-04-11 15:30,133,65,68,0,0,0
2023-04-11 15:45,134,64,70,0,0,0
2023-04-11 16:00,156,57,99,0,0,0
2023-04-11 16:15,178,76,102,0,0,0
2023-04-11 16:30,156,60,96,0,0,0
2023-04-11 16:45,165,63,102,0,0,0
2023-04-11 17:00,158,67,91,0,0,0
2023-04-11 17:15,165,56,109,0,0,0
2023-04-11 17:30,177,61,116,0,0,0
2023-04-11 17:45,191,78,113,0,0,0
2023-04-11 18:00,166,61,105,0,0,0
2023-04-11 18:15,132,54,78,0,0,0
2023-04-11 18:30,124,48,76,0,0,0
2023-04-11 18:45,121,49,72,0,0,0
2023-04-11 19:00,115,33,82,0,0,0
2023-04-11 19:15,144,62,82,0,0,0
2023-04-11 19:30,106,44,62,0,0,0
2023-04-11 19:45,92,33,59,0,0,0
2023-04-11 20:00,103,24,79,0,0,0
2023-04-11 20:15,84,30,54,0,0,0
2023-04-11 20:30,59,13,46,0,0,0
2023-04-11 20:45,49,20,29,0,0,0
2023-04-11 21:00,55,14,41,0,0,0
2023-04-11 21:15,35,10,25,0,0,0
2023-04-11 21:30,33,15,18,0,0,0
2023-04-11 21:45,43,19,24,0,0,0
2023-04-11 22:00,36,20,16,0,0,0
2023-04-11 22:15,34,10,24,0,0,0
2023-04-11 22:30,32,7,25,0,0,0
2023-04-11 22:45,32,9,23,0,0,0
2023-04-11 23:00,64,24,40,0,0,0
2023-04-11 23:15,30,14,16,0,0,0
2023-04-11 23:30,20,8,12,0,0,0
2023-04-11 23:45,14,5,9,0,0,0
2023-04-12 00:00,15,5,10,0,0,0
2023-04-12 00:15,10,4,6,0,0,0
2023-04-12 00:30,10,2,8,0,0,0
2023-04-12 00:45,1,0,1,0,0,0
2023-04-12 01:00,5,2,3,0,0,0
2023-04-12 01:15,1,1,0,0,0,0
2023-04-12 01:30,2,0,2,0,0,0
2023-04-12 01:45,2,1,1,0,0,0
2023-04-12 02:00,3,0,3,0,0,0
2023-04-12 02:15,3,0,3,0,0,0
2023-04-12 02:30,1,0,1,0,0,0
2023-04-12 02:45,0,0,0,0,0,0
2023-04-12 03:00,1,0,1,0,0,0
2023-04-12 03:15,1,1,0,0,0,0
2023-04-12 03:30,1,0,1,0,0,0
2023-04-12 03:45,1,0,1,0,0,0
2023-04-12 04:00,2,0,2,0,0,0
2023-04-12 04:15,0,0,0,0,0,0
2023-04-12 04:30,3,2,1,0,0,0
2023-04-12 04:45,3,3,0,0,0,0
2023-04-12 05:00,10,8,2,0,0,0
2023-04-12 05:15,9,5,4,0,0,0
2023-04-12 05:30,17,12,5,0,0,0
2023-04-12 05:45,21,15,6,0,0,0
2023-04-12 06:00,20,17,3,0,0,0
2023-04-12 06:15,25,17,8,0,0,0
2023-04-12 06:30,36,25,11,0,0,0
2023-04-12 06:45,42,28,14,0,0,0
2023-04-12 07:00,65,37,28,0,0,0
2023-04-12 07:15,89,63,26,0,0,0
2023-04-12 07:30,117,76,41,0,0,0
2023-04-12 07:45,118,87,31,0,0,0
2023-04-12 08:00,112,85,27,0,0,0
2023-04-12 08:15,100,54,46,0,0,0
2023-04-12 08:30,103,58,45,0,0,0
2023-04-12 08:45,118,81,37,0,0,0
2023-04-12 09:00,79,58,21,0,0,0
2023-04-12 09:15,74,47,27,0,0,0
2023-04-12 09:30,71,51,20,0,0,0
2023-04-12 09:45,105,81,24,0,0,0
2023-04-12 10:00,72,50,22,0,0,0
2023-04-12 10:15,59,33,26,0,0,0
2023-04-12 10:30,54,31,23,0,0,0
2023-04-12 10:45,74,47,27,0,0,0
2023-04-12 11:00,61,33,28,0,0,0
2023-04-12 11:15,62,28,34,0,0,0
2023-04-12 11:30,77,35,42,0,0,0
2023-04-12 11:45,93,46,47,0,0,0
2023-04-12 12:00,81,46,35,0,0,0
2023-04-12 12:15,84,30,54,0,0,0
2023-04-12 12:30,67,32,35,0,0,0
2023-04-12 12:45,59,24,35,0,0,0
2023-04-12 13:00,82,31,51,0,0,0
2023-04-12 13:15,77,32,45,0,0,0
2023-04-12 13:30,81,36,45,0,0,0
2023-04-12 13:45,93,50,43,0,0,0
2023-04-12 14:00,89,35,54,0,0,0
2023-04-12 14:15,88,28,60,0,0,0
2023-04-12 14:30,100,42,58,0,0,0
2023-04-12 14:45,98,40,58,0,0,0
2023-04-12 15:00,129,57,72,0,0,0
2023-04-12 15:15,106,51,55,0,0,0
2023-04-12 15:30,109,45,64,0,0,0
2023-04-12 15:45,132,70,62,0,0,0
2023-04-12 16:00,147,62,85,0,0,0
2023-04-12 16:15,149,55,94,0,0,0
2023-04-12 16:30,166,65,101,0,0,0
2023-04-12 16:45,165,56,109,0,0,0
2023-04-12 17:00,165,54,111,0,0,0
2023-04-12 17:15,120,45,75,0,0,0
2023-04-12 17:30,80,31,49,0,0,0
2023-04-12 17:45,123,52,71,0,0,0
2023-04-12 18:00,135,42,93,0,0,0
2023-04-12 18:15,128,42,86,0,0,0
2023-04-12 18:30,104,35,69,0,0,0
2023-04-12 18:45,103,48,55,0,0,0
2023-04-12 19:00,125,33,92,0,0,0
2023-04-12 19:15,108,29,79,0,0,0
2023-04-12 19:30,94,17,77,0,0,0
2023-04-12 19:45,79,42,37,0,0,0
2023-04-12 20:00,69,23,46,0,0,0
2023-04-12 20:15,53,27,26,0,0,0
2023-04-12 20:30,44,17,27,0,0,0
2023-04-12 20:45,39,19,20,0,0,0
2023-04-12 21:00,39,9,30,0,0,0
2023-04-12 21:15,45,19,26,0,0,0
2023-04-12 21:30,34,11,23,0,0,0
2023-04-12 21:45,44,16,28,0,0,0
2023-04-12 22:00,73,51,22,0,0,0
2023-04-12 22:15,140,101,39,0,0,0
2023-04-12 22:30,46,21,25,0,0,0
2023-04-12 22:45,45,18,27,0,0,0
2023-04-12 23:00,46,21,25,0,0,0
2023-04-12 23:15,44,25,19,0,0,0
2023-04-12 23:30,36,14,22,0,0,0
2023-04-12 23:45,24,7,17,0,0,0
2023-04-13 00:00,19,8,11,0,0,0
2023-04-13 00:15,14,7,7,0,0,0
2023-04-13 00:30,7,4,3,0,0,0
2023-04-13 00:45,16,8,8,0,0,0
2023-04-13 01:00,3,1,2,0,0,0
2023-04-13 01:15,7,3,4,0,0,0
2023-04-13 01:30,3,0,3,0,0,0
2023-04-13 01:45,14,0,14,0,0,0
2023-04-13 02:00,12,7,5,0,0,0
2023-04-13 02:15,4,0,4,0,0,0
2023-04-13 02:30,8,2,6,0,0,0
2023-04-13 02:45,4,0,4,0,0,0
2023-04-13 03:00,5,0,5,0,0,0
2023-04-13 03:15,4,1,3,0,0,0
2023-04-13 03:30,3,0,3,0,0,0
2023-04-13 03:45,2,0,2,0,0,0
2023-04-13 04:00,4,1,3,0,0,0
2023-04-13 04:15,7,4,3,0,0,0
2023-04-13 04:30,3,2,1,0,0,0
2023-04-13 04:45,4,3,1,0,0,0
2023-04-13 05:00,8,5,3,0,0,0
2023-04-13 05:15,6,4,2,0,0,0
2023-04-13 05:30,9,9,0,0,0,0
2023-04-13 05:45,18,15,3,0,0,0
2023-04-13 06:00,18,12,6,0,0,0
2023-04-13 06:15,23,18,5,0,0,0
2023-04-13 06:30,33,21,12,0,0,0
2023-04-13 06:45,52,37,15,0,0,0
2023-04-13 07:00,62,32,30,0,0,0
2023-04-13 07:15,56,42,14,0,0,0
2023-04-13 07:30,112,65,47,0,0,0
2023-04-13 07:45,115,79,36,0,0,0
2023-04-13 08:00,76,46,30,0,0,0
2023-04-13 08:15,108,73,35,0,0,0
2023-04-13 08:30,107,73,34,0,0,0
2023-04-13 08:45,108,78,30,0,0,0
2023-04-13 09:00,75,53,22,0,0,0
2023-04-13 09:15,80,49,31,0,0,0
2023-04-13 09:30,77,50,27,0,0,0
2023-04-13 09:45,141,104,37,0,0,0
2023-04-13 10:00,97,69,28,0,0,0
2023-04-13 10:15,73,45,28,0,0,0
2023-04-13 10:30,83,46,37,0,0,0
2023-04-13 10:45,83,49,34,0,0,0
2023-04-13 11:00,59,30,29,0,0,0
2023-04-13 11:15,70,39,31,0,0,0
2023-04-13 11:30,78,37,41,0,0,0
2023-04-13 11:45,119,63,56,0,0,0
2023-04-13 12:00,108,47,61,0,0,0
2023-04-13 12:15,104,46,58,0,0,0
2023-04-13 12:30,102,45,57,0,0,0
2023-04-13 12:45,114,53,61,0,0,0
2023-04-13 13:00,98,47,51,0,0,0
2023-04-13 13:15,104,45,59,0,0,0
2023-04-13 13:30,99,46,53,0,0,0
2023-04-13 13:45,135,66,69,0,0,0
2023-04-13 14:00,132,64,68,0,0,0
2023-04-13 14:15,126,56,70,0,0,0
2023-04-13 14:30,144,67,77,0,0,0
2023-04-13 14:45,150,82,68,0,0,0
2023-04-13 15:00,150,68,82,0,0,0
2023-04-13 15:15,115,53,62,0,0,0
2023-04-13 15:30,129,59,70,0,0,0
2023-04-13 15:45,151,78,73,0,0,0
2023-04-13 16:00,165,80,85,0,0,0
2023-04-13 16:15,153,77,76,0,0,0
2023-04-13 16:30,145,70,75,0,0,0
2023-04-13 16:45,167,67,100,0,0,0
2023-04-13 17:00,178,64,114,0,0,0
2023-04-13 17:15,162,71,91,0,0,0
2023-04-13 17:30,168,70,98,0,0,0
2023-04-13 17:45,174,82,92,0,0,0
2023-04-13 18:00,178,62,116,0,0,0
2023-04-13 18:15,128,47,81,0,0,0
2023-04-13 18:30,155,54,101,0,0,0
2023-04-13 18:45,131,53,78,0,0,0
2023-04-13 19:00,154,58,96,0,0,0
2023-04-13 19:15,114,49,65,0,0,0
2023-04-13 19:30,92,28,64,0,0,0
2023-04-13 19:45,88,24,64,0,0,0
2023-04-13 20:00,96,33,63,0,0,0
2023-04-13 20:15,76,28,48,0,0,0
2023-04-13 20:30,55,23,32,0,0,0
2023-04-13 20:45,48,20,28,0,0,0
2023-04-13 21:00,64,19,45,0,0,0
2023-04-13 21:15,65,29,36,0,0,0
2023-04-13 21:30,44,13,31,0,0,0
2023-04-13 21:45,49,27,22,0,0,0
2023-04-13 22:00,55,18,37,0,0,0
2023-04-13 22:15,54,14,40,0,0,0
2023-04-13 22:30,47,17,30,0,0,0
2023-04-13 22:45,40,22,18,0,0,0
2023-04-13 23:00,28,11,17,0,0,0
2023-04-13 23:15,39,14,25,0,0,0
2023-04-13 23:30,36,14,22,0,0,0
2023-04-13 23:45,14,3,11,0,0,0
2023-04-14 00:00,28,8,20,0,0,0
2023-04-14 00:15,7,0,7,0,0,0
2023-04-14 00:30,19,10,9,0,0,0
2023-04-14 00:45,7,3,4,0,0,0
2023-04-14 01:00,10,0,10,0,0,0
2023-04-14 01:15,11,1,10,0,0,0
2023-04-14 01:30,10,2,8,0,0,0
2023-04-14 01:45,5,0,5,0,0,0
2023-04-14 02:00,3,1,2,0,0,0
2023-04-14 02:15,3,0,3,0,0,0
2023-04-14 02:30,8,0,8,0,0,0
2023-04-14 02:45,1,0,1,0,0,0
2023-04-14 03:00,1,0,1,0,0,0
2023-04-14 03:15,1,0,1,0,0,0
2023-04-14 03:30,0,0,0,0,0,0
2023-04-14 03:45,1,0,1,0,0,0
2023-04-14 04:00,1,1,0,0,0,0
2023-04-14 04:15,3,2,1,0,0,0
2023-04-14 04:30,2,2,0,0,0,0
2023-04-14 04:45,6,3,3,0,0,0
2023-04-14 05:00,5,5,0,0,0,0
2023-04-14 05:15,8,5,3,0,0,0
2023-04-14 05:30,17,12,5,0,0,0
2023-04-14 05:45,13,10,3,0,0,0
2023-04-14 06:00,17,12,5,0,0,0
2023-04-14 06:15,30,24,6,0,0,0
2023-04-14 06:30,44,27,17,0,0,0
2023-04-14 06:45,58,34,24,0,0,0
2023-04-14 07:00,51,25,26,0,0,0
2023-04-14 07:15,63,45,18,0,0,0
2023-04-14 07:30,92,56,36,0,0,0
2023-04-14 07:45,111,79,32,0,0,0
2023-04-14 08:00,103,73,30,0,0,0
2023-04-14 08:15,87,49,38,0,0,0
2023-04-14 08:30,95,60,35,0,0,0
2023-04-14 08:45,124,83,41,0,0,0
2023-04-14 09:00,71,49,22,0,0,0
2023-04-14 09:15,109,62,47,0,0,0
2023-04-14 09:30,73,50,23,0,0,0
2023-04-14 09:45,131,94,37,0,0,0
2023-04-14 10:00,108,71,37,0,0,0
2023-04-14 10:15,123,78,45,0,0,0
2023-04-14 10:30,98,58,40,0,0,0
2023-04-14 10:45,124,69,55,0,0,0
2023-04-14 11:00,113,59,54,0,0,0
2023-04-14 11:15,132,65,67,0,0,0
2023-04-14 11:30,147,75,72,0,0,0
2023-04-14 11:45,185,79,106,0,0,0
2023-04-14 12:00,146,55,91,0,0,0
2023-04-14 12:15,132,53,79,0,0,0
2023-04-14 12:30,176,93,83,0,0,0
2023-04-14 12:45,166,77,89,0,0,0
2023-04-14 13:00,142,72,70,0,0,0
2023-04-14 13:15,139,62,77,0,0,0
2023-04-14 13:30,165,85,80,0,0,0
2023-04-14 13:45,175,89,86,0,0,0
2023-04-14 14:00,186,75,111,0,0,0
2023-04-14 14:15,187,83,104,0,0,0
2023-04-14 14:30,170,74,96,0,0,0
2023-04-14 14:45,163,78,85,0,0,0
2023-04-14 15:00,166,82,84,0,0,0
2023-04-14 15:15,200,79,121,0,0,0
2023-04-14 15:30,131,52,79,0,0,0
2023-04-14 15:45,188,88,100,0,0,0
2023-04-14 16:00,159,74,85,0,0,0
2023-04-14 16:15,173,80,93,0,0,0
2023-04-14 16:30,175,79,96,0,0,0
2023-04-14 16:45,180,83,97,0,0,0
2023-04-14 17:00,147,58,89,0,0,0
2023-04-14 17:15,170,63,107,0,0,0
2023-04-14 17:30,165,68,97,0,0,0
2023-04-14 17:45,174,83,91,0,0,0
2023-04-14 18:00,141,65,76,0,0,0
2023-04-14 18:15,174,56,118,0,0,0
2023-04-14 18:30,159,68,91,0,0,0
2023-04-14 18:45,175,62,113,0,0,0
2023-04-14 19:00,126,60,66,0,0,0
2023-04-14 19:15,128,57,71,0,0,0
2023-04-14 19:30,110,47,63,0,0,0
2023-04-14 19:45,116,47,69,0,0,0
2023-04-14 20:00,110,50,60,0,0,0
2023-04-14 20:15,86,32,54,0,0,0
2023-04-14 20:30,77,34,43,0,0,0
2023-04-14 20:45,73,28,45,0,0,0
2023-04-14 21:00,47,24,23,0,0,0
2023-04-14 21:15,65,29,36,0,0,0
2023-04-14 21:30,40,18,22,0,0,0
2023-04-14 21:45,40,16,24,0,0,0
2023-04-14 22:00,70,26,44,0,0,0
2023-04-14 22:15,68,32,36,0,0,0
2023-04-14 22:30,42,10,32,0,0,0
2023-04-14 22:45,41,24,17,0,0,0
2023-04-14 23:00,48,12,36,0,0,0
2023-04-14 23:15,30,10,20,0,0,0
2023-04-14 23:30,48,17,31,0,0,0
2023-04-14 23:45,50,23,27,0,0,0
2023-04-15 00:00,48,24,24,0,0,0
2023-04-15 00:15,54,21,33,0,0,0
2023-04-15 00:30,38,11,27,0,0,0
2023-04-15 00:45,35,14,21,0,0,0
2023-04-15 01:00,29,10,19,0,0,0
2023-04-15 01:15,17,4,13,0,0,0
2023-04-15 01:30,23,14,9,0,0,0
2023-04-15 01:45,24,9,15,0,0,0
2023-04-15 02:00,13,4,9,0,0,0
2023-04-15 02:15,18,2,16,0,0,0
2023-04-15 02:30,5,2,3,0,0,0
2023-04-15 02:45,15,0,15,0,0,0
2023-04-15 03:00,17,5,12,0,0,0
2023-04-15 03:15,11,1,10,0,0,0
2023-04-15 03:30,8,0,8,0,0,0
2023-04-15 03:45,3,0,3,0,0,0
2023-04-15 04:00,5,3,2,0,0,0
2023-04-15 04:15,1,0,1,0,0,0
2023-04-15 04:30,3,0,3,0,0,0
2023-04-15 04:45,3,0,3,0,0,0
2023-04-15 05:00,5,3,2,0,0,0
2023-04-15 05:15,15,7,8,0,0,0
2023-04-15 05:30,5,4,1,0,0,0
2023-04-15 05:45,8,5,3,0,0,0
2023-04-15 06:00,4,2,2,0,0,0
2023-04-15 06:15,8,7,1,0,0,0
2023-04-15 06:30,2,2,0,0,0,0
2023-04-15 06:45,9,5,4,0,0,0
2023-04-15 07:00,17,14,3,0,0,0
2023-04-15 07:15,16,10,6,0,0,0
2023-04-15 07:30,18,10,8,0,0,0
2023-04-15 07:45,24,16,8,0,0,0
2023-04-15 08:00,28,18,10,0,0,0
2023-04-15 08:15,27,16,11,0,0,0
2023-04-15 08:30,46,26,20,0,0,0
2023-04-15 08:45,68,46,22,0,0,0
2023-04-15 09:00,53,32,21,0,0,0
2023-04-15 09:15,54,34,20,0,0,0
2023-04-15 09:30,66,43,23,0,0,0
2023-04-15 09:45,117,81,36,0,0,0
2023-04-15 10:00,105,74,31,0,0,0
2023-04-15 10:15,128,90,38,0,0,0
2023-04-15 10:30,116,76,40,0,0,0
2023-04-15 10:45,159,106,53,0,0,0
2023-04-15 11:00,110,58,52,0,0,0
2023-04-15 11:15,142,79,63,0,0,0
2023-04-15 11:30,126,62,64,0,0,0
2023-04-15 11:45,144,65,79,0,0,0
2023-04-15 12:00,128,66,62,0,0,0
2023-04-15 12:15,159,86,73,0,0,0
2023-04-15 12:30,128,65,63,0,0,0
2023-04-15 12:45,134,62,72,0,0,0
2023-04-15 13:00,111,63,48,0,0,0
2023-04-15 13:15,138,46,92,0,0,0
2023-04-15 13:30,140,58,82,0,0,0
2023-04-15 13:45,120,49,71,0,0,0
2023-04-15 14:00,126,52,74,0,0,0
2023-04-15 14:15,153,59,94,0,0,0
2023-04-15 14:30,94,32,62,0,0,0
2023-04-15 14:45,148,56,92,0,0,0
2023-04-15 15:00,126,51,75,0,0,0
2023-04-15 15:15,91,30,61,0,0,0
2023-04-15 15:30,91,41,50,0,0,0
2023-04-15 15:45,108,45,63,0,0,0
2023-04-15 16:00,101,41,60,0,0,0
2023-04-15 16:15,54,13,41,0,0,0
2023-04-15 16:30,56,23,33,0,0,0
2023-04-15 16:45,72,28,44,0,0,0
2023-04-15 17:00,76,25,51,0,0,0
2023-04-15 17:15,77,25,52,0,0,0
2023-04-15 17:30,80,31,49,0,0,0
2023-04-15 17:45,97,41,56,0,0,0
2023-04-15 18:00,81,26,55,0,0,0
2023-04-15 18:15,86,30,56,0,0,0
2023-04-15 18:30,82,33,49,0,0,0
2023-04-15 18:45,90,43,47,0,0,0
2023-04-15 19:00,94,45,49,0,0,0
2023-04-15 19:15,80,38,42,0,0,0
2023-04-15 19:30,40,16,24,0,0,0
2023-04-15 19:45,81,47,34,0,0,0
2023-04-15 20:00,78,32,46,0,0,0
2023-04-15 20:15,63,32,31,0,0,0
2023-04-15 20:30,42,19,23,0,0,0
2023-04-15 20:45,28,9,19,0,0,0
2023-04-15 21:00,32,15,17,0,0,0
2023-04-15 21:15,30,12,18,0,0,0
2023-04-15 21:30,45,15,30,0,0,0
2023-04-15 21:45,44,24,20,0,0,0
2023-04-15 22:00,60,34,26,0,0,0
2023-04-15 22:15,52,20,32,0,0,0
2023-04-15 22:30,42,13,29,0,0,0
2023-04-15 22:45,33,16,17,0,0,0
2023-04-15 23:00,37,14,23,0,0,0
2023-04-15 23:15,20,7,13,0,0,0
2023-04-15 23:30,29,15,14,0,0,0
2023-04-15 23:45,22,10,12,0,0,0
2023-04-16 00:00,24,13,11,0,0,0
2023-04-16 00:15,32,14,18,0,0,0
2023-04-16 00:30,27,3,24,0,0,0
2023-04-16 00:45,36,11,25,0,0,0
2023-04-16 01:00,39,11,28,0,0,0
2023-04-16 01:15,15,7,8,0,0,0
2023-04-16 01:30,23,3,20,0,0,0
2023-04-16 01:45,16,8,8,0,0,0
2023-04-16 02:00,10,1,9,0,0,0
2023-04-16 02:15,8,0,8,0,0,0
2023-04-16 02:30,8,4,4,0,0,0
2023-04-16 02:45,9,0,9,0,0,0
2023-04-16 03:00,9,2,7,0,0,0
2023-04-16 03:15,23,15,8,0,0,0
2023-04-16 03:30,13,2,11,0,0,0
2023-04-16 03:45,3,3,0,0,0,0
2023-04-16 04:00,2,0,2,0,0,0
2023-04-16 04:15,3,1,2,0,0,0
2023-04-16 04:30,3,1,2,0,0,0
2023-04-16 04:45,6,0,6,0,0,0
2023-04-16 05:00,10,2,8,0,0,0
2023-04-16 05:15,5,2,3,0,0,0
2023-04-16 05:30,9,0,9,0,0,0
2023-04-16 05:45,5,4,1,0,0,0
2023-04-16 06:00,3,1,2,0,0,0
2023-04-16 06:15,1,1,0,0,0,0
2023-04-16 06:30,3,1,2,0,0,0
2023-04-16 06:45,8,4,4,0,0,0
2023-04-16 07:00,5,4,1,0,0,0
2023-04-16 07:15,2,0,2,0,0,0
2023-04-16 07:30,9,1,8,0,0,0
2023-04-16 07:45,12,10,2,0,0,0
2023-04-16 08:00,6,1,5,0,0,0
2023-04-16 08:15,7,4,3,0,0,0
2023-04-16 08:30,6,3,3,0,0,0
2023-04-16 08:45,27,21,6,0,0,0
2023-04-16 09:00,14,5,9,0,0,0
2023-04-16 09:15,20,10,10,0,0,0
2023-04-16 09:30,16,8,8,0,0,0
2023-04-16 09:45,42,28,14,0,0,0
2023-04-16 10:00,27,12,15,0,0,0
2023-04-16 10:15,22,11,11,0,0,0
2023-04-16 10:30,36,17,19,0,0,0
2023-04-16 10:45,62,30,32,0,0,0
2023-04-16 11:00,38,18,20,0,0,0
2023-04-16 11:15,34,19,15,0,0,0
2023-04-16 11:30,39,21,18,0,0,0
2023-04-16 11:45,49,28,21,0,0,0
2023-04-16 12:00,50,26,24,0,0,0
2023-04-16 12:15,53,28,25,0,0,0
2023-04-16 12:30,63,39,24,0,0,0
2023-04-16 12:45,50,29,21,0,0,0
2023-04-16 13:00,73,40,33,0,0,0
2023-04-16 13:15,44,25,19,0,0,0
2023-04-16 13:30,52,26,26,0,0,0
2023-04-16 13:45,69,42,27,0,0,0
2023-04-16 14:00,45,22,23,0,0,0
2023-04-16 14:15,75,42,33,0,0,0
2023-04-16 14:30,67,37,30,0,0,0
2023-04-16 14:45,75,46,29,0,0,0
2023-04-16 15:00,76,33,43,0,0,0
2023-04-16 15:15,88,50,38,0,0,0
2023-04-16 15:30,65,31,34,0,0,0
2023-04-16 15:45,74,30,44,0,0,0
2023-04-16 16:00,59,26,33,0,0,0
2023-04-16 16:15,59,31,28,0,0,0
2023-04-16 16:30,61,30,31,0,0,0
2023-04-16 16:45,69,30,39,0,0,0
2023-04-16 17:00,63,33,30,0,0,0
2023-04-16 17:15,57,27,30,0,0,0
2023-04-16 17:30,83,37,46,0,0,0
2023-04-16 17:45,75,34,41,0,0,0
2023-04-16 18:00,76,28,48,0,0,0
2023-04-16 18:15,70,24,46,0,0,0
2023-04-16 18:30,66,33,33,0,0,0
2023-04-16 18:45,52,17,35,0,0,0
2023-04-16 19:00,61,20,41,0,0,0
2023-04-16 19:15,56,23,33,0,0,0
2023-04-16 19:30,47,25,22,0,0,0
2023-04-16 19:45,55,27,28,0,0,0
2023-04-16 20:00,60,25,35,0,0,0
2023-04-16 20:15,46,19,27,0,0,0
2023-04-16 20:30,46,20,26,0,0,0
2023-04-16 20:45,22,9,13,0,0,0
2023-04-16 21:00,18,6,12,0,0,0
2023-04-16 21:15,30,7,23,0,0,0
2023-04-16 21:30,22,4,18,0,0,0
2023-04-16 21:45,23,8,15,0,0,0
2023-04-16 22:00,24,3,21,0,0,0
2023-04-16 22:15,13,7,6,0,0,0
2023-04-16 22:30,16,7,9,0,0,0
2023-04-16 22:45,14,4,10,0,0,0
2023-04-16 23:00,13,7,6,0,0,0
2023-04-16 23:15,3,0,3,0,0,0
2023-04-16 23:30,12,2,10,0,0,0
2023-04-16 23:45,2,2,0,0,0,0
2023-04-17 00:00,2,1,1,0,0,0
2023-04-17 00:15,5,4,1,0,0,0
2023-04-17 00:30,4,1,3,0,0,0
2023-04-17 00:45,3,0,3,0,0,0
2023-04-17 01:00,4,2,2,0,0,0
2023-04-17 01:15,1,0,1,0,0,0
2023-04-17 01:30,1,1,0,0,0,0
2023-04-17 01:45,2,2,0,0,0,0
2023-04-17 02:00,2,0,2,0,0,0
2023-04-17 02:15,1,0,1,0,0,0
2023-04-17 02:30,0,0,0,0,0,0
2023-04-17 02:45,0,0,0,0,0,0
2023-04-17 03:00,5,0,5,0,0,0
2023-04-17 03:15,2,2,0,0,0,0
2023-04-17 03:30,0,0,0,0,0,0
2023-04-17 03:45,0,0,0,0,0,0
2023-04-17 04:00,3,2,1,0,0,0
2023-04-17 04:15,1,1,0,0,0,0
2023-04-17 04:30,2,2,0,0,0,0
2023-04-17 04:45,5,4,1,0,0,0
2023-04-17 05:00,4,4,0,0,0,0
2023-04-17 05:15,9,4,5,0,0,0
2023-04-17 05:30,17,11,6,0,0,0
2023-04-17 05:45,29,23,6,0,0,0
2023-04-17 06:00,29,21,8,0,0,0
2023-04-17 06:15,32,25,7,0,0,0
2023-04-17 06:30,61,37,24,0,0,0
2023-04-17 06:45,65,39,26,0,0,0
2023-04-17 07:00,72,40,32,0,0,0
2023-04-17 07:15,128,78,50,0,0,0
2023-04-17 07:30,182,115,67,0,0,0
2023-04-17 07:45,189,129,60,0,0,0
2023-04-17 08:00,152,104,48,0,0,0
2023-04-17 08:15,138,91,47,0,0,0
2023-04-17 08:30,152,96,56,0,0,0
2023-04-17 08:45,166,110,56,0,0,0
2023-04-17 09:00,84,58,26,0,0,0
2023-04-17 09:15,96,59,37,0,0,0
2023-04-17 09:30,93,59,34,0,0,0
2023-04-17 09:45,182,140,42,0,0,0
2023-04-17 10:00,135,92,43,0,0,0
2023-04-17 10:15,98,57,41,0,0,0
2023-04-17 10:30,115,65,50,0,0,0
2023-04-17 10:45,110,65,45,0,0,0
2023-04-17 11:00,111,41,70,0,0,0
2023-04-17 11:15,121,49,72,0,0,0
2023-04-17 11:30,117,64,53,0,0,0
2023-04-17 11:45,136,61,75,0,0,0
2023-04-17 12:00,156,88,68,0,0,0
2023-04-17 12:15,125,56,69,0,0,0
2023-04-17 12:30,139,62,77,0,0,0
2023-04-17 12:45,111,52,59,0,0,0
2023-04-17 13:00,165,64,101,0,0,0
2023-04-17 13:15,125,51,74,0,0,0
2023-04-17 13:30,127,68,59,0,0,0
2023-04-17 13:45,168,83,85,0,0,0
2023-04-17 14:00,148,66,82,0,0,0
2023-04-17 14:15,163,73,90,0,0,0
2023-04-17 14:30,150,74,76,0,0,0
2023-04-17 14:45,179,88,91,0,0,0
2023-04-17 15:00,146,64,82,0,0,0
2023-04-17 15:15,165,67,98,0,0,0
2023-04-17 15:30,153,62,91,0,0,0
2023-04-17 15:45,183,76,107,0,0,0
2023-04-17 16:00,223,89,134,0,0,0
2023-04-17 16:15,191,92,99,0,0,0
2023-04-17 16:30,197,69,128,0,0,0
2023-04-17 16:45,196,83,113,0,0,0
2023-04-17 17:00,195,84,111,0,0,0
2023-04-17 17:15,204,87,117,0,0,0
2023-04-17 17:30,199,83,116,0,0,0
2023-04-17 17:45,231,95,136,0,0,0
2023-04-17 18:00,195,69,126,0,0,0
2023-04-17 18:15,171,64,107,0,0,0
2023-04-17 18:30,149,61,88,0,0,0
2023-04-17 18:45,161,68,93,0,0,0
2023-04-17 19:00,133,40,93,0,0,0
2023-04-17 19:15,145,56,89,0,0,0
2023-04-17 19:30,131,52,79,0,0,0
2023-04-17 19:45,113,45,68,0,0,0
2023-04-17 20:00,122,52,70,0,0,0
2023-04-17 20:15,62,23,39,0,0,0
2023-04-17 20:30,60,26,34,0,0,0
2023-04-17 20:45,57,20,37,0,0,0
2023-04-17 21:00,61,18,43,0,0,0
2023-04-17 21:15,55,22,33,0,0,0
2023-04-17 21:30,64,20,44,0,0,0
2023-04-17 21:45,57,26,31,0,0,0
2023-04-17 22:00,61,17,44,0,0,0
2023-04-17 22:15,43,15,28,0,0,0
2023-04-17 22:30,42,12,30,0,0,0
2023-04-17 22:45,31,9,22,0,0,0
2023-04-17 23:00,21,8,13,0,0,0
2023-04-17 23:15,24,2,22,0,0,0
2023-04-17 23:30,13,1,12,0,0,0
2023-04-17 23:45,12,1,11,0,0,0
2023-04-18 00:00,8,5,3,0,0,0
2023-04-18 00:15,6,2,4,0,0,0
2023-04-18 00:30,7,2,5,0,0,0
2023-04-18 00:45,5,1,4,0,0,0
2023-04-18 01:00,4,2,2,0,0,0
2023-04-18 01:15,4,3,1,0,0,0
2023-04-18 01:30,2,1,1,0,0,0
2023-04-18 01:45,1,1,0,0,0,0
2023-04-18 02:00,0,0,0,0,0,0
2023-04-18 02:15,1,0,1,0,0,0
2023-04-18 02:30,1,1,0,0,0,0
2023-04-18 02:45,0,0,0,0,0,0
2023-04-18 03:00,0,0,0,0,0,0
2023-04-18 03:15,1,1,0,0,0,0
2023-04-18 03:30,0,0,0,0,0,0
2023-04-18 03:45,1,1,0,0,0,0
2023-04-18 04:00,1,1,0,0,0,0
2023-04-18 04:15,1,1,0,0,0,0
2023-04-18 04:30,1,1,0,0,0,0
2023-04-18 04:45,4,4,0,0,0,0
2023-04-18 05:00,3,3,0,0,0,0
2023-04-18 05:15,11,4,7,0,0,0
2023-04-18 05:30,23,15,8,0,0,0
2023-04-18 05:45,23,19,4,0,0,0
2023-04-18 06:00,31,23,8,0,0,0
2023-04-18 06:15,36,26,10,0,0,0
2023-04-18 06:30,64,39,25,0,0,0
2023-04-18 06:45,69,53,16,0,0,0
2023-04-18 07:00,104,56,48,0,0,0
2023-04-18 07:15,136,78,58,0,0,0
2023-04-18 07:30,174,114,60,0,0,0
2023-04-18 07:45,188,124,64,0,0,0
2023-04-18 08:00,185,124,61,0,0,0
2023-04-18 08:15,163,112,51,0,0,0
2023-04-18 08:30,148,88,60,0,0,0
2023-04-18 08:45,163,108,55,0,0,0
2023-04-18 09:00,118,77,41,0,0,0
2023-04-18 09:15,90,61,29,0,0,0
2023-04-18 09:30,100,69,31,0,0,0
2023-04-18 09:45,157,94,63,0,0,0
2023-04-18 10:00,105,62,43,0,0,0
2023-04-18 10:15,74,42,32,0,0,0
2023-04-18 10:30,93,44,49,0,0,0
2023-04-18 10:45,103,56,47,0,0,0
2023-04-18 11:00,89,42,47,0,0,0
2023-04-18 11:15,98,46,52,0,0,0
2023-04-18 11:30,118,54,64,0,0,0
2023-04-18 11:45,143,82,61,0,0,0
2023-04-18 12:00,140,73,67,0,0,0
2023-04-18 12:15,135,65,70,0,0,0
2023-04-18 12:30,147,50,97,0,0,0
2023-04-18 12:45,122,55,67,0,0,0
2023-04-18 13:00,125,53,72,0,0,0
2023-04-18 13:15,129,57,72,0,0,0
2023-04-18 13:30,115,45,70,0,0,0
2023-04-18 13:45,166,75,91,0,0,0
2023-04-18 14:00,169,73,96,0,0,0
2023-04-18 14:15,148,71,77,0,0,0
2023-04-18 14:30,143,78,65,0,0,0
2023-04-18 14:45,164,78,86,0,0,0
2023-04-18 15:00,146,63,83,0,0,0
2023-04-18 15:15,179,71,108,0,0,0
2023-04-18 15:30,173,77,96,0,0,0
2023-04-18 15:45,187,91,96,0,0,0
2023-04-18 16:00,196,71,125,0,0,0
2023-04-18 16:15,209,86,123,0,0,0
2023-04-18 16:30,183,87,96,0,0,0
2023-04-18 16:45,207,99,108,0,0,0
2023-04-18 17:00,194,81,113,0,0,0
2023-04-18 17:15,220,85,135,0,0,0
2023-04-18 17:30,198,80,118,0,0,0
2023-04-18 17:45,217,84,133,0,0,0
2023-04-18 18:00,211,81,130,0,0,0
2023-04-18 18:15,186,65,121,0,0,0
2023-04-18 18:30,170,65,105,0,0,0
2023-04-18 18:45,156,72,84,0,0,0
2023-04-18 19:00,142,57,85,0,0,0
2023-04-18 19:15,127,43,84,0,0,0
2023-04-18 19:30,134,52,82,0,0,0
2023-04-18 19:45,138,48,90,0,0,0
2023-04-18 20:00,108,51,57,0,0,0
2023-04-18 20:15,87,37,50,0,0,0
2023-04-18 20:30,76,28,48,0,0,0
2023-04-18 20:45,55,20,35,0,0,0
2023-04-18 21:00,61,12,49,0,0,0
2023-04-18 21:15,57,12,45,0,0,0
2023-04-18 21:30,51,17,34,0,0,0
2023-04-18 21:45,62,16,46,0,0,0
2023-04-18 22:00,58,17,41,0,0,0
2023-04-18 22:15,47,21,26,0,0,0
2023-04-18 22:30,55,19,36,0,0,0
2023-04-18 22:45,36,10,26,0,0,0
2023-04-18 23:00,39,16,23,0,0,0
2023-04-18 23:15,33,12,21,0,0,0
2023-04-18 23:30,19,2,17,0,0,0
2023-04-18 23:45,17,6,11,0,0,0
2023-04-19 00:00,13,6,7,0,0,0
2023-04-19 00:15,7,2,5,0,0,0
2023-04-19 00:30,8,3,5,0,0,0
2023-04-19 00:45,12,4,8,0,0,0
2023-04-19 01:00,11,4,7,0,0,0
2023-04-19 01:15,9,4,5,0,0,0
2023-04-19 01:30,3,1,2,0,0,0
2023-04-19 01:45,2,1,1,0,0,0
2023-04-19 02:00,0,0,0,0,0,0
2023-04-19 02:15,3,0,3,0,0,0
2023-04-19 02:30,1,1,0,0,0,0
2023-04-19 02:45,0,0,0,0,0,0
2023-04-19 03:00,0,0,0,0,0,0
2023-04-19 03:15,1,1,0,0,0,0
2023-04-19 03:30,1,1,0,0,0,0
2023-04-19 03:45,3,2,1,0,0,0
2023-04-19 04:00,1,1,0,0,0,0
2023-04-19 04:15,0,0,0,0,0,0
2023-04-19 04:30,3,1,2,0,0,0
2023-04-19 04:45,5,5,0,0,0,0
2023-04-19 05:00,6,5,1,0,0,0
2023-04-19 05:15,7,5,2,0,0,0
2023-04-19 05:30,13,10,3,0,0,0
2023-04-19 05:45,27,21,6,0,0,0
2023-04-19 06:00,30,22,8,0,0,0
2023-04-19 06:15,41,30,11,0,0,0
2023-04-19 06:30,57,35,22,0,0,0
2023-04-19 06:45,77,47,30,0,0,0
2023-04-19 07:00,88,56,32,0,0,0
2023-04-19 07:15,126,82,44,0,0,0
2023-04-19 07:30,187,112,75,0,0,0
2023-04-19 07:45,197,125,72,0,0,0
2023-04-19 08:00,130,90,40,0,0,0
2023-04-19 08:15,166,114,52,0,0,0
2023-04-19 08:30,153,106,47,0,0,0
2023-04-19 08:45,185,123,62,0,0,0
2023-04-19 09:00,116,71,45,0,0,0
2023-04-19 09:15,125,85,40,0,0,0
2023-04-19 09:30,135,83,52,0,0,0
2023-04-19 09:45,182,135,47,0,0,0
2023-04-19 10:00,134,94,40,0,0,0
2023-04-19 10:15,103,62,41,0,0,0
2023-04-19 10:30,94,49,45,0,0,0
2023-04-19 10:45,109,63,46,0,0,0
2023-04-19 11:00,104,52,52,0,0,0
2023-04-19 11:15,115,63,52,0,0,0
2023-04-19 11:30,129,68,61,0,0,0
2023-04-19 11:45,172,71,101,0,0,0
2023-04-19 12:00,191,83,108,0,0,0
2023-04-19 12:15,157,73,84,0,0,0
2023-04-19 12:30,159,66,93,0,0,0
2023-04-19 12:45,156,71,85,0,0,0
2023-04-19 13:00,181,73,108,0,0,0
2023-04-19 13:15,148,63,85,0,0,0
2023-04-19 13:30,150,73,77,0,0,0
2023-04-19 13:45,189,87,102,0,0,0
2023-04-19 14:00,152,66,86,0,0,0
2023-04-19 14:15,134,35,99,0,0,0
2023-04-19 14:30,159,73,86,0,0,0
2023-04-19 14:45,187,79,108,0,0,0
2023-04-19 15:00,163,54,109,0,0,0
2023-04-19 15:15,199,101,98,0,0,0
2023-04-19 15:30,178,57,121,0,0,0
2023-04-19 15:45,224,81,143,0,0,0
2023-04-19 16:00,180,64,116,0,0,0
2023-04-19 16:15,177,83,94,0,0,0
2023-04-19 16:30,207,70,137,0,0,0
2023-04-19 16:45,244,93,151,0,0,0
2023-04-19 17:00,199,77,122,0,0,0
2023-04-19 17:15,199,83,116,0,0,0
2023-04-19 17:30,225,101,124,0,0,0
2023-04-19 17:45,217,89,128,0,0,0
2023-04-19 18:00,210,98,112,0,0,0
2023-04-19 18:15,229,78,151,0,0,0
2023-04-19 18:30,163,62,101,0,0,0
2023-04-19 18:45,156,63,93,0,0,0
2023-04-19 19:00,152,67,85,0,0,0
2023-04-19 19:15,131,50,81,0,0,0
2023-04-19 19:30,124,43,81,0,0,0
2023-04-19 19:45,137,59,78,0,0,0
2023-04-19 20:00,108,44,64,0,0,0
2023-04-19 20:15,93,31,62,0,0,0
2023-04-19 20:30,86,33,53,0,0,0
2023-04-19 20:45,67,19,48,0,0,0
2023-04-19 21:00,67,23,44,0,0,0
2023-04-19 21:15,73,15,58,0,0,0
2023-04-19 21:30,43,13,30,0,0,0
2023-04-19 21:45,64,30,34,0,0,0
2023-04-19 22:00,80,27,53,0,0,0
2023-04-19 22:15,36,9,27,0,0,0
2023-04-19 22:30,34,16,18,0,0,0
2023-04-19 22:45,42,17,25,0,0,0
2023-04-19 23:00,51,21,30,0,0,0
2023-04-19 23:15,47,12,35,0,0,0
2023-04-19 23:30,34,19,15,0,0,0
2023-04-19 23:45,24,10,14,0,0,0
2023-04-20 00:00,20,11,9,0,0,0
2023-04-20 00:15,16,6,10,0,0,0
2023-04-20 00:30,21,10,11,0,0,0
2023-04-20 00:45,8,0,8,0,0,0
2023-04-20 01:00,9,1,8,0,0,0
2023-04-20 01:15,9,5,4,0,0,0
2023-04-20 01:30,3,0,3,0,0,0
2023-04-20 01:45,6,5,1,0,0,0
2023-04-20 02:00,3,0,3,0,0,0
2023-04-20 02:15,10,2,8,0,0,0
2023-04-20 02:30,11,1,10,0,0,0
2023-04-20 02:45,2,0,2,0,0,0
2023-04-20 03:00,4,0,4,0,0,0
2023-04-20 03:15,4,1,3,0,0,0
2023-04-20 03:30,1,0,1,0,0,0
2023-04-20 03:45,7,3,4,0,0,0
2023-04-20 04:00,0,0,0,0,0,0
2023-04-20 04:15,6,3,3,0,0,0
2023-04-20 04:30,6,3,3,0,0,0
2023-04-20 04:45,6,5,1,0,0,0
2023-04-20 05:00,9,4,5,0,0,0
2023-04-20 05:15,6,4,2,0,0,0
2023-04-20 05:30,15,8,7,0,0,0
2023-04-20 05:45,22,16,6,0,0,0
2023-04-20 06:00,23,16,7,0,0,0
2023-04-20 06:15,32,24,8,0,0,0
2023-04-20 06:30,48,29,19,0,0,0
2023-04-20 06:45,63,35,28,0,0,0
2023-04-20 07:00,71,46,25,0,0,0
2023-04-20 07:15,106,74,32,0,0,0
2023-04-20 07:30,160,109,51,0,0,0
2023-04-20 07:45,196,130,66,0,0,0
2023-04-20 08:00,185,119,66,0,0,0
2023-04-20 08:15,146,86,60,0,0,0
2023-04-20 08:30,144,95,49,0,0,0
2023-04-20 08:45,140,94,46,0,0,0
2023-04-20 09:00,103,67,36,0,0,0
2023-04-20 09:15,89,56,33,0,0,0
2023-04-20 09:30,84,59,25,0,0,0
2023-04-20 09:45,121,90,31,0,0,0
2023-04-20 10:00,100,59,41,0,0,0
2023-04-20 10:15,92,54,38,0,0,0
2023-04-20 10:30,82,44,38,0,0,0
2023-04-20 10:45,114,66,48,0,0,0
2023-04-20 11:00,87,39,48,0,0,0
2023-04-20 11:15,104,47,57,0,0,0
2023-04-20 11:30,95,50,45,0,0,0
2023-04-20 11:45,137,65,72,0,0,0
2023-04-20 12:00,122,53,69,0,0,0
2023-04-20 12:15,113,46,67,0,0,0
2023-04-20 12:30,148,43,105,0,0,0
2023-04-20 12:45,119,53,66,0,0,0
2023-04-20 13:00,126,56,70,0,0,0
2023-04-20 13:15,134,60,74,0,0,0
2023-04-20 13:30,134,63,71,0,0,0
2023-04-20 13:45,148,63,85,0,0,0
2023-04-20 14:00,152,61,91,0,0,0
2023-04-20 14:15,152,56,96,0,0,0
2023-04-20 14:30,138,65,73,0,0,0
2023-04-20 14:45,147,67,80,0,0,0
2023-04-20 15:00,144,61,83,0,0,0
2023-04-20 15:15,165,70,95,0,0,0
2023-04-20 15:30,175,94,81,0,0,0
2023-04-20 15:45,186,95,91,0,0,0
2023-04-20 16:00,169,71,98,0,0,0
2023-04-20 16:15,201,83,118,0,0,0
2023-04-20 16:30,209,97,112,0,0,0
2023-04-20 16:45,198,86,112,0,0,0
2023-04-20 17:00,203,71,132,0,0,0
2023-04-20 17:15,186,52,134,0,0,0
2023-04-20 17:30,170,65,105,0,0,0
2023-04-20 17:45,222,97,125,0,0,0
2023-04-20 18:00,185,57,128,0,0,0
2023-04-20 18:15,200,70,130,0,0,0
2023-04-20 18:30,145,51,94,0,0,0
2023-04-20 18:45,140,62,78,0,0,0
2023-04-20 19:00,127,55,72,0,0,0
2023-04-20 19:15,131,51,80,0,0,0
2023-04-20 19:30,104,36,68,0,0,0
2023-04-20 19:45,111,46,65,0,0,0
2023-04-20 20:00,80,23,57,0,0,0
2023-04-20 20:15,68,22,46,0,0,0
2023-04-20 20:30,69,28,41,0,0,0
2023-04-20 20:45,65,23,42,0,0,0
2023-04-20 21:00,53,23,30,0,0,0
2023-04-20 21:15,70,27,43,0,0,0
2023-04-20 21:30,72,31,41,0,0,0
2023-04-20 21:45,72,12,60,0,0,0
2023-04-20 22:00,68,16,52,0,0,0
2023-04-20 22:15,46,18,28,0,0,0
2023-04-20 22:30,54,16,38,0,0,0
2023-04-20 22:45,40,8,32,0,0,0
2023-04-20 23:00,60,8,52,0,0,0
2023-04-20 23:15,34,9,25,0,0,0
2023-04-20 23:30,16,1,15,0,0,0
2023-04-20 23:45,16,5,11,0,0,0
2023-04-21 00:00,17,9,8,0,0,0
2023-04-21 00:15,8,3,5,0,0,0
2023-04-21 00:30,15,6,9,0,0,0
2023-04-21 00:45,4,0,4,0,0,0
2023-04-21 01:00,8,3,5,0,0,0
2023-04-21 01:15,6,1,5,0,0,0
2023-04-21 01:30,3,0,3,0,0,0
2023-04-21 01:45,2,0,2,0,0,0
2023-04-21 02:00,9,4,5,0,0,0
2023-04-21 02:15,0,0,0,0,0,0
2023-04-21 02:30,1,0,1,0,0,0
2023-04-21 02:45,5,0,5,0,0,0
2023-04-21 03:00,2,0,2,0,0,0
2023-04-21 03:15,6,1,5,0,0,0
2023-04-21 03:30,4,0,4,0,0,0
2023-04-21 03:45,4,1,3,0,0,0
2023-04-21 04:00,2,1,1,0,0,0
2023-04-21 04:15,3,2,1,0,0,0
2023-04-21 04:30,4,1,3,0,0,0
2023-04-21 04:45,5,5,0,0,0,0
2023-04-21 05:00,4,4,0,0,0,0
2023-04-21 05:15,4,1,3,0,0,0
2023-04-21 05:30,12,7,5,0,0,0
2023-04-21 05:45,18,12,6,0,0,0
2023-04-21 06:00,24,17,7,0,0,0
2023-04-21 06:15,19,14,5,0,0,0
2023-04-21 06:30,48,31,17,0,0,0
2023-04-21 06:45,47,29,18,0,0,0
2023-04-21 07:00,67,36,31,0,0,0
2023-04-21 07:15,109,66,43,0,0,0
2023-04-21 07:30,148,93,55,0,0,0
2023-04-21 07:45,163,113,50,0,0,0
2023-04-21 08:00,117,65,52,0,0,0
2023-04-21 08:15,141,89,52,0,0,0
2023-04-21 08:30,124,82,42,0,0,0
2023-04-21 08:45,173,112,61,0,0,0
2023-04-21 09:00,94,65,29,0,0,0
2023-04-21 09:15,93,75,18,0,0,0
2023-04-21 09:30,84,60,24,0,0,0
2023-04-21 09:45,134,93,41,0,0,0
2023-04-21 10:00,98,58,40,0,0,0
2023-04-21 10:15,88,49,39,0,0,0
2023-04-21 10:30,104,55,49,0,0,0
2023-04-21 10:45,133,74,59,0,0,0
2023-04-21 11:00,92,47,45,0,0,0
2023-04-21 11:15,117,52,65,0,0,0
2023-04-21 11:30,114,54,60,0,0,0
2023-04-21 11:45,120,65,55,0,0,0
2023-04-21 12:00,142,58,84,0,0,0
2023-04-21 12:15,139,66,73,0,0,0
2023-04-21 12:30,122,57,65,0,0,0
2023-04-21 12:45,157,65,92,0,0,0
2023-04-21 13:00,165,63,102,0,0,0
2023-04-21 13:15,161,63,98,0,0,0
2023-04-21 13:30,152,62,90,0,0,0
2023-04-21 13:45,176,67,109,0,0,0
2023-04-21 14:00,170,70,100,0,0,0
2023-04-21 14:15,176,67,109,0,0,0
2023-04-21 14:30,159,61,98,0,0,0
2023-04-21 14:45,157,64,93,0,0,0
2023-04-21 15:00,179,76,103,0,0,0
2023-04-21 15:15,185,75,110,0,0,0
2023-04-21 15:30,149,76,73,0,0,0
2023-04-21 15:45,155,75,80,0,0,0
2023-04-21 16:00,156,69,87,0,0,0
2023-04-21 16:15,164,64,100,0,0,0
2023-04-21 16:30,153,64,89,0,0,0
2023-04-21 16:45,175,76,99,0,0,0
2023-04-21 17:00,172,57,115,0,0,0
2023-04-21 17:15,182,67,115,0,0,0
2023-04-21 17:30,131,55,76,0,0,0
2023-04-21 17:45,150,70,80,0,0,0
2023-04-21 18:00,153,58,95,0,0,0
2023-04-21 18:15,130,40,90,0,0,0
2023-04-21 18:30,145,53,92,0,0,0
2023-04-21 18:45,161,77,84,0,0,0
2023-04-21 19:00,111,59,52,0,0,0
2023-04-21 19:15,121,61,60,0,0,0
2023-04-21 19:30,117,53,64,0,0,0
2023-04-21 19:45,140,76,64,0,0,0
2023-04-21 20:00,110,52,58,0,0,0
2023-04-21 20:15,96,39,57,0,0,0
2023-04-21 20:30,68,31,37,0,0,0
2023-04-21 20:45,54,22,32,0,0,0
2023-04-21 21:00,68,35,33,0,0,0
2023-04-21 21:15,66,24,42,0,0,0
2023-04-21 21:30,68,24,44,0,0,0
2023-04-21 21:45,62,23,39,0,0,0
2023-04-21 22:00,59,21,38,0,0,0
2023-04-21 22:15,57,26,31,0,0,0
2023-04-21 22:30,22,1,21,0,0,0
2023-04-21 22:45,60,17,43,0,0,0
2023-04-21 23:00,73,30,43,0,0,0
2023-04-21 23:15,37,17,20,0,0,0
2023-04-21 23:30,26,11,15,0,0,0
2023-04-21 23:45,52,9,43,0,0,0
2023-04-22 00:00,26,8,18,0,0,0
2023-04-22 00:15,48,13,35,0,0,0
2023-04-22 00:30,60,30,30,0,0,0
2023-04-22 00:45,39,12,27,0,0,0
2023-04-22 01:00,36,15,21,0,0,0
2023-04-22 01:15,31,10,21,0,0,0
2023-04-22 01:30,22,12,10,0,0,0
2023-04-22 01:45,18,12,6,0,0,0
2023-04-22 02:00,16,5,11,0,0,0
2023-04-22 02:15,23,5,18,0,0,0
2023-04-22 02:30,21,6,15,0,0,0
2023-04-22 02:45,17,10,7,0,0,0
2023-04-22 03:00,19,3,16,0,0,0
2023-04-22 03:15,10,5,5,0,0,0
2023-04-22 03:30,13,8,5,0,0,0
2023-04-22 03:45,7,4,3,0,0,0
2023-04-22 04:00,1,0,1,0,0,0
2023-04-22 04:15,4,2,2,0,0,0
2023-04-22 04:30,4,0,4,0,0,0
2023-04-22 04:45,1,1,0,0,0,0
2023-04-22 05:00,8,6,2,0,0,0
2023-04-22 05:15,10,3,7,0,0,0
2023-04-22 05:30,7,2,5,0,0,0
2023-04-22 05:45,5,1,4,0,0,0
2023-04-22 06:00,6,6,0,0,0,0
2023-04-22 06:15,11,9,2,0,0,0
2023-04-22 06:30,5,5,0,0,0,0
2023-04-22 06:45,10,6,4,0,0,0
2023-04-22 07:00,6,6,0,0,0,0
2023-04-22 07:15,12,9,3,0,0,0
2023-04-22 07:30,20,12,8,0,0,0
2023-04-22 07:45,30,19,11,0,0,0
2023-04-22 08:00,24,17,7,0,0,0
2023-04-22 08:15,40,27,13,0,0,0
2023-04-22 08:30,37,23,14,0,0,0
2023-04-22 08:45,60,47,13,0,0,0
2023-04-22 09:00,71,51,20,0,0,0
2023-04-22 09:15,94,58,36,0,0,0
2023-04-22 09:30,97,66,31,0,0,0
2023-04-22 09:45,112,83,29,0,0,0
2023-04-22 10:00,87,59,28,0,0,0
2023-04-22 10:15,115,60,55,0,0,0
2023-04-22 10:30,130,86,44,0,0,0
2023-04-22 10:45,165,94,71,0,0,0
2023-04-22 11:00,133,80,53,0,0,0
2023-04-22 11:15,151,80,71,0,0,0
2023-04-22 11:30,149,74,75,0,0,0
2023-04-22 11:45,213,96,117,0,0,0
2023-04-22 12:00,238,95,143,0,0,0
2023-04-22 12:15,214,93,121,0,0,0
2023-04-22 12:30,250,63,187,0,0,0
2023-04-22 12:45,280,86,194,0,0,0
2023-04-22 13:00,229,81,148,0,0,0
2023-04-22 13:15,206,77,129,0,0,0
2023-04-22 13:30,218,101,117,0,0,0
2023-04-22 13:45,207,96,111,0,0,0
2023-04-22 14:00,187,94,93,0,0,0
2023-04-22 14:15,160,70,90,0,0,0
2023-04-22 14:30,167,65,102,0,0,0
2023-04-22 14:45,168,48,120,0,0,0
2023-04-22 15:00,160,66,94,0,0,0
2023-04-22 15:15,155,59,96,0,0,0
2023-04-22 15:30,120,63,57,0,0,0
2023-04-22 15:45,135,56,79,0,0,0
2023-04-22 16:00,169,70,99,0,0,0
2023-04-22 16:15,192,118,74,0,0,0
2023-04-22 16:30,210,127,83,0,0,0
2023-04-22 16:45,210,126,84,0,0,0
2023-04-22 17:00,240,130,110,0,0,0
2023-04-22 17:15,188,106,82,0,0,0
2023-04-22 17:30,214,115,99,0,0,0
2023-04-22 17:45,195,116,79,0,0,0
2023-04-22 18:00,126,61,65,0,0,0
2023-04-22 18:15,116,66,50,0,0,0
2023-04-22 18:30,85,28,57,0,0,0
2023-04-22 18:45,42,29,13,0,0,0
2023-04-22 19:00,80,42,38,0,0,0
2023-04-22 19:15,96,44,52,0,0,0
2023-04-22 19:30,100,52,48,0,0,0
2023-04-22 19:45,78,41,37,0,0,0
2023-04-22 20:00,74,32,42,0,0,0
2023-04-22 20:15,66,32,34,0,0,0
2023-04-22 20:30,50,20,30,0,0,0
2023-04-22 20:45,48,25,23,0,0,0
2023-04-22 21:00,37,22,15,0,0,0
2023-04-22 21:15,52,15,37,0,0,0
2023-04-22 21:30,39,22,17,0,0,0
2023-04-22 21:45,58,22,36,0,0,0
2023-04-22 22:00,50,16,34,0,0,0
2023-04-22 22:15,49,24,25,0,0,0
2023-04-22 22:30,38,10,28,0,0,0
2023-04-22 22:45,51,17,34,0,0,0
2023-04-22 23:00,42,11,31,0,0,0
2023-04-22 23:15,28,13,15,0,0,0
2023-04-22 23:30,32,16,16,0,0,0
2023-04-22 23:45,43,16,27,0,0,0
2023-04-23 00:00,37,14,23,0,0,0
2023-04-23 00:15,33,16,17,0,0,0
2023-04-23 00:30,31,6,25,0,0,0
2023-04-23 00:45,26,12,14,0,0,0
2023-04-23 01:00,23,5,18,0,0,0
2023-04-23 01:15,32,14,18,0,0,0
2023-04-23 01:30,22,10,12,0,0,0
2023-04-23 01:45,22,10,12,0,0,0
2023-04-23 02:00,20,11,9,0,0,0
2023-04-23 02:15,16,3,13,0,0,0
2023-04-23 02:30,19,10,9,0,0,0
2023-04-23 02:45,28,23,5,0,0,0
2023-04-23 03:00,8,5,3,0,0,0
2023-04-23 03:15,5,2,3,0,0,0
2023-04-23 03:30,14,3,11,0,0,0
2023-04-23 03:45,6,1,5,0,0,0
2023-04-23 04:00,6,1,5,0,0,0
2023-04-23 04:15,6,1,5,0,0,0
2023-04-23 04:30,4,1,3,0,0,0
2023-04-23 04:45,4,1,3,0,0,0
2023-04-23 05:00,2,0,2,0,0,0
2023-04-23 05:15,5,3,2,0,0,0
2023-04-23 05:30,11,7,4,0,0,0
2023-04-23 05:45,5,4,1,0,0,0
2023-04-23 06:00,9,4,5,0,0,0
2023-04-23 06:15,5,3,2,0,0,0
2023-04-23 06:30,3,2,1,0,0,0
2023-04-23 06:45,5,3,2,0,0,0
2023-04-23 07:00,4,4,0,0,0,0
2023-04-23 07:15,5,3,2,0,0,0
2023-04-23 07:30,7,5,2,0,0,0
2023-04-23 07:45,6,3,3,0,0,0
2023-04-23 08:00,16,8,8,0,0,0
2023-04-23 08:15,4,2,2,0,0,0
2023-04-23 08:30,12,6,6,0,0,0
2023-04-23 08:45,25,13,12,0,0,0
2023-04-23 09:00,20,9,11,0,0,0
2023-04-23 09:15,27,17,10,0,0,0
2023-04-23 09:30,40,24,16,0,0,0
2023-04-23 09:45,45,30,15,0,0,0
2023-04-23 10:00,41,23,18,0,0,0
2023-04-23 10:15,34,15,19,0,0,0
2023-04-23 10:30,46,26,20,0,0,0
2023-04-23 10:45,69,41,28,0,0,0
2023-04-23 11:00,50,33,17,0,0,0
2023-04-23 11:15,57,29,28,0,0,0
2023-04-23 11:30,51,23,28,0,0,0
2023-04-23 11:45,67,32,35,0,0,0
2023-04-23 12:00,68,36,32,0,0,0
2023-04-23 12:15,71,34,37,0,0,0
2023-04-23 12:30,65,38,27,0,0,0
2023-04-23 12:45,74,41,33,0,0,0
2023-04-23 13:00,66,38,28,0,0,0
2023-04-23 13:15,68,30,38,0,0,0
2023-04-23 13:30,80,36,44,0,0,0
2023-04-23 13:45,89,56,33,0,0,0
2023-04-23 14:00,79,36,43,0,0,0
2023-04-23 14:15,96,44,52,0,0,0
2023-04-23 14:30,109,49,60,0,0,0
2023-04-23 14:45,116,57,59,0,0,0
2023-04-23 15:00,84,36,48,0,0,0
2023-04-23 15:15,80,45,35,0,0,0
2023-04-23 15:30,69,28,41,0,0,0
2023-04-23 15:45,68,35,33,0,0,0
2023-04-23 16:00,76,44,32,0,0,0
2023-04-23 16:15,63,24,39,0,0,0
2023-04-23 16:30,84,35,49,0,0,0
2023-04-23 16:45,76,39,37,0,0,0
2023-04-23 17:00,71,38,33,0,0,0
2023-04-23 17:15,76,25,51,0,0,0
2023-04-23 17:30,93,35,58,0,0,0
2023-04-23 17:45,80,32,48,0,0,0
2023-04-23 18:00,87,32,55,0,0,0
2023-04-23 18:15,60,17,43,0,0,0
2023-04-23 18:30,61,25,36,0,0,0
2023-04-23 18:45,60,37,23,0,0,0
2023-04-23 19:00,61,29,32,0,0,0
2023-04-23 19:15,46,14,32,0,0,0
2023-04-23 19:30,50,14,36,0,0,0
2023-04-23 19:45,41,16,25,0,0,0
2023-04-23 20:00,64,13,51,0,0,0
2023-04-23 20:15,37,16,21,0,0,0
2023-04-23 20:30,33,12,21,0,0,0
2023-04-23 20:45,24,8,16,0,0,0
2023-04-23 21:00,24,9,15,0,0,0
2023-04-23 21:15,49,27,22,0,0,0
2023-04-23 21:30,35,16,19,0,0,0
2023-04-23 21:45,23,13,10,0,0,0
2023-04-23 22:00,32,13,19,0,0,0
2023-04-23 22:15,36,19,17,0,0,0
2023-04-23 22:30,19,9,10,0,0,0
2023-04-23 22:45,11,2,9,0,0,0
2023-04-23 23:00,12,5,7,0,0,0
2023-04-23 23:15,10,5,5,0,0,0
2023-04-23 23:30,17,11,6,0,0,0
2023-04-23 23:45,7,4,3,0,0,0
2023-04-24 00:00,7,0,7,0,0,0
2023-04-24 00:15,2,0,2,0,0,0
2023-04-24 00:30,1,0,1,0,0,0
2023-04-24 00:45,4,3,1,0,0,0
2023-04-24 01:00,1,1,0,0,0,0
2023-04-24 01:15,2,0,2,0,0,0
2023-04-24 01:30,3,0,3,0,0,0
2023-04-24 01:45,1,0,1,0,0,0
2023-04-24 02:00,0,0,0,0,0,0
2023-04-24 02:15,0,0,0,0,0,0
2023-04-24 02:30,0,0,0,0,0,0
2023-04-24 02:45,0,0,0,0,0,0
2023-04-24 03:00,0,0,0,0,0,0
2023-04-24 03:15,0,0,0,0,0,0
2023-04-24 03:30,2,0,2,0,0,0
2023-04-24 03:45,1,1,0,0,0,0
2023-04-24 04:00,0,0,0,0,0,0
2023-04-24 04:15,4,3,1,0,0,0
2023-04-24 04:30,1,1,0,0,0,0
2023-04-24 04:45,5,5,0,0,0,0
2023-04-24 05:00,4,3,1,0,0,0
2023-04-24 05:15,7,4,3,0,0,0
2023-04-24 05:30,14,11,3,0,0,0
2023-04-24 05:45,26,19,7,0,0,0
2023-04-24 06:00,18,14,4,0,0,0
2023-04-24 06:15,32,27,5,0,0,0
2023-04-24 06:30,55,37,18,0,0,0
2023-04-24 06:45,50,35,15,0,0,0
2023-04-24 07:00,60,32,28,0,0,0
2023-04-24 07:15,122,87,35,0,0,0
2023-04-24 07:30,167,115,52,0,0,0
2023-04-24 07:45,178,125,53,0,0,0
2023-04-24 08:00,148,97,51,0,0,0
2023-04-24 08:15,145,93,52,0,0,0
2023-04-24 08:30,126,85,41,0,0,0
2023-04-24 08:45,141,106,35,0,0,0
2023-04-24 09:00,86,62,24,0,0,0
2023-04-24 09:15,96,61,35,0,0,0
2023-04-24 09:30,80,57,23,0,0,0
2023-04-24 09:45,118,88,30,0,0,0
2023-04-24 10:00,121,73,48,0,0,0
2023-04-24 10:15,79,36,43,0,0,0
2023-04-24 10:30,79,56,23,0,0,0
2023-04-24 10:45,97,57,40,0,0,0
2023-04-24 11:00,89,35,54,0,0,0
2023-04-24 11:15,69,39,30,0,0,0
2023-04-24 11:30,64,29,35,0,0,0
2023-04-24 11:45,76,37,39,0,0,0
2023-04-24 12:00,92,36,56,0,0,0
2023-04-24 12:15,71,24,47,0,0,0
2023-04-24 12:30,82,26,56,0,0,0
2023-04-24 12:45,80,29,51,0,0,0
2023-04-24 13:00,85,36,49,0,0,0
2023-04-24 13:15,88,19,69,0,0,0
2023-04-24 13:30,89,29,60,0,0,0
2023-04-24 13:45,94,45,49,0,0,0
2023-04-24 14:00,88,29,59,0,0,0
2023-04-24 14:15,93,48,45,0,0,0
2023-04-24 14:30,90,42,48,0,0,0
2023-04-24 14:45,101,43,58,0,0,0
2023-04-24 15:00,126,54,72,0,0,0
2023-04-24 15:15,100,51,49,0,0,0
2023-04-24 15:30,129,68,61,0,0,0
2023-04-24 15:45,160,70,90,0,0,0
2023-04-24 16:00,171,65,106,0,0,0
2023-04-24 16:15,153,62,91,0,0,0
2023-04-24 16:30,148,68,80,0,0,0
2023-04-24 16:45,170,76,94,0,0,0
2023-04-24 17:00,171,59,112,0,0,0
2023-04-24 17:15,207,95,112,0,0,0
2023-04-24 17:30,181,77,104,0,0,0
2023-04-24 17:45,179,82,97,0,0,0
2023-04-24 18:00,159,56,103,0,0,0
2023-04-24 18:15,127,61,66,0,0,0
2023-04-24 18:30,132,45,87,0,0,0
2023-04-24 18:45,146,72,74,0,0,0
2023-04-24 19:00,136,43,93,0,0,0
2023-04-24 19:15,96,33,63,0,0,0
2023-04-24 19:30,88,33,55,0,0,0
2023-04-24 19:45,115,50,65,0,0,0
2023-04-24 20:00,66,25,41,0,0,0
2023-04-24 20:15,63,20,43,0,0,0
2023-04-24 20:30,48,10,38,0,0,0
2023-04-24 20:45,36,9,27,0,0,0
2023-04-24 21:00,40,14,26,0,0,0
2023-04-24 21:15,52,19,33,0,0,0
2023-04-24 21:30,49,17,32,0,0,0
2023-04-24 21:45,49,19,30,0,0,0
2023-04-24 22:00,43,14,29,0,0,0
2023-04-24 22:15,34,10,24,0,0,0
2023-04-24 22:30,34,10,24,0,0,0
2023-04-24 22:45,34,15,19,0,0,0
2023-04-24 23:00,21,3,18,0,0,0
2023-04-24 23:15,32,4,28,0,0,0
2023-04-24 23:30,10,3,7,0,0,0
2023-04-24 23:45,15,2,13,0,0,0
2023-04-25 00:00,6,2,4,0,0,0
2023-04-25 00:15,7,4,3,0,0,0
2023-04-25 00:30,10,3,7,0,0,0
2023-04-25 00:45,10,2,8,0,0,0
2023-04-25 01:00,5,0,5,0,0,0
2023-04-25 01:15,8,0,8,0,0,0
2023-04-25 01:30,4,0,4,0,0,0
2023-04-25 01:45,3,0,3,0,0,0
2023-04-25 02:00,5,1,4,0,0,0
2023-04-25 02:15,2,0,2,0,0,0
2023-04-25 02:30,1,0,1,0,0,0
2023-04-25 02:45,2,0,2,0,0,0
2023-04-25 03:00,4,0,4,0,0,0
2023-04-25 03:15,1,0,1,0,0,0
2023-04-25 03:30,1,1,0,0,0,0
2023-04-25 03:45,3,1,2,0,0,0
2023-04-25 04:00,1,1,0,0,0,0
2023-04-25 04:15,1,1,0,0,0,0
2023-04-25 04:30,3,1,2,0,0,0
2023-04-25 04:45,4,4,0,0,0,0
2023-04-25 05:00,3,3,0,0,0,0
2023-04-25 05:15,9,5,4,0,0,0
2023-04-25 05:30,22,15,7,0,0,0
2023-04-25 05:45,23,16,7,0,0,0
2023-04-25 06:00,27,24,3,0,0,0
2023-04-25 06:15,27,19,8,0,0,0
2023-04-25 06:30,58,37,21,0,0,0
2023-04-25 06:45,61,41,20,0,0,0
2023-04-25 07:00,96,57,39,0,0,0
2023-04-25 07:15,137,86,51,0,0,0
2023-04-25 07:30,181,103,78,0,0,0
2023-04-25 07:45,222,136,86,0,0,0
2023-04-25 08:00,149,96,53,0,0,0
2023-04-25 08:15,189,121,68,0,0,0
2023-04-25 08:30,155,103,52,0,0,0
2023-04-25 08:45,162,109,53,0,0,0
2023-04-25 09:00,101,66,35,0,0,0
2023-04-25 09:15,113,59,54,0,0,0
2023-04-25 09:30,124,80,44,0,0,0
2023-04-25 09:45,136,85,51,0,0,0
2023-04-25 10:00,136,86,50,0,0,0
2023-04-25 10:15,100,57,43,0,0,0
2023-04-25 10:30,124,73,51,0,0,0
2023-04-25 10:45,121,69,52,0,0,0
2023-04-25 11:00,109,57,52,0,0,0
2023-04-25 11:15,119,65,54,0,0,0
2023-04-25 11:30,109,55,54,0,0,0
2023-04-25 11:45,141,76,65,0,0,0
2023-04-25 12:00,129,59,70,0,0,0
2023-04-25 12:15,140,53,87,0,0,0
2023-04-25 12:30,132,66,66,0,0,0
2023-04-25 12:45,140,58,82,0,0,0
2023-04-25 13:00,119,41,78,0,0,0
2023-04-25 13:15,137,56,81,0,0,0
2023-04-25 13:30,146,68,78,0,0,0
2023-04-25 13:45,156,66,90,0,0,0
2023-04-25 14:00,154,72,82,0,0,0
2023-04-25 14:15,149,62,87,0,0,0
2023-04-25 14:30,165,67,98,0,0,0
2023-04-25 14:45,131,58,73,0,0,0
2023-04-25 15:00,156,79,77,0,0,0
2023-04-25 15:15,137,67,70,0,0,0
2023-04-25 15:30,184,77,107,0,0,0
2023-04-25 15:45,166,75,91,0,0,0
2023-04-25 16:00,207,88,119,0,0,0
2023-04-25 16:15,182,76,106,0,0,0
2023-04-25 16:30,172,72,100,0,0,0
2023-04-25 16:45,164,69,95,0,0,0
2023-04-25 17:00,180,67,113,0,0,0
2023-04-25 17:15,186,82,104,0,0,0
2023-04-25 17:30,203,78,125,0,0,0
2023-04-25 17:45,202,70,132,0,0,0
2023-04-25 18:00,205,84,121,0,0,0
2023-04-25 18:15,185,81,104,0,0,0
2023-04-25 18:30,138,46,92,0,0,0
2023-04-25 18:45,156,74,82,0,0,0
2023-04-25 19:00,121,41,80,0,0,0
2023-04-25 19:15,129,55,74,0,0,0
2023-04-25 19:30,105,40,65,0,0,0
2023-04-25 19:45,113,45,68,0,0,0
2023-04-25 20:00,104,38,66,0,0,0
2023-04-25 20:15,78,34,44,0,0,0
2023-04-25 20:30,64,26,38,0,0,0
2023-04-25 20:45,51,25,26,0,0,0
2023-04-25 21:00,56,18,38,0,0,0
2023-04-25 21:15,65,20,45,0,0,0
2023-04-25 21:30,62,21,41,0,0,0
2023-04-25 21:45,70,30,40,0,0,0
2023-04-25 22:00,61,21,40,0,0,0
2023-04-25 22:15,67,25,42,0,0,0
2023-04-25 22:30,54,15,39,0,0,0
2023-04-25 22:45,35,8,27,0,0,0
2023-04-25 23:00,35,12,23,0,0,0
2023-04-25 23:15,19,7,12,0,0,0
2023-04-25 23:30,15,3,12,0,0,0
2023-04-25 23:45,16,4,12,0,0,0
2023-04-26 00:00,5,1,4,0,0,0
2023-04-26 00:15,8,4,4,0,0,0
2023-04-26 00:30,8,2,6,0,0,0
2023-04-26 00:45,13,2,11,0,0,0
2023-04-26 01:00,3,1,2,0,0,0
2023-04-26 01:15,5,1,4,0,0,0
2023-04-26 01:30,2,0,2,0,0,0
2023-04-26 01:45,1,1,0,0,0,0
2023-04-26 02:00,0,0,0,0,0,0
2023-04-26 02:15,0,0,0,0,0,0
2023-04-26 02:30,0,0,0,0,0,0
2023-04-26 02:45,3,0,3,0,0,0
2023-04-26 03:00,0,0,0,0,0,0
2023-04-26 03:15,0,0,0,0,0,0
2023-04-26 03:30,1,1,0,0,0,0
2023-04-26 03:45,1,0,1,0,0,0
2023-04-26 04:00,1,1,0,0,0,0
2023-04-26 04:15,1,0,1,0,0,0
2023-04-26 04:30,3,2,1,0,0,0
2023-04-26 04:45,3,3,0,0,0,0
2023-04-26 05:00,5,4,1,0,0,0
2023-04-26 05:15,9,5,4,0,0,0
2023-04-26 05:30,28,22,6,0,0,0
2023-04-26 05:45,29,22,7,0,0,0
2023-04-26 06:00,19,15,4,0,0,0
2023-04-26 06:15,32,23,9,0,0,0
2023-04-26 06:30,52,32,20,0,0,0
2023-04-26 06:45,55,40,15,0,0,0
2023-04-26 07:00,77,43,34,0,0,0
2023-04-26 07:15,123,83,40,0,0,0
2023-04-26 07:30,180,122,58,0,0,0
2023-04-26 07:45,207,140,67,0,0,0
2023-04-26 08:00,158,105,53,0,0,0
2023-04-26 08:15,173,111,62,0,0,0
2023-04-26 08:30,152,104,48,0,0,0
2023-04-26 08:45,171,115,56,0,0,0
2023-04-26 09:00,116,77,39,0,0,0
2023-04-26 09:15,100,60,40,0,0,0
2023-04-26 09:30,114,73,41,0,0,0
2023-04-26 09:45,143,95,48,0,0,0
2023-04-26 10:00,115,78,37,0,0,0
2023-04-26 10:15,111,68,43,0,0,0
2023-04-26 10:30,103,65,38,0,0,0
2023-04-26 10:45,113,58,55,0,0,0
2023-04-26 11:00,90,47,43,0,0,0
2023-04-26 11:15,117,56,61,0,0,0
2023-04-26 11:30,116,55,61,0,0,0
2023-04-26 11:45,160,84,76,0,0,0
2023-04-26 12:00,149,58,91,0,0,0
2023-04-26 12:15,138,63,75,0,0,0
2023-04-26 12:30,147,57,90,0,0,0
2023-04-26 12:45,164,71,93,0,0,0
2023-04-26 13:00,122,50,72,0,0,0
2023-04-26 13:15,151,60,91,0,0,0
2023-04-26 13:30,159,76,83,0,0,0
2023-04-26 13:45,144,71,73,0,0,0
2023-04-26 14:00,145,57,88,0,0,0
2023-04-26 14:15,132,57,75,0,0,0
2023-04-26 14:30,132,58,74,0,0,0
2023-04-26 14:45,166,74,92,0,0,0
2023-04-26 15:00,142,59,83,0,0,0
2023-04-26 15:15,148,81,67,0,0,0
2023-04-26 15:30,165,61,104,0,0,0
2023-04-26 15:45,185,73,112,0,0,0
2023-04-26 16:00,199,77,122,0,0,0
2023-04-26 16:15,166,65,101,0,0,0
2023-04-26 16:30,183,76,107,0,0,0
2023-04-26 16:45,175,80,95,0,0,0
2023-04-26 17:00,199,73,126,0,0,0
2023-04-26 17:15,181,75,106,0,0,0
2023-04-26 17:30,208,96,112,0,0,0
2023-04-26 17:45,217,79,138,0,0,0
2023-04-26 18:00,172,68,104,0,0,0
2023-04-26 18:15,184,73,111,0,0,0
2023-04-26 18:30,155,52,103,0,0,0
2023-04-26 18:45,179,82,97,0,0,0
2023-04-26 19:00,120,46,74,0,0,0
2023-04-26 19:15,129,46,83,0,0,0
2023-04-26 19:30,94,30,64,0,0,0
2023-04-26 19:45,122,55,67,0,0,0
2023-04-26 20:00,122,49,73,0,0,0
2023-04-26 20:15,75,28,47,0,0,0
2023-04-26 20:30,42,14,28,0,0,0
2023-04-26 20:45,68,26,42,0,0,0
2023-04-26 21:00,62,24,38,0,0,0
2023-04-26 21:15,69,29,40,0,0,0
2023-04-26 21:30,68,16,52,0,0,0
2023-04-26 21:45,51,13,38,0,0,0
2023-04-26 22:00,55,20,35,0,0,0
2023-04-26 22:15,64,21,43,0,0,0
2023-04-26 22:30,39,16,23,0,0,0
2023-04-26 22:45,42,11,31,0,0,0
2023-04-26 23:00,42,14,28,0,0,0
2023-04-26 23:15,41,21,20,0,0,0
2023-04-26 23:30,33,13,20,0,0,0
2023-04-26 23:45,28,8,20,0,0,0
2023-04-27 00:00,13,3,10,0,0,0
2023-04-27 00:15,28,9,19,0,0,0
2023-04-27 00:30,15,1,14,0,0,0
2023-04-27 00:45,8,1,7,0,0,0
2023-04-27 01:00,11,6,5,0,0,0
2023-04-27 01:15,6,0,6,0,0,0
2023-04-27 01:30,4,2,2,0,0,0
2023-04-27 01:45,3,0,3,0,0,0
2023-04-27 02:00,5,1,4,0,0,0
2023-04-27 02:15,3,0,3,0,0,0
2023-04-27 02:30,3,0,3,0,0,0
2023-04-27 02:45,11,1,10,0,0,0
2023-04-27 03:00,4,0,4,0,0,0
2023-04-27 03:15,3,2,1,0,0,0
2023-04-27 03:30,2,1,1,0,0,0
2023-04-27 03:45,4,0,4,0,0,0
2023-04-27 04:00,2,1,1,0,0,0
2023-04-27 04:15,3,1,2,0,0,0
2023-04-27 04:30,3,1,2,0,0,0
2023-04-27 04:45,3,3,0,0,0,0
2023-04-27 05:00,4,3,1,0,0,0
2023-04-27 05:15,7,4,3,0,0,0
2023-04-27 05:30,18,14,4,0,0,0
2023-04-27 05:45,22,17,5,0,0,0
2023-04-27 06:00,24,16,8,0,0,0
2023-04-27 06:15,30,23,7,0,0,0
2023-04-27 06:30,59,35,24,0,0,0
2023-04-27 06:45,52,33,19,0,0,0
2023-04-27 07:00,84,52,32,0,0,0
2023-04-27 07:15,124,81,43,0,0,0
2023-04-27 07:30,150,97,53,0,0,0
2023-04-27 07:45,200,129,71,0,0,0
2023-04-27 08:00,164,110,54,0,0,0
2023-04-27 08:15,151,98,53,0,0,0
2023-04-27 08:30,138,85,53,0,0,0
2023-04-27 08:45,149,106,43,0,0,0
2023-04-27 09:00,85,61,24,0,0,0
2023-04-27 09:15,111,75,36,0,0,0
2023-04-27 09:30,131,83,48,0,0,0
2023-04-27 09:45,116,81,35,0,0,0
2023-04-27 10:00,119,75,44,0,0,0
2023-04-27 10:15,88,50,38,0,0,0
2023-04-27 10:30,98,55,43,0,0,0
2023-04-27 10:45,116,69,47,0,0,0
2023-04-27 11:00,98,53,45,0,0,0
2023-04-27 11:15,117,67,50,0,0,0
2023-04-27 11:30,131,70,61,0,0,0
2023-04-27 11:45,137,72,65,0,0,0
2023-04-27 12:00,159,67,92,0,0,0
2023-04-27 12:15,134,57,77,0,0,0
2023-04-27 12:30,162,78,84,0,0,0
2023-04-27 12:45,137,54,83,0,0,0
2023-04-27 13:00,144,55,89,0,0,0
2023-04-27 13:15,134,67,67,0,0,0
2023-04-27 13:30,161,63,98,0,0,0
2023-04-27 13:45,179,106,73,0,0,0
2023-04-27 14:00,167,69,98,0,0,0
2023-04-27 14:15,156,76,80,0,0,0
2023-04-27 14:30,172,71,101,0,0,0
2023-04-27 14:45,211,93,118,0,0,0
2023-04-27 15:00,160,65,95,0,0,0
2023-04-27 15:15,171,92,79,0,0,0
2023-04-27 15:30,192,86,106,0,0,0
2023-04-27 15:45,217,94,123,0,0,0
2023-04-27 16:00,225,102,123,0,0,0
2023-04-27 16:15,201,79,122,0,0,0
2023-04-27 16:30,194,85,109,0,0,0
2023-04-27 16:45,201,92,109,0,0,0
2023-04-27 17:00,196,89,107,0,0,0
2023-04-27 17:15,228,94,134,0,0,0
2023-04-27 17:30,208,85,123,0,0,0
2023-04-27 17:45,214,89,125,0,0,0
2023-04-27 18:00,199,82,117,0,0,0
2023-04-27 18:15,191,79,112,0,0,0
2023-04-27 18:30,172,67,105,0,0,0
2023-04-27 18:45,162,76,86,0,0,0
2023-04-27 19:00,140,46,94,0,0,0
2023-04-27 19:15,135,51,84,0,0,0
2023-04-27 19:30,134,53,81,0,0,0
2023-04-27 19:45,92,38,54,0,0,0
2023-04-27 20:00,91,32,59,0,0,0
2023-04-27 20:15,76,31,45,0,0,0
2023-04-27 20:30,76,27,49,0,0,0
2023-04-27 20:45,68,22,46,0,0,0
2023-04-27 21:00,81,30,51,0,0,0
2023-04-27 21:15,46,21,25,0,0,0
2023-04-27 21:30,57,14,43,0,0,0
2023-04-27 21:45,67,15,52,0,0,0
2023-04-27 22:00,72,11,61,0,0,0
2023-04-27 22:15,60,14,46,0,0,0
2023-04-27 22:30,40,14,26,0,0,0
2023-04-27 22:45,33,13,20,0,0,0
2023-04-27 23:00,38,6,32,0,0,0
2023-04-27 23:15,28,8,20,0,0,0
2023-04-27 23:30,23,2,21,0,0,0
2023-04-27 23:45,15,3,12,0,0,0
2023-04-28 00:00,14,5,9,0,0,0
2023-04-28 00:15,12,6,6,0,0,0
2023-04-28 00:30,10,4,6,0,0,0
2023-04-28 00:45,8,0,8,0,0,0
2023-04-28 01:00,1,0,1,0,0,0
2023-04-28 01:15,4,0,4,0,0,0
2023-04-28 01:30,5,1,4,0,0,0
2023-04-28 01:45,2,1,1,0,0,0
2023-04-28 02:00,0,0,0,0,0,0
2023-04-28 02:15,3,0,3,0,0,0
2023-04-28 02:30,3,0,3,0,0,0
2023-04-28 02:45,0,0,0,0,0,0
2023-04-28 03:00,2,0,2,0,0,0
2023-04-28 03:15,0,0,0,0,0,0
2023-04-28 03:30,1,1,0,0,0,0
2023-04-28 03:45,3,1,2,0,0,0
2023-04-28 04:00,0,0,0,0,0,0
2023-04-28 04:15,3,2,1,0,0,0
2023-04-28 04:30,3,2,1,0,0,0
2023-04-28 04:45,3,3,0,0,0,0
2023-04-28 05:00,3,2,1,0,0,0
2023-04-28 05:15,4,3,1,0,0,0
2023-04-28 05:30,17,11,6,0,0,0
2023-04-28 05:45,20,12,8,0,0,0
2023-04-28 06:00,11,8,3,0,0,0
2023-04-28 06:15,20,17,3,0,0,0
2023-04-28 06:30,44,23,21,0,0,0
2023-04-28 06:45,50,37,13,0,0,0
2023-04-28 07:00,63,33,30,0,0,0
2023-04-28 07:15,101,64,37,0,0,0
2023-04-28 07:30,151,87,64,0,0,0
2023-04-28 07:45,135,85,50,0,0,0
2023-04-28 08:00,120,83,37,0,0,0
2023-04-28 08:15,131,91,40,0,0,0
2023-04-28 08:30,111,78,33,0,0,0
2023-04-28 08:45,129,82,47,0,0,0
2023-04-28 09:00,82,51,31,0,0,0
2023-04-28 09:15,108,69,39,0,0,0
2023-04-28 09:30,83,46,37,0,0,0
2023-04-28 09:45,138,103,35,0,0,0
2023-04-28 10:00,89,50,39,0,0,0
2023-04-28 10:15,86,34,52,0,0,0
2023-04-28 10:30,74,32,42,0,0,0
2023-04-28 10:45,111,62,49,0,0,0
2023-04-28 11:00,93,52,41,0,0,0
2023-04-28 11:15,98,50,48,0,0,0
2023-04-28 11:30,103,50,53,0,0,0
2023-04-28 11:45,128,58,70,0,0,0
2023-04-28 12:00,114,54,60,0,0,0
2023-04-28 12:15,123,63,60,0,0,0
2023-04-28 12:30,128,45,83,0,0,0
2023-04-28 12:45,134,60,74,0,0,0
2023-04-28 13:00,143,62,81,0,0,0
2023-04-28 13:15,137,53,84,0,0,0
2023-04-28 13:30,132,50,82,0,0,0
2023-04-28 13:45,173,92,81,0,0,0
2023-04-28 14:00,145,60,85,0,0,0
2023-04-28 14:15,134,51,83,0,0,0
2023-04-28 14:30,153,70,83,0,0,0
2023-04-28 14:45,174,69,105,0,0,0
2023-04-28 15:00,167,81,86,0,0,0
2023-04-28 15:15,145,69,76,0,0,0
2023-04-28 15:30,147,74,73,0,0,0
2023-04-28 15:45,146,60,86,0,0,0
2023-04-28 16:00,130,57,73,0,0,0
2023-04-28 16:15,153,56,97,0,0,0
2023-04-28 16:30,145,63,82,0,0,0
2023-04-28 16:45,128,61,67,0,0,0
2023-04-28 17:00,162,52,110,0,0,0
2023-04-28 17:15,142,45,97,0,0,0
2023-04-28 17:30,135,50,85,0,0,0
2023-04-28 17:45,177,60,117,0,0,0
2023-04-28 18:00,164,55,109,0,0,0
2023-04-28 18:15,205,54,151,0,0,0
2023-04-28 18:30,181,46,135,0,0,0
2023-04-28 18:45,211,43,168,0,0,0
2023-04-28 19:00,185,51,134,0,0,0
2023-04-28 19:15,154,44,110,0,0,0
2023-04-28 19:30,119,31,88,0,0,0
2023-04-28 19:45,103,48,55,0,0,0
2023-04-28 20:00,95,37,58,0,0,0
2023-04-28 20:15,98,36,62,0,0,0
2023-04-28 20:30,75,22,53,0,0,0
2023-04-28 20:45,54,15,39,0,0,0
2023-04-28 21:00,53,26,27,0,0,0
2023-04-28 21:15,55,23,32,0,0,0
2023-04-28 21:30,63,18,45,0,0,0
2023-04-28 21:45,85,41,44,0,0,0
2023-04-28 22:00,114,81,33,0,0,0
2023-04-28 22:15,195,156,39,0,0,0
2023-04-28 22:30,189,164,25,0,0,0
2023-04-28 22:45,106,77,29,0,0,0
2023-04-28 23:00,64,40,24,0,0,0
2023-04-28 23:15,67,38,29,0,0,0
2023-04-28 23:30,49,33,16,0,0,0
2023-04-28 23:45,53,25,28,0,0,0
2023-04-29 00:00,49,29,20,0,0,0
2023-04-29 00:15,55,36,19,0,0,0
2023-04-29 00:30,62,38,24,0,0,0
2023-04-29 00:45,46,22,24,0,0,0
2023-04-29 01:00,33,12,21,0,0,0
2023-04-29 01:15,22,11,11,0,0,0
2023-04-29 01:30,20,11,9,0,0,0
2023-04-29 01:45,33,19,14,0,0,0
2023-04-29 02:00,10,3,7,0,0,0
2023-04-29 02:15,20,11,9,0,0,0
2023-04-29 02:30,21,18,3,0,0,0
2023-04-29 02:45,7,3,4,0,0,0
2023-04-29 03:00,10,0,10,0,0,0
2023-04-29 03:15,12,5,7,0,0,0
2023-04-29 03:30,12,0,12,0,0,0
2023-04-29 03:45,6,0,6,0,0,0
2023-04-29 04:00,3,0,3,0,0,0
2023-04-29 04:15,6,0,6,0,0,0
2023-04-29 04:30,2,0,2,0,0,0
2023-04-29 04:45,3,1,2,0,0,0
2023-04-29 05:00,4,2,2,0,0,0
2023-04-29 05:15,4,1,3,0,0,0
2023-04-29 05:30,10,3,7,0,0,0
2023-04-29 05:45,7,3,4,0,0,0
2023-04-29 06:00,4,4,0,0,0,0
2023-04-29 06:15,9,8,1,0,0,0
2023-04-29 06:30,11,6,5,0,0,0
2023-04-29 06:45,8,7,1,0,0,0
2023-04-29 07:00,17,12,5,0,0,0
2023-04-29 07:15,20,16,4,0,0,0
2023-04-29 07:30,18,10,8,0,0,0
2023-04-29 07:45,24,14,10,0,0,0
2023-04-29 08:00,35,24,11,0,0,0
2023-04-29 08:15,31,17,14,0,0,0
2023-04-29 08:30,53,28,25,0,0,0
2023-04-29 08:45,46,36,10,0,0,0
2023-04-29 09:00,51,32,19,0,0,0
2023-04-29 09:15,56,39,17,0,0,0
2023-04-29 09:30,90,63,27,0,0,0
2023-04-29 09:45,107,77,30,0,0,0
2023-04-29 10:00,103,69,34,0,0,0
2023-04-29 10:15,131,90,41,0,0,0
2023-04-29 10:30,122,88,34,0,0,0
2023-04-29 10:45,128,84,44,0,0,0
2023-04-29 11:00,130,80,50,0,0,0
2023-04-29 11:15,141,82,59,0,0,0
2023-04-29 11:30,167,96,71,0,0,0
2023-04-29 11:45,178,105,73,0,0,0
2023-04-29 12:00,151,87,64,0,0,0
2023-04-29 12:15,179,110,69,0,0,0
2023-04-29 12:30,141,81,60,0,0,0
2023-04-29 12:45,158,83,75,0,0,0
2023-04-29 13:00,145,79,66,0,0,0
2023-04-29 13:15,160,89,71,0,0,0
2023-04-29 13:30,172,86,86,0,0,0
2023-04-29 13:45,130,69,61,0,0,0
2023-04-29 14:00,203,101,102,0,0,0
2023-04-29 14:15,162,64,98,0,0,0
2023-04-29 14:30,163,61,102,0,0,0
2023-04-29 14:45,156,62,94,0,0,0
2023-04-29 15:00,145,66,79,0,0,0
2023-04-29 15:15,148,78,70,0,0,0
2023-04-29 15:30,139,79,60,0,0,0
2023-04-29 15:45,132,62,70,0,0,0
2023-04-29 16:00,124,52,72,0,0,0
2023-04-29 16:15,104,46,58,0,0,0
2023-04-29 16:30,120,45,75,0,0,0
2023-04-29 16:45,117,50,67,0,0,0
2023-04-29 17:00,130,48,82,0,0,0
2023-04-29 17:15,136,66,70,0,0,0
2023-04-29 17:30,132,70,62,0,0,0
2023-04-29 17:45,151,52,99,0,0,0
2023-04-29 18:00,140,57,83,0,0,0
2023-04-29 18:15,138,55,83,0,0,0
2023-04-29 18:30,130,47,83,0,0,0
2023-04-29 18:45,177,56,121,0,0,0
2023-04-29 19:00,140,46,94,0,0,0
2023-04-29 19:15,125,65,60,0,0,0
2023-04-29 19:30,75,36,39,0,0,0
2023-04-29 19:45,101,41,60,0,0,0
2023-04-29 20:00,67,27,40,0,0,0
2023-04-29 20:15,76,21,55,0,0,0
2023-04-29 20:30,57,23,34,0,0,0
2023-04-29 20:45,54,26,28,0,0,0
2023-04-29 21:00,52,16,36,0,0,0
2023-04-29 21:15,54,17,37,0,0,0
2023-04-29 21:30,45,22,23,0,0,0
2023-04-29 21:45,138,118,20,0,0,0
2023-04-29 22:00,106,86,20,0,0,0
2023-04-29 22:15,64,35,29,0,0,0
2023-04-29 22:30,52,23,29,0,0,0
2023-04-29 22:45,54,35,19,0,0,0
2023-04-29 23:00,35,9,26,0,0,0
2023-04-29 23:15,32,7,25,0,0,0
2023-04-29 23:30,48,23,25,0,0,0
2023-04-29 23:45,33,17,16,0,0,0
