Datetime,100034980 (Hammer Straße),101034980 (Hammer Straße stadteinwärts),102034980 (Hammer Straße stadtauswärts),100034980-status,101034980-status,102034980-status
2023-12-01 00:00,30,10,20,0,0,0
2023-12-01 00:15,14,4,10,0,0,0
2023-12-01 00:30,10,2,8,0,0,0
2023-12-01 00:45,8,2,6,0,0,0
2023-12-01 01:00,6,1,5,0,0,0
2023-12-01 01:15,3,2,1,0,0,0
2023-12-01 01:30,2,0,2,0,0,0
2023-12-01 01:45,2,0,2,0,0,0
2023-12-01 02:00,2,0,2,0,0,0
2023-12-01 02:15,7,3,4,0,0,0
2023-12-01 02:30,2,1,1,0,0,0
2023-12-01 02:45,3,0,3,0,0,0
2023-12-01 03:00,3,2,1,0,0,0
2023-12-01 03:15,2,2,0,0,0,0
2023-12-01 03:30,1,1,0,0,0,0
2023-12-01 03:45,3,3,0,0,0,0
2023-12-01 04:00,1,1,0,0,0,0
2023-12-01 04:15,2,0,2,0,0,0
2023-12-01 04:30,4,2,2,0,0,0
2023-12-01 04:45,0,0,0,0,0,0
2023-12-01 05:00,4,4,0,0,0,0
2023-12-01 05:15,9,4,5,0,0,0
2023-12-01 05:30,16,5,11,0,0,0
2023-12-01 05:45,13,10,3,0,0,0
2023-12-01 06:00,15,11,4,0,0,0
2023-12-01 06:15,24,20,4,0,0,0
2023-12-01 06:30,27,20,7,0,0,0
2023-12-01 06:45,53,31,22,0,0,0
2023-12-01 07:00,58,37,21,0,0,0
2023-12-01 07:15,92,56,36,0,0,0
2023-12-01 07:30,128,75,53,0,0,0
2023-12-01 07:45,156,104,52,0,0,0
2023-12-01 08:00,117,71,46,0,0,0
2023-12-01 08:15,141,99,42,0,0,0
2023-12-01 08:30,106,69,37,0,0,0
2023-12-01 08:45,111,76,35,0,0,0
2023-12-01 09:00,92,65,27,0,0,0
2023-12-01 09:15,80,60,20,0,0,0
2023-12-01 09:30,90,64,26,0,0,0
2023-12-01 09:45,140,108,32,0,0,0
2023-12-01 10:00,97,60,37,0,0,0
2023-12-01 10:15,78,53,25,0,0,0
2023-12-01 10:30,96,50,46,0,0,0
2023-12-01 10:45,91,53,38,0,0,0
2023-12-01 11:00,100,49,51,0,0,0
2023-12-01 11:15,102,57,45,0,0,0
2023-12-01 11:30,119,70,49,0,0,0
2023-12-01 11:45,122,63,59,0,0,0
2023-12-01 12:00,117,52,65,0,0,0
2023-12-01 12:15,139,60,79,0,0,0
2023-12-01 12:30,137,59,78,0,0,0
2023-12-01 12:45,141,69,72,0,0,0
2023-12-01 13:00,153,65,88,0,0,0
2023-12-01 13:15,160,62,98,0,0,0
2023-12-01 13:30,137,55,82,0,0,0
2023-12-01 13:45,159,73,86,0,0,0
2023-12-01 14:00,145,59,86,0,0,0
2023-12-01 14:15,173,68,105,0,0,0
2023-12-01 14:30,158,73,85,0,0,0
2023-12-01 14:45,174,78,96,0,0,0
2023-12-01 15:00,149,68,81,0,0,0
2023-12-01 15:15,164,76,88,0,0,0
2023-12-01 15:30,122,63,59,0,0,0
2023-12-01 15:45,156,75,81,0,0,0
2023-12-01 16:00,160,85,75,0,0,0
2023-12-01 16:15,140,63,77,0,0,0
2023-12-01 16:30,154,70,84,0,0,0
2023-12-01 16:45,160,88,72,0,0,0
2023-12-01 17:00,127,64,63,0,0,0
2023-12-01 17:15,134,60,74,0,0,0
2023-12-01 17:30,139,63,76,0,0,0
2023-12-01 17:45,154,76,78,0,0,0
2023-12-01 18:00,142,60,82,0,0,0
2023-12-01 18:15,135,66,69,0,0,0
2023-12-01 18:30,135,61,74,0,0,0
2023-12-01 18:45,146,70,76,0,0,0
2023-12-01 19:00,91,29,62,0,0,0
2023-12-01 19:15,113,41,72,0,0,0
2023-12-01 19:30,107,51,56,0,0,0
2023-12-01 19:45,93,37,56,0,0,0
2023-12-01 20:00,81,34,47,0,0,0
2023-12-01 20:15,81,35,46,0,0,0
2023-12-01 20:30,83,24,59,0,0,0
2023-12-01 20:45,77,16,61,0,0,0
2023-12-01 21:00,69,18,51,0,0,0
2023-12-01 21:15,80,16,64,0,0,0
2023-12-01 21:30,63,18,45,0,0,0
2023-12-01 21:45,53,23,30,0,0,0
2023-12-01 22:00,46,16,30,0,0,0
2023-12-01 22:15,44,9,35,0,0,0
2023-12-01 22:30,72,15,57,0,0,0
2023-12-01 22:45,52,12,40,0,0,0
2023-12-01 23:00,51,10,41,0,0,0
2023-12-01 23:15,56,20,36,0,0,0
2023-12-01 23:30,45,13,32,0,0,0
2023-12-01 23:45,38,8,30,0,0,0
2023-12-02 00:00,35,6,29,0,0,0
2023-12-02 00:15,47,13,34,0,0,0
2023-12-02 00:30,36,14,22,0,0,0
2023-12-02 00:45,18,5,13,0,0,0
2023-12-02 01:00,13,6,7,0,0,0
2023-12-02 01:15,20,7,13,0,0,0
2023-12-02 01:30,28,9,19,0,0,0
2023-12-02 01:45,19,3,16,0,0,0
2023-12-02 02:00,6,3,3,0,0,0
2023-12-02 02:15,16,7,9,0,0,0
2023-12-02 02:30,10,1,9,0,0,0
2023-12-02 02:45,11,5,6,0,0,0
2023-12-02 03:00,10,3,7,0,0,0
2023-12-02 03:15,10,3,7,0,0,0
2023-12-02 03:30,5,0,5,0,0,0
2023-12-02 03:45,2,1,1,0,0,0
2023-12-02 04:00,4,3,1,0,0,0
2023-12-02 04:15,6,3,3,0,0,0
2023-12-02 04:30,2,1,1,0,0,0
2023-12-02 04:45,5,1,4,0,0,0
2023-12-02 05:00,5,4,1,0,0,0
2023-12-02 05:15,10,5,5,0,0,0
2023-12-02 05:30,6,2,4,0,0,0
2023-12-02 05:45,9,3,6,0,0,0
2023-12-02 06:00,7,7,0,0,0,0
2023-12-02 06:15,8,2,6,0,0,0
2023-12-02 06:30,11,7,4,0,0,0
2023-12-02 06:45,11,3,8,0,0,0
2023-12-02 07:00,9,6,3,0,0,0
2023-12-02 07:15,11,4,7,0,0,0
2023-12-02 07:30,11,9,2,0,0,0
2023-12-02 07:45,25,11,14,0,0,0
2023-12-02 08:00,24,12,12,0,0,0
2023-12-02 08:15,22,17,5,0,0,0
2023-12-02 08:30,31,21,10,0,0,0
2023-12-02 08:45,46,26,20,0,0,0
2023-12-02 09:00,53,39,14,0,0,0
2023-12-02 09:15,60,48,12,0,0,0
2023-12-02 09:30,75,49,26,0,0,0
2023-12-02 09:45,110,71,39,0,0,0
2023-12-02 10:00,91,70,21,0,0,0
2023-12-02 10:15,94,63,31,0,0,0
2023-12-02 10:30,137,81,56,0,0,0
2023-12-02 10:45,122,64,58,0,0,0
2023-12-02 11:00,111,82,29,0,0,0
2023-12-02 11:15,93,67,26,0,0,0
2023-12-02 11:30,129,85,44,0,0,0
2023-12-02 11:45,115,71,44,0,0,0
2023-12-02 12:00,144,82,62,0,0,0
2023-12-02 12:15,147,78,69,0,0,0
2023-12-02 12:30,162,80,82,0,0,0
2023-12-02 12:45,133,67,66,0,0,0
2023-12-02 13:00,162,85,77,0,0,0
2023-12-02 13:15,114,58,56,0,0,0
2023-12-02 13:30,149,60,89,0,0,0
2023-12-02 13:45,122,49,73,0,0,0
2023-12-02 14:00,128,63,65,0,0,0
2023-12-02 14:15,121,60,61,0,0,0
2023-12-02 14:30,122,43,79,0,0,0
2023-12-02 14:45,153,66,87,0,0,0
2023-12-02 15:00,113,51,62,0,0,0
2023-12-02 15:15,115,41,74,0,0,0
2023-12-02 15:30,116,51,65,0,0,0
2023-12-02 15:45,123,65,58,0,0,0
2023-12-02 16:00,99,43,56,0,0,0
2023-12-02 16:15,99,46,53,0,0,0
2023-12-02 16:30,99,47,52,0,0,0
2023-12-02 16:45,106,45,61,0,0,0
2023-12-02 17:00,115,55,60,0,0,0
2023-12-02 17:15,84,40,44,0,0,0
2023-12-02 17:30,106,38,68,0,0,0
2023-12-02 17:45,147,69,78,0,0,0
2023-12-02 18:00,140,54,86,0,0,0
2023-12-02 18:15,100,33,67,0,0,0
2023-12-02 18:30,89,47,42,0,0,0
2023-12-02 18:45,110,48,62,0,0,0
2023-12-02 19:00,113,54,59,0,0,0
2023-12-02 19:15,95,43,52,0,0,0
2023-12-02 19:30,88,24,64,0,0,0
2023-12-02 19:45,88,35,53,0,0,0
2023-12-02 20:00,95,33,62,0,0,0
2023-12-02 20:15,58,15,43,0,0,0
2023-12-02 20:30,60,15,45,0,0,0
2023-12-02 20:45,61,13,48,0,0,0
2023-12-02 21:00,59,17,42,0,0,0
2023-12-02 21:15,62,9,53,0,0,0
2023-12-02 21:30,58,18,40,0,0,0
2023-12-02 21:45,45,16,29,0,0,0
2023-12-02 22:00,34,11,23,0,0,0
2023-12-02 22:15,40,16,24,0,0,0
2023-12-02 22:30,33,14,19,0,0,0
2023-12-02 22:45,55,18,37,0,0,0
2023-12-02 23:00,47,18,29,0,0,0
2023-12-02 23:15,34,7,27,0,0,0
2023-12-02 23:30,31,8,23,0,0,0
2023-12-02 23:45,39,12,27,0,0,0
2023-12-03 00:00,26,12,14,0,0,0
2023-12-03 00:15,25,3,22,0,0,0
2023-12-03 00:30,41,12,29,0,0,0
2023-12-03 00:45,14,5,9,0,0,0
2023-12-03 01:00,37,16,21,0,0,0
2023-12-03 01:15,18,3,15,0,0,0
2023-12-03 01:30,24,5,19,0,0,0
2023-12-03 01:45,15,4,11,0,0,0
2023-12-03 02:00,8,4,4,0,0,0
2023-12-03 02:15,28,13,15,0,0,0
2023-12-03 02:30,11,0,11,0,0,0
2023-12-03 02:45,16,3,13,0,0,0
2023-12-03 03:00,13,1,12,0,0,0
2023-12-03 03:15,12,3,9,0,0,0
2023-12-03 03:30,7,3,4,0,0,0
2023-12-03 03:45,2,0,2,0,0,0
2023-12-03 04:00,7,2,5,0,0,0
2023-12-03 04:15,3,1,2,0,0,0
2023-12-03 04:30,2,0,2,0,0,0
2023-12-03 04:45,6,4,2,0,0,0
2023-12-03 05:00,7,3,4,0,0,0
2023-12-03 05:15,2,1,1,0,0,0
2023-12-03 05:30,3,0,3,0,0,0
2023-12-03 05:45,2,1,1,0,0,0
2023-12-03 06:00,7,5,2,0,0,0
2023-12-03 06:15,5,2,3,0,0,0
2023-12-03 06:30,6,2,4,0,0,0
2023-12-03 06:45,3,1,2,0,0,0
2023-12-03 07:00,3,3,0,0,0,0
2023-12-03 07:15,2,0,2,0,0,0
2023-12-03 07:30,5,1,4,0,0,0
2023-12-03 07:45,6,3,3,0,0,0
2023-12-03 08:00,3,3,0,0,0,0
2023-12-03 08:15,5,4,1,0,0,0
2023-12-03 08:30,12,5,7,0,0,0
2023-12-03 08:45,15,13,2,0,0,0
2023-12-03 09:00,11,8,3,0,0,0
2023-12-03 09:15,22,16,6,0,0,0
2023-12-03 09:30,32,15,17,0,0,0
2023-12-03 09:45,44,27,17,0,0,0
2023-12-03 10:00,32,22,10,0,0,0
2023-12-03 10:15,30,19,11,0,0,0
2023-12-03 10:30,32,15,17,0,0,0
2023-12-03 10:45,38,26,12,0,0,0
2023-12-03 11:00,32,16,16,0,0,0
2023-12-03 11:15,46,24,22,0,0,0
2023-12-03 11:30,39,20,19,0,0,0
2023-12-03 11:45,44,29,15,0,0,0
2023-12-03 12:00,40,26,14,0,0,0
2023-12-03 12:15,44,23,21,0,0,0
2023-12-03 12:30,55,32,23,0,0,0
2023-12-03 12:45,63,42,21,0,0,0
2023-12-03 13:00,56,28,28,0,0,0
2023-12-03 13:15,59,29,30,0,0,0
2023-12-03 13:30,51,20,31,0,0,0
2023-12-03 13:45,78,46,32,0,0,0
2023-12-03 14:00,56,22,34,0,0,0
2023-12-03 14:15,71,42,29,0,0,0
2023-12-03 14:30,71,32,39,0,0,0
2023-12-03 14:45,85,45,40,0,0,0
2023-12-03 15:00,92,41,51,0,0,0
2023-12-03 15:15,55,26,29,0,0,0
2023-12-03 15:30,58,29,29,0,0,0
2023-12-03 15:45,76,34,42,0,0,0
2023-12-03 16:00,52,30,22,0,0,0
2023-12-03 16:15,56,32,24,0,0,0
2023-12-03 16:30,72,29,43,0,0,0
2023-12-03 16:45,79,51,28,0,0,0
2023-12-03 17:00,65,23,42,0,0,0
2023-12-03 17:15,65,26,39,0,0,0
2023-12-03 17:30,53,20,33,0,0,0
2023-12-03 17:45,68,30,38,0,0,0
2023-12-03 18:00,59,21,38,0,0,0
2023-12-03 18:15,62,22,40,0,0,0
2023-12-03 18:30,54,19,35,0,0,0
2023-12-03 18:45,37,17,20,0,0,0
2023-12-03 19:00,52,25,27,0,0,0
2023-12-03 19:15,52,14,38,0,0,0
2023-12-03 19:30,42,13,29,0,0,0
2023-12-03 19:45,38,10,28,0,0,0
2023-12-03 20:00,54,15,39,0,0,0
2023-12-03 20:15,59,8,51,0,0,0
2023-12-03 20:30,47,14,33,0,0,0
2023-12-03 20:45,22,13,9,0,0,0
2023-12-03 21:00,23,8,15,0,0,0
2023-12-03 21:15,40,12,28,0,0,0
2023-12-03 21:30,24,8,16,0,0,0
2023-12-03 21:45,26,9,17,0,0,0
2023-12-03 22:00,10,4,6,0,0,0
2023-12-03 22:15,20,6,14,0,0,0
2023-12-03 22:30,18,6,12,0,0,0
2023-12-03 22:45,8,1,7,0,0,0
2023-12-03 23:00,8,2,6,0,0,0
2023-12-03 23:15,9,2,7,0,0,0
2023-12-03 23:30,9,6,3,0,0,0
2023-12-03 23:45,4,1,3,0,0,0
2023-12-04 00:00,7,1,6,0,0,0
2023-12-04 00:15,0,0,0,0,0,0
2023-12-04 00:30,4,1,3,0,0,0
2023-12-04 00:45,2,1,1,0,0,0
2023-12-04 01:00,1,0,1,0,0,0
2023-12-04 01:15,0,0,0,0,0,0
2023-12-04 01:30,2,0,2,0,0,0
2023-12-04 01:45,3,2,1,0,0,0
2023-12-04 02:00,0,0,0,0,0,0
2023-12-04 02:15,0,0,0,0,0,0
2023-12-04 02:30,2,0,2,0,0,0
2023-12-04 02:45,0,0,0,0,0,0
2023-12-04 03:00,0,0,0,0,0,0
2023-12-04 03:15,1,1,0,0,0,0
2023-12-04 03:30,2,0,2,0,0,0
2023-12-04 03:45,0,0,0,0,0,0
2023-12-04 04:00,0,0,0,0,0,0
2023-12-04 04:15,0,0,0,0,0,0
2023-12-04 04:30,1,1,0,0,0,0
2023-12-04 04:45,3,3,0,0,0,0
2023-12-04 05:00,6,3,3,0,0,0
2023-12-04 05:15,10,4,6,0,0,0
2023-12-04 05:30,11,7,4,0,0,0
2023-12-04 05:45,12,9,3,0,0,0
2023-12-04 06:00,20,17,3,0,0,0
2023-12-04 06:15,27,20,7,0,0,0
2023-12-04 06:30,40,24,16,0,0,0
2023-12-04 06:45,46,30,16,0,0,0
2023-12-04 07:00,68,34,34,0,0,0
2023-12-04 07:15,107,75,32,0,0,0
2023-12-04 07:30,152,102,50,0,0,0
2023-12-04 07:45,159,115,44,0,0,0
2023-12-04 08:00,152,105,47,0,0,0
2023-12-04 08:15,126,92,34,0,0,0
2023-12-04 08:30,104,58,46,0,0,0
2023-12-04 08:45,106,68,38,0,0,0
2023-12-04 09:00,79,58,21,0,0,0
2023-12-04 09:15,79,48,31,0,0,0
2023-12-04 09:30,79,57,22,0,0,0
2023-12-04 09:45,98,67,31,0,0,0
2023-12-04 10:00,96,67,29,0,0,0
2023-12-04 10:15,66,43,23,0,0,0
2023-12-04 10:30,86,47,39,0,0,0
2023-12-04 10:45,75,37,38,0,0,0
2023-12-04 11:00,92,49,43,0,0,0
2023-12-04 11:15,76,39,37,0,0,0
2023-12-04 11:30,81,42,39,0,0,0
2023-12-04 11:45,123,55,68,0,0,0
2023-12-04 12:00,91,44,47,0,0,0
2023-12-04 12:15,108,55,53,0,0,0
2023-12-04 12:30,104,44,60,0,0,0
2023-12-04 12:45,88,39,49,0,0,0
2023-12-04 13:00,125,42,83,0,0,0
2023-12-04 13:15,115,55,60,0,0,0
2023-12-04 13:30,132,54,78,0,0,0
2023-12-04 13:45,116,55,61,0,0,0
2023-12-04 14:00,111,52,59,0,0,0
2023-12-04 14:15,112,61,51,0,0,0
2023-12-04 14:30,115,54,61,0,0,0
2023-12-04 14:45,151,77,74,0,0,0
2023-12-04 15:00,146,74,72,0,0,0
2023-12-04 15:15,126,52,74,0,0,0
2023-12-04 15:30,110,46,64,0,0,0
2023-12-04 15:45,174,77,97,0,0,0
2023-12-04 16:00,160,66,94,0,0,0
2023-12-04 16:15,154,67,87,0,0,0
2023-12-04 16:30,145,52,93,0,0,0
2023-12-04 16:45,183,80,103,0,0,0
2023-12-04 17:00,154,73,81,0,0,0
2023-12-04 17:15,180,70,110,0,0,0
2023-12-04 17:30,136,60,76,0,0,0
2023-12-04 17:45,170,73,97,0,0,0
2023-12-04 18:00,174,80,94,0,0,0
2023-12-04 18:15,152,54,98,0,0,0
2023-12-04 18:30,122,40,82,0,0,0
2023-12-04 18:45,117,53,64,0,0,0
2023-12-04 19:00,89,28,61,0,0,0
2023-12-04 19:15,118,28,90,0,0,0
2023-12-04 19:30,102,35,67,0,0,0
2023-12-04 19:45,74,17,57,0,0,0
2023-12-04 20:00,119,17,102,0,0,0
2023-12-04 20:15,68,13,55,0,0,0
2023-12-04 20:30,46,7,39,0,0,0
2023-12-04 20:45,35,7,28,0,0,0
2023-12-04 21:00,44,12,32,0,0,0
2023-12-04 21:15,43,11,32,0,0,0
2023-12-04 21:30,46,11,35,0,0,0
2023-12-04 21:45,32,9,23,0,0,0
2023-12-04 22:00,27,12,15,0,0,0
2023-12-04 22:15,39,13,26,0,0,0
2023-12-04 22:30,28,9,19,0,0,0
2023-12-04 22:45,25,3,22,0,0,0
2023-12-04 23:00,15,0,15,0,0,0
2023-12-04 23:15,15,11,4,0,0,0
2023-12-04 23:30,18,10,8,0,0,0
2023-12-04 23:45,20,3,17,0,0,0
2023-12-05 00:00,14,6,8,0,0,0
2023-12-05 00:15,5,1,4,0,0,0
2023-12-05 00:30,7,2,5,0,0,0
2023-12-05 00:45,8,5,3,0,0,0
2023-12-05 01:00,1,0,1,0,0,0
2023-12-05 01:15,1,0,1,0,0,0
2023-12-05 01:30,2,1,1,0,0,0
2023-12-05 01:45,3,1,2,0,0,0
2023-12-05 02:00,1,0,1,0,0,0
2023-12-05 02:15,1,0,1,0,0,0
2023-12-05 02:30,5,0,5,0,0,0
2023-12-05 02:45,0,0,0,0,0,0
2023-12-05 03:00,1,1,0,0,0,0
2023-12-05 03:15,0,0,0,0,0,0
2023-12-05 03:30,2,2,0,0,0,0
2023-12-05 03:45,0,0,0,0,0,0
2023-12-05 04:00,0,0,0,0,0,0
2023-12-05 04:15,1,1,0,0,0,0
2023-12-05 04:30,1,1,0,0,0,0
2023-12-05 04:45,2,2,0,0,0,0
2023-12-05 05:00,5,4,1,0,0,0
2023-12-05 05:15,7,2,5,0,0,0
2023-12-05 05:30,9,7,2,0,0,0
2023-12-05 05:45,13,8,5,0,0,0
2023-12-05 06:00,21,16,5,0,0,0
2023-12-05 06:15,27,22,5,0,0,0
2023-12-05 06:30,49,37,12,0,0,0
2023-12-05 06:45,49,28,21,0,0,0
2023-12-05 07:00,73,36,37,0,0,0
2023-12-05 07:15,102,67,35,0,0,0
2023-12-05 07:30,168,110,58,0,0,0
2023-12-05 07:45,180,124,56,0,0,0
2023-12-05 08:00,150,100,50,0,0,0
2023-12-05 08:15,140,92,48,0,0,0
2023-12-05 08:30,111,73,38,0,0,0
2023-12-05 08:45,125,74,51,0,0,0
2023-12-05 09:00,93,66,27,0,0,0
2023-12-05 09:15,83,61,22,0,0,0
2023-12-05 09:30,70,45,25,0,0,0
2023-12-05 09:45,114,81,33,0,0,0
2023-12-05 10:00,94,67,27,0,0,0
2023-12-05 10:15,66,40,26,0,0,0
2023-12-05 10:30,72,42,30,0,0,0
2023-12-05 10:45,95,54,41,0,0,0
2023-12-05 11:00,76,40,36,0,0,0
2023-12-05 11:15,75,43,32,0,0,0
2023-12-05 11:30,91,55,36,0,0,0
2023-12-05 11:45,102,55,47,0,0,0
2023-12-05 12:00,104,60,44,0,0,0
2023-12-05 12:15,121,54,67,0,0,0
2023-12-05 12:30,105,30,75,0,0,0
2023-12-05 12:45,101,45,56,0,0,0
2023-12-05 13:00,116,43,73,0,0,0
2023-12-05 13:15,114,43,71,0,0,0
2023-12-05 13:30,109,41,68,0,0,0
2023-12-05 13:45,129,64,65,0,0,0
2023-12-05 14:00,128,58,70,0,0,0
2023-12-05 14:15,120,47,73,0,0,0
2023-12-05 14:30,137,64,73,0,0,0
2023-12-05 14:45,134,63,71,0,0,0
2023-12-05 15:00,112,50,62,0,0,0
2023-12-05 15:15,124,46,78,0,0,0
2023-12-05 15:30,116,56,60,0,0,0
2023-12-05 15:45,136,59,77,0,0,0
2023-12-05 16:00,152,66,86,0,0,0
2023-12-05 16:15,169,70,99,0,0,0
2023-12-05 16:30,153,61,92,0,0,0
2023-12-05 16:45,160,75,85,0,0,0
2023-12-05 17:00,116,46,70,0,0,0
2023-12-05 17:15,150,64,86,0,0,0
2023-12-05 17:30,163,78,85,0,0,0
2023-12-05 17:45,153,66,87,0,0,0
2023-12-05 18:00,130,58,72,0,0,0
2023-12-05 18:15,146,56,90,0,0,0
2023-12-05 18:30,136,55,81,0,0,0
2023-12-05 18:45,139,58,81,0,0,0
2023-12-05 19:00,102,42,60,0,0,0
2023-12-05 19:15,108,33,75,0,0,0
2023-12-05 19:30,77,25,52,0,0,0
2023-12-05 19:45,101,26,75,0,0,0
2023-12-05 20:00,88,24,64,0,0,0
2023-12-05 20:15,96,28,68,0,0,0
2023-12-05 20:30,54,12,42,0,0,0
2023-12-05 20:45,56,25,31,0,0,0
2023-12-05 21:00,46,7,39,0,0,0
2023-12-05 21:15,39,14,25,0,0,0
2023-12-05 21:30,54,10,44,0,0,0
2023-12-05 21:45,44,8,36,0,0,0
2023-12-05 22:00,55,20,35,0,0,0
2023-12-05 22:15,47,10,37,0,0,0
2023-12-05 22:30,46,15,31,0,0,0
2023-12-05 22:45,29,7,22,0,0,0
2023-12-05 23:00,26,6,20,0,0,0
2023-12-05 23:15,18,2,16,0,0,0
2023-12-05 23:30,14,2,12,0,0,0
2023-12-05 23:45,13,6,7,0,0,0
2023-12-06 00:00,17,3,14,0,0,0
2023-12-06 00:15,12,4,8,0,0,0
2023-12-06 00:30,12,0,12,0,0,0
2023-12-06 00:45,3,1,2,0,0,0
2023-12-06 01:00,5,3,2,0,0,0
2023-12-06 01:15,3,0,3,0,0,0
2023-12-06 01:30,1,0,1,0,0,0
2023-12-06 01:45,6,0,6,0,0,0
2023-12-06 02:00,1,0,1,0,0,0
2023-12-06 02:15,0,0,0,0,0,0
2023-12-06 02:30,0,0,0,0,0,0
2023-12-06 02:45,1,0,1,0,0,0
2023-12-06 03:00,3,0,3,0,0,0
2023-12-06 03:15,1,1,0,0,0,0
2023-12-06 03:30,2,1,1,0,0,0
2023-12-06 03:45,0,0,0,0,0,0
2023-12-06 04:00,2,0,2,0,0,0
2023-12-06 04:15,0,0,0,0,0,0
2023-12-06 04:30,1,1,0,0,0,0
2023-12-06 04:45,3,3,0,0,0,0
2023-12-06 05:00,7,6,1,0,0,0
2023-12-06 05:15,5,0,5,0,0,0
2023-12-06 05:30,14,6,8,0,0,0
2023-12-06 05:45,8,6,2,0,0,0
2023-12-06 06:00,24,16,8,0,0,0
2023-12-06 06:15,25,17,8,0,0,0
2023-12-06 06:30,46,30,16,0,0,0
2023-12-06 06:45,61,40,21,0,0,0
2023-12-06 07:00,65,34,31,0,0,0
2023-12-06 07:15,108,64,44,0,0,0
2023-12-06 07:30,158,109,49,0,0,0
2023-12-06 07:45,188,116,72,0,0,0
2023-12-06 08:00,144,103,41,0,0,0
2023-12-06 08:15,140,87,53,0,0,0
2023-12-06 08:30,117,86,31,0,0,0
2023-12-06 08:45,117,84,33,0,0,0
2023-12-06 09:00,117,72,45,0,0,0
2023-12-06 09:15,92,62,30,0,0,0
2023-12-06 09:30,78,53,25,0,0,0
2023-12-06 09:45,99,83,16,0,0,0
2023-12-06 10:00,88,56,32,0,0,0
2023-12-06 10:15,99,57,42,0,0,0
2023-12-06 10:30,91,59,32,0,0,0
2023-12-06 10:45,72,50,22,0,0,0
2023-12-06 11:00,73,38,35,0,0,0
2023-12-06 11:15,90,60,30,0,0,0
2023-12-06 11:30,85,50,35,0,0,0
2023-12-06 11:45,121,61,60,0,0,0
2023-12-06 12:00,120,62,58,0,0,0
2023-12-06 12:15,126,53,73,0,0,0
2023-12-06 12:30,138,73,65,0,0,0
2023-12-06 12:45,140,65,75,0,0,0
2023-12-06 13:00,153,61,92,0,0,0
2023-12-06 13:15,134,60,74,0,0,0
2023-12-06 13:30,147,60,87,0,0,0
2023-12-06 13:45,157,76,81,0,0,0
2023-12-06 14:00,145,70,75,0,0,0
2023-12-06 14:15,126,55,71,0,0,0
2023-12-06 14:30,116,52,64,0,0,0
2023-12-06 14:45,145,66,79,0,0,0
2023-12-06 15:00,146,67,79,0,0,0
2023-12-06 15:15,126,49,77,0,0,0
2023-12-06 15:30,142,55,87,0,0,0
2023-12-06 15:45,169,72,97,0,0,0
2023-12-06 16:00,177,81,96,0,0,0
2023-12-06 16:15,151,70,81,0,0,0
2023-12-06 16:30,166,86,80,0,0,0
2023-12-06 16:45,173,56,117,0,0,0
2023-12-06 17:00,185,82,103,0,0,0
2023-12-06 17:15,166,81,85,0,0,0
2023-12-06 17:30,182,83,99,0,0,0
2023-12-06 17:45,233,112,121,0,0,0
2023-12-06 18:00,169,70,99,0,0,0
2023-12-06 18:15,179,81,98,0,0,0
2023-12-06 18:30,138,46,92,0,0,0
2023-12-06 18:45,127,48,79,0,0,0
2023-12-06 19:00,109,28,81,0,0,0
2023-12-06 19:15,130,44,86,0,0,0
2023-12-06 19:30,107,40,67,0,0,0
2023-12-06 19:45,98,44,54,0,0,0
2023-12-06 20:00,108,40,68,0,0,0
2023-12-06 20:15,115,20,95,0,0,0
2023-12-06 20:30,75,25,50,0,0,0
2023-12-06 20:45,59,12,47,0,0,0
2023-12-06 21:00,58,16,42,0,0,0
2023-12-06 21:15,72,21,51,0,0,0
2023-12-06 21:30,62,15,47,0,0,0
2023-12-06 21:45,55,14,41,0,0,0
2023-12-06 22:00,56,23,33,0,0,0
2023-12-06 22:15,53,17,36,0,0,0
2023-12-06 22:30,38,10,28,0,0,0
2023-12-06 22:45,54,22,32,0,0,0
2023-12-06 23:00,41,18,23,0,0,0
2023-12-06 23:15,18,6,12,0,0,0
2023-12-06 23:30,34,11,23,0,0,0
2023-12-06 23:45,21,5,16,0,0,0
2023-12-07 00:00,11,4,7,0,0,0
2023-12-07 00:15,19,4,15,0,0,0
2023-12-07 00:30,9,0,9,0,0,0
2023-12-07 00:45,12,1,11,0,0,0
2023-12-07 01:00,9,1,8,0,0,0
2023-12-07 01:15,7,4,3,0,0,0
2023-12-07 01:30,4,0,4,0,0,0
2023-12-07 01:45,5,2,3,0,0,0
2023-12-07 02:00,3,0,3,0,0,0
2023-12-07 02:15,11,4,7,0,0,0
2023-12-07 02:30,1,0,1,0,0,0
2023-12-07 02:45,7,0,7,0,0,0
2023-12-07 03:00,2,1,1,0,0,0
2023-12-07 03:15,7,2,5,0,0,0
2023-12-07 03:30,2,0,2,0,0,0
2023-12-07 03:45,2,1,1,0,0,0
2023-12-07 04:00,3,0,3,0,0,0
2023-12-07 04:15,0,0,0,0,0,0
2023-12-07 04:30,3,2,1,0,0,0
2023-12-07 04:45,2,2,0,0,0,0
2023-12-07 05:00,5,5,0,0,0,0
2023-12-07 05:15,6,2,4,0,0,0
2023-12-07 05:30,18,11,7,0,0,0
2023-12-07 05:45,10,7,3,0,0,0
2023-12-07 06:00,25,17,8,0,0,0
2023-12-07 06:15,30,24,6,0,0,0
2023-12-07 06:30,49,32,17,0,0,0
2023-12-07 06:45,64,33,31,0,0,0
2023-12-07 07:00,71,42,29,0,0,0
2023-12-07 07:15,96,66,30,0,0,0
2023-12-07 07:30,161,113,48,0,0,0
2023-12-07 07:45,186,127,59,0,0,0
2023-12-07 08:00,149,101,48,0,0,0
2023-12-07 08:15,140,92,48,0,0,0
2023-12-07 08:30,128,77,51,0,0,0
2023-12-07 08:45,122,85,37,0,0,0
2023-12-07 09:00,91,61,30,0,0,0
2023-12-07 09:15,88,55,33,0,0,0
2023-12-07 09:30,80,51,29,0,0,0
2023-12-07 09:45,139,90,49,0,0,0
2023-12-07 10:00,112,77,35,0,0,0
2023-12-07 10:15,97,61,36,0,0,0
2023-12-07 10:30,90,57,33,0,0,0
2023-12-07 10:45,115,67,48,0,0,0
2023-12-07 11:00,108,65,43,0,0,0
2023-12-07 11:15,124,61,63,0,0,0
2023-12-07 11:30,113,60,53,0,0,0
2023-12-07 11:45,138,74,64,0,0,0
2023-12-07 12:00,143,58,85,0,0,0
2023-12-07 12:15,139,62,77,0,0,0
2023-12-07 12:30,160,70,90,0,0,0
2023-12-07 12:45,142,73,69,0,0,0
2023-12-07 13:00,118,51,67,0,0,0
2023-12-07 13:15,130,53,77,0,0,0
2023-12-07 13:30,128,63,65,0,0,0
2023-12-07 13:45,164,75,89,0,0,0
2023-12-07 14:00,150,66,84,0,0,0
2023-12-07 14:15,131,61,70,0,0,0
2023-12-07 14:30,141,63,78,0,0,0
2023-12-07 14:45,160,74,86,0,0,0
2023-12-07 15:00,151,61,90,0,0,0
2023-12-07 15:15,161,70,91,0,0,0
2023-12-07 15:30,162,67,95,0,0,0
2023-12-07 15:45,196,105,91,0,0,0
2023-12-07 16:00,182,80,102,0,0,0
2023-12-07 16:15,149,73,76,0,0,0
2023-12-07 16:30,209,96,113,0,0,0
2023-12-07 16:45,220,116,104,0,0,0
2023-12-07 17:00,195,94,101,0,0,0
2023-12-07 17:15,200,91,109,0,0,0
2023-12-07 17:30,179,76,103,0,0,0
2023-12-07 17:45,235,113,122,0,0,0
2023-12-07 18:00,197,73,124,0,0,0
2023-12-07 18:15,196,81,115,0,0,0
2023-12-07 18:30,171,78,93,0,0,0
2023-12-07 18:45,194,54,140,0,0,0
2023-12-07 19:00,153,53,100,0,0,0
2023-12-07 19:15,133,40,93,0,0,0
2023-12-07 19:30,126,47,79,0,0,0
2023-12-07 19:45,146,32,114,0,0,0
2023-12-07 20:00,118,24,94,0,0,0
2023-12-07 20:15,153,22,131,0,0,0
2023-12-07 20:30,78,11,67,0,0,0
2023-12-07 20:45,56,13,43,0,0,0
2023-12-07 21:00,69,19,50,0,0,0
2023-12-07 21:15,68,18,50,0,0,0
2023-12-07 21:30,41,9,32,0,0,0
2023-12-07 21:45,60,14,46,0,0,0
2023-12-07 22:00,55,10,45,0,0,0
2023-12-07 22:15,102,52,50,0,0,0
2023-12-07 22:30,74,30,44,0,0,0
2023-12-07 22:45,92,51,41,0,0,0
2023-12-07 23:00,53,14,39,0,0,0
2023-12-07 23:15,52,22,30,0,0,0
2023-12-07 23:30,30,7,23,0,0,0
2023-12-07 23:45,32,17,15,0,0,0
2023-12-08 00:00,17,5,12,0,0,0
2023-12-08 00:15,21,5,16,0,0,0
2023-12-08 00:30,12,4,8,0,0,0
2023-12-08 00:45,9,0,9,0,0,0
2023-12-08 01:00,8,0,8,0,0,0
2023-12-08 01:15,4,2,2,0,0,0
2023-12-08 01:30,7,3,4,0,0,0
2023-12-08 01:45,6,1,5,0,0,0
2023-12-08 02:00,4,1,3,0,0,0
2023-12-08 02:15,1,0,1,0,0,0
2023-12-08 02:30,0,0,0,0,0,0
2023-12-08 02:45,2,1,1,0,0,0
2023-12-08 03:00,0,0,0,0,0,0
2023-12-08 03:15,1,1,0,0,0,0
2023-12-08 03:30,1,1,0,0,0,0
2023-12-08 03:45,1,1,0,0,0,0
2023-12-08 04:00,0,0,0,0,0,0
2023-12-08 04:15,1,0,1,0,0,0
2023-12-08 04:30,1,1,0,0,0,0
2023-12-08 04:45,3,2,1,0,0,0
2023-12-08 05:00,4,3,1,0,0,0
2023-12-08 05:15,6,4,2,0,0,0
2023-12-08 05:30,11,8,3,0,0,0
2023-12-08 05:45,10,8,2,0,0,0
2023-12-08 06:00,13,10,3,0,0,0
2023-12-08 06:15,20,15,5,0,0,0
2023-12-08 06:30,38,21,17,0,0,0
2023-12-08 06:45,47,26,21,0,0,0
2023-12-08 07:00,70,45,25,0,0,0
2023-12-08 07:15,71,33,38,0,0,0
2023-12-08 07:30,134,94,40,0,0,0
2023-12-08 07:45,156,107,49,0,0,0
2023-12-08 08:00,102,73,29,0,0,0
2023-12-08 08:15,128,82,46,0,0,0
2023-12-08 08:30,95,68,27,0,0,0
2023-12-08 08:45,116,88,28,0,0,0
2023-12-08 09:00,84,49,35,0,0,0
2023-12-08 09:15,79,57,22,0,0,0
2023-12-08 09:30,83,55,28,0,0,0
2023-12-08 09:45,109,76,33,0,0,0
2023-12-08 10:00,119,71,48,0,0,0
2023-12-08 10:15,94,61,33,0,0,0
2023-12-08 10:30,85,58,27,0,0,0
2023-12-08 10:45,105,64,41,0,0,0
2023-12-08 11:00,116,48,68,0,0,0
2023-12-08 11:15,108,46,62,0,0,0
2023-12-08 11:30,96,55,41,0,0,0
2023-12-08 11:45,130,60,70,0,0,0
2023-12-08 12:00,127,59,68,0,0,0
2023-12-08 12:15,131,69,62,0,0,0
2023-12-08 12:30,143,62,81,0,0,0
2023-12-08 12:45,138,76,62,0,0,0
2023-12-08 13:00,151,62,89,0,0,0
2023-12-08 13:15,164,61,103,0,0,0
2023-12-08 13:30,145,64,81,0,0,0
2023-12-08 13:45,152,69,83,0,0,0
2023-12-08 14:00,154,62,92,0,0,0
2023-12-08 14:15,158,68,90,0,0,0
2023-12-08 14:30,150,65,85,0,0,0
2023-12-08 14:45,180,92,88,0,0,0
2023-12-08 15:00,153,60,93,0,0,0
2023-12-08 15:15,159,73,86,0,0,0
2023-12-08 15:30,144,55,89,0,0,0
2023-12-08 15:45,152,72,80,0,0,0
2023-12-08 16:00,134,76,58,0,0,0
2023-12-08 16:15,118,58,60,0,0,0
2023-12-08 16:30,122,61,61,0,0,0
2023-12-08 16:45,124,69,55,0,0,0
2023-12-08 17:00,121,55,66,0,0,0
2023-12-08 17:15,143,73,70,0,0,0
2023-12-08 17:30,133,45,88,0,0,0
2023-12-08 17:45,129,71,58,0,0,0
2023-12-08 18:00,152,75,77,0,0,0
2023-12-08 18:15,153,71,82,0,0,0
2023-12-08 18:30,119,55,64,0,0,0
2023-12-08 18:45,134,75,59,0,0,0
2023-12-08 19:00,111,61,50,0,0,0
2023-12-08 19:15,109,55,54,0,0,0
2023-12-08 19:30,107,32,75,0,0,0
2023-12-08 19:45,108,48,60,0,0,0
2023-12-08 20:00,77,30,47,0,0,0
2023-12-08 20:15,75,36,39,0,0,0
2023-12-08 20:30,69,31,38,0,0,0
2023-12-08 20:45,69,21,48,0,0,0
2023-12-08 21:00,62,21,41,0,0,0
2023-12-08 21:15,74,17,57,0,0,0
2023-12-08 21:30,48,16,32,0,0,0
2023-12-08 21:45,51,13,38,0,0,0
2023-12-08 22:00,54,14,40,0,0,0
2023-12-08 22:15,50,18,32,0,0,0
2023-12-08 22:30,50,11,39,0,0,0
2023-12-08 22:45,60,4,56,0,0,0
2023-12-08 23:00,47,10,37,0,0,0
2023-12-08 23:15,60,16,44,0,0,0
2023-12-08 23:30,52,20,32,0,0,0
2023-12-08 23:45,55,16,39,0,0,0
2023-12-09 00:00,38,12,26,0,0,0
2023-12-09 00:15,33,6,27,0,0,0
2023-12-09 00:30,28,13,15,0,0,0
2023-12-09 00:45,30,17,13,0,0,0
2023-12-09 01:00,43,14,29,0,0,0
2023-12-09 01:15,32,9,23,0,0,0
2023-12-09 01:30,25,13,12,0,0,0
2023-12-09 01:45,24,9,15,0,0,0
2023-12-09 02:00,15,3,12,0,0,0
2023-12-09 02:15,18,5,13,0,0,0
2023-12-09 02:30,16,4,12,0,0,0
2023-12-09 02:45,16,3,13,0,0,0
2023-12-09 03:00,17,5,12,0,0,0
2023-12-09 03:15,12,1,11,0,0,0
2023-12-09 03:30,5,0,5,0,0,0
2023-12-09 03:45,4,0,4,0,0,0
2023-12-09 04:00,6,0,6,0,0,0
2023-12-09 04:15,6,2,4,0,0,0
2023-12-09 04:30,1,0,1,0,0,0
2023-12-09 04:45,4,0,4,0,0,0
2023-12-09 05:00,3,3,0,0,0,0
2023-12-09 05:15,6,5,1,0,0,0
2023-12-09 05:30,8,6,2,0,0,0
2023-12-09 05:45,4,2,2,0,0,0
2023-12-09 06:00,7,4,3,0,0,0
2023-12-09 06:15,7,4,3,0,0,0
2023-12-09 06:30,6,5,1,0,0,0
2023-12-09 06:45,10,7,3,0,0,0
2023-12-09 07:00,8,4,4,0,0,0
2023-12-09 07:15,9,6,3,0,0,0
2023-12-09 07:30,16,5,11,0,0,0
2023-12-09 07:45,22,15,7,0,0,0
2023-12-09 08:00,29,17,12,0,0,0
2023-12-09 08:15,18,14,4,0,0,0
2023-12-09 08:30,29,13,16,0,0,0
2023-12-09 08:45,44,26,18,0,0,0
2023-12-09 09:00,47,32,15,0,0,0
2023-12-09 09:15,58,41,17,0,0,0
2023-12-09 09:30,77,61,16,0,0,0
2023-12-09 09:45,123,91,32,0,0,0
2023-12-09 10:00,106,72,34,0,0,0
2023-12-09 10:15,100,70,30,0,0,0
2023-12-09 10:30,83,58,25,0,0,0
2023-12-09 10:45,130,80,50,0,0,0
2023-12-09 11:00,130,85,45,0,0,0
2023-12-09 11:15,126,65,61,0,0,0
2023-12-09 11:30,117,58,59,0,0,0
2023-12-09 11:45,142,73,69,0,0,0
2023-12-09 12:00,137,71,66,0,0,0
2023-12-09 12:15,139,79,60,0,0,0
2023-12-09 12:30,138,77,61,0,0,0
2023-12-09 12:45,150,69,81,0,0,0
2023-12-09 13:00,138,77,61,0,0,0
2023-12-09 13:15,135,80,55,0,0,0
2023-12-09 13:30,148,62,86,0,0,0
2023-12-09 13:45,121,58,63,0,0,0
2023-12-09 14:00,126,55,71,0,0,0
2023-12-09 14:15,151,55,96,0,0,0
2023-12-09 14:30,123,41,82,0,0,0
2023-12-09 14:45,130,57,73,0,0,0
2023-12-09 15:00,111,36,75,0,0,0
2023-12-09 15:15,102,34,68,0,0,0
2023-12-09 15:30,101,40,61,0,0,0
2023-12-09 15:45,123,58,65,0,0,0
2023-12-09 16:00,75,28,47,0,0,0
2023-12-09 16:15,73,28,45,0,0,0
2023-12-09 16:30,61,22,39,0,0,0
2023-12-09 16:45,80,35,45,0,0,0
2023-12-09 17:00,68,23,45,0,0,0
2023-12-09 17:15,75,32,43,0,0,0
2023-12-09 17:30,60,30,30,0,0,0
2023-12-09 17:45,74,30,44,0,0,0
2023-12-09 18:00,66,22,44,0,0,0
2023-12-09 18:15,77,20,57,0,0,0
2023-12-09 18:30,53,15,38,0,0,0
2023-12-09 18:45,73,32,41,0,0,0
2023-12-09 19:00,59,31,28,0,0,0
2023-12-09 19:15,51,17,34,0,0,0
2023-12-09 19:30,58,23,35,0,0,0
2023-12-09 19:45,52,23,29,0,0,0
2023-12-09 20:00,63,25,38,0,0,0
2023-12-09 20:15,44,15,29,0,0,0
2023-12-09 20:30,47,16,31,0,0,0
2023-12-09 20:45,30,14,16,0,0,0
2023-12-09 21:00,30,7,23,0,0,0
2023-12-09 21:15,42,8,34,0,0,0
2023-12-09 21:30,38,9,29,0,0,0
2023-12-09 21:45,23,9,14,0,0,0
2023-12-09 22:00,30,20,10,0,0,0
2023-12-09 22:15,27,12,15,0,0,0
2023-12-09 22:30,27,11,16,0,0,0
2023-12-09 22:45,36,17,19,0,0,0
2023-12-09 23:00,22,8,14,0,0,0
2023-12-09 23:15,39,14,25,0,0,0
2023-12-09 23:30,23,8,15,0,0,0
2023-12-09 23:45,17,9,8,0,0,0
2023-12-10 00:00,18,2,16,0,0,0
2023-12-10 00:15,19,5,14,0,0,0
2023-12-10 00:30,25,11,14,0,0,0
2023-12-10 00:45,21,7,14,0,0,0
2023-12-10 01:00,26,13,13,0,0,0
2023-12-10 01:15,13,4,9,0,0,0
2023-12-10 01:30,19,8,11,0,0,0
2023-12-10 01:45,13,5,8,0,0,0
2023-12-10 02:00,10,6,4,0,0,0
2023-12-10 02:15,10,2,8,0,0,0
2023-12-10 02:30,11,3,8,0,0,0
2023-12-10 02:45,13,6,7,0,0,0
2023-12-10 03:00,12,5,7,0,0,0
2023-12-10 03:15,10,3,7,0,0,0
2023-12-10 03:30,6,0,6,0,0,0
2023-12-10 03:45,8,0,8,0,0,0
2023-12-10 04:00,3,0,3,0,0,0
2023-12-10 04:15,3,0,3,0,0,0
2023-12-10 04:30,3,0,3,0,0,0
2023-12-10 04:45,2,2,0,0,0,0
2023-12-10 05:00,3,0,3,0,0,0
2023-12-10 05:15,2,1,1,0,0,0
2023-12-10 05:30,12,5,7,0,0,0
2023-12-10 05:45,2,2,0,0,0,0
2023-12-10 06:00,7,2,5,0,0,0
2023-12-10 06:15,2,2,0,0,0,0
2023-12-10 06:30,5,2,3,0,0,0
2023-12-10 06:45,6,3,3,0,0,0
2023-12-10 07:00,2,2,0,0,0,0
2023-12-10 07:15,2,2,0,0,0,0
2023-12-10 07:30,3,2,1,0,0,0
2023-12-10 07:45,5,4,1,0,0,0
2023-12-10 08:00,8,4,4,0,0,0
2023-12-10 08:15,8,4,4,0,0,0
2023-12-10 08:30,7,3,4,0,0,0
2023-12-10 08:45,9,8,1,0,0,0
2023-12-10 09:00,17,12,5,0,0,0
2023-12-10 09:15,20,15,5,0,0,0
2023-12-10 09:30,18,10,8,0,0,0
2023-12-10 09:45,36,20,16,0,0,0
2023-12-10 10:00,23,14,9,0,0,0
2023-12-10 10:15,32,21,11,0,0,0
2023-12-10 10:30,23,11,12,0,0,0
2023-12-10 10:45,29,17,12,0,0,0
2023-12-10 11:00,26,15,11,0,0,0
2023-12-10 11:15,37,19,18,0,0,0
2023-12-10 11:30,29,21,8,0,0,0
2023-12-10 11:45,36,22,14,0,0,0
2023-12-10 12:00,45,20,25,0,0,0
2023-12-10 12:15,49,31,18,0,0,0
2023-12-10 12:30,36,16,20,0,0,0
2023-12-10 12:45,54,28,26,0,0,0
2023-12-10 13:00,44,20,24,0,0,0
2023-12-10 13:15,63,32,31,0,0,0
2023-12-10 13:30,53,29,24,0,0,0
2023-12-10 13:45,88,38,50,0,0,0
2023-12-10 14:00,85,32,53,0,0,0
2023-12-10 14:15,67,33,34,0,0,0
2023-12-10 14:30,71,36,35,0,0,0
2023-12-10 14:45,88,58,30,0,0,0
2023-12-10 15:00,70,44,26,0,0,0
2023-12-10 15:15,65,43,22,0,0,0
2023-12-10 15:30,64,37,27,0,0,0
2023-12-10 15:45,101,72,29,0,0,0
2023-12-10 16:00,113,85,28,0,0,0
2023-12-10 16:15,144,119,25,0,0,0
2023-12-10 16:30,209,157,52,0,0,0
2023-12-10 16:45,102,59,43,0,0,0
2023-12-10 17:00,76,40,36,0,0,0
2023-12-10 17:15,91,27,64,0,0,0
2023-12-10 17:30,96,28,68,0,0,0
2023-12-10 17:45,162,39,123,0,0,0
2023-12-10 18:00,106,28,78,0,0,0
2023-12-10 18:15,132,35,97,0,0,0
2023-12-10 18:30,124,31,93,0,0,0
2023-12-10 18:45,155,30,125,0,0,0
2023-12-10 19:00,121,21,100,0,0,0
2023-12-10 19:15,61,13,48,0,0,0
2023-12-10 19:30,42,15,27,0,0,0
2023-12-10 19:45,50,12,38,0,0,0
2023-12-10 20:00,53,17,36,0,0,0
2023-12-10 20:15,52,12,40,0,0,0
2023-12-10 20:30,29,9,20,0,0,0
2023-12-10 20:45,42,9,33,0,0,0
2023-12-10 21:00,27,9,18,0,0,0
2023-12-10 21:15,52,13,39,0,0,0
2023-12-10 21:30,87,75,12,0,0,0
2023-12-10 21:45,119,103,16,0,0,0
2023-12-10 22:00,34,24,10,0,0,0
2023-12-10 22:15,33,12,21,0,0,0
2023-12-10 22:30,30,10,20,0,0,0
2023-12-10 22:45,16,9,7,0,0,0
2023-12-10 23:00,19,11,8,0,0,0
2023-12-10 23:15,7,1,6,0,0,0
2023-12-10 23:30,6,4,2,0,0,0
2023-12-10 23:45,14,3,11,0,0,0
2023-12-11 00:00,7,3,4,0,0,0
2023-12-11 00:15,2,0,2,0,0,0
2023-12-11 00:30,4,3,1,0,0,0
2023-12-11 00:45,7,4,3,0,0,0
2023-12-11 01:00,2,0,2,0,0,0
2023-12-11 01:15,2,1,1,0,0,0
2023-12-11 01:30,0,0,0,0,0,0
2023-12-11 01:45,2,1,1,0,0,0
2023-12-11 02:00,1,0,1,0,0,0
2023-12-11 02:15,2,0,2,0,0,0
2023-12-11 02:30,1,0,1,0,0,0
2023-12-11 02:45,0,0,0,0,0,0
2023-12-11 03:00,1,0,1,0,0,0
2023-12-11 03:15,0,0,0,0,0,0
2023-12-11 03:30,1,1,0,0,0,0
2023-12-11 03:45,0,0,0,0,0,0
2023-12-11 04:00,2,1,1,0,0,0
2023-12-11 04:15,0,0,0,0,0,0
2023-12-11 04:30,2,2,0,0,0,0
2023-12-11 04:45,2,2,0,0,0,0
2023-12-11 05:00,4,3,1,0,0,0
2023-12-11 05:15,2,1,1,0,0,0
2023-12-11 05:30,17,9,8,0,0,0
2023-12-11 05:45,17,10,7,0,0,0
2023-12-11 06:00,19,15,4,0,0,0
2023-12-11 06:15,29,21,8,0,0,0
2023-12-11 06:30,36,26,10,0,0,0
2023-12-11 06:45,52,33,19,0,0,0
2023-12-11 07:00,79,44,35,0,0,0
2023-12-11 07:15,84,61,23,0,0,0
2023-12-11 07:30,136,82,54,0,0,0
2023-12-11 07:45,153,101,52,0,0,0
2023-12-11 08:00,132,96,36,0,0,0
2023-12-11 08:15,148,110,38,0,0,0
2023-12-11 08:30,104,74,30,0,0,0
2023-12-11 08:45,123,89,34,0,0,0
2023-12-11 09:00,77,55,22,0,0,0
2023-12-11 09:15,94,62,32,0,0,0
2023-12-11 09:30,86,56,30,0,0,0
2023-12-11 09:45,101,74,27,0,0,0
2023-12-11 10:00,92,56,36,0,0,0
2023-12-11 10:15,72,39,33,0,0,0
2023-12-11 10:30,55,32,23,0,0,0
2023-12-11 10:45,88,48,40,0,0,0
2023-12-11 11:00,59,34,25,0,0,0
2023-12-11 11:15,71,39,32,0,0,0
2023-12-11 11:30,95,59,36,0,0,0
2023-12-11 11:45,122,70,52,0,0,0
2023-12-11 12:00,103,65,38,0,0,0
2023-12-11 12:15,125,57,68,0,0,0
2023-12-11 12:30,101,56,45,0,0,0
2023-12-11 12:45,115,55,60,0,0,0
2023-12-11 13:00,116,51,65,0,0,0
2023-12-11 13:15,133,52,81,0,0,0
2023-12-11 13:30,101,47,54,0,0,0
2023-12-11 13:45,111,53,58,0,0,0
2023-12-11 14:00,127,63,64,0,0,0
2023-12-11 14:15,127,70,57,0,0,0
2023-12-11 14:30,124,57,67,0,0,0
2023-12-11 14:45,158,78,80,0,0,0
2023-12-11 15:00,143,64,79,0,0,0
2023-12-11 15:15,147,59,88,0,0,0
2023-12-11 15:30,157,77,80,0,0,0
2023-12-11 15:45,172,74,98,0,0,0
2023-12-11 16:00,197,79,118,0,0,0
2023-12-11 16:15,165,71,94,0,0,0
2023-12-11 16:30,156,64,92,0,0,0
2023-12-11 16:45,190,82,108,0,0,0
2023-12-11 17:00,197,89,108,0,0,0
2023-12-11 17:15,176,80,96,0,0,0
2023-12-11 17:30,184,80,104,0,0,0
2023-12-11 17:45,229,93,136,0,0,0
2023-12-11 18:00,187,82,105,0,0,0
2023-12-11 18:15,181,75,106,0,0,0
2023-12-11 18:30,146,66,80,0,0,0
2023-12-11 18:45,154,63,91,0,0,0
2023-12-11 19:00,109,43,66,0,0,0
2023-12-11 19:15,120,38,82,0,0,0
2023-12-11 19:30,105,30,75,0,0,0
2023-12-11 19:45,116,42,74,0,0,0
2023-12-11 20:00,103,28,75,0,0,0
2023-12-11 20:15,108,17,91,0,0,0
2023-12-11 20:30,65,13,52,0,0,0
2023-12-11 20:45,50,14,36,0,0,0
2023-12-11 21:00,59,19,40,0,0,0
2023-12-11 21:15,47,16,31,0,0,0
2023-12-11 21:30,49,14,35,0,0,0
2023-12-11 21:45,63,21,42,0,0,0
2023-12-11 22:00,45,14,31,0,0,0
2023-12-11 22:15,45,9,36,0,0,0
2023-12-11 22:30,46,7,39,0,0,0
2023-12-11 22:45,30,10,20,0,0,0
2023-12-11 23:00,28,9,19,0,0,0
2023-12-11 23:15,25,5,20,0,0,0
2023-12-11 23:30,10,4,6,0,0,0
2023-12-11 23:45,13,3,10,0,0,0
2023-12-12 00:00,8,1,7,0,0,0
2023-12-12 00:15,14,3,11,0,0,0
2023-12-12 00:30,11,1,10,0,0,0
2023-12-12 00:45,7,4,3,0,0,0
2023-12-12 01:00,6,1,5,0,0,0
2023-12-12 01:15,6,2,4,0,0,0
2023-12-12 01:30,2,0,2,0,0,0
2023-12-12 01:45,2,1,1,0,0,0
2023-12-12 02:00,1,0,1,0,0,0
2023-12-12 02:15,3,0,3,0,0,0
2023-12-12 02:30,5,1,4,0,0,0
2023-12-12 02:45,3,0,3,0,0,0
2023-12-12 03:00,1,1,0,0,0,0
2023-12-12 03:15,0,0,0,0,0,0
2023-12-12 03:30,2,2,0,0,0,0
2023-12-12 03:45,1,0,1,0,0,0
2023-12-12 04:00,0,0,0,0,0,0
2023-12-12 04:15,4,1,3,0,0,0
2023-12-12 04:30,2,2,0,0,0,0
2023-12-12 04:45,2,2,0,0,0,0
2023-12-12 05:00,9,8,1,0,0,0
2023-12-12 05:15,6,4,2,0,0,0
2023-12-12 05:30,19,10,9,0,0,0
2023-12-12 05:45,14,11,3,0,0,0
2023-12-12 06:00,32,25,7,0,0,0
2023-12-12 06:15,36,31,5,0,0,0
2023-12-12 06:30,46,27,19,0,0,0
2023-12-12 06:45,57,33,24,0,0,0
2023-12-12 07:00,86,51,35,0,0,0
2023-12-12 07:15,93,53,40,0,0,0
2023-12-12 07:30,161,105,56,0,0,0
2023-12-12 07:45,160,111,49,0,0,0
2023-12-12 08:00,143,92,51,0,0,0
2023-12-12 08:15,148,112,36,0,0,0
2023-12-12 08:30,125,87,38,0,0,0
2023-12-12 08:45,139,95,44,0,0,0
2023-12-12 09:00,115,69,46,0,0,0
2023-12-12 09:15,100,64,36,0,0,0
2023-12-12 09:30,97,72,25,0,0,0
2023-12-12 09:45,147,107,40,0,0,0
2023-12-12 10:00,110,76,34,0,0,0
2023-12-12 10:15,92,58,34,0,0,0
2023-12-12 10:30,105,62,43,0,0,0
2023-12-12 10:45,113,69,44,0,0,0
2023-12-12 11:00,102,49,53,0,0,0
2023-12-12 11:15,129,77,52,0,0,0
2023-12-12 11:30,119,65,54,0,0,0
2023-12-12 11:45,143,85,58,0,0,0
2023-12-12 12:00,136,63,73,0,0,0
2023-12-12 12:15,161,77,84,0,0,0
2023-12-12 12:30,142,52,90,0,0,0
2023-12-12 12:45,145,81,64,0,0,0
2023-12-12 13:00,168,73,95,0,0,0
2023-12-12 13:15,120,45,75,0,0,0
2023-12-12 13:30,141,56,85,0,0,0
2023-12-12 13:45,171,90,81,0,0,0
2023-12-12 14:00,183,82,101,0,0,0
2023-12-12 14:15,129,64,65,0,0,0
2023-12-12 14:30,155,69,86,0,0,0
2023-12-12 14:45,174,84,90,0,0,0
2023-12-12 15:00,160,71,89,0,0,0
2023-12-12 15:15,161,82,79,0,0,0
2023-12-12 15:30,171,82,89,0,0,0
2023-12-12 15:45,204,102,102,0,0,0
2023-12-12 16:00,209,96,113,0,0,0
2023-12-12 16:15,213,88,125,0,0,0
2023-12-12 16:30,196,81,115,0,0,0
2023-12-12 16:45,193,89,104,0,0,0
2023-12-12 17:00,189,80,109,0,0,0
2023-12-12 17:15,162,61,101,0,0,0
2023-12-12 17:30,160,52,108,0,0,0
2023-12-12 17:45,187,81,106,0,0,0
2023-12-12 18:00,200,72,128,0,0,0
2023-12-12 18:15,155,67,88,0,0,0
2023-12-12 18:30,123,46,77,0,0,0
2023-12-12 18:45,150,69,81,0,0,0
2023-12-12 19:00,127,56,71,0,0,0
2023-12-12 19:15,117,41,76,0,0,0
2023-12-12 19:30,106,25,81,0,0,0
2023-12-12 19:45,90,27,63,0,0,0
2023-12-12 20:00,89,15,74,0,0,0
2023-12-12 20:15,90,21,69,0,0,0
2023-12-12 20:30,65,19,46,0,0,0
2023-12-12 20:45,57,15,42,0,0,0
2023-12-12 21:00,59,20,39,0,0,0
2023-12-12 21:15,66,13,53,0,0,0
2023-12-12 21:30,55,8,47,0,0,0
2023-12-12 21:45,71,12,59,0,0,0
2023-12-12 22:00,50,10,40,0,0,0
2023-12-12 22:15,55,20,35,0,0,0
2023-12-12 22:30,50,22,28,0,0,0
2023-12-12 22:45,41,14,27,0,0,0
2023-12-12 23:00,41,13,28,0,0,0
2023-12-12 23:15,39,21,18,0,0,0
2023-12-12 23:30,24,8,16,0,0,0
2023-12-12 23:45,22,5,17,0,0,0
2023-12-13 00:00,16,3,13,0,0,0
2023-12-13 00:15,11,3,8,0,0,0
2023-12-13 00:30,10,1,9,0,0,0
2023-12-13 00:45,7,2,5,0,0,0
2023-12-13 01:00,7,2,5,0,0,0
2023-12-13 01:15,2,1,1,0,0,0
2023-12-13 01:30,3,2,1,0,0,0
2023-12-13 01:45,3,2,1,0,0,0
2023-12-13 02:00,5,1,4,0,0,0
2023-12-13 02:15,2,0,2,0,0,0
2023-12-13 02:30,3,1,2,0,0,0
2023-12-13 02:45,1,0,1,0,0,0
2023-12-13 03:00,3,1,2,0,0,0
2023-12-13 03:15,2,0,2,0,0,0
2023-12-13 03:30,1,1,0,0,0,0
2023-12-13 03:45,0,0,0,0,0,0
2023-12-13 04:00,0,0,0,0,0,0
2023-12-13 04:15,0,0,0,0,0,0
2023-12-13 04:30,3,2,1,0,0,0
2023-12-13 04:45,1,1,0,0,0,0
2023-12-13 05:00,6,5,1,0,0,0
2023-12-13 05:15,14,11,3,0,0,0
2023-12-13 05:30,16,10,6,0,0,0
2023-12-13 05:45,19,12,7,0,0,0
2023-12-13 06:00,25,20,5,0,0,0
2023-12-13 06:15,27,22,5,0,0,0
2023-12-13 06:30,34,19,15,0,0,0
2023-12-13 06:45,57,38,19,0,0,0
2023-12-13 07:00,66,42,24,0,0,0
2023-12-13 07:15,96,62,34,0,0,0
2023-12-13 07:30,153,96,57,0,0,0
2023-12-13 07:45,171,124,47,0,0,0
2023-12-13 08:00,155,104,51,0,0,0
2023-12-13 08:15,168,104,64,0,0,0
2023-12-13 08:30,126,86,40,0,0,0
2023-12-13 08:45,147,99,48,0,0,0
2023-12-13 09:00,95,61,34,0,0,0
2023-12-13 09:15,112,85,27,0,0,0
2023-12-13 09:30,86,61,25,0,0,0
2023-12-13 09:45,130,104,26,0,0,0
2023-12-13 10:00,123,94,29,0,0,0
2023-12-13 10:15,86,56,30,0,0,0
2023-12-13 10:30,94,63,31,0,0,0
2023-12-13 10:45,89,52,37,0,0,0
2023-12-13 11:00,98,45,53,0,0,0
2023-12-13 11:15,101,52,49,0,0,0
2023-12-13 11:30,104,59,45,0,0,0
2023-12-13 11:45,131,66,65,0,0,0
2023-12-13 12:00,118,57,61,0,0,0
2023-12-13 12:15,146,58,88,0,0,0
2023-12-13 12:30,108,41,67,0,0,0
2023-12-13 12:45,120,51,69,0,0,0
2023-12-13 13:00,121,44,77,0,0,0
2023-12-13 13:15,145,43,102,0,0,0
2023-12-13 13:30,99,27,72,0,0,0
2023-12-13 13:45,116,56,60,0,0,0
2023-12-13 14:00,130,58,72,0,0,0
2023-12-13 14:15,128,63,65,0,0,0
2023-12-13 14:30,144,74,70,0,0,0
2023-12-13 14:45,138,51,87,0,0,0
2023-12-13 15:00,116,54,62,0,0,0
2023-12-13 15:15,116,50,66,0,0,0
2023-12-13 15:30,142,58,84,0,0,0
2023-12-13 15:45,169,84,85,0,0,0
2023-12-13 16:00,165,62,103,0,0,0
2023-12-13 16:15,141,55,86,0,0,0
2023-12-13 16:30,160,71,89,0,0,0
2023-12-13 16:45,191,81,110,0,0,0
2023-12-13 17:00,168,88,80,0,0,0
2023-12-13 17:15,180,90,90,0,0,0
2023-12-13 17:30,158,69,89,0,0,0
2023-12-13 17:45,211,125,86,0,0,0
2023-12-13 18:00,159,70,89,0,0,0
2023-12-13 18:15,174,75,99,0,0,0
2023-12-13 18:30,115,52,63,0,0,0
2023-12-13 18:45,138,70,68,0,0,0
2023-12-13 19:00,126,57,69,0,0,0
2023-12-13 19:15,123,41,82,0,0,0
2023-12-13 19:30,79,26,53,0,0,0
2023-12-13 19:45,135,34,101,0,0,0
2023-12-13 20:00,99,20,79,0,0,0
2023-12-13 20:15,91,30,61,0,0,0
2023-12-13 20:30,72,12,60,0,0,0
2023-12-13 20:45,69,13,56,0,0,0
2023-12-13 21:00,59,10,49,0,0,0
2023-12-13 21:15,42,13,29,0,0,0
2023-12-13 21:30,54,13,41,0,0,0
2023-12-13 21:45,71,15,56,0,0,0
2023-12-13 22:00,82,12,70,0,0,0
2023-12-13 22:15,61,17,44,0,0,0
2023-12-13 22:30,51,18,33,0,0,0
2023-12-13 22:45,35,15,20,0,0,0
2023-12-13 23:00,53,14,39,0,0,0
2023-12-13 23:15,49,12,37,0,0,0
2023-12-13 23:30,31,9,22,0,0,0
2023-12-13 23:45,20,11,9,0,0,0
2023-12-14 00:00,19,5,14,0,0,0
2023-12-14 00:15,25,8,17,0,0,0
2023-12-14 00:30,12,2,10,0,0,0
2023-12-14 00:45,4,2,2,0,0,0
2023-12-14 01:00,7,1,6,0,0,0
2023-12-14 01:15,6,0,6,0,0,0
2023-12-14 01:30,4,0,4,0,0,0
2023-12-14 01:45,1,1,0,0,0,0
2023-12-14 02:00,2,0,2,0,0,0
2023-12-14 02:15,4,0,4,0,0,0
2023-12-14 02:30,7,1,6,0,0,0
2023-12-14 02:45,3,0,3,0,0,0
2023-12-14 03:00,3,1,2,0,0,0
2023-12-14 03:15,2,1,1,0,0,0
2023-12-14 03:30,4,0,4,0,0,0
2023-12-14 03:45,8,1,7,0,0,0
2023-12-14 04:00,3,0,3,0,0,0
2023-12-14 04:15,5,2,3,0,0,0
2023-12-14 04:30,2,0,2,0,0,0
2023-12-14 04:45,6,3,3,0,0,0
2023-12-14 05:00,7,5,2,0,0,0
2023-12-14 05:15,11,7,4,0,0,0
2023-12-14 05:30,18,4,14,0,0,0
2023-12-14 05:45,16,11,5,0,0,0
2023-12-14 06:00,25,19,6,0,0,0
2023-12-14 06:15,37,27,10,0,0,0
2023-12-14 06:30,52,37,15,0,0,0
2023-12-14 06:45,56,34,22,0,0,0
2023-12-14 07:00,68,41,27,0,0,0
2023-12-14 07:15,77,52,25,0,0,0
2023-12-14 07:30,148,93,55,0,0,0
2023-12-14 07:45,177,128,49,0,0,0
2023-12-14 08:00,143,104,39,0,0,0
2023-12-14 08:15,137,87,50,0,0,0
2023-12-14 08:30,109,77,32,0,0,0
2023-12-14 08:45,126,80,46,0,0,0
2023-12-14 09:00,90,60,30,0,0,0
2023-12-14 09:15,104,65,39,0,0,0
2023-12-14 09:30,91,65,26,0,0,0
2023-12-14 09:45,137,97,40,0,0,0
2023-12-14 10:00,105,63,42,0,0,0
2023-12-14 10:15,71,44,27,0,0,0
2023-12-14 10:30,111,71,40,0,0,0
2023-12-14 10:45,106,56,50,0,0,0
2023-12-14 11:00,111,71,40,0,0,0
2023-12-14 11:15,99,47,52,0,0,0
2023-12-14 11:30,123,69,54,0,0,0
2023-12-14 11:45,152,83,69,0,0,0
2023-12-14 12:00,129,67,62,0,0,0
2023-12-14 12:15,125,68,57,0,0,0
2023-12-14 12:30,135,64,71,0,0,0
2023-12-14 12:45,133,61,72,0,0,0
2023-12-14 13:00,152,60,92,0,0,0
2023-12-14 13:15,159,79,80,0,0,0
2023-12-14 13:30,125,61,64,0,0,0
2023-12-14 13:45,163,81,82,0,0,0
2023-12-14 14:00,157,71,86,0,0,0
2023-12-14 14:15,151,77,74,0,0,0
2023-12-14 14:30,159,72,87,0,0,0
2023-12-14 14:45,165,81,84,0,0,0
2023-12-14 15:00,157,67,90,0,0,0
2023-12-14 15:15,166,82,84,0,0,0
2023-12-14 15:30,171,82,89,0,0,0
2023-12-14 15:45,240,119,121,0,0,0
2023-12-14 16:00,185,91,94,0,0,0
2023-12-14 16:15,208,111,97,0,0,0
2023-12-14 16:30,202,107,95,0,0,0
2023-12-14 16:45,241,124,117,0,0,0
2023-12-14 17:00,206,90,116,0,0,0
2023-12-14 17:15,216,113,103,0,0,0
2023-12-14 17:30,199,91,108,0,0,0
2023-12-14 17:45,245,124,121,0,0,0
2023-12-14 18:00,175,68,107,0,0,0
2023-12-14 18:15,186,83,103,0,0,0
2023-12-14 18:30,150,69,81,0,0,0
2023-12-14 18:45,153,61,92,0,0,0
2023-12-14 19:00,139,36,103,0,0,0
2023-12-14 19:15,121,38,83,0,0,0
2023-12-14 19:30,131,39,92,0,0,0
2023-12-14 19:45,143,45,98,0,0,0
2023-12-14 20:00,109,25,84,0,0,0
2023-12-14 20:15,111,19,92,0,0,0
2023-12-14 20:30,72,6,66,0,0,0
2023-12-14 20:45,69,13,56,0,0,0
2023-12-14 21:00,64,16,48,0,0,0
2023-12-14 21:15,55,14,41,0,0,0
2023-12-14 21:30,69,9,60,0,0,0
2023-12-14 21:45,73,20,53,0,0,0
2023-12-14 22:00,79,13,66,0,0,0
2023-12-14 22:15,68,19,49,0,0,0
2023-12-14 22:30,43,9,34,0,0,0
2023-12-14 22:45,58,18,40,0,0,0
2023-12-14 23:00,45,11,34,0,0,0
2023-12-14 23:15,34,15,19,0,0,0
2023-12-14 23:30,32,4,28,0,0,0
2023-12-14 23:45,14,1,13,0,0,0
2023-12-15 00:00,20,4,16,0,0,0
2023-12-15 00:15,14,0,14,0,0,0
2023-12-15 00:30,13,3,10,0,0,0
2023-12-15 00:45,7,4,3,0,0,0
2023-12-15 01:00,5,1,4,0,0,0
2023-12-15 01:15,7,1,6,0,0,0
2023-12-15 01:30,5,2,3,0,0,0
2023-12-15 01:45,3,2,1,0,0,0
2023-12-15 02:00,6,1,5,0,0,0
2023-12-15 02:15,3,1,2,0,0,0
2023-12-15 02:30,4,0,4,0,0,0
2023-12-15 02:45,4,0,4,0,0,0
2023-12-15 03:00,3,0,3,0,0,0
2023-12-15 03:15,2,0,2,0,0,0
2023-12-15 03:30,1,0,1,0,0,0
2023-12-15 03:45,2,1,1,0,0,0
2023-12-15 04:00,0,0,0,0,0,0
2023-12-15 04:15,0,0,0,0,0,0
2023-12-15 04:30,0,0,0,0,0,0
2023-12-15 04:45,2,2,0,0,0,0
2023-12-15 05:00,7,3,4,0,0,0
2023-12-15 05:15,4,2,2,0,0,0
2023-12-15 05:30,14,10,4,0,0,0
2023-12-15 05:45,10,4,6,0,0,0
2023-12-15 06:00,17,16,1,0,0,0
2023-12-15 06:15,28,21,7,0,0,0
2023-12-15 06:30,30,20,10,0,0,0
2023-12-15 06:45,45,24,21,0,0,0
2023-12-15 07:00,47,25,22,0,0,0
2023-12-15 07:15,72,42,30,0,0,0
2023-12-15 07:30,132,82,50,0,0,0
2023-12-15 07:45,146,95,51,0,0,0
2023-12-15 08:00,122,91,31,0,0,0
2023-12-15 08:15,120,77,43,0,0,0
2023-12-15 08:30,88,64,24,0,0,0
2023-12-15 08:45,107,76,31,0,0,0
2023-12-15 09:00,71,49,22,0,0,0
2023-12-15 09:15,93,67,26,0,0,0
2023-12-15 09:30,94,68,26,0,0,0
2023-12-15 09:45,135,91,44,0,0,0
2023-12-15 10:00,104,76,28,0,0,0
2023-12-15 10:15,87,53,34,0,0,0
2023-12-15 10:30,105,64,41,0,0,0
2023-12-15 10:45,114,70,44,0,0,0
2023-12-15 11:00,106,57,49,0,0,0
2023-12-15 11:15,129,47,82,0,0,0
2023-12-15 11:30,123,57,66,0,0,0
2023-12-15 11:45,164,81,83,0,0,0
2023-12-15 12:00,141,50,91,0,0,0
2023-12-15 12:15,153,68,85,0,0,0
2023-12-15 12:30,151,67,84,0,0,0
2023-12-15 12:45,153,70,83,0,0,0
2023-12-15 13:00,139,56,83,0,0,0
2023-12-15 13:15,151,57,94,0,0,0
2023-12-15 13:30,144,51,93,0,0,0
2023-12-15 13:45,195,90,105,0,0,0
2023-12-15 14:00,168,79,89,0,0,0
2023-12-15 14:15,163,80,83,0,0,0
2023-12-15 14:30,145,56,89,0,0,0
2023-12-15 14:45,170,80,90,0,0,0
2023-12-15 15:00,175,69,106,0,0,0
2023-12-15 15:15,183,76,107,0,0,0
2023-12-15 15:30,179,83,96,0,0,0
2023-12-15 15:45,185,88,97,0,0,0
2023-12-15 16:00,161,70,91,0,0,0
2023-12-15 16:15,161,74,87,0,0,0
2023-12-15 16:30,158,80,78,0,0,0
2023-12-15 16:45,169,82,87,0,0,0
2023-12-15 17:00,158,75,83,0,0,0
2023-12-15 17:15,176,90,86,0,0,0
2023-12-15 17:30,193,88,105,0,0,0
2023-12-15 17:45,196,100,96,0,0,0
2023-12-15 18:00,161,80,81,0,0,0
2023-12-15 18:15,152,74,78,0,0,0
2023-12-15 18:30,168,72,96,0,0,0
2023-12-15 18:45,141,67,74,0,0,0
2023-12-15 19:00,110,50,60,0,0,0
2023-12-15 19:15,141,56,85,0,0,0
2023-12-15 19:30,94,38,56,0,0,0
2023-12-15 19:45,114,39,75,0,0,0
2023-12-15 20:00,115,30,85,0,0,0
2023-12-15 20:15,98,35,63,0,0,0
2023-12-15 20:30,68,19,49,0,0,0
2023-12-15 20:45,71,18,53,0,0,0
2023-12-15 21:00,59,11,48,0,0,0
2023-12-15 21:15,84,27,57,0,0,0
2023-12-15 21:30,75,15,60,0,0,0
2023-12-15 21:45,59,24,35,0,0,0
2023-12-15 22:00,48,8,40,0,0,0
2023-12-15 22:15,53,12,41,0,0,0
2023-12-15 22:30,54,17,37,0,0,0
2023-12-15 22:45,73,23,50,0,0,0
2023-12-15 23:00,55,20,35,0,0,0
2023-12-15 23:15,54,18,36,0,0,0
2023-12-15 23:30,57,13,44,0,0,0
2023-12-15 23:45,44,21,23,0,0,0
2023-12-16 00:00,27,8,19,0,0,0
2023-12-16 00:15,53,21,32,0,0,0
2023-12-16 00:30,24,8,16,0,0,0
2023-12-16 00:45,43,5,38,0,0,0
2023-12-16 01:00,36,9,27,0,0,0
2023-12-16 01:15,15,5,10,0,0,0
2023-12-16 01:30,32,14,18,0,0,0
2023-12-16 01:45,22,4,18,0,0,0
2023-12-16 02:00,8,1,7,0,0,0
2023-12-16 02:15,12,0,12,0,0,0
2023-12-16 02:30,26,1,25,0,0,0
2023-12-16 02:45,15,3,12,0,0,0
2023-12-16 03:00,16,7,9,0,0,0
2023-12-16 03:15,16,1,15,0,0,0
2023-12-16 03:30,8,0,8,0,0,0
2023-12-16 03:45,11,4,7,0,0,0
2023-12-16 04:00,6,1,5,0,0,0
2023-12-16 04:15,5,1,4,0,0,0
2023-12-16 04:30,2,0,2,0,0,0
2023-12-16 04:45,6,2,4,0,0,0
2023-12-16 05:00,3,2,1,0,0,0
2023-12-16 05:15,5,2,3,0,0,0
2023-12-16 05:30,3,1,2,0,0,0
2023-12-16 05:45,3,1,2,0,0,0
2023-12-16 06:00,8,7,1,0,0,0
2023-12-16 06:15,13,8,5,0,0,0
2023-12-16 06:30,10,7,3,0,0,0
2023-12-16 06:45,6,4,2,0,0,0
2023-12-16 07:00,17,11,6,0,0,0
2023-12-16 07:15,11,9,2,0,0,0
2023-12-16 07:30,14,7,7,0,0,0
2023-12-16 07:45,13,8,5,0,0,0
2023-12-16 08:00,24,15,9,0,0,0
2023-12-16 08:15,33,17,16,0,0,0
2023-12-16 08:30,31,19,12,0,0,0
2023-12-16 08:45,52,35,17,0,0,0
2023-12-16 09:00,51,37,14,0,0,0
2023-12-16 09:15,53,43,10,0,0,0
2023-12-16 09:30,68,52,16,0,0,0
2023-12-16 09:45,107,68,39,0,0,0
2023-12-16 10:00,103,74,29,0,0,0
2023-12-16 10:15,133,84,49,0,0,0
2023-12-16 10:30,107,70,37,0,0,0
2023-12-16 10:45,120,78,42,0,0,0
2023-12-16 11:00,86,60,26,0,0,0
2023-12-16 11:15,154,81,73,0,0,0
2023-12-16 11:30,145,84,61,0,0,0
2023-12-16 11:45,141,70,71,0,0,0
2023-12-16 12:00,154,85,69,0,0,0
2023-12-16 12:15,118,58,60,0,0,0
2023-12-16 12:30,146,83,63,0,0,0
2023-12-16 12:45,169,84,85,0,0,0
2023-12-16 13:00,167,70,97,0,0,0
2023-12-16 13:15,150,72,78,0,0,0
2023-12-16 13:30,168,76,92,0,0,0
2023-12-16 13:45,145,90,55,0,0,0
2023-12-16 14:00,148,65,83,0,0,0
2023-12-16 14:15,156,63,93,0,0,0
2023-12-16 14:30,136,53,83,0,0,0
2023-12-16 14:45,160,70,90,0,0,0
2023-12-16 15:00,150,88,62,0,0,0
2023-12-16 15:15,123,45,78,0,0,0
2023-12-16 15:30,138,65,73,0,0,0
2023-12-16 15:45,117,43,74,0,0,0
2023-12-16 16:00,140,68,72,0,0,0
2023-12-16 16:15,144,51,93,0,0,0
2023-12-16 16:30,133,68,65,0,0,0
2023-12-16 16:45,119,57,62,0,0,0
2023-12-16 17:00,103,53,50,0,0,0
2023-12-16 17:15,112,50,62,0,0,0
2023-12-16 17:30,104,45,59,0,0,0
2023-12-16 17:45,129,66,63,0,0,0
2023-12-16 18:00,96,35,61,0,0,0
2023-12-16 18:15,138,49,89,0,0,0
2023-12-16 18:30,115,47,68,0,0,0
2023-12-16 18:45,120,51,69,0,0,0
2023-12-16 19:00,107,43,64,0,0,0
2023-12-16 19:15,115,40,75,0,0,0
2023-12-16 19:30,88,30,58,0,0,0
2023-12-16 19:45,87,30,57,0,0,0
2023-12-16 20:00,84,31,53,0,0,0
2023-12-16 20:15,62,29,33,0,0,0
2023-12-16 20:30,59,14,45,0,0,0
2023-12-16 20:45,50,13,37,0,0,0
2023-12-16 21:00,59,11,48,0,0,0
2023-12-16 21:15,71,21,50,0,0,0
2023-12-16 21:30,53,13,40,0,0,0
2023-12-16 21:45,47,16,31,0,0,0
2023-12-16 22:00,49,26,23,0,0,0
2023-12-16 22:15,56,21,35,0,0,0
2023-12-16 22:30,65,23,42,0,0,0
2023-12-16 22:45,48,20,28,0,0,0
2023-12-16 23:00,57,16,41,0,0,0
2023-12-16 23:15,51,22,29,0,0,0
2023-12-16 23:30,47,10,37,0,0,0
2023-12-16 23:45,51,18,33,0,0,0
2023-12-17 00:00,41,15,26,0,0,0
2023-12-17 00:15,29,12,17,0,0,0
2023-12-17 00:30,26,8,18,0,0,0
2023-12-17 00:45,35,9,26,0,0,0
2023-12-17 01:00,35,8,27,0,0,0
2023-12-17 01:15,16,5,11,0,0,0
2023-12-17 01:30,17,4,13,0,0,0
2023-12-17 01:45,18,3,15,0,0,0
2023-12-17 02:00,11,4,7,0,0,0
2023-12-17 02:15,19,1,18,0,0,0
2023-12-17 02:30,17,9,8,0,0,0
2023-12-17 02:45,16,4,12,0,0,0
2023-12-17 03:00,5,1,4,0,0,0
2023-12-17 03:15,23,6,17,0,0,0
2023-12-17 03:30,2,0,2,0,0,0
2023-12-17 03:45,6,1,5,0,0,0
2023-12-17 04:00,6,4,2,0,0,0
2023-12-17 04:15,6,1,5,0,0,0
2023-12-17 04:30,8,1,7,0,0,0
2023-12-17 04:45,7,1,6,0,0,0
2023-12-17 05:00,4,1,3,0,0,0
2023-12-17 05:15,6,2,4,0,0,0
2023-12-17 05:30,7,1,6,0,0,0
2023-12-17 05:45,4,2,2,0,0,0
2023-12-17 06:00,7,6,1,0,0,0
2023-12-17 06:15,4,2,2,0,0,0
2023-12-17 06:30,2,2,0,0,0,0
2023-12-17 06:45,4,3,1,0,0,0
2023-12-17 07:00,5,4,1,0,0,0
2023-12-17 07:15,2,1,1,0,0,0
2023-12-17 07:30,1,1,0,0,0,0
2023-12-17 07:45,7,5,2,0,0,0
2023-12-17 08:00,4,1,3,0,0,0
2023-12-17 08:15,4,2,2,0,0,0
2023-12-17 08:30,10,4,6,0,0,0
2023-12-17 08:45,11,7,4,0,0,0
2023-12-17 09:00,9,9,0,0,0,0
2023-12-17 09:15,22,16,6,0,0,0
2023-12-17 09:30,23,10,13,0,0,0
2023-12-17 09:45,41,24,17,0,0,0
2023-12-17 10:00,35,18,17,0,0,0
2023-12-17 10:15,27,16,11,0,0,0
2023-12-17 10:30,34,17,17,0,0,0
2023-12-17 10:45,52,30,22,0,0,0
2023-12-17 11:00,37,24,13,0,0,0
2023-12-17 11:15,43,23,20,0,0,0
2023-12-17 11:30,43,26,17,0,0,0
2023-12-17 11:45,47,22,25,0,0,0
2023-12-17 12:00,43,25,18,0,0,0
2023-12-17 12:15,47,27,20,0,0,0
2023-12-17 12:30,48,24,24,0,0,0
2023-12-17 12:45,78,43,35,0,0,0
2023-12-17 13:00,50,25,25,0,0,0
2023-12-17 13:15,52,27,25,0,0,0
2023-12-17 13:30,66,28,38,0,0,0
2023-12-17 13:45,58,36,22,0,0,0
2023-12-17 14:00,61,41,20,0,0,0
2023-12-17 14:15,56,22,34,0,0,0
2023-12-17 14:30,77,39,38,0,0,0
2023-12-17 14:45,73,36,37,0,0,0
2023-12-17 15:00,79,48,31,0,0,0
2023-12-17 15:15,98,59,39,0,0,0
2023-12-17 15:30,60,34,26,0,0,0
2023-12-17 15:45,82,53,29,0,0,0
2023-12-17 16:00,63,33,30,0,0,0
2023-12-17 16:15,78,35,43,0,0,0
2023-12-17 16:30,70,33,37,0,0,0
2023-12-17 16:45,92,55,37,0,0,0
2023-12-17 17:00,68,38,30,0,0,0
2023-12-17 17:15,80,35,45,0,0,0
2023-12-17 17:30,65,16,49,0,0,0
2023-12-17 17:45,89,40,49,0,0,0
2023-12-17 18:00,73,32,41,0,0,0
2023-12-17 18:15,64,21,43,0,0,0
2023-12-17 18:30,75,26,49,0,0,0
2023-12-17 18:45,70,22,48,0,0,0
2023-12-17 19:00,64,21,43,0,0,0
2023-12-17 19:15,53,22,31,0,0,0
2023-12-17 19:30,42,10,32,0,0,0
2023-12-17 19:45,60,15,45,0,0,0
2023-12-17 20:00,74,16,58,0,0,0
2023-12-17 20:15,65,13,52,0,0,0
2023-12-17 20:30,43,15,28,0,0,0
2023-12-17 20:45,41,9,32,0,0,0
2023-12-17 21:00,26,7,19,0,0,0
2023-12-17 21:15,34,4,30,0,0,0
2023-12-17 21:30,39,18,21,0,0,0
2023-12-17 21:45,29,8,21,0,0,0
2023-12-17 22:00,47,17,30,0,0,0
2023-12-17 22:15,17,4,13,0,0,0
2023-12-17 22:30,30,9,21,0,0,0
2023-12-17 22:45,17,6,11,0,0,0
2023-12-17 23:00,13,2,11,0,0,0
2023-12-17 23:15,16,1,15,0,0,0
2023-12-17 23:30,7,3,4,0,0,0
2023-12-17 23:45,9,2,7,0,0,0
2023-12-18 00:00,4,0,4,0,0,0
2023-12-18 00:15,5,1,4,0,0,0
2023-12-18 00:30,2,0,2,0,0,0
2023-12-18 00:45,1,0,1,0,0,0
2023-12-18 01:00,1,1,0,0,0,0
2023-12-18 01:15,1,0,1,0,0,0
2023-12-18 01:30,1,0,1,0,0,0
2023-12-18 01:45,2,0,2,0,0,0
2023-12-18 02:00,0,0,0,0,0,0
2023-12-18 02:15,3,0,3,0,0,0
2023-12-18 02:30,3,2,1,0,0,0
2023-12-18 02:45,1,1,0,0,0,0
2023-12-18 03:00,3,3,0,0,0,0
2023-12-18 03:15,0,0,0,0,0,0
2023-12-18 03:30,0,0,0,0,0,0
2023-12-18 03:45,2,1,1,0,0,0
2023-12-18 04:00,2,2,0,0,0,0
2023-12-18 04:15,1,1,0,0,0,0
2023-12-18 04:30,1,0,1,0,0,0
2023-12-18 04:45,4,4,0,0,0,0
2023-12-18 05:00,5,3,2,0,0,0
2023-12-18 05:15,7,3,4,0,0,0
2023-12-18 05:30,13,9,4,0,0,0
2023-12-18 05:45,10,9,1,0,0,0
2023-12-18 06:00,17,12,5,0,0,0
2023-12-18 06:15,33,29,4,0,0,0
2023-12-18 06:30,34,24,10,0,0,0
2023-12-18 06:45,48,34,14,0,0,0
2023-12-18 07:00,68,40,28,0,0,0
2023-12-18 07:15,104,71,33,0,0,0
2023-12-18 07:30,155,109,46,0,0,0
2023-12-18 07:45,135,87,48,0,0,0
2023-12-18 08:00,126,88,38,0,0,0
2023-12-18 08:15,149,97,52,0,0,0
2023-12-18 08:30,133,89,44,0,0,0
2023-12-18 08:45,136,85,51,0,0,0
2023-12-18 09:00,82,55,27,0,0,0
2023-12-18 09:15,75,49,26,0,0,0
2023-12-18 09:30,104,77,27,0,0,0
2023-12-18 09:45,127,98,29,0,0,0
2023-12-18 10:00,112,74,38,0,0,0
2023-12-18 10:15,120,69,51,0,0,0
2023-12-18 10:30,105,57,48,0,0,0
2023-12-18 10:45,120,73,47,0,0,0
2023-12-18 11:00,105,51,54,0,0,0
2023-12-18 11:15,108,58,50,0,0,0
2023-12-18 11:30,148,69,79,0,0,0
2023-12-18 11:45,152,86,66,0,0,0
2023-12-18 12:00,141,63,78,0,0,0
2023-12-18 12:15,155,76,79,0,0,0
2023-12-18 12:30,108,53,55,0,0,0
2023-12-18 12:45,141,60,81,0,0,0
2023-12-18 13:00,129,63,66,0,0,0
2023-12-18 13:15,169,81,88,0,0,0
2023-12-18 13:30,163,64,99,0,0,0
2023-12-18 13:45,195,82,113,0,0,0
2023-12-18 14:00,168,78,90,0,0,0
2023-12-18 14:15,144,66,78,0,0,0
2023-12-18 14:30,173,68,105,0,0,0
2023-12-18 14:45,159,83,76,0,0,0
2023-12-18 15:00,148,54,94,0,0,0
2023-12-18 15:15,172,81,91,0,0,0
2023-12-18 15:30,186,87,99,0,0,0
2023-12-18 15:45,203,94,109,0,0,0
2023-12-18 16:00,199,81,118,0,0,0
2023-12-18 16:15,221,92,129,0,0,0
2023-12-18 16:30,206,89,117,0,0,0
2023-12-18 16:45,201,91,110,0,0,0
2023-12-18 17:00,224,102,122,0,0,0
2023-12-18 17:15,198,90,108,0,0,0
2023-12-18 17:30,170,61,109,0,0,0
2023-12-18 17:45,233,116,117,0,0,0
2023-12-18 18:00,228,91,137,0,0,0
2023-12-18 18:15,168,80,88,0,0,0
2023-12-18 18:30,149,58,91,0,0,0
2023-12-18 18:45,140,55,85,0,0,0
2023-12-18 19:00,138,55,83,0,0,0
2023-12-18 19:15,128,42,86,0,0,0
2023-12-18 19:30,118,27,91,0,0,0
2023-12-18 19:45,134,32,102,0,0,0
2023-12-18 20:00,129,28,101,0,0,0
2023-12-18 20:15,121,25,96,0,0,0
2023-12-18 20:30,93,17,76,0,0,0
2023-12-18 20:45,76,17,59,0,0,0
2023-12-18 21:00,54,12,42,0,0,0
2023-12-18 21:15,42,15,27,0,0,0
2023-12-18 21:30,40,11,29,0,0,0
2023-12-18 21:45,50,9,41,0,0,0
2023-12-18 22:00,45,9,36,0,0,0
2023-12-18 22:15,51,10,41,0,0,0
2023-12-18 22:30,32,9,23,0,0,0
2023-12-18 22:45,42,10,32,0,0,0
2023-12-18 23:00,36,9,27,0,0,0
2023-12-18 23:15,33,3,30,0,0,0
2023-12-18 23:30,8,1,7,0,0,0
2023-12-18 23:45,22,6,16,0,0,0
2023-12-19 00:00,17,4,13,0,0,0
2023-12-19 00:15,25,4,21,0,0,0
2023-12-19 00:30,10,3,7,0,0,0
2023-12-19 00:45,14,2,12,0,0,0
2023-12-19 01:00,3,2,1,0,0,0
2023-12-19 01:15,2,1,1,0,0,0
2023-12-19 01:30,3,0,3,0,0,0
2023-12-19 01:45,4,2,2,0,0,0
2023-12-19 02:00,2,1,1,0,0,0
2023-12-19 02:15,1,1,0,0,0,0
2023-12-19 02:30,4,1,3,0,0,0
2023-12-19 02:45,1,0,1,0,0,0
2023-12-19 03:00,1,0,1,0,0,0
2023-12-19 03:15,1,0,1,0,0,0
2023-12-19 03:30,2,1,1,0,0,0
2023-12-19 03:45,0,0,0,0,0,0
2023-12-19 04:00,1,1,0,0,0,0
2023-12-19 04:15,1,1,0,0,0,0
2023-12-19 04:30,0,0,0,0,0,0
2023-12-19 04:45,5,5,0,0,0,0
2023-12-19 05:00,5,4,1,0,0,0
2023-12-19 05:15,6,5,1,0,0,0
2023-12-19 05:30,14,8,6,0,0,0
2023-12-19 05:45,13,11,2,0,0,0
2023-12-19 06:00,16,11,5,0,0,0
2023-12-19 06:15,28,22,6,0,0,0
2023-12-19 06:30,44,33,11,0,0,0
2023-12-19 06:45,59,37,22,0,0,0
2023-12-19 07:00,72,42,30,0,0,0
2023-12-19 07:15,85,52,33,0,0,0
2023-12-19 07:30,132,77,55,0,0,0
2023-12-19 07:45,151,99,52,0,0,0
2023-12-19 08:00,127,84,43,0,0,0
2023-12-19 08:15,145,83,62,0,0,0
2023-12-19 08:30,96,70,26,0,0,0
2023-12-19 08:45,124,70,54,0,0,0
2023-12-19 09:00,77,60,17,0,0,0
2023-12-19 09:15,78,55,23,0,0,0
2023-12-19 09:30,67,41,26,0,0,0
2023-12-19 09:45,100,74,26,0,0,0
2023-12-19 10:00,101,65,36,0,0,0
2023-12-19 10:15,79,46,33,0,0,0
2023-12-19 10:30,72,38,34,0,0,0
2023-12-19 10:45,108,65,43,0,0,0
2023-12-19 11:00,107,47,60,0,0,0
2023-12-19 11:15,98,44,54,0,0,0
2023-12-19 11:30,94,49,45,0,0,0
2023-12-19 11:45,90,33,57,0,0,0
2023-12-19 12:00,114,51,63,0,0,0
2023-12-19 12:15,117,56,61,0,0,0
2023-12-19 12:30,97,46,51,0,0,0
2023-12-19 12:45,105,44,61,0,0,0
2023-12-19 13:00,112,40,72,0,0,0
2023-12-19 13:15,98,41,57,0,0,0
2023-12-19 13:30,104,35,69,0,0,0
2023-12-19 13:45,124,59,65,0,0,0
2023-12-19 14:00,118,49,69,0,0,0
2023-12-19 14:15,99,34,65,0,0,0
2023-12-19 14:30,117,43,74,0,0,0
2023-12-19 14:45,122,59,63,0,0,0
2023-12-19 15:00,98,35,63,0,0,0
2023-12-19 15:15,106,41,65,0,0,0
2023-12-19 15:30,109,38,71,0,0,0
2023-12-19 15:45,145,59,86,0,0,0
2023-12-19 16:00,153,63,90,0,0,0
2023-12-19 16:15,151,50,101,0,0,0
2023-12-19 16:30,106,37,69,0,0,0
2023-12-19 16:45,135,66,69,0,0,0
2023-12-19 17:00,135,54,81,0,0,0
2023-12-19 17:15,136,53,83,0,0,0
2023-12-19 17:30,124,54,70,0,0,0
2023-12-19 17:45,142,64,78,0,0,0
2023-12-19 18:00,141,57,84,0,0,0
2023-12-19 18:15,109,43,66,0,0,0
2023-12-19 18:30,105,35,70,0,0,0
2023-12-19 18:45,102,48,54,0,0,0
2023-12-19 19:00,85,27,58,0,0,0
2023-12-19 19:15,65,28,37,0,0,0
2023-12-19 19:30,76,26,50,0,0,0
2023-12-19 19:45,75,27,48,0,0,0
2023-12-19 20:00,86,14,72,0,0,0
2023-12-19 20:15,53,9,44,0,0,0
2023-12-19 20:30,33,10,23,0,0,0
2023-12-19 20:45,43,8,35,0,0,0
2023-12-19 21:00,29,9,20,0,0,0
2023-12-19 21:15,40,14,26,0,0,0
2023-12-19 21:30,41,12,29,0,0,0
2023-12-19 21:45,41,16,25,0,0,0
2023-12-19 22:00,38,12,26,0,0,0
2023-12-19 22:15,37,11,26,0,0,0
2023-12-19 22:30,32,8,24,0,0,0
2023-12-19 22:45,32,11,21,0,0,0
2023-12-19 23:00,26,9,17,0,0,0
2023-12-19 23:15,19,1,18,0,0,0
2023-12-19 23:30,23,5,18,0,0,0
2023-12-19 23:45,12,3,9,0,0,0
2023-12-20 00:00,13,4,9,0,0,0
2023-12-20 00:15,3,0,3,0,0,0
2023-12-20 00:30,23,16,7,0,0,0
2023-12-20 00:45,7,1,6,0,0,0
2023-12-20 01:00,7,1,6,0,0,0
2023-12-20 01:15,7,2,5,0,0,0
2023-12-20 01:30,2,1,1,0,0,0
2023-12-20 01:45,5,0,5,0,0,0
2023-12-20 02:00,2,0,2,0,0,0
2023-12-20 02:15,3,1,2,0,0,0
2023-12-20 02:30,1,1,0,0,0,0
2023-12-20 02:45,0,0,0,0,0,0
2023-12-20 03:00,0,0,0,0,0,0
2023-12-20 03:15,2,1,1,0,0,0
2023-12-20 03:30,1,1,0,0,0,0
2023-12-20 03:45,0,0,0,0,0,0
2023-12-20 04:00,1,1,0,0,0,0
2023-12-20 04:15,0,0,0,0,0,0
2023-12-20 04:30,3,2,1,0,0,0
2023-12-20 04:45,7,5,2,0,0,0
2023-12-20 05:00,3,2,1,0,0,0
2023-12-20 05:15,6,5,1,0,0,0
2023-12-20 05:30,10,8,2,0,0,0
2023-12-20 05:45,10,7,3,0,0,0
2023-12-20 06:00,18,12,6,0,0,0
2023-12-20 06:15,26,18,8,0,0,0
2023-12-20 06:30,43,35,8,0,0,0
2023-12-20 06:45,53,31,22,0,0,0
2023-12-20 07:00,60,33,27,0,0,0
2023-12-20 07:15,108,70,38,0,0,0
2023-12-20 07:30,139,82,57,0,0,0
2023-12-20 07:45,147,95,52,0,0,0
2023-12-20 08:00,115,81,34,0,0,0
2023-12-20 08:15,153,92,61,0,0,0
2023-12-20 08:30,122,75,47,0,0,0
2023-12-20 08:45,167,128,39,0,0,0
2023-12-20 09:00,95,66,29,0,0,0
2023-12-20 09:15,107,73,34,0,0,0
2023-12-20 09:30,112,77,35,0,0,0
2023-12-20 09:45,152,101,51,0,0,0
2023-12-20 10:00,134,90,44,0,0,0
2023-12-20 10:15,108,78,30,0,0,0
2023-12-20 10:30,99,56,43,0,0,0
2023-12-20 10:45,104,53,51,0,0,0
2023-12-20 11:00,124,63,61,0,0,0
2023-12-20 11:15,134,80,54,0,0,0
2023-12-20 11:30,115,56,59,0,0,0
2023-12-20 11:45,151,74,77,0,0,0
2023-12-20 12:00,124,61,63,0,0,0
2023-12-20 12:15,142,66,76,0,0,0
2023-12-20 12:30,139,52,87,0,0,0
2023-12-20 12:45,143,68,75,0,0,0
2023-12-20 13:00,150,66,84,0,0,0
2023-12-20 13:15,173,64,109,0,0,0
2023-12-20 13:30,143,64,79,0,0,0
2023-12-20 13:45,179,78,101,0,0,0
2023-12-20 14:00,145,68,77,0,0,0
2023-12-20 14:15,144,66,78,0,0,0
2023-12-20 14:30,142,64,78,0,0,0
2023-12-20 14:45,182,86,96,0,0,0
2023-12-20 15:00,140,60,80,0,0,0
2023-12-20 15:15,179,86,93,0,0,0
2023-12-20 15:30,150,59,91,0,0,0
2023-12-20 15:45,197,100,97,0,0,0
2023-12-20 16:00,166,72,94,0,0,0
2023-12-20 16:15,178,73,105,0,0,0
2023-12-20 16:30,164,69,95,0,0,0
2023-12-20 16:45,202,110,92,0,0,0
2023-12-20 17:00,196,89,107,0,0,0
2023-12-20 17:15,162,71,91,0,0,0
2023-12-20 17:30,140,64,76,0,0,0
2023-12-20 17:45,192,90,102,0,0,0
2023-12-20 18:00,196,77,119,0,0,0
2023-12-20 18:15,163,75,88,0,0,0
2023-12-20 18:30,126,64,62,0,0,0
2023-12-20 18:45,128,53,75,0,0,0
2023-12-20 19:00,123,47,76,0,0,0
2023-12-20 19:15,156,33,123,0,0,0
2023-12-20 19:30,120,32,88,0,0,0
2023-12-20 19:45,118,32,86,0,0,0
2023-12-20 20:00,99,22,77,0,0,0
2023-12-20 20:15,77,18,59,0,0,0
2023-12-20 20:30,83,19,64,0,0,0
2023-12-20 20:45,61,17,44,0,0,0
2023-12-20 21:00,59,11,48,0,0,0
2023-12-20 21:15,57,11,46,0,0,0
2023-12-20 21:30,36,15,21,0,0,0
2023-12-20 21:45,61,28,33,0,0,0
2023-12-20 22:00,131,98,33,0,0,0
2023-12-20 22:15,60,31,29,0,0,0
2023-12-20 22:30,83,32,51,0,0,0
2023-12-20 22:45,28,8,20,0,0,0
2023-12-20 23:00,40,19,21,0,0,0
2023-12-20 23:15,39,19,20,0,0,0
2023-12-20 23:30,41,18,23,0,0,0
2023-12-20 23:45,25,7,18,0,0,0
2023-12-21 00:00,24,9,15,0,0,0
2023-12-21 00:15,29,14,15,0,0,0
2023-12-21 00:30,31,3,28,0,0,0
2023-12-21 00:45,13,3,10,0,0,0
2023-12-21 01:00,28,14,14,0,0,0
2023-12-21 01:15,9,3,6,0,0,0
2023-12-21 01:30,18,5,13,0,0,0
2023-12-21 01:45,13,0,13,0,0,0
2023-12-21 02:00,6,2,4,0,0,0
2023-12-21 02:15,5,0,5,0,0,0
2023-12-21 02:30,11,2,9,0,0,0
2023-12-21 02:45,8,2,6,0,0,0
2023-12-21 03:00,11,3,8,0,0,0
2023-12-21 03:15,6,2,4,0,0,0
2023-12-21 03:30,1,0,1,0,0,0
2023-12-21 03:45,3,0,3,0,0,0
2023-12-21 04:00,9,2,7,0,0,0
2023-12-21 04:15,10,2,8,0,0,0
2023-12-21 04:30,7,3,4,0,0,0
2023-12-21 04:45,2,1,1,0,0,0
2023-12-21 05:00,4,3,1,0,0,0
2023-12-21 05:15,6,4,2,0,0,0
2023-12-21 05:30,11,6,5,0,0,0
2023-12-21 05:45,10,5,5,0,0,0
2023-12-21 06:00,13,7,6,0,0,0
2023-12-21 06:15,23,18,5,0,0,0
2023-12-21 06:30,27,15,12,0,0,0
2023-12-21 06:45,36,22,14,0,0,0
2023-12-21 07:00,48,28,20,0,0,0
2023-12-21 07:15,46,33,13,0,0,0
2023-12-21 07:30,68,44,24,0,0,0
2023-12-21 07:45,72,48,24,0,0,0
2023-12-21 08:00,70,38,32,0,0,0
2023-12-21 08:15,84,57,27,0,0,0
2023-12-21 08:30,80,59,21,0,0,0
2023-12-21 08:45,89,55,34,0,0,0
2023-12-21 09:00,52,35,17,0,0,0
2023-12-21 09:15,82,55,27,0,0,0
2023-12-21 09:30,64,48,16,0,0,0
2023-12-21 09:45,84,65,19,0,0,0
2023-12-21 10:00,72,53,19,0,0,0
2023-12-21 10:15,58,34,24,0,0,0
2023-12-21 10:30,59,26,33,0,0,0
2023-12-21 10:45,89,51,38,0,0,0
2023-12-21 11:00,64,37,27,0,0,0
2023-12-21 11:15,74,36,38,0,0,0
2023-12-21 11:30,73,36,37,0,0,0
2023-12-21 11:45,86,53,33,0,0,0
2023-12-21 12:00,94,41,53,0,0,0
2023-12-21 12:15,66,32,34,0,0,0
2023-12-21 12:30,95,40,55,0,0,0
2023-12-21 12:45,85,42,43,0,0,0
2023-12-21 13:00,79,40,39,0,0,0
2023-12-21 13:15,91,44,47,0,0,0
2023-12-21 13:30,97,43,54,0,0,0
2023-12-21 13:45,108,47,61,0,0,0
2023-12-21 14:00,106,37,69,0,0,0
2023-12-21 14:15,123,57,66,0,0,0
2023-12-21 14:30,112,55,57,0,0,0
2023-12-21 14:45,97,31,66,0,0,0
2023-12-21 15:00,116,41,75,0,0,0
2023-12-21 15:15,121,39,82,0,0,0
2023-12-21 15:30,119,59,60,0,0,0
2023-12-21 15:45,120,52,68,0,0,0
2023-12-21 16:00,99,37,62,0,0,0
2023-12-21 16:15,105,31,74,0,0,0
2023-12-21 16:30,127,44,83,0,0,0
2023-12-21 16:45,122,46,76,0,0,0
2023-12-21 17:00,83,29,54,0,0,0
2023-12-21 17:15,86,27,59,0,0,0
2023-12-21 17:30,89,34,55,0,0,0
2023-12-21 17:45,94,40,54,0,0,0
2023-12-21 18:00,101,29,72,0,0,0
2023-12-21 18:15,81,35,46,0,0,0
2023-12-21 18:30,106,44,62,0,0,0
2023-12-21 18:45,92,32,60,0,0,0
2023-12-21 19:00,73,34,39,0,0,0
2023-12-21 19:15,61,25,36,0,0,0
2023-12-21 19:30,51,17,34,0,0,0
2023-12-21 19:45,53,21,32,0,0,0
2023-12-21 20:00,42,6,36,0,0,0
2023-12-21 20:15,50,4,46,0,0,0
2023-12-21 20:30,38,4,34,0,0,0
2023-12-21 20:45,29,8,21,0,0,0
2023-12-21 21:00,33,10,23,0,0,0
2023-12-21 21:15,30,13,17,0,0,0
2023-12-21 21:30,28,10,18,0,0,0
2023-12-21 21:45,33,9,24,0,0,0
2023-12-21 22:00,31,11,20,0,0,0
2023-12-21 22:15,33,10,23,0,0,0
2023-12-21 22:30,28,8,20,0,0,0
2023-12-21 22:45,28,12,16,0,0,0
2023-12-21 23:00,25,6,19,0,0,0
2023-12-21 23:15,16,2,14,0,0,0
2023-12-21 23:30,16,6,10,0,0,0
2023-12-21 23:45,9,4,5,0,0,0
2023-12-22 00:00,17,7,10,0,0,0
2023-12-22 00:15,14,4,10,0,0,0
2023-12-22 00:30,9,2,7,0,0,0
2023-12-22 00:45,9,2,7,0,0,0
2023-12-22 01:00,11,2,9,0,0,0
2023-12-22 01:15,0,0,0,0,0,0
2023-12-22 01:30,5,2,3,0,0,0
2023-12-22 01:45,1,0,1,0,0,0
2023-12-22 02:00,1,0,1,0,0,0
2023-12-22 02:15,2,0,2,0,0,0
2023-12-22 02:30,1,0,1,0,0,0
2023-12-22 02:45,4,0,4,0,0,0
2023-12-22 03:00,1,1,0,0,0,0
2023-12-22 03:15,3,0,3,0,0,0
2023-12-22 03:30,3,0,3,0,0,0
2023-12-22 03:45,4,0,4,0,0,0
2023-12-22 04:00,2,1,1,0,0,0
2023-12-22 04:15,1,1,0,0,0,0
2023-12-22 04:30,1,0,1,0,0,0
2023-12-22 04:45,3,2,1,0,0,0
2023-12-22 05:00,2,1,1,0,0,0
2023-12-22 05:15,5,3,2,0,0,0
2023-12-22 05:30,7,5,2,0,0,0
2023-12-22 05:45,7,5,2,0,0,0
2023-12-22 06:00,12,7,5,0,0,0
2023-12-22 06:15,21,17,4,0,0,0
2023-12-22 06:30,20,11,9,0,0,0
2023-12-22 06:45,35,20,15,0,0,0
2023-12-22 07:00,46,33,13,0,0,0
2023-12-22 07:15,31,14,17,0,0,0
2023-12-22 07:30,69,41,28,0,0,0
2023-12-22 07:45,79,60,19,0,0,0
2023-12-22 08:00,51,31,20,0,0,0
2023-12-22 08:15,46,29,17,0,0,0
2023-12-22 08:30,59,39,20,0,0,0
2023-12-22 08:45,64,42,22,0,0,0
2023-12-22 09:00,52,31,21,0,0,0
2023-12-22 09:15,60,37,23,0,0,0
2023-12-22 09:30,63,44,19,0,0,0
2023-12-22 09:45,91,65,26,0,0,0
2023-12-22 10:00,85,55,30,0,0,0
2023-12-22 10:15,76,51,25,0,0,0
2023-12-22 10:30,83,46,37,0,0,0
2023-12-22 10:45,104,68,36,0,0,0
2023-12-22 11:00,111,72,39,0,0,0
2023-12-22 11:15,109,74,35,0,0,0
2023-12-22 11:30,79,35,44,0,0,0
2023-12-22 11:45,91,35,56,0,0,0
2023-12-22 12:00,104,37,67,0,0,0
2023-12-22 12:15,103,55,48,0,0,0
2023-12-22 12:30,119,50,69,0,0,0
2023-12-22 12:45,113,62,51,0,0,0
2023-12-22 13:00,113,54,59,0,0,0
2023-12-22 13:15,132,73,59,0,0,0
2023-12-22 13:30,150,72,78,0,0,0
2023-12-22 13:45,151,63,88,0,0,0
2023-12-22 14:00,154,74,80,0,0,0
2023-12-22 14:15,130,53,77,0,0,0
2023-12-22 14:30,115,63,52,0,0,0
2023-12-22 14:45,118,52,66,0,0,0
2023-12-22 15:00,95,33,62,0,0,0
2023-12-22 15:15,100,38,62,0,0,0
2023-12-22 15:30,130,52,78,0,0,0
2023-12-22 15:45,105,44,61,0,0,0
2023-12-22 16:00,100,40,60,0,0,0
2023-12-22 16:15,102,41,61,0,0,0
2023-12-22 16:30,73,28,45,0,0,0
2023-12-22 16:45,71,31,40,0,0,0
2023-12-22 17:00,99,36,63,0,0,0
2023-12-22 17:15,85,36,49,0,0,0
2023-12-22 17:30,71,34,37,0,0,0
2023-12-22 17:45,113,40,73,0,0,0
2023-12-22 18:00,96,42,54,0,0,0
2023-12-22 18:15,100,45,55,0,0,0
2023-12-22 18:30,96,41,55,0,0,0
2023-12-22 18:45,82,39,43,0,0,0
2023-12-22 19:00,75,30,45,0,0,0
2023-12-22 19:15,77,22,55,0,0,0
2023-12-22 19:30,57,22,35,0,0,0
2023-12-22 19:45,56,21,35,0,0,0
2023-12-22 20:00,55,22,33,0,0,0
2023-12-22 20:15,43,10,33,0,0,0
2023-12-22 20:30,50,18,32,0,0,0
2023-12-22 20:45,41,19,22,0,0,0
2023-12-22 21:00,39,11,28,0,0,0
2023-12-22 21:15,29,8,21,0,0,0
2023-12-22 21:30,33,16,17,0,0,0
2023-12-22 21:45,43,14,29,0,0,0
2023-12-22 22:00,29,11,18,0,0,0
2023-12-22 22:15,34,6,28,0,0,0
2023-12-22 22:30,24,7,17,0,0,0
2023-12-22 22:45,33,12,21,0,0,0
2023-12-22 23:00,17,0,17,0,0,0
2023-12-22 23:15,18,2,16,0,0,0
2023-12-22 23:30,22,7,15,0,0,0
2023-12-22 23:45,24,6,18,0,0,0
2023-12-23 00:00,21,13,8,0,0,0
2023-12-23 00:15,12,2,10,0,0,0
2023-12-23 00:30,24,6,18,0,0,0
2023-12-23 00:45,12,8,4,0,0,0
2023-12-23 01:00,23,9,14,0,0,0
2023-12-23 01:15,7,2,5,0,0,0
2023-12-23 01:30,14,7,7,0,0,0
2023-12-23 01:45,15,2,13,0,0,0
2023-12-23 02:00,14,10,4,0,0,0
2023-12-23 02:15,9,1,8,0,0,0
2023-12-23 02:30,13,4,9,0,0,0
2023-12-23 02:45,10,3,7,0,0,0
2023-12-23 03:00,11,2,9,0,0,0
2023-12-23 03:15,5,0,5,0,0,0
2023-12-23 03:30,8,1,7,0,0,0
2023-12-23 03:45,7,2,5,0,0,0
2023-12-23 04:00,3,1,2,0,0,0
2023-12-23 04:15,4,2,2,0,0,0
2023-12-23 04:30,2,0,2,0,0,0
2023-12-23 04:45,5,3,2,0,0,0
2023-12-23 05:00,6,5,1,0,0,0
2023-12-23 05:15,9,6,3,0,0,0
2023-12-23 05:30,8,2,6,0,0,0
2023-12-23 05:45,4,2,2,0,0,0
2023-12-23 06:00,6,4,2,0,0,0
2023-12-23 06:15,3,2,1,0,0,0
2023-12-23 06:30,7,6,1,0,0,0
2023-12-23 06:45,17,14,3,0,0,0
2023-12-23 07:00,19,11,8,0,0,0
2023-12-23 07:15,14,8,6,0,0,0
2023-12-23 07:30,19,12,7,0,0,0
2023-12-23 07:45,26,19,7,0,0,0
2023-12-23 08:00,16,10,6,0,0,0
2023-12-23 08:15,29,19,10,0,0,0
2023-12-23 08:30,23,14,9,0,0,0
2023-12-23 08:45,45,18,27,0,0,0
2023-12-23 09:00,37,21,16,0,0,0
2023-12-23 09:15,29,18,11,0,0,0
2023-12-23 09:30,54,28,26,0,0,0
2023-12-23 09:45,66,37,29,0,0,0
2023-12-23 10:00,53,30,23,0,0,0
2023-12-23 10:15,44,31,13,0,0,0
2023-12-23 10:30,68,46,22,0,0,0
2023-12-23 10:45,70,38,32,0,0,0
2023-12-23 11:00,66,39,27,0,0,0
2023-12-23 11:15,52,29,23,0,0,0
2023-12-23 11:30,85,44,41,0,0,0
2023-12-23 11:45,87,42,45,0,0,0
2023-12-23 12:00,86,38,48,0,0,0
2023-12-23 12:15,84,44,40,0,0,0
2023-12-23 12:30,75,33,42,0,0,0
2023-12-23 12:45,60,34,26,0,0,0
2023-12-23 13:00,90,45,45,0,0,0
2023-12-23 13:15,76,36,40,0,0,0
2023-12-23 13:30,86,46,40,0,0,0
2023-12-23 13:45,82,36,46,0,0,0
2023-12-23 14:00,86,35,51,0,0,0
2023-12-23 14:15,94,41,53,0,0,0
2023-12-23 14:30,71,25,46,0,0,0
2023-12-23 14:45,82,35,47,0,0,0
2023-12-23 15:00,71,33,38,0,0,0
2023-12-23 15:15,80,33,47,0,0,0
2023-12-23 15:30,71,24,47,0,0,0
2023-12-23 15:45,76,38,38,0,0,0
2023-12-23 16:00,75,41,34,0,0,0
2023-12-23 16:15,64,30,34,0,0,0
2023-12-23 16:30,76,32,44,0,0,0
2023-12-23 16:45,77,40,37,0,0,0
2023-12-23 17:00,61,29,32,0,0,0
2023-12-23 17:15,63,26,37,0,0,0
2023-12-23 17:30,55,19,36,0,0,0
2023-12-23 17:45,64,32,32,0,0,0
2023-12-23 18:00,75,30,45,0,0,0
2023-12-23 18:15,63,24,39,0,0,0
2023-12-23 18:30,49,26,23,0,0,0
2023-12-23 18:45,63,25,38,0,0,0
2023-12-23 19:00,53,25,28,0,0,0
2023-12-23 19:15,44,10,34,0,0,0
2023-12-23 19:30,34,16,18,0,0,0
2023-12-23 19:45,31,10,21,0,0,0
2023-12-23 20:00,36,12,24,0,0,0
2023-12-23 20:15,27,7,20,0,0,0
2023-12-23 20:30,17,7,10,0,0,0
2023-12-23 20:45,14,2,12,0,0,0
2023-12-23 21:00,24,5,19,0,0,0
2023-12-23 21:15,19,5,14,0,0,0
2023-12-23 21:30,34,14,20,0,0,0
2023-12-23 21:45,19,7,12,0,0,0
2023-12-23 22:00,17,2,15,0,0,0
2023-12-23 22:15,16,5,11,0,0,0
2023-12-23 22:30,13,4,9,0,0,0
2023-12-23 22:45,13,3,10,0,0,0
2023-12-23 23:00,16,5,11,0,0,0
2023-12-23 23:15,18,6,12,0,0,0
2023-12-23 23:30,9,3,6,0,0,0
2023-12-23 23:45,17,6,11,0,0,0
