Datetime,100034980 (Hammer Straße),101034980 (Hammer Straße stadteinwärts),102034980 (Hammer Straße stadtauswärts),100034980-status,101034980-status,102034980-status
2024-03-01 00:00,9,2,7,0,0,0
2024-03-01 00:15,13,6,7,0,0,0
2024-03-01 00:30,11,1,10,0,0,0
2024-03-01 00:45,10,2,8,0,0,0
2024-03-01 01:00,6,0,6,0,0,0
2024-03-01 01:15,3,1,2,0,0,0
2024-03-01 01:30,5,1,4,0,0,0
2024-03-01 01:45,1,0,1,0,0,0
2024-03-01 02:00,0,0,0,0,0,0
2024-03-01 02:15,3,0,3,0,0,0
2024-03-01 02:30,1,0,1,0,0,0
2024-03-01 02:45,0,0,0,0,0,0
2024-03-01 03:00,0,0,0,0,0,0
2024-03-01 03:15,1,0,1,0,0,0
2024-03-01 03:30,1,1,0,0,0,0
2024-03-01 03:45,1,0,1,0,0,0
2024-03-01 04:00,2,1,1,0,0,0
2024-03-01 04:15,6,3,3,0,0,0
2024-03-01 04:30,0,0,0,0,0,0
2024-03-01 04:45,1,1,0,0,0,0
2024-03-01 05:00,15,5,10,0,0,0
2024-03-01 05:15,8,4,4,0,0,0
2024-03-01 05:30,24,16,8,0,0,0
2024-03-01 05:45,16,11,5,0,0,0
2024-03-01 06:00,30,24,6,0,0,0
2024-03-01 06:15,32,23,9,0,0,0
2024-03-01 06:30,52,33,19,0,0,0
2024-03-01 06:45,54,32,22,0,0,0
2024-03-01 07:00,86,55,31,0,0,0
2024-03-01 07:15,132,75,57,0,0,0
2024-03-01 07:30,156,100,56,0,0,0
2024-03-01 07:45,168,108,60,0,0,0
2024-03-01 08:00,138,96,42,0,0,0
2024-03-01 08:15,130,85,45,0,0,0
2024-03-01 08:30,117,71,46,0,0,0
2024-03-01 08:45,120,91,29,0,0,0
2024-03-01 09:00,92,51,41,0,0,0
2024-03-01 09:15,83,54,29,0,0,0
2024-03-01 09:30,80,49,31,0,0,0
2024-03-01 09:45,127,91,36,0,0,0
2024-03-01 10:00,81,54,27,0,0,0
2024-03-01 10:15,76,47,29,0,0,0
2024-03-01 10:30,82,41,41,0,0,0
2024-03-01 10:45,101,55,46,0,0,0
2024-03-01 11:00,105,53,52,0,0,0
2024-03-01 11:15,94,39,55,0,0,0
2024-03-01 11:30,129,62,67,0,0,0
2024-03-01 11:45,143,80,63,0,0,0
2024-03-01 12:00,120,52,68,0,0,0
2024-03-01 12:15,126,53,73,0,0,0
2024-03-01 12:30,142,75,67,0,0,0
2024-03-01 12:45,139,63,76,0,0,0
2024-03-01 13:00,145,57,88,0,0,0
2024-03-01 13:15,160,73,87,0,0,0
2024-03-01 13:30,166,66,100,0,0,0
2024-03-01 13:45,172,72,100,0,0,0
2024-03-01 14:00,159,63,96,0,0,0
2024-03-01 14:15,144,60,84,0,0,0
2024-03-01 14:30,151,63,88,0,0,0
2024-03-01 14:45,189,74,115,0,0,0
2024-03-01 15:00,169,69,100,0,0,0
2024-03-01 15:15,143,56,87,0,0,0
2024-03-01 15:30,140,72,68,0,0,0
2024-03-01 15:45,163,85,78,0,0,0
2024-03-01 16:00,176,77,99,0,0,0
2024-03-01 16:15,149,73,76,0,0,0
2024-03-01 16:30,138,57,81,0,0,0
2024-03-01 16:45,153,63,90,0,0,0
2024-03-01 17:00,115,45,70,0,0,0
2024-03-01 17:15,151,73,78,0,0,0
2024-03-01 17:30,118,60,58,0,0,0
2024-03-01 17:45,152,55,97,0,0,0
2024-03-01 18:00,133,56,77,0,0,0
2024-03-01 18:15,141,42,99,0,0,0
2024-03-01 18:30,137,41,96,0,0,0
2024-03-01 18:45,165,68,97,0,0,0
2024-03-01 19:00,120,49,71,0,0,0
2024-03-01 19:15,111,53,58,0,0,0
2024-03-01 19:30,90,43,47,0,0,0
2024-03-01 19:45,111,38,73,0,0,0
2024-03-01 20:00,82,44,38,0,0,0
2024-03-01 20:15,83,37,46,0,0,0
2024-03-01 20:30,56,20,36,0,0,0
2024-03-01 20:45,43,24,19,0,0,0
2024-03-01 21:00,52,12,40,0,0,0
2024-03-01 21:15,46,15,31,0,0,0
2024-03-01 21:30,42,14,28,0,0,0
2024-03-01 21:45,45,15,30,0,0,0
2024-03-01 22:00,51,23,28,0,0,0
2024-03-01 22:15,71,32,39,0,0,0
2024-03-01 22:30,42,6,36,0,0,0
2024-03-01 22:45,39,10,29,0,0,0
2024-03-01 23:00,45,22,23,0,0,0
2024-03-01 23:15,60,22,38,0,0,0
2024-03-01 23:30,40,15,25,0,0,0
2024-03-01 23:45,49,23,26,0,0,0
2024-03-02 00:00,30,3,27,0,0,0
2024-03-02 00:15,44,20,24,0,0,0
2024-03-02 00:30,36,9,27,0,0,0
2024-03-02 00:45,33,9,24,0,0,0
2024-03-02 01:00,25,6,19,0,0,0
2024-03-02 01:15,27,13,14,0,0,0
2024-03-02 01:30,10,2,8,0,0,0
2024-03-02 01:45,12,5,7,0,0,0
2024-03-02 02:00,8,1,7,0,0,0
2024-03-02 02:15,17,5,12,0,0,0
2024-03-02 02:30,9,3,6,0,0,0
2024-03-02 02:45,3,0,3,0,0,0
2024-03-02 03:00,8,1,7,0,0,0
2024-03-02 03:15,8,2,6,0,0,0
2024-03-02 03:30,10,3,7,0,0,0
2024-03-02 03:45,4,0,4,0,0,0
2024-03-02 04:00,10,4,6,0,0,0
2024-03-02 04:15,1,1,0,0,0,0
2024-03-02 04:30,5,0,5,0,0,0
2024-03-02 04:45,4,2,2,0,0,0
2024-03-02 05:00,5,1,4,0,0,0
2024-03-02 05:15,5,1,4,0,0,0
2024-03-02 05:30,9,4,5,0,0,0
2024-03-02 05:45,9,5,4,0,0,0
2024-03-02 06:00,13,7,6,0,0,0
2024-03-02 06:15,5,2,3,0,0,0
2024-03-02 06:30,6,4,2,0,0,0
2024-03-02 06:45,11,6,5,0,0,0
2024-03-02 07:00,18,13,5,0,0,0
2024-03-02 07:15,16,9,7,0,0,0
2024-03-02 07:30,19,10,9,0,0,0
2024-03-02 07:45,33,23,10,0,0,0
2024-03-02 08:00,31,20,11,0,0,0
2024-03-02 08:15,36,29,7,0,0,0
2024-03-02 08:30,50,35,15,0,0,0
2024-03-02 08:45,61,46,15,0,0,0
2024-03-02 09:00,74,42,32,0,0,0
2024-03-02 09:15,68,43,25,0,0,0
2024-03-02 09:30,89,64,25,0,0,0
2024-03-02 09:45,119,92,27,0,0,0
2024-03-02 10:00,97,73,24,0,0,0
2024-03-02 10:15,120,88,32,0,0,0
2024-03-02 10:30,128,77,51,0,0,0
2024-03-02 10:45,147,101,46,0,0,0
2024-03-02 11:00,117,73,44,0,0,0
2024-03-02 11:15,162,91,71,0,0,0
2024-03-02 11:30,153,86,67,0,0,0
2024-03-02 11:45,158,106,52,0,0,0
2024-03-02 12:00,134,71,63,0,0,0
2024-03-02 12:15,131,73,58,0,0,0
2024-03-02 12:30,151,91,60,0,0,0
2024-03-02 12:45,177,87,90,0,0,0
2024-03-02 13:00,179,81,98,0,0,0
2024-03-02 13:15,145,69,76,0,0,0
2024-03-02 13:30,166,77,89,0,0,0
2024-03-02 13:45,137,71,66,0,0,0
2024-03-02 14:00,158,71,87,0,0,0
2024-03-02 14:15,158,75,83,0,0,0
2024-03-02 14:30,153,50,103,0,0,0
2024-03-02 14:45,169,72,97,0,0,0
2024-03-02 15:00,166,89,77,0,0,0
2024-03-02 15:15,145,66,79,0,0,0
2024-03-02 15:30,160,53,107,0,0,0
2024-03-02 15:45,134,43,91,0,0,0
2024-03-02 16:00,134,63,71,0,0,0
2024-03-02 16:15,115,52,63,0,0,0
2024-03-02 16:30,97,47,50,0,0,0
2024-03-02 16:45,115,58,57,0,0,0
2024-03-02 17:00,126,52,74,0,0,0
2024-03-02 17:15,136,44,92,0,0,0
2024-03-02 17:30,128,58,70,0,0,0
2024-03-02 17:45,124,48,76,0,0,0
2024-03-02 18:00,96,43,53,0,0,0
2024-03-02 18:15,119,33,86,0,0,0
2024-03-02 18:30,112,38,74,0,0,0
2024-03-02 18:45,100,53,47,0,0,0
2024-03-02 19:00,112,65,47,0,0,0
2024-03-02 19:15,107,51,56,0,0,0
2024-03-02 19:30,84,34,50,0,0,0
2024-03-02 19:45,95,50,45,0,0,0
2024-03-02 20:00,79,26,53,0,0,0
2024-03-02 20:15,63,32,31,0,0,0
2024-03-02 20:30,55,20,35,0,0,0
2024-03-02 20:45,42,17,25,0,0,0
2024-03-02 21:00,56,18,38,0,0,0
2024-03-02 21:15,34,16,18,0,0,0
2024-03-02 21:30,30,6,24,0,0,0
2024-03-02 21:45,48,21,27,0,0,0
2024-03-02 22:00,32,16,16,0,0,0
2024-03-02 22:15,54,17,37,0,0,0
2024-03-02 22:30,65,12,53,0,0,0
2024-03-02 22:45,38,14,24,0,0,0
2024-03-02 23:00,38,10,28,0,0,0
2024-03-02 23:15,39,10,29,0,0,0
2024-03-02 23:30,29,4,25,0,0,0
2024-03-02 23:45,42,7,35,0,0,0
2024-03-03 00:00,28,9,19,0,0,0
2024-03-03 00:15,42,22,20,0,0,0
2024-03-03 00:30,23,9,14,0,0,0
2024-03-03 00:45,39,18,21,0,0,0
2024-03-03 01:00,19,7,12,0,0,0
2024-03-03 01:15,27,15,12,0,0,0
2024-03-03 01:30,8,2,6,0,0,0
2024-03-03 01:45,11,3,8,0,0,0
2024-03-03 02:00,20,8,12,0,0,0
2024-03-03 02:15,9,1,8,0,0,0
2024-03-03 02:30,9,6,3,0,0,0
2024-03-03 02:45,21,11,10,0,0,0
2024-03-03 03:00,7,0,7,0,0,0
2024-03-03 03:15,9,0,9,0,0,0
2024-03-03 03:30,4,2,2,0,0,0
2024-03-03 03:45,5,1,4,0,0,0
2024-03-03 04:00,1,1,0,0,0,0
2024-03-03 04:15,4,0,4,0,0,0
2024-03-03 04:30,4,1,3,0,0,0
2024-03-03 04:45,2,1,1,0,0,0
2024-03-03 05:00,3,1,2,0,0,0
2024-03-03 05:15,2,1,1,0,0,0
2024-03-03 05:30,8,4,4,0,0,0
2024-03-03 05:45,3,2,1,0,0,0
2024-03-03 06:00,6,5,1,0,0,0
2024-03-03 06:15,5,2,3,0,0,0
2024-03-03 06:30,3,0,3,0,0,0
2024-03-03 06:45,9,7,2,0,0,0
2024-03-03 07:00,4,1,3,0,0,0
2024-03-03 07:15,0,0,0,0,0,0
2024-03-03 07:30,6,2,4,0,0,0
2024-03-03 07:45,6,3,3,0,0,0
2024-03-03 08:00,7,5,2,0,0,0
2024-03-03 08:15,8,3,5,0,0,0
2024-03-03 08:30,8,5,3,0,0,0
2024-03-03 08:45,27,15,12,0,0,0
2024-03-03 09:00,20,14,6,0,0,0
2024-03-03 09:15,45,25,20,0,0,0
2024-03-03 09:30,38,24,14,0,0,0
2024-03-03 09:45,42,25,17,0,0,0
2024-03-03 10:00,51,36,15,0,0,0
2024-03-03 10:15,54,27,27,0,0,0
2024-03-03 10:30,48,25,23,0,0,0
2024-03-03 10:45,61,31,30,0,0,0
2024-03-03 11:00,40,23,17,0,0,0
2024-03-03 11:15,52,28,24,0,0,0
2024-03-03 11:30,69,33,36,0,0,0
2024-03-03 11:45,63,33,30,0,0,0
2024-03-03 12:00,55,26,29,0,0,0
2024-03-03 12:15,86,41,45,0,0,0
2024-03-03 12:30,75,31,44,0,0,0
2024-03-03 12:45,69,36,33,0,0,0
2024-03-03 13:00,78,38,40,0,0,0
2024-03-03 13:15,89,46,43,0,0,0
2024-03-03 13:30,91,54,37,0,0,0
2024-03-03 13:45,110,56,54,0,0,0
2024-03-03 14:00,70,42,28,0,0,0
2024-03-03 14:15,110,57,53,0,0,0
2024-03-03 14:30,117,52,65,0,0,0
2024-03-03 14:45,105,62,43,0,0,0
2024-03-03 15:00,110,53,57,0,0,0
2024-03-03 15:15,101,50,51,0,0,0
2024-03-03 15:30,83,37,46,0,0,0
2024-03-03 15:45,122,41,81,0,0,0
2024-03-03 16:00,98,44,54,0,0,0
2024-03-03 16:15,90,33,57,0,0,0
2024-03-03 16:30,107,38,69,0,0,0
2024-03-03 16:45,93,31,62,0,0,0
2024-03-03 17:00,104,29,75,0,0,0
2024-03-03 17:15,203,69,134,0,0,0
2024-03-03 17:30,106,35,71,0,0,0
2024-03-03 17:45,95,27,68,0,0,0
2024-03-03 18:00,73,26,47,0,0,0
2024-03-03 18:15,79,28,51,0,0,0
2024-03-03 18:30,54,27,27,0,0,0
2024-03-03 18:45,72,32,40,0,0,0
2024-03-03 19:00,63,25,38,0,0,0
2024-03-03 19:15,66,17,49,0,0,0
2024-03-03 19:30,56,15,41,0,0,0
2024-03-03 19:45,54,16,38,0,0,0
2024-03-03 20:00,101,67,34,0,0,0
2024-03-03 20:15,104,80,24,0,0,0
2024-03-03 20:30,41,19,22,0,0,0
2024-03-03 20:45,34,11,23,0,0,0
2024-03-03 21:00,26,9,17,0,0,0
2024-03-03 21:15,38,15,23,0,0,0
2024-03-03 21:30,29,12,17,0,0,0
2024-03-03 21:45,18,5,13,0,0,0
2024-03-03 22:00,17,7,10,0,0,0
2024-03-03 22:15,16,8,8,0,0,0
2024-03-03 22:30,9,4,5,0,0,0
2024-03-03 22:45,22,8,14,0,0,0
2024-03-03 23:00,11,3,8,0,0,0
2024-03-03 23:15,6,3,3,0,0,0
2024-03-03 23:30,5,1,4,0,0,0
2024-03-03 23:45,4,0,4,0,0,0
2024-03-04 00:00,4,1,3,0,0,0
2024-03-04 00:15,2,0,2,0,0,0
2024-03-04 00:30,2,2,0,0,0,0
2024-03-04 00:45,2,1,1,0,0,0
2024-03-04 01:00,0,0,0,0,0,0
2024-03-04 01:15,0,0,0,0,0,0
2024-03-04 01:30,0,0,0,0,0,0
2024-03-04 01:45,2,2,0,0,0,0
2024-03-04 02:00,1,1,0,0,0,0
2024-03-04 02:15,5,2,3,0,0,0
2024-03-04 02:30,0,0,0,0,0,0
2024-03-04 02:45,1,1,0,0,0,0
2024-03-04 03:00,3,0,3,0,0,0
2024-03-04 03:15,0,0,0,0,0,0
2024-03-04 03:30,1,1,0,0,0,0
2024-03-04 03:45,0,0,0,0,0,0
2024-03-04 04:00,0,0,0,0,0,0
2024-03-04 04:15,4,2,2,0,0,0
2024-03-04 04:30,2,2,0,0,0,0
2024-03-04 04:45,4,2,2,0,0,0
2024-03-04 05:00,6,4,2,0,0,0
2024-03-04 05:15,7,5,2,0,0,0
2024-03-04 05:30,16,7,9,0,0,0
2024-03-04 05:45,19,13,6,0,0,0
2024-03-04 06:00,25,19,6,0,0,0
2024-03-04 06:15,39,25,14,0,0,0
2024-03-04 06:30,48,28,20,0,0,0
2024-03-04 06:45,67,42,25,0,0,0
2024-03-04 07:00,70,43,27,0,0,0
2024-03-04 07:15,136,88,48,0,0,0
2024-03-04 07:30,165,109,56,0,0,0
2024-03-04 07:45,161,103,58,0,0,0
2024-03-04 08:00,175,122,53,0,0,0
2024-03-04 08:15,150,102,48,0,0,0
2024-03-04 08:30,127,78,49,0,0,0
2024-03-04 08:45,119,82,37,0,0,0
2024-03-04 09:00,102,62,40,0,0,0
2024-03-04 09:15,94,55,39,0,0,0
2024-03-04 09:30,80,59,21,0,0,0
2024-03-04 09:45,127,70,57,0,0,0
2024-03-04 10:00,92,48,44,0,0,0
2024-03-04 10:15,80,45,35,0,0,0
2024-03-04 10:30,90,47,43,0,0,0
2024-03-04 10:45,105,61,44,0,0,0
2024-03-04 11:00,90,48,42,0,0,0
2024-03-04 11:15,94,46,48,0,0,0
2024-03-04 11:30,109,54,55,0,0,0
2024-03-04 11:45,111,38,73,0,0,0
2024-03-04 12:00,113,44,69,0,0,0
2024-03-04 12:15,119,58,61,0,0,0
2024-03-04 12:30,97,54,43,0,0,0
2024-03-04 12:45,141,65,76,0,0,0
2024-03-04 13:00,125,52,73,0,0,0
2024-03-04 13:15,126,40,86,0,0,0
2024-03-04 13:30,85,50,35,0,0,0
2024-03-04 13:45,117,60,57,0,0,0
2024-03-04 14:00,157,51,106,0,0,0
2024-03-04 14:15,120,38,82,0,0,0
2024-03-04 14:30,114,52,62,0,0,0
2024-03-04 14:45,169,67,102,0,0,0
2024-03-04 15:00,126,46,80,0,0,0
2024-03-04 15:15,171,79,92,0,0,0
2024-03-04 15:30,146,59,87,0,0,0
2024-03-04 15:45,163,64,99,0,0,0
2024-03-04 16:00,171,72,99,0,0,0
2024-03-04 16:15,170,65,105,0,0,0
2024-03-04 16:30,169,71,98,0,0,0
2024-03-04 16:45,179,72,107,0,0,0
2024-03-04 17:00,201,78,123,0,0,0
2024-03-04 17:15,174,60,114,0,0,0
2024-03-04 17:30,181,73,108,0,0,0
2024-03-04 17:45,177,64,113,0,0,0
2024-03-04 18:00,130,44,86,0,0,0
2024-03-04 18:15,158,58,100,0,0,0
2024-03-04 18:30,129,42,87,0,0,0
2024-03-04 18:45,136,53,83,0,0,0
2024-03-04 19:00,94,30,64,0,0,0
2024-03-04 19:15,89,32,57,0,0,0
2024-03-04 19:30,77,27,50,0,0,0
2024-03-04 19:45,82,29,53,0,0,0
2024-03-04 20:00,60,19,41,0,0,0
2024-03-04 20:15,66,25,41,0,0,0
2024-03-04 20:30,44,15,29,0,0,0
2024-03-04 20:45,32,8,24,0,0,0
2024-03-04 21:00,53,12,41,0,0,0
2024-03-04 21:15,35,14,21,0,0,0
2024-03-04 21:30,34,15,19,0,0,0
2024-03-04 21:45,51,23,28,0,0,0
2024-03-04 22:00,37,10,27,0,0,0
2024-03-04 22:15,48,13,35,0,0,0
2024-03-04 22:30,38,7,31,0,0,0
2024-03-04 22:45,25,9,16,0,0,0
2024-03-04 23:00,23,8,15,0,0,0
2024-03-04 23:15,22,4,18,0,0,0
2024-03-04 23:30,6,5,1,0,0,0
2024-03-04 23:45,5,3,2,0,0,0
2024-03-05 00:00,11,7,4,0,0,0
2024-03-05 00:15,12,4,8,0,0,0
2024-03-05 00:30,1,1,0,0,0,0
2024-03-05 00:45,2,0,2,0,0,0
2024-03-05 01:00,1,1,0,0,0,0
2024-03-05 01:15,2,2,0,0,0,0
2024-03-05 01:30,3,0,3,0,0,0
2024-03-05 01:45,1,0,1,0,0,0
2024-03-05 02:00,0,0,0,0,0,0
2024-03-05 02:15,3,0,3,0,0,0
2024-03-05 02:30,4,2,2,0,0,0
2024-03-05 02:45,0,0,0,0,0,0
2024-03-05 03:00,0,0,0,0,0,0
2024-03-05 03:15,4,4,0,0,0,0
2024-03-05 03:30,1,0,1,0,0,0
2024-03-05 03:45,0,0,0,0,0,0
2024-03-05 04:00,1,1,0,0,0,0
2024-03-05 04:15,2,1,1,0,0,0
2024-03-05 04:30,3,1,2,0,0,0
2024-03-05 04:45,5,3,2,0,0,0
2024-03-05 05:00,2,2,0,0,0,0
2024-03-05 05:15,13,8,5,0,0,0
2024-03-05 05:30,13,8,5,0,0,0
2024-03-05 05:45,13,8,5,0,0,0
2024-03-05 06:00,28,21,7,0,0,0
2024-03-05 06:15,32,27,5,0,0,0
2024-03-05 06:30,53,34,19,0,0,0
2024-03-05 06:45,71,40,31,0,0,0
2024-03-05 07:00,69,37,32,0,0,0
2024-03-05 07:15,112,66,46,0,0,0
2024-03-05 07:30,172,110,62,0,0,0
2024-03-05 07:45,187,137,50,0,0,0
2024-03-05 08:00,167,107,60,0,0,0
2024-03-05 08:15,135,92,43,0,0,0
2024-03-05 08:30,141,92,49,0,0,0
2024-03-05 08:45,134,95,39,0,0,0
2024-03-05 09:00,91,64,27,0,0,0
2024-03-05 09:15,76,50,26,0,0,0
2024-03-05 09:30,91,61,30,0,0,0
2024-03-05 09:45,120,91,29,0,0,0
2024-03-05 10:00,92,51,41,0,0,0
2024-03-05 10:15,95,64,31,0,0,0
2024-03-05 10:30,76,47,29,0,0,0
2024-03-05 10:45,122,58,64,0,0,0
2024-03-05 11:00,101,49,52,0,0,0
2024-03-05 11:15,87,49,38,0,0,0
2024-03-05 11:30,107,56,51,0,0,0
2024-03-05 11:45,106,51,55,0,0,0
2024-03-05 12:00,91,38,53,0,0,0
2024-03-05 12:15,93,32,61,0,0,0
2024-03-05 12:30,117,51,66,0,0,0
2024-03-05 12:45,111,51,60,0,0,0
2024-03-05 13:00,131,38,93,0,0,0
2024-03-05 13:15,142,56,86,0,0,0
2024-03-05 13:30,127,54,73,0,0,0
2024-03-05 13:45,105,50,55,0,0,0
2024-03-05 14:00,132,54,78,0,0,0
2024-03-05 14:15,156,57,99,0,0,0
2024-03-05 14:30,145,70,75,0,0,0
2024-03-05 14:45,167,73,94,0,0,0
2024-03-05 15:00,144,54,90,0,0,0
2024-03-05 15:15,157,77,80,0,0,0
2024-03-05 15:30,156,71,85,0,0,0
2024-03-05 15:45,152,70,82,0,0,0
2024-03-05 16:00,177,74,103,0,0,0
2024-03-05 16:15,165,71,94,0,0,0
2024-03-05 16:30,161,59,102,0,0,0
2024-03-05 16:45,178,67,111,0,0,0
2024-03-05 17:00,167,66,101,0,0,0
2024-03-05 17:15,172,77,95,0,0,0
2024-03-05 17:30,151,46,105,0,0,0
2024-03-05 17:45,175,82,93,0,0,0
2024-03-05 18:00,157,50,107,0,0,0
2024-03-05 18:15,176,62,114,0,0,0
2024-03-05 18:30,126,44,82,0,0,0
2024-03-05 18:45,122,47,75,0,0,0
2024-03-05 19:00,134,51,83,0,0,0
2024-03-05 19:15,94,38,56,0,0,0
2024-03-05 19:30,94,33,61,0,0,0
2024-03-05 19:45,89,35,54,0,0,0
2024-03-05 20:00,81,29,52,0,0,0
2024-03-05 20:15,75,30,45,0,0,0
2024-03-05 20:30,42,17,25,0,0,0
2024-03-05 20:45,44,12,32,0,0,0
2024-03-05 21:00,44,8,36,0,0,0
2024-03-05 21:15,49,21,28,0,0,0
2024-03-05 21:30,32,6,26,0,0,0
2024-03-05 21:45,45,14,31,0,0,0
2024-03-05 22:00,56,9,47,0,0,0
2024-03-05 22:15,66,22,44,0,0,0
2024-03-05 22:30,34,3,31,0,0,0
2024-03-05 22:45,24,8,16,0,0,0
2024-03-05 23:00,50,22,28,0,0,0
2024-03-05 23:15,26,13,13,0,0,0
2024-03-05 23:30,13,0,13,0,0,0
2024-03-05 23:45,15,3,12,0,0,0
2024-03-06 00:00,6,2,4,0,0,0
2024-03-06 00:15,7,5,2,0,0,0
2024-03-06 00:30,6,2,4,0,0,0
2024-03-06 00:45,4,2,2,0,0,0
2024-03-06 01:00,1,0,1,0,0,0
2024-03-06 01:15,2,1,1,0,0,0
2024-03-06 01:30,4,3,1,0,0,0
2024-03-06 01:45,2,0,2,0,0,0
2024-03-06 02:00,0,0,0,0,0,0
2024-03-06 02:15,1,0,1,0,0,0
2024-03-06 02:30,1,0,1,0,0,0
2024-03-06 02:45,0,0,0,0,0,0
2024-03-06 03:00,0,0,0,0,0,0
2024-03-06 03:15,0,0,0,0,0,0
2024-03-06 03:30,1,0,1,0,0,0
2024-03-06 03:45,2,1,1,0,0,0
2024-03-06 04:00,3,3,0,0,0,0
2024-03-06 04:15,1,0,1,0,0,0
2024-03-06 04:30,2,1,1,0,0,0
2024-03-06 04:45,2,2,0,0,0,0
2024-03-06 05:00,6,4,2,0,0,0
2024-03-06 05:15,6,5,1,0,0,0
2024-03-06 05:30,14,8,6,0,0,0
2024-03-06 05:45,9,6,3,0,0,0
2024-03-06 06:00,27,21,6,0,0,0
2024-03-06 06:15,41,24,17,0,0,0
2024-03-06 06:30,46,30,16,0,0,0
2024-03-06 06:45,61,30,31,0,0,0
2024-03-06 07:00,82,36,46,0,0,0
2024-03-06 07:15,139,80,59,0,0,0
2024-03-06 07:30,171,110,61,0,0,0
2024-03-06 07:45,164,105,59,0,0,0
2024-03-06 08:00,151,90,61,0,0,0
2024-03-06 08:15,173,115,58,0,0,0
2024-03-06 08:30,123,95,28,0,0,0
2024-03-06 08:45,192,131,61,0,0,0
2024-03-06 09:00,102,67,35,0,0,0
2024-03-06 09:15,106,73,33,0,0,0
2024-03-06 09:30,97,61,36,0,0,0
2024-03-06 09:45,128,85,43,0,0,0
2024-03-06 10:00,108,69,39,0,0,0
2024-03-06 10:15,90,58,32,0,0,0
2024-03-06 10:30,110,56,54,0,0,0
2024-03-06 10:45,111,62,49,0,0,0
2024-03-06 11:00,103,47,56,0,0,0
2024-03-06 11:15,138,61,77,0,0,0
2024-03-06 11:30,126,53,73,0,0,0
2024-03-06 11:45,140,67,73,0,0,0
2024-03-06 12:00,143,59,84,0,0,0
2024-03-06 12:15,144,65,79,0,0,0
2024-03-06 12:30,149,69,80,0,0,0
2024-03-06 12:45,134,60,74,0,0,0
2024-03-06 13:00,137,50,87,0,0,0
2024-03-06 13:15,146,65,81,0,0,0
2024-03-06 13:30,116,43,73,0,0,0
2024-03-06 13:45,146,69,77,0,0,0
2024-03-06 14:00,141,49,92,0,0,0
2024-03-06 14:15,144,54,90,0,0,0
2024-03-06 14:30,166,63,103,0,0,0
2024-03-06 14:45,171,74,97,0,0,0
2024-03-06 15:00,166,78,88,0,0,0
2024-03-06 15:15,160,72,88,0,0,0
2024-03-06 15:30,160,67,93,0,0,0
2024-03-06 15:45,168,72,96,0,0,0
2024-03-06 16:00,185,68,117,0,0,0
2024-03-06 16:15,150,65,85,0,0,0
2024-03-06 16:30,151,56,95,0,0,0
2024-03-06 16:45,171,67,104,0,0,0
2024-03-06 17:00,164,66,98,0,0,0
2024-03-06 17:15,192,70,122,0,0,0
2024-03-06 17:30,171,64,107,0,0,0
2024-03-06 17:45,202,79,123,0,0,0
2024-03-06 18:00,139,41,98,0,0,0
2024-03-06 18:15,159,53,106,0,0,0
2024-03-06 18:30,128,55,73,0,0,0
2024-03-06 18:45,131,70,61,0,0,0
2024-03-06 19:00,119,55,64,0,0,0
2024-03-06 19:15,118,41,77,0,0,0
2024-03-06 19:30,76,29,47,0,0,0
2024-03-06 19:45,97,31,66,0,0,0
2024-03-06 20:00,100,39,61,0,0,0
2024-03-06 20:15,94,35,59,0,0,0
2024-03-06 20:30,68,29,39,0,0,0
2024-03-06 20:45,61,26,35,0,0,0
2024-03-06 21:00,46,17,29,0,0,0
2024-03-06 21:15,62,18,44,0,0,0
2024-03-06 21:30,37,16,21,0,0,0
2024-03-06 21:45,47,18,29,0,0,0
2024-03-06 22:00,50,14,36,0,0,0
2024-03-06 22:15,69,16,53,0,0,0
2024-03-06 22:30,42,15,27,0,0,0
2024-03-06 22:45,26,7,19,0,0,0
2024-03-06 23:00,42,16,26,0,0,0
2024-03-06 23:15,28,11,17,0,0,0
2024-03-06 23:30,13,3,10,0,0,0
2024-03-06 23:45,19,4,15,0,0,0
2024-03-07 00:00,14,7,7,0,0,0
2024-03-07 00:15,8,3,5,0,0,0
2024-03-07 00:30,6,0,6,0,0,0
2024-03-07 00:45,5,1,4,0,0,0
2024-03-07 01:00,14,0,14,0,0,0
2024-03-07 01:15,6,0,6,0,0,0
2024-03-07 01:30,2,0,2,0,0,0
2024-03-07 01:45,4,0,4,0,0,0
2024-03-07 02:00,2,0,2,0,0,0
2024-03-07 02:15,3,1,2,0,0,0
2024-03-07 02:30,5,0,5,0,0,0
2024-03-07 02:45,8,2,6,0,0,0
2024-03-07 03:00,2,1,1,0,0,0
2024-03-07 03:15,4,1,3,0,0,0
2024-03-07 03:30,1,0,1,0,0,0
2024-03-07 03:45,0,0,0,0,0,0
2024-03-07 04:00,2,1,1,0,0,0
2024-03-07 04:15,3,2,1,0,0,0
2024-03-07 04:30,3,1,2,0,0,0
2024-03-07 04:45,2,2,0,0,0,0
2024-03-07 05:00,5,5,0,0,0,0
2024-03-07 05:15,5,4,1,0,0,0
2024-03-07 05:30,17,8,9,0,0,0
2024-03-07 05:45,23,12,11,0,0,0
2024-03-07 06:00,25,18,7,0,0,0
2024-03-07 06:15,42,31,11,0,0,0
2024-03-07 06:30,49,29,20,0,0,0
2024-03-07 06:45,66,37,29,0,0,0
2024-03-07 07:00,81,47,34,0,0,0
2024-03-07 07:15,117,74,43,0,0,0
2024-03-07 07:30,166,106,60,0,0,0
2024-03-07 07:45,183,122,61,0,0,0
2024-03-07 08:00,167,112,55,0,0,0
2024-03-07 08:15,169,125,44,0,0,0
2024-03-07 08:30,105,66,39,0,0,0
2024-03-07 08:45,123,78,45,0,0,0
2024-03-07 09:00,76,50,26,0,0,0
2024-03-07 09:15,91,63,28,0,0,0
2024-03-07 09:30,89,55,34,0,0,0
2024-03-07 09:45,119,83,36,0,0,0
2024-03-07 10:00,85,53,32,0,0,0
2024-03-07 10:15,65,40,25,0,0,0
2024-03-07 10:30,75,40,35,0,0,0
2024-03-07 10:45,116,60,56,0,0,0
2024-03-07 11:00,99,57,42,0,0,0
2024-03-07 11:15,115,54,61,0,0,0
2024-03-07 11:30,110,50,60,0,0,0
2024-03-07 11:45,101,48,53,0,0,0
2024-03-07 12:00,114,51,63,0,0,0
2024-03-07 12:15,132,60,72,0,0,0
2024-03-07 12:30,130,60,70,0,0,0
2024-03-07 12:45,125,52,73,0,0,0
2024-03-07 13:00,132,55,77,0,0,0
2024-03-07 13:15,127,62,65,0,0,0
2024-03-07 13:30,103,43,60,0,0,0
2024-03-07 13:45,133,67,66,0,0,0
2024-03-07 14:00,131,63,68,0,0,0
2024-03-07 14:15,112,47,65,0,0,0
2024-03-07 14:30,142,48,94,0,0,0
2024-03-07 14:45,137,74,63,0,0,0
2024-03-07 15:00,149,70,79,0,0,0
2024-03-07 15:15,140,65,75,0,0,0
2024-03-07 15:30,181,67,114,0,0,0
2024-03-07 15:45,178,72,106,0,0,0
2024-03-07 16:00,197,84,113,0,0,0
2024-03-07 16:15,205,95,110,0,0,0
2024-03-07 16:30,180,83,97,0,0,0
2024-03-07 16:45,181,79,102,0,0,0
2024-03-07 17:00,183,64,119,0,0,0
2024-03-07 17:15,187,74,113,0,0,0
2024-03-07 17:30,171,58,113,0,0,0
2024-03-07 17:45,174,69,105,0,0,0
2024-03-07 18:00,173,45,128,0,0,0
2024-03-07 18:15,172,70,102,0,0,0
2024-03-07 18:30,134,51,83,0,0,0
2024-03-07 18:45,156,58,98,0,0,0
2024-03-07 19:00,121,34,87,0,0,0
2024-03-07 19:15,128,57,71,0,0,0
2024-03-07 19:30,73,33,40,0,0,0
2024-03-07 19:45,94,36,58,0,0,0
2024-03-07 20:00,59,16,43,0,0,0
2024-03-07 20:15,65,22,43,0,0,0
2024-03-07 20:30,45,15,30,0,0,0
2024-03-07 20:45,42,11,31,0,0,0
2024-03-07 21:00,57,16,41,0,0,0
2024-03-07 21:15,56,23,33,0,0,0
2024-03-07 21:30,67,25,42,0,0,0
2024-03-07 21:45,62,25,37,0,0,0
2024-03-07 22:00,46,21,25,0,0,0
2024-03-07 22:15,45,17,28,0,0,0
2024-03-07 22:30,30,9,21,0,0,0
2024-03-07 22:45,56,14,42,0,0,0
2024-03-07 23:00,33,9,24,0,0,0
2024-03-07 23:15,27,4,23,0,0,0
2024-03-07 23:30,22,10,12,0,0,0
2024-03-07 23:45,12,2,10,0,0,0
2024-03-08 00:00,13,6,7,0,0,0
2024-03-08 00:15,7,2,5,0,0,0
2024-03-08 00:30,17,6,11,0,0,0
2024-03-08 00:45,4,1,3,0,0,0
2024-03-08 01:00,6,0,6,0,0,0
2024-03-08 01:15,4,2,2,0,0,0
2024-03-08 01:30,2,2,0,0,0,0
2024-03-08 01:45,5,3,2,0,0,0
2024-03-08 02:00,2,0,2,0,0,0
2024-03-08 02:15,2,2,0,0,0,0
2024-03-08 02:30,0,0,0,0,0,0
2024-03-08 02:45,2,0,2,0,0,0
2024-03-08 03:00,0,0,0,0,0,0
2024-03-08 03:15,0,0,0,0,0,0
2024-03-08 03:30,1,0,1,0,0,0
2024-03-08 03:45,3,1,2,0,0,0
2024-03-08 04:00,2,2,0,0,0,0
2024-03-08 04:15,0,0,0,0,0,0
2024-03-08 04:30,1,1,0,0,0,0
2024-03-08 04:45,4,2,2,0,0,0
2024-03-08 05:00,2,2,0,0,0,0
2024-03-08 05:15,5,4,1,0,0,0
2024-03-08 05:30,14,8,6,0,0,0
2024-03-08 05:45,14,9,5,0,0,0
2024-03-08 06:00,22,17,5,0,0,0
2024-03-08 06:15,35,26,9,0,0,0
2024-03-08 06:30,45,25,20,0,0,0
2024-03-08 06:45,60,33,27,0,0,0
2024-03-08 07:00,72,39,33,0,0,0
2024-03-08 07:15,91,61,30,0,0,0
2024-03-08 07:30,148,86,62,0,0,0
2024-03-08 07:45,130,94,36,0,0,0
2024-03-08 08:00,125,82,43,0,0,0
2024-03-08 08:15,144,89,55,0,0,0
2024-03-08 08:30,114,76,38,0,0,0
2024-03-08 08:45,125,95,30,0,0,0
2024-03-08 09:00,94,65,29,0,0,0
2024-03-08 09:15,90,65,25,0,0,0
2024-03-08 09:30,89,62,27,0,0,0
2024-03-08 09:45,127,92,35,0,0,0
2024-03-08 10:00,100,64,36,0,0,0
2024-03-08 10:15,81,50,31,0,0,0
2024-03-08 10:30,104,63,41,0,0,0
2024-03-08 10:45,133,78,55,0,0,0
2024-03-08 11:00,101,52,49,0,0,0
2024-03-08 11:15,126,60,66,0,0,0
2024-03-08 11:30,121,60,61,0,0,0
2024-03-08 11:45,137,54,83,0,0,0
2024-03-08 12:00,155,68,87,0,0,0
2024-03-08 12:15,126,59,67,0,0,0
2024-03-08 12:30,135,56,79,0,0,0
2024-03-08 12:45,139,64,75,0,0,0
2024-03-08 13:00,165,58,107,0,0,0
2024-03-08 13:15,167,74,93,0,0,0
2024-03-08 13:30,144,69,75,0,0,0
2024-03-08 13:45,161,67,94,0,0,0
2024-03-08 14:00,171,58,113,0,0,0
2024-03-08 14:15,143,65,78,0,0,0
2024-03-08 14:30,158,69,89,0,0,0
2024-03-08 14:45,163,66,97,0,0,0
2024-03-08 15:00,146,66,80,0,0,0
2024-03-08 15:15,172,90,82,0,0,0
2024-03-08 15:30,155,65,90,0,0,0
2024-03-08 15:45,187,86,101,0,0,0
2024-03-08 16:00,179,73,106,0,0,0
2024-03-08 16:15,146,65,81,0,0,0
2024-03-08 16:30,142,59,83,0,0,0
2024-03-08 16:45,178,93,85,0,0,0
2024-03-08 17:00,179,92,87,0,0,0
2024-03-08 17:15,132,74,58,0,0,0
2024-03-08 17:30,135,52,83,0,0,0
2024-03-08 17:45,163,73,90,0,0,0
2024-03-08 18:00,120,49,71,0,0,0
2024-03-08 18:15,149,65,84,0,0,0
2024-03-08 18:30,139,59,80,0,0,0
2024-03-08 18:45,175,71,104,0,0,0
2024-03-08 19:00,130,46,84,0,0,0
2024-03-08 19:15,121,53,68,0,0,0
2024-03-08 19:30,103,33,70,0,0,0
2024-03-08 19:45,151,72,79,0,0,0
2024-03-08 20:00,90,27,63,0,0,0
2024-03-08 20:15,85,40,45,0,0,0
2024-03-08 20:30,72,26,46,0,0,0
2024-03-08 20:45,70,38,32,0,0,0
2024-03-08 21:00,39,6,33,0,0,0
2024-03-08 21:15,49,14,35,0,0,0
2024-03-08 21:30,48,22,26,0,0,0
2024-03-08 21:45,48,12,36,0,0,0
2024-03-08 22:00,56,21,35,0,0,0
2024-03-08 22:15,46,17,29,0,0,0
2024-03-08 22:30,64,18,46,0,0,0
2024-03-08 22:45,58,13,45,0,0,0
2024-03-08 23:00,51,18,33,0,0,0
2024-03-08 23:15,57,16,41,0,0,0
2024-03-08 23:30,45,19,26,0,0,0
2024-03-08 23:45,36,16,20,0,0,0
2024-03-09 00:00,31,10,21,0,0,0
2024-03-09 00:15,36,19,17,0,0,0
2024-03-09 00:30,25,4,21,0,0,0
2024-03-09 00:45,36,17,19,0,0,0
2024-03-09 01:00,18,6,12,0,0,0
2024-03-09 01:15,13,2,11,0,0,0
2024-03-09 01:30,21,12,9,0,0,0
2024-03-09 01:45,17,7,10,0,0,0
2024-03-09 02:00,8,6,2,0,0,0
2024-03-09 02:15,6,4,2,0,0,0
2024-03-09 02:30,11,8,3,0,0,0
2024-03-09 02:45,9,5,4,0,0,0
2024-03-09 03:00,11,2,9,0,0,0
2024-03-09 03:15,4,1,3,0,0,0
2024-03-09 03:30,3,0,3,0,0,0
2024-03-09 03:45,5,2,3,0,0,0
2024-03-09 04:00,1,0,1,0,0,0
2024-03-09 04:15,7,1,6,0,0,0
2024-03-09 04:30,5,2,3,0,0,0
2024-03-09 04:45,0,0,0,0,0,0
2024-03-09 05:00,3,1,2,0,0,0
2024-03-09 05:15,3,0,3,0,0,0
2024-03-09 05:30,11,3,8,0,0,0
2024-03-09 05:45,7,5,2,0,0,0
2024-03-09 06:00,12,8,4,0,0,0
2024-03-09 06:15,9,6,3,0,0,0
2024-03-09 06:30,8,6,2,0,0,0
2024-03-09 06:45,11,4,7,0,0,0
2024-03-09 07:00,17,13,4,0,0,0
2024-03-09 07:15,21,12,9,0,0,0
2024-03-09 07:30,18,8,10,0,0,0
2024-03-09 07:45,25,13,12,0,0,0
2024-03-09 08:00,19,14,5,0,0,0
2024-03-09 08:15,41,25,16,0,0,0
2024-03-09 08:30,49,26,23,0,0,0
2024-03-09 08:45,70,44,26,0,0,0
2024-03-09 09:00,49,33,16,0,0,0
2024-03-09 09:15,56,43,13,0,0,0
2024-03-09 09:30,76,59,17,0,0,0
2024-03-09 09:45,88,66,22,0,0,0
2024-03-09 10:00,102,62,40,0,0,0
2024-03-09 10:15,104,67,37,0,0,0
2024-03-09 10:30,92,53,39,0,0,0
2024-03-09 10:45,155,85,70,0,0,0
2024-03-09 11:00,107,63,44,0,0,0
2024-03-09 11:15,124,79,45,0,0,0
2024-03-09 11:30,145,91,54,0,0,0
2024-03-09 11:45,162,92,70,0,0,0
2024-03-09 12:00,126,65,61,0,0,0
2024-03-09 12:15,130,79,51,0,0,0
2024-03-09 12:30,170,94,76,0,0,0
2024-03-09 12:45,213,104,109,0,0,0
2024-03-09 13:00,157,77,80,0,0,0
2024-03-09 13:15,162,85,77,0,0,0
2024-03-09 13:30,181,86,95,0,0,0
2024-03-09 13:45,169,86,83,0,0,0
2024-03-09 14:00,164,73,91,0,0,0
2024-03-09 14:15,169,66,103,0,0,0
2024-03-09 14:30,181,69,112,0,0,0
2024-03-09 14:45,197,66,131,0,0,0
2024-03-09 15:00,228,78,150,0,0,0
2024-03-09 15:15,219,48,171,0,0,0
2024-03-09 15:30,268,54,214,0,0,0
2024-03-09 15:45,174,55,119,0,0,0
2024-03-09 16:00,165,46,119,0,0,0
2024-03-09 16:15,112,42,70,0,0,0
2024-03-09 16:30,101,42,59,0,0,0
2024-03-09 16:45,132,62,70,0,0,0
2024-03-09 17:00,118,45,73,0,0,0
2024-03-09 17:15,111,55,56,0,0,0
2024-03-09 17:30,110,41,69,0,0,0
2024-03-09 17:45,120,56,64,0,0,0
2024-03-09 18:00,110,42,68,0,0,0
2024-03-09 18:15,138,59,79,0,0,0
2024-03-09 18:30,158,97,61,0,0,0
2024-03-09 18:45,233,183,50,0,0,0
2024-03-09 19:00,179,138,41,0,0,0
2024-03-09 19:15,163,106,57,0,0,0
2024-03-09 19:30,76,35,41,0,0,0
2024-03-09 19:45,103,51,52,0,0,0
2024-03-09 20:00,77,36,41,0,0,0
2024-03-09 20:15,64,34,30,0,0,0
2024-03-09 20:30,62,32,30,0,0,0
2024-03-09 20:45,71,41,30,0,0,0
2024-03-09 21:00,65,41,24,0,0,0
2024-03-09 21:15,31,12,19,0,0,0
2024-03-09 21:30,42,22,20,0,0,0
2024-03-09 21:45,67,44,23,0,0,0
2024-03-09 22:00,37,16,21,0,0,0
2024-03-09 22:15,51,22,29,0,0,0
2024-03-09 22:30,36,19,17,0,0,0
2024-03-09 22:45,67,27,40,0,0,0
2024-03-09 23:00,36,16,20,0,0,0
2024-03-09 23:15,42,8,34,0,0,0
2024-03-09 23:30,45,13,32,0,0,0
2024-03-09 23:45,32,11,21,0,0,0
2024-03-10 00:00,31,12,19,0,0,0
2024-03-10 00:15,27,9,18,0,0,0
2024-03-10 00:30,29,13,16,0,0,0
2024-03-10 00:45,34,19,15,0,0,0
2024-03-10 01:00,13,7,6,0,0,0
2024-03-10 01:15,19,8,11,0,0,0
2024-03-10 01:30,18,8,10,0,0,0
2024-03-10 01:45,22,3,19,0,0,0
2024-03-10 02:00,11,4,7,0,0,0
2024-03-10 02:15,27,8,19,0,0,0
2024-03-10 02:30,7,3,4,0,0,0
2024-03-10 02:45,14,4,10,0,0,0
2024-03-10 03:00,10,2,8,0,0,0
2024-03-10 03:15,9,0,9,0,0,0
2024-03-10 03:30,2,0,2,0,0,0
2024-03-10 03:45,8,3,5,0,0,0
2024-03-10 04:00,4,2,2,0,0,0
2024-03-10 04:15,2,0,2,0,0,0
2024-03-10 04:30,6,1,5,0,0,0
2024-03-10 04:45,4,1,3,0,0,0
2024-03-10 05:00,3,0,3,0,0,0
2024-03-10 05:15,1,0,1,0,0,0
2024-03-10 05:30,4,1,3,0,0,0
2024-03-10 05:45,6,5,1,0,0,0
2024-03-10 06:00,5,3,2,0,0,0
2024-03-10 06:15,4,3,1,0,0,0
2024-03-10 06:30,3,1,2,0,0,0
2024-03-10 06:45,5,2,3,0,0,0
2024-03-10 07:00,8,4,4,0,0,0
2024-03-10 07:15,4,2,2,0,0,0
2024-03-10 07:30,6,2,4,0,0,0
2024-03-10 07:45,8,4,4,0,0,0
2024-03-10 08:00,8,5,3,0,0,0
2024-03-10 08:15,8,3,5,0,0,0
2024-03-10 08:30,8,8,0,0,0,0
2024-03-10 08:45,16,11,5,0,0,0
2024-03-10 09:00,17,6,11,0,0,0
2024-03-10 09:15,25,14,11,0,0,0
2024-03-10 09:30,36,22,14,0,0,0
2024-03-10 09:45,39,18,21,0,0,0
2024-03-10 10:00,30,24,6,0,0,0
2024-03-10 10:15,57,29,28,0,0,0
2024-03-10 10:30,40,20,20,0,0,0
2024-03-10 10:45,55,31,24,0,0,0
2024-03-10 11:00,48,31,17,0,0,0
2024-03-10 11:15,46,30,16,0,0,0
2024-03-10 11:30,48,33,15,0,0,0
2024-03-10 11:45,39,26,13,0,0,0
2024-03-10 12:00,48,20,28,0,0,0
2024-03-10 12:15,41,22,19,0,0,0
2024-03-10 12:30,62,23,39,0,0,0
2024-03-10 12:45,52,24,28,0,0,0
2024-03-10 13:00,68,43,25,0,0,0
2024-03-10 13:15,66,33,33,0,0,0
2024-03-10 13:30,77,40,37,0,0,0
2024-03-10 13:45,81,39,42,0,0,0
2024-03-10 14:00,81,43,38,0,0,0
2024-03-10 14:15,83,50,33,0,0,0
2024-03-10 14:30,97,50,47,0,0,0
2024-03-10 14:45,74,37,37,0,0,0
2024-03-10 15:00,79,34,45,0,0,0
2024-03-10 15:15,85,32,53,0,0,0
2024-03-10 15:30,90,32,58,0,0,0
2024-03-10 15:45,71,25,46,0,0,0
2024-03-10 16:00,67,25,42,0,0,0
2024-03-10 16:15,62,22,40,0,0,0
2024-03-10 16:30,77,31,46,0,0,0
2024-03-10 16:45,80,38,42,0,0,0
2024-03-10 17:00,54,26,28,0,0,0
2024-03-10 17:15,93,34,59,0,0,0
2024-03-10 17:30,85,32,53,0,0,0
2024-03-10 17:45,81,37,44,0,0,0
2024-03-10 18:00,66,32,34,0,0,0
2024-03-10 18:15,82,48,34,0,0,0
2024-03-10 18:30,75,37,38,0,0,0
2024-03-10 18:45,51,20,31,0,0,0
2024-03-10 19:00,58,22,36,0,0,0
2024-03-10 19:15,43,24,19,0,0,0
2024-03-10 19:30,43,16,27,0,0,0
2024-03-10 19:45,39,14,25,0,0,0
2024-03-10 20:00,30,10,20,0,0,0
2024-03-10 20:15,27,5,22,0,0,0
2024-03-10 20:30,36,22,14,0,0,0
2024-03-10 20:45,42,11,31,0,0,0
2024-03-10 21:00,20,4,16,0,0,0
2024-03-10 21:15,16,5,11,0,0,0
2024-03-10 21:30,32,13,19,0,0,0
2024-03-10 21:45,28,10,18,0,0,0
2024-03-10 22:00,16,7,9,0,0,0
2024-03-10 22:15,35,16,19,0,0,0
2024-03-10 22:30,27,5,22,0,0,0
2024-03-10 22:45,16,3,13,0,0,0
2024-03-10 23:00,7,5,2,0,0,0
2024-03-10 23:15,4,1,3,0,0,0
2024-03-10 23:30,9,2,7,0,0,0
2024-03-10 23:45,2,0,2,0,0,0
2024-03-11 00:00,5,2,3,0,0,0
2024-03-11 00:15,1,1,0,0,0,0
2024-03-11 00:30,1,1,0,0,0,0
2024-03-11 00:45,6,4,2,0,0,0
2024-03-11 01:00,2,2,0,0,0,0
2024-03-11 01:15,2,2,0,0,0,0
2024-03-11 01:30,2,0,2,0,0,0
2024-03-11 01:45,1,1,0,0,0,0
2024-03-11 02:00,2,1,1,0,0,0
2024-03-11 02:15,3,1,2,0,0,0
2024-03-11 02:30,0,0,0,0,0,0
2024-03-11 02:45,0,0,0,0,0,0
2024-03-11 03:00,0,0,0,0,0,0
2024-03-11 03:15,0,0,0,0,0,0
2024-03-11 03:30,1,0,1,0,0,0
2024-03-11 03:45,0,0,0,0,0,0
2024-03-11 04:00,1,1,0,0,0,0
2024-03-11 04:15,2,2,0,0,0,0
2024-03-11 04:30,3,2,1,0,0,0
2024-03-11 04:45,3,2,1,0,0,0
2024-03-11 05:00,5,5,0,0,0,0
2024-03-11 05:15,8,6,2,0,0,0
2024-03-11 05:30,17,10,7,0,0,0
2024-03-11 05:45,15,10,5,0,0,0
2024-03-11 06:00,20,15,5,0,0,0
2024-03-11 06:15,23,16,7,0,0,0
2024-03-11 06:30,46,30,16,0,0,0
2024-03-11 06:45,61,32,29,0,0,0
2024-03-11 07:00,70,40,30,0,0,0
2024-03-11 07:15,87,54,33,0,0,0
2024-03-11 07:30,149,102,47,0,0,0
2024-03-11 07:45,158,117,41,0,0,0
2024-03-11 08:00,123,79,44,0,0,0
2024-03-11 08:15,120,90,30,0,0,0
2024-03-11 08:30,96,59,37,0,0,0
2024-03-11 08:45,101,73,28,0,0,0
2024-03-11 09:00,82,59,23,0,0,0
2024-03-11 09:15,66,43,23,0,0,0
2024-03-11 09:30,82,52,30,0,0,0
2024-03-11 09:45,75,48,27,0,0,0
2024-03-11 10:00,71,30,41,0,0,0
2024-03-11 10:15,69,46,23,0,0,0
2024-03-11 10:30,68,29,39,0,0,0
2024-03-11 10:45,78,39,39,0,0,0
2024-03-11 11:00,64,31,33,0,0,0
2024-03-11 11:15,71,43,28,0,0,0
2024-03-11 11:30,94,36,58,0,0,0
2024-03-11 11:45,73,31,42,0,0,0
2024-03-11 12:00,63,20,43,0,0,0
2024-03-11 12:15,76,35,41,0,0,0
2024-03-11 12:30,84,32,52,0,0,0
2024-03-11 12:45,89,39,50,0,0,0
2024-03-11 13:00,103,33,70,0,0,0
2024-03-11 13:15,99,37,62,0,0,0
2024-03-11 13:30,86,46,40,0,0,0
2024-03-11 13:45,93,47,46,0,0,0
2024-03-11 14:00,79,35,44,0,0,0
2024-03-11 14:15,82,31,51,0,0,0
2024-03-11 14:30,107,49,58,0,0,0
2024-03-11 14:45,137,57,80,0,0,0
2024-03-11 15:00,121,53,68,0,0,0
2024-03-11 15:15,118,42,76,0,0,0
2024-03-11 15:30,123,42,81,0,0,0
2024-03-11 15:45,132,55,77,0,0,0
2024-03-11 16:00,143,63,80,0,0,0
2024-03-11 16:15,143,58,85,0,0,0
2024-03-11 16:30,140,54,86,0,0,0
2024-03-11 16:45,134,40,94,0,0,0
2024-03-11 17:00,145,36,109,0,0,0
2024-03-11 17:15,141,47,94,0,0,0
2024-03-11 17:30,132,39,93,0,0,0
2024-03-11 17:45,162,53,109,0,0,0
2024-03-11 18:00,142,51,91,0,0,0
2024-03-11 18:15,118,38,80,0,0,0
2024-03-11 18:30,116,42,74,0,0,0
2024-03-11 18:45,98,38,60,0,0,0
2024-03-11 19:00,91,34,57,0,0,0
2024-03-11 19:15,86,27,59,0,0,0
2024-03-11 19:30,77,22,55,0,0,0
2024-03-11 19:45,68,27,41,0,0,0
2024-03-11 20:00,65,24,41,0,0,0
2024-03-11 20:15,48,16,32,0,0,0
2024-03-11 20:30,49,20,29,0,0,0
2024-03-11 20:45,40,9,31,0,0,0
2024-03-11 21:00,34,10,24,0,0,0
2024-03-11 21:15,30,7,23,0,0,0
2024-03-11 21:30,45,13,32,0,0,0
2024-03-11 21:45,48,20,28,0,0,0
2024-03-11 22:00,29,13,16,0,0,0
2024-03-11 22:15,34,6,28,0,0,0
2024-03-11 22:30,29,11,18,0,0,0
2024-03-11 22:45,61,32,29,0,0,0
2024-03-11 23:00,41,30,11,0,0,0
2024-03-11 23:15,26,11,15,0,0,0
2024-03-11 23:30,12,5,7,0,0,0
2024-03-11 23:45,7,2,5,0,0,0
2024-03-12 00:00,6,1,5,0,0,0
2024-03-12 00:15,2,0,2,0,0,0
2024-03-12 00:30,6,1,5,0,0,0
2024-03-12 00:45,4,1,3,0,0,0
2024-03-12 01:00,1,0,1,0,0,0
2024-03-12 01:15,3,0,3,0,0,0
2024-03-12 01:30,2,0,2,0,0,0
2024-03-12 01:45,0,0,0,0,0,0
2024-03-12 02:00,2,0,2,0,0,0
2024-03-12 02:15,0,0,0,0,0,0
2024-03-12 02:30,0,0,0,0,0,0
2024-03-12 02:45,2,0,2,0,0,0
2024-03-12 03:00,0,0,0,0,0,0
2024-03-12 03:15,0,0,0,0,0,0
2024-03-12 03:30,0,0,0,0,0,0
2024-03-12 03:45,2,1,1,0,0,0
2024-03-12 04:00,1,1,0,0,0,0
2024-03-12 04:15,1,1,0,0,0,0
2024-03-12 04:30,4,1,3,0,0,0
2024-03-12 04:45,3,2,1,0,0,0
2024-03-12 05:00,5,5,0,0,0,0
2024-03-12 05:15,12,9,3,0,0,0
2024-03-12 05:30,17,7,10,0,0,0
2024-03-12 05:45,16,10,6,0,0,0
2024-03-12 06:00,21,15,6,0,0,0
2024-03-12 06:15,33,26,7,0,0,0
2024-03-12 06:30,52,31,21,0,0,0
2024-03-12 06:45,65,40,25,0,0,0
2024-03-12 07:00,69,39,30,0,0,0
2024-03-12 07:15,106,63,43,0,0,0
2024-03-12 07:30,153,101,52,0,0,0
2024-03-12 07:45,172,120,52,0,0,0
2024-03-12 08:00,140,87,53,0,0,0
2024-03-12 08:15,157,113,44,0,0,0
2024-03-12 08:30,118,68,50,0,0,0
2024-03-12 08:45,130,86,44,0,0,0
2024-03-12 09:00,81,61,20,0,0,0
2024-03-12 09:15,80,45,35,0,0,0
2024-03-12 09:30,80,52,28,0,0,0
2024-03-12 09:45,90,61,29,0,0,0
2024-03-12 10:00,72,35,37,0,0,0
2024-03-12 10:15,65,38,27,0,0,0
2024-03-12 10:30,68,36,32,0,0,0
2024-03-12 10:45,100,59,41,0,0,0
2024-03-12 11:00,72,34,38,0,0,0
2024-03-12 11:15,79,40,39,0,0,0
2024-03-12 11:30,95,41,54,0,0,0
2024-03-12 11:45,98,54,44,0,0,0
2024-03-12 12:00,92,40,52,0,0,0
2024-03-12 12:15,109,55,54,0,0,0
2024-03-12 12:30,86,41,45,0,0,0
2024-03-12 12:45,87,41,46,0,0,0
2024-03-12 13:00,116,41,75,0,0,0
2024-03-12 13:15,101,36,65,0,0,0
2024-03-12 13:30,90,40,50,0,0,0
2024-03-12 13:45,139,65,74,0,0,0
2024-03-12 14:00,121,54,67,0,0,0
2024-03-12 14:15,122,48,74,0,0,0
2024-03-12 14:30,109,45,64,0,0,0
2024-03-12 14:45,131,48,83,0,0,0
2024-03-12 15:00,125,52,73,0,0,0
2024-03-12 15:15,145,58,87,0,0,0
2024-03-12 15:30,119,36,83,0,0,0
2024-03-12 15:45,155,68,87,0,0,0
2024-03-12 16:00,170,60,110,0,0,0
2024-03-12 16:15,138,56,82,0,0,0
2024-03-12 16:30,171,72,99,0,0,0
2024-03-12 16:45,195,76,119,0,0,0
2024-03-12 17:00,162,46,116,0,0,0
2024-03-12 17:15,147,52,95,0,0,0
2024-03-12 17:30,172,63,109,0,0,0
2024-03-12 17:45,178,68,110,0,0,0
2024-03-12 18:00,141,42,99,0,0,0
2024-03-12 18:15,153,58,95,0,0,0
2024-03-12 18:30,131,52,79,0,0,0
2024-03-12 18:45,151,65,86,0,0,0
2024-03-12 19:00,86,26,60,0,0,0
2024-03-12 19:15,99,43,56,0,0,0
2024-03-12 19:30,86,37,49,0,0,0
2024-03-12 19:45,98,34,64,0,0,0
2024-03-12 20:00,74,30,44,0,0,0
2024-03-12 20:15,61,17,44,0,0,0
2024-03-12 20:30,49,22,27,0,0,0
2024-03-12 20:45,31,11,20,0,0,0
2024-03-12 21:00,45,9,36,0,0,0
2024-03-12 21:15,48,14,34,0,0,0
2024-03-12 21:30,42,15,27,0,0,0
2024-03-12 21:45,34,8,26,0,0,0
2024-03-12 22:00,43,11,32,0,0,0
2024-03-12 22:15,59,19,40,0,0,0
2024-03-12 22:30,48,5,43,0,0,0
2024-03-12 22:45,37,15,22,0,0,0
2024-03-12 23:00,32,12,20,0,0,0
2024-03-12 23:15,24,5,19,0,0,0
2024-03-12 23:30,17,4,13,0,0,0
2024-03-12 23:45,13,5,8,0,0,0
2024-03-13 00:00,11,1,10,0,0,0
2024-03-13 00:15,7,4,3,0,0,0
2024-03-13 00:30,4,2,2,0,0,0
2024-03-13 00:45,5,1,4,0,0,0
2024-03-13 01:00,5,3,2,0,0,0
2024-03-13 01:15,3,0,3,0,0,0
2024-03-13 01:30,2,0,2,0,0,0
2024-03-13 01:45,6,3,3,0,0,0
2024-03-13 02:00,0,0,0,0,0,0
2024-03-13 02:15,2,0,2,0,0,0
2024-03-13 02:30,1,0,1,0,0,0
2024-03-13 02:45,2,1,1,0,0,0
2024-03-13 03:00,0,0,0,0,0,0
2024-03-13 03:15,0,0,0,0,0,0
2024-03-13 03:30,1,1,0,0,0,0
2024-03-13 03:45,1,1,0,0,0,0
2024-03-13 04:00,1,0,1,0,0,0
2024-03-13 04:15,1,1,0,0,0,0
2024-03-13 04:30,5,3,2,0,0,0
2024-03-13 04:45,5,2,3,0,0,0
2024-03-13 05:00,4,4,0,0,0,0
2024-03-13 05:15,10,8,2,0,0,0
2024-03-13 05:30,23,16,7,0,0,0
2024-03-13 05:45,18,15,3,0,0,0
2024-03-13 06:00,21,16,5,0,0,0
2024-03-13 06:15,31,22,9,0,0,0
2024-03-13 06:30,46,33,13,0,0,0
2024-03-13 06:45,62,40,22,0,0,0
2024-03-13 07:00,75,46,29,0,0,0
2024-03-13 07:15,124,73,51,0,0,0
2024-03-13 07:30,152,108,44,0,0,0
2024-03-13 07:45,173,114,59,0,0,0
2024-03-13 08:00,132,85,47,0,0,0
2024-03-13 08:15,155,106,49,0,0,0
2024-03-13 08:30,129,82,47,0,0,0
2024-03-13 08:45,127,80,47,0,0,0
2024-03-13 09:00,88,52,36,0,0,0
2024-03-13 09:15,102,63,39,0,0,0
2024-03-13 09:30,91,55,36,0,0,0
2024-03-13 09:45,122,78,44,0,0,0
2024-03-13 10:00,80,51,29,0,0,0
2024-03-13 10:15,79,44,35,0,0,0
2024-03-13 10:30,87,51,36,0,0,0
2024-03-13 10:45,97,54,43,0,0,0
2024-03-13 11:00,105,49,56,0,0,0
2024-03-13 11:15,91,47,44,0,0,0
2024-03-13 11:30,95,48,47,0,0,0
2024-03-13 11:45,100,56,44,0,0,0
2024-03-13 12:00,121,53,68,0,0,0
2024-03-13 12:15,117,67,50,0,0,0
2024-03-13 12:30,131,48,83,0,0,0
2024-03-13 12:45,141,64,77,0,0,0
2024-03-13 13:00,120,45,75,0,0,0
2024-03-13 13:15,99,42,57,0,0,0
2024-03-13 13:30,135,58,77,0,0,0
2024-03-13 13:45,130,51,79,0,0,0
2024-03-13 14:00,124,48,76,0,0,0
2024-03-13 14:15,142,53,89,0,0,0
2024-03-13 14:30,133,54,79,0,0,0
2024-03-13 14:45,153,68,85,0,0,0
2024-03-13 15:00,135,54,81,0,0,0
2024-03-13 15:15,137,62,75,0,0,0
2024-03-13 15:30,130,59,71,0,0,0
2024-03-13 15:45,151,64,87,0,0,0
2024-03-13 16:00,175,70,105,0,0,0
2024-03-13 16:15,146,62,84,0,0,0
2024-03-13 16:30,176,73,103,0,0,0
2024-03-13 16:45,172,66,106,0,0,0
2024-03-13 17:00,156,60,96,0,0,0
2024-03-13 17:15,164,66,98,0,0,0
2024-03-13 17:30,158,62,96,0,0,0
2024-03-13 17:45,142,53,89,0,0,0
2024-03-13 18:00,156,48,108,0,0,0
2024-03-13 18:15,166,57,109,0,0,0
2024-03-13 18:30,104,46,58,0,0,0
2024-03-13 18:45,147,62,85,0,0,0
2024-03-13 19:00,112,37,75,0,0,0
2024-03-13 19:15,100,39,61,0,0,0
2024-03-13 19:30,86,38,48,0,0,0
2024-03-13 19:45,71,35,36,0,0,0
2024-03-13 20:00,87,26,61,0,0,0
2024-03-13 20:15,69,24,45,0,0,0
2024-03-13 20:30,47,16,31,0,0,0
2024-03-13 20:45,51,14,37,0,0,0
2024-03-13 21:00,64,20,44,0,0,0
2024-03-13 21:15,55,22,33,0,0,0
2024-03-13 21:30,40,12,28,0,0,0
2024-03-13 21:45,51,16,35,0,0,0
2024-03-13 22:00,56,19,37,0,0,0
2024-03-13 22:15,56,20,36,0,0,0
2024-03-13 22:30,53,12,41,0,0,0
2024-03-13 22:45,28,9,19,0,0,0
2024-03-13 23:00,32,8,24,0,0,0
2024-03-13 23:15,27,11,16,0,0,0
2024-03-13 23:30,16,3,13,0,0,0
2024-03-13 23:45,26,17,9,0,0,0
2024-03-14 00:00,14,2,12,0,0,0
2024-03-14 00:15,8,2,6,0,0,0
2024-03-14 00:30,11,0,11,0,0,0
2024-03-14 00:45,8,2,6,0,0,0
2024-03-14 01:00,2,0,2,0,0,0
2024-03-14 01:15,3,2,1,0,0,0
2024-03-14 01:30,1,0,1,0,0,0
2024-03-14 01:45,6,5,1,0,0,0
2024-03-14 02:00,8,0,8,0,0,0
2024-03-14 02:15,2,0,2,0,0,0
2024-03-14 02:30,8,0,8,0,0,0
2024-03-14 02:45,1,0,1,0,0,0
2024-03-14 03:00,6,0,6,0,0,0
2024-03-14 03:15,2,0,2,0,0,0
2024-03-14 03:30,0,0,0,0,0,0
2024-03-14 03:45,2,0,2,0,0,0
2024-03-14 04:00,3,1,2,0,0,0
2024-03-14 04:15,1,1,0,0,0,0
2024-03-14 04:30,5,2,3,0,0,0
2024-03-14 04:45,3,3,0,0,0,0
2024-03-14 05:00,5,5,0,0,0,0
2024-03-14 05:15,13,10,3,0,0,0
2024-03-14 05:30,20,8,12,0,0,0
2024-03-14 05:45,18,12,6,0,0,0
2024-03-14 06:00,19,16,3,0,0,0
2024-03-14 06:15,36,23,13,0,0,0
2024-03-14 06:30,59,35,24,0,0,0
2024-03-14 06:45,60,36,24,0,0,0
2024-03-14 07:00,75,49,26,0,0,0
2024-03-14 07:15,124,77,47,0,0,0
2024-03-14 07:30,172,112,60,0,0,0
2024-03-14 07:45,213,149,64,0,0,0
2024-03-14 08:00,136,95,41,0,0,0
2024-03-14 08:15,165,107,58,0,0,0
2024-03-14 08:30,133,86,47,0,0,0
2024-03-14 08:45,134,93,41,0,0,0
2024-03-14 09:00,110,65,45,0,0,0
2024-03-14 09:15,100,67,33,0,0,0
2024-03-14 09:30,122,92,30,0,0,0
2024-03-14 09:45,112,70,42,0,0,0
2024-03-14 10:00,100,70,30,0,0,0
2024-03-14 10:15,95,58,37,0,0,0
2024-03-14 10:30,85,42,43,0,0,0
2024-03-14 10:45,83,44,39,0,0,0
2024-03-14 11:00,106,53,53,0,0,0
2024-03-14 11:15,123,64,59,0,0,0
2024-03-14 11:30,111,57,54,0,0,0
2024-03-14 11:45,124,58,66,0,0,0
2024-03-14 12:00,134,70,64,0,0,0
2024-03-14 12:15,124,58,66,0,0,0
2024-03-14 12:30,154,64,90,0,0,0
2024-03-14 12:45,159,67,92,0,0,0
2024-03-14 13:00,156,66,90,0,0,0
2024-03-14 13:15,147,60,87,0,0,0
2024-03-14 13:30,129,61,68,0,0,0
2024-03-14 13:45,189,99,90,0,0,0
2024-03-14 14:00,163,65,98,0,0,0
2024-03-14 14:15,149,71,78,0,0,0
2024-03-14 14:30,167,82,85,0,0,0
2024-03-14 14:45,215,114,101,0,0,0
2024-03-14 15:00,177,86,91,0,0,0
2024-03-14 15:15,181,83,98,0,0,0
2024-03-14 15:30,179,80,99,0,0,0
2024-03-14 15:45,223,121,102,0,0,0
2024-03-14 16:00,222,105,117,0,0,0
2024-03-14 16:15,199,82,117,0,0,0
2024-03-14 16:30,210,90,120,0,0,0
2024-03-14 16:45,216,110,106,0,0,0
2024-03-14 17:00,224,84,140,0,0,0
2024-03-14 17:15,202,83,119,0,0,0
2024-03-14 17:30,191,89,102,0,0,0
2024-03-14 17:45,187,84,103,0,0,0
2024-03-14 18:00,202,71,131,0,0,0
2024-03-14 18:15,172,62,110,0,0,0
2024-03-14 18:30,155,63,92,0,0,0
2024-03-14 18:45,137,63,74,0,0,0
2024-03-14 19:00,140,54,86,0,0,0
2024-03-14 19:15,128,39,89,0,0,0
2024-03-14 19:30,126,47,79,0,0,0
2024-03-14 19:45,105,38,67,0,0,0
2024-03-14 20:00,75,23,52,0,0,0
2024-03-14 20:15,71,30,41,0,0,0
2024-03-14 20:30,59,20,39,0,0,0
2024-03-14 20:45,54,16,38,0,0,0
2024-03-14 21:00,55,23,32,0,0,0
2024-03-14 21:15,39,18,21,0,0,0
2024-03-14 21:30,44,13,31,0,0,0
2024-03-14 21:45,53,18,35,0,0,0
2024-03-14 22:00,64,22,42,0,0,0
2024-03-14 22:15,44,17,27,0,0,0
2024-03-14 22:30,48,21,27,0,0,0
2024-03-14 22:45,36,8,28,0,0,0
2024-03-14 23:00,42,10,32,0,0,0
2024-03-14 23:15,25,5,20,0,0,0
2024-03-14 23:30,24,5,19,0,0,0
2024-03-14 23:45,18,8,10,0,0,0
2024-03-15 00:00,12,1,11,0,0,0
2024-03-15 00:15,9,1,8,0,0,0
2024-03-15 00:30,7,3,4,0,0,0
2024-03-15 00:45,3,0,3,0,0,0
2024-03-15 01:00,3,3,0,0,0,0
2024-03-15 01:15,5,1,4,0,0,0
2024-03-15 01:30,3,0,3,0,0,0
2024-03-15 01:45,1,0,1,0,0,0
2024-03-15 02:00,1,0,1,0,0,0
2024-03-15 02:15,2,1,1,0,0,0
2024-03-15 02:30,1,0,1,0,0,0
2024-03-15 02:45,0,0,0,0,0,0
2024-03-15 03:00,1,0,1,0,0,0
2024-03-15 03:15,0,0,0,0,0,0
2024-03-15 03:30,3,0,3,0,0,0
2024-03-15 03:45,0,0,0,0,0,0
2024-03-15 04:00,3,2,1,0,0,0
2024-03-15 04:15,2,1,1,0,0,0
2024-03-15 04:30,2,1,1,0,0,0
2024-03-15 04:45,4,3,1,0,0,0
2024-03-15 05:00,8,6,2,0,0,0
2024-03-15 05:15,8,5,3,0,0,0
2024-03-15 05:30,14,9,5,0,0,0
2024-03-15 05:45,14,7,7,0,0,0
2024-03-15 06:00,22,17,5,0,0,0
2024-03-15 06:15,42,28,14,0,0,0
2024-03-15 06:30,34,27,7,0,0,0
2024-03-15 06:45,62,34,28,0,0,0
2024-03-15 07:00,67,44,23,0,0,0
2024-03-15 07:15,88,57,31,0,0,0
2024-03-15 07:30,165,111,54,0,0,0
2024-03-15 07:45,141,95,46,0,0,0
2024-03-15 08:00,137,84,53,0,0,0
2024-03-15 08:15,100,65,35,0,0,0
2024-03-15 08:30,100,70,30,0,0,0
2024-03-15 08:45,141,100,41,0,0,0
2024-03-15 09:00,88,50,38,0,0,0
2024-03-15 09:15,85,61,24,0,0,0
2024-03-15 09:30,92,68,24,0,0,0
2024-03-15 09:45,108,70,38,0,0,0
2024-03-15 10:00,101,64,37,0,0,0
2024-03-15 10:15,81,53,28,0,0,0
2024-03-15 10:30,93,57,36,0,0,0
2024-03-15 10:45,112,60,52,0,0,0
2024-03-15 11:00,104,56,48,0,0,0
2024-03-15 11:15,101,50,51,0,0,0
2024-03-15 11:30,109,45,64,0,0,0
2024-03-15 11:45,139,67,72,0,0,0
2024-03-15 12:00,138,49,89,0,0,0
2024-03-15 12:15,132,61,71,0,0,0
2024-03-15 12:30,144,70,74,0,0,0
2024-03-15 12:45,140,64,76,0,0,0
2024-03-15 13:00,155,53,102,0,0,0
2024-03-15 13:15,144,71,73,0,0,0
2024-03-15 13:30,149,58,91,0,0,0
2024-03-15 13:45,164,71,93,0,0,0
2024-03-15 14:00,165,67,98,0,0,0
2024-03-15 14:15,142,57,85,0,0,0
2024-03-15 14:30,166,62,104,0,0,0
2024-03-15 14:45,201,103,98,0,0,0
2024-03-15 15:00,186,88,98,0,0,0
2024-03-15 15:15,106,36,70,0,0,0
2024-03-15 15:30,143,59,84,0,0,0
2024-03-15 15:45,141,67,74,0,0,0
2024-03-15 16:00,144,68,76,0,0,0
2024-03-15 16:15,180,75,105,0,0,0
2024-03-15 16:30,118,58,60,0,0,0
2024-03-15 16:45,111,38,73,0,0,0
2024-03-15 17:00,115,52,63,0,0,0
2024-03-15 17:15,129,63,66,0,0,0
2024-03-15 17:30,115,44,71,0,0,0
2024-03-15 17:45,127,53,74,0,0,0
2024-03-15 18:00,128,57,71,0,0,0
2024-03-15 18:15,125,61,64,0,0,0
2024-03-15 18:30,122,43,79,0,0,0
2024-03-15 18:45,132,64,68,0,0,0
2024-03-15 19:00,104,53,51,0,0,0
2024-03-15 19:15,104,55,49,0,0,0
2024-03-15 19:30,73,39,34,0,0,0
2024-03-15 19:45,74,28,46,0,0,0
2024-03-15 20:00,87,53,34,0,0,0
2024-03-15 20:15,70,23,47,0,0,0
2024-03-15 20:30,65,26,39,0,0,0
2024-03-15 20:45,45,17,28,0,0,0
2024-03-15 21:00,29,15,14,0,0,0
2024-03-15 21:15,51,21,30,0,0,0
2024-03-15 21:30,55,18,37,0,0,0
2024-03-15 21:45,47,20,27,0,0,0
2024-03-15 22:00,39,17,22,0,0,0
2024-03-15 22:15,46,20,26,0,0,0
2024-03-15 22:30,61,27,34,0,0,0
2024-03-15 22:45,45,17,28,0,0,0
2024-03-15 23:00,35,18,17,0,0,0
2024-03-15 23:15,32,16,16,0,0,0
2024-03-15 23:30,27,10,17,0,0,0
2024-03-15 23:45,46,16,30,0,0,0
2024-03-16 00:00,36,18,18,0,0,0
2024-03-16 00:15,30,7,23,0,0,0
2024-03-16 00:30,26,11,15,0,0,0
2024-03-16 00:45,28,10,18,0,0,0
2024-03-16 01:00,15,3,12,0,0,0
2024-03-16 01:15,17,9,8,0,0,0
2024-03-16 01:30,13,6,7,0,0,0
2024-03-16 01:45,14,4,10,0,0,0
2024-03-16 02:00,6,1,5,0,0,0
2024-03-16 02:15,17,2,15,0,0,0
2024-03-16 02:30,8,2,6,0,0,0
2024-03-16 02:45,10,0,10,0,0,0
2024-03-16 03:00,3,1,2,0,0,0
2024-03-16 03:15,9,2,7,0,0,0
2024-03-16 03:30,5,2,3,0,0,0
2024-03-16 03:45,9,1,8,0,0,0
2024-03-16 04:00,8,0,8,0,0,0
2024-03-16 04:15,5,1,4,0,0,0
2024-03-16 04:30,5,3,2,0,0,0
2024-03-16 04:45,6,3,3,0,0,0
2024-03-16 05:00,6,2,4,0,0,0
2024-03-16 05:15,14,6,8,0,0,0
2024-03-16 05:30,12,7,5,0,0,0
2024-03-16 05:45,8,4,4,0,0,0
2024-03-16 06:00,10,8,2,0,0,0
2024-03-16 06:15,7,3,4,0,0,0
2024-03-16 06:30,12,9,3,0,0,0
2024-03-16 06:45,15,10,5,0,0,0
2024-03-16 07:00,13,9,4,0,0,0
2024-03-16 07:15,8,6,2,0,0,0
2024-03-16 07:30,18,7,11,0,0,0
2024-03-16 07:45,26,13,13,0,0,0
2024-03-16 08:00,26,13,13,0,0,0
2024-03-16 08:15,20,11,9,0,0,0
2024-03-16 08:30,28,21,7,0,0,0
2024-03-16 08:45,59,43,16,0,0,0
2024-03-16 09:00,40,32,8,0,0,0
2024-03-16 09:15,55,43,12,0,0,0
2024-03-16 09:30,61,48,13,0,0,0
2024-03-16 09:45,79,60,19,0,0,0
2024-03-16 10:00,80,64,16,0,0,0
2024-03-16 10:15,97,60,37,0,0,0
2024-03-16 10:30,79,45,34,0,0,0
2024-03-16 10:45,110,71,39,0,0,0
2024-03-16 11:00,100,60,40,0,0,0
2024-03-16 11:15,117,74,43,0,0,0
2024-03-16 11:30,116,67,49,0,0,0
2024-03-16 11:45,123,71,52,0,0,0
2024-03-16 12:00,131,78,53,0,0,0
2024-03-16 12:15,133,78,55,0,0,0
2024-03-16 12:30,140,70,70,0,0,0
2024-03-16 12:45,145,76,69,0,0,0
2024-03-16 13:00,133,84,49,0,0,0
2024-03-16 13:15,138,68,70,0,0,0
2024-03-16 13:30,151,85,66,0,0,0
2024-03-16 13:45,147,71,76,0,0,0
2024-03-16 14:00,146,77,69,0,0,0
2024-03-16 14:15,109,47,62,0,0,0
2024-03-16 14:30,126,50,76,0,0,0
2024-03-16 14:45,121,49,72,0,0,0
2024-03-16 15:00,134,61,73,0,0,0
2024-03-16 15:15,122,55,67,0,0,0
2024-03-16 15:30,98,37,61,0,0,0
2024-03-16 15:45,119,54,65,0,0,0
2024-03-16 16:00,112,47,65,0,0,0
2024-03-16 16:15,95,40,55,0,0,0
2024-03-16 16:30,116,37,79,0,0,0
2024-03-16 16:45,124,46,78,0,0,0
2024-03-16 17:00,104,51,53,0,0,0
2024-03-16 17:15,100,46,54,0,0,0
2024-03-16 17:30,93,35,58,0,0,0
2024-03-16 17:45,108,52,56,0,0,0
2024-03-16 18:00,94,36,58,0,0,0
2024-03-16 18:15,91,14,77,0,0,0
2024-03-16 18:30,134,22,112,0,0,0
2024-03-16 18:45,180,49,131,0,0,0
2024-03-16 19:00,123,37,86,0,0,0
2024-03-16 19:15,126,43,83,0,0,0
2024-03-16 19:30,75,35,40,0,0,0
2024-03-16 19:45,81,39,42,0,0,0
2024-03-16 20:00,76,30,46,0,0,0
2024-03-16 20:15,67,33,34,0,0,0
2024-03-16 20:30,36,23,13,0,0,0
2024-03-16 20:45,36,11,25,0,0,0
2024-03-16 21:00,51,27,24,0,0,0
2024-03-16 21:15,32,12,20,0,0,0
2024-03-16 21:30,30,14,16,0,0,0
2024-03-16 21:45,36,17,19,0,0,0
2024-03-16 22:00,59,40,19,0,0,0
2024-03-16 22:15,99,78,21,0,0,0
2024-03-16 22:30,54,34,20,0,0,0
2024-03-16 22:45,53,30,23,0,0,0
2024-03-16 23:00,58,33,25,0,0,0
2024-03-16 23:15,37,12,25,0,0,0
2024-03-16 23:30,54,16,38,0,0,0
2024-03-16 23:45,30,3,27,0,0,0
2024-03-17 00:00,40,17,23,0,0,0
2024-03-17 00:15,25,11,14,0,0,0
2024-03-17 00:30,49,20,29,0,0,0
2024-03-17 00:45,21,11,10,0,0,0
2024-03-17 01:00,31,13,18,0,0,0
2024-03-17 01:15,18,6,12,0,0,0
2024-03-17 01:30,24,11,13,0,0,0
2024-03-17 01:45,21,0,21,0,0,0
2024-03-17 02:00,14,3,11,0,0,0
2024-03-17 02:15,15,4,11,0,0,0
2024-03-17 02:30,4,1,3,0,0,0
2024-03-17 02:45,9,1,8,0,0,0
2024-03-17 03:00,14,3,11,0,0,0
2024-03-17 03:15,5,1,4,0,0,0
2024-03-17 03:30,6,1,5,0,0,0
2024-03-17 03:45,3,1,2,0,0,0
2024-03-17 04:00,4,0,4,0,0,0
2024-03-17 04:15,1,0,1,0,0,0
2024-03-17 04:30,1,0,1,0,0,0
2024-03-17 04:45,2,0,2,0,0,0
2024-03-17 05:00,2,2,0,0,0,0
2024-03-17 05:15,1,1,0,0,0,0
2024-03-17 05:30,3,2,1,0,0,0
2024-03-17 05:45,6,4,2,0,0,0
2024-03-17 06:00,6,3,3,0,0,0
2024-03-17 06:15,9,6,3,0,0,0
2024-03-17 06:30,3,1,2,0,0,0
2024-03-17 06:45,1,1,0,0,0,0
2024-03-17 07:00,1,1,0,0,0,0
2024-03-17 07:15,2,0,2,0,0,0
2024-03-17 07:30,4,2,2,0,0,0
2024-03-17 07:45,2,1,1,0,0,0
2024-03-17 08:00,7,3,4,0,0,0
2024-03-17 08:15,7,2,5,0,0,0
2024-03-17 08:30,10,6,4,0,0,0
2024-03-17 08:45,8,6,2,0,0,0
2024-03-17 09:00,17,11,6,0,0,0
2024-03-17 09:15,27,14,13,0,0,0
2024-03-17 09:30,31,15,16,0,0,0
2024-03-17 09:45,31,16,15,0,0,0
2024-03-17 10:00,40,24,16,0,0,0
2024-03-17 10:15,45,23,22,0,0,0
2024-03-17 10:30,46,22,24,0,0,0
2024-03-17 10:45,56,31,25,0,0,0
2024-03-17 11:00,38,20,18,0,0,0
2024-03-17 11:15,40,20,20,0,0,0
2024-03-17 11:30,35,19,16,0,0,0
2024-03-17 11:45,52,26,26,0,0,0
2024-03-17 12:00,48,22,26,0,0,0
2024-03-17 12:15,61,29,32,0,0,0
2024-03-17 12:30,63,31,32,0,0,0
2024-03-17 12:45,57,27,30,0,0,0
2024-03-17 13:00,63,40,23,0,0,0
2024-03-17 13:15,63,26,37,0,0,0
2024-03-17 13:30,94,52,42,0,0,0
2024-03-17 13:45,57,26,31,0,0,0
2024-03-17 14:00,80,30,50,0,0,0
2024-03-17 14:15,55,20,35,0,0,0
2024-03-17 14:30,73,30,43,0,0,0
2024-03-17 14:45,72,40,32,0,0,0
2024-03-17 15:00,80,35,45,0,0,0
2024-03-17 15:15,75,38,37,0,0,0
2024-03-17 15:30,85,33,52,0,0,0
2024-03-17 15:45,68,33,35,0,0,0
2024-03-17 16:00,68,28,40,0,0,0
2024-03-17 16:15,88,33,55,0,0,0
2024-03-17 16:30,68,41,27,0,0,0
2024-03-17 16:45,78,40,38,0,0,0
2024-03-17 17:00,63,33,30,0,0,0
2024-03-17 17:15,43,28,15,0,0,0
2024-03-17 17:30,75,29,46,0,0,0
2024-03-17 17:45,83,38,45,0,0,0
2024-03-17 18:00,84,30,54,0,0,0
2024-03-17 18:15,50,12,38,0,0,0
2024-03-17 18:30,72,18,54,0,0,0
2024-03-17 18:45,64,31,33,0,0,0
2024-03-17 19:00,51,17,34,0,0,0
2024-03-17 19:15,48,20,28,0,0,0
2024-03-17 19:30,42,16,26,0,0,0
2024-03-17 19:45,64,23,41,0,0,0
2024-03-17 20:00,48,11,37,0,0,0
2024-03-17 20:15,33,10,23,0,0,0
2024-03-17 20:30,33,8,25,0,0,0
2024-03-17 20:45,24,10,14,0,0,0
2024-03-17 21:00,35,13,22,0,0,0
2024-03-17 21:15,22,7,15,0,0,0
2024-03-17 21:30,21,9,12,0,0,0
2024-03-17 21:45,12,3,9,0,0,0
2024-03-17 22:00,18,5,13,0,0,0
2024-03-17 22:15,14,5,9,0,0,0
2024-03-17 22:30,24,8,16,0,0,0
2024-03-17 22:45,11,5,6,0,0,0
2024-03-17 23:00,14,4,10,0,0,0
2024-03-17 23:15,3,0,3,0,0,0
2024-03-17 23:30,2,1,1,0,0,0
2024-03-17 23:45,5,3,2,0,0,0
2024-03-18 00:00,4,2,2,0,0,0
2024-03-18 00:15,4,1,3,0,0,0
2024-03-18 00:30,1,0,1,0,0,0
2024-03-18 00:45,1,1,0,0,0,0
2024-03-18 01:00,1,0,1,0,0,0
2024-03-18 01:15,1,1,0,0,0,0
2024-03-18 01:30,2,1,1,0,0,0
2024-03-18 01:45,1,0,1,0,0,0
2024-03-18 02:00,0,0,0,0,0,0
2024-03-18 02:15,0,0,0,0,0,0
2024-03-18 02:30,1,0,1,0,0,0
2024-03-18 02:45,0,0,0,0,0,0
2024-03-18 03:00,0,0,0,0,0,0
2024-03-18 03:15,1,1,0,0,0,0
2024-03-18 03:30,0,0,0,0,0,0
2024-03-18 03:45,0,0,0,0,0,0
2024-03-18 04:00,0,0,0,0,0,0
2024-03-18 04:15,1,1,0,0,0,0
2024-03-18 04:30,6,2,4,0,0,0
2024-03-18 04:45,2,1,1,0,0,0
2024-03-18 05:00,4,3,1,0,0,0
2024-03-18 05:15,5,5,0,0,0,0
2024-03-18 05:30,13,9,4,0,0,0
2024-03-18 05:45,18,12,6,0,0,0
2024-03-18 06:00,17,14,3,0,0,0
2024-03-18 06:15,34,25,9,0,0,0
2024-03-18 06:30,40,22,18,0,0,0
2024-03-18 06:45,69,39,30,0,0,0
2024-03-18 07:00,76,43,33,0,0,0
2024-03-18 07:15,122,76,46,0,0,0
2024-03-18 07:30,175,121,54,0,0,0
2024-03-18 07:45,160,103,57,0,0,0
2024-03-18 08:00,144,97,47,0,0,0
2024-03-18 08:15,167,102,65,0,0,0
2024-03-18 08:30,116,77,39,0,0,0
2024-03-18 08:45,130,86,44,0,0,0
2024-03-18 09:00,92,52,40,0,0,0
2024-03-18 09:15,94,52,42,0,0,0
2024-03-18 09:30,90,59,31,0,0,0
2024-03-18 09:45,110,71,39,0,0,0
2024-03-18 10:00,69,34,35,0,0,0
2024-03-18 10:15,74,46,28,0,0,0
2024-03-18 10:30,84,48,36,0,0,0
2024-03-18 10:45,101,60,41,0,0,0
2024-03-18 11:00,89,40,49,0,0,0
2024-03-18 11:15,99,50,49,0,0,0
2024-03-18 11:30,96,55,41,0,0,0
2024-03-18 11:45,120,65,55,0,0,0
2024-03-18 12:00,102,43,59,0,0,0
2024-03-18 12:15,109,46,63,0,0,0
2024-03-18 12:30,120,45,75,0,0,0
2024-03-18 12:45,114,53,61,0,0,0
2024-03-18 13:00,119,44,75,0,0,0
2024-03-18 13:15,130,59,71,0,0,0
2024-03-18 13:30,104,42,62,0,0,0
2024-03-18 13:45,122,46,76,0,0,0
2024-03-18 14:00,118,62,56,0,0,0
2024-03-18 14:15,129,55,74,0,0,0
2024-03-18 14:30,132,63,69,0,0,0
2024-03-18 14:45,152,68,84,0,0,0
2024-03-18 15:00,121,49,72,0,0,0
2024-03-18 15:15,155,76,79,0,0,0
2024-03-18 15:30,148,75,73,0,0,0
2024-03-18 15:45,167,67,100,0,0,0
2024-03-18 16:00,188,82,106,0,0,0
2024-03-18 16:15,200,76,124,0,0,0
2024-03-18 16:30,163,64,99,0,0,0
2024-03-18 16:45,172,72,100,0,0,0
2024-03-18 17:00,173,66,107,0,0,0
2024-03-18 17:15,178,81,97,0,0,0
2024-03-18 17:30,168,71,97,0,0,0
2024-03-18 17:45,193,74,119,0,0,0
2024-03-18 18:00,153,52,101,0,0,0
2024-03-18 18:15,159,55,104,0,0,0
2024-03-18 18:30,154,52,102,0,0,0
2024-03-18 18:45,124,51,73,0,0,0
2024-03-18 19:00,87,30,57,0,0,0
2024-03-18 19:15,97,39,58,0,0,0
2024-03-18 19:30,87,32,55,0,0,0
2024-03-18 19:45,77,34,43,0,0,0
2024-03-18 20:00,60,26,34,0,0,0
2024-03-18 20:15,53,21,32,0,0,0
2024-03-18 20:30,45,18,27,0,0,0
2024-03-18 20:45,40,12,28,0,0,0
2024-03-18 21:00,44,19,25,0,0,0
2024-03-18 21:15,42,18,24,0,0,0
2024-03-18 21:30,51,25,26,0,0,0
2024-03-18 21:45,64,29,35,0,0,0
2024-03-18 22:00,62,25,37,0,0,0
2024-03-18 22:15,36,8,28,0,0,0
2024-03-18 22:30,30,4,26,0,0,0
2024-03-18 22:45,24,9,15,0,0,0
2024-03-18 23:00,9,1,8,0,0,0
2024-03-18 23:15,12,2,10,0,0,0
2024-03-18 23:30,14,4,10,0,0,0
2024-03-18 23:45,10,1,9,0,0,0
