Datetime,100034980 (Hammer Straße),101034980 (Hammer Straße stadteinwärts),102034980 (Hammer Straße stadtauswärts),100034980-status,101034980-status,102034980-status
2024-11-01 00:00,45,18,27,0,0,0
2024-11-01 00:15,22,12,10,0,0,0
2024-11-01 00:30,67,31,36,0,0,0
2024-11-01 00:45,40,15,25,0,0,0
2024-11-01 01:00,40,15,25,0,0,0
2024-11-01 01:15,38,15,23,0,0,0
2024-11-01 01:30,41,13,28,0,0,0
2024-11-01 01:45,41,10,31,0,0,0
2024-11-01 02:00,18,6,12,0,0,0
2024-11-01 02:15,24,9,15,0,0,0
2024-11-01 02:30,25,3,22,0,0,0
2024-11-01 02:45,21,8,13,0,0,0
2024-11-01 03:00,17,6,11,0,0,0
2024-11-01 03:15,25,13,12,0,0,0
2024-11-01 03:30,17,4,13,0,0,0
2024-11-01 03:45,15,0,15,0,0,0
2024-11-01 04:00,18,3,15,0,0,0
2024-11-01 04:15,11,2,9,0,0,0
2024-11-01 04:30,12,6,6,0,0,0
2024-11-01 04:45,15,2,13,0,0,0
2024-11-01 05:00,3,2,1,0,0,0
2024-11-01 05:15,16,4,12,0,0,0
2024-11-01 05:30,8,1,7,0,0,0
2024-11-01 05:45,6,1,5,0,0,0
2024-11-01 06:00,9,5,4,0,0,0
2024-11-01 06:15,9,5,4,0,0,0
2024-11-01 06:30,1,1,0,0,0,0
2024-11-01 06:45,6,3,3,0,0,0
2024-11-01 07:00,1,0,1,0,0,0
2024-11-01 07:15,6,2,4,0,0,0
2024-11-01 07:30,7,4,3,0,0,0
2024-11-01 07:45,10,6,4,0,0,0
2024-11-01 08:00,9,4,5,0,0,0
2024-11-01 08:15,11,7,4,0,0,0
2024-11-01 08:30,7,5,2,0,0,0
2024-11-01 08:45,21,14,7,0,0,0
2024-11-01 09:00,20,15,5,0,0,0
2024-11-01 09:15,14,7,7,0,0,0
2024-11-01 09:30,25,17,8,0,0,0
2024-11-01 09:45,36,18,18,0,0,0
2024-11-01 10:00,37,19,18,0,0,0
2024-11-01 10:15,30,17,13,0,0,0
2024-11-01 10:30,38,19,19,0,0,0
2024-11-01 10:45,44,19,25,0,0,0
2024-11-01 11:00,46,29,17,0,0,0
2024-11-01 11:15,43,19,24,0,0,0
2024-11-01 11:30,47,24,23,0,0,0
2024-11-01 11:45,33,23,10,0,0,0
2024-11-01 12:00,45,21,24,0,0,0
2024-11-01 12:15,42,20,22,0,0,0
2024-11-01 12:30,63,26,37,0,0,0
2024-11-01 12:45,63,30,33,0,0,0
2024-11-01 13:00,69,29,40,0,0,0
2024-11-01 13:15,62,38,24,0,0,0
2024-11-01 13:30,59,23,36,0,0,0
2024-11-01 13:45,46,22,24,0,0,0
2024-11-01 14:00,63,29,34,0,0,0
2024-11-01 14:15,45,21,24,0,0,0
2024-11-01 14:30,45,27,18,0,0,0
2024-11-01 14:45,52,26,26,0,0,0
2024-11-01 15:00,58,22,36,0,0,0
2024-11-01 15:15,60,26,34,0,0,0
2024-11-01 15:30,57,31,26,0,0,0
2024-11-01 15:45,92,38,54,0,0,0
2024-11-01 16:00,71,29,42,0,0,0
2024-11-01 16:15,65,21,44,0,0,0
2024-11-01 16:30,102,28,74,0,0,0
2024-11-01 16:45,114,28,86,0,0,0
2024-11-01 17:00,132,20,112,0,0,0
2024-11-01 17:15,146,33,113,0,0,0
2024-11-01 17:30,130,31,99,0,0,0
2024-11-01 17:45,143,31,112,0,0,0
2024-11-01 18:00,80,28,52,0,0,0
2024-11-01 18:15,69,29,40,0,0,0
2024-11-01 18:30,57,32,25,0,0,0
2024-11-01 18:45,64,32,32,0,0,0
2024-11-01 19:00,57,20,37,0,0,0
2024-11-01 19:15,61,26,35,0,0,0
2024-11-01 19:30,44,28,16,0,0,0
2024-11-01 19:45,66,35,31,0,0,0
2024-11-01 20:00,31,18,13,0,0,0
2024-11-01 20:15,45,20,25,0,0,0
2024-11-01 20:30,66,37,29,0,0,0
2024-11-01 20:45,140,126,14,0,0,0
2024-11-01 21:00,193,177,16,0,0,0
2024-11-01 21:15,93,68,25,0,0,0
2024-11-01 21:30,76,51,25,0,0,0
2024-11-01 21:45,89,55,34,0,0,0
2024-11-01 22:00,64,35,29,0,0,0
2024-11-01 22:15,63,44,19,0,0,0
2024-11-01 22:30,42,19,23,0,0,0
2024-11-01 22:45,56,30,26,0,0,0
2024-11-01 23:00,47,27,20,0,0,0
2024-11-01 23:15,42,25,17,0,0,0
2024-11-01 23:30,33,15,18,0,0,0
2024-11-01 23:45,49,29,20,0,0,0
2024-11-02 00:00,27,12,15,0,0,0
2024-11-02 00:15,37,17,20,0,0,0
2024-11-02 00:30,25,14,11,0,0,0
2024-11-02 00:45,29,7,22,0,0,0
2024-11-02 01:00,22,11,11,0,0,0
2024-11-02 01:15,15,7,8,0,0,0
2024-11-02 01:30,9,1,8,0,0,0
2024-11-02 01:45,5,4,1,0,0,0
2024-11-02 02:00,9,3,6,0,0,0
2024-11-02 02:15,4,1,3,0,0,0
2024-11-02 02:30,9,3,6,0,0,0
2024-11-02 02:45,4,3,1,0,0,0
2024-11-02 03:00,14,3,11,0,0,0
2024-11-02 03:15,6,1,5,0,0,0
2024-11-02 03:30,5,0,5,0,0,0
2024-11-02 03:45,1,1,0,0,0,0
2024-11-02 04:00,5,0,5,0,0,0
2024-11-02 04:15,0,0,0,0,0,0
2024-11-02 04:30,3,2,1,0,0,0
2024-11-02 04:45,1,0,1,0,0,0
2024-11-02 05:00,2,2,0,0,0,0
2024-11-02 05:15,5,2,3,0,0,0
2024-11-02 05:30,5,2,3,0,0,0
2024-11-02 05:45,4,3,1,0,0,0
2024-11-02 06:00,3,3,0,0,0,0
2024-11-02 06:15,4,0,4,0,0,0
2024-11-02 06:30,11,7,4,0,0,0
2024-11-02 06:45,12,10,2,0,0,0
2024-11-02 07:00,12,11,1,0,0,0
2024-11-02 07:15,17,12,5,0,0,0
2024-11-02 07:30,22,13,9,0,0,0
2024-11-02 07:45,17,11,6,0,0,0
2024-11-02 08:00,32,25,7,0,0,0
2024-11-02 08:15,25,15,10,0,0,0
2024-11-02 08:30,29,21,8,0,0,0
2024-11-02 08:45,60,43,17,0,0,0
2024-11-02 09:00,56,32,24,0,0,0
2024-11-02 09:15,57,42,15,0,0,0
2024-11-02 09:30,88,65,23,0,0,0
2024-11-02 09:45,122,87,35,0,0,0
2024-11-02 10:00,103,64,39,0,0,0
2024-11-02 10:15,116,84,32,0,0,0
2024-11-02 10:30,156,109,47,0,0,0
2024-11-02 10:45,177,117,60,0,0,0
2024-11-02 11:00,188,116,72,0,0,0
2024-11-02 11:15,162,107,55,0,0,0
2024-11-02 11:30,182,102,80,0,0,0
2024-11-02 11:45,164,107,57,0,0,0
2024-11-02 12:00,149,89,60,0,0,0
2024-11-02 12:15,181,103,78,0,0,0
2024-11-02 12:30,172,83,89,0,0,0
2024-11-02 12:45,214,94,120,0,0,0
2024-11-02 13:00,187,89,98,0,0,0
2024-11-02 13:15,177,68,109,0,0,0
2024-11-02 13:30,179,83,96,0,0,0
2024-11-02 13:45,173,65,108,0,0,0
2024-11-02 14:00,176,72,104,0,0,0
2024-11-02 14:15,148,68,80,0,0,0
2024-11-02 14:30,177,87,90,0,0,0
2024-11-02 14:45,192,57,135,0,0,0
2024-11-02 15:00,167,67,100,0,0,0
2024-11-02 15:15,145,59,86,0,0,0
2024-11-02 15:30,174,73,101,0,0,0
2024-11-02 15:45,116,53,63,0,0,0
2024-11-02 16:00,131,67,64,0,0,0
2024-11-02 16:15,141,54,87,0,0,0
2024-11-02 16:30,107,37,70,0,0,0
2024-11-02 16:45,158,57,101,0,0,0
2024-11-02 17:00,156,58,98,0,0,0
2024-11-02 17:15,114,45,69,0,0,0
2024-11-02 17:30,122,39,83,0,0,0
2024-11-02 17:45,107,45,62,0,0,0
2024-11-02 18:00,124,54,70,0,0,0
2024-11-02 18:15,121,37,84,0,0,0
2024-11-02 18:30,130,47,83,0,0,0
2024-11-02 18:45,128,45,83,0,0,0
2024-11-02 19:00,151,32,119,0,0,0
2024-11-02 19:15,105,40,65,0,0,0
2024-11-02 19:30,78,29,49,0,0,0
2024-11-02 19:45,73,35,38,0,0,0
2024-11-02 20:00,81,30,51,0,0,0
2024-11-02 20:15,55,19,36,0,0,0
2024-11-02 20:30,41,10,31,0,0,0
2024-11-02 20:45,51,23,28,0,0,0
2024-11-02 21:00,50,21,29,0,0,0
2024-11-02 21:15,48,21,27,0,0,0
2024-11-02 21:30,74,52,22,0,0,0
2024-11-02 21:45,159,135,24,0,0,0
2024-11-02 22:00,56,34,22,0,0,0
2024-11-02 22:15,57,12,45,0,0,0
2024-11-02 22:30,31,7,24,0,0,0
2024-11-02 22:45,50,20,30,0,0,0
2024-11-02 23:00,35,10,25,0,0,0
2024-11-02 23:15,38,19,19,0,0,0
2024-11-02 23:30,31,13,18,0,0,0
2024-11-02 23:45,27,7,20,0,0,0
2024-11-03 00:00,40,17,23,0,0,0
2024-11-03 00:15,36,13,23,0,0,0
2024-11-03 00:30,22,11,11,0,0,0
2024-11-03 00:45,15,10,5,0,0,0
2024-11-03 01:00,39,15,24,0,0,0
2024-11-03 01:15,26,12,14,0,0,0
2024-11-03 01:30,18,10,8,0,0,0
2024-11-03 01:45,9,1,8,0,0,0
2024-11-03 02:00,15,5,10,0,0,0
2024-11-03 02:15,12,0,12,0,0,0
2024-11-03 02:30,12,5,7,0,0,0
2024-11-03 02:45,10,2,8,0,0,0
2024-11-03 03:00,4,1,3,0,0,0
2024-11-03 03:15,9,4,5,0,0,0
2024-11-03 03:30,9,1,8,0,0,0
2024-11-03 03:45,5,2,3,0,0,0
2024-11-03 04:00,8,1,7,0,0,0
2024-11-03 04:15,7,6,1,0,0,0
2024-11-03 04:30,5,0,5,0,0,0
2024-11-03 04:45,3,1,2,0,0,0
2024-11-03 05:00,4,2,2,0,0,0
2024-11-03 05:15,6,2,4,0,0,0
2024-11-03 05:30,4,1,3,0,0,0
2024-11-03 05:45,4,1,3,0,0,0
2024-11-03 06:00,2,1,1,0,0,0
2024-11-03 06:15,4,1,3,0,0,0
2024-11-03 06:30,8,4,4,0,0,0
2024-11-03 06:45,3,2,1,0,0,0
2024-11-03 07:00,5,2,3,0,0,0
2024-11-03 07:15,4,3,1,0,0,0
2024-11-03 07:30,7,5,2,0,0,0
2024-11-03 07:45,8,6,2,0,0,0
2024-11-03 08:00,9,6,3,0,0,0
2024-11-03 08:15,5,2,3,0,0,0
2024-11-03 08:30,12,7,5,0,0,0
2024-11-03 08:45,21,12,9,0,0,0
2024-11-03 09:00,21,15,6,0,0,0
2024-11-03 09:15,10,7,3,0,0,0
2024-11-03 09:30,31,16,15,0,0,0
2024-11-03 09:45,54,35,19,0,0,0
2024-11-03 10:00,31,15,16,0,0,0
2024-11-03 10:15,43,22,21,0,0,0
2024-11-03 10:30,40,20,20,0,0,0
2024-11-03 10:45,65,36,29,0,0,0
2024-11-03 11:00,47,29,18,0,0,0
2024-11-03 11:15,41,26,15,0,0,0
2024-11-03 11:30,58,22,36,0,0,0
2024-11-03 11:45,60,29,31,0,0,0
2024-11-03 12:00,48,21,27,0,0,0
2024-11-03 12:15,70,40,30,0,0,0
2024-11-03 12:30,65,40,25,0,0,0
2024-11-03 12:45,57,32,25,0,0,0
2024-11-03 13:00,60,30,30,0,0,0
2024-11-03 13:15,85,41,44,0,0,0
2024-11-03 13:30,70,36,34,0,0,0
2024-11-03 13:45,84,47,37,0,0,0
2024-11-03 14:00,67,39,28,0,0,0
2024-11-03 14:15,79,37,42,0,0,0
2024-11-03 14:30,70,30,40,0,0,0
2024-11-03 14:45,93,48,45,0,0,0
2024-11-03 15:00,96,50,46,0,0,0
2024-11-03 15:15,88,41,47,0,0,0
2024-11-03 15:30,67,31,36,0,0,0
2024-11-03 15:45,100,47,53,0,0,0
2024-11-03 16:00,80,36,44,0,0,0
2024-11-03 16:15,94,49,45,0,0,0
2024-11-03 16:30,95,37,58,0,0,0
2024-11-03 16:45,89,32,57,0,0,0
2024-11-03 17:00,73,26,47,0,0,0
2024-11-03 17:15,85,26,59,0,0,0
2024-11-03 17:30,75,29,46,0,0,0
2024-11-03 17:45,96,34,62,0,0,0
2024-11-03 18:00,65,28,37,0,0,0
2024-11-03 18:15,71,35,36,0,0,0
2024-11-03 18:30,60,29,31,0,0,0
2024-11-03 18:45,54,27,27,0,0,0
2024-11-03 19:00,47,16,31,0,0,0
2024-11-03 19:15,41,14,27,0,0,0
2024-11-03 19:30,40,16,24,0,0,0
2024-11-03 19:45,51,21,30,0,0,0
2024-11-03 20:00,42,13,29,0,0,0
2024-11-03 20:15,35,15,20,0,0,0
2024-11-03 20:30,32,15,17,0,0,0
2024-11-03 20:45,30,13,17,0,0,0
2024-11-03 21:00,24,5,19,0,0,0
2024-11-03 21:15,26,12,14,0,0,0
2024-11-03 21:30,15,4,11,0,0,0
2024-11-03 21:45,29,13,16,0,0,0
2024-11-03 22:00,19,4,15,0,0,0
2024-11-03 22:15,22,9,13,0,0,0
2024-11-03 22:30,23,3,20,0,0,0
2024-11-03 22:45,18,5,13,0,0,0
2024-11-03 23:00,8,2,6,0,0,0
2024-11-03 23:15,7,1,6,0,0,0
2024-11-03 23:30,7,2,5,0,0,0
2024-11-03 23:45,4,0,4,0,0,0
2024-11-04 00:00,2,1,1,0,0,0
2024-11-04 00:15,0,0,0,0,0,0
2024-11-04 00:30,2,1,1,0,0,0
2024-11-04 00:45,2,1,1,0,0,0
2024-11-04 01:00,4,2,2,0,0,0
2024-11-04 01:15,0,0,0,0,0,0
2024-11-04 01:30,1,0,1,0,0,0
2024-11-04 01:45,4,1,3,0,0,0
2024-11-04 02:00,2,2,0,0,0,0
2024-11-04 02:15,0,0,0,0,0,0
2024-11-04 02:30,0,0,0,0,0,0
2024-11-04 02:45,0,0,0,0,0,0
2024-11-04 03:00,0,0,0,0,0,0
2024-11-04 03:15,0,0,0,0,0,0
2024-11-04 03:30,0,0,0,0,0,0
2024-11-04 03:45,0,0,0,0,0,0
2024-11-04 04:00,3,3,0,0,0,0
2024-11-04 04:15,1,1,0,0,0,0
2024-11-04 04:30,2,0,2,0,0,0
2024-11-04 04:45,3,2,1,0,0,0
2024-11-04 05:00,5,5,0,0,0,0
2024-11-04 05:15,8,3,5,0,0,0
2024-11-04 05:30,14,5,9,0,0,0
2024-11-04 05:45,5,4,1,0,0,0
2024-11-04 06:00,27,17,10,0,0,0
2024-11-04 06:15,40,36,4,0,0,0
2024-11-04 06:30,46,37,9,0,0,0
2024-11-04 06:45,68,44,24,0,0,0
2024-11-04 07:00,84,51,33,0,0,0
2024-11-04 07:15,149,95,54,0,0,0
2024-11-04 07:30,163,111,52,0,0,0
2024-11-04 07:45,235,159,76,0,0,0
2024-11-04 08:00,182,125,57,0,0,0
2024-11-04 08:15,177,121,56,0,0,0
2024-11-04 08:30,144,85,59,0,0,0
2024-11-04 08:45,183,107,76,0,0,0
2024-11-04 09:00,96,63,33,0,0,0
2024-11-04 09:15,96,60,36,0,0,0
2024-11-04 09:30,123,69,54,0,0,0
2024-11-04 09:45,155,113,42,0,0,0
2024-11-04 10:00,97,63,34,0,0,0
2024-11-04 10:15,98,61,37,0,0,0
2024-11-04 10:30,112,68,44,0,0,0
2024-11-04 10:45,111,58,53,0,0,0
2024-11-04 11:00,110,46,64,0,0,0
2024-11-04 11:15,128,59,69,0,0,0
2024-11-04 11:30,130,59,71,0,0,0
2024-11-04 11:45,150,87,63,0,0,0
2024-11-04 12:00,179,87,92,0,0,0
2024-11-04 12:15,144,69,75,0,0,0
2024-11-04 12:30,158,61,97,0,0,0
2024-11-04 12:45,154,74,80,0,0,0
2024-11-04 13:00,118,52,66,0,0,0
2024-11-04 13:15,165,66,99,0,0,0
2024-11-04 13:30,139,67,72,0,0,0
2024-11-04 13:45,150,68,82,0,0,0
2024-11-04 14:00,174,70,104,0,0,0
2024-11-04 14:15,169,80,89,0,0,0
2024-11-04 14:30,207,98,109,0,0,0
2024-11-04 14:45,166,75,91,0,0,0
2024-11-04 15:00,138,67,71,0,0,0
2024-11-04 15:15,171,82,89,0,0,0
2024-11-04 15:30,171,73,98,0,0,0
2024-11-04 15:45,228,95,133,0,0,0
2024-11-04 16:00,208,84,124,0,0,0
2024-11-04 16:15,221,68,153,0,0,0
2024-11-04 16:30,212,87,125,0,0,0
2024-11-04 16:45,184,83,101,0,0,0
2024-11-04 17:00,189,74,115,0,0,0
2024-11-04 17:15,223,88,135,0,0,0
2024-11-04 17:30,200,83,117,0,0,0
2024-11-04 17:45,216,74,142,0,0,0
2024-11-04 18:00,179,61,118,0,0,0
2024-11-04 18:15,170,58,112,0,0,0
2024-11-04 18:30,134,48,86,0,0,0
2024-11-04 18:45,140,51,89,0,0,0
2024-11-04 19:00,103,34,69,0,0,0
2024-11-04 19:15,93,35,58,0,0,0
2024-11-04 19:30,85,33,52,0,0,0
2024-11-04 19:45,96,34,62,0,0,0
2024-11-04 20:00,83,23,60,0,0,0
2024-11-04 20:15,68,24,44,0,0,0
2024-11-04 20:30,45,24,21,0,0,0
2024-11-04 20:45,55,19,36,0,0,0
2024-11-04 21:00,62,14,48,0,0,0
2024-11-04 21:15,64,26,38,0,0,0
2024-11-04 21:30,42,14,28,0,0,0
2024-11-04 21:45,47,19,28,0,0,0
2024-11-04 22:00,57,13,44,0,0,0
2024-11-04 22:15,52,15,37,0,0,0
2024-11-04 22:30,21,8,13,0,0,0
2024-11-04 22:45,34,18,16,0,0,0
2024-11-04 23:00,24,6,18,0,0,0
2024-11-04 23:15,15,8,7,0,0,0
2024-11-04 23:30,19,5,14,0,0,0
2024-11-04 23:45,10,2,8,0,0,0
2024-11-05 00:00,5,3,2,0,0,0
2024-11-05 00:15,6,1,5,0,0,0
2024-11-05 00:30,8,6,2,0,0,0
2024-11-05 00:45,6,1,5,0,0,0
2024-11-05 01:00,2,0,2,0,0,0
2024-11-05 01:15,2,0,2,0,0,0
2024-11-05 01:30,2,1,1,0,0,0
2024-11-05 01:45,2,0,2,0,0,0
2024-11-05 02:00,0,0,0,0,0,0
2024-11-05 02:15,2,0,2,0,0,0
2024-11-05 02:30,0,0,0,0,0,0
2024-11-05 02:45,2,0,2,0,0,0
2024-11-05 03:00,0,0,0,0,0,0
2024-11-05 03:15,0,0,0,0,0,0
2024-11-05 03:30,0,0,0,0,0,0
2024-11-05 03:45,1,1,0,0,0,0
2024-11-05 04:00,2,1,1,0,0,0
2024-11-05 04:15,3,1,2,0,0,0
2024-11-05 04:30,6,3,3,0,0,0
2024-11-05 04:45,3,2,1,0,0,0
2024-11-05 05:00,4,4,0,0,0,0
2024-11-05 05:15,11,5,6,0,0,0
2024-11-05 05:30,14,7,7,0,0,0
2024-11-05 05:45,17,12,5,0,0,0
2024-11-05 06:00,28,16,12,0,0,0
2024-11-05 06:15,42,33,9,0,0,0
2024-11-05 06:30,43,35,8,0,0,0
2024-11-05 06:45,81,57,24,0,0,0
2024-11-05 07:00,94,61,33,0,0,0
2024-11-05 07:15,128,91,37,0,0,0
2024-11-05 07:30,210,123,87,0,0,0
2024-11-05 07:45,237,152,85,0,0,0
2024-11-05 08:00,183,134,49,0,0,0
2024-11-05 08:15,205,133,72,0,0,0
2024-11-05 08:30,152,107,45,0,0,0
2024-11-05 08:45,173,105,68,0,0,0
2024-11-05 09:00,121,79,42,0,0,0
2024-11-05 09:15,111,71,40,0,0,0
2024-11-05 09:30,117,64,53,0,0,0
2024-11-05 09:45,169,115,54,0,0,0
2024-11-05 10:00,123,76,47,0,0,0
2024-11-05 10:15,97,48,49,0,0,0
2024-11-05 10:30,98,54,44,0,0,0
2024-11-05 10:45,115,67,48,0,0,0
2024-11-05 11:00,109,70,39,0,0,0
2024-11-05 11:15,125,65,60,0,0,0
2024-11-05 11:30,114,56,58,0,0,0
2024-11-05 11:45,168,82,86,0,0,0
2024-11-05 12:00,124,51,73,0,0,0
2024-11-05 12:15,143,63,80,0,0,0
2024-11-05 12:30,132,55,77,0,0,0
2024-11-05 12:45,159,67,92,0,0,0
2024-11-05 13:00,179,75,104,0,0,0
2024-11-05 13:15,138,61,77,0,0,0
2024-11-05 13:30,143,55,88,0,0,0
2024-11-05 13:45,189,104,85,0,0,0
2024-11-05 14:00,168,61,107,0,0,0
2024-11-05 14:15,162,68,94,0,0,0
2024-11-05 14:30,158,68,90,0,0,0
2024-11-05 14:45,196,87,109,0,0,0
2024-11-05 15:00,182,81,101,0,0,0
2024-11-05 15:15,209,89,120,0,0,0
2024-11-05 15:30,169,67,102,0,0,0
2024-11-05 15:45,232,92,140,0,0,0
2024-11-05 16:00,229,104,125,0,0,0
2024-11-05 16:15,239,96,143,0,0,0
2024-11-05 16:30,200,85,115,0,0,0
2024-11-05 16:45,213,90,123,0,0,0
2024-11-05 17:00,203,79,124,0,0,0
2024-11-05 17:15,229,93,136,0,0,0
2024-11-05 17:30,183,70,113,0,0,0
2024-11-05 17:45,227,94,133,0,0,0
2024-11-05 18:00,204,78,126,0,0,0
2024-11-05 18:15,181,62,119,0,0,0
2024-11-05 18:30,119,44,75,0,0,0
2024-11-05 18:45,168,68,100,0,0,0
2024-11-05 19:00,120,47,73,0,0,0
2024-11-05 19:15,135,46,89,0,0,0
2024-11-05 19:30,115,39,76,0,0,0
2024-11-05 19:45,129,35,94,0,0,0
2024-11-05 20:00,81,34,47,0,0,0
2024-11-05 20:15,88,32,56,0,0,0
2024-11-05 20:30,48,21,27,0,0,0
2024-11-05 20:45,60,13,47,0,0,0
2024-11-05 21:00,60,12,48,0,0,0
2024-11-05 21:15,60,22,38,0,0,0
2024-11-05 21:30,76,22,54,0,0,0
2024-11-05 21:45,57,18,39,0,0,0
2024-11-05 22:00,66,13,53,0,0,0
2024-11-05 22:15,66,21,45,0,0,0
2024-11-05 22:30,49,15,34,0,0,0
2024-11-05 22:45,41,15,26,0,0,0
2024-11-05 23:00,34,10,24,0,0,0
2024-11-05 23:15,28,10,18,0,0,0
2024-11-05 23:30,19,4,15,0,0,0
2024-11-05 23:45,9,4,5,0,0,0
2024-11-06 00:00,10,5,5,0,0,0
2024-11-06 00:15,10,2,8,0,0,0
2024-11-06 00:30,6,4,2,0,0,0
2024-11-06 00:45,7,2,5,0,0,0
2024-11-06 01:00,5,2,3,0,0,0
2024-11-06 01:15,5,2,3,0,0,0
2024-11-06 01:30,8,3,5,0,0,0
2024-11-06 01:45,6,1,5,0,0,0
2024-11-06 02:00,2,0,2,0,0,0
2024-11-06 02:15,2,0,2,0,0,0
2024-11-06 02:30,1,1,0,0,0,0
2024-11-06 02:45,1,1,0,0,0,0
2024-11-06 03:00,0,0,0,0,0,0
2024-11-06 03:15,2,1,1,0,0,0
2024-11-06 03:30,2,2,0,0,0,0
2024-11-06 03:45,1,1,0,0,0,0
2024-11-06 04:00,2,0,2,0,0,0
2024-11-06 04:15,3,3,0,0,0,0
2024-11-06 04:30,2,0,2,0,0,0
2024-11-06 04:45,6,5,1,0,0,0
2024-11-06 05:00,5,4,1,0,0,0
2024-11-06 05:15,11,6,5,0,0,0
2024-11-06 05:30,23,11,12,0,0,0
2024-11-06 05:45,10,7,3,0,0,0
2024-11-06 06:00,26,20,6,0,0,0
2024-11-06 06:15,45,37,8,0,0,0
2024-11-06 06:30,41,34,7,0,0,0
2024-11-06 06:45,81,48,33,0,0,0
2024-11-06 07:00,90,50,40,0,0,0
2024-11-06 07:15,127,86,41,0,0,0
2024-11-06 07:30,177,104,73,0,0,0
2024-11-06 07:45,222,155,67,0,0,0
2024-11-06 08:00,199,128,71,0,0,0
2024-11-06 08:15,204,131,73,0,0,0
2024-11-06 08:30,170,117,53,0,0,0
2024-11-06 08:45,158,102,56,0,0,0
2024-11-06 09:00,120,77,43,0,0,0
2024-11-06 09:15,128,87,41,0,0,0
2024-11-06 09:30,107,79,28,0,0,0
2024-11-06 09:45,156,115,41,0,0,0
2024-11-06 10:00,118,77,41,0,0,0
2024-11-06 10:15,111,65,46,0,0,0
2024-11-06 10:30,92,58,34,0,0,0
2024-11-06 10:45,133,87,46,0,0,0
2024-11-06 11:00,88,48,40,0,0,0
2024-11-06 11:15,120,59,61,0,0,0
2024-11-06 11:30,124,57,67,0,0,0
2024-11-06 11:45,163,85,78,0,0,0
2024-11-06 12:00,146,69,77,0,0,0
2024-11-06 12:15,163,75,88,0,0,0
2024-11-06 12:30,158,69,89,0,0,0
2024-11-06 12:45,161,75,86,0,0,0
2024-11-06 13:00,156,68,88,0,0,0
2024-11-06 13:15,146,62,84,0,0,0
2024-11-06 13:30,128,57,71,0,0,0
2024-11-06 13:45,192,82,110,0,0,0
2024-11-06 14:00,188,73,115,0,0,0
2024-11-06 14:15,185,75,110,0,0,0
2024-11-06 14:30,168,69,99,0,0,0
2024-11-06 14:45,191,99,92,0,0,0
2024-11-06 15:00,161,78,83,0,0,0
2024-11-06 15:15,147,55,92,0,0,0
2024-11-06 15:30,182,72,110,0,0,0
2024-11-06 15:45,199,81,118,0,0,0
2024-11-06 16:00,223,83,140,0,0,0
2024-11-06 16:15,171,75,96,0,0,0
2024-11-06 16:30,196,95,101,0,0,0
2024-11-06 16:45,219,91,128,0,0,0
2024-11-06 17:00,197,66,131,0,0,0
2024-11-06 17:15,185,59,126,0,0,0
2024-11-06 17:30,186,73,113,0,0,0
2024-11-06 17:45,176,79,97,0,0,0
2024-11-06 18:00,199,67,132,0,0,0
2024-11-06 18:15,157,62,95,0,0,0
2024-11-06 18:30,125,44,81,0,0,0
2024-11-06 18:45,144,62,82,0,0,0
2024-11-06 19:00,111,42,69,0,0,0
2024-11-06 19:15,117,55,62,0,0,0
2024-11-06 19:30,110,40,70,0,0,0
2024-11-06 19:45,97,30,67,0,0,0
2024-11-06 20:00,99,38,61,0,0,0
2024-11-06 20:15,100,43,57,0,0,0
2024-11-06 20:30,75,33,42,0,0,0
2024-11-06 20:45,74,24,50,0,0,0
2024-11-06 21:00,63,19,44,0,0,0
2024-11-06 21:15,57,15,42,0,0,0
2024-11-06 21:30,54,18,36,0,0,0
2024-11-06 21:45,71,27,44,0,0,0
2024-11-06 22:00,66,21,45,0,0,0
2024-11-06 22:15,59,20,39,0,0,0
2024-11-06 22:30,63,23,40,0,0,0
2024-11-06 22:45,48,11,37,0,0,0
2024-11-06 23:00,35,20,15,0,0,0
2024-11-06 23:15,30,12,18,0,0,0
2024-11-06 23:30,19,4,15,0,0,0
2024-11-06 23:45,18,14,4,0,0,0
2024-11-07 00:00,33,19,14,0,0,0
2024-11-07 00:15,16,4,12,0,0,0
2024-11-07 00:30,8,3,5,0,0,0
2024-11-07 00:45,8,2,6,0,0,0
2024-11-07 01:00,8,2,6,0,0,0
2024-11-07 01:15,7,0,7,0,0,0
2024-11-07 01:30,7,0,7,0,0,0
2024-11-07 01:45,12,0,12,0,0,0
2024-11-07 02:00,5,2,3,0,0,0
2024-11-07 02:15,13,2,11,0,0,0
2024-11-07 02:30,10,0,10,0,0,0
2024-11-07 02:45,4,1,3,0,0,0
2024-11-07 03:00,5,0,5,0,0,0
2024-11-07 03:15,4,0,4,0,0,0
2024-11-07 03:30,6,0,6,0,0,0
2024-11-07 03:45,8,2,6,0,0,0
2024-11-07 04:00,2,1,1,0,0,0
2024-11-07 04:15,2,1,1,0,0,0
2024-11-07 04:30,5,0,5,0,0,0
2024-11-07 04:45,5,5,0,0,0,0
2024-11-07 05:00,10,3,7,0,0,0
2024-11-07 05:15,13,10,3,0,0,0
2024-11-07 05:30,14,6,8,0,0,0
2024-11-07 05:45,17,10,7,0,0,0
2024-11-07 06:00,17,10,7,0,0,0
2024-11-07 06:15,42,36,6,0,0,0
2024-11-07 06:30,58,38,20,0,0,0
2024-11-07 06:45,71,42,29,0,0,0
2024-11-07 07:00,86,57,29,0,0,0
2024-11-07 07:15,108,66,42,0,0,0
2024-11-07 07:30,181,119,62,0,0,0
2024-11-07 07:45,217,149,68,0,0,0
2024-11-07 08:00,184,125,59,0,0,0
2024-11-07 08:15,163,117,46,0,0,0
2024-11-07 08:30,136,84,52,0,0,0
2024-11-07 08:45,138,97,41,0,0,0
2024-11-07 09:00,113,79,34,0,0,0
2024-11-07 09:15,108,70,38,0,0,0
2024-11-07 09:30,107,70,37,0,0,0
2024-11-07 09:45,164,113,51,0,0,0
2024-11-07 10:00,120,78,42,0,0,0
2024-11-07 10:15,94,57,37,0,0,0
2024-11-07 10:30,112,62,50,0,0,0
2024-11-07 10:45,120,73,47,0,0,0
2024-11-07 11:00,108,54,54,0,0,0
2024-11-07 11:15,113,54,59,0,0,0
2024-11-07 11:30,91,42,49,0,0,0
2024-11-07 11:45,136,73,63,0,0,0
2024-11-07 12:00,143,68,75,0,0,0
2024-11-07 12:15,135,68,67,0,0,0
2024-11-07 12:30,126,56,70,0,0,0
2024-11-07 12:45,129,58,71,0,0,0
2024-11-07 13:00,143,62,81,0,0,0
2024-11-07 13:15,127,49,78,0,0,0
2024-11-07 13:30,119,46,73,0,0,0
2024-11-07 13:45,175,82,93,0,0,0
2024-11-07 14:00,127,63,64,0,0,0
2024-11-07 14:15,158,76,82,0,0,0
2024-11-07 14:30,151,61,90,0,0,0
2024-11-07 14:45,168,79,89,0,0,0
2024-11-07 15:00,153,63,90,0,0,0
2024-11-07 15:15,147,72,75,0,0,0
2024-11-07 15:30,194,81,113,0,0,0
2024-11-07 15:45,242,103,139,0,0,0
2024-11-07 16:00,217,87,130,0,0,0
2024-11-07 16:15,185,73,112,0,0,0
2024-11-07 16:30,179,78,101,0,0,0
2024-11-07 16:45,193,87,106,0,0,0
2024-11-07 17:00,202,81,121,0,0,0
2024-11-07 17:15,190,66,124,0,0,0
2024-11-07 17:30,157,50,107,0,0,0
2024-11-07 17:45,210,85,125,0,0,0
2024-11-07 18:00,171,52,119,0,0,0
2024-11-07 18:15,217,68,149,0,0,0
2024-11-07 18:30,154,52,102,0,0,0
2024-11-07 18:45,150,61,89,0,0,0
2024-11-07 19:00,117,49,68,0,0,0
2024-11-07 19:15,125,48,77,0,0,0
2024-11-07 19:30,108,36,72,0,0,0
2024-11-07 19:45,87,34,53,0,0,0
2024-11-07 20:00,100,32,68,0,0,0
2024-11-07 20:15,77,26,51,0,0,0
2024-11-07 20:30,55,26,29,0,0,0
2024-11-07 20:45,50,14,36,0,0,0
2024-11-07 21:00,46,15,31,0,0,0
2024-11-07 21:15,61,26,35,0,0,0
2024-11-07 21:30,57,15,42,0,0,0
2024-11-07 21:45,57,22,35,0,0,0
2024-11-07 22:00,72,21,51,0,0,0
2024-11-07 22:15,64,25,39,0,0,0
2024-11-07 22:30,51,9,42,0,0,0
2024-11-07 22:45,61,18,43,0,0,0
2024-11-07 23:00,53,17,36,0,0,0
2024-11-07 23:15,36,18,18,0,0,0
2024-11-07 23:30,28,13,15,0,0,0
2024-11-07 23:45,17,9,8,0,0,0
2024-11-08 00:00,12,6,6,0,0,0
2024-11-08 00:15,18,2,16,0,0,0
2024-11-08 00:30,7,1,6,0,0,0
2024-11-08 00:45,2,0,2,0,0,0
2024-11-08 01:00,3,0,3,0,0,0
2024-11-08 01:15,11,3,8,0,0,0
2024-11-08 01:30,7,0,7,0,0,0
2024-11-08 01:45,5,0,5,0,0,0
2024-11-08 02:00,0,0,0,0,0,0
2024-11-08 02:15,6,0,6,0,0,0
2024-11-08 02:30,2,0,2,0,0,0
2024-11-08 02:45,2,0,2,0,0,0
2024-11-08 03:00,0,0,0,0,0,0
2024-11-08 03:15,1,0,1,0,0,0
2024-11-08 03:30,4,2,2,0,0,0
2024-11-08 03:45,2,1,1,0,0,0
2024-11-08 04:00,1,1,0,0,0,0
2024-11-08 04:15,1,1,0,0,0,0
2024-11-08 04:30,5,1,4,0,0,0
2024-11-08 04:45,5,5,0,0,0,0
2024-11-08 05:00,6,3,3,0,0,0
2024-11-08 05:15,8,6,2,0,0,0
2024-11-08 05:30,16,11,5,0,0,0
2024-11-08 05:45,11,7,4,0,0,0
2024-11-08 06:00,23,13,10,0,0,0
2024-11-08 06:15,33,26,7,0,0,0
2024-11-08 06:30,35,28,7,0,0,0
2024-11-08 06:45,63,38,25,0,0,0
2024-11-08 07:00,67,31,36,0,0,0
2024-11-08 07:15,99,70,29,0,0,0
2024-11-08 07:30,159,95,64,0,0,0
2024-11-08 07:45,201,126,75,0,0,0
2024-11-08 08:00,178,134,44,0,0,0
2024-11-08 08:15,148,101,47,0,0,0
2024-11-08 08:30,115,80,35,0,0,0
2024-11-08 08:45,117,79,38,0,0,0
2024-11-08 09:00,112,77,35,0,0,0
2024-11-08 09:15,124,79,45,0,0,0
2024-11-08 09:30,96,62,34,0,0,0
2024-11-08 09:45,149,110,39,0,0,0
2024-11-08 10:00,87,51,36,0,0,0
2024-11-08 10:15,94,49,45,0,0,0
2024-11-08 10:30,87,57,30,0,0,0
2024-11-08 10:45,111,66,45,0,0,0
2024-11-08 11:00,92,43,49,0,0,0
2024-11-08 11:15,114,60,54,0,0,0
2024-11-08 11:30,118,60,58,0,0,0
2024-11-08 11:45,138,61,77,0,0,0
2024-11-08 12:00,132,55,77,0,0,0
2024-11-08 12:15,141,64,77,0,0,0
2024-11-08 12:30,127,60,67,0,0,0
2024-11-08 12:45,192,80,112,0,0,0
2024-11-08 13:00,162,63,99,0,0,0
2024-11-08 13:15,156,55,101,0,0,0
2024-11-08 13:30,148,61,87,0,0,0
2024-11-08 13:45,150,59,91,0,0,0
2024-11-08 14:00,176,71,105,0,0,0
2024-11-08 14:15,162,62,100,0,0,0
2024-11-08 14:30,165,75,90,0,0,0
2024-11-08 14:45,200,85,115,0,0,0
2024-11-08 15:00,156,70,86,0,0,0
2024-11-08 15:15,179,68,111,0,0,0
2024-11-08 15:30,174,76,98,0,0,0
2024-11-08 15:45,193,68,125,0,0,0
2024-11-08 16:00,156,55,101,0,0,0
2024-11-08 16:15,181,83,98,0,0,0
2024-11-08 16:30,167,68,99,0,0,0
2024-11-08 16:45,162,64,98,0,0,0
2024-11-08 17:00,136,41,95,0,0,0
2024-11-08 17:15,162,73,89,0,0,0
2024-11-08 17:30,147,49,98,0,0,0
2024-11-08 17:45,138,56,82,0,0,0
2024-11-08 18:00,137,51,86,0,0,0
2024-11-08 18:15,139,61,78,0,0,0
2024-11-08 18:30,131,58,73,0,0,0
2024-11-08 18:45,147,66,81,0,0,0
2024-11-08 19:00,131,54,77,0,0,0
2024-11-08 19:15,124,56,68,0,0,0
2024-11-08 19:30,101,51,50,0,0,0
2024-11-08 19:45,105,43,62,0,0,0
2024-11-08 20:00,81,49,32,0,0,0
2024-11-08 20:15,71,28,43,0,0,0
2024-11-08 20:30,70,28,42,0,0,0
2024-11-08 20:45,69,29,40,0,0,0
2024-11-08 21:00,62,20,42,0,0,0
2024-11-08 21:15,59,29,30,0,0,0
2024-11-08 21:30,40,16,24,0,0,0
2024-11-08 21:45,30,6,24,0,0,0
2024-11-08 22:00,70,21,49,0,0,0
2024-11-08 22:15,59,16,43,0,0,0
2024-11-08 22:30,54,17,37,0,0,0
2024-11-08 22:45,44,17,27,0,0,0
2024-11-08 23:00,60,22,38,0,0,0
2024-11-08 23:15,46,12,34,0,0,0
2024-11-08 23:30,53,19,34,0,0,0
2024-11-08 23:45,38,10,28,0,0,0
2024-11-09 00:00,74,28,46,0,0,0
2024-11-09 00:15,36,10,26,0,0,0
2024-11-09 00:30,21,9,12,0,0,0
2024-11-09 00:45,27,6,21,0,0,0
2024-11-09 01:00,27,5,22,0,0,0
2024-11-09 01:15,18,8,10,0,0,0
2024-11-09 01:30,13,2,11,0,0,0
2024-11-09 01:45,7,4,3,0,0,0
2024-11-09 02:00,19,4,15,0,0,0
2024-11-09 02:15,17,1,16,0,0,0
2024-11-09 02:30,14,4,10,0,0,0
2024-11-09 02:45,4,1,3,0,0,0
2024-11-09 03:00,14,5,9,0,0,0
2024-11-09 03:15,7,2,5,0,0,0
2024-11-09 03:30,10,2,8,0,0,0
2024-11-09 03:45,2,1,1,0,0,0
2024-11-09 04:00,3,1,2,0,0,0
2024-11-09 04:15,0,0,0,0,0,0
2024-11-09 04:30,7,2,5,0,0,0
2024-11-09 04:45,0,0,0,0,0,0
2024-11-09 05:00,3,1,2,0,0,0
2024-11-09 05:15,7,3,4,0,0,0
2024-11-09 05:30,4,3,1,0,0,0
2024-11-09 05:45,10,5,5,0,0,0
2024-11-09 06:00,7,5,2,0,0,0
2024-11-09 06:15,7,6,1,0,0,0
2024-11-09 06:30,7,5,2,0,0,0
2024-11-09 06:45,13,7,6,0,0,0
2024-11-09 07:00,15,9,6,0,0,0
2024-11-09 07:15,10,4,6,0,0,0
2024-11-09 07:30,20,13,7,0,0,0
2024-11-09 07:45,37,21,16,0,0,0
2024-11-09 08:00,38,28,10,0,0,0
2024-11-09 08:15,32,18,14,0,0,0
2024-11-09 08:30,50,34,16,0,0,0
2024-11-09 08:45,68,47,21,0,0,0
2024-11-09 09:00,63,45,18,0,0,0
2024-11-09 09:15,72,58,14,0,0,0
2024-11-09 09:30,85,58,27,0,0,0
2024-11-09 09:45,131,88,43,0,0,0
2024-11-09 10:00,95,66,29,0,0,0
2024-11-09 10:15,131,88,43,0,0,0
2024-11-09 10:30,109,79,30,0,0,0
2024-11-09 10:45,141,83,58,0,0,0
2024-11-09 11:00,147,94,53,0,0,0
2024-11-09 11:15,126,69,57,0,0,0
2024-11-09 11:30,150,93,57,0,0,0
2024-11-09 11:45,135,84,51,0,0,0
2024-11-09 12:00,157,84,73,0,0,0
2024-11-09 12:15,160,81,79,0,0,0
2024-11-09 12:30,164,90,74,0,0,0
2024-11-09 12:45,168,83,85,0,0,0
2024-11-09 13:00,170,88,82,0,0,0
2024-11-09 13:15,163,80,83,0,0,0
2024-11-09 13:30,150,76,74,0,0,0
2024-11-09 13:45,168,79,89,0,0,0
2024-11-09 14:00,157,84,73,0,0,0
2024-11-09 14:15,181,88,93,0,0,0
2024-11-09 14:30,134,60,74,0,0,0
2024-11-09 14:45,178,82,96,0,0,0
2024-11-09 15:00,145,52,93,0,0,0
2024-11-09 15:15,156,58,98,0,0,0
2024-11-09 15:30,152,46,106,0,0,0
2024-11-09 15:45,121,49,72,0,0,0
2024-11-09 16:00,101,50,51,0,0,0
2024-11-09 16:15,123,46,77,0,0,0
2024-11-09 16:30,135,60,75,0,0,0
2024-11-09 16:45,125,45,80,0,0,0
2024-11-09 17:00,92,34,58,0,0,0
2024-11-09 17:15,115,43,72,0,0,0
2024-11-09 17:30,117,34,83,0,0,0
2024-11-09 17:45,120,56,64,0,0,0
2024-11-09 18:00,110,31,79,0,0,0
2024-11-09 18:15,117,30,87,0,0,0
2024-11-09 18:30,93,51,42,0,0,0
2024-11-09 18:45,93,44,49,0,0,0
2024-11-09 19:00,102,55,47,0,0,0
2024-11-09 19:15,80,32,48,0,0,0
2024-11-09 19:30,73,25,48,0,0,0
2024-11-09 19:45,87,44,43,0,0,0
2024-11-09 20:00,82,12,70,0,0,0
2024-11-09 20:15,81,29,52,0,0,0
2024-11-09 20:30,60,22,38,0,0,0
2024-11-09 20:45,56,24,32,0,0,0
2024-11-09 21:00,58,35,23,0,0,0
2024-11-09 21:15,48,17,31,0,0,0
2024-11-09 21:30,30,16,14,0,0,0
2024-11-09 21:45,48,25,23,0,0,0
2024-11-09 22:00,38,17,21,0,0,0
2024-11-09 22:15,54,16,38,0,0,0
2024-11-09 22:30,34,10,24,0,0,0
2024-11-09 22:45,50,10,40,0,0,0
2024-11-09 23:00,61,16,45,0,0,0
2024-11-09 23:15,46,15,31,0,0,0
2024-11-09 23:30,42,18,24,0,0,0
2024-11-09 23:45,37,16,21,0,0,0
2024-11-10 00:00,28,6,22,0,0,0
2024-11-10 00:15,42,13,29,0,0,0
2024-11-10 00:30,25,6,19,0,0,0
2024-11-10 00:45,41,15,26,0,0,0
2024-11-10 01:00,25,11,14,0,0,0
2024-11-10 01:15,46,24,22,0,0,0
2024-11-10 01:30,24,8,16,0,0,0
2024-11-10 01:45,16,1,15,0,0,0
2024-11-10 02:00,17,10,7,0,0,0
2024-11-10 02:15,28,11,17,0,0,0
2024-11-10 02:30,20,10,10,0,0,0
2024-11-10 02:45,6,0,6,0,0,0
2024-11-10 03:00,17,5,12,0,0,0
2024-11-10 03:15,4,3,1,0,0,0
2024-11-10 03:30,12,5,7,0,0,0
2024-11-10 03:45,15,4,11,0,0,0
2024-11-10 04:00,9,1,8,0,0,0
2024-11-10 04:15,3,0,3,0,0,0
2024-11-10 04:30,2,1,1,0,0,0
2024-11-10 04:45,2,0,2,0,0,0
2024-11-10 05:00,4,0,4,0,0,0
2024-11-10 05:15,5,3,2,0,0,0
2024-11-10 05:30,9,4,5,0,0,0
2024-11-10 05:45,7,5,2,0,0,0
2024-11-10 06:00,2,2,0,0,0,0
2024-11-10 06:15,2,1,1,0,0,0
2024-11-10 06:30,2,1,1,0,0,0
2024-11-10 06:45,3,3,0,0,0,0
2024-11-10 07:00,1,1,0,0,0,0
2024-11-10 07:15,3,2,1,0,0,0
2024-11-10 07:30,7,0,7,0,0,0
2024-11-10 07:45,16,7,9,0,0,0
2024-11-10 08:00,7,2,5,0,0,0
2024-11-10 08:15,12,7,5,0,0,0
2024-11-10 08:30,6,2,4,0,0,0
2024-11-10 08:45,22,18,4,0,0,0
2024-11-10 09:00,11,4,7,0,0,0
2024-11-10 09:15,27,17,10,0,0,0
2024-11-10 09:30,54,33,21,0,0,0
2024-11-10 09:45,46,27,19,0,0,0
2024-11-10 10:00,36,23,13,0,0,0
2024-11-10 10:15,50,32,18,0,0,0
2024-11-10 10:30,50,24,26,0,0,0
2024-11-10 10:45,61,40,21,0,0,0
2024-11-10 11:00,39,25,14,0,0,0
2024-11-10 11:15,37,16,21,0,0,0
2024-11-10 11:30,53,32,21,0,0,0
2024-11-10 11:45,50,24,26,0,0,0
2024-11-10 12:00,50,25,25,0,0,0
2024-11-10 12:15,65,36,29,0,0,0
2024-11-10 12:30,71,35,36,0,0,0
2024-11-10 12:45,67,39,28,0,0,0
2024-11-10 13:00,78,42,36,0,0,0
2024-11-10 13:15,74,37,37,0,0,0
2024-11-10 13:30,48,23,25,0,0,0
2024-11-10 13:45,65,31,34,0,0,0
2024-11-10 14:00,48,18,30,0,0,0
2024-11-10 14:15,77,37,40,0,0,0
2024-11-10 14:30,70,31,39,0,0,0
2024-11-10 14:45,75,41,34,0,0,0
2024-11-10 15:00,85,48,37,0,0,0
2024-11-10 15:15,95,44,51,0,0,0
2024-11-10 15:30,69,33,36,0,0,0
2024-11-10 15:45,75,33,42,0,0,0
2024-11-10 16:00,74,34,40,0,0,0
2024-11-10 16:15,67,30,37,0,0,0
2024-11-10 16:30,71,28,43,0,0,0
2024-11-10 16:45,91,30,61,0,0,0
2024-11-10 17:00,107,29,78,0,0,0
2024-11-10 17:15,114,21,93,0,0,0
2024-11-10 17:30,126,23,103,0,0,0
2024-11-10 17:45,64,33,31,0,0,0
2024-11-10 18:00,57,15,42,0,0,0
2024-11-10 18:15,45,13,32,0,0,0
2024-11-10 18:30,53,15,38,0,0,0
2024-11-10 18:45,44,22,22,0,0,0
2024-11-10 19:00,60,19,41,0,0,0
2024-11-10 19:15,49,18,31,0,0,0
2024-11-10 19:30,39,20,19,0,0,0
2024-11-10 19:45,46,27,19,0,0,0
2024-11-10 20:00,147,120,27,0,0,0
2024-11-10 20:15,53,31,22,0,0,0
2024-11-10 20:30,37,17,20,0,0,0
2024-11-10 20:45,29,13,16,0,0,0
2024-11-10 21:00,21,4,17,0,0,0
2024-11-10 21:15,33,11,22,0,0,0
2024-11-10 21:30,33,10,23,0,0,0
2024-11-10 21:45,26,6,20,0,0,0
2024-11-10 22:00,24,12,12,0,0,0
2024-11-10 22:15,22,2,20,0,0,0
2024-11-10 22:30,18,6,12,0,0,0
2024-11-10 22:45,10,5,5,0,0,0
2024-11-10 23:00,16,4,12,0,0,0
2024-11-10 23:15,5,3,2,0,0,0
2024-11-10 23:30,2,1,1,0,0,0
2024-11-10 23:45,3,1,2,0,0,0
2024-11-11 00:00,7,3,4,0,0,0
2024-11-11 00:15,4,0,4,0,0,0
2024-11-11 00:30,0,0,0,0,0,0
2024-11-11 00:45,2,0,2,0,0,0
2024-11-11 01:00,0,0,0,0,0,0
2024-11-11 01:15,1,1,0,0,0,0
2024-11-11 01:30,0,0,0,0,0,0
2024-11-11 01:45,3,1,2,0,0,0
2024-11-11 02:00,1,0,1,0,0,0
2024-11-11 02:15,1,1,0,0,0,0
2024-11-11 02:30,1,0,1,0,0,0
2024-11-11 02:45,0,0,0,0,0,0
2024-11-11 03:00,0,0,0,0,0,0
2024-11-11 03:15,0,0,0,0,0,0
2024-11-11 03:30,1,1,0,0,0,0
2024-11-11 03:45,1,1,0,0,0,0
2024-11-11 04:00,1,1,0,0,0,0
2024-11-11 04:15,0,0,0,0,0,0
2024-11-11 04:30,3,0,3,0,0,0
2024-11-11 04:45,5,4,1,0,0,0
2024-11-11 05:00,3,1,2,0,0,0
2024-11-11 05:15,6,3,3,0,0,0
2024-11-11 05:30,13,8,5,0,0,0
2024-11-11 05:45,16,8,8,0,0,0
2024-11-11 06:00,21,14,7,0,0,0
2024-11-11 06:15,23,20,3,0,0,0
2024-11-11 06:30,50,40,10,0,0,0
2024-11-11 06:45,67,45,22,0,0,0
2024-11-11 07:00,91,50,41,0,0,0
2024-11-11 07:15,109,70,39,0,0,0
2024-11-11 07:30,174,105,69,0,0,0
2024-11-11 07:45,190,137,53,0,0,0
2024-11-11 08:00,111,80,31,0,0,0
2024-11-11 08:15,124,83,41,0,0,0
2024-11-11 08:30,108,75,33,0,0,0
2024-11-11 08:45,108,70,38,0,0,0
2024-11-11 09:00,80,52,28,0,0,0
2024-11-11 09:15,68,43,25,0,0,0
2024-11-11 09:30,66,44,22,0,0,0
2024-11-11 09:45,118,77,41,0,0,0
2024-11-11 10:00,86,56,30,0,0,0
2024-11-11 10:15,68,29,39,0,0,0
2024-11-11 10:30,70,41,29,0,0,0
2024-11-11 10:45,73,40,33,0,0,0
2024-11-11 11:00,94,41,53,0,0,0
2024-11-11 11:15,76,36,40,0,0,0
2024-11-11 11:30,111,57,54,0,0,0
2024-11-11 11:45,121,60,61,0,0,0
2024-11-11 12:00,128,57,71,0,0,0
2024-11-11 12:15,114,49,65,0,0,0
2024-11-11 12:30,115,45,70,0,0,0
2024-11-11 12:45,128,57,71,0,0,0
2024-11-11 13:00,131,51,80,0,0,0
2024-11-11 13:15,130,53,77,0,0,0
2024-11-11 13:30,108,54,54,0,0,0
2024-11-11 13:45,139,65,74,0,0,0
2024-11-11 14:00,140,70,70,0,0,0
2024-11-11 14:15,126,58,68,0,0,0
2024-11-11 14:30,144,61,83,0,0,0
2024-11-11 14:45,126,51,75,0,0,0
2024-11-11 15:00,135,49,86,0,0,0
2024-11-11 15:15,140,49,91,0,0,0
2024-11-11 15:30,130,53,77,0,0,0
2024-11-11 15:45,196,68,128,0,0,0
2024-11-11 16:00,156,50,106,0,0,0
2024-11-11 16:15,132,52,80,0,0,0
2024-11-11 16:30,106,50,56,0,0,0
2024-11-11 16:45,101,44,57,0,0,0
2024-11-11 17:00,119,31,88,0,0,0
2024-11-11 17:15,103,43,60,0,0,0
2024-11-11 17:30,114,46,68,0,0,0
2024-11-11 17:45,156,66,90,0,0,0
2024-11-11 18:00,122,31,91,0,0,0
2024-11-11 18:15,114,40,74,0,0,0
2024-11-11 18:30,108,41,67,0,0,0
2024-11-11 18:45,119,51,68,0,0,0
2024-11-11 19:00,59,15,44,0,0,0
2024-11-11 19:15,84,45,39,0,0,0
2024-11-11 19:30,79,31,48,0,0,0
2024-11-11 19:45,76,23,53,0,0,0
2024-11-11 20:00,68,18,50,0,0,0
2024-11-11 20:15,40,17,23,0,0,0
2024-11-11 20:30,43,14,29,0,0,0
2024-11-11 20:45,29,7,22,0,0,0
2024-11-11 21:00,36,17,19,0,0,0
2024-11-11 21:15,36,9,27,0,0,0
2024-11-11 21:30,32,8,24,0,0,0
2024-11-11 21:45,44,12,32,0,0,0
2024-11-11 22:00,36,9,27,0,0,0
2024-11-11 22:15,23,4,19,0,0,0
2024-11-11 22:30,32,5,27,0,0,0
2024-11-11 22:45,22,3,19,0,0,0
2024-11-11 23:00,18,6,12,0,0,0
2024-11-11 23:15,9,3,6,0,0,0
2024-11-11 23:30,17,1,16,0,0,0
2024-11-11 23:45,9,3,6,0,0,0
2024-11-12 00:00,7,3,4,0,0,0
2024-11-12 00:15,4,2,2,0,0,0
2024-11-12 00:30,2,0,2,0,0,0
2024-11-12 00:45,2,1,1,0,0,0
2024-11-12 01:00,4,3,1,0,0,0
2024-11-12 01:15,2,0,2,0,0,0
2024-11-12 01:30,0,0,0,0,0,0
2024-11-12 01:45,0,0,0,0,0,0
2024-11-12 02:00,3,0,3,0,0,0
2024-11-12 02:15,0,0,0,0,0,0
2024-11-12 02:30,1,0,1,0,0,0
2024-11-12 02:45,0,0,0,0,0,0
2024-11-12 03:00,1,1,0,0,0,0
2024-11-12 03:15,0,0,0,0,0,0
2024-11-12 03:30,0,0,0,0,0,0
2024-11-12 03:45,3,3,0,0,0,0
2024-11-12 04:00,0,0,0,0,0,0
2024-11-12 04:15,3,3,0,0,0,0
2024-11-12 04:30,3,0,3,0,0,0
2024-11-12 04:45,8,5,3,0,0,0
2024-11-12 05:00,3,1,2,0,0,0
2024-11-12 05:15,10,5,5,0,0,0
2024-11-12 05:30,11,5,6,0,0,0
2024-11-12 05:45,21,14,7,0,0,0
2024-11-12 06:00,30,17,13,0,0,0
2024-11-12 06:15,50,43,7,0,0,0
2024-11-12 06:30,60,42,18,0,0,0
2024-11-12 06:45,75,44,31,0,0,0
2024-11-12 07:00,90,52,38,0,0,0
2024-11-12 07:15,113,69,44,0,0,0
2024-11-12 07:30,170,98,72,0,0,0
2024-11-12 07:45,202,125,77,0,0,0
2024-11-12 08:00,163,117,46,0,0,0
2024-11-12 08:15,149,100,49,0,0,0
2024-11-12 08:30,129,93,36,0,0,0
2024-11-12 08:45,148,84,64,0,0,0
2024-11-12 09:00,102,67,35,0,0,0
2024-11-12 09:15,93,68,25,0,0,0
2024-11-12 09:30,97,68,29,0,0,0
2024-11-12 09:45,143,96,47,0,0,0
2024-11-12 10:00,123,70,53,0,0,0
2024-11-12 10:15,85,50,35,0,0,0
2024-11-12 10:30,78,45,33,0,0,0
2024-11-12 10:45,91,47,44,0,0,0
2024-11-12 11:00,85,46,39,0,0,0
2024-11-12 11:15,113,42,71,0,0,0
2024-11-12 11:30,109,64,45,0,0,0
2024-11-12 11:45,145,68,77,0,0,0
2024-11-12 12:00,153,71,82,0,0,0
2024-11-12 12:15,129,66,63,0,0,0
2024-11-12 12:30,105,48,57,0,0,0
2024-11-12 12:45,130,56,74,0,0,0
2024-11-12 13:00,120,46,74,0,0,0
2024-11-12 13:15,113,48,65,0,0,0
2024-11-12 13:30,136,55,81,0,0,0
2024-11-12 13:45,163,79,84,0,0,0
2024-11-12 14:00,154,64,90,0,0,0
2024-11-12 14:15,130,55,75,0,0,0
2024-11-12 14:30,147,61,86,0,0,0
2024-11-12 14:45,152,71,81,0,0,0
2024-11-12 15:00,148,59,89,0,0,0
2024-11-12 15:15,142,57,85,0,0,0
2024-11-12 15:30,165,84,81,0,0,0
2024-11-12 15:45,212,81,131,0,0,0
2024-11-12 16:00,236,87,149,0,0,0
2024-11-12 16:15,187,72,115,0,0,0
2024-11-12 16:30,185,83,102,0,0,0
2024-11-12 16:45,217,84,133,0,0,0
2024-11-12 17:00,180,61,119,0,0,0
2024-11-12 17:15,180,66,114,0,0,0
2024-11-12 17:30,181,76,105,0,0,0
2024-11-12 17:45,220,84,136,0,0,0
2024-11-12 18:00,184,55,129,0,0,0
2024-11-12 18:15,196,84,112,0,0,0
2024-11-12 18:30,157,48,109,0,0,0
2024-11-12 18:45,160,61,99,0,0,0
2024-11-12 19:00,115,45,70,0,0,0
2024-11-12 19:15,117,51,66,0,0,0
2024-11-12 19:30,111,41,70,0,0,0
2024-11-12 19:45,133,38,95,0,0,0
2024-11-12 20:00,93,29,64,0,0,0
2024-11-12 20:15,80,34,46,0,0,0
2024-11-12 20:30,62,22,40,0,0,0
2024-11-12 20:45,49,18,31,0,0,0
2024-11-12 21:00,58,22,36,0,0,0
2024-11-12 21:15,60,19,41,0,0,0
2024-11-12 21:30,57,25,32,0,0,0
2024-11-12 21:45,49,21,28,0,0,0
2024-11-12 22:00,71,24,47,0,0,0
2024-11-12 22:15,51,23,28,0,0,0
2024-11-12 22:30,45,16,29,0,0,0
2024-11-12 22:45,44,11,33,0,0,0
2024-11-12 23:00,36,12,24,0,0,0
2024-11-12 23:15,29,2,27,0,0,0
2024-11-12 23:30,13,1,12,0,0,0
2024-11-12 23:45,25,4,21,0,0,0
2024-11-13 00:00,13,4,9,0,0,0
2024-11-13 00:15,5,1,4,0,0,0
2024-11-13 00:30,10,3,7,0,0,0
2024-11-13 00:45,10,3,7,0,0,0
2024-11-13 01:00,4,2,2,0,0,0
2024-11-13 01:15,2,1,1,0,0,0
2024-11-13 01:30,3,1,2,0,0,0
2024-11-13 01:45,5,0,5,0,0,0
2024-11-13 02:00,3,1,2,0,0,0
2024-11-13 02:15,2,0,2,0,0,0
2024-11-13 02:30,0,0,0,0,0,0
2024-11-13 02:45,0,0,0,0,0,0
2024-11-13 03:00,0,0,0,0,0,0
2024-11-13 03:15,0,0,0,0,0,0
2024-11-13 03:30,3,1,2,0,0,0
2024-11-13 03:45,0,0,0,0,0,0
2024-11-13 04:00,0,0,0,0,0,0
2024-11-13 04:15,2,2,0,0,0,0
2024-11-13 04:30,3,1,2,0,0,0
2024-11-13 04:45,4,2,2,0,0,0
2024-11-13 05:00,3,2,1,0,0,0
2024-11-13 05:15,16,7,9,0,0,0
2024-11-13 05:30,15,7,8,0,0,0
2024-11-13 05:45,24,14,10,0,0,0
2024-11-13 06:00,32,24,8,0,0,0
2024-11-13 06:15,38,33,5,0,0,0
2024-11-13 06:30,54,32,22,0,0,0
2024-11-13 06:45,84,58,26,0,0,0
2024-11-13 07:00,99,56,43,0,0,0
2024-11-13 07:15,122,71,51,0,0,0
2024-11-13 07:30,198,120,78,0,0,0
2024-11-13 07:45,203,138,65,0,0,0
2024-11-13 08:00,178,119,59,0,0,0
2024-11-13 08:15,191,126,65,0,0,0
2024-11-13 08:30,127,83,44,0,0,0
2024-11-13 08:45,154,87,67,0,0,0
2024-11-13 09:00,111,72,39,0,0,0
2024-11-13 09:15,101,74,27,0,0,0
2024-11-13 09:30,101,67,34,0,0,0
2024-11-13 09:45,153,105,48,0,0,0
2024-11-13 10:00,122,86,36,0,0,0
2024-11-13 10:15,116,66,50,0,0,0
2024-11-13 10:30,121,78,43,0,0,0
2024-11-13 10:45,108,68,40,0,0,0
2024-11-13 11:00,106,46,60,0,0,0
2024-11-13 11:15,126,58,68,0,0,0
2024-11-13 11:30,117,65,52,0,0,0
2024-11-13 11:45,163,91,72,0,0,0
2024-11-13 12:00,156,72,84,0,0,0
2024-11-13 12:15,142,62,80,0,0,0
2024-11-13 12:30,160,57,103,0,0,0
2024-11-13 12:45,156,66,90,0,0,0
2024-11-13 13:00,148,60,88,0,0,0
2024-11-13 13:15,136,65,71,0,0,0
2024-11-13 13:30,161,77,84,0,0,0
2024-11-13 13:45,155,69,86,0,0,0
2024-11-13 14:00,161,66,95,0,0,0
2024-11-13 14:15,145,56,89,0,0,0
2024-11-13 14:30,156,52,104,0,0,0
2024-11-13 14:45,187,84,103,0,0,0
2024-11-13 15:00,164,67,97,0,0,0
2024-11-13 15:15,167,63,104,0,0,0
2024-11-13 15:30,154,60,94,0,0,0
2024-11-13 15:45,174,76,98,0,0,0
2024-11-13 16:00,172,67,105,0,0,0
2024-11-13 16:15,177,69,108,0,0,0
2024-11-13 16:30,186,80,106,0,0,0
2024-11-13 16:45,201,81,120,0,0,0
2024-11-13 17:00,155,63,92,0,0,0
2024-11-13 17:15,171,69,102,0,0,0
2024-11-13 17:30,152,62,90,0,0,0
2024-11-13 17:45,199,75,124,0,0,0
2024-11-13 18:00,184,76,108,0,0,0
2024-11-13 18:15,156,38,118,0,0,0
2024-11-13 18:30,142,49,93,0,0,0
2024-11-13 18:45,133,61,72,0,0,0
2024-11-13 19:00,120,43,77,0,0,0
2024-11-13 19:15,115,58,57,0,0,0
2024-11-13 19:30,83,32,51,0,0,0
2024-11-13 19:45,94,30,64,0,0,0
2024-11-13 20:00,89,30,59,0,0,0
2024-11-13 20:15,90,39,51,0,0,0
2024-11-13 20:30,65,29,36,0,0,0
2024-11-13 20:45,61,21,40,0,0,0
2024-11-13 21:00,53,21,32,0,0,0
2024-11-13 21:15,64,21,43,0,0,0
2024-11-13 21:30,67,28,39,0,0,0
2024-11-13 21:45,59,17,42,0,0,0
2024-11-13 22:00,60,20,40,0,0,0
2024-11-13 22:15,61,14,47,0,0,0
2024-11-13 22:30,65,31,34,0,0,0
2024-11-13 22:45,47,11,36,0,0,0
2024-11-13 23:00,50,21,29,0,0,0
2024-11-13 23:15,25,9,16,0,0,0
2024-11-13 23:30,30,7,23,0,0,0
2024-11-13 23:45,19,4,15,0,0,0
2024-11-14 00:00,17,5,12,0,0,0
2024-11-14 00:15,13,0,13,0,0,0
2024-11-14 00:30,10,4,6,0,0,0
2024-11-14 00:45,4,0,4,0,0,0
2024-11-14 01:00,12,2,10,0,0,0
2024-11-14 01:15,5,1,4,0,0,0
2024-11-14 01:30,7,2,5,0,0,0
2024-11-14 01:45,11,4,7,0,0,0
2024-11-14 02:00,7,1,6,0,0,0
2024-11-14 02:15,10,0,10,0,0,0
2024-11-14 02:30,3,1,2,0,0,0
2024-11-14 02:45,6,1,5,0,0,0
2024-11-14 03:00,3,0,3,0,0,0
2024-11-14 03:15,7,0,7,0,0,0
2024-11-14 03:30,9,2,7,0,0,0
2024-11-14 03:45,1,0,1,0,0,0
2024-11-14 04:00,7,2,5,0,0,0
2024-11-14 04:15,2,1,1,0,0,0
2024-11-14 04:30,6,2,4,0,0,0
2024-11-14 04:45,3,2,1,0,0,0
2024-11-14 05:00,3,1,2,0,0,0
2024-11-14 05:15,10,4,6,0,0,0
2024-11-14 05:30,15,8,7,0,0,0
2024-11-14 05:45,15,4,11,0,0,0
2024-11-14 06:00,24,17,7,0,0,0
2024-11-14 06:15,47,36,11,0,0,0
2024-11-14 06:30,52,35,17,0,0,0
2024-11-14 06:45,63,41,22,0,0,0
2024-11-14 07:00,67,33,34,0,0,0
2024-11-14 07:15,93,62,31,0,0,0
2024-11-14 07:30,155,97,58,0,0,0
2024-11-14 07:45,198,142,56,0,0,0
2024-11-14 08:00,182,118,64,0,0,0
2024-11-14 08:15,146,98,48,0,0,0
2024-11-14 08:30,120,79,41,0,0,0
2024-11-14 08:45,153,107,46,0,0,0
2024-11-14 09:00,93,62,31,0,0,0
2024-11-14 09:15,78,52,26,0,0,0
2024-11-14 09:30,86,55,31,0,0,0
2024-11-14 09:45,150,112,38,0,0,0
2024-11-14 10:00,117,78,39,0,0,0
2024-11-14 10:15,89,51,38,0,0,0
2024-11-14 10:30,104,62,42,0,0,0
2024-11-14 10:45,107,58,49,0,0,0
2024-11-14 11:00,77,45,32,0,0,0
2024-11-14 11:15,99,49,50,0,0,0
2024-11-14 11:30,115,57,58,0,0,0
2024-11-14 11:45,130,59,71,0,0,0
2024-11-14 12:00,137,68,69,0,0,0
2024-11-14 12:15,115,37,78,0,0,0
2024-11-14 12:30,129,58,71,0,0,0
2024-11-14 12:45,158,75,83,0,0,0
2024-11-14 13:00,127,51,76,0,0,0
2024-11-14 13:15,135,55,80,0,0,0
2024-11-14 13:30,135,56,79,0,0,0
2024-11-14 13:45,141,78,63,0,0,0
2024-11-14 14:00,173,75,98,0,0,0
2024-11-14 14:15,151,56,95,0,0,0
2024-11-14 14:30,142,66,76,0,0,0
2024-11-14 14:45,153,85,68,0,0,0
2024-11-14 15:00,153,57,96,0,0,0
2024-11-14 15:15,187,73,114,0,0,0
2024-11-14 15:30,162,75,87,0,0,0
2024-11-14 15:45,209,90,119,0,0,0
2024-11-14 16:00,221,90,131,0,0,0
2024-11-14 16:15,208,86,122,0,0,0
2024-11-14 16:30,196,86,110,0,0,0
2024-11-14 16:45,189,77,112,0,0,0
2024-11-14 17:00,189,65,124,0,0,0
2024-11-14 17:15,203,80,123,0,0,0
2024-11-14 17:30,178,66,112,0,0,0
2024-11-14 17:45,173,62,111,0,0,0
2024-11-14 18:00,194,63,131,0,0,0
2024-11-14 18:15,152,43,109,0,0,0
2024-11-14 18:30,109,37,72,0,0,0
2024-11-14 18:45,154,58,96,0,0,0
2024-11-14 19:00,115,33,82,0,0,0
2024-11-14 19:15,108,39,69,0,0,0
2024-11-14 19:30,96,27,69,0,0,0
2024-11-14 19:45,131,44,87,0,0,0
2024-11-14 20:00,87,27,60,0,0,0
2024-11-14 20:15,73,26,47,0,0,0
2024-11-14 20:30,61,22,39,0,0,0
2024-11-14 20:45,54,17,37,0,0,0
2024-11-14 21:00,46,18,28,0,0,0
2024-11-14 21:15,52,23,29,0,0,0
2024-11-14 21:30,55,23,32,0,0,0
2024-11-14 21:45,61,23,38,0,0,0
2024-11-14 22:00,70,34,36,0,0,0
2024-11-14 22:15,47,17,30,0,0,0
2024-11-14 22:30,51,14,37,0,0,0
2024-11-14 22:45,34,10,24,0,0,0
2024-11-14 23:00,62,36,26,0,0,0
2024-11-14 23:15,47,26,21,0,0,0
2024-11-14 23:30,22,8,14,0,0,0
2024-11-14 23:45,15,4,11,0,0,0
2024-11-15 00:00,15,9,6,0,0,0
2024-11-15 00:15,18,3,15,0,0,0
2024-11-15 00:30,9,0,9,0,0,0
2024-11-15 00:45,3,1,2,0,0,0
2024-11-15 01:00,8,2,6,0,0,0
2024-11-15 01:15,2,1,1,0,0,0
2024-11-15 01:30,5,2,3,0,0,0
2024-11-15 01:45,6,2,4,0,0,0
2024-11-15 02:00,0,0,0,0,0,0
2024-11-15 02:15,1,0,1,0,0,0
2024-11-15 02:30,3,0,3,0,0,0
2024-11-15 02:45,0,0,0,0,0,0
2024-11-15 03:00,1,0,1,0,0,0
2024-11-15 03:15,1,0,1,0,0,0
2024-11-15 03:30,1,1,0,0,0,0
2024-11-15 03:45,1,1,0,0,0,0
2024-11-15 04:00,0,0,0,0,0,0
2024-11-15 04:15,2,2,0,0,0,0
2024-11-15 04:30,3,1,2,0,0,0
2024-11-15 04:45,8,7,1,0,0,0
2024-11-15 05:00,4,2,2,0,0,0
2024-11-15 05:15,13,7,6,0,0,0
2024-11-15 05:30,11,4,7,0,0,0
2024-11-15 05:45,19,13,6,0,0,0
2024-11-15 06:00,22,11,11,0,0,0
2024-11-15 06:15,29,24,5,0,0,0
2024-11-15 06:30,50,34,16,0,0,0
2024-11-15 06:45,56,30,26,0,0,0
2024-11-15 07:00,65,39,26,0,0,0
2024-11-15 07:15,109,74,35,0,0,0
2024-11-15 07:30,150,94,56,0,0,0
2024-11-15 07:45,183,121,62,0,0,0
2024-11-15 08:00,165,124,41,0,0,0
2024-11-15 08:15,168,118,50,0,0,0
2024-11-15 08:30,120,72,48,0,0,0
2024-11-15 08:45,140,82,58,0,0,0
2024-11-15 09:00,92,63,29,0,0,0
2024-11-15 09:15,88,55,33,0,0,0
2024-11-15 09:30,112,83,29,0,0,0
2024-11-15 09:45,150,101,49,0,0,0
2024-11-15 10:00,117,76,41,0,0,0
2024-11-15 10:15,102,63,39,0,0,0
2024-11-15 10:30,95,45,50,0,0,0
2024-11-15 10:45,117,70,47,0,0,0
2024-11-15 11:00,110,60,50,0,0,0
2024-11-15 11:15,106,53,53,0,0,0
2024-11-15 11:30,137,62,75,0,0,0
2024-11-15 11:45,136,56,80,0,0,0
2024-11-15 12:00,129,51,78,0,0,0
2024-11-15 12:15,125,59,66,0,0,0
2024-11-15 12:30,126,58,68,0,0,0
2024-11-15 12:45,147,75,72,0,0,0
2024-11-15 13:00,165,60,105,0,0,0
2024-11-15 13:15,153,75,78,0,0,0
2024-11-15 13:30,157,64,93,0,0,0
2024-11-15 13:45,158,62,96,0,0,0
2024-11-15 14:00,165,65,100,0,0,0
2024-11-15 14:15,169,63,106,0,0,0
2024-11-15 14:30,179,69,110,0,0,0
2024-11-15 14:45,177,81,96,0,0,0
2024-11-15 15:00,170,77,93,0,0,0
2024-11-15 15:15,185,71,114,0,0,0
2024-11-15 15:30,168,65,103,0,0,0
2024-11-15 15:45,170,79,91,0,0,0
2024-11-15 16:00,165,67,98,0,0,0
2024-11-15 16:15,163,60,103,0,0,0
2024-11-15 16:30,153,63,90,0,0,0
2024-11-15 16:45,145,53,92,0,0,0
2024-11-15 17:00,131,42,89,0,0,0
2024-11-15 17:15,163,70,93,0,0,0
2024-11-15 17:30,145,45,100,0,0,0
2024-11-15 17:45,161,55,106,0,0,0
2024-11-15 18:00,138,57,81,0,0,0
2024-11-15 18:15,140,53,87,0,0,0
2024-11-15 18:30,107,38,69,0,0,0
2024-11-15 18:45,129,69,60,0,0,0
2024-11-15 19:00,118,46,72,0,0,0
2024-11-15 19:15,117,47,70,0,0,0
2024-11-15 19:30,105,49,56,0,0,0
2024-11-15 19:45,100,42,58,0,0,0
2024-11-15 20:00,83,35,48,0,0,0
2024-11-15 20:15,88,48,40,0,0,0
2024-11-15 20:30,56,28,28,0,0,0
2024-11-15 20:45,60,26,34,0,0,0
2024-11-15 21:00,68,41,27,0,0,0
2024-11-15 21:15,63,27,36,0,0,0
2024-11-15 21:30,54,31,23,0,0,0
2024-11-15 21:45,43,21,22,0,0,0
2024-11-15 22:00,59,28,31,0,0,0
2024-11-15 22:15,46,22,24,0,0,0
2024-11-15 22:30,69,25,44,0,0,0
2024-11-15 22:45,55,21,34,0,0,0
2024-11-15 23:00,55,23,32,0,0,0
2024-11-15 23:15,50,22,28,0,0,0
2024-11-15 23:30,57,32,25,0,0,0
2024-11-15 23:45,37,7,30,0,0,0
2024-11-16 00:00,46,12,34,0,0,0
2024-11-16 00:15,38,7,31,0,0,0
2024-11-16 00:30,37,16,21,0,0,0
2024-11-16 00:45,25,6,19,0,0,0
2024-11-16 01:00,29,2,27,0,0,0
2024-11-16 01:15,21,10,11,0,0,0
2024-11-16 01:30,17,5,12,0,0,0
2024-11-16 01:45,23,4,19,0,0,0
2024-11-16 02:00,11,6,5,0,0,0
2024-11-16 02:15,10,2,8,0,0,0
2024-11-16 02:30,16,5,11,0,0,0
2024-11-16 02:45,12,0,12,0,0,0
2024-11-16 03:00,11,3,8,0,0,0
2024-11-16 03:15,16,2,14,0,0,0
2024-11-16 03:30,9,2,7,0,0,0
2024-11-16 03:45,10,1,9,0,0,0
2024-11-16 04:00,5,1,4,0,0,0
2024-11-16 04:15,6,3,3,0,0,0
2024-11-16 04:30,5,1,4,0,0,0
2024-11-16 04:45,4,1,3,0,0,0
2024-11-16 05:00,1,1,0,0,0,0
2024-11-16 05:15,8,3,5,0,0,0
2024-11-16 05:30,11,4,7,0,0,0
2024-11-16 05:45,10,3,7,0,0,0
2024-11-16 06:00,4,3,1,0,0,0
2024-11-16 06:15,10,5,5,0,0,0
2024-11-16 06:30,7,3,4,0,0,0
2024-11-16 06:45,9,8,1,0,0,0
2024-11-16 07:00,13,11,2,0,0,0
2024-11-16 07:15,12,7,5,0,0,0
2024-11-16 07:30,19,14,5,0,0,0
2024-11-16 07:45,27,20,7,0,0,0
2024-11-16 08:00,29,22,7,0,0,0
2024-11-16 08:15,47,23,24,0,0,0
2024-11-16 08:30,43,25,18,0,0,0
2024-11-16 08:45,56,35,21,0,0,0
2024-11-16 09:00,70,41,29,0,0,0
2024-11-16 09:15,81,52,29,0,0,0
2024-11-16 09:30,86,52,34,0,0,0
2024-11-16 09:45,120,96,24,0,0,0
2024-11-16 10:00,113,81,32,0,0,0
2024-11-16 10:15,92,69,23,0,0,0
2024-11-16 10:30,147,91,56,0,0,0
2024-11-16 10:45,161,93,68,0,0,0
2024-11-16 11:00,120,76,44,0,0,0
2024-11-16 11:15,137,93,44,0,0,0
2024-11-16 11:30,170,105,65,0,0,0
2024-11-16 11:45,155,94,61,0,0,0
2024-11-16 12:00,145,84,61,0,0,0
2024-11-16 12:15,183,96,87,0,0,0
2024-11-16 12:30,164,96,68,0,0,0
2024-11-16 12:45,199,106,93,0,0,0
2024-11-16 13:00,163,87,76,0,0,0
2024-11-16 13:15,179,87,92,0,0,0
2024-11-16 13:30,162,82,80,0,0,0
2024-11-16 13:45,174,84,90,0,0,0
2024-11-16 14:00,146,64,82,0,0,0
2024-11-16 14:15,132,55,77,0,0,0
2024-11-16 14:30,157,66,91,0,0,0
2024-11-16 14:45,165,67,98,0,0,0
2024-11-16 15:00,177,81,96,0,0,0
2024-11-16 15:15,148,69,79,0,0,0
2024-11-16 15:30,139,42,97,0,0,0
2024-11-16 15:45,134,48,86,0,0,0
2024-11-16 16:00,131,51,80,0,0,0
2024-11-16 16:15,104,58,46,0,0,0
2024-11-16 16:30,114,31,83,0,0,0
2024-11-16 16:45,134,54,80,0,0,0
2024-11-16 17:00,111,42,69,0,0,0
2024-11-16 17:15,130,52,78,0,0,0
2024-11-16 17:30,136,46,90,0,0,0
2024-11-16 17:45,114,42,72,0,0,0
2024-11-16 18:00,106,31,75,0,0,0
2024-11-16 18:15,89,35,54,0,0,0
2024-11-16 18:30,96,29,67,0,0,0
2024-11-16 18:45,92,40,52,0,0,0
2024-11-16 19:00,79,50,29,0,0,0
2024-11-16 19:15,104,47,57,0,0,0
2024-11-16 19:30,77,25,52,0,0,0
2024-11-16 19:45,87,50,37,0,0,0
2024-11-16 20:00,90,32,58,0,0,0
2024-11-16 20:15,52,19,33,0,0,0
2024-11-16 20:30,64,27,37,0,0,0
2024-11-16 20:45,49,17,32,0,0,0
2024-11-16 21:00,38,15,23,0,0,0
2024-11-16 21:15,51,24,27,0,0,0
2024-11-16 21:30,49,25,24,0,0,0
2024-11-16 21:45,38,16,22,0,0,0
2024-11-16 22:00,44,13,31,0,0,0
2024-11-16 22:15,53,19,34,0,0,0
2024-11-16 22:30,24,9,15,0,0,0
2024-11-16 22:45,58,25,33,0,0,0
2024-11-16 23:00,56,17,39,0,0,0
2024-11-16 23:15,37,12,25,0,0,0
2024-11-16 23:30,36,16,20,0,0,0
2024-11-16 23:45,26,6,20,0,0,0
2024-11-17 00:00,45,14,31,0,0,0
2024-11-17 00:15,38,10,28,0,0,0
2024-11-17 00:30,41,10,31,0,0,0
2024-11-17 00:45,35,13,22,0,0,0
2024-11-17 01:00,43,9,34,0,0,0
2024-11-17 01:15,17,7,10,0,0,0
2024-11-17 01:30,16,2,14,0,0,0
2024-11-17 01:45,9,4,5,0,0,0
2024-11-17 02:00,10,1,9,0,0,0
2024-11-17 02:15,7,4,3,0,0,0
2024-11-17 02:30,16,7,9,0,0,0
2024-11-17 02:45,4,0,4,0,0,0
2024-11-17 03:00,12,3,9,0,0,0
2024-11-17 03:15,6,0,6,0,0,0
2024-11-17 03:30,5,2,3,0,0,0
2024-11-17 03:45,4,1,3,0,0,0
2024-11-17 04:00,2,1,1,0,0,0
2024-11-17 04:15,3,2,1,0,0,0
2024-11-17 04:30,2,2,0,0,0,0
2024-11-17 04:45,5,0,5,0,0,0
2024-11-17 05:00,6,1,5,0,0,0
2024-11-17 05:15,7,4,3,0,0,0
2024-11-17 05:30,4,2,2,0,0,0
2024-11-17 05:45,1,1,0,0,0,0
2024-11-17 06:00,3,3,0,0,0,0
2024-11-17 06:15,6,3,3,0,0,0
2024-11-17 06:30,5,4,1,0,0,0
2024-11-17 06:45,5,2,3,0,0,0
2024-11-17 07:00,4,3,1,0,0,0
2024-11-17 07:15,0,0,0,0,0,0
2024-11-17 07:30,5,3,2,0,0,0
2024-11-17 07:45,4,1,3,0,0,0
2024-11-17 08:00,4,2,2,0,0,0
2024-11-17 08:15,11,5,6,0,0,0
2024-11-17 08:30,11,9,2,0,0,0
2024-11-17 08:45,12,9,3,0,0,0
2024-11-17 09:00,6,3,3,0,0,0
2024-11-17 09:15,10,5,5,0,0,0
2024-11-17 09:30,20,9,11,0,0,0
2024-11-17 09:45,44,27,17,0,0,0
2024-11-17 10:00,22,15,7,0,0,0
2024-11-17 10:15,37,27,10,0,0,0
2024-11-17 10:30,30,22,8,0,0,0
2024-11-17 10:45,41,18,23,0,0,0
2024-11-17 11:00,28,19,9,0,0,0
2024-11-17 11:15,27,16,11,0,0,0
2024-11-17 11:30,26,14,12,0,0,0
2024-11-17 11:45,28,19,9,0,0,0
2024-11-17 12:00,55,25,30,0,0,0
2024-11-17 12:15,39,17,22,0,0,0
2024-11-17 12:30,46,19,27,0,0,0
2024-11-17 12:45,48,29,19,0,0,0
2024-11-17 13:00,32,15,17,0,0,0
2024-11-17 13:15,45,22,23,0,0,0
2024-11-17 13:30,55,34,21,0,0,0
2024-11-17 13:45,74,34,40,0,0,0
2024-11-17 14:00,61,38,23,0,0,0
2024-11-17 14:15,58,29,29,0,0,0
2024-11-17 14:30,64,34,30,0,0,0
2024-11-17 14:45,72,32,40,0,0,0
2024-11-17 15:00,78,46,32,0,0,0
2024-11-17 15:15,72,27,45,0,0,0
2024-11-17 15:30,53,25,28,0,0,0
2024-11-17 15:45,52,22,30,0,0,0
2024-11-17 16:00,51,22,29,0,0,0
2024-11-17 16:15,54,22,32,0,0,0
2024-11-17 16:30,54,25,29,0,0,0
2024-11-17 16:45,73,34,39,0,0,0
2024-11-17 17:00,63,30,33,0,0,0
2024-11-17 17:15,52,27,25,0,0,0
2024-11-17 17:30,39,18,21,0,0,0
2024-11-17 17:45,77,40,37,0,0,0
2024-11-17 18:00,52,20,32,0,0,0
2024-11-17 18:15,56,27,29,0,0,0
2024-11-17 18:30,42,28,14,0,0,0
2024-11-17 18:45,57,18,39,0,0,0
2024-11-17 19:00,52,27,25,0,0,0
2024-11-17 19:15,32,13,19,0,0,0
2024-11-17 19:30,36,24,12,0,0,0
2024-11-17 19:45,31,12,19,0,0,0
2024-11-17 20:00,36,15,21,0,0,0
2024-11-17 20:15,24,7,17,0,0,0
2024-11-17 20:30,39,16,23,0,0,0
2024-11-17 20:45,30,11,19,0,0,0
2024-11-17 21:00,25,6,19,0,0,0
2024-11-17 21:15,29,9,20,0,0,0
2024-11-17 21:30,28,9,19,0,0,0
2024-11-17 21:45,29,5,24,0,0,0
2024-11-17 22:00,28,7,21,0,0,0
2024-11-17 22:15,10,3,7,0,0,0
2024-11-17 22:30,12,4,8,0,0,0
2024-11-17 22:45,12,4,8,0,0,0
2024-11-17 23:00,7,2,5,0,0,0
2024-11-17 23:15,12,7,5,0,0,0
2024-11-17 23:30,7,5,2,0,0,0
2024-11-17 23:45,5,3,2,0,0,0
2024-11-18 00:00,3,1,2,0,0,0
2024-11-18 00:15,3,0,3,0,0,0
2024-11-18 00:30,2,0,2,0,0,0
2024-11-18 00:45,1,1,0,0,0,0
2024-11-18 01:00,2,0,2,0,0,0
2024-11-18 01:15,2,1,1,0,0,0
2024-11-18 01:30,3,3,0,0,0,0
2024-11-18 01:45,2,1,1,0,0,0
2024-11-18 02:00,3,2,1,0,0,0
2024-11-18 02:15,0,0,0,0,0,0
2024-11-18 02:30,0,0,0,0,0,0
2024-11-18 02:45,0,0,0,0,0,0
2024-11-18 03:00,0,0,0,0,0,0
2024-11-18 03:15,0,0,0,0,0,0
2024-11-18 03:30,0,0,0,0,0,0
2024-11-18 03:45,2,1,1,0,0,0
2024-11-18 04:00,0,0,0,0,0,0
2024-11-18 04:15,2,2,0,0,0,0
2024-11-18 04:30,4,2,2,0,0,0
2024-11-18 04:45,3,2,1,0,0,0
2024-11-18 05:00,5,4,1,0,0,0
2024-11-18 05:15,7,3,4,0,0,0
2024-11-18 05:30,11,4,7,0,0,0
2024-11-18 05:45,13,8,5,0,0,0
2024-11-18 06:00,12,8,4,0,0,0
2024-11-18 06:15,30,23,7,0,0,0
2024-11-18 06:30,41,35,6,0,0,0
2024-11-18 06:45,49,24,25,0,0,0
2024-11-18 07:00,83,42,41,0,0,0
2024-11-18 07:15,88,61,27,0,0,0
2024-11-18 07:30,164,115,49,0,0,0
2024-11-18 07:45,195,129,66,0,0,0
2024-11-18 08:00,164,111,53,0,0,0
2024-11-18 08:15,153,105,48,0,0,0
2024-11-18 08:30,113,76,37,0,0,0
2024-11-18 08:45,124,86,38,0,0,0
2024-11-18 09:00,104,68,36,0,0,0
2024-11-18 09:15,103,65,38,0,0,0
2024-11-18 09:30,106,69,37,0,0,0
2024-11-18 09:45,116,80,36,0,0,0
2024-11-18 10:00,111,67,44,0,0,0
2024-11-18 10:15,96,46,50,0,0,0
2024-11-18 10:30,94,49,45,0,0,0
2024-11-18 10:45,104,57,47,0,0,0
2024-11-18 11:00,96,55,41,0,0,0
2024-11-18 11:15,104,50,54,0,0,0
2024-11-18 11:30,124,59,65,0,0,0
2024-11-18 11:45,148,73,75,0,0,0
2024-11-18 12:00,114,53,61,0,0,0
2024-11-18 12:15,130,59,71,0,0,0
2024-11-18 12:30,127,52,75,0,0,0
2024-11-18 12:45,134,65,69,0,0,0
2024-11-18 13:00,127,65,62,0,0,0
2024-11-18 13:15,134,67,67,0,0,0
2024-11-18 13:30,114,57,57,0,0,0
2024-11-18 13:45,163,83,80,0,0,0
2024-11-18 14:00,133,50,83,0,0,0
2024-11-18 14:15,152,64,88,0,0,0
2024-11-18 14:30,152,65,87,0,0,0
2024-11-18 14:45,151,68,83,0,0,0
2024-11-18 15:00,171,64,107,0,0,0
2024-11-18 15:15,158,66,92,0,0,0
2024-11-18 15:30,161,65,96,0,0,0
2024-11-18 15:45,211,96,115,0,0,0
2024-11-18 16:00,186,63,123,0,0,0
2024-11-18 16:15,204,93,111,0,0,0
2024-11-18 16:30,182,59,123,0,0,0
2024-11-18 16:45,174,63,111,0,0,0
2024-11-18 17:00,191,80,111,0,0,0
2024-11-18 17:15,184,64,120,0,0,0
2024-11-18 17:30,192,68,124,0,0,0
2024-11-18 17:45,191,62,129,0,0,0
2024-11-18 18:00,165,45,120,0,0,0
2024-11-18 18:15,148,50,98,0,0,0
2024-11-18 18:30,119,41,78,0,0,0
2024-11-18 18:45,134,51,83,0,0,0
2024-11-18 19:00,108,28,80,0,0,0
2024-11-18 19:15,99,38,61,0,0,0
2024-11-18 19:30,81,26,55,0,0,0
2024-11-18 19:45,107,32,75,0,0,0
2024-11-18 20:00,79,31,48,0,0,0
2024-11-18 20:15,75,22,53,0,0,0
2024-11-18 20:30,48,18,30,0,0,0
2024-11-18 20:45,52,11,41,0,0,0
2024-11-18 21:00,56,9,47,0,0,0
2024-11-18 21:15,51,20,31,0,0,0
2024-11-18 21:30,57,17,40,0,0,0
2024-11-18 21:45,39,14,25,0,0,0
2024-11-18 22:00,32,12,20,0,0,0
2024-11-18 22:15,54,18,36,0,0,0
2024-11-18 22:30,38,7,31,0,0,0
2024-11-18 22:45,27,9,18,0,0,0
2024-11-18 23:00,22,10,12,0,0,0
2024-11-18 23:15,35,13,22,0,0,0
2024-11-18 23:30,12,2,10,0,0,0
2024-11-18 23:45,9,4,5,0,0,0
2024-11-19 00:00,14,7,7,0,0,0
2024-11-19 00:15,4,1,3,0,0,0
2024-11-19 00:30,2,2,0,0,0,0
2024-11-19 00:45,6,2,4,0,0,0
2024-11-19 01:00,2,0,2,0,0,0
2024-11-19 01:15,4,2,2,0,0,0
2024-11-19 01:30,0,0,0,0,0,0
2024-11-19 01:45,2,1,1,0,0,0
2024-11-19 02:00,0,0,0,0,0,0
2024-11-19 02:15,1,0,1,0,0,0
2024-11-19 02:30,3,0,3,0,0,0
2024-11-19 02:45,0,0,0,0,0,0
2024-11-19 03:00,2,0,2,0,0,0
2024-11-19 03:15,1,1,0,0,0,0
2024-11-19 03:30,0,0,0,0,0,0
2024-11-19 03:45,0,0,0,0,0,0
2024-11-19 04:00,2,2,0,0,0,0
2024-11-19 04:15,2,1,1,0,0,0
2024-11-19 04:30,4,1,3,0,0,0
2024-11-19 04:45,3,2,1,0,0,0
2024-11-19 05:00,6,4,2,0,0,0
2024-11-19 05:15,5,3,2,0,0,0
2024-11-19 05:30,10,3,7,0,0,0
2024-11-19 05:45,8,5,3,0,0,0
2024-11-19 06:00,12,9,3,0,0,0
2024-11-19 06:15,29,26,3,0,0,0
2024-11-19 06:30,43,25,18,0,0,0
2024-11-19 06:45,50,30,20,0,0,0
2024-11-19 07:00,52,27,25,0,0,0
2024-11-19 07:15,90,56,34,0,0,0
2024-11-19 07:30,109,76,33,0,0,0
2024-11-19 07:45,151,104,47,0,0,0
2024-11-19 08:00,124,98,26,0,0,0
2024-11-19 08:15,119,73,46,0,0,0
2024-11-19 08:30,104,62,42,0,0,0
2024-11-19 08:45,111,69,42,0,0,0
2024-11-19 09:00,78,53,25,0,0,0
2024-11-19 09:15,70,45,25,0,0,0
2024-11-19 09:30,61,43,18,0,0,0
2024-11-19 09:45,86,60,26,0,0,0
2024-11-19 10:00,79,53,26,0,0,0
2024-11-19 10:15,65,36,29,0,0,0
2024-11-19 10:30,44,22,22,0,0,0
2024-11-19 10:45,59,39,20,0,0,0
2024-11-19 11:00,51,29,22,0,0,0
2024-11-19 11:15,63,27,36,0,0,0
2024-11-19 11:30,68,35,33,0,0,0
2024-11-19 11:45,81,35,46,0,0,0
2024-11-19 12:00,106,51,55,0,0,0
2024-11-19 12:15,86,38,48,0,0,0
2024-11-19 12:30,77,39,38,0,0,0
2024-11-19 12:45,78,33,45,0,0,0
2024-11-19 13:00,75,25,50,0,0,0
2024-11-19 13:15,83,37,46,0,0,0
2024-11-19 13:30,78,19,59,0,0,0
2024-11-19 13:45,82,32,50,0,0,0
2024-11-19 14:00,99,50,49,0,0,0
2024-11-19 14:15,81,23,58,0,0,0
2024-11-19 14:30,85,24,61,0,0,0
2024-11-19 14:45,85,31,54,0,0,0
2024-11-19 15:00,75,20,55,0,0,0
2024-11-19 15:15,79,26,53,0,0,0
2024-11-19 15:30,99,41,58,0,0,0
2024-11-19 15:45,107,44,63,0,0,0
2024-11-19 16:00,111,39,72,0,0,0
2024-11-19 16:15,108,35,73,0,0,0
2024-11-19 16:30,114,46,68,0,0,0
2024-11-19 16:45,119,49,70,0,0,0
2024-11-19 17:00,99,42,57,0,0,0
2024-11-19 17:15,114,37,77,0,0,0
2024-11-19 17:30,149,57,92,0,0,0
2024-11-19 17:45,127,51,76,0,0,0
2024-11-19 18:00,120,40,80,0,0,0
2024-11-19 18:15,116,45,71,0,0,0
2024-11-19 18:30,99,31,68,0,0,0
2024-11-19 18:45,94,28,66,0,0,0
2024-11-19 19:00,73,22,51,0,0,0
2024-11-19 19:15,96,30,66,0,0,0
2024-11-19 19:30,74,30,44,0,0,0
2024-11-19 19:45,106,32,74,0,0,0
2024-11-19 20:00,59,19,40,0,0,0
2024-11-19 20:15,60,26,34,0,0,0
2024-11-19 20:30,47,20,27,0,0,0
2024-11-19 20:45,41,15,26,0,0,0
2024-11-19 21:00,44,15,29,0,0,0
2024-11-19 21:15,48,17,31,0,0,0
2024-11-19 21:30,40,9,31,0,0,0
2024-11-19 21:45,53,22,31,0,0,0
2024-11-19 22:00,52,17,35,0,0,0
2024-11-19 22:15,45,18,27,0,0,0
2024-11-19 22:30,32,14,18,0,0,0
2024-11-19 22:45,40,10,30,0,0,0
2024-11-19 23:00,34,7,27,0,0,0
2024-11-19 23:15,24,10,14,0,0,0
2024-11-19 23:30,7,2,5,0,0,0
2024-11-19 23:45,13,7,6,0,0,0
2024-11-20 00:00,12,4,8,0,0,0
2024-11-20 00:15,7,1,6,0,0,0
2024-11-20 00:30,7,1,6,0,0,0
2024-11-20 00:45,4,1,3,0,0,0
2024-11-20 01:00,7,4,3,0,0,0
2024-11-20 01:15,4,1,3,0,0,0
2024-11-20 01:30,1,1,0,0,0,0
2024-11-20 01:45,0,0,0,0,0,0
2024-11-20 02:00,1,1,0,0,0,0
2024-11-20 02:15,6,2,4,0,0,0
2024-11-20 02:30,2,0,2,0,0,0
2024-11-20 02:45,5,0,5,0,0,0
2024-11-20 03:00,0,0,0,0,0,0
2024-11-20 03:15,0,0,0,0,0,0
2024-11-20 03:30,1,1,0,0,0,0
2024-11-20 03:45,0,0,0,0,0,0
2024-11-20 04:00,0,0,0,0,0,0
2024-11-20 04:15,1,1,0,0,0,0
2024-11-20 04:30,4,1,3,0,0,0
2024-11-20 04:45,6,5,1,0,0,0
2024-11-20 05:00,4,3,1,0,0,0
2024-11-20 05:15,7,3,4,0,0,0
2024-11-20 05:30,12,6,6,0,0,0
2024-11-20 05:45,16,11,5,0,0,0
2024-11-20 06:00,17,13,4,0,0,0
2024-11-20 06:15,39,32,7,0,0,0
2024-11-20 06:30,34,27,7,0,0,0
2024-11-20 06:45,51,28,23,0,0,0
2024-11-20 07:00,62,36,26,0,0,0
2024-11-20 07:15,91,54,37,0,0,0
2024-11-20 07:30,162,108,54,0,0,0
2024-11-20 07:45,182,123,59,0,0,0
2024-11-20 08:00,165,115,50,0,0,0
2024-11-20 08:15,166,105,61,0,0,0
2024-11-20 08:30,139,85,54,0,0,0
2024-11-20 08:45,152,113,39,0,0,0
2024-11-20 09:00,104,72,32,0,0,0
2024-11-20 09:15,95,76,19,0,0,0
2024-11-20 09:30,104,74,30,0,0,0
2024-11-20 09:45,154,107,47,0,0,0
2024-11-20 10:00,126,87,39,0,0,0
2024-11-20 10:15,104,69,35,0,0,0
2024-11-20 10:30,89,57,32,0,0,0
2024-11-20 10:45,115,61,54,0,0,0
2024-11-20 11:00,113,54,59,0,0,0
2024-11-20 11:15,111,52,59,0,0,0
2024-11-20 11:30,108,53,55,0,0,0
2024-11-20 11:45,150,72,78,0,0,0
2024-11-20 12:00,122,51,71,0,0,0
2024-11-20 12:15,132,55,77,0,0,0
2024-11-20 12:30,158,62,96,0,0,0
2024-11-20 12:45,132,49,83,0,0,0
2024-11-20 13:00,111,50,61,0,0,0
2024-11-20 13:15,117,52,65,0,0,0
2024-11-20 13:30,129,53,76,0,0,0
2024-11-20 13:45,138,50,88,0,0,0
2024-11-20 14:00,131,50,81,0,0,0
2024-11-20 14:15,123,45,78,0,0,0
2024-11-20 14:30,142,60,82,0,0,0
2024-11-20 14:45,117,73,44,0,0,0
2024-11-20 15:00,117,29,88,0,0,0
2024-11-20 15:15,120,39,81,0,0,0
2024-11-20 15:30,115,42,73,0,0,0
2024-11-20 15:45,119,43,76,0,0,0
2024-11-20 16:00,109,44,65,0,0,0
2024-11-20 16:15,139,45,94,0,0,0
2024-11-20 16:30,100,37,63,0,0,0
2024-11-20 16:45,135,57,78,0,0,0
2024-11-20 17:00,138,45,93,0,0,0
2024-11-20 17:15,130,45,85,0,0,0
2024-11-20 17:30,129,52,77,0,0,0
2024-11-20 17:45,141,62,79,0,0,0
2024-11-20 18:00,153,52,101,0,0,0
2024-11-20 18:15,110,36,74,0,0,0
2024-11-20 18:30,117,55,62,0,0,0
2024-11-20 18:45,118,43,75,0,0,0
2024-11-20 19:00,85,29,56,0,0,0
2024-11-20 19:15,84,35,49,0,0,0
2024-11-20 19:30,77,26,51,0,0,0
2024-11-20 19:45,93,38,55,0,0,0
2024-11-20 20:00,69,27,42,0,0,0
2024-11-20 20:15,86,34,52,0,0,0
2024-11-20 20:30,67,21,46,0,0,0
2024-11-20 20:45,47,14,33,0,0,0
2024-11-20 21:00,58,23,35,0,0,0
2024-11-20 21:15,50,19,31,0,0,0
2024-11-20 21:30,47,15,32,0,0,0
2024-11-20 21:45,55,13,42,0,0,0
2024-11-20 22:00,48,14,34,0,0,0
2024-11-20 22:15,42,12,30,0,0,0
2024-11-20 22:30,36,16,20,0,0,0
2024-11-20 22:45,40,6,34,0,0,0
2024-11-20 23:00,34,12,22,0,0,0
2024-11-20 23:15,19,2,17,0,0,0
2024-11-20 23:30,14,9,5,0,0,0
2024-11-20 23:45,34,14,20,0,0,0
2024-11-21 00:00,18,9,9,0,0,0
2024-11-21 00:15,15,5,10,0,0,0
2024-11-21 00:30,17,13,4,0,0,0
2024-11-21 00:45,8,2,6,0,0,0
2024-11-21 01:00,8,2,6,0,0,0
2024-11-21 01:15,3,0,3,0,0,0
2024-11-21 01:30,6,2,4,0,0,0
2024-11-21 01:45,5,1,4,0,0,0
2024-11-21 02:00,1,0,1,0,0,0
2024-11-21 02:15,5,2,3,0,0,0
2024-11-21 02:30,3,1,2,0,0,0
2024-11-21 02:45,1,0,1,0,0,0
2024-11-21 03:00,4,0,4,0,0,0
2024-11-21 03:15,3,1,2,0,0,0
2024-11-21 03:30,3,0,3,0,0,0
2024-11-21 03:45,2,0,2,0,0,0
2024-11-21 04:00,5,2,3,0,0,0
2024-11-21 04:15,2,1,1,0,0,0
2024-11-21 04:30,4,1,3,0,0,0
2024-11-21 04:45,6,5,1,0,0,0
2024-11-21 05:00,3,3,0,0,0,0
2024-11-21 05:15,7,5,2,0,0,0
2024-11-21 05:30,22,8,14,0,0,0
2024-11-21 05:45,11,5,6,0,0,0
2024-11-21 06:00,26,17,9,0,0,0
2024-11-21 06:15,42,33,9,0,0,0
2024-11-21 06:30,33,25,8,0,0,0
2024-11-21 06:45,57,30,27,0,0,0
2024-11-21 07:00,67,42,25,0,0,0
2024-11-21 07:15,97,57,40,0,0,0
2024-11-21 07:30,150,87,63,0,0,0
2024-11-21 07:45,190,126,64,0,0,0
2024-11-21 08:00,165,115,50,0,0,0
2024-11-21 08:15,146,93,53,0,0,0
2024-11-21 08:30,104,76,28,0,0,0
2024-11-21 08:45,143,92,51,0,0,0
2024-11-21 09:00,100,68,32,0,0,0
2024-11-21 09:15,108,66,42,0,0,0
2024-11-21 09:30,104,70,34,0,0,0
2024-11-21 09:45,139,99,40,0,0,0
2024-11-21 10:00,113,79,34,0,0,0
2024-11-21 10:15,85,49,36,0,0,0
2024-11-21 10:30,81,51,30,0,0,0
2024-11-21 10:45,114,57,57,0,0,0
2024-11-21 11:00,97,52,45,0,0,0
2024-11-21 11:15,100,54,46,0,0,0
2024-11-21 11:30,99,51,48,0,0,0
2024-11-21 11:45,124,59,65,0,0,0
2024-11-21 12:00,142,68,74,0,0,0
2024-11-21 12:15,137,56,81,0,0,0
2024-11-21 12:30,136,54,82,0,0,0
2024-11-21 12:45,143,67,76,0,0,0
2024-11-21 13:00,153,61,92,0,0,0
2024-11-21 13:15,152,57,95,0,0,0
2024-11-21 13:30,110,50,60,0,0,0
2024-11-21 13:45,144,71,73,0,0,0
2024-11-21 14:00,145,55,90,0,0,0
2024-11-21 14:15,144,56,88,0,0,0
2024-11-21 14:30,160,80,80,0,0,0
2024-11-21 14:45,187,78,109,0,0,0
2024-11-21 15:00,163,60,103,0,0,0
2024-11-21 15:15,157,60,97,0,0,0
2024-11-21 15:30,157,59,98,0,0,0
2024-11-21 15:45,206,99,107,0,0,0
2024-11-21 16:00,209,76,133,0,0,0
2024-11-21 16:15,184,81,103,0,0,0
2024-11-21 16:30,174,62,112,0,0,0
2024-11-21 16:45,196,73,123,0,0,0
2024-11-21 17:00,202,70,132,0,0,0
2024-11-21 17:15,181,66,115,0,0,0
2024-11-21 17:30,148,50,98,0,0,0
2024-11-21 17:45,212,77,135,0,0,0
2024-11-21 18:00,153,47,106,0,0,0
2024-11-21 18:15,161,56,105,0,0,0
2024-11-21 18:30,129,55,74,0,0,0
2024-11-21 18:45,138,59,79,0,0,0
2024-11-21 19:00,114,41,73,0,0,0
2024-11-21 19:15,125,44,81,0,0,0
2024-11-21 19:30,90,32,58,0,0,0
2024-11-21 19:45,84,25,59,0,0,0
2024-11-21 20:00,85,26,59,0,0,0
2024-11-21 20:15,65,21,44,0,0,0
2024-11-21 20:30,56,12,44,0,0,0
2024-11-21 20:45,56,17,39,0,0,0
2024-11-21 21:00,59,23,36,0,0,0
2024-11-21 21:15,54,21,33,0,0,0
2024-11-21 21:30,45,22,23,0,0,0
2024-11-21 21:45,69,20,49,0,0,0
2024-11-21 22:00,48,14,34,0,0,0
2024-11-21 22:15,39,8,31,0,0,0
2024-11-21 22:30,59,9,50,0,0,0
2024-11-21 22:45,45,14,31,0,0,0
2024-11-21 23:00,28,2,26,0,0,0
2024-11-21 23:15,29,10,19,0,0,0
2024-11-21 23:30,30,8,22,0,0,0
2024-11-21 23:45,14,5,9,0,0,0
2024-11-22 00:00,15,4,11,0,0,0
2024-11-22 00:15,19,7,12,0,0,0
2024-11-22 00:30,6,1,5,0,0,0
2024-11-22 00:45,7,3,4,0,0,0
2024-11-22 01:00,4,1,3,0,0,0
2024-11-22 01:15,13,7,6,0,0,0
2024-11-22 01:30,4,1,3,0,0,0
2024-11-22 01:45,6,0,6,0,0,0
2024-11-22 02:00,2,2,0,0,0,0
2024-11-22 02:15,0,0,0,0,0,0
2024-11-22 02:30,3,1,2,0,0,0
2024-11-22 02:45,0,0,0,0,0,0
2024-11-22 03:00,2,0,2,0,0,0
2024-11-22 03:15,1,0,1,0,0,0
2024-11-22 03:30,1,0,1,0,0,0
2024-11-22 03:45,1,1,0,0,0,0
2024-11-22 04:00,0,0,0,0,0,0
2024-11-22 04:15,0,0,0,0,0,0
2024-11-22 04:30,7,2,5,0,0,0
2024-11-22 04:45,4,4,0,0,0,0
2024-11-22 05:00,2,2,0,0,0,0
2024-11-22 05:15,5,2,3,0,0,0
2024-11-22 05:30,10,7,3,0,0,0
2024-11-22 05:45,9,6,3,0,0,0
2024-11-22 06:00,11,7,4,0,0,0
2024-11-22 06:15,29,25,4,0,0,0
2024-11-22 06:30,31,20,11,0,0,0
2024-11-22 06:45,47,25,22,0,0,0
2024-11-22 07:00,61,33,28,0,0,0
2024-11-22 07:15,90,58,32,0,0,0
2024-11-22 07:30,119,82,37,0,0,0
2024-11-22 07:45,153,83,70,0,0,0
2024-11-22 08:00,126,95,31,0,0,0
2024-11-22 08:15,123,77,46,0,0,0
2024-11-22 08:30,91,57,34,0,0,0
2024-11-22 08:45,108,76,32,0,0,0
2024-11-22 09:00,78,57,21,0,0,0
2024-11-22 09:15,80,54,26,0,0,0
2024-11-22 09:30,81,49,32,0,0,0
2024-11-22 09:45,119,85,34,0,0,0
2024-11-22 10:00,80,48,32,0,0,0
2024-11-22 10:15,82,53,29,0,0,0
2024-11-22 10:30,90,58,32,0,0,0
2024-11-22 10:45,91,50,41,0,0,0
2024-11-22 11:00,82,27,55,0,0,0
2024-11-22 11:15,112,59,53,0,0,0
2024-11-22 11:30,98,49,49,0,0,0
2024-11-22 11:45,134,70,64,0,0,0
2024-11-22 12:00,122,50,72,0,0,0
2024-11-22 12:15,145,61,84,0,0,0
2024-11-22 12:30,139,59,80,0,0,0
2024-11-22 12:45,148,67,81,0,0,0
2024-11-22 13:00,139,55,84,0,0,0
2024-11-22 13:15,128,49,79,0,0,0
2024-11-22 13:30,120,56,64,0,0,0
2024-11-22 13:45,163,75,88,0,0,0
2024-11-22 14:00,125,38,87,0,0,0
2024-11-22 14:15,141,62,79,0,0,0
2024-11-22 14:30,123,49,74,0,0,0
2024-11-22 14:45,162,77,85,0,0,0
2024-11-22 15:00,138,42,96,0,0,0
2024-11-22 15:15,122,43,79,0,0,0
2024-11-22 15:30,108,36,72,0,0,0
2024-11-22 15:45,117,41,76,0,0,0
2024-11-22 16:00,119,44,75,0,0,0
2024-11-22 16:15,132,51,81,0,0,0
2024-11-22 16:30,115,34,81,0,0,0
2024-11-22 16:45,152,53,99,0,0,0
2024-11-22 17:00,154,34,120,0,0,0
2024-11-22 17:15,202,48,154,0,0,0
2024-11-22 17:30,167,41,126,0,0,0
2024-11-22 17:45,140,36,104,0,0,0
2024-11-22 18:00,143,39,104,0,0,0
2024-11-22 18:15,126,54,72,0,0,0
2024-11-22 18:30,86,35,51,0,0,0
2024-11-22 18:45,86,37,49,0,0,0
2024-11-22 19:00,81,26,55,0,0,0
2024-11-22 19:15,113,56,57,0,0,0
2024-11-22 19:30,69,31,38,0,0,0
2024-11-22 19:45,73,37,36,0,0,0
2024-11-22 20:00,56,21,35,0,0,0
2024-11-22 20:15,59,29,30,0,0,0
2024-11-22 20:30,55,22,33,0,0,0
2024-11-22 20:45,74,46,28,0,0,0
2024-11-22 21:00,233,190,43,0,0,0
2024-11-22 21:15,129,95,34,0,0,0
2024-11-22 21:30,74,46,28,0,0,0
2024-11-22 21:45,54,26,28,0,0,0
2024-11-22 22:00,53,34,19,0,0,0
2024-11-22 22:15,49,25,24,0,0,0
2024-11-22 22:30,62,38,24,0,0,0
2024-11-22 22:45,48,14,34,0,0,0
2024-11-22 23:00,58,26,32,0,0,0
2024-11-22 23:15,50,25,25,0,0,0
2024-11-22 23:30,42,12,30,0,0,0
2024-11-22 23:45,39,20,19,0,0,0
