Datetime,100034980 (Hammer Straße),101034980 (Hammer Straße stadteinwärts),102034980 (Hammer Straße stadtauswärts),100034980-status,101034980-status,102034980-status
2024-09-01 00:00,71,11,60,0,0,0
2024-09-01 00:15,42,6,36,0,0,0
2024-09-01 00:30,46,10,36,0,0,0
2024-09-01 00:45,28,11,17,0,0,0
2024-09-01 01:00,22,9,13,0,0,0
2024-09-01 01:15,22,10,12,0,0,0
2024-09-01 01:30,35,9,26,0,0,0
2024-09-01 01:45,18,3,15,0,0,0
2024-09-01 02:00,14,3,11,0,0,0
2024-09-01 02:15,16,6,10,0,0,0
2024-09-01 02:30,15,4,11,0,0,0
2024-09-01 02:45,5,2,3,0,0,0
2024-09-01 03:00,14,3,11,0,0,0
2024-09-01 03:15,4,2,2,0,0,0
2024-09-01 03:30,4,0,4,0,0,0
2024-09-01 03:45,5,1,4,0,0,0
2024-09-01 04:00,1,0,1,0,0,0
2024-09-01 04:15,3,1,2,0,0,0
2024-09-01 04:30,1,0,1,0,0,0
2024-09-01 04:45,2,1,1,0,0,0
2024-09-01 05:00,1,0,1,0,0,0
2024-09-01 05:15,6,2,4,0,0,0
2024-09-01 05:30,3,1,2,0,0,0
2024-09-01 05:45,3,1,2,0,0,0
2024-09-01 06:00,5,1,4,0,0,0
2024-09-01 06:15,5,4,1,0,0,0
2024-09-01 06:30,5,2,3,0,0,0
2024-09-01 06:45,4,4,0,0,0,0
2024-09-01 07:00,2,1,1,0,0,0
2024-09-01 07:15,5,4,1,0,0,0
2024-09-01 07:30,15,6,9,0,0,0
2024-09-01 07:45,7,3,4,0,0,0
2024-09-01 08:00,14,7,7,0,0,0
2024-09-01 08:15,10,6,4,0,0,0
2024-09-01 08:30,17,6,11,0,0,0
2024-09-01 08:45,17,6,11,0,0,0
2024-09-01 09:00,21,13,8,0,0,0
2024-09-01 09:15,23,14,9,0,0,0
2024-09-01 09:30,32,22,10,0,0,0
2024-09-01 09:45,61,35,26,0,0,0
2024-09-01 10:00,54,31,23,0,0,0
2024-09-01 10:15,51,23,28,0,0,0
2024-09-01 10:30,47,26,21,0,0,0
2024-09-01 10:45,54,27,27,0,0,0
2024-09-01 11:00,48,26,22,0,0,0
2024-09-01 11:15,35,15,20,0,0,0
2024-09-01 11:30,49,24,25,0,0,0
2024-09-01 11:45,64,43,21,0,0,0
2024-09-01 12:00,71,41,30,0,0,0
2024-09-01 12:15,62,34,28,0,0,0
2024-09-01 12:30,69,43,26,0,0,0
2024-09-01 12:45,86,39,47,0,0,0
2024-09-01 13:00,90,51,39,0,0,0
2024-09-01 13:15,60,32,28,0,0,0
2024-09-01 13:30,75,41,34,0,0,0
2024-09-01 13:45,70,40,30,0,0,0
2024-09-01 14:00,71,40,31,0,0,0
2024-09-01 14:15,80,39,41,0,0,0
2024-09-01 14:30,71,38,33,0,0,0
2024-09-01 14:45,90,54,36,0,0,0
2024-09-01 15:00,75,44,31,0,0,0
2024-09-01 15:15,93,44,49,0,0,0
2024-09-01 15:30,93,37,56,0,0,0
2024-09-01 15:45,97,41,56,0,0,0
2024-09-01 16:00,79,44,35,0,0,0
2024-09-01 16:15,76,32,44,0,0,0
2024-09-01 16:30,116,53,63,0,0,0
2024-09-01 16:45,75,34,41,0,0,0
2024-09-01 17:00,86,41,45,0,0,0
2024-09-01 17:15,71,35,36,0,0,0
2024-09-01 17:30,80,35,45,0,0,0
2024-09-01 17:45,109,48,61,0,0,0
2024-09-01 18:00,89,31,58,0,0,0
2024-09-01 18:15,74,21,53,0,0,0
2024-09-01 18:30,102,44,58,0,0,0
2024-09-01 18:45,84,33,51,0,0,0
2024-09-01 19:00,69,24,45,0,0,0
2024-09-01 19:15,55,28,27,0,0,0
2024-09-01 19:30,68,23,45,0,0,0
2024-09-01 19:45,66,26,40,0,0,0
2024-09-01 20:00,62,28,34,0,0,0
2024-09-01 20:15,85,29,56,0,0,0
2024-09-01 20:30,59,20,39,0,0,0
2024-09-01 20:45,53,25,28,0,0,0
2024-09-01 21:00,50,20,30,0,0,0
2024-09-01 21:15,50,18,32,0,0,0
2024-09-01 21:30,27,6,21,0,0,0
2024-09-01 21:45,19,6,13,0,0,0
2024-09-01 22:00,25,10,15,0,0,0
2024-09-01 22:15,15,6,9,0,0,0
2024-09-01 22:30,25,5,20,0,0,0
2024-09-01 22:45,15,5,10,0,0,0
2024-09-01 23:00,17,11,6,0,0,0
2024-09-01 23:15,13,3,10,0,0,0
2024-09-01 23:30,11,6,5,0,0,0
2024-09-01 23:45,8,5,3,0,0,0
2024-09-02 00:00,4,1,3,0,0,0
2024-09-02 00:15,5,1,4,0,0,0
2024-09-02 00:30,4,2,2,0,0,0
2024-09-02 00:45,3,1,2,0,0,0
2024-09-02 01:00,2,1,1,0,0,0
2024-09-02 01:15,2,0,2,0,0,0
2024-09-02 01:30,2,1,1,0,0,0
2024-09-02 01:45,0,0,0,0,0,0
2024-09-02 02:00,0,0,0,0,0,0
2024-09-02 02:15,2,1,1,0,0,0
2024-09-02 02:30,1,1,0,0,0,0
2024-09-02 02:45,3,1,2,0,0,0
2024-09-02 03:00,0,0,0,0,0,0
2024-09-02 03:15,2,2,0,0,0,0
2024-09-02 03:30,1,0,1,0,0,0
2024-09-02 03:45,0,0,0,0,0,0
2024-09-02 04:00,2,2,0,0,0,0
2024-09-02 04:15,3,2,1,0,0,0
2024-09-02 04:30,0,0,0,0,0,0
2024-09-02 04:45,3,3,0,0,0,0
2024-09-02 05:00,1,1,0,0,0,0
2024-09-02 05:15,11,8,3,0,0,0
2024-09-02 05:30,12,8,4,0,0,0
2024-09-02 05:45,18,13,5,0,0,0
2024-09-02 06:00,28,18,10,0,0,0
2024-09-02 06:15,49,35,14,0,0,0
2024-09-02 06:30,54,31,23,0,0,0
2024-09-02 06:45,75,36,39,0,0,0
2024-09-02 07:00,90,53,37,0,0,0
2024-09-02 07:15,134,75,59,0,0,0
2024-09-02 07:30,160,105,55,0,0,0
2024-09-02 07:45,193,122,71,0,0,0
2024-09-02 08:00,151,98,53,0,0,0
2024-09-02 08:15,159,93,66,0,0,0
2024-09-02 08:30,129,84,45,0,0,0
2024-09-02 08:45,149,104,45,0,0,0
2024-09-02 09:00,100,67,33,0,0,0
2024-09-02 09:15,91,65,26,0,0,0
2024-09-02 09:30,122,79,43,0,0,0
2024-09-02 09:45,121,79,42,0,0,0
2024-09-02 10:00,75,44,31,0,0,0
2024-09-02 10:15,109,67,42,0,0,0
2024-09-02 10:30,116,66,50,0,0,0
2024-09-02 10:45,146,78,68,0,0,0
2024-09-02 11:00,110,68,42,0,0,0
2024-09-02 11:15,144,64,80,0,0,0
2024-09-02 11:30,128,64,64,0,0,0
2024-09-02 11:45,156,70,86,0,0,0
2024-09-02 12:00,144,52,92,0,0,0
2024-09-02 12:15,124,60,64,0,0,0
2024-09-02 12:30,167,59,108,0,0,0
2024-09-02 12:45,125,47,78,0,0,0
2024-09-02 13:00,158,55,103,0,0,0
2024-09-02 13:15,136,55,81,0,0,0
2024-09-02 13:30,130,53,77,0,0,0
2024-09-02 13:45,140,63,77,0,0,0
2024-09-02 14:00,125,55,70,0,0,0
2024-09-02 14:15,151,60,91,0,0,0
2024-09-02 14:30,147,67,80,0,0,0
2024-09-02 14:45,201,88,113,0,0,0
2024-09-02 15:00,165,80,85,0,0,0
2024-09-02 15:15,177,82,95,0,0,0
2024-09-02 15:30,163,84,79,0,0,0
2024-09-02 15:45,204,81,123,0,0,0
2024-09-02 16:00,207,84,123,0,0,0
2024-09-02 16:15,208,98,110,0,0,0
2024-09-02 16:30,219,72,147,0,0,0
2024-09-02 16:45,222,74,148,0,0,0
2024-09-02 17:00,184,72,112,0,0,0
2024-09-02 17:15,190,88,102,0,0,0
2024-09-02 17:30,204,76,128,0,0,0
2024-09-02 17:45,218,91,127,0,0,0
2024-09-02 18:00,188,78,110,0,0,0
2024-09-02 18:15,188,69,119,0,0,0
2024-09-02 18:30,156,56,100,0,0,0
2024-09-02 18:45,158,71,87,0,0,0
2024-09-02 19:00,113,33,80,0,0,0
2024-09-02 19:15,122,50,72,0,0,0
2024-09-02 19:30,96,34,62,0,0,0
2024-09-02 19:45,101,44,57,0,0,0
2024-09-02 20:00,103,34,69,0,0,0
2024-09-02 20:15,67,22,45,0,0,0
2024-09-02 20:30,76,30,46,0,0,0
2024-09-02 20:45,55,14,41,0,0,0
2024-09-02 21:00,55,13,42,0,0,0
2024-09-02 21:15,40,18,22,0,0,0
2024-09-02 21:30,51,19,32,0,0,0
2024-09-02 21:45,54,18,36,0,0,0
2024-09-02 22:00,42,18,24,0,0,0
2024-09-02 22:15,41,14,27,0,0,0
2024-09-02 22:30,26,13,13,0,0,0
2024-09-02 22:45,28,5,23,0,0,0
2024-09-02 23:00,21,3,18,0,0,0
2024-09-02 23:15,21,5,16,0,0,0
2024-09-02 23:30,12,4,8,0,0,0
2024-09-02 23:45,9,2,7,0,0,0
2024-09-03 00:00,17,7,10,0,0,0
2024-09-03 00:15,6,1,5,0,0,0
2024-09-03 00:30,3,0,3,0,0,0
2024-09-03 00:45,4,2,2,0,0,0
2024-09-03 01:00,6,4,2,0,0,0
2024-09-03 01:15,2,1,1,0,0,0
2024-09-03 01:30,1,0,1,0,0,0
2024-09-03 01:45,3,2,1,0,0,0
2024-09-03 02:00,0,0,0,0,0,0
2024-09-03 02:15,3,2,1,0,0,0
2024-09-03 02:30,0,0,0,0,0,0
2024-09-03 02:45,0,0,0,0,0,0
2024-09-03 03:00,0,0,0,0,0,0
2024-09-03 03:15,0,0,0,0,0,0
2024-09-03 03:30,2,1,1,0,0,0
2024-09-03 03:45,0,0,0,0,0,0
2024-09-03 04:00,2,2,0,0,0,0
2024-09-03 04:15,2,2,0,0,0,0
2024-09-03 04:30,1,0,1,0,0,0
2024-09-03 04:45,3,2,1,0,0,0
2024-09-03 05:00,5,2,3,0,0,0
2024-09-03 05:15,11,9,2,0,0,0
2024-09-03 05:30,20,13,7,0,0,0
2024-09-03 05:45,18,13,5,0,0,0
2024-09-03 06:00,27,19,8,0,0,0
2024-09-03 06:15,38,32,6,0,0,0
2024-09-03 06:30,55,37,18,0,0,0
2024-09-03 06:45,68,39,29,0,0,0
2024-09-03 07:00,79,55,24,0,0,0
2024-09-03 07:15,137,76,61,0,0,0
2024-09-03 07:30,170,98,72,0,0,0
2024-09-03 07:45,206,132,74,0,0,0
2024-09-03 08:00,150,104,46,0,0,0
2024-09-03 08:15,159,106,53,0,0,0
2024-09-03 08:30,144,101,43,0,0,0
2024-09-03 08:45,148,97,51,0,0,0
2024-09-03 09:00,108,71,37,0,0,0
2024-09-03 09:15,90,58,32,0,0,0
2024-09-03 09:30,120,82,38,0,0,0
2024-09-03 09:45,107,63,44,0,0,0
2024-09-03 10:00,100,59,41,0,0,0
2024-09-03 10:15,89,49,40,0,0,0
2024-09-03 10:30,142,90,52,0,0,0
2024-09-03 10:45,111,66,45,0,0,0
2024-09-03 11:00,101,43,58,0,0,0
2024-09-03 11:15,126,74,52,0,0,0
2024-09-03 11:30,132,62,70,0,0,0
2024-09-03 11:45,115,60,55,0,0,0
2024-09-03 12:00,120,40,80,0,0,0
2024-09-03 12:15,136,68,68,0,0,0
2024-09-03 12:30,124,49,75,0,0,0
2024-09-03 12:45,140,63,77,0,0,0
2024-09-03 13:00,158,60,98,0,0,0
2024-09-03 13:15,149,70,79,0,0,0
2024-09-03 13:30,146,49,97,0,0,0
2024-09-03 13:45,161,71,90,0,0,0
2024-09-03 14:00,165,68,97,0,0,0
2024-09-03 14:15,152,59,93,0,0,0
2024-09-03 14:30,152,69,83,0,0,0
2024-09-03 14:45,176,83,93,0,0,0
2024-09-03 15:00,174,65,109,0,0,0
2024-09-03 15:15,170,78,92,0,0,0
2024-09-03 15:30,176,75,101,0,0,0
2024-09-03 15:45,120,48,72,0,0,0
2024-09-03 16:00,204,89,115,0,0,0
2024-09-03 16:15,219,92,127,0,0,0
2024-09-03 16:30,191,92,99,0,0,0
2024-09-03 16:45,227,95,132,0,0,0
2024-09-03 17:00,198,77,121,0,0,0
2024-09-03 17:15,213,84,129,0,0,0
2024-09-03 17:30,204,77,127,0,0,0
2024-09-03 17:45,201,80,121,0,0,0
2024-09-03 18:00,198,69,129,0,0,0
2024-09-03 18:15,188,73,115,0,0,0
2024-09-03 18:30,155,69,86,0,0,0
2024-09-03 18:45,156,71,85,0,0,0
2024-09-03 19:00,153,66,87,0,0,0
2024-09-03 19:15,104,41,63,0,0,0
2024-09-03 19:30,123,39,84,0,0,0
2024-09-03 19:45,138,53,85,0,0,0
2024-09-03 20:00,99,34,65,0,0,0
2024-09-03 20:15,93,38,55,0,0,0
2024-09-03 20:30,86,27,59,0,0,0
2024-09-03 20:45,73,24,49,0,0,0
2024-09-03 21:00,61,23,38,0,0,0
2024-09-03 21:15,68,28,40,0,0,0
2024-09-03 21:30,56,13,43,0,0,0
2024-09-03 21:45,61,28,33,0,0,0
2024-09-03 22:00,59,20,39,0,0,0
2024-09-03 22:15,62,16,46,0,0,0
2024-09-03 22:30,45,14,31,0,0,0
2024-09-03 22:45,30,14,16,0,0,0
2024-09-03 23:00,26,8,18,0,0,0
2024-09-03 23:15,22,8,14,0,0,0
2024-09-03 23:30,11,4,7,0,0,0
2024-09-03 23:45,11,6,5,0,0,0
2024-09-04 00:00,6,1,5,0,0,0
2024-09-04 00:15,8,1,7,0,0,0
2024-09-04 00:30,5,0,5,0,0,0
2024-09-04 00:45,6,2,4,0,0,0
2024-09-04 01:00,3,0,3,0,0,0
2024-09-04 01:15,2,2,0,0,0,0
2024-09-04 01:30,4,1,3,0,0,0
2024-09-04 01:45,0,0,0,0,0,0
2024-09-04 02:00,0,0,0,0,0,0
2024-09-04 02:15,1,0,1,0,0,0
2024-09-04 02:30,0,0,0,0,0,0
2024-09-04 02:45,1,1,0,0,0,0
2024-09-04 03:00,1,0,1,0,0,0
2024-09-04 03:15,0,0,0,0,0,0
2024-09-04 03:30,1,1,0,0,0,0
2024-09-04 03:45,0,0,0,0,0,0
2024-09-04 04:00,2,1,1,0,0,0
2024-09-04 04:15,1,1,0,0,0,0
2024-09-04 04:30,3,0,3,0,0,0
2024-09-04 04:45,5,4,1,0,0,0
2024-09-04 05:00,4,3,1,0,0,0
2024-09-04 05:15,4,2,2,0,0,0
2024-09-04 05:30,11,8,3,0,0,0
2024-09-04 05:45,22,13,9,0,0,0
2024-09-04 06:00,31,23,8,0,0,0
2024-09-04 06:15,32,27,5,0,0,0
2024-09-04 06:30,37,25,12,0,0,0
2024-09-04 06:45,69,45,24,0,0,0
2024-09-04 07:00,70,43,27,0,0,0
2024-09-04 07:15,152,94,58,0,0,0
2024-09-04 07:30,190,132,58,0,0,0
2024-09-04 07:45,184,116,68,0,0,0
2024-09-04 08:00,163,117,46,0,0,0
2024-09-04 08:15,151,96,55,0,0,0
2024-09-04 08:30,131,82,49,0,0,0
2024-09-04 08:45,154,108,46,0,0,0
2024-09-04 09:00,106,67,39,0,0,0
2024-09-04 09:15,116,78,38,0,0,0
2024-09-04 09:30,112,70,42,0,0,0
2024-09-04 09:45,144,100,44,0,0,0
2024-09-04 10:00,95,47,48,0,0,0
2024-09-04 10:15,101,66,35,0,0,0
2024-09-04 10:30,117,68,49,0,0,0
2024-09-04 10:45,115,72,43,0,0,0
2024-09-04 11:00,97,41,56,0,0,0
2024-09-04 11:15,99,50,49,0,0,0
2024-09-04 11:30,94,57,37,0,0,0
2024-09-04 11:45,128,71,57,0,0,0
2024-09-04 12:00,128,57,71,0,0,0
2024-09-04 12:15,84,39,45,0,0,0
2024-09-04 12:30,115,41,74,0,0,0
2024-09-04 12:45,121,42,79,0,0,0
2024-09-04 13:00,132,47,85,0,0,0
2024-09-04 13:15,109,38,71,0,0,0
2024-09-04 13:30,102,37,65,0,0,0
2024-09-04 13:45,117,44,73,0,0,0
2024-09-04 14:00,91,34,57,0,0,0
2024-09-04 14:15,82,27,55,0,0,0
2024-09-04 14:30,112,40,72,0,0,0
2024-09-04 14:45,109,48,61,0,0,0
2024-09-04 15:00,101,34,67,0,0,0
2024-09-04 15:15,116,45,71,0,0,0
2024-09-04 15:30,102,49,53,0,0,0
2024-09-04 15:45,126,47,79,0,0,0
2024-09-04 16:00,153,68,85,0,0,0
2024-09-04 16:15,166,72,94,0,0,0
2024-09-04 16:30,168,74,94,0,0,0
2024-09-04 16:45,151,58,93,0,0,0
2024-09-04 17:00,162,58,104,0,0,0
2024-09-04 17:15,163,72,91,0,0,0
2024-09-04 17:30,159,71,88,0,0,0
2024-09-04 17:45,184,77,107,0,0,0
2024-09-04 18:00,130,40,90,0,0,0
2024-09-04 18:15,115,41,74,0,0,0
2024-09-04 18:30,107,43,64,0,0,0
2024-09-04 18:45,106,40,66,0,0,0
2024-09-04 19:00,127,54,73,0,0,0
2024-09-04 19:15,102,38,64,0,0,0
2024-09-04 19:30,49,2,47,0,0,0
2024-09-04 19:45,98,41,57,0,0,0
2024-09-04 20:00,73,34,39,0,0,0
2024-09-04 20:15,86,28,58,0,0,0
2024-09-04 20:30,58,21,37,0,0,0
2024-09-04 20:45,53,19,34,0,0,0
2024-09-04 21:00,57,26,31,0,0,0
2024-09-04 21:15,54,22,32,0,0,0
2024-09-04 21:30,37,17,20,0,0,0
2024-09-04 21:45,42,20,22,0,0,0
2024-09-04 22:00,50,13,37,0,0,0
2024-09-04 22:15,33,14,19,0,0,0
2024-09-04 22:30,31,13,18,0,0,0
2024-09-04 22:45,20,9,11,0,0,0
2024-09-04 23:00,38,15,23,0,0,0
2024-09-04 23:15,23,9,14,0,0,0
2024-09-04 23:30,17,3,14,0,0,0
2024-09-04 23:45,12,5,7,0,0,0
2024-09-05 00:00,8,4,4,0,0,0
2024-09-05 00:15,4,0,4,0,0,0
2024-09-05 00:30,9,2,7,0,0,0
2024-09-05 00:45,18,4,14,0,0,0
2024-09-05 01:00,2,0,2,0,0,0
2024-09-05 01:15,4,2,2,0,0,0
2024-09-05 01:30,2,1,1,0,0,0
2024-09-05 01:45,3,1,2,0,0,0
2024-09-05 02:00,3,1,2,0,0,0
2024-09-05 02:15,0,0,0,0,0,0
2024-09-05 02:30,4,2,2,0,0,0
2024-09-05 02:45,0,0,0,0,0,0
2024-09-05 03:00,1,0,1,0,0,0
2024-09-05 03:15,3,0,3,0,0,0
2024-09-05 03:30,1,0,1,0,0,0
2024-09-05 03:45,0,0,0,0,0,0
2024-09-05 04:00,0,0,0,0,0,0
2024-09-05 04:15,5,1,4,0,0,0
2024-09-05 04:30,0,0,0,0,0,0
2024-09-05 04:45,4,3,1,0,0,0
2024-09-05 05:00,5,3,2,0,0,0
2024-09-05 05:15,11,7,4,0,0,0
2024-09-05 05:30,13,8,5,0,0,0
2024-09-05 05:45,30,20,10,0,0,0
2024-09-05 06:00,18,11,7,0,0,0
2024-09-05 06:15,43,33,10,0,0,0
2024-09-05 06:30,45,26,19,0,0,0
2024-09-05 06:45,67,42,25,0,0,0
2024-09-05 07:00,101,68,33,0,0,0
2024-09-05 07:15,143,84,59,0,0,0
2024-09-05 07:30,202,128,74,0,0,0
2024-09-05 07:45,195,129,66,0,0,0
2024-09-05 08:00,150,108,42,0,0,0
2024-09-05 08:15,170,107,63,0,0,0
2024-09-05 08:30,145,96,49,0,0,0
2024-09-05 08:45,148,98,50,0,0,0
2024-09-05 09:00,111,77,34,0,0,0
2024-09-05 09:15,114,76,38,0,0,0
2024-09-05 09:30,99,58,41,0,0,0
2024-09-05 09:45,124,83,41,0,0,0
2024-09-05 10:00,97,62,35,0,0,0
2024-09-05 10:15,97,60,37,0,0,0
2024-09-05 10:30,113,66,47,0,0,0
2024-09-05 10:45,127,68,59,0,0,0
2024-09-05 11:00,125,59,66,0,0,0
2024-09-05 11:15,132,63,69,0,0,0
2024-09-05 11:30,108,60,48,0,0,0
2024-09-05 11:45,131,63,68,0,0,0
2024-09-05 12:00,152,54,98,0,0,0
2024-09-05 12:15,150,75,75,0,0,0
2024-09-05 12:30,162,78,84,0,0,0
2024-09-05 12:45,153,82,71,0,0,0
2024-09-05 13:00,165,61,104,0,0,0
2024-09-05 13:15,136,66,70,0,0,0
2024-09-05 13:30,119,53,66,0,0,0
2024-09-05 13:45,186,91,95,0,0,0
2024-09-05 14:00,152,59,93,0,0,0
2024-09-05 14:15,164,69,95,0,0,0
2024-09-05 14:30,160,71,89,0,0,0
2024-09-05 14:45,172,75,97,0,0,0
2024-09-05 15:00,182,69,113,0,0,0
2024-09-05 15:15,200,85,115,0,0,0
2024-09-05 15:30,211,83,128,0,0,0
2024-09-05 15:45,200,97,103,0,0,0
2024-09-05 16:00,215,95,120,0,0,0
2024-09-05 16:15,218,85,133,0,0,0
2024-09-05 16:30,212,68,144,0,0,0
2024-09-05 16:45,244,98,146,0,0,0
2024-09-05 17:00,276,89,187,0,0,0
2024-09-05 17:15,327,86,241,0,0,0
2024-09-05 17:30,252,100,152,0,0,0
2024-09-05 17:45,224,103,121,0,0,0
2024-09-05 18:00,211,102,109,0,0,0
2024-09-05 18:15,194,75,119,0,0,0
2024-09-05 18:30,158,65,93,0,0,0
2024-09-05 18:45,174,86,88,0,0,0
2024-09-05 19:00,137,65,72,0,0,0
2024-09-05 19:15,165,60,105,0,0,0
2024-09-05 19:30,107,37,70,0,0,0
2024-09-05 19:45,130,49,81,0,0,0
2024-09-05 20:00,165,95,70,0,0,0
2024-09-05 20:15,170,105,65,0,0,0
2024-09-05 20:30,111,59,52,0,0,0
2024-09-05 20:45,90,35,55,0,0,0
2024-09-05 21:00,74,27,47,0,0,0
2024-09-05 21:15,64,17,47,0,0,0
2024-09-05 21:30,80,26,54,0,0,0
2024-09-05 21:45,56,29,27,0,0,0
2024-09-05 22:00,78,27,51,0,0,0
2024-09-05 22:15,74,20,54,0,0,0
2024-09-05 22:30,56,15,41,0,0,0
2024-09-05 22:45,34,7,27,0,0,0
2024-09-05 23:00,39,11,28,0,0,0
2024-09-05 23:15,32,8,24,0,0,0
2024-09-05 23:30,20,9,11,0,0,0
2024-09-05 23:45,24,6,18,0,0,0
2024-09-06 00:00,13,7,6,0,0,0
2024-09-06 00:15,16,5,11,0,0,0
2024-09-06 00:30,16,5,11,0,0,0
2024-09-06 00:45,12,0,12,0,0,0
2024-09-06 01:00,13,2,11,0,0,0
2024-09-06 01:15,4,0,4,0,0,0
2024-09-06 01:30,4,0,4,0,0,0
2024-09-06 01:45,1,0,1,0,0,0
2024-09-06 02:00,3,0,3,0,0,0
2024-09-06 02:15,3,1,2,0,0,0
2024-09-06 02:30,4,0,4,0,0,0
2024-09-06 02:45,1,0,1,0,0,0
2024-09-06 03:00,3,0,3,0,0,0
2024-09-06 03:15,4,1,3,0,0,0
2024-09-06 03:30,0,0,0,0,0,0
2024-09-06 03:45,0,0,0,0,0,0
2024-09-06 04:00,2,2,0,0,0,0
2024-09-06 04:15,0,0,0,0,0,0
2024-09-06 04:30,1,0,1,0,0,0
2024-09-06 04:45,6,4,2,0,0,0
2024-09-06 05:00,6,5,1,0,0,0
2024-09-06 05:15,9,5,4,0,0,0
2024-09-06 05:30,22,12,10,0,0,0
2024-09-06 05:45,13,9,4,0,0,0
2024-09-06 06:00,23,17,6,0,0,0
2024-09-06 06:15,42,36,6,0,0,0
2024-09-06 06:30,36,20,16,0,0,0
2024-09-06 06:45,65,41,24,0,0,0
2024-09-06 07:00,85,53,32,0,0,0
2024-09-06 07:15,119,70,49,0,0,0
2024-09-06 07:30,165,108,57,0,0,0
2024-09-06 07:45,173,112,61,0,0,0
2024-09-06 08:00,149,92,57,0,0,0
2024-09-06 08:15,135,93,42,0,0,0
2024-09-06 08:30,119,81,38,0,0,0
2024-09-06 08:45,147,104,43,0,0,0
2024-09-06 09:00,106,69,37,0,0,0
2024-09-06 09:15,99,69,30,0,0,0
2024-09-06 09:30,124,60,64,0,0,0
2024-09-06 09:45,132,87,45,0,0,0
2024-09-06 10:00,108,67,41,0,0,0
2024-09-06 10:15,116,77,39,0,0,0
2024-09-06 10:30,114,54,60,0,0,0
2024-09-06 10:45,139,76,63,0,0,0
2024-09-06 11:00,111,52,59,0,0,0
2024-09-06 11:15,123,61,62,0,0,0
2024-09-06 11:30,122,66,56,0,0,0
2024-09-06 11:45,157,76,81,0,0,0
2024-09-06 12:00,129,54,75,0,0,0
2024-09-06 12:15,187,93,94,0,0,0
2024-09-06 12:30,188,97,91,0,0,0
2024-09-06 12:45,147,69,78,0,0,0
2024-09-06 13:00,173,73,100,0,0,0
2024-09-06 13:15,185,80,105,0,0,0
2024-09-06 13:30,150,60,90,0,0,0
2024-09-06 13:45,178,69,109,0,0,0
2024-09-06 14:00,154,51,103,0,0,0
2024-09-06 14:15,176,69,107,0,0,0
2024-09-06 14:30,158,60,98,0,0,0
2024-09-06 14:45,193,76,117,0,0,0
2024-09-06 15:00,161,60,101,0,0,0
2024-09-06 15:15,207,89,118,0,0,0
2024-09-06 15:30,184,76,108,0,0,0
2024-09-06 15:45,199,83,116,0,0,0
2024-09-06 16:00,161,77,84,0,0,0
2024-09-06 16:15,166,74,92,0,0,0
2024-09-06 16:30,178,86,92,0,0,0
2024-09-06 16:45,154,70,84,0,0,0
2024-09-06 17:00,157,67,90,0,0,0
2024-09-06 17:15,163,70,93,0,0,0
2024-09-06 17:30,154,65,89,0,0,0
2024-09-06 17:45,165,73,92,0,0,0
2024-09-06 18:00,130,62,68,0,0,0
2024-09-06 18:15,169,69,100,0,0,0
2024-09-06 18:30,147,70,77,0,0,0
2024-09-06 18:45,166,71,95,0,0,0
2024-09-06 19:00,143,62,81,0,0,0
2024-09-06 19:15,129,50,79,0,0,0
2024-09-06 19:30,116,52,64,0,0,0
2024-09-06 19:45,115,55,60,0,0,0
2024-09-06 20:00,92,41,51,0,0,0
2024-09-06 20:15,97,53,44,0,0,0
2024-09-06 20:30,65,27,38,0,0,0
2024-09-06 20:45,70,23,47,0,0,0
2024-09-06 21:00,63,22,41,0,0,0
2024-09-06 21:15,55,12,43,0,0,0
2024-09-06 21:30,64,31,33,0,0,0
2024-09-06 21:45,69,37,32,0,0,0
2024-09-06 22:00,51,22,29,0,0,0
2024-09-06 22:15,57,23,34,0,0,0
2024-09-06 22:30,56,20,36,0,0,0
2024-09-06 22:45,63,19,44,0,0,0
2024-09-06 23:00,62,23,39,0,0,0
2024-09-06 23:15,53,28,25,0,0,0
2024-09-06 23:30,48,23,25,0,0,0
2024-09-06 23:45,37,19,18,0,0,0
2024-09-07 00:00,43,16,27,0,0,0
2024-09-07 00:15,39,22,17,0,0,0
2024-09-07 00:30,36,13,23,0,0,0
2024-09-07 00:45,21,5,16,0,0,0
2024-09-07 01:00,27,13,14,0,0,0
2024-09-07 01:15,18,6,12,0,0,0
2024-09-07 01:30,19,6,13,0,0,0
2024-09-07 01:45,19,5,14,0,0,0
2024-09-07 02:00,9,6,3,0,0,0
2024-09-07 02:15,10,0,10,0,0,0
2024-09-07 02:30,3,0,3,0,0,0
2024-09-07 02:45,12,3,9,0,0,0
2024-09-07 03:00,5,2,3,0,0,0
2024-09-07 03:15,7,2,5,0,0,0
2024-09-07 03:30,11,6,5,0,0,0
2024-09-07 03:45,6,3,3,0,0,0
2024-09-07 04:00,3,2,1,0,0,0
2024-09-07 04:15,4,1,3,0,0,0
2024-09-07 04:30,7,1,6,0,0,0
2024-09-07 04:45,1,0,1,0,0,0
2024-09-07 05:00,6,4,2,0,0,0
2024-09-07 05:15,10,5,5,0,0,0
2024-09-07 05:30,11,6,5,0,0,0
2024-09-07 05:45,8,7,1,0,0,0
2024-09-07 06:00,5,3,2,0,0,0
2024-09-07 06:15,4,2,2,0,0,0
2024-09-07 06:30,9,8,1,0,0,0
2024-09-07 06:45,19,16,3,0,0,0
2024-09-07 07:00,13,6,7,0,0,0
2024-09-07 07:15,14,9,5,0,0,0
2024-09-07 07:30,19,11,8,0,0,0
2024-09-07 07:45,28,18,10,0,0,0
2024-09-07 08:00,19,12,7,0,0,0
2024-09-07 08:15,26,18,8,0,0,0
2024-09-07 08:30,40,25,15,0,0,0
2024-09-07 08:45,70,41,29,0,0,0
2024-09-07 09:00,52,32,20,0,0,0
2024-09-07 09:15,82,52,30,0,0,0
2024-09-07 09:30,75,58,17,0,0,0
2024-09-07 09:45,115,84,31,0,0,0
2024-09-07 10:00,122,87,35,0,0,0
2024-09-07 10:15,131,93,38,0,0,0
2024-09-07 10:30,159,98,61,0,0,0
2024-09-07 10:45,160,102,58,0,0,0
2024-09-07 11:00,159,105,54,0,0,0
2024-09-07 11:15,177,105,72,0,0,0
2024-09-07 11:30,165,103,62,0,0,0
2024-09-07 11:45,200,121,79,0,0,0
2024-09-07 12:00,180,85,95,0,0,0
2024-09-07 12:15,199,95,104,0,0,0
2024-09-07 12:30,179,99,80,0,0,0
2024-09-07 12:45,217,107,110,0,0,0
2024-09-07 13:00,194,104,90,0,0,0
2024-09-07 13:15,204,95,109,0,0,0
2024-09-07 13:30,192,73,119,0,0,0
2024-09-07 13:45,179,96,83,0,0,0
2024-09-07 14:00,168,69,99,0,0,0
2024-09-07 14:15,153,68,85,0,0,0
2024-09-07 14:30,196,79,117,0,0,0
2024-09-07 14:45,176,67,109,0,0,0
2024-09-07 15:00,167,68,99,0,0,0
2024-09-07 15:15,149,55,94,0,0,0
2024-09-07 15:30,161,76,85,0,0,0
2024-09-07 15:45,142,61,81,0,0,0
2024-09-07 16:00,133,58,75,0,0,0
2024-09-07 16:15,108,44,64,0,0,0
2024-09-07 16:30,134,55,79,0,0,0
2024-09-07 16:45,144,59,85,0,0,0
2024-09-07 17:00,113,53,60,0,0,0
2024-09-07 17:15,141,64,77,0,0,0
2024-09-07 17:30,122,57,65,0,0,0
2024-09-07 17:45,119,51,68,0,0,0
2024-09-07 18:00,145,61,84,0,0,0
2024-09-07 18:15,106,46,60,0,0,0
2024-09-07 18:30,145,66,79,0,0,0
2024-09-07 18:45,109,50,59,0,0,0
2024-09-07 19:00,136,73,63,0,0,0
2024-09-07 19:15,109,55,54,0,0,0
2024-09-07 19:30,100,45,55,0,0,0
2024-09-07 19:45,90,40,50,0,0,0
2024-09-07 20:00,119,39,80,0,0,0
2024-09-07 20:15,92,36,56,0,0,0
2024-09-07 20:30,80,27,53,0,0,0
2024-09-07 20:45,62,26,36,0,0,0
2024-09-07 21:00,57,28,29,0,0,0
2024-09-07 21:15,40,8,32,0,0,0
2024-09-07 21:30,52,16,36,0,0,0
2024-09-07 21:45,42,13,29,0,0,0
2024-09-07 22:00,42,11,31,0,0,0
2024-09-07 22:15,50,25,25,0,0,0
2024-09-07 22:30,40,15,25,0,0,0
2024-09-07 22:45,43,14,29,0,0,0
2024-09-07 23:00,57,18,39,0,0,0
2024-09-07 23:15,40,10,30,0,0,0
2024-09-07 23:30,33,9,24,0,0,0
2024-09-07 23:45,34,8,26,0,0,0
2024-09-08 00:00,28,11,17,0,0,0
2024-09-08 00:15,34,11,23,0,0,0
2024-09-08 00:30,30,5,25,0,0,0
2024-09-08 00:45,22,5,17,0,0,0
2024-09-08 01:00,25,4,21,0,0,0
2024-09-08 01:15,20,3,17,0,0,0
2024-09-08 01:30,11,5,6,0,0,0
2024-09-08 01:45,16,7,9,0,0,0
2024-09-08 02:00,9,1,8,0,0,0
2024-09-08 02:15,16,3,13,0,0,0
2024-09-08 02:30,8,1,7,0,0,0
2024-09-08 02:45,10,1,9,0,0,0
2024-09-08 03:00,9,6,3,0,0,0
2024-09-08 03:15,7,2,5,0,0,0
2024-09-08 03:30,3,0,3,0,0,0
2024-09-08 03:45,2,2,0,0,0,0
2024-09-08 04:00,7,0,7,0,0,0
2024-09-08 04:15,2,0,2,0,0,0
2024-09-08 04:30,4,1,3,0,0,0
2024-09-08 04:45,4,1,3,0,0,0
2024-09-08 05:00,5,1,4,0,0,0
2024-09-08 05:15,2,1,1,0,0,0
2024-09-08 05:30,7,5,2,0,0,0
2024-09-08 05:45,5,5,0,0,0,0
2024-09-08 06:00,6,2,4,0,0,0
2024-09-08 06:15,7,2,5,0,0,0
2024-09-08 06:30,3,1,2,0,0,0
2024-09-08 06:45,16,15,1,0,0,0
2024-09-08 07:00,6,2,4,0,0,0
2024-09-08 07:15,5,4,1,0,0,0
2024-09-08 07:30,7,4,3,0,0,0
2024-09-08 07:45,12,10,2,0,0,0
2024-09-08 08:00,32,23,9,0,0,0
2024-09-08 08:15,59,52,7,0,0,0
2024-09-08 08:30,48,44,4,0,0,0
2024-09-08 08:45,45,32,13,0,0,0
2024-09-08 09:00,42,30,12,0,0,0
2024-09-08 09:15,37,20,17,0,0,0
2024-09-08 09:30,40,32,8,0,0,0
2024-09-08 09:45,48,34,14,0,0,0
2024-09-08 10:00,46,22,24,0,0,0
2024-09-08 10:15,57,34,23,0,0,0
2024-09-08 10:30,80,44,36,0,0,0
2024-09-08 10:45,82,55,27,0,0,0
2024-09-08 11:00,52,38,14,0,0,0
2024-09-08 11:15,69,35,34,0,0,0
2024-09-08 11:30,90,60,30,0,0,0
2024-09-08 11:45,80,45,35,0,0,0
2024-09-08 12:00,77,50,27,0,0,0
2024-09-08 12:15,98,69,29,0,0,0
2024-09-08 12:30,110,75,35,0,0,0
2024-09-08 12:45,115,53,62,0,0,0
2024-09-08 13:00,103,48,55,0,0,0
2024-09-08 13:15,103,51,52,0,0,0
2024-09-08 13:30,106,35,71,0,0,0
2024-09-08 13:45,121,47,74,0,0,0
2024-09-08 14:00,136,47,89,0,0,0
2024-09-08 14:15,130,37,93,0,0,0
2024-09-08 14:30,149,59,90,0,0,0
2024-09-08 14:45,122,43,79,0,0,0
2024-09-08 15:00,130,51,79,0,0,0
2024-09-08 15:15,120,39,81,0,0,0
2024-09-08 15:30,112,35,77,0,0,0
2024-09-08 15:45,127,50,77,0,0,0
2024-09-08 16:00,101,45,56,0,0,0
2024-09-08 16:15,109,44,65,0,0,0
2024-09-08 16:30,76,35,41,0,0,0
2024-09-08 16:45,106,35,71,0,0,0
2024-09-08 17:00,87,42,45,0,0,0
2024-09-08 17:15,83,33,50,0,0,0
2024-09-08 17:30,91,34,57,0,0,0
2024-09-08 17:45,84,33,51,0,0,0
2024-09-08 18:00,86,31,55,0,0,0
2024-09-08 18:15,95,44,51,0,0,0
2024-09-08 18:30,77,34,43,0,0,0
2024-09-08 18:45,100,57,43,0,0,0
2024-09-08 19:00,77,27,50,0,0,0
2024-09-08 19:15,77,34,43,0,0,0
2024-09-08 19:30,61,23,38,0,0,0
2024-09-08 19:45,71,22,49,0,0,0
2024-09-08 20:00,55,15,40,0,0,0
2024-09-08 20:15,49,14,35,0,0,0
2024-09-08 20:30,47,21,26,0,0,0
2024-09-08 20:45,35,13,22,0,0,0
2024-09-08 21:00,41,20,21,0,0,0
2024-09-08 21:15,35,13,22,0,0,0
2024-09-08 21:30,41,5,36,0,0,0
2024-09-08 21:45,26,17,9,0,0,0
2024-09-08 22:00,15,8,7,0,0,0
2024-09-08 22:15,28,10,18,0,0,0
2024-09-08 22:30,26,5,21,0,0,0
2024-09-08 22:45,20,8,12,0,0,0
2024-09-08 23:00,12,3,9,0,0,0
2024-09-08 23:15,15,8,7,0,0,0
2024-09-08 23:30,6,1,5,0,0,0
2024-09-08 23:45,5,0,5,0,0,0
2024-09-09 00:00,2,0,2,0,0,0
2024-09-09 00:15,8,2,6,0,0,0
2024-09-09 00:30,3,0,3,0,0,0
2024-09-09 00:45,0,0,0,0,0,0
2024-09-09 01:00,4,4,0,0,0,0
2024-09-09 01:15,1,0,1,0,0,0
2024-09-09 01:30,1,1,0,0,0,0
2024-09-09 01:45,0,0,0,0,0,0
2024-09-09 02:00,2,0,2,0,0,0
2024-09-09 02:15,1,0,1,0,0,0
2024-09-09 02:30,0,0,0,0,0,0
2024-09-09 02:45,3,0,3,0,0,0
2024-09-09 03:00,1,1,0,0,0,0
2024-09-09 03:15,0,0,0,0,0,0
2024-09-09 03:30,1,0,1,0,0,0
2024-09-09 03:45,0,0,0,0,0,0
2024-09-09 04:00,1,1,0,0,0,0
2024-09-09 04:15,2,1,1,0,0,0
2024-09-09 04:30,2,1,1,0,0,0
2024-09-09 04:45,5,4,1,0,0,0
2024-09-09 05:00,1,1,0,0,0,0
2024-09-09 05:15,8,6,2,0,0,0
2024-09-09 05:30,15,11,4,0,0,0
2024-09-09 05:45,16,12,4,0,0,0
2024-09-09 06:00,24,16,8,0,0,0
2024-09-09 06:15,43,30,13,0,0,0
2024-09-09 06:30,32,22,10,0,0,0
2024-09-09 06:45,51,30,21,0,0,0
2024-09-09 07:00,90,56,34,0,0,0
2024-09-09 07:15,129,79,50,0,0,0
2024-09-09 07:30,176,127,49,0,0,0
2024-09-09 07:45,176,111,65,0,0,0
2024-09-09 08:00,154,85,69,0,0,0
2024-09-09 08:15,129,84,45,0,0,0
2024-09-09 08:30,149,89,60,0,0,0
2024-09-09 08:45,128,76,52,0,0,0
2024-09-09 09:00,96,55,41,0,0,0
2024-09-09 09:15,93,61,32,0,0,0
2024-09-09 09:30,121,85,36,0,0,0
2024-09-09 09:45,111,82,29,0,0,0
2024-09-09 10:00,93,53,40,0,0,0
2024-09-09 10:15,101,56,45,0,0,0
2024-09-09 10:30,107,55,52,0,0,0
2024-09-09 10:45,125,79,46,0,0,0
2024-09-09 11:00,119,55,64,0,0,0
2024-09-09 11:15,124,64,60,0,0,0
2024-09-09 11:30,104,45,59,0,0,0
2024-09-09 11:45,90,44,46,0,0,0
2024-09-09 12:00,143,57,86,0,0,0
2024-09-09 12:15,110,58,52,0,0,0
2024-09-09 12:30,124,44,80,0,0,0
2024-09-09 12:45,127,50,77,0,0,0
2024-09-09 13:00,115,41,74,0,0,0
2024-09-09 13:15,105,37,68,0,0,0
2024-09-09 13:30,90,43,47,0,0,0
2024-09-09 13:45,139,56,83,0,0,0
2024-09-09 14:00,109,41,68,0,0,0
2024-09-09 14:15,102,41,61,0,0,0
2024-09-09 14:30,117,55,62,0,0,0
2024-09-09 14:45,152,68,84,0,0,0
2024-09-09 15:00,138,49,89,0,0,0
2024-09-09 15:15,151,62,89,0,0,0
2024-09-09 15:30,150,74,76,0,0,0
2024-09-09 15:45,173,86,87,0,0,0
2024-09-09 16:00,197,78,119,0,0,0
2024-09-09 16:15,199,66,133,0,0,0
2024-09-09 16:30,164,69,95,0,0,0
2024-09-09 16:45,189,73,116,0,0,0
2024-09-09 17:00,196,73,123,0,0,0
2024-09-09 17:15,182,78,104,0,0,0
2024-09-09 17:30,171,79,92,0,0,0
2024-09-09 17:45,192,79,113,0,0,0
2024-09-09 18:00,176,66,110,0,0,0
2024-09-09 18:15,157,65,92,0,0,0
2024-09-09 18:30,124,51,73,0,0,0
2024-09-09 18:45,130,58,72,0,0,0
2024-09-09 19:00,115,43,72,0,0,0
2024-09-09 19:15,95,33,62,0,0,0
2024-09-09 19:30,99,38,61,0,0,0
2024-09-09 19:45,101,41,60,0,0,0
2024-09-09 20:00,84,26,58,0,0,0
2024-09-09 20:15,57,28,29,0,0,0
2024-09-09 20:30,50,20,30,0,0,0
2024-09-09 20:45,36,14,22,0,0,0
2024-09-09 21:00,42,13,29,0,0,0
2024-09-09 21:15,53,18,35,0,0,0
2024-09-09 21:30,33,9,24,0,0,0
2024-09-09 21:45,48,12,36,0,0,0
2024-09-09 22:00,29,8,21,0,0,0
2024-09-09 22:15,28,10,18,0,0,0
2024-09-09 22:30,28,13,15,0,0,0
2024-09-09 22:45,26,10,16,0,0,0
2024-09-09 23:00,12,8,4,0,0,0
2024-09-09 23:15,15,5,10,0,0,0
2024-09-09 23:30,10,5,5,0,0,0
2024-09-09 23:45,13,7,6,0,0,0
2024-09-10 00:00,11,1,10,0,0,0
2024-09-10 00:15,5,0,5,0,0,0
2024-09-10 00:30,5,2,3,0,0,0
2024-09-10 00:45,2,2,0,0,0,0
2024-09-10 01:00,3,2,1,0,0,0
2024-09-10 01:15,2,0,2,0,0,0
2024-09-10 01:30,1,0,1,0,0,0
2024-09-10 01:45,5,1,4,0,0,0
2024-09-10 02:00,1,1,0,0,0,0
2024-09-10 02:15,1,1,0,0,0,0
2024-09-10 02:30,1,1,0,0,0,0
2024-09-10 02:45,0,0,0,0,0,0
2024-09-10 03:00,0,0,0,0,0,0
2024-09-10 03:15,0,0,0,0,0,0
2024-09-10 03:30,1,1,0,0,0,0
2024-09-10 03:45,1,1,0,0,0,0
2024-09-10 04:00,2,2,0,0,0,0
2024-09-10 04:15,1,1,0,0,0,0
2024-09-10 04:30,3,0,3,0,0,0
2024-09-10 04:45,6,4,2,0,0,0
2024-09-10 05:00,2,0,2,0,0,0
2024-09-10 05:15,10,7,3,0,0,0
2024-09-10 05:30,12,9,3,0,0,0
2024-09-10 05:45,14,10,4,0,0,0
2024-09-10 06:00,29,19,10,0,0,0
2024-09-10 06:15,34,28,6,0,0,0
2024-09-10 06:30,49,35,14,0,0,0
2024-09-10 06:45,54,28,26,0,0,0
2024-09-10 07:00,82,54,28,0,0,0
2024-09-10 07:15,128,79,49,0,0,0
2024-09-10 07:30,199,120,79,0,0,0
2024-09-10 07:45,211,141,70,0,0,0
2024-09-10 08:00,170,118,52,0,0,0
2024-09-10 08:15,165,107,58,0,0,0
2024-09-10 08:30,138,94,44,0,0,0
2024-09-10 08:45,146,90,56,0,0,0
2024-09-10 09:00,98,68,30,0,0,0
2024-09-10 09:15,98,67,31,0,0,0
2024-09-10 09:30,100,59,41,0,0,0
2024-09-10 09:45,124,85,39,0,0,0
2024-09-10 10:00,88,41,47,0,0,0
2024-09-10 10:15,97,52,45,0,0,0
2024-09-10 10:30,92,48,44,0,0,0
2024-09-10 10:45,106,60,46,0,0,0
2024-09-10 11:00,112,46,66,0,0,0
2024-09-10 11:15,120,56,64,0,0,0
2024-09-10 11:30,122,64,58,0,0,0
2024-09-10 11:45,117,44,73,0,0,0
2024-09-10 12:00,131,55,76,0,0,0
2024-09-10 12:15,147,65,82,0,0,0
2024-09-10 12:30,143,39,104,0,0,0
2024-09-10 12:45,135,60,75,0,0,0
2024-09-10 13:00,143,79,64,0,0,0
2024-09-10 13:15,139,53,86,0,0,0
2024-09-10 13:30,123,50,73,0,0,0
2024-09-10 13:45,144,56,88,0,0,0
2024-09-10 14:00,135,57,78,0,0,0
2024-09-10 14:15,133,45,88,0,0,0
2024-09-10 14:30,139,58,81,0,0,0
2024-09-10 14:45,162,67,95,0,0,0
2024-09-10 15:00,159,75,84,0,0,0
2024-09-10 15:15,160,71,89,0,0,0
2024-09-10 15:30,174,83,91,0,0,0
2024-09-10 15:45,187,94,93,0,0,0
2024-09-10 16:00,162,69,93,0,0,0
2024-09-10 16:15,152,52,100,0,0,0
2024-09-10 16:30,200,77,123,0,0,0
2024-09-10 16:45,182,78,104,0,0,0
2024-09-10 17:00,213,58,155,0,0,0
2024-09-10 17:15,203,74,129,0,0,0
2024-09-10 17:30,208,74,134,0,0,0
2024-09-10 17:45,190,64,126,0,0,0
2024-09-10 18:00,183,76,107,0,0,0
2024-09-10 18:15,161,66,95,0,0,0
2024-09-10 18:30,138,50,88,0,0,0
2024-09-10 18:45,152,55,97,0,0,0
2024-09-10 19:00,126,55,71,0,0,0
2024-09-10 19:15,101,37,64,0,0,0
2024-09-10 19:30,96,33,63,0,0,0
2024-09-10 19:45,78,28,50,0,0,0
2024-09-10 20:00,59,16,43,0,0,0
2024-09-10 20:15,64,21,43,0,0,0
2024-09-10 20:30,60,15,45,0,0,0
2024-09-10 20:45,49,19,30,0,0,0
2024-09-10 21:00,61,14,47,0,0,0
2024-09-10 21:15,34,9,25,0,0,0
2024-09-10 21:30,34,13,21,0,0,0
2024-09-10 21:45,43,11,32,0,0,0
2024-09-10 22:00,38,15,23,0,0,0
2024-09-10 22:15,52,9,43,0,0,0
2024-09-10 22:30,41,11,30,0,0,0
2024-09-10 22:45,48,27,21,0,0,0
2024-09-10 23:00,24,8,16,0,0,0
2024-09-10 23:15,13,7,6,0,0,0
2024-09-10 23:30,9,3,6,0,0,0
2024-09-10 23:45,8,2,6,0,0,0
2024-09-11 00:00,8,2,6,0,0,0
2024-09-11 00:15,9,4,5,0,0,0
2024-09-11 00:30,4,2,2,0,0,0
2024-09-11 00:45,5,3,2,0,0,0
2024-09-11 01:00,4,2,2,0,0,0
2024-09-11 01:15,2,1,1,0,0,0
2024-09-11 01:30,3,1,2,0,0,0
2024-09-11 01:45,0,0,0,0,0,0
2024-09-11 02:00,0,0,0,0,0,0
2024-09-11 02:15,0,0,0,0,0,0
2024-09-11 02:30,1,0,1,0,0,0
2024-09-11 02:45,0,0,0,0,0,0
2024-09-11 03:00,0,0,0,0,0,0
2024-09-11 03:15,0,0,0,0,0,0
2024-09-11 03:30,1,1,0,0,0,0
2024-09-11 03:45,1,0,1,0,0,0
2024-09-11 04:00,0,0,0,0,0,0
2024-09-11 04:15,1,1,0,0,0,0
2024-09-11 04:30,3,1,2,0,0,0
2024-09-11 04:45,2,2,0,0,0,0
2024-09-11 05:00,2,0,2,0,0,0
2024-09-11 05:15,4,2,2,0,0,0
2024-09-11 05:30,5,4,1,0,0,0
2024-09-11 05:45,10,8,2,0,0,0
2024-09-11 06:00,20,15,5,0,0,0
2024-09-11 06:15,29,20,9,0,0,0
2024-09-11 06:30,29,18,11,0,0,0
2024-09-11 06:45,51,33,18,0,0,0
2024-09-11 07:00,79,50,29,0,0,0
2024-09-11 07:15,107,59,48,0,0,0
2024-09-11 07:30,176,116,60,0,0,0
2024-09-11 07:45,198,132,66,0,0,0
2024-09-11 08:00,145,93,52,0,0,0
2024-09-11 08:15,140,84,56,0,0,0
2024-09-11 08:30,126,85,41,0,0,0
2024-09-11 08:45,150,88,62,0,0,0
2024-09-11 09:00,110,59,51,0,0,0
2024-09-11 09:15,100,74,26,0,0,0
2024-09-11 09:30,97,62,35,0,0,0
2024-09-11 09:45,124,85,39,0,0,0
2024-09-11 10:00,77,44,33,0,0,0
2024-09-11 10:15,95,64,31,0,0,0
2024-09-11 10:30,74,44,30,0,0,0
2024-09-11 10:45,116,60,56,0,0,0
2024-09-11 11:00,90,46,44,0,0,0
2024-09-11 11:15,101,55,46,0,0,0
2024-09-11 11:30,110,55,55,0,0,0
2024-09-11 11:45,123,65,58,0,0,0
2024-09-11 12:00,127,58,69,0,0,0
2024-09-11 12:15,141,72,69,0,0,0
2024-09-11 12:30,111,40,71,0,0,0
2024-09-11 12:45,96,45,51,0,0,0
2024-09-11 13:00,145,51,94,0,0,0
2024-09-11 13:15,121,41,80,0,0,0
2024-09-11 13:30,109,38,71,0,0,0
2024-09-11 13:45,121,35,86,0,0,0
2024-09-11 14:00,106,41,65,0,0,0
2024-09-11 14:15,91,45,46,0,0,0
2024-09-11 14:30,135,45,90,0,0,0
2024-09-11 14:45,137,64,73,0,0,0
2024-09-11 15:00,125,50,75,0,0,0
2024-09-11 15:15,124,44,80,0,0,0
2024-09-11 15:30,166,70,96,0,0,0
2024-09-11 15:45,108,39,69,0,0,0
2024-09-11 16:00,107,32,75,0,0,0
2024-09-11 16:15,173,63,110,0,0,0
2024-09-11 16:30,155,59,96,0,0,0
2024-09-11 16:45,145,67,78,0,0,0
2024-09-11 17:00,161,65,96,0,0,0
2024-09-11 17:15,167,78,89,0,0,0
2024-09-11 17:30,175,72,103,0,0,0
2024-09-11 17:45,173,69,104,0,0,0
2024-09-11 18:00,68,23,45,0,0,0
2024-09-11 18:15,126,60,66,0,0,0
2024-09-11 18:30,135,50,85,0,0,0
2024-09-11 18:45,112,50,62,0,0,0
2024-09-11 19:00,91,33,58,0,0,0
2024-09-11 19:15,59,22,37,0,0,0
2024-09-11 19:30,52,22,30,0,0,0
2024-09-11 19:45,86,31,55,0,0,0
2024-09-11 20:00,62,27,35,0,0,0
2024-09-11 20:15,66,19,47,0,0,0
2024-09-11 20:30,47,14,33,0,0,0
2024-09-11 20:45,43,13,30,0,0,0
2024-09-11 21:00,52,18,34,0,0,0
2024-09-11 21:15,35,11,24,0,0,0
2024-09-11 21:30,51,16,35,0,0,0
2024-09-11 21:45,46,11,35,0,0,0
2024-09-11 22:00,41,16,25,0,0,0
2024-09-11 22:15,45,16,29,0,0,0
2024-09-11 22:30,16,7,9,0,0,0
2024-09-11 22:45,26,16,10,0,0,0
2024-09-11 23:00,19,7,12,0,0,0
2024-09-11 23:15,16,5,11,0,0,0
2024-09-11 23:30,21,0,21,0,0,0
2024-09-11 23:45,27,6,21,0,0,0
2024-09-12 00:00,8,0,8,0,0,0
2024-09-12 00:15,4,1,3,0,0,0
2024-09-12 00:30,7,2,5,0,0,0
2024-09-12 00:45,12,3,9,0,0,0
2024-09-12 01:00,5,1,4,0,0,0
2024-09-12 01:15,2,2,0,0,0,0
2024-09-12 01:30,6,1,5,0,0,0
2024-09-12 01:45,3,0,3,0,0,0
2024-09-12 02:00,0,0,0,0,0,0
2024-09-12 02:15,3,0,3,0,0,0
2024-09-12 02:30,2,0,2,0,0,0
2024-09-12 02:45,5,3,2,0,0,0
2024-09-12 03:00,1,1,0,0,0,0
2024-09-12 03:15,1,0,1,0,0,0
2024-09-12 03:30,4,0,4,0,0,0
2024-09-12 03:45,3,1,2,0,0,0
2024-09-12 04:00,0,0,0,0,0,0
2024-09-12 04:15,2,2,0,0,0,0
2024-09-12 04:30,4,1,3,0,0,0
2024-09-12 04:45,3,3,0,0,0,0
2024-09-12 05:00,2,0,2,0,0,0
2024-09-12 05:15,11,7,4,0,0,0
2024-09-12 05:30,14,9,5,0,0,0
2024-09-12 05:45,16,10,6,0,0,0
2024-09-12 06:00,19,12,7,0,0,0
2024-09-12 06:15,43,35,8,0,0,0
2024-09-12 06:30,36,23,13,0,0,0
2024-09-12 06:45,57,35,22,0,0,0
2024-09-12 07:00,83,53,30,0,0,0
2024-09-12 07:15,119,75,44,0,0,0
2024-09-12 07:30,162,119,43,0,0,0
2024-09-12 07:45,196,117,79,0,0,0
2024-09-12 08:00,131,85,46,0,0,0
2024-09-12 08:15,127,82,45,0,0,0
2024-09-12 08:30,132,90,42,0,0,0
2024-09-12 08:45,128,87,41,0,0,0
2024-09-12 09:00,79,47,32,0,0,0
2024-09-12 09:15,78,49,29,0,0,0
2024-09-12 09:30,84,52,32,0,0,0
2024-09-12 09:45,114,75,39,0,0,0
2024-09-12 10:00,77,51,26,0,0,0
2024-09-12 10:15,87,56,31,0,0,0
2024-09-12 10:30,87,53,34,0,0,0
2024-09-12 10:45,105,49,56,0,0,0
2024-09-12 11:00,85,44,41,0,0,0
2024-09-12 11:15,95,45,50,0,0,0
2024-09-12 11:30,105,49,56,0,0,0
2024-09-12 11:45,110,46,64,0,0,0
2024-09-12 12:00,134,56,78,0,0,0
2024-09-12 12:15,105,47,58,0,0,0
2024-09-12 12:30,123,54,69,0,0,0
2024-09-12 12:45,129,55,74,0,0,0
2024-09-12 13:00,124,47,77,0,0,0
2024-09-12 13:15,138,57,81,0,0,0
2024-09-12 13:30,130,52,78,0,0,0
2024-09-12 13:45,157,64,93,0,0,0
2024-09-12 14:00,118,49,69,0,0,0
2024-09-12 14:15,117,47,70,0,0,0
2024-09-12 14:30,142,60,82,0,0,0
2024-09-12 14:45,187,83,104,0,0,0
2024-09-12 15:00,147,60,87,0,0,0
2024-09-12 15:15,163,68,95,0,0,0
2024-09-12 15:30,183,79,104,0,0,0
2024-09-12 15:45,202,94,108,0,0,0
2024-09-12 16:00,199,66,133,0,0,0
2024-09-12 16:15,193,89,104,0,0,0
2024-09-12 16:30,195,80,115,0,0,0
2024-09-12 16:45,233,101,132,0,0,0
2024-09-12 17:00,192,66,126,0,0,0
2024-09-12 17:15,208,76,132,0,0,0
2024-09-12 17:30,170,59,111,0,0,0
2024-09-12 17:45,165,64,101,0,0,0
2024-09-12 18:00,183,56,127,0,0,0
2024-09-12 18:15,157,55,102,0,0,0
2024-09-12 18:30,151,49,102,0,0,0
2024-09-12 18:45,169,74,95,0,0,0
2024-09-12 19:00,113,29,84,0,0,0
2024-09-12 19:15,107,39,68,0,0,0
2024-09-12 19:30,111,37,74,0,0,0
2024-09-12 19:45,106,30,76,0,0,0
2024-09-12 20:00,93,31,62,0,0,0
2024-09-12 20:15,74,27,47,0,0,0
2024-09-12 20:30,74,22,52,0,0,0
2024-09-12 20:45,52,20,32,0,0,0
2024-09-12 21:00,60,29,31,0,0,0
2024-09-12 21:15,69,34,35,0,0,0
2024-09-12 21:30,40,15,25,0,0,0
2024-09-12 21:45,41,15,26,0,0,0
2024-09-12 22:00,55,16,39,0,0,0
2024-09-12 22:15,44,14,30,0,0,0
2024-09-12 22:30,45,17,28,0,0,0
2024-09-12 22:45,33,13,20,0,0,0
2024-09-12 23:00,28,13,15,0,0,0
2024-09-12 23:15,30,15,15,0,0,0
2024-09-12 23:30,10,2,8,0,0,0
2024-09-12 23:45,26,14,12,0,0,0
2024-09-13 00:00,8,1,7,0,0,0
2024-09-13 00:15,7,3,4,0,0,0
2024-09-13 00:30,11,0,11,0,0,0
2024-09-13 00:45,9,0,9,0,0,0
2024-09-13 01:00,2,0,2,0,0,0
2024-09-13 01:15,5,3,2,0,0,0
2024-09-13 01:30,6,3,3,0,0,0
2024-09-13 01:45,3,3,0,0,0,0
2024-09-13 02:00,0,0,0,0,0,0
2024-09-13 02:15,0,0,0,0,0,0
2024-09-13 02:30,2,0,2,0,0,0
2024-09-13 02:45,0,0,0,0,0,0
2024-09-13 03:00,2,1,1,0,0,0
2024-09-13 03:15,0,0,0,0,0,0
2024-09-13 03:30,2,1,1,0,0,0
2024-09-13 03:45,0,0,0,0,0,0
2024-09-13 04:00,1,0,1,0,0,0
2024-09-13 04:15,0,0,0,0,0,0
2024-09-13 04:30,2,0,2,0,0,0
2024-09-13 04:45,5,5,0,0,0,0
2024-09-13 05:00,2,2,0,0,0,0
2024-09-13 05:15,9,4,5,0,0,0
2024-09-13 05:30,10,5,5,0,0,0
2024-09-13 05:45,10,9,1,0,0,0
2024-09-13 06:00,20,14,6,0,0,0
2024-09-13 06:15,29,26,3,0,0,0
2024-09-13 06:30,39,32,7,0,0,0
2024-09-13 06:45,58,30,28,0,0,0
2024-09-13 07:00,78,51,27,0,0,0
2024-09-13 07:15,111,67,44,0,0,0
2024-09-13 07:30,154,90,64,0,0,0
2024-09-13 07:45,164,116,48,0,0,0
2024-09-13 08:00,126,89,37,0,0,0
2024-09-13 08:15,124,84,40,0,0,0
2024-09-13 08:30,117,75,42,0,0,0
2024-09-13 08:45,126,78,48,0,0,0
2024-09-13 09:00,98,58,40,0,0,0
2024-09-13 09:15,94,64,30,0,0,0
2024-09-13 09:30,93,52,41,0,0,0
2024-09-13 09:45,118,86,32,0,0,0
2024-09-13 10:00,94,68,26,0,0,0
2024-09-13 10:15,87,49,38,0,0,0
2024-09-13 10:30,100,54,46,0,0,0
2024-09-13 10:45,157,91,66,0,0,0
2024-09-13 11:00,113,56,57,0,0,0
2024-09-13 11:15,122,67,55,0,0,0
2024-09-13 11:30,106,51,55,0,0,0
2024-09-13 11:45,144,76,68,0,0,0
2024-09-13 12:00,150,61,89,0,0,0
2024-09-13 12:15,148,70,78,0,0,0
2024-09-13 12:30,146,76,70,0,0,0
2024-09-13 12:45,141,73,68,0,0,0
2024-09-13 13:00,150,69,81,0,0,0
2024-09-13 13:15,170,63,107,0,0,0
2024-09-13 13:30,158,70,88,0,0,0
2024-09-13 13:45,178,80,98,0,0,0
2024-09-13 14:00,164,77,87,0,0,0
2024-09-13 14:15,162,78,84,0,0,0
2024-09-13 14:30,166,70,96,0,0,0
2024-09-13 14:45,156,66,90,0,0,0
2024-09-13 15:00,158,70,88,0,0,0
2024-09-13 15:15,175,64,111,0,0,0
2024-09-13 15:30,128,45,83,0,0,0
2024-09-13 15:45,186,93,93,0,0,0
2024-09-13 16:00,196,63,133,0,0,0
2024-09-13 16:15,150,41,109,0,0,0
2024-09-13 16:30,129,35,94,0,0,0
2024-09-13 16:45,244,61,183,0,0,0
2024-09-13 17:00,244,61,183,0,0,0
2024-09-13 17:15,259,64,195,0,0,0
2024-09-13 17:30,239,52,187,0,0,0
2024-09-13 17:45,202,71,131,0,0,0
2024-09-13 18:00,147,64,83,0,0,0
2024-09-13 18:15,161,43,118,0,0,0
2024-09-13 18:30,135,53,82,0,0,0
2024-09-13 18:45,149,70,79,0,0,0
2024-09-13 19:00,138,58,80,0,0,0
2024-09-13 19:15,105,39,66,0,0,0
2024-09-13 19:30,98,46,52,0,0,0
2024-09-13 19:45,97,41,56,0,0,0
2024-09-13 20:00,87,36,51,0,0,0
2024-09-13 20:15,71,28,43,0,0,0
2024-09-13 20:30,115,74,41,0,0,0
2024-09-13 20:45,206,175,31,0,0,0
2024-09-13 21:00,187,153,34,0,0,0
2024-09-13 21:15,122,76,46,0,0,0
2024-09-13 21:30,79,57,22,0,0,0
2024-09-13 21:45,93,63,30,0,0,0
2024-09-13 22:00,61,38,23,0,0,0
2024-09-13 22:15,62,30,32,0,0,0
2024-09-13 22:30,72,34,38,0,0,0
2024-09-13 22:45,76,44,32,0,0,0
2024-09-13 23:00,62,27,35,0,0,0
2024-09-13 23:15,56,28,28,0,0,0
2024-09-13 23:30,47,21,26,0,0,0
2024-09-13 23:45,37,20,17,0,0,0
2024-09-14 00:00,48,22,26,0,0,0
2024-09-14 00:15,31,15,16,0,0,0
2024-09-14 00:30,29,18,11,0,0,0
2024-09-14 00:45,27,8,19,0,0,0
2024-09-14 01:00,18,4,14,0,0,0
2024-09-14 01:15,16,3,13,0,0,0
2024-09-14 01:30,12,6,6,0,0,0
2024-09-14 01:45,14,6,8,0,0,0
2024-09-14 02:00,11,2,9,0,0,0
2024-09-14 02:15,20,6,14,0,0,0
2024-09-14 02:30,11,4,7,0,0,0
2024-09-14 02:45,4,1,3,0,0,0
2024-09-14 03:00,6,2,4,0,0,0
2024-09-14 03:15,4,0,4,0,0,0
2024-09-14 03:30,4,1,3,0,0,0
2024-09-14 03:45,11,1,10,0,0,0
2024-09-14 04:00,5,1,4,0,0,0
2024-09-14 04:15,7,3,4,0,0,0
2024-09-14 04:30,2,2,0,0,0,0
2024-09-14 04:45,3,1,2,0,0,0
2024-09-14 05:00,0,0,0,0,0,0
2024-09-14 05:15,6,2,4,0,0,0
2024-09-14 05:30,6,5,1,0,0,0
2024-09-14 05:45,6,3,3,0,0,0
2024-09-14 06:00,10,6,4,0,0,0
2024-09-14 06:15,8,6,2,0,0,0
2024-09-14 06:30,13,7,6,0,0,0
2024-09-14 06:45,12,9,3,0,0,0
2024-09-14 07:00,9,8,1,0,0,0
2024-09-14 07:15,9,5,4,0,0,0
2024-09-14 07:30,20,10,10,0,0,0
2024-09-14 07:45,27,15,12,0,0,0
2024-09-14 08:00,32,19,13,0,0,0
2024-09-14 08:15,29,20,9,0,0,0
2024-09-14 08:30,40,28,12,0,0,0
2024-09-14 08:45,53,36,17,0,0,0
2024-09-14 09:00,54,41,13,0,0,0
2024-09-14 09:15,74,50,24,0,0,0
2024-09-14 09:30,68,41,27,0,0,0
2024-09-14 09:45,124,79,45,0,0,0
2024-09-14 10:00,124,97,27,0,0,0
2024-09-14 10:15,117,71,46,0,0,0
2024-09-14 10:30,129,88,41,0,0,0
2024-09-14 10:45,156,112,44,0,0,0
2024-09-14 11:00,136,74,62,0,0,0
2024-09-14 11:15,151,89,62,0,0,0
2024-09-14 11:30,152,86,66,0,0,0
2024-09-14 11:45,165,99,66,0,0,0
2024-09-14 12:00,176,97,79,0,0,0
2024-09-14 12:15,199,109,90,0,0,0
2024-09-14 12:30,175,90,85,0,0,0
2024-09-14 12:45,194,95,99,0,0,0
2024-09-14 13:00,184,108,76,0,0,0
2024-09-14 13:15,149,78,71,0,0,0
2024-09-14 13:30,181,84,97,0,0,0
2024-09-14 13:45,185,84,101,0,0,0
2024-09-14 14:00,160,78,82,0,0,0
2024-09-14 14:15,145,65,80,0,0,0
2024-09-14 14:30,152,68,84,0,0,0
2024-09-14 14:45,170,76,94,0,0,0
2024-09-14 15:00,162,73,89,0,0,0
2024-09-14 15:15,152,76,76,0,0,0
2024-09-14 15:30,177,79,98,0,0,0
2024-09-14 15:45,155,72,83,0,0,0
2024-09-14 16:00,143,59,84,0,0,0
2024-09-14 16:15,117,52,65,0,0,0
2024-09-14 16:30,149,62,87,0,0,0
2024-09-14 16:45,159,69,90,0,0,0
2024-09-14 17:00,157,52,105,0,0,0
2024-09-14 17:15,138,77,61,0,0,0
2024-09-14 17:30,159,77,82,0,0,0
2024-09-14 17:45,156,85,71,0,0,0
2024-09-14 18:00,128,36,92,0,0,0
2024-09-14 18:15,145,42,103,0,0,0
2024-09-14 18:30,133,45,88,0,0,0
2024-09-14 18:45,150,53,97,0,0,0
2024-09-14 19:00,129,37,92,0,0,0
2024-09-14 19:15,132,43,89,0,0,0
2024-09-14 19:30,117,73,44,0,0,0
2024-09-14 19:45,94,39,55,0,0,0
2024-09-14 20:00,94,27,67,0,0,0
2024-09-14 20:15,56,22,34,0,0,0
2024-09-14 20:30,92,28,64,0,0,0
2024-09-14 20:45,66,33,33,0,0,0
2024-09-14 21:00,47,23,24,0,0,0
2024-09-14 21:15,48,25,23,0,0,0
2024-09-14 21:30,96,71,25,0,0,0
2024-09-14 21:45,92,77,15,0,0,0
2024-09-14 22:00,32,11,21,0,0,0
2024-09-14 22:15,58,31,27,0,0,0
2024-09-14 22:30,48,17,31,0,0,0
2024-09-14 22:45,45,19,26,0,0,0
2024-09-14 23:00,44,14,30,0,0,0
2024-09-14 23:15,42,14,28,0,0,0
2024-09-14 23:30,26,11,15,0,0,0
2024-09-14 23:45,23,5,18,0,0,0
2024-09-15 00:00,32,12,20,0,0,0
2024-09-15 00:15,26,12,14,0,0,0
2024-09-15 00:30,20,10,10,0,0,0
2024-09-15 00:45,24,7,17,0,0,0
2024-09-15 01:00,15,4,11,0,0,0
2024-09-15 01:15,24,9,15,0,0,0
2024-09-15 01:30,21,7,14,0,0,0
2024-09-15 01:45,11,5,6,0,0,0
2024-09-15 02:00,17,5,12,0,0,0
2024-09-15 02:15,10,2,8,0,0,0
2024-09-15 02:30,6,0,6,0,0,0
2024-09-15 02:45,12,7,5,0,0,0
2024-09-15 03:00,11,6,5,0,0,0
2024-09-15 03:15,5,0,5,0,0,0
2024-09-15 03:30,3,0,3,0,0,0
2024-09-15 03:45,4,0,4,0,0,0
2024-09-15 04:00,3,1,2,0,0,0
2024-09-15 04:15,1,0,1,0,0,0
2024-09-15 04:30,6,1,5,0,0,0
2024-09-15 04:45,2,1,1,0,0,0
2024-09-15 05:00,4,2,2,0,0,0
2024-09-15 05:15,2,2,0,0,0,0
2024-09-15 05:30,8,5,3,0,0,0
2024-09-15 05:45,8,2,6,0,0,0
2024-09-15 06:00,6,4,2,0,0,0
2024-09-15 06:15,5,4,1,0,0,0
2024-09-15 06:30,8,3,5,0,0,0
2024-09-15 06:45,4,3,1,0,0,0
2024-09-15 07:00,1,1,0,0,0,0
2024-09-15 07:15,4,2,2,0,0,0
2024-09-15 07:30,2,1,1,0,0,0
2024-09-15 07:45,11,6,5,0,0,0
2024-09-15 08:00,10,5,5,0,0,0
2024-09-15 08:15,5,3,2,0,0,0
2024-09-15 08:30,11,8,3,0,0,0
2024-09-15 08:45,19,13,6,0,0,0
2024-09-15 09:00,30,19,11,0,0,0
2024-09-15 09:15,19,12,7,0,0,0
2024-09-15 09:30,34,24,10,0,0,0
2024-09-15 09:45,51,30,21,0,0,0
2024-09-15 10:00,48,28,20,0,0,0
2024-09-15 10:15,49,22,27,0,0,0
2024-09-15 10:30,62,31,31,0,0,0
2024-09-15 10:45,79,26,53,0,0,0
2024-09-15 11:00,44,26,18,0,0,0
2024-09-15 11:15,57,26,31,0,0,0
2024-09-15 11:30,55,27,28,0,0,0
2024-09-15 11:45,92,30,62,0,0,0
2024-09-15 12:00,86,30,56,0,0,0
2024-09-15 12:15,95,48,47,0,0,0
2024-09-15 12:30,74,42,32,0,0,0
2024-09-15 12:45,80,20,60,0,0,0
2024-09-15 13:00,91,37,54,0,0,0
2024-09-15 13:15,138,60,78,0,0,0
2024-09-15 13:30,107,39,68,0,0,0
2024-09-15 13:45,128,63,65,0,0,0
2024-09-15 14:00,125,54,71,0,0,0
2024-09-15 14:15,149,49,100,0,0,0
2024-09-15 14:30,138,65,73,0,0,0
2024-09-15 14:45,172,83,89,0,0,0
2024-09-15 15:00,160,59,101,0,0,0
2024-09-15 15:15,145,68,77,0,0,0
2024-09-15 15:30,122,65,57,0,0,0
2024-09-15 15:45,120,71,49,0,0,0
2024-09-15 16:00,106,68,38,0,0,0
2024-09-15 16:15,128,71,57,0,0,0
2024-09-15 16:30,128,79,49,0,0,0
2024-09-15 16:45,122,68,54,0,0,0
2024-09-15 17:00,118,90,28,0,0,0
2024-09-15 17:15,142,116,26,0,0,0
2024-09-15 17:30,158,114,44,0,0,0
2024-09-15 17:45,120,75,45,0,0,0
2024-09-15 18:00,128,69,59,0,0,0
2024-09-15 18:15,77,40,37,0,0,0
2024-09-15 18:30,64,34,30,0,0,0
2024-09-15 18:45,75,42,33,0,0,0
2024-09-15 19:00,58,17,41,0,0,0
2024-09-15 19:15,65,28,37,0,0,0
2024-09-15 19:30,54,26,28,0,0,0
2024-09-15 19:45,75,28,47,0,0,0
2024-09-15 20:00,51,18,33,0,0,0
2024-09-15 20:15,52,22,30,0,0,0
2024-09-15 20:30,45,21,24,0,0,0
2024-09-15 20:45,34,17,17,0,0,0
2024-09-15 21:00,32,14,18,0,0,0
2024-09-15 21:15,30,10,20,0,0,0
2024-09-15 21:30,29,12,17,0,0,0
2024-09-15 21:45,26,10,16,0,0,0
2024-09-15 22:00,29,7,22,0,0,0
2024-09-15 22:15,16,4,12,0,0,0
2024-09-15 22:30,16,3,13,0,0,0
2024-09-15 22:45,15,4,11,0,0,0
2024-09-15 23:00,17,6,11,0,0,0
2024-09-15 23:15,7,3,4,0,0,0
2024-09-15 23:30,5,3,2,0,0,0
2024-09-15 23:45,1,0,1,0,0,0
2024-09-16 00:00,5,0,5,0,0,0
2024-09-16 00:15,5,1,4,0,0,0
2024-09-16 00:30,2,2,0,0,0,0
2024-09-16 00:45,1,0,1,0,0,0
2024-09-16 01:00,1,1,0,0,0,0
2024-09-16 01:15,2,1,1,0,0,0
2024-09-16 01:30,1,1,0,0,0,0
2024-09-16 01:45,2,1,1,0,0,0
2024-09-16 02:00,0,0,0,0,0,0
2024-09-16 02:15,0,0,0,0,0,0
2024-09-16 02:30,0,0,0,0,0,0
2024-09-16 02:45,0,0,0,0,0,0
2024-09-16 03:00,0,0,0,0,0,0
2024-09-16 03:15,0,0,0,0,0,0
2024-09-16 03:30,2,1,1,0,0,0
2024-09-16 03:45,0,0,0,0,0,0
2024-09-16 04:00,1,1,0,0,0,0
2024-09-16 04:15,2,2,0,0,0,0
2024-09-16 04:30,3,1,2,0,0,0
2024-09-16 04:45,2,2,0,0,0,0
2024-09-16 05:00,0,0,0,0,0,0
2024-09-16 05:15,17,11,6,0,0,0
2024-09-16 05:30,17,12,5,0,0,0
2024-09-16 05:45,22,16,6,0,0,0
2024-09-16 06:00,35,27,8,0,0,0
2024-09-16 06:15,37,31,6,0,0,0
2024-09-16 06:30,40,25,15,0,0,0
2024-09-16 06:45,54,29,25,0,0,0
2024-09-16 07:00,75,50,25,0,0,0
2024-09-16 07:15,133,91,42,0,0,0
2024-09-16 07:30,180,114,66,0,0,0
2024-09-16 07:45,169,112,57,0,0,0
2024-09-16 08:00,147,96,51,0,0,0
2024-09-16 08:15,148,93,55,0,0,0
2024-09-16 08:30,145,95,50,0,0,0
2024-09-16 08:45,142,95,47,0,0,0
2024-09-16 09:00,87,55,32,0,0,0
2024-09-16 09:15,121,72,49,0,0,0
2024-09-16 09:30,91,63,28,0,0,0
2024-09-16 09:45,129,88,41,0,0,0
2024-09-16 10:00,84,56,28,0,0,0
2024-09-16 10:15,109,63,46,0,0,0
2024-09-16 10:30,103,64,39,0,0,0
2024-09-16 10:45,101,65,36,0,0,0
2024-09-16 11:00,107,62,45,0,0,0
2024-09-16 11:15,108,57,51,0,0,0
2024-09-16 11:30,113,51,62,0,0,0
2024-09-16 11:45,150,73,77,0,0,0
2024-09-16 12:00,152,68,84,0,0,0
2024-09-16 12:15,148,78,70,0,0,0
2024-09-16 12:30,132,51,81,0,0,0
2024-09-16 12:45,162,77,85,0,0,0
2024-09-16 13:00,122,43,79,0,0,0
2024-09-16 13:15,145,63,82,0,0,0
2024-09-16 13:30,172,76,96,0,0,0
2024-09-16 13:45,159,70,89,0,0,0
2024-09-16 14:00,157,71,86,0,0,0
2024-09-16 14:15,153,51,102,0,0,0
2024-09-16 14:30,158,79,79,0,0,0
2024-09-16 14:45,177,83,94,0,0,0
2024-09-16 15:00,180,73,107,0,0,0
2024-09-16 15:15,205,84,121,0,0,0
2024-09-16 15:30,161,74,87,0,0,0
2024-09-16 15:45,190,86,104,0,0,0
2024-09-16 16:00,199,79,120,0,0,0
2024-09-16 16:15,195,76,119,0,0,0
2024-09-16 16:30,196,86,110,0,0,0
2024-09-16 16:45,221,80,141,0,0,0
2024-09-16 17:00,245,100,145,0,0,0
2024-09-16 17:15,212,81,131,0,0,0
2024-09-16 17:30,203,83,120,0,0,0
2024-09-16 17:45,216,91,125,0,0,0
2024-09-16 18:00,201,76,125,0,0,0
2024-09-16 18:15,140,57,83,0,0,0
2024-09-16 18:30,142,48,94,0,0,0
2024-09-16 18:45,141,54,87,0,0,0
2024-09-16 19:00,124,42,82,0,0,0
2024-09-16 19:15,112,32,80,0,0,0
2024-09-16 19:30,112,37,75,0,0,0
2024-09-16 19:45,100,44,56,0,0,0
2024-09-16 20:00,98,25,73,0,0,0
2024-09-16 20:15,84,33,51,0,0,0
2024-09-16 20:30,55,18,37,0,0,0
2024-09-16 20:45,36,13,23,0,0,0
2024-09-16 21:00,39,13,26,0,0,0
2024-09-16 21:15,47,20,27,0,0,0
2024-09-16 21:30,33,17,16,0,0,0
2024-09-16 21:45,56,18,38,0,0,0
2024-09-16 22:00,45,11,34,0,0,0
2024-09-16 22:15,46,10,36,0,0,0
2024-09-16 22:30,25,6,19,0,0,0
2024-09-16 22:45,37,14,23,0,0,0
2024-09-16 23:00,16,3,13,0,0,0
2024-09-16 23:15,8,1,7,0,0,0
2024-09-16 23:30,8,3,5,0,0,0
2024-09-16 23:45,5,2,3,0,0,0
2024-09-17 00:00,13,4,9,0,0,0
2024-09-17 00:15,16,5,11,0,0,0
2024-09-17 00:30,2,1,1,0,0,0
2024-09-17 00:45,4,1,3,0,0,0
2024-09-17 01:00,3,0,3,0,0,0
2024-09-17 01:15,1,0,1,0,0,0
2024-09-17 01:30,0,0,0,0,0,0
2024-09-17 01:45,2,0,2,0,0,0
2024-09-17 02:00,1,0,1,0,0,0
2024-09-17 02:15,1,0,1,0,0,0
2024-09-17 02:30,0,0,0,0,0,0
2024-09-17 02:45,1,1,0,0,0,0
2024-09-17 03:00,2,2,0,0,0,0
2024-09-17 03:15,1,0,1,0,0,0
2024-09-17 03:30,1,0,1,0,0,0
2024-09-17 03:45,0,0,0,0,0,0
2024-09-17 04:00,3,2,1,0,0,0
2024-09-17 04:15,3,3,0,0,0,0
2024-09-17 04:30,5,3,2,0,0,0
2024-09-17 04:45,4,4,0,0,0,0
2024-09-17 05:00,2,2,0,0,0,0
2024-09-17 05:15,10,7,3,0,0,0
2024-09-17 05:30,16,9,7,0,0,0
2024-09-17 05:45,26,16,10,0,0,0
2024-09-17 06:00,21,15,6,0,0,0
2024-09-17 06:15,35,31,4,0,0,0
2024-09-17 06:30,45,24,21,0,0,0
2024-09-17 06:45,61,36,25,0,0,0
2024-09-17 07:00,78,50,28,0,0,0
2024-09-17 07:15,136,90,46,0,0,0
2024-09-17 07:30,190,117,73,0,0,0
2024-09-17 07:45,205,133,72,0,0,0
2024-09-17 08:00,141,101,40,0,0,0
2024-09-17 08:15,154,90,64,0,0,0
2024-09-17 08:30,140,104,36,0,0,0
2024-09-17 08:45,130,89,41,0,0,0
2024-09-17 09:00,120,82,38,0,0,0
2024-09-17 09:15,99,66,33,0,0,0
2024-09-17 09:30,104,77,27,0,0,0
2024-09-17 09:45,113,74,39,0,0,0
2024-09-17 10:00,101,62,39,0,0,0
2024-09-17 10:15,97,58,39,0,0,0
2024-09-17 10:30,105,54,51,0,0,0
2024-09-17 10:45,112,63,49,0,0,0
2024-09-17 11:00,103,57,46,0,0,0
2024-09-17 11:15,108,45,63,0,0,0
2024-09-17 11:30,96,44,52,0,0,0
2024-09-17 11:45,135,59,76,0,0,0
2024-09-17 12:00,131,60,71,0,0,0
2024-09-17 12:15,134,61,73,0,0,0
2024-09-17 12:30,143,64,79,0,0,0
2024-09-17 12:45,124,55,69,0,0,0
2024-09-17 13:00,129,45,84,0,0,0
2024-09-17 13:15,111,54,57,0,0,0
2024-09-17 13:30,136,63,73,0,0,0
2024-09-17 13:45,164,73,91,0,0,0
2024-09-17 14:00,127,63,64,0,0,0
2024-09-17 14:15,144,64,80,0,0,0
2024-09-17 14:30,143,65,78,0,0,0
2024-09-17 14:45,183,86,97,0,0,0
2024-09-17 15:00,185,86,99,0,0,0
2024-09-17 15:15,174,86,88,0,0,0
2024-09-17 15:30,177,60,117,0,0,0
2024-09-17 15:45,187,88,99,0,0,0
2024-09-17 16:00,195,77,118,0,0,0
2024-09-17 16:15,198,79,119,0,0,0
2024-09-17 16:30,202,86,116,0,0,0
2024-09-17 16:45,203,73,130,0,0,0
2024-09-17 17:00,198,73,125,0,0,0
2024-09-17 17:15,203,89,114,0,0,0
2024-09-17 17:30,184,85,99,0,0,0
2024-09-17 17:45,222,77,145,0,0,0
2024-09-17 18:00,170,58,112,0,0,0
2024-09-17 18:15,182,62,120,0,0,0
2024-09-17 18:30,129,43,86,0,0,0
2024-09-17 18:45,151,56,95,0,0,0
2024-09-17 19:00,127,43,84,0,0,0
2024-09-17 19:15,110,50,60,0,0,0
2024-09-17 19:30,93,29,64,0,0,0
2024-09-17 19:45,112,46,66,0,0,0
2024-09-17 20:00,92,45,47,0,0,0
2024-09-17 20:15,84,38,46,0,0,0
2024-09-17 20:30,54,20,34,0,0,0
2024-09-17 20:45,55,20,35,0,0,0
2024-09-17 21:00,47,12,35,0,0,0
2024-09-17 21:15,58,20,38,0,0,0
2024-09-17 21:30,42,13,29,0,0,0
2024-09-17 21:45,46,18,28,0,0,0
2024-09-17 22:00,47,15,32,0,0,0
2024-09-17 22:15,39,18,21,0,0,0
2024-09-17 22:30,33,11,22,0,0,0
2024-09-17 22:45,27,11,16,0,0,0
2024-09-17 23:00,29,6,23,0,0,0
2024-09-17 23:15,18,5,13,0,0,0
2024-09-17 23:30,12,2,10,0,0,0
2024-09-17 23:45,6,3,3,0,0,0
2024-09-18 00:00,10,5,5,0,0,0
2024-09-18 00:15,7,2,5,0,0,0
2024-09-18 00:30,11,2,9,0,0,0
2024-09-18 00:45,1,1,0,0,0,0
2024-09-18 01:00,6,2,4,0,0,0
2024-09-18 01:15,5,3,2,0,0,0
2024-09-18 01:30,2,0,2,0,0,0
2024-09-18 01:45,2,0,2,0,0,0
2024-09-18 02:00,1,0,1,0,0,0
2024-09-18 02:15,3,1,2,0,0,0
2024-09-18 02:30,0,0,0,0,0,0
2024-09-18 02:45,1,0,1,0,0,0
2024-09-18 03:00,0,0,0,0,0,0
2024-09-18 03:15,3,1,2,0,0,0
2024-09-18 03:30,0,0,0,0,0,0
2024-09-18 03:45,1,1,0,0,0,0
2024-09-18 04:00,0,0,0,0,0,0
2024-09-18 04:15,3,3,0,0,0,0
2024-09-18 04:30,5,3,2,0,0,0
2024-09-18 04:45,5,3,2,0,0,0
2024-09-18 05:00,0,0,0,0,0,0
2024-09-18 05:15,12,8,4,0,0,0
2024-09-18 05:30,17,8,9,0,0,0
2024-09-18 05:45,21,17,4,0,0,0
2024-09-18 06:00,21,12,9,0,0,0
2024-09-18 06:15,38,31,7,0,0,0
2024-09-18 06:30,47,32,15,0,0,0
2024-09-18 06:45,69,38,31,0,0,0
2024-09-18 07:00,100,66,34,0,0,0
2024-09-18 07:15,140,82,58,0,0,0
2024-09-18 07:30,170,109,61,0,0,0
2024-09-18 07:45,163,112,51,0,0,0
2024-09-18 08:00,147,103,44,0,0,0
2024-09-18 08:15,143,86,57,0,0,0
2024-09-18 08:30,125,84,41,0,0,0
2024-09-18 08:45,151,108,43,0,0,0
2024-09-18 09:00,112,69,43,0,0,0
2024-09-18 09:15,122,84,38,0,0,0
2024-09-18 09:30,88,58,30,0,0,0
2024-09-18 09:45,116,79,37,0,0,0
2024-09-18 10:00,126,81,45,0,0,0
2024-09-18 10:15,108,73,35,0,0,0
2024-09-18 10:30,108,64,44,0,0,0
2024-09-18 10:45,105,49,56,0,0,0
2024-09-18 11:00,109,58,51,0,0,0
2024-09-18 11:15,124,62,62,0,0,0
2024-09-18 11:30,139,71,68,0,0,0
2024-09-18 11:45,172,90,82,0,0,0
2024-09-18 12:00,128,57,71,0,0,0
2024-09-18 12:15,133,57,76,0,0,0
2024-09-18 12:30,178,64,114,0,0,0
2024-09-18 12:45,161,77,84,0,0,0
2024-09-18 13:00,164,63,101,0,0,0
2024-09-18 13:15,128,51,77,0,0,0
2024-09-18 13:30,165,54,111,0,0,0
2024-09-18 13:45,145,57,88,0,0,0
2024-09-18 14:00,138,52,86,0,0,0
2024-09-18 14:15,144,59,85,0,0,0
2024-09-18 14:30,174,79,95,0,0,0
2024-09-18 14:45,191,88,103,0,0,0
2024-09-18 15:00,174,71,103,0,0,0
2024-09-18 15:15,164,63,101,0,0,0
2024-09-18 15:30,179,64,115,0,0,0
2024-09-18 15:45,203,82,121,0,0,0
2024-09-18 16:00,183,80,103,0,0,0
2024-09-18 16:15,182,80,102,0,0,0
2024-09-18 16:30,193,80,113,0,0,0
2024-09-18 16:45,162,71,91,0,0,0
2024-09-18 17:00,194,74,120,0,0,0
2024-09-18 17:15,214,76,138,0,0,0
2024-09-18 17:30,215,87,128,0,0,0
2024-09-18 17:45,201,78,123,0,0,0
2024-09-18 18:00,187,67,120,0,0,0
2024-09-18 18:15,209,65,144,0,0,0
2024-09-18 18:30,147,51,96,0,0,0
2024-09-18 18:45,148,59,89,0,0,0
2024-09-18 19:00,134,49,85,0,0,0
2024-09-18 19:15,121,57,64,0,0,0
2024-09-18 19:30,90,41,49,0,0,0
2024-09-18 19:45,111,41,70,0,0,0
2024-09-18 20:00,100,39,61,0,0,0
2024-09-18 20:15,86,43,43,0,0,0
2024-09-18 20:30,75,35,40,0,0,0
2024-09-18 20:45,71,20,51,0,0,0
2024-09-18 21:00,72,33,39,0,0,0
2024-09-18 21:15,60,18,42,0,0,0
2024-09-18 21:30,42,15,27,0,0,0
2024-09-18 21:45,48,15,33,0,0,0
2024-09-18 22:00,54,20,34,0,0,0
2024-09-18 22:15,40,14,26,0,0,0
2024-09-18 22:30,43,19,24,0,0,0
2024-09-18 22:45,43,19,24,0,0,0
2024-09-18 23:00,42,14,28,0,0,0
2024-09-18 23:15,31,8,23,0,0,0
2024-09-18 23:30,14,4,10,0,0,0
2024-09-18 23:45,20,4,16,0,0,0
2024-09-19 00:00,18,8,10,0,0,0
2024-09-19 00:15,10,3,7,0,0,0
2024-09-19 00:30,9,5,4,0,0,0
2024-09-19 00:45,2,0,2,0,0,0
2024-09-19 01:00,8,1,7,0,0,0
2024-09-19 01:15,2,0,2,0,0,0
2024-09-19 01:30,4,0,4,0,0,0
2024-09-19 01:45,3,1,2,0,0,0
2024-09-19 02:00,1,0,1,0,0,0
2024-09-19 02:15,2,1,1,0,0,0
2024-09-19 02:30,2,0,2,0,0,0
2024-09-19 02:45,4,0,4,0,0,0
2024-09-19 03:00,0,0,0,0,0,0
2024-09-19 03:15,3,0,3,0,0,0
2024-09-19 03:30,0,0,0,0,0,0
2024-09-19 03:45,2,0,2,0,0,0
2024-09-19 04:00,0,0,0,0,0,0
2024-09-19 04:15,5,3,2,0,0,0
2024-09-19 04:30,5,1,4,0,0,0
2024-09-19 04:45,3,3,0,0,0,0
2024-09-19 05:00,2,2,0,0,0,0
2024-09-19 05:15,9,6,3,0,0,0
2024-09-19 05:30,14,9,5,0,0,0
2024-09-19 05:45,18,10,8,0,0,0
2024-09-19 06:00,26,14,12,0,0,0
2024-09-19 06:15,35,29,6,0,0,0
2024-09-19 06:30,38,27,11,0,0,0
2024-09-19 06:45,39,18,21,0,0,0
2024-09-19 07:00,92,60,32,0,0,0
2024-09-19 07:15,127,68,59,0,0,0
2024-09-19 07:30,138,90,48,0,0,0
2024-09-19 07:45,192,118,74,0,0,0
2024-09-19 08:00,148,89,59,0,0,0
2024-09-19 08:15,149,98,51,0,0,0
2024-09-19 08:30,112,69,43,0,0,0
2024-09-19 08:45,148,87,61,0,0,0
2024-09-19 09:00,92,66,26,0,0,0
2024-09-19 09:15,80,50,30,0,0,0
2024-09-19 09:30,98,64,34,0,0,0
2024-09-19 09:45,128,86,42,0,0,0
2024-09-19 10:00,95,60,35,0,0,0
2024-09-19 10:15,71,48,23,0,0,0
2024-09-19 10:30,79,43,36,0,0,0
2024-09-19 10:45,98,55,43,0,0,0
2024-09-19 11:00,85,41,44,0,0,0
2024-09-19 11:15,121,61,60,0,0,0
2024-09-19 11:30,121,62,59,0,0,0
2024-09-19 11:45,139,66,73,0,0,0
2024-09-19 12:00,149,66,83,0,0,0
2024-09-19 12:15,117,50,67,0,0,0
2024-09-19 12:30,126,56,70,0,0,0
2024-09-19 12:45,128,55,73,0,0,0
2024-09-19 13:00,139,56,83,0,0,0
2024-09-19 13:15,143,55,88,0,0,0
2024-09-19 13:30,127,66,61,0,0,0
2024-09-19 13:45,173,81,92,0,0,0
2024-09-19 14:00,152,51,101,0,0,0
2024-09-19 14:15,139,49,90,0,0,0
2024-09-19 14:30,154,66,88,0,0,0
2024-09-19 14:45,162,83,79,0,0,0
2024-09-19 15:00,176,76,100,0,0,0
2024-09-19 15:15,190,92,98,0,0,0
2024-09-19 15:30,203,94,109,0,0,0
2024-09-19 15:45,203,80,123,0,0,0
2024-09-19 16:00,222,91,131,0,0,0
2024-09-19 16:15,210,93,117,0,0,0
2024-09-19 16:30,205,89,116,0,0,0
2024-09-19 16:45,206,84,122,0,0,0
2024-09-19 17:00,220,96,124,0,0,0
2024-09-19 17:15,209,98,111,0,0,0
2024-09-19 17:30,192,78,114,0,0,0
2024-09-19 17:45,209,81,128,0,0,0
2024-09-19 18:00,171,64,107,0,0,0
2024-09-19 18:15,202,77,125,0,0,0
2024-09-19 18:30,157,62,95,0,0,0
2024-09-19 18:45,175,78,97,0,0,0
2024-09-19 19:00,154,60,94,0,0,0
2024-09-19 19:15,122,43,79,0,0,0
2024-09-19 19:30,125,39,86,0,0,0
2024-09-19 19:45,137,51,86,0,0,0
2024-09-19 20:00,77,21,56,0,0,0
2024-09-19 20:15,87,34,53,0,0,0
2024-09-19 20:30,75,20,55,0,0,0
2024-09-19 20:45,59,20,39,0,0,0
2024-09-19 21:00,67,15,52,0,0,0
2024-09-19 21:15,73,23,50,0,0,0
2024-09-19 21:30,54,19,35,0,0,0
2024-09-19 21:45,64,21,43,0,0,0
2024-09-19 22:00,63,12,51,0,0,0
2024-09-19 22:15,60,21,39,0,0,0
2024-09-19 22:30,47,20,27,0,0,0
2024-09-19 22:45,35,11,24,0,0,0
2024-09-19 23:00,36,19,17,0,0,0
2024-09-19 23:15,36,8,28,0,0,0
2024-09-19 23:30,17,8,9,0,0,0
2024-09-19 23:45,15,7,8,0,0,0
2024-09-20 00:00,12,3,9,0,0,0
2024-09-20 00:15,13,1,12,0,0,0
2024-09-20 00:30,8,1,7,0,0,0
2024-09-20 00:45,5,1,4,0,0,0
2024-09-20 01:00,6,0,6,0,0,0
2024-09-20 01:15,5,2,3,0,0,0
2024-09-20 01:30,5,2,3,0,0,0
2024-09-20 01:45,4,2,2,0,0,0
2024-09-20 02:00,3,2,1,0,0,0
2024-09-20 02:15,5,3,2,0,0,0
2024-09-20 02:30,0,0,0,0,0,0
2024-09-20 02:45,0,0,0,0,0,0
2024-09-20 03:00,2,1,1,0,0,0
2024-09-20 03:15,2,0,2,0,0,0
2024-09-20 03:30,2,0,2,0,0,0
2024-09-20 03:45,1,0,1,0,0,0
2024-09-20 04:00,3,2,1,0,0,0
2024-09-20 04:15,2,2,0,0,0,0
2024-09-20 04:30,3,1,2,0,0,0
2024-09-20 04:45,5,3,2,0,0,0
2024-09-20 05:00,2,2,0,0,0,0
2024-09-20 05:15,7,4,3,0,0,0
2024-09-20 05:30,11,8,3,0,0,0
2024-09-20 05:45,13,10,3,0,0,0
2024-09-20 06:00,18,12,6,0,0,0
2024-09-20 06:15,34,24,10,0,0,0
2024-09-20 06:30,44,30,14,0,0,0
2024-09-20 06:45,34,14,20,0,0,0
2024-09-20 07:00,84,57,27,0,0,0
2024-09-20 07:15,105,65,40,0,0,0
2024-09-20 07:30,151,106,45,0,0,0
2024-09-20 07:45,169,109,60,0,0,0
2024-09-20 08:00,131,83,48,0,0,0
2024-09-20 08:15,111,64,47,0,0,0
2024-09-20 08:30,103,65,38,0,0,0
2024-09-20 08:45,134,89,45,0,0,0
2024-09-20 09:00,103,70,33,0,0,0
2024-09-20 09:15,89,50,39,0,0,0
2024-09-20 09:30,93,60,33,0,0,0
2024-09-20 09:45,112,72,40,0,0,0
2024-09-20 10:00,105,71,34,0,0,0
2024-09-20 10:15,115,59,56,0,0,0
2024-09-20 10:30,122,64,58,0,0,0
2024-09-20 10:45,116,68,48,0,0,0
2024-09-20 11:00,118,60,58,0,0,0
2024-09-20 11:15,107,48,59,0,0,0
2024-09-20 11:30,111,46,65,0,0,0
2024-09-20 11:45,121,59,62,0,0,0
2024-09-20 12:00,134,66,68,0,0,0
2024-09-20 12:15,144,69,75,0,0,0
2024-09-20 12:30,157,61,96,0,0,0
2024-09-20 12:45,165,76,89,0,0,0
2024-09-20 13:00,167,70,97,0,0,0
2024-09-20 13:15,168,64,104,0,0,0
2024-09-20 13:30,156,66,90,0,0,0
2024-09-20 13:45,168,80,88,0,0,0
2024-09-20 14:00,164,57,107,0,0,0
2024-09-20 14:15,200,88,112,0,0,0
2024-09-20 14:30,189,79,110,0,0,0
2024-09-20 14:45,202,85,117,0,0,0
2024-09-20 15:00,153,63,90,0,0,0
2024-09-20 15:15,171,82,89,0,0,0
2024-09-20 15:30,180,84,96,0,0,0
2024-09-20 15:45,178,88,90,0,0,0
2024-09-20 16:00,151,74,77,0,0,0
2024-09-20 16:15,167,69,98,0,0,0
2024-09-20 16:30,177,75,102,0,0,0
2024-09-20 16:45,192,77,115,0,0,0
2024-09-20 17:00,171,73,98,0,0,0
2024-09-20 17:15,138,54,84,0,0,0
2024-09-20 17:30,179,85,94,0,0,0
2024-09-20 17:45,166,77,89,0,0,0
2024-09-20 18:00,129,49,80,0,0,0
2024-09-20 18:15,169,56,113,0,0,0
2024-09-20 18:30,149,46,103,0,0,0
2024-09-20 18:45,128,56,72,0,0,0
2024-09-20 19:00,125,61,64,0,0,0
2024-09-20 19:15,150,63,87,0,0,0
2024-09-20 19:30,102,44,58,0,0,0
2024-09-20 19:45,107,46,61,0,0,0
2024-09-20 20:00,96,43,53,0,0,0
2024-09-20 20:15,97,38,59,0,0,0
2024-09-20 20:30,80,43,37,0,0,0
2024-09-20 20:45,67,28,39,0,0,0
2024-09-20 21:00,66,21,45,0,0,0
2024-09-20 21:15,50,27,23,0,0,0
2024-09-20 21:30,58,22,36,0,0,0
2024-09-20 21:45,59,27,32,0,0,0
2024-09-20 22:00,53,14,39,0,0,0
2024-09-20 22:15,64,13,51,0,0,0
2024-09-20 22:30,65,15,50,0,0,0
2024-09-20 22:45,48,24,24,0,0,0
2024-09-20 23:00,49,20,29,0,0,0
2024-09-20 23:15,41,17,24,0,0,0
2024-09-20 23:30,44,18,26,0,0,0
2024-09-20 23:45,37,17,20,0,0,0
2024-09-21 00:00,25,7,18,0,0,0
2024-09-21 00:15,39,14,25,0,0,0
2024-09-21 00:30,27,16,11,0,0,0
2024-09-21 00:45,16,9,7,0,0,0
2024-09-21 01:00,21,4,17,0,0,0
2024-09-21 01:15,14,1,13,0,0,0
2024-09-21 01:30,19,4,15,0,0,0
2024-09-21 01:45,16,2,14,0,0,0
2024-09-21 02:00,4,1,3,0,0,0
2024-09-21 02:15,10,2,8,0,0,0
2024-09-21 02:30,2,0,2,0,0,0
2024-09-21 02:45,14,1,13,0,0,0
2024-09-21 03:00,2,1,1,0,0,0
2024-09-21 03:15,11,3,8,0,0,0
2024-09-21 03:30,1,0,1,0,0,0
2024-09-21 03:45,13,5,8,0,0,0
2024-09-21 04:00,6,0,6,0,0,0
2024-09-21 04:15,6,1,5,0,0,0
2024-09-21 04:30,2,0,2,0,0,0
2024-09-21 04:45,8,1,7,0,0,0
2024-09-21 05:00,4,1,3,0,0,0
2024-09-21 05:15,7,7,0,0,0,0
2024-09-21 05:30,14,7,7,0,0,0
2024-09-21 05:45,9,3,6,0,0,0
2024-09-21 06:00,6,6,0,0,0,0
2024-09-21 06:15,8,4,4,0,0,0
2024-09-21 06:30,10,8,2,0,0,0
2024-09-21 06:45,9,4,5,0,0,0
2024-09-21 07:00,16,11,5,0,0,0
2024-09-21 07:15,29,22,7,0,0,0
2024-09-21 07:30,20,16,4,0,0,0
2024-09-21 07:45,43,33,10,0,0,0
2024-09-21 08:00,36,27,9,0,0,0
2024-09-21 08:15,57,37,20,0,0,0
2024-09-21 08:30,60,41,19,0,0,0
2024-09-21 08:45,69,49,20,0,0,0
2024-09-21 09:00,93,69,24,0,0,0
2024-09-21 09:15,82,60,22,0,0,0
2024-09-21 09:30,99,73,26,0,0,0
2024-09-21 09:45,130,96,34,0,0,0
2024-09-21 10:00,123,88,35,0,0,0
2024-09-21 10:15,136,96,40,0,0,0
2024-09-21 10:30,139,92,47,0,0,0
2024-09-21 10:45,170,123,47,0,0,0
2024-09-21 11:00,155,95,60,0,0,0
2024-09-21 11:15,173,102,71,0,0,0
2024-09-21 11:30,163,98,65,0,0,0
2024-09-21 11:45,189,112,77,0,0,0
2024-09-21 12:00,135,71,64,0,0,0
2024-09-21 12:15,166,73,93,0,0,0
2024-09-21 12:30,170,80,90,0,0,0
2024-09-21 12:45,173,108,65,0,0,0
2024-09-21 13:00,191,99,92,0,0,0
2024-09-21 13:15,195,93,102,0,0,0
2024-09-21 13:30,189,97,92,0,0,0
2024-09-21 13:45,170,88,82,0,0,0
2024-09-21 14:00,183,65,118,0,0,0
2024-09-21 14:15,165,54,111,0,0,0
2024-09-21 14:30,176,66,110,0,0,0
2024-09-21 14:45,157,56,101,0,0,0
2024-09-21 15:00,163,57,106,0,0,0
2024-09-21 15:15,145,47,98,0,0,0
2024-09-21 15:30,131,47,84,0,0,0
2024-09-21 15:45,145,58,87,0,0,0
2024-09-21 16:00,132,60,72,0,0,0
2024-09-21 16:15,161,65,96,0,0,0
2024-09-21 16:30,139,50,89,0,0,0
2024-09-21 16:45,122,38,84,0,0,0
2024-09-21 17:00,144,52,92,0,0,0
2024-09-21 17:15,132,37,95,0,0,0
2024-09-21 17:30,140,57,83,0,0,0
2024-09-21 17:45,128,54,74,0,0,0
2024-09-21 18:00,131,49,82,0,0,0
2024-09-21 18:15,148,60,88,0,0,0
2024-09-21 18:30,129,48,81,0,0,0
2024-09-21 18:45,175,52,123,0,0,0
2024-09-21 19:00,133,36,97,0,0,0
2024-09-21 19:15,131,57,74,0,0,0
2024-09-21 19:30,115,30,85,0,0,0
2024-09-21 19:45,98,30,68,0,0,0
2024-09-21 20:00,102,37,65,0,0,0
2024-09-21 20:15,95,34,61,0,0,0
2024-09-21 20:30,55,30,25,0,0,0
2024-09-21 20:45,66,33,33,0,0,0
2024-09-21 21:00,54,16,38,0,0,0
2024-09-21 21:15,32,7,25,0,0,0
2024-09-21 21:30,80,38,42,0,0,0
2024-09-21 21:45,74,48,26,0,0,0
2024-09-21 22:00,59,34,25,0,0,0
2024-09-21 22:15,50,24,26,0,0,0
2024-09-21 22:30,58,25,33,0,0,0
2024-09-21 22:45,41,13,28,0,0,0
2024-09-21 23:00,65,30,35,0,0,0
2024-09-21 23:15,40,17,23,0,0,0
2024-09-21 23:30,43,17,26,0,0,0
2024-09-21 23:45,28,8,20,0,0,0
2024-09-22 00:00,32,11,21,0,0,0
2024-09-22 00:15,34,21,13,0,0,0
2024-09-22 00:30,27,15,12,0,0,0
2024-09-22 00:45,27,9,18,0,0,0
2024-09-22 01:00,40,9,31,0,0,0
2024-09-22 01:15,18,5,13,0,0,0
2024-09-22 01:30,29,12,17,0,0,0
2024-09-22 01:45,22,7,15,0,0,0
2024-09-22 02:00,12,3,9,0,0,0
2024-09-22 02:15,16,4,12,0,0,0
2024-09-22 02:30,11,6,5,0,0,0
2024-09-22 02:45,6,2,4,0,0,0
2024-09-22 03:00,21,4,17,0,0,0
2024-09-22 03:15,13,7,6,0,0,0
2024-09-22 03:30,3,1,2,0,0,0
2024-09-22 03:45,10,2,8,0,0,0
2024-09-22 04:00,7,1,6,0,0,0
2024-09-22 04:15,5,1,4,0,0,0
2024-09-22 04:30,5,1,4,0,0,0
2024-09-22 04:45,1,0,1,0,0,0
2024-09-22 05:00,2,1,1,0,0,0
2024-09-22 05:15,7,3,4,0,0,0
2024-09-22 05:30,6,1,5,0,0,0
2024-09-22 05:45,2,0,2,0,0,0
2024-09-22 06:00,6,2,4,0,0,0
2024-09-22 06:15,1,1,0,0,0,0
2024-09-22 06:30,2,1,1,0,0,0
2024-09-22 06:45,6,4,2,0,0,0
2024-09-22 07:00,5,2,3,0,0,0
2024-09-22 07:15,4,1,3,0,0,0
2024-09-22 07:30,9,6,3,0,0,0
2024-09-22 07:45,9,6,3,0,0,0
2024-09-22 08:00,7,4,3,0,0,0
2024-09-22 08:15,13,9,4,0,0,0
2024-09-22 08:30,15,8,7,0,0,0
2024-09-22 08:45,19,13,6,0,0,0
2024-09-22 09:00,25,13,12,0,0,0
2024-09-22 09:15,23,13,10,0,0,0
2024-09-22 09:30,30,12,18,0,0,0
2024-09-22 09:45,43,27,16,0,0,0
2024-09-22 10:00,48,36,12,0,0,0
2024-09-22 10:15,51,23,28,0,0,0
2024-09-22 10:30,56,33,23,0,0,0
2024-09-22 10:45,55,28,27,0,0,0
2024-09-22 11:00,67,42,25,0,0,0
2024-09-22 11:15,62,37,25,0,0,0
2024-09-22 11:30,54,36,18,0,0,0
2024-09-22 11:45,72,39,33,0,0,0
2024-09-22 12:00,54,30,24,0,0,0
2024-09-22 12:15,63,39,24,0,0,0
2024-09-22 12:30,86,43,43,0,0,0
2024-09-22 12:45,68,36,32,0,0,0
2024-09-22 13:00,79,47,32,0,0,0
2024-09-22 13:15,79,41,38,0,0,0
2024-09-22 13:30,76,35,41,0,0,0
2024-09-22 13:45,69,32,37,0,0,0
2024-09-22 14:00,96,43,53,0,0,0
2024-09-22 14:15,77,32,45,0,0,0
2024-09-22 14:30,91,30,61,0,0,0
2024-09-22 14:45,80,29,51,0,0,0
2024-09-22 15:00,95,41,54,0,0,0
2024-09-22 15:15,98,45,53,0,0,0
2024-09-22 15:30,115,55,60,0,0,0
2024-09-22 15:45,114,45,69,0,0,0
2024-09-22 16:00,79,32,47,0,0,0
2024-09-22 16:15,100,27,73,0,0,0
2024-09-22 16:30,85,33,52,0,0,0
2024-09-22 16:45,118,56,62,0,0,0
2024-09-22 17:00,111,47,64,0,0,0
2024-09-22 17:15,110,43,67,0,0,0
2024-09-22 17:30,89,46,43,0,0,0
2024-09-22 17:45,98,47,51,0,0,0
2024-09-22 18:00,99,29,70,0,0,0
2024-09-22 18:15,74,40,34,0,0,0
2024-09-22 18:30,105,49,56,0,0,0
2024-09-22 18:45,82,21,61,0,0,0
2024-09-22 19:00,77,28,49,0,0,0
2024-09-22 19:15,78,31,47,0,0,0
2024-09-22 19:30,50,24,26,0,0,0
2024-09-22 19:45,61,25,36,0,0,0
2024-09-22 20:00,52,16,36,0,0,0
2024-09-22 20:15,50,14,36,0,0,0
2024-09-22 20:30,45,14,31,0,0,0
2024-09-22 20:45,33,11,22,0,0,0
2024-09-22 21:00,34,16,18,0,0,0
2024-09-22 21:15,41,12,29,0,0,0
2024-09-22 21:30,20,10,10,0,0,0
2024-09-22 21:45,29,9,20,0,0,0
2024-09-22 22:00,27,10,17,0,0,0
2024-09-22 22:15,13,6,7,0,0,0
2024-09-22 22:30,25,10,15,0,0,0
2024-09-22 22:45,10,5,5,0,0,0
2024-09-22 23:00,14,8,6,0,0,0
2024-09-22 23:15,14,2,12,0,0,0
2024-09-22 23:30,3,2,1,0,0,0
2024-09-22 23:45,6,1,5,0,0,0
2024-09-23 00:00,3,0,3,0,0,0
2024-09-23 00:15,5,1,4,0,0,0
2024-09-23 00:30,2,1,1,0,0,0
2024-09-23 00:45,4,0,4,0,0,0
2024-09-23 01:00,3,1,2,0,0,0
2024-09-23 01:15,6,2,4,0,0,0
2024-09-23 01:30,4,1,3,0,0,0
2024-09-23 01:45,3,1,2,0,0,0
2024-09-23 02:00,0,0,0,0,0,0
2024-09-23 02:15,0,0,0,0,0,0
2024-09-23 02:30,3,1,2,0,0,0
2024-09-23 02:45,0,0,0,0,0,0
2024-09-23 03:00,1,1,0,0,0,0
2024-09-23 03:15,0,0,0,0,0,0
2024-09-23 03:30,0,0,0,0,0,0
2024-09-23 03:45,3,3,0,0,0,0
2024-09-23 04:00,1,1,0,0,0,0
2024-09-23 04:15,1,1,0,0,0,0
2024-09-23 04:30,4,0,4,0,0,0
2024-09-23 04:45,5,5,0,0,0,0
2024-09-23 05:00,3,3,0,0,0,0
2024-09-23 05:15,10,6,4,0,0,0
2024-09-23 05:30,9,7,2,0,0,0
2024-09-23 05:45,14,11,3,0,0,0
2024-09-23 06:00,19,11,8,0,0,0
2024-09-23 06:15,35,25,10,0,0,0
2024-09-23 06:30,29,19,10,0,0,0
2024-09-23 06:45,59,29,30,0,0,0
2024-09-23 07:00,89,56,33,0,0,0
2024-09-23 07:15,130,81,49,0,0,0
2024-09-23 07:30,164,115,49,0,0,0
2024-09-23 07:45,175,109,66,0,0,0
2024-09-23 08:00,149,95,54,0,0,0
2024-09-23 08:15,151,106,45,0,0,0
2024-09-23 08:30,125,84,41,0,0,0
2024-09-23 08:45,121,76,45,0,0,0
2024-09-23 09:00,98,65,33,0,0,0
2024-09-23 09:15,71,47,24,0,0,0
2024-09-23 09:30,80,46,34,0,0,0
2024-09-23 09:45,99,69,30,0,0,0
2024-09-23 10:00,81,49,32,0,0,0
2024-09-23 10:15,80,33,47,0,0,0
2024-09-23 10:30,92,51,41,0,0,0
2024-09-23 10:45,121,68,53,0,0,0
2024-09-23 11:00,76,42,34,0,0,0
2024-09-23 11:15,86,47,39,0,0,0
2024-09-23 11:30,105,54,51,0,0,0
2024-09-23 11:45,113,50,63,0,0,0
2024-09-23 12:00,113,52,61,0,0,0
2024-09-23 12:15,124,52,72,0,0,0
2024-09-23 12:30,134,69,65,0,0,0
2024-09-23 12:45,122,63,59,0,0,0
2024-09-23 13:00,128,49,79,0,0,0
2024-09-23 13:15,116,45,71,0,0,0
2024-09-23 13:30,139,61,78,0,0,0
2024-09-23 13:45,159,76,83,0,0,0
2024-09-23 14:00,141,55,86,0,0,0
2024-09-23 14:15,135,57,78,0,0,0
2024-09-23 14:30,130,50,80,0,0,0
2024-09-23 14:45,156,59,97,0,0,0
2024-09-23 15:00,160,64,96,0,0,0
2024-09-23 15:15,116,39,77,0,0,0
2024-09-23 15:30,130,39,91,0,0,0
2024-09-23 15:45,126,49,77,0,0,0
2024-09-23 16:00,165,76,89,0,0,0
2024-09-23 16:15,195,87,108,0,0,0
2024-09-23 16:30,178,72,106,0,0,0
2024-09-23 16:45,177,70,107,0,0,0
2024-09-23 17:00,171,74,97,0,0,0
2024-09-23 17:15,196,87,109,0,0,0
2024-09-23 17:30,170,60,110,0,0,0
2024-09-23 17:45,198,91,107,0,0,0
2024-09-23 18:00,161,61,100,0,0,0
2024-09-23 18:15,159,64,95,0,0,0
2024-09-23 18:30,123,48,75,0,0,0
2024-09-23 18:45,140,57,83,0,0,0
2024-09-23 19:00,71,0,71,0,0,0
2024-09-23 19:15,61,0,61,0,0,0
2024-09-23 19:30,50,0,50,0,0,0
2024-09-23 19:45,62,0,62,0,0,0
2024-09-23 20:00,54,0,54,0,0,0
2024-09-23 20:15,73,31,42,0,0,0
2024-09-23 20:30,51,25,26,0,0,0
2024-09-23 20:45,50,13,37,0,0,0
2024-09-23 21:00,50,17,33,0,0,0
2024-09-23 21:15,41,18,23,0,0,0
2024-09-23 21:30,44,18,26,0,0,0
2024-09-23 21:45,45,18,27,0,0,0
2024-09-23 22:00,37,11,26,0,0,0
2024-09-23 22:15,38,11,27,0,0,0
2024-09-23 22:30,34,7,27,0,0,0
2024-09-23 22:45,21,4,17,0,0,0
2024-09-23 23:00,18,3,15,0,0,0
2024-09-23 23:15,18,2,16,0,0,0
2024-09-23 23:30,14,4,10,0,0,0
2024-09-23 23:45,5,2,3,0,0,0
2024-09-24 00:00,8,2,6,0,0,0
2024-09-24 00:15,9,2,7,0,0,0
2024-09-24 00:30,2,0,2,0,0,0
2024-09-24 00:45,11,3,8,0,0,0
2024-09-24 01:00,3,0,3,0,0,0
2024-09-24 01:15,3,3,0,0,0,0
2024-09-24 01:30,6,2,4,0,0,0
2024-09-24 01:45,7,3,4,0,0,0
2024-09-24 02:00,1,0,1,0,0,0
2024-09-24 02:15,1,0,1,0,0,0
2024-09-24 02:30,0,0,0,0,0,0
2024-09-24 02:45,0,0,0,0,0,0
2024-09-24 03:00,1,0,1,0,0,0
2024-09-24 03:15,1,0,1,0,0,0
2024-09-24 03:30,1,0,1,0,0,0
2024-09-24 03:45,2,1,1,0,0,0
2024-09-24 04:00,2,1,1,0,0,0
2024-09-24 04:15,2,2,0,0,0,0
2024-09-24 04:30,2,0,2,0,0,0
2024-09-24 04:45,5,5,0,0,0,0
2024-09-24 05:00,1,1,0,0,0,0
2024-09-24 05:15,9,4,5,0,0,0
2024-09-24 05:30,11,10,1,0,0,0
2024-09-24 05:45,15,13,2,0,0,0
2024-09-24 06:00,23,15,8,0,0,0
2024-09-24 06:15,36,24,12,0,0,0
2024-09-24 06:30,47,34,13,0,0,0
2024-09-24 06:45,59,36,23,0,0,0
2024-09-24 07:00,96,66,30,0,0,0
2024-09-24 07:15,99,60,39,0,0,0
2024-09-24 07:30,180,118,62,0,0,0
2024-09-24 07:45,187,115,72,0,0,0
2024-09-24 08:00,164,104,60,0,0,0
2024-09-24 08:15,127,86,41,0,0,0
2024-09-24 08:30,133,95,38,0,0,0
2024-09-24 08:45,122,77,45,0,0,0
2024-09-24 09:00,99,62,37,0,0,0
2024-09-24 09:15,97,66,31,0,0,0
2024-09-24 09:30,92,63,29,0,0,0
2024-09-24 09:45,128,80,48,0,0,0
2024-09-24 10:00,73,42,31,0,0,0
2024-09-24 10:15,100,57,43,0,0,0
2024-09-24 10:30,103,59,44,0,0,0
2024-09-24 10:45,113,58,55,0,0,0
2024-09-24 11:00,85,41,44,0,0,0
2024-09-24 11:15,127,54,73,0,0,0
2024-09-24 11:30,121,52,69,0,0,0
2024-09-24 11:45,116,55,61,0,0,0
2024-09-24 12:00,122,55,67,0,0,0
2024-09-24 12:15,134,47,87,0,0,0
2024-09-24 12:30,145,49,96,0,0,0
2024-09-24 12:45,134,53,81,0,0,0
2024-09-24 13:00,124,58,66,0,0,0
2024-09-24 13:15,119,43,76,0,0,0
2024-09-24 13:30,120,60,60,0,0,0
2024-09-24 13:45,126,60,66,0,0,0
2024-09-24 14:00,119,49,70,0,0,0
2024-09-24 14:15,137,61,76,0,0,0
2024-09-24 14:30,160,68,92,0,0,0
2024-09-24 14:45,159,74,85,0,0,0
2024-09-24 15:00,139,60,79,0,0,0
2024-09-24 15:15,174,71,103,0,0,0
2024-09-24 15:30,178,70,108,0,0,0
2024-09-24 15:45,181,69,112,0,0,0
2024-09-24 16:00,183,73,110,0,0,0
2024-09-24 16:15,188,81,107,0,0,0
2024-09-24 16:30,198,71,127,0,0,0
2024-09-24 16:45,183,76,107,0,0,0
2024-09-24 17:00,206,90,116,0,0,0
2024-09-24 17:15,221,93,128,0,0,0
2024-09-24 17:30,183,71,112,0,0,0
2024-09-24 17:45,181,67,114,0,0,0
2024-09-24 18:00,179,67,112,0,0,0
2024-09-24 18:15,170,75,95,0,0,0
2024-09-24 18:30,138,50,88,0,0,0
2024-09-24 18:45,175,71,104,0,0,0
2024-09-24 19:00,121,39,82,0,0,0
2024-09-24 19:15,111,44,67,0,0,0
2024-09-24 19:30,123,38,85,0,0,0
2024-09-24 19:45,100,36,64,0,0,0
2024-09-24 20:00,78,29,49,0,0,0
2024-09-24 20:15,63,25,38,0,0,0
2024-09-24 20:30,60,27,33,0,0,0
2024-09-24 20:45,48,15,33,0,0,0
2024-09-24 21:00,38,18,20,0,0,0
2024-09-24 21:15,53,28,25,0,0,0
2024-09-24 21:30,43,11,32,0,0,0
2024-09-24 21:45,43,19,24,0,0,0
2024-09-24 22:00,54,8,46,0,0,0
2024-09-24 22:15,38,11,27,0,0,0
2024-09-24 22:30,40,8,32,0,0,0
2024-09-24 22:45,27,12,15,0,0,0
2024-09-24 23:00,25,6,19,0,0,0
2024-09-24 23:15,23,7,16,0,0,0
2024-09-24 23:30,10,0,10,0,0,0
2024-09-24 23:45,13,3,10,0,0,0
2024-09-25 00:00,10,5,5,0,0,0
2024-09-25 00:15,9,3,6,0,0,0
2024-09-25 00:30,4,2,2,0,0,0
2024-09-25 00:45,8,1,7,0,0,0
2024-09-25 01:00,2,0,2,0,0,0
2024-09-25 01:15,3,1,2,0,0,0
2024-09-25 01:30,3,2,1,0,0,0
2024-09-25 01:45,5,1,4,0,0,0
2024-09-25 02:00,1,0,1,0,0,0
2024-09-25 02:15,2,0,2,0,0,0
2024-09-25 02:30,0,0,0,0,0,0
2024-09-25 02:45,1,1,0,0,0,0
2024-09-25 03:00,0,0,0,0,0,0
2024-09-25 03:15,1,0,1,0,0,0
2024-09-25 03:30,2,1,1,0,0,0
2024-09-25 03:45,1,0,1,0,0,0
2024-09-25 04:00,3,2,1,0,0,0
2024-09-25 04:15,3,1,2,0,0,0
2024-09-25 04:30,5,1,4,0,0,0
2024-09-25 04:45,3,3,0,0,0,0
2024-09-25 05:00,4,3,1,0,0,0
2024-09-25 05:15,8,4,4,0,0,0
2024-09-25 05:30,13,9,4,0,0,0
2024-09-25 05:45,13,11,2,0,0,0
2024-09-25 06:00,25,17,8,0,0,0
2024-09-25 06:15,31,22,9,0,0,0
2024-09-25 06:30,27,23,4,0,0,0
2024-09-25 06:45,64,43,21,0,0,0
2024-09-25 07:00,88,48,40,0,0,0
2024-09-25 07:15,132,75,57,0,0,0
2024-09-25 07:30,172,118,54,0,0,0
2024-09-25 07:45,182,116,66,0,0,0
2024-09-25 08:00,141,99,42,0,0,0
2024-09-25 08:15,158,112,46,0,0,0
2024-09-25 08:30,132,82,50,0,0,0
2024-09-25 08:45,180,107,73,0,0,0
2024-09-25 09:00,96,56,40,0,0,0
2024-09-25 09:15,122,86,36,0,0,0
2024-09-25 09:30,101,65,36,0,0,0
2024-09-25 09:45,117,79,38,0,0,0
2024-09-25 10:00,117,78,39,0,0,0
2024-09-25 10:15,108,64,44,0,0,0
2024-09-25 10:30,109,70,39,0,0,0
2024-09-25 10:45,97,58,39,0,0,0
2024-09-25 11:00,126,58,68,0,0,0
2024-09-25 11:15,92,46,46,0,0,0
2024-09-25 11:30,89,45,44,0,0,0
2024-09-25 11:45,127,64,63,0,0,0
2024-09-25 12:00,110,45,65,0,0,0
2024-09-25 12:15,121,46,75,0,0,0
2024-09-25 12:30,149,55,94,0,0,0
2024-09-25 12:45,109,50,59,0,0,0
2024-09-25 13:00,105,38,67,0,0,0
2024-09-25 13:15,100,35,65,0,0,0
2024-09-25 13:30,77,26,51,0,0,0
2024-09-25 13:45,103,38,65,0,0,0
2024-09-25 14:00,103,44,59,0,0,0
2024-09-25 14:15,91,32,59,0,0,0
2024-09-25 14:30,111,40,71,0,0,0
2024-09-25 14:45,141,55,86,0,0,0
2024-09-25 15:00,108,50,58,0,0,0
2024-09-25 15:15,125,47,78,0,0,0
2024-09-25 15:30,122,34,88,0,0,0
2024-09-25 15:45,130,45,85,0,0,0
2024-09-25 16:00,138,49,89,0,0,0
2024-09-25 16:15,151,56,95,0,0,0
2024-09-25 16:30,203,80,123,0,0,0
2024-09-25 16:45,149,58,91,0,0,0
2024-09-25 17:00,150,49,101,0,0,0
2024-09-25 17:15,151,57,94,0,0,0
2024-09-25 17:30,150,72,78,0,0,0
2024-09-25 17:45,155,70,85,0,0,0
2024-09-25 18:00,166,46,120,0,0,0
2024-09-25 18:15,144,52,92,0,0,0
2024-09-25 18:30,115,39,76,0,0,0
2024-09-25 18:45,50,9,41,0,0,0
2024-09-25 19:00,110,47,63,0,0,0
2024-09-25 19:15,116,45,71,0,0,0
2024-09-25 19:30,87,31,56,0,0,0
2024-09-25 19:45,96,32,64,0,0,0
2024-09-25 20:00,65,27,38,0,0,0
2024-09-25 20:15,70,23,47,0,0,0
2024-09-25 20:30,59,17,42,0,0,0
2024-09-25 20:45,45,18,27,0,0,0
2024-09-25 21:00,51,20,31,0,0,0
2024-09-25 21:15,39,17,22,0,0,0
2024-09-25 21:30,47,16,31,0,0,0
2024-09-25 21:45,36,15,21,0,0,0
2024-09-25 22:00,41,7,34,0,0,0
2024-09-25 22:15,36,11,25,0,0,0
2024-09-25 22:30,40,6,34,0,0,0
2024-09-25 22:45,25,6,19,0,0,0
2024-09-25 23:00,22,11,11,0,0,0
2024-09-25 23:15,23,11,12,0,0,0
2024-09-25 23:30,15,5,10,0,0,0
2024-09-25 23:45,13,6,7,0,0,0
2024-09-26 00:00,13,4,9,0,0,0
2024-09-26 00:15,9,1,8,0,0,0
2024-09-26 00:30,3,0,3,0,0,0
2024-09-26 00:45,3,1,2,0,0,0
2024-09-26 01:00,6,0,6,0,0,0
2024-09-26 01:15,3,2,1,0,0,0
2024-09-26 01:30,2,1,1,0,0,0
2024-09-26 01:45,1,1,0,0,0,0
2024-09-26 02:00,0,0,0,0,0,0
2024-09-26 02:15,7,2,5,0,0,0
2024-09-26 02:30,1,1,0,0,0,0
2024-09-26 02:45,1,1,0,0,0,0
2024-09-26 03:00,2,0,2,0,0,0
2024-09-26 03:15,1,0,1,0,0,0
2024-09-26 03:30,0,0,0,0,0,0
2024-09-26 03:45,0,0,0,0,0,0
2024-09-26 04:00,2,0,2,0,0,0
2024-09-26 04:15,3,3,0,0,0,0
2024-09-26 04:30,5,0,5,0,0,0
2024-09-26 04:45,6,5,1,0,0,0
2024-09-26 05:00,4,3,1,0,0,0
2024-09-26 05:15,3,1,2,0,0,0
2024-09-26 05:30,13,8,5,0,0,0
2024-09-26 05:45,11,6,5,0,0,0
2024-09-26 06:00,11,8,3,0,0,0
2024-09-26 06:15,26,20,6,0,0,0
2024-09-26 06:30,30,23,7,0,0,0
2024-09-26 06:45,46,28,18,0,0,0
2024-09-26 07:00,58,36,22,0,0,0
2024-09-26 07:15,95,57,38,0,0,0
2024-09-26 07:30,151,108,43,0,0,0
2024-09-26 07:45,166,99,67,0,0,0
2024-09-26 08:00,142,99,43,0,0,0
2024-09-26 08:15,146,98,48,0,0,0
2024-09-26 08:30,105,63,42,0,0,0
2024-09-26 08:45,118,86,32,0,0,0
2024-09-26 09:00,81,49,32,0,0,0
2024-09-26 09:15,73,39,34,0,0,0
2024-09-26 09:30,76,53,23,0,0,0
2024-09-26 09:45,93,63,30,0,0,0
2024-09-26 10:00,67,41,26,0,0,0
2024-09-26 10:15,64,45,19,0,0,0
2024-09-26 10:30,76,44,32,0,0,0
2024-09-26 10:45,74,52,22,0,0,0
2024-09-26 11:00,107,57,50,0,0,0
2024-09-26 11:15,89,41,48,0,0,0
2024-09-26 11:30,99,46,53,0,0,0
2024-09-26 11:45,95,51,44,0,0,0
2024-09-26 12:00,112,66,46,0,0,0
2024-09-26 12:15,129,58,71,0,0,0
2024-09-26 12:30,132,55,77,0,0,0
2024-09-26 12:45,110,54,56,0,0,0
2024-09-26 13:00,114,36,78,0,0,0
2024-09-26 13:15,138,64,74,0,0,0
2024-09-26 13:30,123,63,60,0,0,0
2024-09-26 13:45,141,61,80,0,0,0
2024-09-26 14:00,135,63,72,0,0,0
2024-09-26 14:15,139,61,78,0,0,0
2024-09-26 14:30,153,55,98,0,0,0
2024-09-26 14:45,155,83,72,0,0,0
2024-09-26 15:00,160,78,82,0,0,0
2024-09-26 15:15,177,87,90,0,0,0
2024-09-26 15:30,161,75,86,0,0,0
2024-09-26 15:45,167,74,93,0,0,0
2024-09-26 16:00,180,78,102,0,0,0
2024-09-26 16:15,169,85,84,0,0,0
2024-09-26 16:30,147,57,90,0,0,0
2024-09-26 16:45,211,81,130,0,0,0
2024-09-26 17:00,184,74,110,0,0,0
2024-09-26 17:15,208,72,136,0,0,0
2024-09-26 17:30,176,60,116,0,0,0
2024-09-26 17:45,161,69,92,0,0,0
2024-09-26 18:00,167,63,104,0,0,0
2024-09-26 18:15,182,80,102,0,0,0
2024-09-26 18:30,111,35,76,0,0,0
2024-09-26 18:45,136,59,77,0,0,0
2024-09-26 19:00,105,46,59,0,0,0
2024-09-26 19:15,76,21,55,0,0,0
2024-09-26 19:30,84,33,51,0,0,0
2024-09-26 19:45,99,43,56,0,0,0
2024-09-26 20:00,83,23,60,0,0,0
2024-09-26 20:15,75,32,43,0,0,0
2024-09-26 20:30,51,16,35,0,0,0
2024-09-26 20:45,61,20,41,0,0,0
2024-09-26 21:00,43,12,31,0,0,0
2024-09-26 21:15,57,30,27,0,0,0
2024-09-26 21:30,44,16,28,0,0,0
2024-09-26 21:45,51,21,30,0,0,0
2024-09-26 22:00,62,25,37,0,0,0
2024-09-26 22:15,56,12,44,0,0,0
2024-09-26 22:30,30,7,23,0,0,0
2024-09-26 22:45,20,8,12,0,0,0
2024-09-26 23:00,27,9,18,0,0,0
2024-09-26 23:15,23,4,19,0,0,0
2024-09-26 23:30,18,9,9,0,0,0
2024-09-26 23:45,13,2,11,0,0,0
2024-09-27 00:00,16,5,11,0,0,0
2024-09-27 00:15,20,8,12,0,0,0
2024-09-27 00:30,2,1,1,0,0,0
2024-09-27 00:45,10,4,6,0,0,0
2024-09-27 01:00,3,1,2,0,0,0
2024-09-27 01:15,4,1,3,0,0,0
2024-09-27 01:30,7,4,3,0,0,0
2024-09-27 01:45,3,0,3,0,0,0
2024-09-27 02:00,7,1,6,0,0,0
2024-09-27 02:15,2,0,2,0,0,0
2024-09-27 02:30,3,1,2,0,0,0
2024-09-27 02:45,7,1,6,0,0,0
2024-09-27 03:00,3,1,2,0,0,0
2024-09-27 03:15,2,0,2,0,0,0
2024-09-27 03:30,1,1,0,0,0,0
2024-09-27 03:45,1,1,0,0,0,0
2024-09-27 04:00,3,2,1,0,0,0
2024-09-27 04:15,4,2,2,0,0,0
2024-09-27 04:30,6,1,5,0,0,0
2024-09-27 04:45,4,2,2,0,0,0
2024-09-27 05:00,3,3,0,0,0,0
2024-09-27 05:15,7,1,6,0,0,0
2024-09-27 05:30,12,6,6,0,0,0
2024-09-27 05:45,20,13,7,0,0,0
2024-09-27 06:00,11,7,4,0,0,0
2024-09-27 06:15,24,19,5,0,0,0
2024-09-27 06:30,42,25,17,0,0,0
2024-09-27 06:45,54,30,24,0,0,0
2024-09-27 07:00,61,37,24,0,0,0
2024-09-27 07:15,78,52,26,0,0,0
2024-09-27 07:30,148,96,52,0,0,0
2024-09-27 07:45,164,106,58,0,0,0
2024-09-27 08:00,145,100,45,0,0,0
2024-09-27 08:15,127,86,41,0,0,0
2024-09-27 08:30,116,77,39,0,0,0
2024-09-27 08:45,132,87,45,0,0,0
2024-09-27 09:00,103,63,40,0,0,0
2024-09-27 09:15,95,63,32,0,0,0
2024-09-27 09:30,120,74,46,0,0,0
2024-09-27 09:45,147,95,52,0,0,0
2024-09-27 10:00,81,51,30,0,0,0
2024-09-27 10:15,88,50,38,0,0,0
2024-09-27 10:30,117,63,54,0,0,0
2024-09-27 10:45,98,59,39,0,0,0
2024-09-27 11:00,102,45,57,0,0,0
2024-09-27 11:15,102,57,45,0,0,0
2024-09-27 11:30,124,64,60,0,0,0
2024-09-27 11:45,128,65,63,0,0,0
2024-09-27 12:00,126,62,64,0,0,0
2024-09-27 12:15,145,63,82,0,0,0
2024-09-27 12:30,152,59,93,0,0,0
2024-09-27 12:45,148,76,72,0,0,0
2024-09-27 13:00,137,57,80,0,0,0
2024-09-27 13:15,150,69,81,0,0,0
2024-09-27 13:30,141,50,91,0,0,0
2024-09-27 13:45,157,67,90,0,0,0
2024-09-27 14:00,167,62,105,0,0,0
2024-09-27 14:15,176,90,86,0,0,0
2024-09-27 14:30,153,65,88,0,0,0
2024-09-27 14:45,171,67,104,0,0,0
2024-09-27 15:00,152,69,83,0,0,0
2024-09-27 15:15,147,54,93,0,0,0
2024-09-27 15:30,138,58,80,0,0,0
2024-09-27 15:45,158,81,77,0,0,0
2024-09-27 16:00,150,61,89,0,0,0
2024-09-27 16:15,139,56,83,0,0,0
2024-09-27 16:30,123,42,81,0,0,0
2024-09-27 16:45,95,39,56,0,0,0
2024-09-27 17:00,93,33,60,0,0,0
2024-09-27 17:15,82,35,47,0,0,0
2024-09-27 17:30,100,34,66,0,0,0
2024-09-27 17:45,108,42,66,0,0,0
2024-09-27 18:00,68,22,46,0,0,0
2024-09-27 18:15,67,20,47,0,0,0
2024-09-27 18:30,73,29,44,0,0,0
2024-09-27 18:45,78,24,54,0,0,0
2024-09-27 19:00,66,19,47,0,0,0
2024-09-27 19:15,80,35,45,0,0,0
2024-09-27 19:30,60,21,39,0,0,0
2024-09-27 19:45,71,29,42,0,0,0
2024-09-27 20:00,54,25,29,0,0,0
2024-09-27 20:15,68,15,53,0,0,0
2024-09-27 20:30,37,15,22,0,0,0
2024-09-27 20:45,22,11,11,0,0,0
2024-09-27 21:00,25,13,12,0,0,0
2024-09-27 21:15,33,8,25,0,0,0
2024-09-27 21:30,38,11,27,0,0,0
2024-09-27 21:45,32,20,12,0,0,0
2024-09-27 22:00,21,9,12,0,0,0
2024-09-27 22:15,39,25,14,0,0,0
2024-09-27 22:30,26,12,14,0,0,0
2024-09-27 22:45,28,16,12,0,0,0
2024-09-27 23:00,40,16,24,0,0,0
2024-09-27 23:15,26,7,19,0,0,0
2024-09-27 23:30,27,8,19,0,0,0
2024-09-27 23:45,22,8,14,0,0,0
