Datetime,100034980 (Hammer Straße),101034980 (Hammer Straße stadteinwärts),102034980 (Hammer Straße stadtauswärts),100034980-status,101034980-status,102034980-status
2024-08-01 00:00,20,3,17,0,0,0
2024-08-01 00:15,25,13,12,0,0,0
2024-08-01 00:30,19,13,6,0,0,0
2024-08-01 00:45,8,7,1,0,0,0
2024-08-01 01:00,21,10,11,0,0,0
2024-08-01 01:15,5,2,3,0,0,0
2024-08-01 01:30,7,0,7,0,0,0
2024-08-01 01:45,0,0,0,0,0,0
2024-08-01 02:00,2,0,2,0,0,0
2024-08-01 02:15,3,0,3,0,0,0
2024-08-01 02:30,2,0,2,0,0,0
2024-08-01 02:45,1,0,1,0,0,0
2024-08-01 03:00,9,0,9,0,0,0
2024-08-01 03:15,5,0,5,0,0,0
2024-08-01 03:30,1,1,0,0,0,0
2024-08-01 03:45,3,0,3,0,0,0
2024-08-01 04:00,3,1,2,0,0,0
2024-08-01 04:15,3,1,2,0,0,0
2024-08-01 04:30,4,1,3,0,0,0
2024-08-01 04:45,5,4,1,0,0,0
2024-08-01 05:00,3,3,0,0,0,0
2024-08-01 05:15,11,8,3,0,0,0
2024-08-01 05:30,18,7,11,0,0,0
2024-08-01 05:45,20,15,5,0,0,0
2024-08-01 06:00,23,15,8,0,0,0
2024-08-01 06:15,30,16,14,0,0,0
2024-08-01 06:30,52,33,19,0,0,0
2024-08-01 06:45,67,37,30,0,0,0
2024-08-01 07:00,56,31,25,0,0,0
2024-08-01 07:15,82,53,29,0,0,0
2024-08-01 07:30,96,59,37,0,0,0
2024-08-01 07:45,117,74,43,0,0,0
2024-08-01 08:00,103,62,41,0,0,0
2024-08-01 08:15,88,51,37,0,0,0
2024-08-01 08:30,100,58,42,0,0,0
2024-08-01 08:45,119,66,53,0,0,0
2024-08-01 09:00,69,40,29,0,0,0
2024-08-01 09:15,92,63,29,0,0,0
2024-08-01 09:30,106,70,36,0,0,0
2024-08-01 09:45,101,71,30,0,0,0
2024-08-01 10:00,121,79,42,0,0,0
2024-08-01 10:15,105,52,53,0,0,0
2024-08-01 10:30,96,55,41,0,0,0
2024-08-01 10:45,98,53,45,0,0,0
2024-08-01 11:00,97,49,48,0,0,0
2024-08-01 11:15,123,61,62,0,0,0
2024-08-01 11:30,112,53,59,0,0,0
2024-08-01 11:45,145,70,75,0,0,0
2024-08-01 12:00,120,52,68,0,0,0
2024-08-01 12:15,121,46,75,0,0,0
2024-08-01 12:30,126,43,83,0,0,0
2024-08-01 12:45,152,62,90,0,0,0
2024-08-01 13:00,130,64,66,0,0,0
2024-08-01 13:15,113,45,68,0,0,0
2024-08-01 13:30,118,53,65,0,0,0
2024-08-01 13:45,153,71,82,0,0,0
2024-08-01 14:00,133,55,78,0,0,0
2024-08-01 14:15,145,66,79,0,0,0
2024-08-01 14:30,129,50,79,0,0,0
2024-08-01 14:45,151,75,76,0,0,0
2024-08-01 15:00,118,55,63,0,0,0
2024-08-01 15:15,125,52,73,0,0,0
2024-08-01 15:30,123,42,81,0,0,0
2024-08-01 15:45,124,49,75,0,0,0
2024-08-01 16:00,137,48,89,0,0,0
2024-08-01 16:15,168,61,107,0,0,0
2024-08-01 16:30,144,54,90,0,0,0
2024-08-01 16:45,138,49,89,0,0,0
2024-08-01 17:00,126,51,75,0,0,0
2024-08-01 17:15,131,56,75,0,0,0
2024-08-01 17:30,131,38,93,0,0,0
2024-08-01 17:45,85,23,62,0,0,0
2024-08-01 18:00,98,38,60,0,0,0
2024-08-01 18:15,83,31,52,0,0,0
2024-08-01 18:30,91,33,58,0,0,0
2024-08-01 18:45,57,23,34,0,0,0
2024-08-01 19:00,51,9,42,0,0,0
2024-08-01 19:15,64,19,45,0,0,0
2024-08-01 19:30,62,21,41,0,0,0
2024-08-01 19:45,42,14,28,0,0,0
2024-08-01 20:00,52,14,38,0,0,0
2024-08-01 20:15,37,10,27,0,0,0
2024-08-01 20:30,23,10,13,0,0,0
2024-08-01 20:45,14,7,7,0,0,0
2024-08-01 21:00,36,10,26,0,0,0
2024-08-01 21:15,29,8,21,0,0,0
2024-08-01 21:30,30,10,20,0,0,0
2024-08-01 21:45,27,16,11,0,0,0
2024-08-01 22:00,37,15,22,0,0,0
2024-08-01 22:15,24,9,15,0,0,0
2024-08-01 22:30,22,9,13,0,0,0
2024-08-01 22:45,27,13,14,0,0,0
2024-08-01 23:00,14,3,11,0,0,0
2024-08-01 23:15,20,7,13,0,0,0
2024-08-01 23:30,16,3,13,0,0,0
2024-08-01 23:45,10,2,8,0,0,0
2024-08-02 00:00,7,4,3,0,0,0
2024-08-02 00:15,7,5,2,0,0,0
2024-08-02 00:30,10,1,9,0,0,0
2024-08-02 00:45,6,2,4,0,0,0
2024-08-02 01:00,2,0,2,0,0,0
2024-08-02 01:15,2,1,1,0,0,0
2024-08-02 01:30,4,3,1,0,0,0
2024-08-02 01:45,3,2,1,0,0,0
2024-08-02 02:00,6,6,0,0,0,0
2024-08-02 02:15,0,0,0,0,0,0
2024-08-02 02:30,1,0,1,0,0,0
2024-08-02 02:45,0,0,0,0,0,0
2024-08-02 03:00,1,0,1,0,0,0
2024-08-02 03:15,0,0,0,0,0,0
2024-08-02 03:30,0,0,0,0,0,0
2024-08-02 03:45,0,0,0,0,0,0
2024-08-02 04:00,0,0,0,0,0,0
2024-08-02 04:15,2,2,0,0,0,0
2024-08-02 04:30,3,2,1,0,0,0
2024-08-02 04:45,2,2,0,0,0,0
2024-08-02 05:00,4,3,1,0,0,0
2024-08-02 05:15,11,8,3,0,0,0
2024-08-02 05:30,18,14,4,0,0,0
2024-08-02 05:45,18,15,3,0,0,0
2024-08-02 06:00,20,11,9,0,0,0
2024-08-02 06:15,21,13,8,0,0,0
2024-08-02 06:30,33,20,13,0,0,0
2024-08-02 06:45,58,31,27,0,0,0
2024-08-02 07:00,56,29,27,0,0,0
2024-08-02 07:15,70,46,24,0,0,0
2024-08-02 07:30,70,41,29,0,0,0
2024-08-02 07:45,111,72,39,0,0,0
2024-08-02 08:00,89,55,34,0,0,0
2024-08-02 08:15,84,57,27,0,0,0
2024-08-02 08:30,94,57,37,0,0,0
2024-08-02 08:45,93,52,41,0,0,0
2024-08-02 09:00,79,54,25,0,0,0
2024-08-02 09:15,100,59,41,0,0,0
2024-08-02 09:30,94,53,41,0,0,0
2024-08-02 09:45,123,93,30,0,0,0
2024-08-02 10:00,88,53,35,0,0,0
2024-08-02 10:15,96,54,42,0,0,0
2024-08-02 10:30,115,71,44,0,0,0
2024-08-02 10:45,123,70,53,0,0,0
2024-08-02 11:00,115,70,45,0,0,0
2024-08-02 11:15,91,41,50,0,0,0
2024-08-02 11:30,140,71,69,0,0,0
2024-08-02 11:45,114,56,58,0,0,0
2024-08-02 12:00,145,70,75,0,0,0
2024-08-02 12:15,122,58,64,0,0,0
2024-08-02 12:30,131,50,81,0,0,0
2024-08-02 12:45,125,76,49,0,0,0
2024-08-02 13:00,152,76,76,0,0,0
2024-08-02 13:15,133,57,76,0,0,0
2024-08-02 13:30,124,50,74,0,0,0
2024-08-02 13:45,147,65,82,0,0,0
2024-08-02 14:00,169,80,89,0,0,0
2024-08-02 14:15,132,60,72,0,0,0
2024-08-02 14:30,139,73,66,0,0,0
2024-08-02 14:45,153,60,93,0,0,0
2024-08-02 15:00,150,66,84,0,0,0
2024-08-02 15:15,146,57,89,0,0,0
2024-08-02 15:30,140,66,74,0,0,0
2024-08-02 15:45,138,60,78,0,0,0
2024-08-02 16:00,162,82,80,0,0,0
2024-08-02 16:15,193,100,93,0,0,0
2024-08-02 16:30,125,65,60,0,0,0
2024-08-02 16:45,144,70,74,0,0,0
2024-08-02 17:00,144,58,86,0,0,0
2024-08-02 17:15,143,69,74,0,0,0
2024-08-02 17:30,153,89,64,0,0,0
2024-08-02 17:45,167,69,98,0,0,0
2024-08-02 18:00,137,59,78,0,0,0
2024-08-02 18:15,107,57,50,0,0,0
2024-08-02 18:30,121,55,66,0,0,0
2024-08-02 18:45,105,49,56,0,0,0
2024-08-02 19:00,97,44,53,0,0,0
2024-08-02 19:15,117,67,50,0,0,0
2024-08-02 19:30,60,36,24,0,0,0
2024-08-02 19:45,79,45,34,0,0,0
2024-08-02 20:00,70,32,38,0,0,0
2024-08-02 20:15,66,32,34,0,0,0
2024-08-02 20:30,61,31,30,0,0,0
2024-08-02 20:45,39,27,12,0,0,0
2024-08-02 21:00,50,18,32,0,0,0
2024-08-02 21:15,40,25,15,0,0,0
2024-08-02 21:30,28,16,12,0,0,0
2024-08-02 21:45,34,20,14,0,0,0
2024-08-02 22:00,25,15,10,0,0,0
2024-08-02 22:15,25,21,4,0,0,0
2024-08-02 22:30,24,18,6,0,0,0
2024-08-02 22:45,21,14,7,0,0,0
2024-08-02 23:00,19,14,5,0,0,0
2024-08-02 23:15,20,15,5,0,0,0
2024-08-02 23:30,14,12,2,0,0,0
2024-08-02 23:45,24,18,6,0,0,0
2024-08-03 00:00,12,9,3,0,0,0
2024-08-03 00:15,5,3,2,0,0,0
2024-08-03 00:30,6,3,3,0,0,0
2024-08-03 00:45,13,10,3,0,0,0
2024-08-03 01:00,11,6,5,0,0,0
2024-08-03 01:15,8,4,4,0,0,0
2024-08-03 01:30,0,0,0,0,0,0
2024-08-03 01:45,4,4,0,0,0,0
2024-08-03 02:00,3,2,1,0,0,0
2024-08-03 02:15,3,3,0,0,0,0
2024-08-03 02:30,5,3,2,0,0,0
2024-08-03 02:45,1,0,1,0,0,0
2024-08-03 03:00,3,1,2,0,0,0
2024-08-03 03:15,5,3,2,0,0,0
2024-08-03 03:30,1,1,0,0,0,0
2024-08-03 03:45,1,1,0,0,0,0
2024-08-03 04:00,1,1,0,0,0,0
2024-08-03 04:15,0,0,0,0,0,0
2024-08-03 04:30,1,1,0,0,0,0
2024-08-03 04:45,2,2,0,0,0,0
2024-08-03 05:00,0,0,0,0,0,0
2024-08-03 05:15,3,3,0,0,0,0
2024-08-03 05:30,1,1,0,0,0,0
2024-08-03 05:45,4,2,2,0,0,0
2024-08-03 06:00,1,1,0,0,0,0
2024-08-03 06:15,0,0,0,0,0,0
2024-08-03 06:30,0,0,0,0,0,0
2024-08-03 06:45,2,1,1,0,0,0
2024-08-03 07:00,2,1,1,0,0,0
2024-08-03 07:15,0,0,0,0,0,0
2024-08-03 07:30,1,0,1,0,0,0
2024-08-03 07:45,0,0,0,0,0,0
2024-08-03 08:00,0,0,0,0,0,0
2024-08-03 08:15,2,0,2,0,0,0
2024-08-03 08:30,1,0,1,0,0,0
2024-08-03 08:45,0,0,0,0,0,0
2024-08-03 09:00,0,0,0,0,0,0
2024-08-03 09:15,0,0,0,0,0,0
2024-08-03 09:30,4,4,0,0,0,0
2024-08-03 09:45,3,3,0,0,0,0
2024-08-03 10:00,1,1,0,0,0,0
2024-08-03 10:15,2,1,1,0,0,0
2024-08-03 10:30,4,4,0,0,0,0
2024-08-03 10:45,7,6,1,0,0,0
2024-08-03 11:00,6,6,0,0,0,0
2024-08-03 11:15,2,2,0,0,0,0
2024-08-03 11:30,4,4,0,0,0,0
2024-08-03 11:45,4,3,1,0,0,0
2024-08-03 12:00,2,2,0,0,0,0
2024-08-03 12:15,0,0,0,0,0,0
2024-08-03 12:30,4,3,1,0,0,0
2024-08-03 12:45,0,0,0,0,0,0
2024-08-03 13:00,4,3,1,0,0,0
2024-08-03 13:15,2,1,1,0,0,0
2024-08-03 13:30,1,1,0,0,0,0
2024-08-03 13:45,2,2,0,0,0,0
2024-08-03 14:00,2,2,0,0,0,0
2024-08-03 14:15,0,0,0,0,0,0
2024-08-03 14:30,0,0,0,0,0,0
2024-08-03 14:45,2,2,0,0,0,0
2024-08-03 15:00,2,2,0,0,0,0
2024-08-03 15:15,1,1,0,0,0,0
2024-08-03 15:30,2,2,0,0,0,0
2024-08-03 15:45,0,0,0,0,0,0
2024-08-03 16:00,3,3,0,0,0,0
2024-08-03 16:15,4,2,2,0,0,0
2024-08-03 16:30,0,0,0,0,0,0
2024-08-03 16:45,0,0,0,0,0,0
2024-08-03 17:00,3,2,1,0,0,0
2024-08-03 17:15,1,1,0,0,0,0
2024-08-03 17:30,0,0,0,0,0,0
2024-08-03 17:45,1,1,0,0,0,0
2024-08-03 18:00,0,0,0,0,0,0
2024-08-03 18:15,3,3,0,0,0,0
2024-08-03 18:30,1,1,0,0,0,0
2024-08-03 18:45,0,0,0,0,0,0
2024-08-03 19:00,0,0,0,0,0,0
2024-08-03 19:15,0,0,0,0,0,0
2024-08-03 19:30,0,0,0,0,0,0
2024-08-03 19:45,3,3,0,0,0,0
2024-08-03 20:00,1,1,0,0,0,0
2024-08-03 20:15,0,0,0,0,0,0
2024-08-03 20:30,0,0,0,0,0,0
2024-08-03 20:45,1,1,0,0,0,0
2024-08-03 21:00,0,0,0,0,0,0
2024-08-03 21:15,1,0,1,0,0,0
2024-08-03 21:30,2,2,0,0,0,0
2024-08-03 21:45,1,1,0,0,0,0
2024-08-03 22:00,1,1,0,0,0,0
2024-08-03 22:15,2,2,0,0,0,0
2024-08-03 22:30,0,0,0,0,0,0
2024-08-03 22:45,0,0,0,0,0,0
2024-08-03 23:00,0,0,0,0,0,0
2024-08-03 23:15,0,0,0,0,0,0
2024-08-03 23:30,4,4,0,0,0,0
2024-08-03 23:45,1,0,1,0,0,0
2024-08-04 00:00,0,0,0,0,0,0
2024-08-04 00:15,1,0,1,0,0,0
2024-08-04 00:30,3,2,1,0,0,0
2024-08-04 00:45,0,0,0,0,0,0
2024-08-04 01:00,0,0,0,0,0,0
2024-08-04 01:15,0,0,0,0,0,0
2024-08-04 01:30,1,1,0,0,0,0
2024-08-04 01:45,0,0,0,0,0,0
2024-08-04 02:00,0,0,0,0,0,0
2024-08-04 02:15,0,0,0,0,0,0
2024-08-04 02:30,0,0,0,0,0,0
2024-08-04 02:45,0,0,0,0,0,0
2024-08-04 03:00,0,0,0,0,0,0
2024-08-04 03:15,0,0,0,0,0,0
2024-08-04 03:30,0,0,0,0,0,0
2024-08-04 03:45,0,0,0,0,0,0
2024-08-04 04:00,0,0,0,0,0,0
2024-08-04 04:15,1,0,1,0,0,0
2024-08-04 04:30,0,0,0,0,0,0
2024-08-04 04:45,0,0,0,0,0,0
2024-08-04 05:00,0,0,0,0,0,0
2024-08-04 05:15,0,0,0,0,0,0
2024-08-04 05:30,1,1,0,0,0,0
2024-08-04 05:45,0,0,0,0,0,0
2024-08-04 06:00,0,0,0,0,0,0
2024-08-04 06:15,0,0,0,0,0,0
2024-08-04 06:30,0,0,0,0,0,0
2024-08-04 06:45,1,1,0,0,0,0
2024-08-04 07:00,0,0,0,0,0,0
2024-08-04 07:15,0,0,0,0,0,0
2024-08-04 07:30,0,0,0,0,0,0
2024-08-04 07:45,0,0,0,0,0,0
2024-08-04 08:00,0,0,0,0,0,0
2024-08-04 08:15,0,0,0,0,0,0
2024-08-04 08:30,0,0,0,0,0,0
2024-08-04 08:45,0,0,0,0,0,0
2024-08-04 09:00,0,0,0,0,0,0
2024-08-04 09:15,0,0,0,0,0,0
2024-08-04 09:30,0,0,0,0,0,0
2024-08-04 09:45,0,0,0,0,0,0
2024-08-04 10:00,0,0,0,0,0,0
2024-08-04 10:15,1,1,0,0,0,0
2024-08-04 10:30,0,0,0,0,0,0
2024-08-04 10:45,0,0,0,0,0,0
2024-08-04 11:00,1,1,0,0,0,0
2024-08-04 11:15,0,0,0,0,0,0
2024-08-04 11:30,1,0,1,0,0,0
2024-08-04 11:45,0,0,0,0,0,0
2024-08-04 12:00,1,1,0,0,0,0
2024-08-04 12:15,2,2,0,0,0,0
2024-08-04 12:30,1,1,0,0,0,0
2024-08-04 12:45,1,1,0,0,0,0
2024-08-04 13:00,2,2,0,0,0,0
2024-08-04 13:15,2,2,0,0,0,0
2024-08-04 13:30,2,1,1,0,0,0
2024-08-04 13:45,0,0,0,0,0,0
2024-08-04 14:00,2,1,1,0,0,0
2024-08-04 14:15,3,1,2,0,0,0
2024-08-04 14:30,2,0,2,0,0,0
2024-08-04 14:45,2,0,2,0,0,0
2024-08-04 15:00,2,2,0,0,0,0
2024-08-04 15:15,0,0,0,0,0,0
2024-08-04 15:30,0,0,0,0,0,0
2024-08-04 15:45,5,1,4,0,0,0
2024-08-04 16:00,1,1,0,0,0,0
2024-08-04 16:15,3,3,0,0,0,0
2024-08-04 16:30,0,0,0,0,0,0
2024-08-04 16:45,3,3,0,0,0,0
2024-08-04 17:00,1,0,1,0,0,0
2024-08-04 17:15,1,1,0,0,0,0
2024-08-04 17:30,0,0,0,0,0,0
2024-08-04 17:45,1,0,1,0,0,0
2024-08-04 18:00,0,0,0,0,0,0
2024-08-04 18:15,0,0,0,0,0,0
2024-08-04 18:30,2,1,1,0,0,0
2024-08-04 18:45,1,0,1,0,0,0
2024-08-04 19:00,1,1,0,0,0,0
2024-08-04 19:15,2,0,2,0,0,0
2024-08-04 19:30,0,0,0,0,0,0
2024-08-04 19:45,1,1,0,0,0,0
2024-08-04 20:00,1,1,0,0,0,0
2024-08-04 20:15,3,3,0,0,0,0
2024-08-04 20:30,2,2,0,0,0,0
2024-08-04 20:45,0,0,0,0,0,0
2024-08-04 21:00,2,2,0,0,0,0
2024-08-04 21:15,1,1,0,0,0,0
2024-08-04 21:30,2,1,1,0,0,0
2024-08-04 21:45,5,3,2,0,0,0
2024-08-04 22:00,4,3,1,0,0,0
2024-08-04 22:15,4,4,0,0,0,0
2024-08-04 22:30,5,2,3,0,0,0
2024-08-04 22:45,2,1,1,0,0,0
2024-08-04 23:00,6,1,5,0,0,0
2024-08-04 23:15,7,2,5,0,0,0
2024-08-04 23:30,11,0,11,0,0,0
2024-08-04 23:45,5,2,3,0,0,0
2024-08-05 00:00,4,2,2,0,0,0
2024-08-05 00:15,6,1,5,0,0,0
2024-08-05 00:30,1,0,1,0,0,0
2024-08-05 00:45,0,0,0,0,0,0
2024-08-05 01:00,2,1,1,0,0,0
2024-08-05 01:15,0,0,0,0,0,0
2024-08-05 01:30,6,1,5,0,0,0
2024-08-05 01:45,1,0,1,0,0,0
2024-08-05 02:00,1,1,0,0,0,0
2024-08-05 02:15,0,0,0,0,0,0
2024-08-05 02:30,0,0,0,0,0,0
2024-08-05 02:45,0,0,0,0,0,0
2024-08-05 03:00,0,0,0,0,0,0
2024-08-05 03:15,0,0,0,0,0,0
2024-08-05 03:30,0,0,0,0,0,0
2024-08-05 03:45,0,0,0,0,0,0
2024-08-05 04:00,2,1,1,0,0,0
2024-08-05 04:15,1,1,0,0,0,0
2024-08-05 04:30,2,1,1,0,0,0
2024-08-05 04:45,3,3,0,0,0,0
2024-08-05 05:00,5,2,3,0,0,0
2024-08-05 05:15,8,5,3,0,0,0
2024-08-05 05:30,23,15,8,0,0,0
2024-08-05 05:45,19,14,5,0,0,0
2024-08-05 06:00,18,12,6,0,0,0
2024-08-05 06:15,34,25,9,0,0,0
2024-08-05 06:30,34,18,16,0,0,0
2024-08-05 06:45,65,35,30,0,0,0
2024-08-05 07:00,64,35,29,0,0,0
2024-08-05 07:15,92,58,34,0,0,0
2024-08-05 07:30,100,68,32,0,0,0
2024-08-05 07:45,156,103,53,0,0,0
2024-08-05 08:00,101,60,41,0,0,0
2024-08-05 08:15,110,74,36,0,0,0
2024-08-05 08:30,116,74,42,0,0,0
2024-08-05 08:45,113,82,31,0,0,0
2024-08-05 09:00,89,63,26,0,0,0
2024-08-05 09:15,87,58,29,0,0,0
2024-08-05 09:30,98,59,39,0,0,0
2024-08-05 09:45,135,94,41,0,0,0
2024-08-05 10:00,98,55,43,0,0,0
2024-08-05 10:15,94,63,31,0,0,0
2024-08-05 10:30,127,82,45,0,0,0
2024-08-05 10:45,123,65,58,0,0,0
2024-08-05 11:00,110,53,57,0,0,0
2024-08-05 11:15,113,57,56,0,0,0
2024-08-05 11:30,108,58,50,0,0,0
2024-08-05 11:45,133,62,71,0,0,0
2024-08-05 12:00,117,49,68,0,0,0
2024-08-05 12:15,129,57,72,0,0,0
2024-08-05 12:30,143,72,71,0,0,0
2024-08-05 12:45,145,57,88,0,0,0
2024-08-05 13:00,143,55,88,0,0,0
2024-08-05 13:15,123,68,55,0,0,0
2024-08-05 13:30,120,48,72,0,0,0
2024-08-05 13:45,128,71,57,0,0,0
2024-08-05 14:00,123,61,62,0,0,0
2024-08-05 14:15,136,59,77,0,0,0
2024-08-05 14:30,151,70,81,0,0,0
2024-08-05 14:45,153,74,79,0,0,0
2024-08-05 15:00,161,62,99,0,0,0
2024-08-05 15:15,176,79,97,0,0,0
2024-08-05 15:30,156,74,82,0,0,0
2024-08-05 15:45,191,91,100,0,0,0
2024-08-05 16:00,183,79,104,0,0,0
2024-08-05 16:15,199,85,114,0,0,0
2024-08-05 16:30,193,88,105,0,0,0
2024-08-05 16:45,202,83,119,0,0,0
2024-08-05 17:00,176,73,103,0,0,0
2024-08-05 17:15,210,94,116,0,0,0
2024-08-05 17:30,184,72,112,0,0,0
2024-08-05 17:45,223,92,131,0,0,0
2024-08-05 18:00,198,79,119,0,0,0
2024-08-05 18:15,184,75,109,0,0,0
2024-08-05 18:30,134,44,90,0,0,0
2024-08-05 18:45,144,54,90,0,0,0
2024-08-05 19:00,102,30,72,0,0,0
2024-08-05 19:15,120,46,74,0,0,0
2024-08-05 19:30,85,24,61,0,0,0
2024-08-05 19:45,94,35,59,0,0,0
2024-08-05 20:00,92,37,55,0,0,0
2024-08-05 20:15,77,28,49,0,0,0
2024-08-05 20:30,61,30,31,0,0,0
2024-08-05 20:45,55,19,36,0,0,0
2024-08-05 21:00,66,31,35,0,0,0
2024-08-05 21:15,53,23,30,0,0,0
2024-08-05 21:30,58,19,39,0,0,0
2024-08-05 21:45,49,19,30,0,0,0
2024-08-05 22:00,50,18,32,0,0,0
2024-08-05 22:15,42,22,20,0,0,0
2024-08-05 22:30,38,11,27,0,0,0
2024-08-05 22:45,32,10,22,0,0,0
2024-08-05 23:00,31,8,23,0,0,0
2024-08-05 23:15,22,9,13,0,0,0
2024-08-05 23:30,8,4,4,0,0,0
2024-08-05 23:45,12,2,10,0,0,0
2024-08-06 00:00,21,3,18,0,0,0
2024-08-06 00:15,18,4,14,0,0,0
2024-08-06 00:30,8,6,2,0,0,0
2024-08-06 00:45,4,2,2,0,0,0
2024-08-06 01:00,10,2,8,0,0,0
2024-08-06 01:15,8,2,6,0,0,0
2024-08-06 01:30,1,0,1,0,0,0
2024-08-06 01:45,0,0,0,0,0,0
2024-08-06 02:00,5,3,2,0,0,0
2024-08-06 02:15,0,0,0,0,0,0
2024-08-06 02:30,3,2,1,0,0,0
2024-08-06 02:45,0,0,0,0,0,0
2024-08-06 03:00,0,0,0,0,0,0
2024-08-06 03:15,1,1,0,0,0,0
2024-08-06 03:30,1,0,1,0,0,0
2024-08-06 03:45,2,0,2,0,0,0
2024-08-06 04:00,0,0,0,0,0,0
2024-08-06 04:15,3,3,0,0,0,0
2024-08-06 04:30,0,0,0,0,0,0
2024-08-06 04:45,5,3,2,0,0,0
2024-08-06 05:00,5,2,3,0,0,0
2024-08-06 05:15,9,6,3,0,0,0
2024-08-06 05:30,19,11,8,0,0,0
2024-08-06 05:45,23,16,7,0,0,0
2024-08-06 06:00,24,16,8,0,0,0
2024-08-06 06:15,31,21,10,0,0,0
2024-08-06 06:30,49,36,13,0,0,0
2024-08-06 06:45,62,34,28,0,0,0
2024-08-06 07:00,89,58,31,0,0,0
2024-08-06 07:15,106,63,43,0,0,0
2024-08-06 07:30,108,70,38,0,0,0
2024-08-06 07:45,144,91,53,0,0,0
2024-08-06 08:00,111,64,47,0,0,0
2024-08-06 08:15,112,71,41,0,0,0
2024-08-06 08:30,118,69,49,0,0,0
2024-08-06 08:45,128,80,48,0,0,0
2024-08-06 09:00,79,49,30,0,0,0
2024-08-06 09:15,94,66,28,0,0,0
2024-08-06 09:30,85,50,35,0,0,0
2024-08-06 09:45,133,85,48,0,0,0
2024-08-06 10:00,87,52,35,0,0,0
2024-08-06 10:15,127,69,58,0,0,0
2024-08-06 10:30,108,54,54,0,0,0
2024-08-06 10:45,109,58,51,0,0,0
2024-08-06 11:00,87,48,39,0,0,0
2024-08-06 11:15,109,57,52,0,0,0
2024-08-06 11:30,101,50,51,0,0,0
2024-08-06 11:45,106,48,58,0,0,0
2024-08-06 12:00,121,52,69,0,0,0
2024-08-06 12:15,133,59,74,0,0,0
2024-08-06 12:30,137,64,73,0,0,0
2024-08-06 12:45,129,55,74,0,0,0
2024-08-06 13:00,107,45,62,0,0,0
2024-08-06 13:15,124,51,73,0,0,0
2024-08-06 13:30,113,54,59,0,0,0
2024-08-06 13:45,148,70,78,0,0,0
2024-08-06 14:00,101,41,60,0,0,0
2024-08-06 14:15,135,59,76,0,0,0
2024-08-06 14:30,140,60,80,0,0,0
2024-08-06 14:45,155,69,86,0,0,0
2024-08-06 15:00,152,60,92,0,0,0
2024-08-06 15:15,146,60,86,0,0,0
2024-08-06 15:30,151,58,93,0,0,0
2024-08-06 15:45,165,78,87,0,0,0
2024-08-06 16:00,198,74,124,0,0,0
2024-08-06 16:15,209,77,132,0,0,0
2024-08-06 16:30,188,77,111,0,0,0
2024-08-06 16:45,219,89,130,0,0,0
2024-08-06 17:00,179,86,93,0,0,0
2024-08-06 17:15,185,82,103,0,0,0
2024-08-06 17:30,198,81,117,0,0,0
2024-08-06 17:45,199,95,104,0,0,0
2024-08-06 18:00,186,75,111,0,0,0
2024-08-06 18:15,154,56,98,0,0,0
2024-08-06 18:30,139,51,88,0,0,0
2024-08-06 18:45,142,53,89,0,0,0
2024-08-06 19:00,134,61,73,0,0,0
2024-08-06 19:15,108,52,56,0,0,0
2024-08-06 19:30,85,38,47,0,0,0
2024-08-06 19:45,110,44,66,0,0,0
2024-08-06 20:00,110,45,65,0,0,0
2024-08-06 20:15,98,35,63,0,0,0
2024-08-06 20:30,70,22,48,0,0,0
2024-08-06 20:45,55,24,31,0,0,0
2024-08-06 21:00,79,24,55,0,0,0
2024-08-06 21:15,72,32,40,0,0,0
2024-08-06 21:30,46,17,29,0,0,0
2024-08-06 21:45,55,16,39,0,0,0
2024-08-06 22:00,55,11,44,0,0,0
2024-08-06 22:15,64,23,41,0,0,0
2024-08-06 22:30,56,19,37,0,0,0
2024-08-06 22:45,29,2,27,0,0,0
2024-08-06 23:00,40,14,26,0,0,0
2024-08-06 23:15,37,12,25,0,0,0
2024-08-06 23:30,15,2,13,0,0,0
2024-08-06 23:45,16,8,8,0,0,0
2024-08-07 00:00,20,5,15,0,0,0
2024-08-07 00:15,12,5,7,0,0,0
2024-08-07 00:30,7,0,7,0,0,0
2024-08-07 00:45,7,3,4,0,0,0
2024-08-07 01:00,5,0,5,0,0,0
2024-08-07 01:15,2,1,1,0,0,0
2024-08-07 01:30,0,0,0,0,0,0
2024-08-07 01:45,8,3,5,0,0,0
2024-08-07 02:00,6,2,4,0,0,0
2024-08-07 02:15,1,0,1,0,0,0
2024-08-07 02:30,4,0,4,0,0,0
2024-08-07 02:45,0,0,0,0,0,0
2024-08-07 03:00,0,0,0,0,0,0
2024-08-07 03:15,1,1,0,0,0,0
2024-08-07 03:30,1,0,1,0,0,0
2024-08-07 03:45,0,0,0,0,0,0
2024-08-07 04:00,3,3,0,0,0,0
2024-08-07 04:15,0,0,0,0,0,0
2024-08-07 04:30,2,0,2,0,0,0
2024-08-07 04:45,0,0,0,0,0,0
2024-08-07 05:00,3,1,2,0,0,0
2024-08-07 05:15,4,2,2,0,0,0
2024-08-07 05:30,17,13,4,0,0,0
2024-08-07 05:45,20,12,8,0,0,0
2024-08-07 06:00,22,16,6,0,0,0
2024-08-07 06:15,26,18,8,0,0,0
2024-08-07 06:30,53,40,13,0,0,0
2024-08-07 06:45,73,37,36,0,0,0
2024-08-07 07:00,93,55,38,0,0,0
2024-08-07 07:15,91,62,29,0,0,0
2024-08-07 07:30,122,80,42,0,0,0
2024-08-07 07:45,128,81,47,0,0,0
2024-08-07 08:00,98,72,26,0,0,0
2024-08-07 08:15,154,92,62,0,0,0
2024-08-07 08:30,101,64,37,0,0,0
2024-08-07 08:45,140,86,54,0,0,0
2024-08-07 09:00,90,64,26,0,0,0
2024-08-07 09:15,99,72,27,0,0,0
2024-08-07 09:30,126,73,53,0,0,0
2024-08-07 09:45,159,107,52,0,0,0
2024-08-07 10:00,102,59,43,0,0,0
2024-08-07 10:15,130,71,59,0,0,0
2024-08-07 10:30,122,78,44,0,0,0
2024-08-07 10:45,131,73,58,0,0,0
2024-08-07 11:00,134,59,75,0,0,0
2024-08-07 11:15,125,69,56,0,0,0
2024-08-07 11:30,120,61,59,0,0,0
2024-08-07 11:45,165,71,94,0,0,0
2024-08-07 12:00,138,65,73,0,0,0
2024-08-07 12:15,117,53,64,0,0,0
2024-08-07 12:30,113,59,54,0,0,0
2024-08-07 12:45,137,60,77,0,0,0
2024-08-07 13:00,119,49,70,0,0,0
2024-08-07 13:15,122,57,65,0,0,0
2024-08-07 13:30,120,43,77,0,0,0
2024-08-07 13:45,115,46,69,0,0,0
2024-08-07 14:00,156,64,92,0,0,0
2024-08-07 14:15,106,27,79,0,0,0
2024-08-07 14:30,22,9,13,0,0,0
2024-08-07 14:45,96,26,70,0,0,0
2024-08-07 15:00,108,33,75,0,0,0
2024-08-07 15:15,103,35,68,0,0,0
2024-08-07 15:30,126,52,74,0,0,0
2024-08-07 15:45,159,71,88,0,0,0
2024-08-07 16:00,131,49,82,0,0,0
2024-08-07 16:15,142,67,75,0,0,0
2024-08-07 16:30,170,79,91,0,0,0
2024-08-07 16:45,171,82,89,0,0,0
2024-08-07 17:00,185,66,119,0,0,0
2024-08-07 17:15,187,76,111,0,0,0
2024-08-07 17:30,201,94,107,0,0,0
2024-08-07 17:45,155,74,81,0,0,0
2024-08-07 18:00,138,60,78,0,0,0
2024-08-07 18:15,135,57,78,0,0,0
2024-08-07 18:30,133,67,66,0,0,0
2024-08-07 18:45,130,51,79,0,0,0
2024-08-07 19:00,121,37,84,0,0,0
2024-08-07 19:15,109,42,67,0,0,0
2024-08-07 19:30,93,27,66,0,0,0
2024-08-07 19:45,122,44,78,0,0,0
2024-08-07 20:00,82,39,43,0,0,0
2024-08-07 20:15,75,29,46,0,0,0
2024-08-07 20:30,73,31,42,0,0,0
2024-08-07 20:45,62,22,40,0,0,0
2024-08-07 21:00,45,16,29,0,0,0
2024-08-07 21:15,51,18,33,0,0,0
2024-08-07 21:30,37,14,23,0,0,0
2024-08-07 21:45,77,24,53,0,0,0
2024-08-07 22:00,59,27,32,0,0,0
2024-08-07 22:15,45,8,37,0,0,0
2024-08-07 22:30,39,9,30,0,0,0
2024-08-07 22:45,37,15,22,0,0,0
2024-08-07 23:00,35,13,22,0,0,0
2024-08-07 23:15,20,9,11,0,0,0
2024-08-07 23:30,22,7,15,0,0,0
2024-08-07 23:45,10,6,4,0,0,0
2024-08-08 00:00,19,2,17,0,0,0
2024-08-08 00:15,20,5,15,0,0,0
2024-08-08 00:30,9,2,7,0,0,0
2024-08-08 00:45,14,4,10,0,0,0
2024-08-08 01:00,5,1,4,0,0,0
2024-08-08 01:15,4,3,1,0,0,0
2024-08-08 01:30,10,0,10,0,0,0
2024-08-08 01:45,1,0,1,0,0,0
2024-08-08 02:00,7,1,6,0,0,0
2024-08-08 02:15,3,0,3,0,0,0
2024-08-08 02:30,0,0,0,0,0,0
2024-08-08 02:45,8,1,7,0,0,0
2024-08-08 03:00,1,0,1,0,0,0
2024-08-08 03:15,1,0,1,0,0,0
2024-08-08 03:30,1,0,1,0,0,0
2024-08-08 03:45,1,0,1,0,0,0
2024-08-08 04:00,1,1,0,0,0,0
2024-08-08 04:15,4,4,0,0,0,0
2024-08-08 04:30,3,0,3,0,0,0
2024-08-08 04:45,3,3,0,0,0,0
2024-08-08 05:00,5,3,2,0,0,0
2024-08-08 05:15,6,6,0,0,0,0
2024-08-08 05:30,17,10,7,0,0,0
2024-08-08 05:45,26,21,5,0,0,0
2024-08-08 06:00,16,12,4,0,0,0
2024-08-08 06:15,34,27,7,0,0,0
2024-08-08 06:30,49,35,14,0,0,0
2024-08-08 06:45,62,34,28,0,0,0
2024-08-08 07:00,72,42,30,0,0,0
2024-08-08 07:15,90,63,27,0,0,0
2024-08-08 07:30,122,71,51,0,0,0
2024-08-08 07:45,130,86,44,0,0,0
2024-08-08 08:00,90,53,37,0,0,0
2024-08-08 08:15,111,77,34,0,0,0
2024-08-08 08:30,100,62,38,0,0,0
2024-08-08 08:45,123,84,39,0,0,0
2024-08-08 09:00,90,61,29,0,0,0
2024-08-08 09:15,102,76,26,0,0,0
2024-08-08 09:30,88,69,19,0,0,0
2024-08-08 09:45,126,91,35,0,0,0
2024-08-08 10:00,92,54,38,0,0,0
2024-08-08 10:15,92,61,31,0,0,0
2024-08-08 10:30,102,64,38,0,0,0
2024-08-08 10:45,112,66,46,0,0,0
2024-08-08 11:00,120,72,48,0,0,0
2024-08-08 11:15,130,74,56,0,0,0
2024-08-08 11:30,94,51,43,0,0,0
2024-08-08 11:45,121,54,67,0,0,0
2024-08-08 12:00,131,64,67,0,0,0
2024-08-08 12:15,145,67,78,0,0,0
2024-08-08 12:30,126,73,53,0,0,0
2024-08-08 12:45,124,66,58,0,0,0
2024-08-08 13:00,104,35,69,0,0,0
2024-08-08 13:15,94,40,54,0,0,0
2024-08-08 13:30,108,57,51,0,0,0
2024-08-08 13:45,152,84,68,0,0,0
2024-08-08 14:00,117,48,69,0,0,0
2024-08-08 14:15,154,77,77,0,0,0
2024-08-08 14:30,123,61,62,0,0,0
2024-08-08 14:45,176,87,89,0,0,0
2024-08-08 15:00,136,58,78,0,0,0
2024-08-08 15:15,207,83,124,0,0,0
2024-08-08 15:30,165,71,94,0,0,0
2024-08-08 15:45,205,97,108,0,0,0
2024-08-08 16:00,201,87,114,0,0,0
2024-08-08 16:15,201,81,120,0,0,0
2024-08-08 16:30,208,82,126,0,0,0
2024-08-08 16:45,202,99,103,0,0,0
2024-08-08 17:00,208,75,133,0,0,0
2024-08-08 17:15,226,106,120,0,0,0
2024-08-08 17:30,161,70,91,0,0,0
2024-08-08 17:45,201,82,119,0,0,0
2024-08-08 18:00,173,52,121,0,0,0
2024-08-08 18:15,181,65,116,0,0,0
2024-08-08 18:30,165,74,91,0,0,0
2024-08-08 18:45,155,66,89,0,0,0
2024-08-08 19:00,156,56,100,0,0,0
2024-08-08 19:15,111,40,71,0,0,0
2024-08-08 19:30,124,39,85,0,0,0
2024-08-08 19:45,115,44,71,0,0,0
2024-08-08 20:00,84,31,53,0,0,0
2024-08-08 20:15,72,24,48,0,0,0
2024-08-08 20:30,82,28,54,0,0,0
2024-08-08 20:45,63,27,36,0,0,0
2024-08-08 21:00,82,26,56,0,0,0
2024-08-08 21:15,86,34,52,0,0,0
2024-08-08 21:30,64,21,43,0,0,0
2024-08-08 21:45,56,25,31,0,0,0
2024-08-08 22:00,48,22,26,0,0,0
2024-08-08 22:15,77,35,42,0,0,0
2024-08-08 22:30,43,18,25,0,0,0
2024-08-08 22:45,42,17,25,0,0,0
2024-08-08 23:00,34,10,24,0,0,0
2024-08-08 23:15,29,10,19,0,0,0
2024-08-08 23:30,21,7,14,0,0,0
2024-08-08 23:45,7,2,5,0,0,0
2024-08-09 00:00,13,3,10,0,0,0
2024-08-09 00:15,13,10,3,0,0,0
2024-08-09 00:30,8,1,7,0,0,0
2024-08-09 00:45,8,3,5,0,0,0
2024-08-09 01:00,2,2,0,0,0,0
2024-08-09 01:15,4,2,2,0,0,0
2024-08-09 01:30,4,1,3,0,0,0
2024-08-09 01:45,3,0,3,0,0,0
2024-08-09 02:00,3,3,0,0,0,0
2024-08-09 02:15,1,0,1,0,0,0
2024-08-09 02:30,6,2,4,0,0,0
2024-08-09 02:45,1,1,0,0,0,0
2024-08-09 03:00,4,0,4,0,0,0
2024-08-09 03:15,2,2,0,0,0,0
2024-08-09 03:30,0,0,0,0,0,0
2024-08-09 03:45,0,0,0,0,0,0
2024-08-09 04:00,0,0,0,0,0,0
2024-08-09 04:15,3,2,1,0,0,0
2024-08-09 04:30,2,1,1,0,0,0
2024-08-09 04:45,2,1,1,0,0,0
2024-08-09 05:00,2,2,0,0,0,0
2024-08-09 05:15,5,3,2,0,0,0
2024-08-09 05:30,13,10,3,0,0,0
2024-08-09 05:45,13,11,2,0,0,0
2024-08-09 06:00,18,15,3,0,0,0
2024-08-09 06:15,21,9,12,0,0,0
2024-08-09 06:30,35,21,14,0,0,0
2024-08-09 06:45,49,29,20,0,0,0
2024-08-09 07:00,65,33,32,0,0,0
2024-08-09 07:15,68,36,32,0,0,0
2024-08-09 07:30,83,48,35,0,0,0
2024-08-09 07:45,103,68,35,0,0,0
2024-08-09 08:00,89,58,31,0,0,0
2024-08-09 08:15,80,43,37,0,0,0
2024-08-09 08:30,109,75,34,0,0,0
2024-08-09 08:45,110,69,41,0,0,0
2024-08-09 09:00,75,46,29,0,0,0
2024-08-09 09:15,76,51,25,0,0,0
2024-08-09 09:30,97,67,30,0,0,0
2024-08-09 09:45,102,62,40,0,0,0
2024-08-09 10:00,92,64,28,0,0,0
2024-08-09 10:15,100,62,38,0,0,0
2024-08-09 10:30,96,58,38,0,0,0
2024-08-09 10:45,102,59,43,0,0,0
2024-08-09 11:00,114,59,55,0,0,0
2024-08-09 11:15,135,63,72,0,0,0
2024-08-09 11:30,108,55,53,0,0,0
2024-08-09 11:45,111,61,50,0,0,0
2024-08-09 12:00,122,60,62,0,0,0
2024-08-09 12:15,110,50,60,0,0,0
2024-08-09 12:30,162,81,81,0,0,0
2024-08-09 12:45,156,75,81,0,0,0
2024-08-09 13:00,112,52,60,0,0,0
2024-08-09 13:15,102,38,64,0,0,0
2024-08-09 13:30,137,65,72,0,0,0
2024-08-09 13:45,79,30,49,0,0,0
2024-08-09 14:00,79,31,48,0,0,0
2024-08-09 14:15,101,32,69,0,0,0
2024-08-09 14:30,120,53,67,0,0,0
2024-08-09 14:45,126,63,63,0,0,0
2024-08-09 15:00,156,68,88,0,0,0
2024-08-09 15:15,141,72,69,0,0,0
2024-08-09 15:30,128,54,74,0,0,0
2024-08-09 15:45,155,62,93,0,0,0
2024-08-09 16:00,134,66,68,0,0,0
2024-08-09 16:15,113,42,71,0,0,0
2024-08-09 16:30,92,45,47,0,0,0
2024-08-09 16:45,108,51,57,0,0,0
2024-08-09 17:00,112,43,69,0,0,0
2024-08-09 17:15,133,55,78,0,0,0
2024-08-09 17:30,149,62,87,0,0,0
2024-08-09 17:45,141,74,67,0,0,0
2024-08-09 18:00,125,57,68,0,0,0
2024-08-09 18:15,123,53,70,0,0,0
2024-08-09 18:30,105,47,58,0,0,0
2024-08-09 18:45,107,51,56,0,0,0
2024-08-09 19:00,116,46,70,0,0,0
2024-08-09 19:15,121,59,62,0,0,0
2024-08-09 19:30,81,44,37,0,0,0
2024-08-09 19:45,85,35,50,0,0,0
2024-08-09 20:00,91,41,50,0,0,0
2024-08-09 20:15,86,31,55,0,0,0
2024-08-09 20:30,67,26,41,0,0,0
2024-08-09 20:45,82,38,44,0,0,0
2024-08-09 21:00,60,23,37,0,0,0
2024-08-09 21:15,52,20,32,0,0,0
2024-08-09 21:30,47,22,25,0,0,0
2024-08-09 21:45,43,22,21,0,0,0
2024-08-09 22:00,52,23,29,0,0,0
2024-08-09 22:15,50,17,33,0,0,0
2024-08-09 22:30,41,11,30,0,0,0
2024-08-09 22:45,32,11,21,0,0,0
2024-08-09 23:00,31,10,21,0,0,0
2024-08-09 23:15,32,5,27,0,0,0
2024-08-09 23:30,39,8,31,0,0,0
2024-08-09 23:45,43,12,31,0,0,0
2024-08-10 00:00,38,13,25,0,0,0
2024-08-10 00:15,22,7,15,0,0,0
2024-08-10 00:30,26,14,12,0,0,0
2024-08-10 00:45,25,5,20,0,0,0
2024-08-10 01:00,21,5,16,0,0,0
2024-08-10 01:15,17,9,8,0,0,0
2024-08-10 01:30,15,4,11,0,0,0
2024-08-10 01:45,16,2,14,0,0,0
2024-08-10 02:00,0,0,0,0,0,0
2024-08-10 02:15,4,0,4,0,0,0
2024-08-10 02:30,11,1,10,0,0,0
2024-08-10 02:45,5,1,4,0,0,0
2024-08-10 03:00,5,2,3,0,0,0
2024-08-10 03:15,14,3,11,0,0,0
2024-08-10 03:30,6,0,6,0,0,0
2024-08-10 03:45,1,0,1,0,0,0
2024-08-10 04:00,4,3,1,0,0,0
2024-08-10 04:15,8,3,5,0,0,0
2024-08-10 04:30,0,0,0,0,0,0
2024-08-10 04:45,2,0,2,0,0,0
2024-08-10 05:00,3,2,1,0,0,0
2024-08-10 05:15,6,4,2,0,0,0
2024-08-10 05:30,6,4,2,0,0,0
2024-08-10 05:45,10,5,5,0,0,0
2024-08-10 06:00,8,6,2,0,0,0
2024-08-10 06:15,9,1,8,0,0,0
2024-08-10 06:30,7,5,2,0,0,0
2024-08-10 06:45,14,11,3,0,0,0
2024-08-10 07:00,9,7,2,0,0,0
2024-08-10 07:15,15,12,3,0,0,0
2024-08-10 07:30,24,13,11,0,0,0
2024-08-10 07:45,24,13,11,0,0,0
2024-08-10 08:00,29,20,9,0,0,0
2024-08-10 08:15,41,26,15,0,0,0
2024-08-10 08:30,60,41,19,0,0,0
2024-08-10 08:45,57,38,19,0,0,0
2024-08-10 09:00,65,42,23,0,0,0
2024-08-10 09:15,51,35,16,0,0,0
2024-08-10 09:30,92,64,28,0,0,0
2024-08-10 09:45,100,75,25,0,0,0
2024-08-10 10:00,111,71,40,0,0,0
2024-08-10 10:15,150,100,50,0,0,0
2024-08-10 10:30,123,81,42,0,0,0
2024-08-10 10:45,155,106,49,0,0,0
2024-08-10 11:00,130,85,45,0,0,0
2024-08-10 11:15,156,88,68,0,0,0
2024-08-10 11:30,163,103,60,0,0,0
2024-08-10 11:45,154,88,66,0,0,0
2024-08-10 12:00,172,104,68,0,0,0
2024-08-10 12:15,158,79,79,0,0,0
2024-08-10 12:30,174,85,89,0,0,0
2024-08-10 12:45,202,94,108,0,0,0
2024-08-10 13:00,169,89,80,0,0,0
2024-08-10 13:15,174,82,92,0,0,0
2024-08-10 13:30,180,83,97,0,0,0
2024-08-10 13:45,186,88,98,0,0,0
2024-08-10 14:00,157,75,82,0,0,0
2024-08-10 14:15,162,71,91,0,0,0
2024-08-10 14:30,120,49,71,0,0,0
2024-08-10 14:45,166,64,102,0,0,0
2024-08-10 15:00,154,56,98,0,0,0
2024-08-10 15:15,156,65,91,0,0,0
2024-08-10 15:30,134,49,85,0,0,0
2024-08-10 15:45,130,52,78,0,0,0
2024-08-10 16:00,138,66,72,0,0,0
2024-08-10 16:15,96,46,50,0,0,0
2024-08-10 16:30,131,54,77,0,0,0
2024-08-10 16:45,149,56,93,0,0,0
2024-08-10 17:00,145,53,92,0,0,0
2024-08-10 17:15,132,61,71,0,0,0
2024-08-10 17:30,129,51,78,0,0,0
2024-08-10 17:45,138,68,70,0,0,0
2024-08-10 18:00,116,45,71,0,0,0
2024-08-10 18:15,119,55,64,0,0,0
2024-08-10 18:30,104,43,61,0,0,0
2024-08-10 18:45,129,40,89,0,0,0
2024-08-10 19:00,105,27,78,0,0,0
2024-08-10 19:15,85,38,47,0,0,0
2024-08-10 19:30,92,39,53,0,0,0
2024-08-10 19:45,89,33,56,0,0,0
2024-08-10 20:00,84,31,53,0,0,0
2024-08-10 20:15,82,26,56,0,0,0
2024-08-10 20:30,79,47,32,0,0,0
2024-08-10 20:45,54,26,28,0,0,0
2024-08-10 21:00,52,17,35,0,0,0
2024-08-10 21:15,51,25,26,0,0,0
2024-08-10 21:30,48,14,34,0,0,0
2024-08-10 21:45,43,22,21,0,0,0
2024-08-10 22:00,49,21,28,0,0,0
2024-08-10 22:15,40,11,29,0,0,0
2024-08-10 22:30,40,7,33,0,0,0
2024-08-10 22:45,47,22,25,0,0,0
2024-08-10 23:00,33,10,23,0,0,0
2024-08-10 23:15,42,14,28,0,0,0
2024-08-10 23:30,45,15,30,0,0,0
2024-08-10 23:45,29,15,14,0,0,0
2024-08-11 00:00,29,11,18,0,0,0
2024-08-11 00:15,33,14,19,0,0,0
2024-08-11 00:30,26,9,17,0,0,0
2024-08-11 00:45,25,12,13,0,0,0
2024-08-11 01:00,31,10,21,0,0,0
2024-08-11 01:15,19,10,9,0,0,0
2024-08-11 01:30,11,2,9,0,0,0
2024-08-11 01:45,15,4,11,0,0,0
2024-08-11 02:00,12,7,5,0,0,0
2024-08-11 02:15,6,5,1,0,0,0
2024-08-11 02:30,6,6,0,0,0,0
2024-08-11 02:45,8,1,7,0,0,0
2024-08-11 03:00,4,0,4,0,0,0
2024-08-11 03:15,7,3,4,0,0,0
2024-08-11 03:30,2,0,2,0,0,0
2024-08-11 03:45,7,1,6,0,0,0
2024-08-11 04:00,5,0,5,0,0,0
2024-08-11 04:15,2,0,2,0,0,0
2024-08-11 04:30,1,0,1,0,0,0
2024-08-11 04:45,6,0,6,0,0,0
2024-08-11 05:00,5,0,5,0,0,0
2024-08-11 05:15,4,1,3,0,0,0
2024-08-11 05:30,5,3,2,0,0,0
2024-08-11 05:45,10,5,5,0,0,0
2024-08-11 06:00,3,1,2,0,0,0
2024-08-11 06:15,7,1,6,0,0,0
2024-08-11 06:30,4,3,1,0,0,0
2024-08-11 06:45,9,4,5,0,0,0
2024-08-11 07:00,2,0,2,0,0,0
2024-08-11 07:15,8,2,6,0,0,0
2024-08-11 07:30,7,4,3,0,0,0
2024-08-11 07:45,10,4,6,0,0,0
2024-08-11 08:00,8,5,3,0,0,0
2024-08-11 08:15,13,10,3,0,0,0
2024-08-11 08:30,16,7,9,0,0,0
2024-08-11 08:45,23,16,7,0,0,0
2024-08-11 09:00,26,12,14,0,0,0
2024-08-11 09:15,42,24,18,0,0,0
2024-08-11 09:30,54,27,27,0,0,0
2024-08-11 09:45,49,31,18,0,0,0
2024-08-11 10:00,44,26,18,0,0,0
2024-08-11 10:15,62,25,37,0,0,0
2024-08-11 10:30,46,22,24,0,0,0
2024-08-11 10:45,71,20,51,0,0,0
2024-08-11 11:00,75,15,60,0,0,0
2024-08-11 11:15,86,25,61,0,0,0
2024-08-11 11:30,111,28,83,0,0,0
2024-08-11 11:45,130,29,101,0,0,0
2024-08-11 12:00,182,27,155,0,0,0
2024-08-11 12:15,122,25,97,0,0,0
2024-08-11 12:30,177,37,140,0,0,0
2024-08-11 12:45,120,44,76,0,0,0
2024-08-11 13:00,82,25,57,0,0,0
2024-08-11 13:15,94,46,48,0,0,0
2024-08-11 13:30,69,34,35,0,0,0
2024-08-11 13:45,59,30,29,0,0,0
2024-08-11 14:00,87,50,37,0,0,0
2024-08-11 14:15,74,40,34,0,0,0
2024-08-11 14:30,81,45,36,0,0,0
2024-08-11 14:45,92,46,46,0,0,0
2024-08-11 15:00,62,34,28,0,0,0
2024-08-11 15:15,85,34,51,0,0,0
2024-08-11 15:30,141,94,47,0,0,0
2024-08-11 15:45,239,208,31,0,0,0
2024-08-11 16:00,153,115,38,0,0,0
2024-08-11 16:15,111,76,35,0,0,0
2024-08-11 16:30,83,55,28,0,0,0
2024-08-11 16:45,107,72,35,0,0,0
2024-08-11 17:00,120,73,47,0,0,0
2024-08-11 17:15,98,51,47,0,0,0
2024-08-11 17:30,71,39,32,0,0,0
2024-08-11 17:45,128,74,54,0,0,0
2024-08-11 18:00,88,39,49,0,0,0
2024-08-11 18:15,83,34,49,0,0,0
2024-08-11 18:30,72,37,35,0,0,0
2024-08-11 18:45,86,49,37,0,0,0
2024-08-11 19:00,76,28,48,0,0,0
2024-08-11 19:15,75,34,41,0,0,0
2024-08-11 19:30,70,21,49,0,0,0
2024-08-11 19:45,82,36,46,0,0,0
2024-08-11 20:00,63,32,31,0,0,0
2024-08-11 20:15,48,10,38,0,0,0
2024-08-11 20:30,65,23,42,0,0,0
2024-08-11 20:45,63,29,34,0,0,0
2024-08-11 21:00,56,18,38,0,0,0
2024-08-11 21:15,49,18,31,0,0,0
2024-08-11 21:30,35,14,21,0,0,0
2024-08-11 21:45,35,11,24,0,0,0
2024-08-11 22:00,33,11,22,0,0,0
2024-08-11 22:15,29,11,18,0,0,0
2024-08-11 22:30,26,18,8,0,0,0
2024-08-11 22:45,31,13,18,0,0,0
2024-08-11 23:00,12,3,9,0,0,0
2024-08-11 23:15,10,5,5,0,0,0
2024-08-11 23:30,6,3,3,0,0,0
2024-08-11 23:45,6,0,6,0,0,0
2024-08-12 00:00,17,2,15,0,0,0
2024-08-12 00:15,1,0,1,0,0,0
2024-08-12 00:30,0,0,0,0,0,0
2024-08-12 00:45,4,0,4,0,0,0
2024-08-12 01:00,3,1,2,0,0,0
2024-08-12 01:15,9,2,7,0,0,0
2024-08-12 01:30,1,0,1,0,0,0
2024-08-12 01:45,2,2,0,0,0,0
2024-08-12 02:00,1,1,0,0,0,0
2024-08-12 02:15,1,1,0,0,0,0
2024-08-12 02:30,0,0,0,0,0,0
2024-08-12 02:45,0,0,0,0,0,0
2024-08-12 03:00,1,1,0,0,0,0
2024-08-12 03:15,1,0,1,0,0,0
2024-08-12 03:30,0,0,0,0,0,0
2024-08-12 03:45,1,1,0,0,0,0
2024-08-12 04:00,0,0,0,0,0,0
2024-08-12 04:15,1,0,1,0,0,0
2024-08-12 04:30,3,1,2,0,0,0
2024-08-12 04:45,4,3,1,0,0,0
2024-08-12 05:00,4,1,3,0,0,0
2024-08-12 05:15,8,4,4,0,0,0
2024-08-12 05:30,13,9,4,0,0,0
2024-08-12 05:45,20,12,8,0,0,0
2024-08-12 06:00,26,20,6,0,0,0
2024-08-12 06:15,35,23,12,0,0,0
2024-08-12 06:30,34,25,9,0,0,0
2024-08-12 06:45,57,30,27,0,0,0
2024-08-12 07:00,82,47,35,0,0,0
2024-08-12 07:15,79,51,28,0,0,0
2024-08-12 07:30,99,64,35,0,0,0
2024-08-12 07:45,130,77,53,0,0,0
2024-08-12 08:00,129,77,52,0,0,0
2024-08-12 08:15,112,63,49,0,0,0
2024-08-12 08:30,120,80,40,0,0,0
2024-08-12 08:45,128,87,41,0,0,0
2024-08-12 09:00,93,60,33,0,0,0
2024-08-12 09:15,86,47,39,0,0,0
2024-08-12 09:30,93,52,41,0,0,0
2024-08-12 09:45,133,92,41,0,0,0
2024-08-12 10:00,108,57,51,0,0,0
2024-08-12 10:15,94,51,43,0,0,0
2024-08-12 10:30,102,47,55,0,0,0
2024-08-12 10:45,131,75,56,0,0,0
2024-08-12 11:00,119,59,60,0,0,0
2024-08-12 11:15,113,59,54,0,0,0
2024-08-12 11:30,109,46,63,0,0,0
2024-08-12 11:45,120,47,73,0,0,0
2024-08-12 12:00,138,60,78,0,0,0
2024-08-12 12:15,152,59,93,0,0,0
2024-08-12 12:30,123,46,77,0,0,0
2024-08-12 12:45,150,76,74,0,0,0
2024-08-12 13:00,151,70,81,0,0,0
2024-08-12 13:15,118,52,66,0,0,0
2024-08-12 13:30,144,60,84,0,0,0
2024-08-12 13:45,131,60,71,0,0,0
2024-08-12 14:00,141,60,81,0,0,0
2024-08-12 14:15,132,49,83,0,0,0
2024-08-12 14:30,144,70,74,0,0,0
2024-08-12 14:45,158,83,75,0,0,0
2024-08-12 15:00,153,72,81,0,0,0
2024-08-12 15:15,168,80,88,0,0,0
2024-08-12 15:30,164,63,101,0,0,0
2024-08-12 15:45,166,73,93,0,0,0
2024-08-12 16:00,171,70,101,0,0,0
2024-08-12 16:15,198,68,130,0,0,0
2024-08-12 16:30,157,63,94,0,0,0
2024-08-12 16:45,206,90,116,0,0,0
2024-08-12 17:00,193,71,122,0,0,0
2024-08-12 17:15,193,92,101,0,0,0
2024-08-12 17:30,155,67,88,0,0,0
2024-08-12 17:45,200,84,116,0,0,0
2024-08-12 18:00,173,63,110,0,0,0
2024-08-12 18:15,166,67,99,0,0,0
2024-08-12 18:30,137,62,75,0,0,0
2024-08-12 18:45,150,74,76,0,0,0
2024-08-12 19:00,117,38,79,0,0,0
2024-08-12 19:15,105,46,59,0,0,0
2024-08-12 19:30,96,36,60,0,0,0
2024-08-12 19:45,97,37,60,0,0,0
2024-08-12 20:00,97,49,48,0,0,0
2024-08-12 20:15,80,30,50,0,0,0
2024-08-12 20:30,65,31,34,0,0,0
2024-08-12 20:45,80,37,43,0,0,0
2024-08-12 21:00,65,25,40,0,0,0
2024-08-12 21:15,71,21,50,0,0,0
2024-08-12 21:30,53,21,32,0,0,0
2024-08-12 21:45,75,28,47,0,0,0
2024-08-12 22:00,40,14,26,0,0,0
2024-08-12 22:15,41,17,24,0,0,0
2024-08-12 22:30,44,16,28,0,0,0
2024-08-12 22:45,28,11,17,0,0,0
2024-08-12 23:00,22,12,10,0,0,0
2024-08-12 23:15,25,9,16,0,0,0
2024-08-12 23:30,26,4,22,0,0,0
2024-08-12 23:45,16,7,9,0,0,0
2024-08-13 00:00,18,4,14,0,0,0
2024-08-13 00:15,16,6,10,0,0,0
2024-08-13 00:30,14,2,12,0,0,0
2024-08-13 00:45,7,4,3,0,0,0
2024-08-13 01:00,7,2,5,0,0,0
2024-08-13 01:15,5,1,4,0,0,0
2024-08-13 01:30,8,2,6,0,0,0
2024-08-13 01:45,1,0,1,0,0,0
2024-08-13 02:00,5,1,4,0,0,0
2024-08-13 02:15,1,0,1,0,0,0
2024-08-13 02:30,2,1,1,0,0,0
2024-08-13 02:45,3,0,3,0,0,0
2024-08-13 03:00,3,0,3,0,0,0
2024-08-13 03:15,4,1,3,0,0,0
2024-08-13 03:30,1,0,1,0,0,0
2024-08-13 03:45,3,1,2,0,0,0
2024-08-13 04:00,0,0,0,0,0,0
2024-08-13 04:15,3,1,2,0,0,0
2024-08-13 04:30,3,1,2,0,0,0
2024-08-13 04:45,4,4,0,0,0,0
2024-08-13 05:00,0,0,0,0,0,0
2024-08-13 05:15,12,8,4,0,0,0
2024-08-13 05:30,17,11,6,0,0,0
2024-08-13 05:45,25,20,5,0,0,0
2024-08-13 06:00,32,23,9,0,0,0
2024-08-13 06:15,36,23,13,0,0,0
2024-08-13 06:30,46,31,15,0,0,0
2024-08-13 06:45,64,37,27,0,0,0
2024-08-13 07:00,83,49,34,0,0,0
2024-08-13 07:15,108,69,39,0,0,0
2024-08-13 07:30,136,88,48,0,0,0
2024-08-13 07:45,170,113,57,0,0,0
2024-08-13 08:00,136,88,48,0,0,0
2024-08-13 08:15,128,74,54,0,0,0
2024-08-13 08:30,121,82,39,0,0,0
2024-08-13 08:45,144,91,53,0,0,0
2024-08-13 09:00,87,49,38,0,0,0
2024-08-13 09:15,93,67,26,0,0,0
2024-08-13 09:30,114,65,49,0,0,0
2024-08-13 09:45,140,99,41,0,0,0
2024-08-13 10:00,104,61,43,0,0,0
2024-08-13 10:15,97,54,43,0,0,0
2024-08-13 10:30,123,64,59,0,0,0
2024-08-13 10:45,128,71,57,0,0,0
2024-08-13 11:00,101,53,48,0,0,0
2024-08-13 11:15,117,54,63,0,0,0
2024-08-13 11:30,110,55,55,0,0,0
2024-08-13 11:45,124,64,60,0,0,0
2024-08-13 12:00,124,64,60,0,0,0
2024-08-13 12:15,142,62,80,0,0,0
2024-08-13 12:30,128,58,70,0,0,0
2024-08-13 12:45,125,61,64,0,0,0
2024-08-13 13:00,129,42,87,0,0,0
2024-08-13 13:15,140,69,71,0,0,0
2024-08-13 13:30,108,46,62,0,0,0
2024-08-13 13:45,147,68,79,0,0,0
2024-08-13 14:00,116,50,66,0,0,0
2024-08-13 14:15,105,49,56,0,0,0
2024-08-13 14:30,139,54,85,0,0,0
2024-08-13 14:45,144,51,93,0,0,0
2024-08-13 15:00,143,53,90,0,0,0
2024-08-13 15:15,106,36,70,0,0,0
2024-08-13 15:30,127,59,68,0,0,0
2024-08-13 15:45,153,63,90,0,0,0
2024-08-13 16:00,146,63,83,0,0,0
2024-08-13 16:15,165,69,96,0,0,0
2024-08-13 16:30,156,70,86,0,0,0
2024-08-13 16:45,194,75,119,0,0,0
2024-08-13 17:00,169,68,101,0,0,0
2024-08-13 17:15,178,71,107,0,0,0
2024-08-13 17:30,152,57,95,0,0,0
2024-08-13 17:45,132,58,74,0,0,0
2024-08-13 18:00,166,62,104,0,0,0
2024-08-13 18:15,160,68,92,0,0,0
2024-08-13 18:30,147,59,88,0,0,0
2024-08-13 18:45,124,45,79,0,0,0
2024-08-13 19:00,113,34,79,0,0,0
2024-08-13 19:15,87,39,48,0,0,0
2024-08-13 19:30,64,20,44,0,0,0
2024-08-13 19:45,54,23,31,0,0,0
2024-08-13 20:00,52,15,37,0,0,0
2024-08-13 20:15,48,17,31,0,0,0
2024-08-13 20:30,40,19,21,0,0,0
2024-08-13 20:45,49,21,28,0,0,0
2024-08-13 21:00,41,18,23,0,0,0
2024-08-13 21:15,45,22,23,0,0,0
2024-08-13 21:30,26,10,16,0,0,0
2024-08-13 21:45,50,23,27,0,0,0
2024-08-13 22:00,32,14,18,0,0,0
2024-08-13 22:15,27,10,17,0,0,0
2024-08-13 22:30,29,8,21,0,0,0
2024-08-13 22:45,36,12,24,0,0,0
2024-08-13 23:00,31,10,21,0,0,0
2024-08-13 23:15,24,7,17,0,0,0
2024-08-13 23:30,22,12,10,0,0,0
2024-08-13 23:45,8,1,7,0,0,0
2024-08-14 00:00,13,7,6,0,0,0
2024-08-14 00:15,5,1,4,0,0,0
2024-08-14 00:30,6,1,5,0,0,0
2024-08-14 00:45,5,0,5,0,0,0
2024-08-14 01:00,5,1,4,0,0,0
2024-08-14 01:15,1,0,1,0,0,0
2024-08-14 01:30,1,0,1,0,0,0
2024-08-14 01:45,3,1,2,0,0,0
2024-08-14 02:00,1,1,0,0,0,0
2024-08-14 02:15,2,0,2,0,0,0
2024-08-14 02:30,2,1,1,0,0,0
2024-08-14 02:45,3,1,2,0,0,0
2024-08-14 03:00,2,2,0,0,0,0
2024-08-14 03:15,1,1,0,0,0,0
2024-08-14 03:30,1,1,0,0,0,0
2024-08-14 03:45,2,2,0,0,0,0
2024-08-14 04:00,1,0,1,0,0,0
2024-08-14 04:15,0,0,0,0,0,0
2024-08-14 04:30,5,3,2,0,0,0
2024-08-14 04:45,2,2,0,0,0,0
2024-08-14 05:00,5,4,1,0,0,0
2024-08-14 05:15,12,6,6,0,0,0
2024-08-14 05:30,23,15,8,0,0,0
2024-08-14 05:45,31,22,9,0,0,0
2024-08-14 06:00,22,16,6,0,0,0
2024-08-14 06:15,25,16,9,0,0,0
2024-08-14 06:30,48,36,12,0,0,0
2024-08-14 06:45,70,44,26,0,0,0
2024-08-14 07:00,87,46,41,0,0,0
2024-08-14 07:15,86,55,31,0,0,0
2024-08-14 07:30,115,72,43,0,0,0
2024-08-14 07:45,149,101,48,0,0,0
2024-08-14 08:00,125,79,46,0,0,0
2024-08-14 08:15,140,87,53,0,0,0
2024-08-14 08:30,135,81,54,0,0,0
2024-08-14 08:45,176,109,67,0,0,0
2024-08-14 09:00,99,56,43,0,0,0
2024-08-14 09:15,110,63,47,0,0,0
2024-08-14 09:30,93,59,34,0,0,0
2024-08-14 09:45,130,88,42,0,0,0
2024-08-14 10:00,113,69,44,0,0,0
2024-08-14 10:15,112,64,48,0,0,0
2024-08-14 10:30,115,65,50,0,0,0
2024-08-14 10:45,115,64,51,0,0,0
2024-08-14 11:00,105,62,43,0,0,0
2024-08-14 11:15,106,47,59,0,0,0
2024-08-14 11:30,106,55,51,0,0,0
2024-08-14 11:45,144,66,78,0,0,0
2024-08-14 12:00,148,86,62,0,0,0
2024-08-14 12:15,156,67,89,0,0,0
2024-08-14 12:30,151,70,81,0,0,0
2024-08-14 12:45,132,50,82,0,0,0
2024-08-14 13:00,150,48,102,0,0,0
2024-08-14 13:15,137,56,81,0,0,0
2024-08-14 13:30,127,59,68,0,0,0
2024-08-14 13:45,146,63,83,0,0,0
2024-08-14 14:00,140,55,85,0,0,0
2024-08-14 14:15,122,45,77,0,0,0
2024-08-14 14:30,141,50,91,0,0,0
2024-08-14 14:45,153,60,93,0,0,0
2024-08-14 15:00,151,56,95,0,0,0
2024-08-14 15:15,146,56,90,0,0,0
2024-08-14 15:30,142,55,87,0,0,0
2024-08-14 15:45,149,62,87,0,0,0
2024-08-14 16:00,161,79,82,0,0,0
2024-08-14 16:15,178,82,96,0,0,0
2024-08-14 16:30,162,70,92,0,0,0
2024-08-14 16:45,192,79,113,0,0,0
2024-08-14 17:00,198,77,121,0,0,0
2024-08-14 17:15,226,112,114,0,0,0
2024-08-14 17:30,173,74,99,0,0,0
2024-08-14 17:45,194,79,115,0,0,0
2024-08-14 18:00,174,69,105,0,0,0
2024-08-14 18:15,155,67,88,0,0,0
2024-08-14 18:30,147,51,96,0,0,0
2024-08-14 18:45,141,50,91,0,0,0
2024-08-14 19:00,160,57,103,0,0,0
2024-08-14 19:15,109,38,71,0,0,0
2024-08-14 19:30,108,47,61,0,0,0
2024-08-14 19:45,94,38,56,0,0,0
2024-08-14 20:00,112,48,64,0,0,0
2024-08-14 20:15,80,37,43,0,0,0
2024-08-14 20:30,52,19,33,0,0,0
2024-08-14 20:45,41,16,25,0,0,0
2024-08-14 21:00,74,29,45,0,0,0
2024-08-14 21:15,77,28,49,0,0,0
2024-08-14 21:30,71,33,38,0,0,0
2024-08-14 21:45,60,22,38,0,0,0
2024-08-14 22:00,50,20,30,0,0,0
2024-08-14 22:15,41,17,24,0,0,0
2024-08-14 22:30,38,22,16,0,0,0
2024-08-14 22:45,38,16,22,0,0,0
2024-08-14 23:00,36,15,21,0,0,0
2024-08-14 23:15,33,11,22,0,0,0
2024-08-14 23:30,24,11,13,0,0,0
2024-08-14 23:45,21,6,15,0,0,0
2024-08-15 00:00,14,8,6,0,0,0
2024-08-15 00:15,19,9,10,0,0,0
2024-08-15 00:30,12,4,8,0,0,0
2024-08-15 00:45,8,3,5,0,0,0
2024-08-15 01:00,13,2,11,0,0,0
2024-08-15 01:15,8,2,6,0,0,0
2024-08-15 01:30,10,5,5,0,0,0
2024-08-15 01:45,3,0,3,0,0,0
2024-08-15 02:00,1,1,0,0,0,0
2024-08-15 02:15,0,0,0,0,0,0
2024-08-15 02:30,4,1,3,0,0,0
2024-08-15 02:45,1,0,1,0,0,0
2024-08-15 03:00,3,2,1,0,0,0
2024-08-15 03:15,2,0,2,0,0,0
2024-08-15 03:30,4,0,4,0,0,0
2024-08-15 03:45,1,0,1,0,0,0
2024-08-15 04:00,2,1,1,0,0,0
2024-08-15 04:15,4,2,2,0,0,0
2024-08-15 04:30,4,1,3,0,0,0
2024-08-15 04:45,5,4,1,0,0,0
2024-08-15 05:00,4,2,2,0,0,0
2024-08-15 05:15,10,5,5,0,0,0
2024-08-15 05:30,14,10,4,0,0,0
2024-08-15 05:45,29,17,12,0,0,0
2024-08-15 06:00,23,18,5,0,0,0
2024-08-15 06:15,33,21,12,0,0,0
2024-08-15 06:30,36,26,10,0,0,0
2024-08-15 06:45,61,37,24,0,0,0
2024-08-15 07:00,79,50,29,0,0,0
2024-08-15 07:15,86,49,37,0,0,0
2024-08-15 07:30,122,72,50,0,0,0
2024-08-15 07:45,145,84,61,0,0,0
2024-08-15 08:00,120,81,39,0,0,0
2024-08-15 08:15,137,79,58,0,0,0
2024-08-15 08:30,132,84,48,0,0,0
2024-08-15 08:45,140,94,46,0,0,0
2024-08-15 09:00,103,60,43,0,0,0
2024-08-15 09:15,91,58,33,0,0,0
2024-08-15 09:30,110,65,45,0,0,0
2024-08-15 09:45,112,73,39,0,0,0
2024-08-15 10:00,105,72,33,0,0,0
2024-08-15 10:15,99,63,36,0,0,0
2024-08-15 10:30,89,56,33,0,0,0
2024-08-15 10:45,116,64,52,0,0,0
2024-08-15 11:00,121,68,53,0,0,0
2024-08-15 11:15,116,60,56,0,0,0
2024-08-15 11:30,109,60,49,0,0,0
2024-08-15 11:45,123,62,61,0,0,0
2024-08-15 12:00,140,70,70,0,0,0
2024-08-15 12:15,137,64,73,0,0,0
2024-08-15 12:30,134,64,70,0,0,0
2024-08-15 12:45,141,65,76,0,0,0
2024-08-15 13:00,168,83,85,0,0,0
2024-08-15 13:15,129,48,81,0,0,0
2024-08-15 13:30,140,70,70,0,0,0
2024-08-15 13:45,125,54,71,0,0,0
2024-08-15 14:00,143,64,79,0,0,0
2024-08-15 14:15,155,66,89,0,0,0
2024-08-15 14:30,162,70,92,0,0,0
2024-08-15 14:45,190,86,104,0,0,0
2024-08-15 15:00,159,74,85,0,0,0
2024-08-15 15:15,178,74,104,0,0,0
2024-08-15 15:30,162,84,78,0,0,0
2024-08-15 15:45,214,96,118,0,0,0
2024-08-15 16:00,188,85,103,0,0,0
2024-08-15 16:15,198,90,108,0,0,0
2024-08-15 16:30,214,97,117,0,0,0
2024-08-15 16:45,240,109,131,0,0,0
2024-08-15 17:00,190,75,115,0,0,0
2024-08-15 17:15,220,82,138,0,0,0
2024-08-15 17:30,217,93,124,0,0,0
2024-08-15 17:45,175,70,105,0,0,0
2024-08-15 18:00,215,82,133,0,0,0
2024-08-15 18:15,180,84,96,0,0,0
2024-08-15 18:30,152,59,93,0,0,0
2024-08-15 18:45,172,81,91,0,0,0
2024-08-15 19:00,135,54,81,0,0,0
2024-08-15 19:15,106,48,58,0,0,0
2024-08-15 19:30,120,35,85,0,0,0
2024-08-15 19:45,105,33,72,0,0,0
2024-08-15 20:00,109,44,65,0,0,0
2024-08-15 20:15,90,33,57,0,0,0
2024-08-15 20:30,100,30,70,0,0,0
2024-08-15 20:45,86,27,59,0,0,0
2024-08-15 21:00,43,20,23,0,0,0
2024-08-15 21:15,80,24,56,0,0,0
2024-08-15 21:30,72,26,46,0,0,0
2024-08-15 21:45,71,33,38,0,0,0
2024-08-15 22:00,70,30,40,0,0,0
2024-08-15 22:15,64,25,39,0,0,0
2024-08-15 22:30,53,12,41,0,0,0
2024-08-15 22:45,37,12,25,0,0,0
2024-08-15 23:00,54,14,40,0,0,0
2024-08-15 23:15,40,9,31,0,0,0
2024-08-15 23:30,32,6,26,0,0,0
2024-08-15 23:45,26,2,24,0,0,0
2024-08-16 00:00,15,3,12,0,0,0
2024-08-16 00:15,20,7,13,0,0,0
2024-08-16 00:30,8,2,6,0,0,0
2024-08-16 00:45,6,0,6,0,0,0
2024-08-16 01:00,4,1,3,0,0,0
2024-08-16 01:15,8,3,5,0,0,0
2024-08-16 01:30,6,2,4,0,0,0
2024-08-16 01:45,5,2,3,0,0,0
2024-08-16 02:00,1,1,0,0,0,0
2024-08-16 02:15,2,0,2,0,0,0
2024-08-16 02:30,1,0,1,0,0,0
2024-08-16 02:45,4,3,1,0,0,0
2024-08-16 03:00,7,1,6,0,0,0
2024-08-16 03:15,2,0,2,0,0,0
2024-08-16 03:30,0,0,0,0,0,0
2024-08-16 03:45,2,1,1,0,0,0
2024-08-16 04:00,1,1,0,0,0,0
2024-08-16 04:15,1,1,0,0,0,0
2024-08-16 04:30,4,1,3,0,0,0
2024-08-16 04:45,5,5,0,0,0,0
2024-08-16 05:00,2,1,1,0,0,0
2024-08-16 05:15,15,9,6,0,0,0
2024-08-16 05:30,14,9,5,0,0,0
2024-08-16 05:45,18,13,5,0,0,0
2024-08-16 06:00,17,11,6,0,0,0
2024-08-16 06:15,24,15,9,0,0,0
2024-08-16 06:30,28,21,7,0,0,0
2024-08-16 06:45,56,32,24,0,0,0
2024-08-16 07:00,55,30,25,0,0,0
2024-08-16 07:15,70,44,26,0,0,0
2024-08-16 07:30,91,59,32,0,0,0
2024-08-16 07:45,132,77,55,0,0,0
2024-08-16 08:00,96,63,33,0,0,0
2024-08-16 08:15,86,55,31,0,0,0
2024-08-16 08:30,106,64,42,0,0,0
2024-08-16 08:45,160,99,61,0,0,0
2024-08-16 09:00,97,55,42,0,0,0
2024-08-16 09:15,83,55,28,0,0,0
2024-08-16 09:30,99,63,36,0,0,0
2024-08-16 09:45,121,83,38,0,0,0
2024-08-16 10:00,114,77,37,0,0,0
2024-08-16 10:15,111,62,49,0,0,0
2024-08-16 10:30,108,49,59,0,0,0
2024-08-16 10:45,123,77,46,0,0,0
2024-08-16 11:00,99,55,44,0,0,0
2024-08-16 11:15,93,42,51,0,0,0
2024-08-16 11:30,121,63,58,0,0,0
2024-08-16 11:45,166,79,87,0,0,0
2024-08-16 12:00,156,53,103,0,0,0
2024-08-16 12:15,130,56,74,0,0,0
2024-08-16 12:30,133,56,77,0,0,0
2024-08-16 12:45,133,67,66,0,0,0
2024-08-16 13:00,159,57,102,0,0,0
2024-08-16 13:15,153,55,98,0,0,0
2024-08-16 13:30,137,66,71,0,0,0
2024-08-16 13:45,139,63,76,0,0,0
2024-08-16 14:00,132,46,86,0,0,0
2024-08-16 14:15,150,62,88,0,0,0
2024-08-16 14:30,162,76,86,0,0,0
2024-08-16 14:45,161,84,77,0,0,0
2024-08-16 15:00,157,73,84,0,0,0
2024-08-16 15:15,150,58,92,0,0,0
2024-08-16 15:30,145,60,85,0,0,0
2024-08-16 15:45,165,81,84,0,0,0
2024-08-16 16:00,161,65,96,0,0,0
2024-08-16 16:15,176,90,86,0,0,0
2024-08-16 16:30,149,64,85,0,0,0
2024-08-16 16:45,175,84,91,0,0,0
2024-08-16 17:00,172,79,93,0,0,0
2024-08-16 17:15,173,92,81,0,0,0
2024-08-16 17:30,164,85,79,0,0,0
2024-08-16 17:45,184,124,60,0,0,0
2024-08-16 18:00,168,86,82,0,0,0
2024-08-16 18:15,180,107,73,0,0,0
2024-08-16 18:30,172,98,74,0,0,0
2024-08-16 18:45,213,139,74,0,0,0
2024-08-16 19:00,133,72,61,0,0,0
2024-08-16 19:15,134,70,64,0,0,0
2024-08-16 19:30,132,71,61,0,0,0
2024-08-16 19:45,145,79,66,0,0,0
2024-08-16 20:00,142,76,66,0,0,0
2024-08-16 20:15,100,53,47,0,0,0
2024-08-16 20:30,109,60,49,0,0,0
2024-08-16 20:45,92,50,42,0,0,0
2024-08-16 21:00,111,51,60,0,0,0
2024-08-16 21:15,80,48,32,0,0,0
2024-08-16 21:30,83,40,43,0,0,0
2024-08-16 21:45,93,30,63,0,0,0
2024-08-16 22:00,96,38,58,0,0,0
2024-08-16 22:15,84,19,65,0,0,0
2024-08-16 22:30,75,19,56,0,0,0
2024-08-16 22:45,85,8,77,0,0,0
2024-08-16 23:00,93,12,81,0,0,0
2024-08-16 23:15,106,7,99,0,0,0
2024-08-16 23:30,96,11,85,0,0,0
2024-08-16 23:45,80,9,71,0,0,0
2024-08-17 00:00,98,11,87,0,0,0
2024-08-17 00:15,157,9,148,0,0,0
2024-08-17 00:30,77,9,68,0,0,0
2024-08-17 00:45,50,5,45,0,0,0
2024-08-17 01:00,37,6,31,0,0,0
2024-08-17 01:15,29,8,21,0,0,0
2024-08-17 01:30,18,5,13,0,0,0
2024-08-17 01:45,28,2,26,0,0,0
2024-08-17 02:00,10,5,5,0,0,0
2024-08-17 02:15,9,2,7,0,0,0
2024-08-17 02:30,13,3,10,0,0,0
2024-08-17 02:45,15,3,12,0,0,0
2024-08-17 03:00,15,3,12,0,0,0
2024-08-17 03:15,6,1,5,0,0,0
2024-08-17 03:30,6,3,3,0,0,0
2024-08-17 03:45,5,0,5,0,0,0
2024-08-17 04:00,8,1,7,0,0,0
2024-08-17 04:15,2,1,1,0,0,0
2024-08-17 04:30,3,2,1,0,0,0
2024-08-17 04:45,4,2,2,0,0,0
2024-08-17 05:00,6,1,5,0,0,0
2024-08-17 05:15,9,5,4,0,0,0
2024-08-17 05:30,7,2,5,0,0,0
2024-08-17 05:45,8,5,3,0,0,0
2024-08-17 06:00,10,6,4,0,0,0
2024-08-17 06:15,16,13,3,0,0,0
2024-08-17 06:30,4,3,1,0,0,0
2024-08-17 06:45,7,2,5,0,0,0
2024-08-17 07:00,10,6,4,0,0,0
2024-08-17 07:15,18,10,8,0,0,0
2024-08-17 07:30,26,12,14,0,0,0
2024-08-17 07:45,30,12,18,0,0,0
2024-08-17 08:00,16,9,7,0,0,0
2024-08-17 08:15,17,12,5,0,0,0
2024-08-17 08:30,21,9,12,0,0,0
2024-08-17 08:45,20,9,11,0,0,0
2024-08-17 09:00,30,22,8,0,0,0
2024-08-17 09:15,27,22,5,0,0,0
2024-08-17 09:30,56,41,15,0,0,0
2024-08-17 09:45,66,48,18,0,0,0
2024-08-17 10:00,64,39,25,0,0,0
2024-08-17 10:15,79,54,25,0,0,0
2024-08-17 10:30,70,51,19,0,0,0
2024-08-17 10:45,103,63,40,0,0,0
2024-08-17 11:00,100,71,29,0,0,0
2024-08-17 11:15,120,64,56,0,0,0
2024-08-17 11:30,85,56,29,0,0,0
2024-08-17 11:45,109,56,53,0,0,0
2024-08-17 12:00,122,79,43,0,0,0
2024-08-17 12:15,154,90,64,0,0,0
2024-08-17 12:30,120,61,59,0,0,0
2024-08-17 12:45,177,98,79,0,0,0
2024-08-17 13:00,123,65,58,0,0,0
2024-08-17 13:15,140,82,58,0,0,0
2024-08-17 13:30,149,74,75,0,0,0
2024-08-17 13:45,159,90,69,0,0,0
2024-08-17 14:00,141,82,59,0,0,0
2024-08-17 14:15,162,66,96,0,0,0
2024-08-17 14:30,165,67,98,0,0,0
2024-08-17 14:45,153,96,57,0,0,0
2024-08-17 15:00,189,105,84,0,0,0
2024-08-17 15:15,145,81,64,0,0,0
2024-08-17 15:30,168,94,74,0,0,0
2024-08-17 15:45,170,96,74,0,0,0
2024-08-17 16:00,172,91,81,0,0,0
2024-08-17 16:15,160,76,84,0,0,0
2024-08-17 16:30,141,73,68,0,0,0
2024-08-17 16:45,188,109,79,0,0,0
2024-08-17 17:00,167,94,73,0,0,0
2024-08-17 17:15,182,124,58,0,0,0
2024-08-17 17:30,197,101,96,0,0,0
2024-08-17 17:45,228,117,111,0,0,0
2024-08-17 18:00,200,128,72,0,0,0
2024-08-17 18:15,215,123,92,0,0,0
2024-08-17 18:30,178,107,71,0,0,0
2024-08-17 18:45,188,118,70,0,0,0
2024-08-17 19:00,167,93,74,0,0,0
2024-08-17 19:15,165,101,64,0,0,0
2024-08-17 19:30,165,86,79,0,0,0
2024-08-17 19:45,158,81,77,0,0,0
2024-08-17 20:00,189,86,103,0,0,0
2024-08-17 20:15,101,49,52,0,0,0
2024-08-17 20:30,109,68,41,0,0,0
2024-08-17 20:45,83,52,31,0,0,0
2024-08-17 21:00,108,52,56,0,0,0
2024-08-17 21:15,112,37,75,0,0,0
2024-08-17 21:30,80,26,54,0,0,0
2024-08-17 21:45,105,22,83,0,0,0
2024-08-17 22:00,62,25,37,0,0,0
2024-08-17 22:15,91,25,66,0,0,0
2024-08-17 22:30,82,21,61,0,0,0
2024-08-17 22:45,99,13,86,0,0,0
2024-08-17 23:00,93,10,83,0,0,0
2024-08-17 23:15,77,14,63,0,0,0
2024-08-17 23:30,79,7,72,0,0,0
2024-08-17 23:45,70,18,52,0,0,0
2024-08-18 00:00,79,7,72,0,0,0
2024-08-18 00:15,130,8,122,0,0,0
2024-08-18 00:30,158,17,141,0,0,0
2024-08-18 00:45,72,5,67,0,0,0
2024-08-18 01:00,49,13,36,0,0,0
2024-08-18 01:15,48,8,40,0,0,0
2024-08-18 01:30,28,6,22,0,0,0
2024-08-18 01:45,21,5,16,0,0,0
2024-08-18 02:00,15,9,6,0,0,0
2024-08-18 02:15,23,3,20,0,0,0
2024-08-18 02:30,9,3,6,0,0,0
2024-08-18 02:45,21,4,17,0,0,0
2024-08-18 03:00,10,2,8,0,0,0
2024-08-18 03:15,17,4,13,0,0,0
2024-08-18 03:30,11,2,9,0,0,0
2024-08-18 03:45,7,1,6,0,0,0
2024-08-18 04:00,6,6,0,0,0,0
2024-08-18 04:15,13,1,12,0,0,0
2024-08-18 04:30,2,0,2,0,0,0
2024-08-18 04:45,6,1,5,0,0,0
2024-08-18 05:00,2,0,2,0,0,0
2024-08-18 05:15,5,4,1,0,0,0
2024-08-18 05:30,5,3,2,0,0,0
2024-08-18 05:45,6,1,5,0,0,0
2024-08-18 06:00,4,3,1,0,0,0
2024-08-18 06:15,7,6,1,0,0,0
2024-08-18 06:30,2,0,2,0,0,0
2024-08-18 06:45,5,4,1,0,0,0
2024-08-18 07:00,1,0,1,0,0,0
2024-08-18 07:15,2,1,1,0,0,0
2024-08-18 07:30,3,1,2,0,0,0
2024-08-18 07:45,6,1,5,0,0,0
2024-08-18 08:00,2,1,1,0,0,0
2024-08-18 08:15,2,1,1,0,0,0
2024-08-18 08:30,2,2,0,0,0,0
2024-08-18 08:45,10,6,4,0,0,0
2024-08-18 09:00,5,4,1,0,0,0
2024-08-18 09:15,19,11,8,0,0,0
2024-08-18 09:30,19,12,7,0,0,0
2024-08-18 09:45,40,20,20,0,0,0
2024-08-18 10:00,32,13,19,0,0,0
2024-08-18 10:15,42,20,22,0,0,0
2024-08-18 10:30,27,15,12,0,0,0
2024-08-18 10:45,53,34,19,0,0,0
2024-08-18 11:00,44,25,19,0,0,0
2024-08-18 11:15,30,14,16,0,0,0
2024-08-18 11:30,44,27,17,0,0,0
2024-08-18 11:45,75,41,34,0,0,0
2024-08-18 12:00,71,41,30,0,0,0
2024-08-18 12:15,65,33,32,0,0,0
2024-08-18 12:30,67,38,29,0,0,0
2024-08-18 12:45,93,41,52,0,0,0
2024-08-18 13:00,102,60,42,0,0,0
2024-08-18 13:15,59,35,24,0,0,0
2024-08-18 13:30,83,52,31,0,0,0
2024-08-18 13:45,113,65,48,0,0,0
2024-08-18 14:00,120,74,46,0,0,0
2024-08-18 14:15,136,85,51,0,0,0
2024-08-18 14:30,107,52,55,0,0,0
2024-08-18 14:45,132,87,45,0,0,0
2024-08-18 15:00,120,88,32,0,0,0
2024-08-18 15:15,129,70,59,0,0,0
2024-08-18 15:30,131,79,52,0,0,0
2024-08-18 15:45,151,86,65,0,0,0
2024-08-18 16:00,135,80,55,0,0,0
2024-08-18 16:15,161,78,83,0,0,0
2024-08-18 16:30,144,63,81,0,0,0
2024-08-18 16:45,138,68,70,0,0,0
2024-08-18 17:00,129,64,65,0,0,0
2024-08-18 17:15,160,85,75,0,0,0
2024-08-18 17:30,143,67,76,0,0,0
2024-08-18 17:45,149,86,63,0,0,0
2024-08-18 18:00,137,78,59,0,0,0
2024-08-18 18:15,174,88,86,0,0,0
2024-08-18 18:30,141,81,60,0,0,0
2024-08-18 18:45,192,124,68,0,0,0
2024-08-18 19:00,167,94,73,0,0,0
2024-08-18 19:15,167,75,92,0,0,0
2024-08-18 19:30,154,96,58,0,0,0
2024-08-18 19:45,127,72,55,0,0,0
2024-08-18 20:00,73,33,40,0,0,0
2024-08-18 20:15,86,36,50,0,0,0
2024-08-18 20:30,61,21,40,0,0,0
2024-08-18 20:45,82,56,26,0,0,0
2024-08-18 21:00,78,20,58,0,0,0
2024-08-18 21:15,59,16,43,0,0,0
2024-08-18 21:30,71,15,56,0,0,0
2024-08-18 21:45,48,12,36,0,0,0
2024-08-18 22:00,58,3,55,0,0,0
2024-08-18 22:15,78,10,68,0,0,0
2024-08-18 22:30,81,6,75,0,0,0
2024-08-18 22:45,313,15,298,0,0,0
2024-08-18 23:00,140,10,130,0,0,0
2024-08-18 23:15,39,6,33,0,0,0
2024-08-18 23:30,24,4,20,0,0,0
2024-08-18 23:45,15,2,13,0,0,0
2024-08-19 00:00,8,0,8,0,0,0
2024-08-19 00:15,4,0,4,0,0,0
2024-08-19 00:30,6,1,5,0,0,0
2024-08-19 00:45,10,1,9,0,0,0
2024-08-19 01:00,3,2,1,0,0,0
2024-08-19 01:15,4,1,3,0,0,0
2024-08-19 01:30,2,0,2,0,0,0
2024-08-19 01:45,1,1,0,0,0,0
2024-08-19 02:00,2,2,0,0,0,0
2024-08-19 02:15,1,1,0,0,0,0
2024-08-19 02:30,2,0,2,0,0,0
2024-08-19 02:45,1,0,1,0,0,0
2024-08-19 03:00,0,0,0,0,0,0
2024-08-19 03:15,0,0,0,0,0,0
2024-08-19 03:30,2,1,1,0,0,0
2024-08-19 03:45,0,0,0,0,0,0
2024-08-19 04:00,0,0,0,0,0,0
2024-08-19 04:15,2,1,1,0,0,0
2024-08-19 04:30,3,1,2,0,0,0
2024-08-19 04:45,4,3,1,0,0,0
2024-08-19 05:00,2,2,0,0,0,0
2024-08-19 05:15,20,14,6,0,0,0
2024-08-19 05:30,20,13,7,0,0,0
2024-08-19 05:45,23,18,5,0,0,0
2024-08-19 06:00,26,12,14,0,0,0
2024-08-19 06:15,37,24,13,0,0,0
2024-08-19 06:30,39,23,16,0,0,0
2024-08-19 06:45,57,32,25,0,0,0
2024-08-19 07:00,86,58,28,0,0,0
2024-08-19 07:15,83,48,35,0,0,0
2024-08-19 07:30,122,76,46,0,0,0
2024-08-19 07:45,180,122,58,0,0,0
2024-08-19 08:00,139,95,44,0,0,0
2024-08-19 08:15,164,101,63,0,0,0
2024-08-19 08:30,140,90,50,0,0,0
2024-08-19 08:45,166,101,65,0,0,0
2024-08-19 09:00,106,64,42,0,0,0
2024-08-19 09:15,112,78,34,0,0,0
2024-08-19 09:30,95,60,35,0,0,0
2024-08-19 09:45,123,82,41,0,0,0
2024-08-19 10:00,106,60,46,0,0,0
2024-08-19 10:15,111,69,42,0,0,0
2024-08-19 10:30,113,68,45,0,0,0
2024-08-19 10:45,147,82,65,0,0,0
2024-08-19 11:00,117,76,41,0,0,0
2024-08-19 11:15,111,64,47,0,0,0
2024-08-19 11:30,112,57,55,0,0,0
2024-08-19 11:45,148,80,68,0,0,0
2024-08-19 12:00,128,62,66,0,0,0
2024-08-19 12:15,137,47,90,0,0,0
2024-08-19 12:30,120,60,60,0,0,0
2024-08-19 12:45,149,64,85,0,0,0
2024-08-19 13:00,130,46,84,0,0,0
2024-08-19 13:15,159,72,87,0,0,0
2024-08-19 13:30,128,57,71,0,0,0
2024-08-19 13:45,173,85,88,0,0,0
2024-08-19 14:00,159,75,84,0,0,0
2024-08-19 14:15,129,53,76,0,0,0
2024-08-19 14:30,164,75,89,0,0,0
2024-08-19 14:45,179,97,82,0,0,0
2024-08-19 15:00,191,97,94,0,0,0
2024-08-19 15:15,183,73,110,0,0,0
2024-08-19 15:30,189,76,113,0,0,0
2024-08-19 15:45,231,90,141,0,0,0
2024-08-19 16:00,221,97,124,0,0,0
2024-08-19 16:15,201,91,110,0,0,0
2024-08-19 16:30,196,69,127,0,0,0
2024-08-19 16:45,211,95,116,0,0,0
2024-08-19 17:00,205,87,118,0,0,0
2024-08-19 17:15,253,97,156,0,0,0
2024-08-19 17:30,181,81,100,0,0,0
2024-08-19 17:45,266,88,178,0,0,0
2024-08-19 18:00,176,69,107,0,0,0
2024-08-19 18:15,205,81,124,0,0,0
2024-08-19 18:30,154,62,92,0,0,0
2024-08-19 18:45,165,66,99,0,0,0
2024-08-19 19:00,137,54,83,0,0,0
2024-08-19 19:15,124,50,74,0,0,0
2024-08-19 19:30,97,43,54,0,0,0
2024-08-19 19:45,104,36,68,0,0,0
2024-08-19 20:00,105,30,75,0,0,0
2024-08-19 20:15,65,20,45,0,0,0
2024-08-19 20:30,71,34,37,0,0,0
2024-08-19 20:45,64,15,49,0,0,0
2024-08-19 21:00,57,28,29,0,0,0
2024-08-19 21:15,59,28,31,0,0,0
2024-08-19 21:30,54,29,25,0,0,0
2024-08-19 21:45,58,23,35,0,0,0
2024-08-19 22:00,63,24,39,0,0,0
2024-08-19 22:15,54,21,33,0,0,0
2024-08-19 22:30,48,16,32,0,0,0
2024-08-19 22:45,28,8,20,0,0,0
2024-08-19 23:00,26,13,13,0,0,0
2024-08-19 23:15,10,5,5,0,0,0
2024-08-19 23:30,14,12,2,0,0,0
2024-08-19 23:45,20,5,15,0,0,0
2024-08-20 00:00,11,1,10,0,0,0
2024-08-20 00:15,9,5,4,0,0,0
2024-08-20 00:30,10,2,8,0,0,0
2024-08-20 00:45,6,6,0,0,0,0
2024-08-20 01:00,5,1,4,0,0,0
2024-08-20 01:15,3,0,3,0,0,0
2024-08-20 01:30,3,1,2,0,0,0
2024-08-20 01:45,8,2,6,0,0,0
2024-08-20 02:00,1,0,1,0,0,0
2024-08-20 02:15,0,0,0,0,0,0
2024-08-20 02:30,3,2,1,0,0,0
2024-08-20 02:45,0,0,0,0,0,0
2024-08-20 03:00,2,1,1,0,0,0
2024-08-20 03:15,2,1,1,0,0,0
2024-08-20 03:30,1,0,1,0,0,0
2024-08-20 03:45,1,1,0,0,0,0
2024-08-20 04:00,0,0,0,0,0,0
2024-08-20 04:15,2,1,1,0,0,0
2024-08-20 04:30,2,1,1,0,0,0
2024-08-20 04:45,2,2,0,0,0,0
2024-08-20 05:00,2,1,1,0,0,0
2024-08-20 05:15,10,6,4,0,0,0
2024-08-20 05:30,21,13,8,0,0,0
2024-08-20 05:45,22,17,5,0,0,0
2024-08-20 06:00,32,11,21,0,0,0
2024-08-20 06:15,33,24,9,0,0,0
2024-08-20 06:30,43,25,18,0,0,0
2024-08-20 06:45,58,39,19,0,0,0
2024-08-20 07:00,83,57,26,0,0,0
2024-08-20 07:15,99,62,37,0,0,0
2024-08-20 07:30,135,78,57,0,0,0
2024-08-20 07:45,200,124,76,0,0,0
2024-08-20 08:00,150,88,62,0,0,0
2024-08-20 08:15,168,115,53,0,0,0
2024-08-20 08:30,154,98,56,0,0,0
2024-08-20 08:45,158,104,54,0,0,0
2024-08-20 09:00,94,59,35,0,0,0
2024-08-20 09:15,90,68,22,0,0,0
2024-08-20 09:30,121,79,42,0,0,0
2024-08-20 09:45,135,90,45,0,0,0
2024-08-20 10:00,97,52,45,0,0,0
2024-08-20 10:15,129,83,46,0,0,0
2024-08-20 10:30,112,64,48,0,0,0
2024-08-20 10:45,131,78,53,0,0,0
2024-08-20 11:00,137,60,77,0,0,0
2024-08-20 11:15,125,73,52,0,0,0
2024-08-20 11:30,151,74,77,0,0,0
2024-08-20 11:45,149,84,65,0,0,0
2024-08-20 12:00,188,94,94,0,0,0
2024-08-20 12:15,169,86,83,0,0,0
2024-08-20 12:30,142,57,85,0,0,0
2024-08-20 12:45,155,58,97,0,0,0
2024-08-20 13:00,156,82,74,0,0,0
2024-08-20 13:15,148,74,74,0,0,0
2024-08-20 13:30,180,95,85,0,0,0
2024-08-20 13:45,158,93,65,0,0,0
2024-08-20 14:00,184,88,96,0,0,0
2024-08-20 14:15,157,87,70,0,0,0
2024-08-20 14:30,178,89,89,0,0,0
2024-08-20 14:45,190,89,101,0,0,0
2024-08-20 15:00,186,81,105,0,0,0
2024-08-20 15:15,170,78,92,0,0,0
2024-08-20 15:30,210,97,113,0,0,0
2024-08-20 15:45,233,92,141,0,0,0
2024-08-20 16:00,220,78,142,0,0,0
2024-08-20 16:15,227,88,139,0,0,0
2024-08-20 16:30,250,94,156,0,0,0
2024-08-20 16:45,236,90,146,0,0,0
2024-08-20 17:00,241,98,143,0,0,0
2024-08-20 17:15,242,90,152,0,0,0
2024-08-20 17:30,235,84,151,0,0,0
2024-08-20 17:45,208,92,116,0,0,0
2024-08-20 18:00,192,75,117,0,0,0
2024-08-20 18:15,197,79,118,0,0,0
2024-08-20 18:30,177,73,104,0,0,0
2024-08-20 18:45,155,65,90,0,0,0
2024-08-20 19:00,146,46,100,0,0,0
2024-08-20 19:15,133,46,87,0,0,0
2024-08-20 19:30,144,59,85,0,0,0
2024-08-20 19:45,128,50,78,0,0,0
2024-08-20 20:00,87,33,54,0,0,0
2024-08-20 20:15,93,37,56,0,0,0
2024-08-20 20:30,76,26,50,0,0,0
2024-08-20 20:45,87,39,48,0,0,0
2024-08-20 21:00,71,18,53,0,0,0
2024-08-20 21:15,69,35,34,0,0,0
2024-08-20 21:30,59,21,38,0,0,0
2024-08-20 21:45,68,28,40,0,0,0
2024-08-20 22:00,61,19,42,0,0,0
2024-08-20 22:15,61,27,34,0,0,0
2024-08-20 22:30,44,17,27,0,0,0
2024-08-20 22:45,46,15,31,0,0,0
2024-08-20 23:00,36,10,26,0,0,0
2024-08-20 23:15,16,7,9,0,0,0
2024-08-20 23:30,8,3,5,0,0,0
2024-08-20 23:45,13,4,9,0,0,0
2024-08-21 00:00,8,1,7,0,0,0
2024-08-21 00:15,7,0,7,0,0,0
2024-08-21 00:30,9,5,4,0,0,0
2024-08-21 00:45,12,2,10,0,0,0
2024-08-21 01:00,6,1,5,0,0,0
2024-08-21 01:15,1,1,0,0,0,0
2024-08-21 01:30,4,2,2,0,0,0
2024-08-21 01:45,4,2,2,0,0,0
2024-08-21 02:00,1,1,0,0,0,0
2024-08-21 02:15,0,0,0,0,0,0
2024-08-21 02:30,0,0,0,0,0,0
2024-08-21 02:45,1,1,0,0,0,0
2024-08-21 03:00,4,0,4,0,0,0
2024-08-21 03:15,1,1,0,0,0,0
2024-08-21 03:30,2,1,1,0,0,0
2024-08-21 03:45,0,0,0,0,0,0
2024-08-21 04:00,1,1,0,0,0,0
2024-08-21 04:15,2,2,0,0,0,0
2024-08-21 04:30,4,1,3,0,0,0
2024-08-21 04:45,4,4,0,0,0,0
2024-08-21 05:00,2,2,0,0,0,0
2024-08-21 05:15,11,6,5,0,0,0
2024-08-21 05:30,31,18,13,0,0,0
2024-08-21 05:45,26,22,4,0,0,0
2024-08-21 06:00,22,16,6,0,0,0
2024-08-21 06:15,48,36,12,0,0,0
2024-08-21 06:30,53,34,19,0,0,0
2024-08-21 06:45,83,50,33,0,0,0
2024-08-21 07:00,107,65,42,0,0,0
2024-08-21 07:15,147,99,48,0,0,0
2024-08-21 07:30,191,138,53,0,0,0
2024-08-21 07:45,213,120,93,0,0,0
2024-08-21 08:00,177,119,58,0,0,0
2024-08-21 08:15,181,124,57,0,0,0
2024-08-21 08:30,161,99,62,0,0,0
2024-08-21 08:45,173,126,47,0,0,0
2024-08-21 09:00,112,81,31,0,0,0
2024-08-21 09:15,117,76,41,0,0,0
2024-08-21 09:30,125,80,45,0,0,0
2024-08-21 09:45,133,96,37,0,0,0
2024-08-21 10:00,143,88,55,0,0,0
2024-08-21 10:15,148,97,51,0,0,0
2024-08-21 10:30,130,78,52,0,0,0
2024-08-21 10:45,154,95,59,0,0,0
2024-08-21 11:00,125,67,58,0,0,0
2024-08-21 11:15,145,85,60,0,0,0
2024-08-21 11:30,117,60,57,0,0,0
2024-08-21 11:45,187,109,78,0,0,0
2024-08-21 12:00,167,74,93,0,0,0
2024-08-21 12:15,176,77,99,0,0,0
2024-08-21 12:30,163,70,93,0,0,0
2024-08-21 12:45,163,75,88,0,0,0
2024-08-21 13:00,166,64,102,0,0,0
2024-08-21 13:15,164,71,93,0,0,0
2024-08-21 13:30,164,67,97,0,0,0
2024-08-21 13:45,174,81,93,0,0,0
2024-08-21 14:00,181,74,107,0,0,0
2024-08-21 14:15,190,87,103,0,0,0
2024-08-21 14:30,164,59,105,0,0,0
2024-08-21 14:45,179,84,95,0,0,0
2024-08-21 15:00,165,68,97,0,0,0
2024-08-21 15:15,195,88,107,0,0,0
2024-08-21 15:30,199,100,99,0,0,0
2024-08-21 15:45,201,77,124,0,0,0
2024-08-21 16:00,194,82,112,0,0,0
2024-08-21 16:15,191,77,114,0,0,0
2024-08-21 16:30,186,75,111,0,0,0
2024-08-21 16:45,229,105,124,0,0,0
2024-08-21 17:00,260,114,146,0,0,0
2024-08-21 17:15,247,104,143,0,0,0
2024-08-21 17:30,207,93,114,0,0,0
2024-08-21 17:45,195,70,125,0,0,0
2024-08-21 18:00,197,86,111,0,0,0
2024-08-21 18:15,176,71,105,0,0,0
2024-08-21 18:30,162,62,100,0,0,0
2024-08-21 18:45,172,72,100,0,0,0
2024-08-21 19:00,181,68,113,0,0,0
2024-08-21 19:15,112,55,57,0,0,0
2024-08-21 19:30,134,52,82,0,0,0
2024-08-21 19:45,108,47,61,0,0,0
2024-08-21 20:00,99,34,65,0,0,0
2024-08-21 20:15,79,37,42,0,0,0
2024-08-21 20:30,94,42,52,0,0,0
2024-08-21 20:45,71,32,39,0,0,0
2024-08-21 21:00,72,24,48,0,0,0
2024-08-21 21:15,75,29,46,0,0,0
2024-08-21 21:30,64,22,42,0,0,0
2024-08-21 21:45,65,28,37,0,0,0
2024-08-21 22:00,63,18,45,0,0,0
2024-08-21 22:15,70,21,49,0,0,0
2024-08-21 22:30,39,13,26,0,0,0
2024-08-21 22:45,37,11,26,0,0,0
2024-08-21 23:00,46,22,24,0,0,0
2024-08-21 23:15,33,16,17,0,0,0
2024-08-21 23:30,20,12,8,0,0,0
2024-08-21 23:45,14,5,9,0,0,0
2024-08-22 00:00,16,2,14,0,0,0
2024-08-22 00:15,10,5,5,0,0,0
2024-08-22 00:30,18,3,15,0,0,0
2024-08-22 00:45,5,2,3,0,0,0
2024-08-22 01:00,12,7,5,0,0,0
2024-08-22 01:15,7,3,4,0,0,0
2024-08-22 01:30,3,1,2,0,0,0
2024-08-22 01:45,6,3,3,0,0,0
2024-08-22 02:00,2,1,1,0,0,0
2024-08-22 02:15,4,1,3,0,0,0
2024-08-22 02:30,2,0,2,0,0,0
2024-08-22 02:45,1,0,1,0,0,0
2024-08-22 03:00,3,0,3,0,0,0
2024-08-22 03:15,1,0,1,0,0,0
2024-08-22 03:30,4,1,3,0,0,0
2024-08-22 03:45,1,0,1,0,0,0
2024-08-22 04:00,7,2,5,0,0,0
2024-08-22 04:15,0,0,0,0,0,0
2024-08-22 04:30,2,1,1,0,0,0
2024-08-22 04:45,6,4,2,0,0,0
2024-08-22 05:00,3,0,3,0,0,0
2024-08-22 05:15,11,8,3,0,0,0
2024-08-22 05:30,18,11,7,0,0,0
2024-08-22 05:45,25,19,6,0,0,0
2024-08-22 06:00,28,15,13,0,0,0
2024-08-22 06:15,39,31,8,0,0,0
2024-08-22 06:30,61,35,26,0,0,0
2024-08-22 06:45,63,40,23,0,0,0
2024-08-22 07:00,91,60,31,0,0,0
2024-08-22 07:15,128,72,56,0,0,0
2024-08-22 07:30,207,138,69,0,0,0
2024-08-22 07:45,180,114,66,0,0,0
2024-08-22 08:00,133,91,42,0,0,0
2024-08-22 08:15,156,103,53,0,0,0
2024-08-22 08:30,146,95,51,0,0,0
2024-08-22 08:45,132,89,43,0,0,0
2024-08-22 09:00,88,60,28,0,0,0
2024-08-22 09:15,134,84,50,0,0,0
2024-08-22 09:30,109,66,43,0,0,0
2024-08-22 09:45,108,72,36,0,0,0
2024-08-22 10:00,105,62,43,0,0,0
2024-08-22 10:15,90,64,26,0,0,0
2024-08-22 10:30,84,50,34,0,0,0
2024-08-22 10:45,123,64,59,0,0,0
2024-08-22 11:00,105,54,51,0,0,0
2024-08-22 11:15,106,57,49,0,0,0
2024-08-22 11:30,117,73,44,0,0,0
2024-08-22 11:45,115,66,49,0,0,0
2024-08-22 12:00,122,56,66,0,0,0
2024-08-22 12:15,165,78,87,0,0,0
2024-08-22 12:30,140,65,75,0,0,0
2024-08-22 12:45,171,67,104,0,0,0
2024-08-22 13:00,179,80,99,0,0,0
2024-08-22 13:15,171,71,100,0,0,0
2024-08-22 13:30,162,74,88,0,0,0
2024-08-22 13:45,157,68,89,0,0,0
2024-08-22 14:00,139,55,84,0,0,0
2024-08-22 14:15,158,77,81,0,0,0
2024-08-22 14:30,160,84,76,0,0,0
2024-08-22 14:45,204,103,101,0,0,0
2024-08-22 15:00,179,92,87,0,0,0
2024-08-22 15:15,183,71,112,0,0,0
2024-08-22 15:30,198,89,109,0,0,0
2024-08-22 15:45,211,100,111,0,0,0
2024-08-22 16:00,192,92,100,0,0,0
2024-08-22 16:15,210,109,101,0,0,0
2024-08-22 16:30,217,85,132,0,0,0
2024-08-22 16:45,229,98,131,0,0,0
2024-08-22 17:00,268,112,156,0,0,0
2024-08-22 17:15,242,89,153,0,0,0
2024-08-22 17:30,235,100,135,0,0,0
2024-08-22 17:45,193,87,106,0,0,0
2024-08-22 18:00,180,76,104,0,0,0
2024-08-22 18:15,190,64,126,0,0,0
2024-08-22 18:30,173,66,107,0,0,0
2024-08-22 18:45,165,82,83,0,0,0
2024-08-22 19:00,148,54,94,0,0,0
2024-08-22 19:15,144,47,97,0,0,0
2024-08-22 19:30,103,33,70,0,0,0
2024-08-22 19:45,107,35,72,0,0,0
2024-08-22 20:00,101,39,62,0,0,0
2024-08-22 20:15,99,43,56,0,0,0
2024-08-22 20:30,70,29,41,0,0,0
2024-08-22 20:45,78,18,60,0,0,0
2024-08-22 21:00,79,22,57,0,0,0
2024-08-22 21:15,84,26,58,0,0,0
2024-08-22 21:30,64,30,34,0,0,0
2024-08-22 21:45,67,27,40,0,0,0
2024-08-22 22:00,46,19,27,0,0,0
2024-08-22 22:15,59,22,37,0,0,0
2024-08-22 22:30,45,13,32,0,0,0
2024-08-22 22:45,36,18,18,0,0,0
2024-08-22 23:00,29,12,17,0,0,0
2024-08-22 23:15,26,9,17,0,0,0
2024-08-22 23:30,26,7,19,0,0,0
2024-08-22 23:45,23,8,15,0,0,0
2024-08-23 00:00,11,4,7,0,0,0
2024-08-23 00:15,13,3,10,0,0,0
2024-08-23 00:30,9,5,4,0,0,0
2024-08-23 00:45,7,0,7,0,0,0
2024-08-23 01:00,5,1,4,0,0,0
2024-08-23 01:15,3,1,2,0,0,0
2024-08-23 01:30,5,1,4,0,0,0
2024-08-23 01:45,2,1,1,0,0,0
2024-08-23 02:00,4,1,3,0,0,0
2024-08-23 02:15,3,2,1,0,0,0
2024-08-23 02:30,2,2,0,0,0,0
2024-08-23 02:45,0,0,0,0,0,0
2024-08-23 03:00,0,0,0,0,0,0
2024-08-23 03:15,2,0,2,0,0,0
2024-08-23 03:30,1,1,0,0,0,0
2024-08-23 03:45,2,1,1,0,0,0
2024-08-23 04:00,0,0,0,0,0,0
2024-08-23 04:15,2,2,0,0,0,0
2024-08-23 04:30,4,1,3,0,0,0
2024-08-23 04:45,5,4,1,0,0,0
2024-08-23 05:00,1,0,1,0,0,0
2024-08-23 05:15,15,9,6,0,0,0
2024-08-23 05:30,15,9,6,0,0,0
2024-08-23 05:45,18,16,2,0,0,0
2024-08-23 06:00,12,6,6,0,0,0
2024-08-23 06:15,40,31,9,0,0,0
2024-08-23 06:30,38,26,12,0,0,0
2024-08-23 06:45,58,32,26,0,0,0
2024-08-23 07:00,80,48,32,0,0,0
2024-08-23 07:15,121,81,40,0,0,0
2024-08-23 07:30,201,133,68,0,0,0
2024-08-23 07:45,180,114,66,0,0,0
2024-08-23 08:00,137,96,41,0,0,0
2024-08-23 08:15,132,95,37,0,0,0
2024-08-23 08:30,131,86,45,0,0,0
2024-08-23 08:45,139,99,40,0,0,0
2024-08-23 09:00,101,66,35,0,0,0
2024-08-23 09:15,77,48,29,0,0,0
2024-08-23 09:30,111,81,30,0,0,0
2024-08-23 09:45,118,76,42,0,0,0
2024-08-23 10:00,101,59,42,0,0,0
2024-08-23 10:15,106,68,38,0,0,0
2024-08-23 10:30,109,64,45,0,0,0
2024-08-23 10:45,161,70,91,0,0,0
2024-08-23 11:00,112,64,48,0,0,0
2024-08-23 11:15,133,69,64,0,0,0
2024-08-23 11:30,135,65,70,0,0,0
2024-08-23 11:45,143,73,70,0,0,0
2024-08-23 12:00,146,51,95,0,0,0
2024-08-23 12:15,159,69,90,0,0,0
2024-08-23 12:30,151,72,79,0,0,0
2024-08-23 12:45,179,86,93,0,0,0
2024-08-23 13:00,166,60,106,0,0,0
2024-08-23 13:15,171,62,109,0,0,0
2024-08-23 13:30,183,70,113,0,0,0
2024-08-23 13:45,195,85,110,0,0,0
2024-08-23 14:00,172,66,106,0,0,0
2024-08-23 14:15,187,92,95,0,0,0
2024-08-23 14:30,170,66,104,0,0,0
2024-08-23 14:45,187,90,97,0,0,0
2024-08-23 15:00,157,69,88,0,0,0
2024-08-23 15:15,204,87,117,0,0,0
2024-08-23 15:30,168,74,94,0,0,0
2024-08-23 15:45,184,90,94,0,0,0
2024-08-23 16:00,174,88,86,0,0,0
2024-08-23 16:15,166,65,101,0,0,0
2024-08-23 16:30,160,75,85,0,0,0
2024-08-23 16:45,154,71,83,0,0,0
2024-08-23 17:00,177,79,98,0,0,0
2024-08-23 17:15,175,75,100,0,0,0
2024-08-23 17:30,121,48,73,0,0,0
2024-08-23 17:45,121,52,69,0,0,0
2024-08-23 18:00,132,64,68,0,0,0
2024-08-23 18:15,119,46,73,0,0,0
2024-08-23 18:30,122,51,71,0,0,0
2024-08-23 18:45,124,59,65,0,0,0
2024-08-23 19:00,133,58,75,0,0,0
2024-08-23 19:15,101,49,52,0,0,0
2024-08-23 19:30,97,34,63,0,0,0
2024-08-23 19:45,109,47,62,0,0,0
2024-08-23 20:00,76,33,43,0,0,0
2024-08-23 20:15,105,54,51,0,0,0
2024-08-23 20:30,55,28,27,0,0,0
2024-08-23 20:45,61,23,38,0,0,0
2024-08-23 21:00,64,36,28,0,0,0
2024-08-23 21:15,51,22,29,0,0,0
2024-08-23 21:30,44,21,23,0,0,0
2024-08-23 21:45,57,19,38,0,0,0
2024-08-23 22:00,68,28,40,0,0,0
2024-08-23 22:15,41,14,27,0,0,0
2024-08-23 22:30,46,23,23,0,0,0
2024-08-23 22:45,54,22,32,0,0,0
2024-08-23 23:00,45,17,28,0,0,0
2024-08-23 23:15,35,5,30,0,0,0
2024-08-23 23:30,29,11,18,0,0,0
2024-08-23 23:45,37,18,19,0,0,0
2024-08-24 00:00,30,17,13,0,0,0
2024-08-24 00:15,27,11,16,0,0,0
2024-08-24 00:30,25,14,11,0,0,0
2024-08-24 00:45,23,13,10,0,0,0
2024-08-24 01:00,31,18,13,0,0,0
2024-08-24 01:15,11,8,3,0,0,0
2024-08-24 01:30,9,7,2,0,0,0
2024-08-24 01:45,13,4,9,0,0,0
2024-08-24 02:00,12,9,3,0,0,0
2024-08-24 02:15,8,3,5,0,0,0
2024-08-24 02:30,10,0,10,0,0,0
2024-08-24 02:45,6,1,5,0,0,0
2024-08-24 03:00,9,2,7,0,0,0
2024-08-24 03:15,4,0,4,0,0,0
2024-08-24 03:30,13,5,8,0,0,0
2024-08-24 03:45,2,0,2,0,0,0
2024-08-24 04:00,6,1,5,0,0,0
2024-08-24 04:15,1,1,0,0,0,0
2024-08-24 04:30,3,0,3,0,0,0
2024-08-24 04:45,2,1,1,0,0,0
2024-08-24 05:00,1,0,1,0,0,0
2024-08-24 05:15,2,0,2,0,0,0
2024-08-24 05:30,10,4,6,0,0,0
2024-08-24 05:45,6,3,3,0,0,0
2024-08-24 06:00,9,6,3,0,0,0
2024-08-24 06:15,14,8,6,0,0,0
2024-08-24 06:30,6,5,1,0,0,0
2024-08-24 06:45,13,8,5,0,0,0
2024-08-24 07:00,17,14,3,0,0,0
2024-08-24 07:15,18,15,3,0,0,0
2024-08-24 07:30,26,20,6,0,0,0
2024-08-24 07:45,27,17,10,0,0,0
2024-08-24 08:00,39,25,14,0,0,0
2024-08-24 08:15,36,24,12,0,0,0
2024-08-24 08:30,34,21,13,0,0,0
2024-08-24 08:45,62,44,18,0,0,0
2024-08-24 09:00,57,33,24,0,0,0
2024-08-24 09:15,94,60,34,0,0,0
2024-08-24 09:30,117,69,48,0,0,0
2024-08-24 09:45,126,83,43,0,0,0
2024-08-24 10:00,118,74,44,0,0,0
2024-08-24 10:15,152,79,73,0,0,0
2024-08-24 10:30,171,95,76,0,0,0
2024-08-24 10:45,171,103,68,0,0,0
2024-08-24 11:00,175,85,90,0,0,0
2024-08-24 11:15,201,78,123,0,0,0
2024-08-24 11:30,211,68,143,0,0,0
2024-08-24 11:45,276,98,178,0,0,0
2024-08-24 12:00,272,82,190,0,0,0
2024-08-24 12:15,252,98,154,0,0,0
2024-08-24 12:30,175,86,89,0,0,0
2024-08-24 12:45,170,82,88,0,0,0
2024-08-24 13:00,164,82,82,0,0,0
2024-08-24 13:15,187,97,90,0,0,0
2024-08-24 13:30,132,59,73,0,0,0
2024-08-24 13:45,179,87,92,0,0,0
2024-08-24 14:00,177,72,105,0,0,0
2024-08-24 14:15,168,77,91,0,0,0
2024-08-24 14:30,108,54,54,0,0,0
2024-08-24 14:45,127,61,66,0,0,0
2024-08-24 15:00,164,107,57,0,0,0
2024-08-24 15:15,322,257,65,0,0,0
2024-08-24 15:30,240,164,76,0,0,0
2024-08-24 15:45,181,110,71,0,0,0
2024-08-24 16:00,174,71,103,0,0,0
2024-08-24 16:15,177,99,78,0,0,0
2024-08-24 16:30,171,89,82,0,0,0
2024-08-24 16:45,187,101,86,0,0,0
2024-08-24 17:00,141,73,68,0,0,0
2024-08-24 17:15,130,62,68,0,0,0
2024-08-24 17:30,146,83,63,0,0,0
2024-08-24 17:45,140,64,76,0,0,0
2024-08-24 18:00,158,64,94,0,0,0
2024-08-24 18:15,147,70,77,0,0,0
2024-08-24 18:30,130,68,62,0,0,0
2024-08-24 18:45,158,87,71,0,0,0
2024-08-24 19:00,109,56,53,0,0,0
2024-08-24 19:15,106,49,57,0,0,0
2024-08-24 19:30,87,32,55,0,0,0
2024-08-24 19:45,95,39,56,0,0,0
2024-08-24 20:00,120,51,69,0,0,0
2024-08-24 20:15,96,37,59,0,0,0
2024-08-24 20:30,111,39,72,0,0,0
2024-08-24 20:45,106,30,76,0,0,0
2024-08-24 21:00,76,20,56,0,0,0
2024-08-24 21:15,56,20,36,0,0,0
2024-08-24 21:30,57,18,39,0,0,0
2024-08-24 21:45,40,6,34,0,0,0
2024-08-24 22:00,40,12,28,0,0,0
2024-08-24 22:15,42,12,30,0,0,0
2024-08-24 22:30,23,5,18,0,0,0
2024-08-24 22:45,20,4,16,0,0,0
2024-08-24 23:00,12,4,8,0,0,0
2024-08-24 23:15,18,6,12,0,0,0
2024-08-24 23:30,31,5,26,0,0,0
2024-08-24 23:45,64,17,47,0,0,0
2024-08-25 00:00,52,24,28,0,0,0
2024-08-25 00:15,35,7,28,0,0,0
2024-08-25 00:30,20,5,15,0,0,0
2024-08-25 00:45,17,10,7,0,0,0
2024-08-25 01:00,16,9,7,0,0,0
2024-08-25 01:15,21,5,16,0,0,0
2024-08-25 01:30,20,5,15,0,0,0
2024-08-25 01:45,16,6,10,0,0,0
2024-08-25 02:00,13,8,5,0,0,0
2024-08-25 02:15,11,3,8,0,0,0
2024-08-25 02:30,16,3,13,0,0,0
2024-08-25 02:45,7,2,5,0,0,0
2024-08-25 03:00,6,3,3,0,0,0
2024-08-25 03:15,13,6,7,0,0,0
2024-08-25 03:30,6,2,4,0,0,0
2024-08-25 03:45,5,2,3,0,0,0
2024-08-25 04:00,1,1,0,0,0,0
2024-08-25 04:15,1,0,1,0,0,0
2024-08-25 04:30,0,0,0,0,0,0
2024-08-25 04:45,8,2,6,0,0,0
2024-08-25 05:00,0,0,0,0,0,0
2024-08-25 05:15,1,0,1,0,0,0
2024-08-25 05:30,5,3,2,0,0,0
2024-08-25 05:45,6,2,4,0,0,0
2024-08-25 06:00,3,1,2,0,0,0
2024-08-25 06:15,7,3,4,0,0,0
2024-08-25 06:30,4,2,2,0,0,0
2024-08-25 06:45,9,6,3,0,0,0
2024-08-25 07:00,5,1,4,0,0,0
2024-08-25 07:15,9,6,3,0,0,0
2024-08-25 07:30,9,1,8,0,0,0
2024-08-25 07:45,10,5,5,0,0,0
2024-08-25 08:00,12,4,8,0,0,0
2024-08-25 08:15,17,4,13,0,0,0
2024-08-25 08:30,9,8,1,0,0,0
2024-08-25 08:45,19,10,9,0,0,0
2024-08-25 09:00,14,9,5,0,0,0
2024-08-25 09:15,20,16,4,0,0,0
2024-08-25 09:30,50,21,29,0,0,0
2024-08-25 09:45,54,35,19,0,0,0
2024-08-25 10:00,49,21,28,0,0,0
2024-08-25 10:15,52,28,24,0,0,0
2024-08-25 10:30,34,17,17,0,0,0
2024-08-25 10:45,50,30,20,0,0,0
2024-08-25 11:00,47,21,26,0,0,0
2024-08-25 11:15,47,23,24,0,0,0
2024-08-25 11:30,43,22,21,0,0,0
2024-08-25 11:45,89,46,43,0,0,0
2024-08-25 12:00,65,42,23,0,0,0
2024-08-25 12:15,72,38,34,0,0,0
2024-08-25 12:30,71,45,26,0,0,0
2024-08-25 12:45,85,44,41,0,0,0
2024-08-25 13:00,81,45,36,0,0,0
2024-08-25 13:15,81,43,38,0,0,0
2024-08-25 13:30,86,35,51,0,0,0
2024-08-25 13:45,92,46,46,0,0,0
2024-08-25 14:00,82,44,38,0,0,0
2024-08-25 14:15,98,42,56,0,0,0
2024-08-25 14:30,113,73,40,0,0,0
2024-08-25 14:45,109,60,49,0,0,0
2024-08-25 15:00,111,50,61,0,0,0
2024-08-25 15:15,82,41,41,0,0,0
2024-08-25 15:30,91,44,47,0,0,0
2024-08-25 15:45,117,61,56,0,0,0
2024-08-25 16:00,75,30,45,0,0,0
2024-08-25 16:15,103,54,49,0,0,0
2024-08-25 16:30,129,42,87,0,0,0
2024-08-25 16:45,88,35,53,0,0,0
2024-08-25 17:00,114,53,61,0,0,0
2024-08-25 17:15,107,54,53,0,0,0
2024-08-25 17:30,105,45,60,0,0,0
2024-08-25 17:45,102,44,58,0,0,0
2024-08-25 18:00,104,47,57,0,0,0
2024-08-25 18:15,78,47,31,0,0,0
2024-08-25 18:30,86,29,57,0,0,0
2024-08-25 18:45,84,32,52,0,0,0
2024-08-25 19:00,71,21,50,0,0,0
2024-08-25 19:15,79,36,43,0,0,0
2024-08-25 19:30,69,21,48,0,0,0
2024-08-25 19:45,78,25,53,0,0,0
2024-08-25 20:00,75,34,41,0,0,0
2024-08-25 20:15,48,23,25,0,0,0
2024-08-25 20:30,57,16,41,0,0,0
2024-08-25 20:45,62,21,41,0,0,0
2024-08-25 21:00,54,19,35,0,0,0
2024-08-25 21:15,40,12,28,0,0,0
2024-08-25 21:30,39,9,30,0,0,0
2024-08-25 21:45,31,8,23,0,0,0
2024-08-25 22:00,28,12,16,0,0,0
2024-08-25 22:15,39,11,28,0,0,0
2024-08-25 22:30,29,6,23,0,0,0
2024-08-25 22:45,22,4,18,0,0,0
2024-08-25 23:00,21,3,18,0,0,0
2024-08-25 23:15,16,7,9,0,0,0
2024-08-25 23:30,4,1,3,0,0,0
2024-08-25 23:45,8,2,6,0,0,0
2024-08-26 00:00,2,0,2,0,0,0
2024-08-26 00:15,8,2,6,0,0,0
2024-08-26 00:30,4,0,4,0,0,0
2024-08-26 00:45,1,0,1,0,0,0
2024-08-26 01:00,7,1,6,0,0,0
2024-08-26 01:15,0,0,0,0,0,0
2024-08-26 01:30,1,0,1,0,0,0
2024-08-26 01:45,1,0,1,0,0,0
2024-08-26 02:00,2,1,1,0,0,0
2024-08-26 02:15,0,0,0,0,0,0
2024-08-26 02:30,0,0,0,0,0,0
2024-08-26 02:45,1,1,0,0,0,0
2024-08-26 03:00,1,1,0,0,0,0
2024-08-26 03:15,1,1,0,0,0,0
2024-08-26 03:30,2,0,2,0,0,0
2024-08-26 03:45,2,2,0,0,0,0
2024-08-26 04:00,2,1,1,0,0,0
2024-08-26 04:15,4,2,2,0,0,0
2024-08-26 04:30,8,3,5,0,0,0
2024-08-26 04:45,6,5,1,0,0,0
2024-08-26 05:00,3,2,1,0,0,0
2024-08-26 05:15,12,8,4,0,0,0
2024-08-26 05:30,17,11,6,0,0,0
2024-08-26 05:45,19,13,6,0,0,0
2024-08-26 06:00,18,10,8,0,0,0
2024-08-26 06:15,37,26,11,0,0,0
2024-08-26 06:30,49,33,16,0,0,0
2024-08-26 06:45,70,43,27,0,0,0
2024-08-26 07:00,98,54,44,0,0,0
2024-08-26 07:15,131,74,57,0,0,0
2024-08-26 07:30,222,147,75,0,0,0
2024-08-26 07:45,178,118,60,0,0,0
2024-08-26 08:00,153,91,62,0,0,0
2024-08-26 08:15,145,99,46,0,0,0
2024-08-26 08:30,136,84,52,0,0,0
2024-08-26 08:45,151,98,53,0,0,0
2024-08-26 09:00,111,78,33,0,0,0
2024-08-26 09:15,110,69,41,0,0,0
2024-08-26 09:30,106,78,28,0,0,0
2024-08-26 09:45,123,92,31,0,0,0
2024-08-26 10:00,126,67,59,0,0,0
2024-08-26 10:15,98,59,39,0,0,0
2024-08-26 10:30,114,79,35,0,0,0
2024-08-26 10:45,130,80,50,0,0,0
2024-08-26 11:00,134,81,53,0,0,0
2024-08-26 11:15,93,40,53,0,0,0
2024-08-26 11:30,138,73,65,0,0,0
2024-08-26 11:45,135,72,63,0,0,0
2024-08-26 12:00,137,68,69,0,0,0
2024-08-26 12:15,138,59,79,0,0,0
2024-08-26 12:30,165,79,86,0,0,0
2024-08-26 12:45,145,54,91,0,0,0
2024-08-26 13:00,142,51,91,0,0,0
2024-08-26 13:15,146,62,84,0,0,0
2024-08-26 13:30,130,50,80,0,0,0
2024-08-26 13:45,168,79,89,0,0,0
2024-08-26 14:00,152,56,96,0,0,0
2024-08-26 14:15,182,72,110,0,0,0
2024-08-26 14:30,167,75,92,0,0,0
2024-08-26 14:45,178,82,96,0,0,0
2024-08-26 15:00,197,97,100,0,0,0
2024-08-26 15:15,191,84,107,0,0,0
2024-08-26 15:30,199,89,110,0,0,0
2024-08-26 15:45,201,73,128,0,0,0
2024-08-26 16:00,196,70,126,0,0,0
2024-08-26 16:15,223,107,116,0,0,0
2024-08-26 16:30,209,85,124,0,0,0
2024-08-26 16:45,214,77,137,0,0,0
2024-08-26 17:00,215,78,137,0,0,0
2024-08-26 17:15,221,95,126,0,0,0
2024-08-26 17:30,183,57,126,0,0,0
2024-08-26 17:45,232,82,150,0,0,0
2024-08-26 18:00,184,80,104,0,0,0
2024-08-26 18:15,200,88,112,0,0,0
2024-08-26 18:30,178,73,105,0,0,0
2024-08-26 18:45,161,58,103,0,0,0
2024-08-26 19:00,135,54,81,0,0,0
2024-08-26 19:15,143,48,95,0,0,0
2024-08-26 19:30,96,35,61,0,0,0
2024-08-26 19:45,97,45,52,0,0,0
2024-08-26 20:00,87,39,48,0,0,0
2024-08-26 20:15,99,41,58,0,0,0
2024-08-26 20:30,60,17,43,0,0,0
2024-08-26 20:45,69,25,44,0,0,0
2024-08-26 21:00,86,33,53,0,0,0
2024-08-26 21:15,48,19,29,0,0,0
2024-08-26 21:30,61,26,35,0,0,0
2024-08-26 21:45,56,26,30,0,0,0
2024-08-26 22:00,51,19,32,0,0,0
2024-08-26 22:15,37,12,25,0,0,0
2024-08-26 22:30,30,8,22,0,0,0
2024-08-26 22:45,28,8,20,0,0,0
2024-08-26 23:00,21,6,15,0,0,0
2024-08-26 23:15,17,10,7,0,0,0
2024-08-26 23:30,15,3,12,0,0,0
2024-08-26 23:45,4,0,4,0,0,0
2024-08-27 00:00,11,4,7,0,0,0
2024-08-27 00:15,7,0,7,0,0,0
2024-08-27 00:30,3,1,2,0,0,0
2024-08-27 00:45,0,0,0,0,0,0
2024-08-27 01:00,2,1,1,0,0,0
2024-08-27 01:15,4,0,4,0,0,0
2024-08-27 01:30,3,1,2,0,0,0
2024-08-27 01:45,1,0,1,0,0,0
2024-08-27 02:00,1,1,0,0,0,0
2024-08-27 02:15,1,1,0,0,0,0
2024-08-27 02:30,0,0,0,0,0,0
2024-08-27 02:45,0,0,0,0,0,0
2024-08-27 03:00,1,1,0,0,0,0
2024-08-27 03:15,1,1,0,0,0,0
2024-08-27 03:30,2,2,0,0,0,0
2024-08-27 03:45,0,0,0,0,0,0
2024-08-27 04:00,3,2,1,0,0,0
2024-08-27 04:15,1,1,0,0,0,0
2024-08-27 04:30,2,1,1,0,0,0
2024-08-27 04:45,6,6,0,0,0,0
2024-08-27 05:00,2,1,1,0,0,0
2024-08-27 05:15,13,8,5,0,0,0
2024-08-27 05:30,23,13,10,0,0,0
2024-08-27 05:45,23,18,5,0,0,0
2024-08-27 06:00,20,9,11,0,0,0
2024-08-27 06:15,39,29,10,0,0,0
2024-08-27 06:30,50,31,19,0,0,0
2024-08-27 06:45,71,39,32,0,0,0
2024-08-27 07:00,110,64,46,0,0,0
2024-08-27 07:15,153,97,56,0,0,0
2024-08-27 07:30,207,136,71,0,0,0
2024-08-27 07:45,216,135,81,0,0,0
2024-08-27 08:00,178,118,60,0,0,0
2024-08-27 08:15,183,127,56,0,0,0
2024-08-27 08:30,140,105,35,0,0,0
2024-08-27 08:45,151,88,63,0,0,0
2024-08-27 09:00,107,68,39,0,0,0
2024-08-27 09:15,100,69,31,0,0,0
2024-08-27 09:30,116,76,40,0,0,0
2024-08-27 09:45,106,61,45,0,0,0
2024-08-27 10:00,104,61,43,0,0,0
2024-08-27 10:15,111,68,43,0,0,0
2024-08-27 10:30,84,51,33,0,0,0
2024-08-27 10:45,115,52,63,0,0,0
2024-08-27 11:00,131,64,67,0,0,0
2024-08-27 11:15,127,62,65,0,0,0
2024-08-27 11:30,117,63,54,0,0,0
2024-08-27 11:45,113,45,68,0,0,0
2024-08-27 12:00,137,83,54,0,0,0
2024-08-27 12:15,164,82,82,0,0,0
2024-08-27 12:30,130,61,69,0,0,0
2024-08-27 12:45,115,59,56,0,0,0
2024-08-27 13:00,167,62,105,0,0,0
2024-08-27 13:15,147,43,104,0,0,0
2024-08-27 13:30,138,61,77,0,0,0
2024-08-27 13:45,157,77,80,0,0,0
2024-08-27 14:00,163,71,92,0,0,0
2024-08-27 14:15,169,85,84,0,0,0
2024-08-27 14:30,167,83,84,0,0,0
2024-08-27 14:45,214,104,110,0,0,0
2024-08-27 15:00,179,75,104,0,0,0
2024-08-27 15:15,193,80,113,0,0,0
2024-08-27 15:30,186,92,94,0,0,0
2024-08-27 15:45,234,112,122,0,0,0
2024-08-27 16:00,223,92,131,0,0,0
2024-08-27 16:15,222,83,139,0,0,0
2024-08-27 16:30,218,93,125,0,0,0
2024-08-27 16:45,243,96,147,0,0,0
2024-08-27 17:00,231,86,145,0,0,0
2024-08-27 17:15,239,92,147,0,0,0
2024-08-27 17:30,229,78,151,0,0,0
2024-08-27 17:45,266,90,176,0,0,0
2024-08-27 18:00,247,97,150,0,0,0
2024-08-27 18:15,214,82,132,0,0,0
2024-08-27 18:30,221,59,162,0,0,0
2024-08-27 18:45,281,91,190,0,0,0
2024-08-27 19:00,257,56,201,0,0,0
2024-08-27 19:15,255,39,216,0,0,0
2024-08-27 19:30,228,49,179,0,0,0
2024-08-27 19:45,228,52,176,0,0,0
2024-08-27 20:00,127,41,86,0,0,0
2024-08-27 20:15,100,31,69,0,0,0
2024-08-27 20:30,72,35,37,0,0,0
2024-08-27 20:45,66,30,36,0,0,0
2024-08-27 21:00,79,27,52,0,0,0
2024-08-27 21:15,65,30,35,0,0,0
2024-08-27 21:30,62,26,36,0,0,0
2024-08-27 21:45,64,33,31,0,0,0
2024-08-27 22:00,53,15,38,0,0,0
2024-08-27 22:15,47,20,27,0,0,0
2024-08-27 22:30,78,48,30,0,0,0
2024-08-27 22:45,209,179,30,0,0,0
2024-08-27 23:00,250,224,26,0,0,0
2024-08-27 23:15,110,95,15,0,0,0
2024-08-27 23:30,44,34,10,0,0,0
2024-08-27 23:45,29,22,7,0,0,0
2024-08-28 00:00,35,28,7,0,0,0
2024-08-28 00:15,19,12,7,0,0,0
2024-08-28 00:30,17,9,8,0,0,0
2024-08-28 00:45,13,7,6,0,0,0
2024-08-28 01:00,7,6,1,0,0,0
2024-08-28 01:15,9,7,2,0,0,0
2024-08-28 01:30,8,6,2,0,0,0
2024-08-28 01:45,4,1,3,0,0,0
2024-08-28 02:00,3,2,1,0,0,0
2024-08-28 02:15,2,1,1,0,0,0
2024-08-28 02:30,1,0,1,0,0,0
2024-08-28 02:45,2,1,1,0,0,0
2024-08-28 03:00,0,0,0,0,0,0
2024-08-28 03:15,1,0,1,0,0,0
2024-08-28 03:30,1,1,0,0,0,0
2024-08-28 03:45,1,0,1,0,0,0
2024-08-28 04:00,2,1,1,0,0,0
2024-08-28 04:15,1,1,0,0,0,0
2024-08-28 04:30,3,2,1,0,0,0
2024-08-28 04:45,5,4,1,0,0,0
2024-08-28 05:00,4,3,1,0,0,0
2024-08-28 05:15,8,6,2,0,0,0
2024-08-28 05:30,18,6,12,0,0,0
2024-08-28 05:45,32,23,9,0,0,0
2024-08-28 06:00,27,18,9,0,0,0
2024-08-28 06:15,36,23,13,0,0,0
2024-08-28 06:30,53,39,14,0,0,0
2024-08-28 06:45,69,41,28,0,0,0
2024-08-28 07:00,99,61,38,0,0,0
2024-08-28 07:15,154,95,59,0,0,0
2024-08-28 07:30,196,131,65,0,0,0
2024-08-28 07:45,207,146,61,0,0,0
2024-08-28 08:00,177,99,78,0,0,0
2024-08-28 08:15,171,110,61,0,0,0
2024-08-28 08:30,154,98,56,0,0,0
2024-08-28 08:45,182,118,64,0,0,0
2024-08-28 09:00,126,78,48,0,0,0
2024-08-28 09:15,104,73,31,0,0,0
2024-08-28 09:30,115,85,30,0,0,0
2024-08-28 09:45,135,92,43,0,0,0
2024-08-28 10:00,137,93,44,0,0,0
2024-08-28 10:15,116,77,39,0,0,0
2024-08-28 10:30,123,75,48,0,0,0
2024-08-28 10:45,167,109,58,0,0,0
2024-08-28 11:00,164,87,77,0,0,0
2024-08-28 11:15,150,79,71,0,0,0
2024-08-28 11:30,147,71,76,0,0,0
2024-08-28 11:45,177,109,68,0,0,0
2024-08-28 12:00,141,68,73,0,0,0
2024-08-28 12:15,163,70,93,0,0,0
2024-08-28 12:30,207,84,123,0,0,0
2024-08-28 12:45,184,80,104,0,0,0
2024-08-28 13:00,193,92,101,0,0,0
2024-08-28 13:15,144,52,92,0,0,0
2024-08-28 13:30,171,72,99,0,0,0
2024-08-28 13:45,179,66,113,0,0,0
2024-08-28 14:00,167,52,115,0,0,0
2024-08-28 14:15,159,60,99,0,0,0
2024-08-28 14:30,157,46,111,0,0,0
2024-08-28 14:45,189,98,91,0,0,0
2024-08-28 15:00,170,71,99,0,0,0
2024-08-28 15:15,174,73,101,0,0,0
2024-08-28 15:30,191,75,116,0,0,0
2024-08-28 15:45,196,62,134,0,0,0
2024-08-28 16:00,212,85,127,0,0,0
2024-08-28 16:15,216,95,121,0,0,0
2024-08-28 16:30,193,82,111,0,0,0
2024-08-28 16:45,185,75,110,0,0,0
2024-08-28 17:00,210,95,115,0,0,0
2024-08-28 17:15,195,91,104,0,0,0
2024-08-28 17:30,192,87,105,0,0,0
2024-08-28 17:45,217,91,126,0,0,0
2024-08-28 18:00,196,75,121,0,0,0
2024-08-28 18:15,177,70,107,0,0,0
2024-08-28 18:30,167,64,103,0,0,0
2024-08-28 18:45,177,85,92,0,0,0
2024-08-28 19:00,139,70,69,0,0,0
2024-08-28 19:15,149,63,86,0,0,0
2024-08-28 19:30,114,48,66,0,0,0
2024-08-28 19:45,112,41,71,0,0,0
2024-08-28 20:00,100,26,74,0,0,0
2024-08-28 20:15,112,42,70,0,0,0
2024-08-28 20:30,82,34,48,0,0,0
2024-08-28 20:45,91,32,59,0,0,0
2024-08-28 21:00,67,31,36,0,0,0
2024-08-28 21:15,86,33,53,0,0,0
2024-08-28 21:30,78,35,43,0,0,0
2024-08-28 21:45,72,10,62,0,0,0
2024-08-28 22:00,80,22,58,0,0,0
2024-08-28 22:15,50,14,36,0,0,0
2024-08-28 22:30,57,20,37,0,0,0
2024-08-28 22:45,37,13,24,0,0,0
2024-08-28 23:00,35,8,27,0,0,0
2024-08-28 23:15,31,13,18,0,0,0
2024-08-28 23:30,23,9,14,0,0,0
2024-08-28 23:45,14,6,8,0,0,0
2024-08-29 00:00,12,3,9,0,0,0
2024-08-29 00:15,9,2,7,0,0,0
2024-08-29 00:30,8,1,7,0,0,0
2024-08-29 00:45,10,0,10,0,0,0
2024-08-29 01:00,7,5,2,0,0,0
2024-08-29 01:15,6,1,5,0,0,0
2024-08-29 01:30,1,1,0,0,0,0
2024-08-29 01:45,3,2,1,0,0,0
2024-08-29 02:00,6,3,3,0,0,0
2024-08-29 02:15,3,1,2,0,0,0
2024-08-29 02:30,2,0,2,0,0,0
2024-08-29 02:45,0,0,0,0,0,0
2024-08-29 03:00,0,0,0,0,0,0
2024-08-29 03:15,7,0,7,0,0,0
2024-08-29 03:30,0,0,0,0,0,0
2024-08-29 03:45,0,0,0,0,0,0
2024-08-29 04:00,2,0,2,0,0,0
2024-08-29 04:15,4,3,1,0,0,0
2024-08-29 04:30,1,0,1,0,0,0
2024-08-29 04:45,6,5,1,0,0,0
2024-08-29 05:00,2,1,1,0,0,0
2024-08-29 05:15,15,10,5,0,0,0
2024-08-29 05:30,18,10,8,0,0,0
2024-08-29 05:45,25,17,8,0,0,0
2024-08-29 06:00,17,10,7,0,0,0
2024-08-29 06:15,39,29,10,0,0,0
2024-08-29 06:30,41,25,16,0,0,0
2024-08-29 06:45,78,49,29,0,0,0
2024-08-29 07:00,91,58,33,0,0,0
2024-08-29 07:15,126,76,50,0,0,0
2024-08-29 07:30,195,126,69,0,0,0
2024-08-29 07:45,197,130,67,0,0,0
2024-08-29 08:00,158,106,52,0,0,0
2024-08-29 08:15,152,106,46,0,0,0
2024-08-29 08:30,140,89,51,0,0,0
2024-08-29 08:45,139,98,41,0,0,0
2024-08-29 09:00,112,73,39,0,0,0
2024-08-29 09:15,124,80,44,0,0,0
2024-08-29 09:30,93,74,19,0,0,0
2024-08-29 09:45,142,97,45,0,0,0
2024-08-29 10:00,107,64,43,0,0,0
2024-08-29 10:15,110,60,50,0,0,0
2024-08-29 10:30,99,63,36,0,0,0
2024-08-29 10:45,124,75,49,0,0,0
2024-08-29 11:00,130,72,58,0,0,0
2024-08-29 11:15,119,69,50,0,0,0
2024-08-29 11:30,120,64,56,0,0,0
2024-08-29 11:45,161,78,83,0,0,0
2024-08-29 12:00,157,68,89,0,0,0
2024-08-29 12:15,132,49,83,0,0,0
2024-08-29 12:30,142,56,86,0,0,0
2024-08-29 12:45,138,61,77,0,0,0
2024-08-29 13:00,169,84,85,0,0,0
2024-08-29 13:15,129,59,70,0,0,0
2024-08-29 13:30,169,76,93,0,0,0
2024-08-29 13:45,154,71,83,0,0,0
2024-08-29 14:00,150,65,85,0,0,0
2024-08-29 14:15,155,68,87,0,0,0
2024-08-29 14:30,171,76,95,0,0,0
2024-08-29 14:45,192,99,93,0,0,0
2024-08-29 15:00,175,68,107,0,0,0
2024-08-29 15:15,179,77,102,0,0,0
2024-08-29 15:30,178,58,120,0,0,0
2024-08-29 15:45,203,96,107,0,0,0
2024-08-29 16:00,202,88,114,0,0,0
2024-08-29 16:15,195,92,103,0,0,0
2024-08-29 16:30,240,111,129,0,0,0
2024-08-29 16:45,223,94,129,0,0,0
2024-08-29 17:00,232,95,137,0,0,0
2024-08-29 17:15,206,70,136,0,0,0
2024-08-29 17:30,203,76,127,0,0,0
2024-08-29 17:45,212,110,102,0,0,0
2024-08-29 18:00,189,78,111,0,0,0
2024-08-29 18:15,192,81,111,0,0,0
2024-08-29 18:30,193,80,113,0,0,0
2024-08-29 18:45,167,76,91,0,0,0
2024-08-29 19:00,135,44,91,0,0,0
2024-08-29 19:15,116,33,83,0,0,0
2024-08-29 19:30,122,48,74,0,0,0
2024-08-29 19:45,113,41,72,0,0,0
2024-08-29 20:00,103,34,69,0,0,0
2024-08-29 20:15,88,32,56,0,0,0
2024-08-29 20:30,96,27,69,0,0,0
2024-08-29 20:45,76,26,50,0,0,0
2024-08-29 21:00,112,32,80,0,0,0
2024-08-29 21:15,69,26,43,0,0,0
2024-08-29 21:30,82,24,58,0,0,0
2024-08-29 21:45,62,20,42,0,0,0
2024-08-29 22:00,73,17,56,0,0,0
2024-08-29 22:15,63,26,37,0,0,0
2024-08-29 22:30,61,19,42,0,0,0
2024-08-29 22:45,47,10,37,0,0,0
2024-08-29 23:00,32,5,27,0,0,0
2024-08-29 23:15,22,7,15,0,0,0
2024-08-29 23:30,11,4,7,0,0,0
2024-08-29 23:45,17,4,13,0,0,0
2024-08-30 00:00,12,3,9,0,0,0
2024-08-30 00:15,16,5,11,0,0,0
2024-08-30 00:30,8,3,5,0,0,0
2024-08-30 00:45,9,4,5,0,0,0
2024-08-30 01:00,6,0,6,0,0,0
2024-08-30 01:15,7,2,5,0,0,0
2024-08-30 01:30,7,3,4,0,0,0
2024-08-30 01:45,5,2,3,0,0,0
2024-08-30 02:00,4,1,3,0,0,0
2024-08-30 02:15,2,2,0,0,0,0
2024-08-30 02:30,1,1,0,0,0,0
2024-08-30 02:45,1,1,0,0,0,0
2024-08-30 03:00,0,0,0,0,0,0
2024-08-30 03:15,0,0,0,0,0,0
2024-08-30 03:30,1,1,0,0,0,0
2024-08-30 03:45,2,1,1,0,0,0
2024-08-30 04:00,2,0,2,0,0,0
2024-08-30 04:15,0,0,0,0,0,0
2024-08-30 04:30,2,0,2,0,0,0
2024-08-30 04:45,4,3,1,0,0,0
2024-08-30 05:00,1,0,1,0,0,0
2024-08-30 05:15,9,4,5,0,0,0
2024-08-30 05:30,13,9,4,0,0,0
2024-08-30 05:45,11,11,0,0,0,0
2024-08-30 06:00,14,11,3,0,0,0
2024-08-30 06:15,24,19,5,0,0,0
2024-08-30 06:30,38,28,10,0,0,0
2024-08-30 06:45,45,24,21,0,0,0
2024-08-30 07:00,69,39,30,0,0,0
2024-08-30 07:15,101,59,42,0,0,0
2024-08-30 07:30,146,92,54,0,0,0
2024-08-30 07:45,172,108,64,0,0,0
2024-08-30 08:00,122,78,44,0,0,0
2024-08-30 08:15,115,74,41,0,0,0
2024-08-30 08:30,120,75,45,0,0,0
2024-08-30 08:45,148,102,46,0,0,0
2024-08-30 09:00,97,68,29,0,0,0
2024-08-30 09:15,105,73,32,0,0,0
2024-08-30 09:30,109,62,47,0,0,0
2024-08-30 09:45,127,82,45,0,0,0
2024-08-30 10:00,102,67,35,0,0,0
2024-08-30 10:15,93,68,25,0,0,0
2024-08-30 10:30,110,61,49,0,0,0
2024-08-30 10:45,123,56,67,0,0,0
2024-08-30 11:00,113,60,53,0,0,0
2024-08-30 11:15,133,59,74,0,0,0
2024-08-30 11:30,132,65,67,0,0,0
2024-08-30 11:45,137,73,64,0,0,0
2024-08-30 12:00,144,64,80,0,0,0
2024-08-30 12:15,154,67,87,0,0,0
2024-08-30 12:30,167,88,79,0,0,0
2024-08-30 12:45,171,87,84,0,0,0
2024-08-30 13:00,153,78,75,0,0,0
2024-08-30 13:15,177,76,101,0,0,0
2024-08-30 13:30,170,79,91,0,0,0
2024-08-30 13:45,161,72,89,0,0,0
2024-08-30 14:00,168,83,85,0,0,0
2024-08-30 14:15,185,97,88,0,0,0
2024-08-30 14:30,166,87,79,0,0,0
2024-08-30 14:45,215,121,94,0,0,0
2024-08-30 15:00,193,82,111,0,0,0
2024-08-30 15:15,157,67,90,0,0,0
2024-08-30 15:30,158,65,93,0,0,0
2024-08-30 15:45,157,64,93,0,0,0
2024-08-30 16:00,173,76,97,0,0,0
2024-08-30 16:15,170,91,79,0,0,0
2024-08-30 16:30,169,81,88,0,0,0
2024-08-30 16:45,175,79,96,0,0,0
2024-08-30 17:00,159,70,89,0,0,0
2024-08-30 17:15,174,90,84,0,0,0
2024-08-30 17:30,162,56,106,0,0,0
2024-08-30 17:45,184,88,96,0,0,0
2024-08-30 18:00,177,72,105,0,0,0
2024-08-30 18:15,153,75,78,0,0,0
2024-08-30 18:30,126,67,59,0,0,0
2024-08-30 18:45,141,65,76,0,0,0
2024-08-30 19:00,153,68,85,0,0,0
2024-08-30 19:15,131,55,76,0,0,0
2024-08-30 19:30,129,54,75,0,0,0
2024-08-30 19:45,126,44,82,0,0,0
2024-08-30 20:00,99,52,47,0,0,0
2024-08-30 20:15,99,35,64,0,0,0
2024-08-30 20:30,73,29,44,0,0,0
2024-08-30 20:45,63,23,40,0,0,0
2024-08-30 21:00,73,24,49,0,0,0
2024-08-30 21:15,70,29,41,0,0,0
2024-08-30 21:30,66,21,45,0,0,0
2024-08-30 21:45,68,27,41,0,0,0
2024-08-30 22:00,94,21,73,0,0,0
2024-08-30 22:15,56,11,45,0,0,0
2024-08-30 22:30,60,13,47,0,0,0
2024-08-30 22:45,50,16,34,0,0,0
2024-08-30 23:00,61,13,48,0,0,0
2024-08-30 23:15,52,19,33,0,0,0
2024-08-30 23:30,48,12,36,0,0,0
2024-08-30 23:45,40,14,26,0,0,0
