Datetime,100034980 (Hammer Straße),101034980 (Hammer Straße stadteinwärts),102034980 (Hammer Straße stadtauswärts),100034980-status,101034980-status,102034980-status
2024-02-01 00:00,12,6,6,0,0,0
2024-02-01 00:15,18,12,6,0,0,0
2024-02-01 00:30,7,1,6,0,0,0
2024-02-01 00:45,5,1,4,0,0,0
2024-02-01 01:00,2,0,2,0,0,0
2024-02-01 01:15,6,1,5,0,0,0
2024-02-01 01:30,3,1,2,0,0,0
2024-02-01 01:45,3,0,3,0,0,0
2024-02-01 02:00,6,0,6,0,0,0
2024-02-01 02:15,4,1,3,0,0,0
2024-02-01 02:30,3,0,3,0,0,0
2024-02-01 02:45,6,2,4,0,0,0
2024-02-01 03:00,2,0,2,0,0,0
2024-02-01 03:15,2,0,2,0,0,0
2024-02-01 03:30,1,0,1,0,0,0
2024-02-01 03:45,2,2,0,0,0,0
2024-02-01 04:00,3,1,2,0,0,0
2024-02-01 04:15,1,0,1,0,0,0
2024-02-01 04:30,1,1,0,0,0,0
2024-02-01 04:45,2,2,0,0,0,0
2024-02-01 05:00,8,5,3,0,0,0
2024-02-01 05:15,6,4,2,0,0,0
2024-02-01 05:30,10,9,1,0,0,0
2024-02-01 05:45,17,7,10,0,0,0
2024-02-01 06:00,22,15,7,0,0,0
2024-02-01 06:15,24,18,6,0,0,0
2024-02-01 06:30,55,39,16,0,0,0
2024-02-01 06:45,60,33,27,0,0,0
2024-02-01 07:00,76,50,26,0,0,0
2024-02-01 07:15,111,63,48,0,0,0
2024-02-01 07:30,157,105,52,0,0,0
2024-02-01 07:45,191,141,50,0,0,0
2024-02-01 08:00,137,81,56,0,0,0
2024-02-01 08:15,126,84,42,0,0,0
2024-02-01 08:30,129,95,34,0,0,0
2024-02-01 08:45,108,70,38,0,0,0
2024-02-01 09:00,88,64,24,0,0,0
2024-02-01 09:15,83,51,32,0,0,0
2024-02-01 09:30,88,61,27,0,0,0
2024-02-01 09:45,112,76,36,0,0,0
2024-02-01 10:00,102,66,36,0,0,0
2024-02-01 10:15,93,50,43,0,0,0
2024-02-01 10:30,88,54,34,0,0,0
2024-02-01 10:45,98,62,36,0,0,0
2024-02-01 11:00,93,42,51,0,0,0
2024-02-01 11:15,82,43,39,0,0,0
2024-02-01 11:30,86,47,39,0,0,0
2024-02-01 11:45,119,64,55,0,0,0
2024-02-01 12:00,110,40,70,0,0,0
2024-02-01 12:15,121,65,56,0,0,0
2024-02-01 12:30,144,70,74,0,0,0
2024-02-01 12:45,132,60,72,0,0,0
2024-02-01 13:00,136,62,74,0,0,0
2024-02-01 13:15,111,54,57,0,0,0
2024-02-01 13:30,129,57,72,0,0,0
2024-02-01 13:45,153,73,80,0,0,0
2024-02-01 14:00,132,46,86,0,0,0
2024-02-01 14:15,133,69,64,0,0,0
2024-02-01 14:30,118,54,64,0,0,0
2024-02-01 14:45,159,72,87,0,0,0
2024-02-01 15:00,146,67,79,0,0,0
2024-02-01 15:15,155,70,85,0,0,0
2024-02-01 15:30,165,78,87,0,0,0
2024-02-01 15:45,188,83,105,0,0,0
2024-02-01 16:00,162,78,84,0,0,0
2024-02-01 16:15,173,67,106,0,0,0
2024-02-01 16:30,173,70,103,0,0,0
2024-02-01 16:45,199,89,110,0,0,0
2024-02-01 17:00,192,64,128,0,0,0
2024-02-01 17:15,157,50,107,0,0,0
2024-02-01 17:30,175,66,109,0,0,0
2024-02-01 17:45,190,72,118,0,0,0
2024-02-01 18:00,170,52,118,0,0,0
2024-02-01 18:15,158,52,106,0,0,0
2024-02-01 18:30,110,31,79,0,0,0
2024-02-01 18:45,136,50,86,0,0,0
2024-02-01 19:00,120,42,78,0,0,0
2024-02-01 19:15,95,33,62,0,0,0
2024-02-01 19:30,73,20,53,0,0,0
2024-02-01 19:45,94,36,58,0,0,0
2024-02-01 20:00,69,17,52,0,0,0
2024-02-01 20:15,50,23,27,0,0,0
2024-02-01 20:30,51,15,36,0,0,0
2024-02-01 20:45,41,14,27,0,0,0
2024-02-01 21:00,46,23,23,0,0,0
2024-02-01 21:15,51,15,36,0,0,0
2024-02-01 21:30,40,16,24,0,0,0
2024-02-01 21:45,43,20,23,0,0,0
2024-02-01 22:00,40,12,28,0,0,0
2024-02-01 22:15,52,19,33,0,0,0
2024-02-01 22:30,44,8,36,0,0,0
2024-02-01 22:45,40,12,28,0,0,0
2024-02-01 23:00,36,7,29,0,0,0
2024-02-01 23:15,22,6,16,0,0,0
2024-02-01 23:30,20,9,11,0,0,0
2024-02-01 23:45,21,7,14,0,0,0
2024-02-02 00:00,13,3,10,0,0,0
2024-02-02 00:15,14,1,13,0,0,0
2024-02-02 00:30,7,1,6,0,0,0
2024-02-02 00:45,4,1,3,0,0,0
2024-02-02 01:00,4,0,4,0,0,0
2024-02-02 01:15,2,1,1,0,0,0
2024-02-02 01:30,10,2,8,0,0,0
2024-02-02 01:45,4,1,3,0,0,0
2024-02-02 02:00,2,2,0,0,0,0
2024-02-02 02:15,1,0,1,0,0,0
2024-02-02 02:30,0,0,0,0,0,0
2024-02-02 02:45,1,1,0,0,0,0
2024-02-02 03:00,0,0,0,0,0,0
2024-02-02 03:15,0,0,0,0,0,0
2024-02-02 03:30,0,0,0,0,0,0
2024-02-02 03:45,2,1,1,0,0,0
2024-02-02 04:00,2,1,1,0,0,0
2024-02-02 04:15,2,2,0,0,0,0
2024-02-02 04:30,2,2,0,0,0,0
2024-02-02 04:45,2,2,0,0,0,0
2024-02-02 05:00,9,6,3,0,0,0
2024-02-02 05:15,8,2,6,0,0,0
2024-02-02 05:30,8,3,5,0,0,0
2024-02-02 05:45,14,11,3,0,0,0
2024-02-02 06:00,16,10,6,0,0,0
2024-02-02 06:15,22,18,4,0,0,0
2024-02-02 06:30,34,20,14,0,0,0
2024-02-02 06:45,49,29,20,0,0,0
2024-02-02 07:00,73,42,31,0,0,0
2024-02-02 07:15,86,47,39,0,0,0
2024-02-02 07:30,142,92,50,0,0,0
2024-02-02 07:45,147,90,57,0,0,0
2024-02-02 08:00,140,98,42,0,0,0
2024-02-02 08:15,107,72,35,0,0,0
2024-02-02 08:30,112,77,35,0,0,0
2024-02-02 08:45,118,82,36,0,0,0
2024-02-02 09:00,79,54,25,0,0,0
2024-02-02 09:15,83,54,29,0,0,0
2024-02-02 09:30,95,61,34,0,0,0
2024-02-02 09:45,101,65,36,0,0,0
2024-02-02 10:00,83,48,35,0,0,0
2024-02-02 10:15,81,51,30,0,0,0
2024-02-02 10:30,109,62,47,0,0,0
2024-02-02 10:45,106,59,47,0,0,0
2024-02-02 11:00,107,37,70,0,0,0
2024-02-02 11:15,101,50,51,0,0,0
2024-02-02 11:30,107,44,63,0,0,0
2024-02-02 11:45,134,69,65,0,0,0
2024-02-02 12:00,114,47,67,0,0,0
2024-02-02 12:15,110,57,53,0,0,0
2024-02-02 12:30,134,56,78,0,0,0
2024-02-02 12:45,126,53,73,0,0,0
2024-02-02 13:00,153,63,90,0,0,0
2024-02-02 13:15,148,67,81,0,0,0
2024-02-02 13:30,119,45,74,0,0,0
2024-02-02 13:45,161,74,87,0,0,0
2024-02-02 14:00,130,50,80,0,0,0
2024-02-02 14:15,123,44,79,0,0,0
2024-02-02 14:30,154,65,89,0,0,0
2024-02-02 14:45,178,65,113,0,0,0
2024-02-02 15:00,121,48,73,0,0,0
2024-02-02 15:15,143,54,89,0,0,0
2024-02-02 15:30,137,66,71,0,0,0
2024-02-02 15:45,150,70,80,0,0,0
2024-02-02 16:00,152,63,89,0,0,0
2024-02-02 16:15,134,59,75,0,0,0
2024-02-02 16:30,131,61,70,0,0,0
2024-02-02 16:45,136,62,74,0,0,0
2024-02-02 17:00,129,49,80,0,0,0
2024-02-02 17:15,110,50,60,0,0,0
2024-02-02 17:30,131,46,85,0,0,0
2024-02-02 17:45,146,48,98,0,0,0
2024-02-02 18:00,136,45,91,0,0,0
2024-02-02 18:15,116,46,70,0,0,0
2024-02-02 18:30,84,30,54,0,0,0
2024-02-02 18:45,126,52,74,0,0,0
2024-02-02 19:00,113,35,78,0,0,0
2024-02-02 19:15,98,43,55,0,0,0
2024-02-02 19:30,68,30,38,0,0,0
2024-02-02 19:45,115,54,61,0,0,0
2024-02-02 20:00,106,29,77,0,0,0
2024-02-02 20:15,72,37,35,0,0,0
2024-02-02 20:30,55,24,31,0,0,0
2024-02-02 20:45,48,18,30,0,0,0
2024-02-02 21:00,39,13,26,0,0,0
2024-02-02 21:15,44,10,34,0,0,0
2024-02-02 21:30,41,7,34,0,0,0
2024-02-02 21:45,36,11,25,0,0,0
2024-02-02 22:00,39,18,21,0,0,0
2024-02-02 22:15,29,9,20,0,0,0
2024-02-02 22:30,69,27,42,0,0,0
2024-02-02 22:45,66,35,31,0,0,0
2024-02-02 23:00,54,17,37,0,0,0
2024-02-02 23:15,45,15,30,0,0,0
2024-02-02 23:30,33,16,17,0,0,0
2024-02-02 23:45,46,12,34,0,0,0
2024-02-03 00:00,36,10,26,0,0,0
2024-02-03 00:15,30,18,12,0,0,0
2024-02-03 00:30,25,11,14,0,0,0
2024-02-03 00:45,26,10,16,0,0,0
2024-02-03 01:00,19,8,11,0,0,0
2024-02-03 01:15,23,10,13,0,0,0
2024-02-03 01:30,20,8,12,0,0,0
2024-02-03 01:45,17,6,11,0,0,0
2024-02-03 02:00,16,5,11,0,0,0
2024-02-03 02:15,12,2,10,0,0,0
2024-02-03 02:30,13,1,12,0,0,0
2024-02-03 02:45,12,4,8,0,0,0
2024-02-03 03:00,17,4,13,0,0,0
2024-02-03 03:15,7,2,5,0,0,0
2024-02-03 03:30,9,1,8,0,0,0
2024-02-03 03:45,6,0,6,0,0,0
2024-02-03 04:00,7,1,6,0,0,0
2024-02-03 04:15,1,1,0,0,0,0
2024-02-03 04:30,2,1,1,0,0,0
2024-02-03 04:45,2,1,1,0,0,0
2024-02-03 05:00,2,0,2,0,0,0
2024-02-03 05:15,8,1,7,0,0,0
2024-02-03 05:30,10,6,4,0,0,0
2024-02-03 05:45,5,3,2,0,0,0
2024-02-03 06:00,9,8,1,0,0,0
2024-02-03 06:15,2,1,1,0,0,0
2024-02-03 06:30,8,4,4,0,0,0
2024-02-03 06:45,9,6,3,0,0,0
2024-02-03 07:00,13,7,6,0,0,0
2024-02-03 07:15,13,8,5,0,0,0
2024-02-03 07:30,20,7,13,0,0,0
2024-02-03 07:45,32,27,5,0,0,0
2024-02-03 08:00,21,19,2,0,0,0
2024-02-03 08:15,31,15,16,0,0,0
2024-02-03 08:30,30,19,11,0,0,0
2024-02-03 08:45,52,41,11,0,0,0
2024-02-03 09:00,42,29,13,0,0,0
2024-02-03 09:15,62,41,21,0,0,0
2024-02-03 09:30,64,44,20,0,0,0
2024-02-03 09:45,87,61,26,0,0,0
2024-02-03 10:00,61,46,15,0,0,0
2024-02-03 10:15,71,48,23,0,0,0
2024-02-03 10:30,73,50,23,0,0,0
2024-02-03 10:45,98,63,35,0,0,0
2024-02-03 11:00,86,62,24,0,0,0
2024-02-03 11:15,86,50,36,0,0,0
2024-02-03 11:30,96,60,36,0,0,0
2024-02-03 11:45,124,63,61,0,0,0
2024-02-03 12:00,96,48,48,0,0,0
2024-02-03 12:15,118,59,59,0,0,0
2024-02-03 12:30,112,54,58,0,0,0
2024-02-03 12:45,111,59,52,0,0,0
2024-02-03 13:00,129,61,68,0,0,0
2024-02-03 13:15,138,69,69,0,0,0
2024-02-03 13:30,119,56,63,0,0,0
2024-02-03 13:45,137,70,67,0,0,0
2024-02-03 14:00,81,34,47,0,0,0
2024-02-03 14:15,123,58,65,0,0,0
2024-02-03 14:30,103,42,61,0,0,0
2024-02-03 14:45,115,37,78,0,0,0
2024-02-03 15:00,92,30,62,0,0,0
2024-02-03 15:15,93,35,58,0,0,0
2024-02-03 15:30,108,45,63,0,0,0
2024-02-03 15:45,96,49,47,0,0,0
2024-02-03 16:00,85,30,55,0,0,0
2024-02-03 16:15,83,26,57,0,0,0
2024-02-03 16:30,79,34,45,0,0,0
2024-02-03 16:45,101,42,59,0,0,0
2024-02-03 17:00,74,34,40,0,0,0
2024-02-03 17:15,78,29,49,0,0,0
2024-02-03 17:30,78,26,52,0,0,0
2024-02-03 17:45,90,32,58,0,0,0
2024-02-03 18:00,71,29,42,0,0,0
2024-02-03 18:15,85,31,54,0,0,0
2024-02-03 18:30,86,34,52,0,0,0
2024-02-03 18:45,108,28,80,0,0,0
2024-02-03 19:00,107,33,74,0,0,0
2024-02-03 19:15,53,11,42,0,0,0
2024-02-03 19:30,38,24,14,0,0,0
2024-02-03 19:45,59,31,28,0,0,0
2024-02-03 20:00,51,23,28,0,0,0
2024-02-03 20:15,48,19,29,0,0,0
2024-02-03 20:30,36,15,21,0,0,0
2024-02-03 20:45,29,16,13,0,0,0
2024-02-03 21:00,43,20,23,0,0,0
2024-02-03 21:15,24,5,19,0,0,0
2024-02-03 21:30,78,60,18,0,0,0
2024-02-03 21:45,69,58,11,0,0,0
2024-02-03 22:00,41,34,7,0,0,0
2024-02-03 22:15,45,19,26,0,0,0
2024-02-03 22:30,38,16,22,0,0,0
2024-02-03 22:45,33,11,22,0,0,0
2024-02-03 23:00,35,17,18,0,0,0
2024-02-03 23:15,28,9,19,0,0,0
2024-02-03 23:30,21,10,11,0,0,0
2024-02-03 23:45,30,12,18,0,0,0
2024-02-04 00:00,24,9,15,0,0,0
2024-02-04 00:15,35,17,18,0,0,0
2024-02-04 00:30,16,5,11,0,0,0
2024-02-04 00:45,30,15,15,0,0,0
2024-02-04 01:00,14,6,8,0,0,0
2024-02-04 01:15,27,7,20,0,0,0
2024-02-04 01:30,15,4,11,0,0,0
2024-02-04 01:45,14,7,7,0,0,0
2024-02-04 02:00,10,8,2,0,0,0
2024-02-04 02:15,10,2,8,0,0,0
2024-02-04 02:30,11,3,8,0,0,0
2024-02-04 02:45,4,0,4,0,0,0
2024-02-04 03:00,10,4,6,0,0,0
2024-02-04 03:15,8,0,8,0,0,0
2024-02-04 03:30,6,2,4,0,0,0
2024-02-04 03:45,1,0,1,0,0,0
2024-02-04 04:00,4,0,4,0,0,0
2024-02-04 04:15,3,0,3,0,0,0
2024-02-04 04:30,3,0,3,0,0,0
2024-02-04 04:45,3,0,3,0,0,0
2024-02-04 05:00,2,1,1,0,0,0
2024-02-04 05:15,4,0,4,0,0,0
2024-02-04 05:30,3,1,2,0,0,0
2024-02-04 05:45,5,2,3,0,0,0
2024-02-04 06:00,3,3,0,0,0,0
2024-02-04 06:15,0,0,0,0,0,0
2024-02-04 06:30,6,0,6,0,0,0
2024-02-04 06:45,3,2,1,0,0,0
2024-02-04 07:00,3,0,3,0,0,0
2024-02-04 07:15,4,2,2,0,0,0
2024-02-04 07:30,6,1,5,0,0,0
2024-02-04 07:45,14,11,3,0,0,0
2024-02-04 08:00,7,4,3,0,0,0
2024-02-04 08:15,7,4,3,0,0,0
2024-02-04 08:30,10,5,5,0,0,0
2024-02-04 08:45,13,11,2,0,0,0
2024-02-04 09:00,17,9,8,0,0,0
2024-02-04 09:15,18,12,6,0,0,0
2024-02-04 09:30,21,12,9,0,0,0
2024-02-04 09:45,47,34,13,0,0,0
2024-02-04 10:00,33,21,12,0,0,0
2024-02-04 10:15,35,18,17,0,0,0
2024-02-04 10:30,39,21,18,0,0,0
2024-02-04 10:45,32,14,18,0,0,0
2024-02-04 11:00,24,17,7,0,0,0
2024-02-04 11:15,33,17,16,0,0,0
2024-02-04 11:30,35,11,24,0,0,0
2024-02-04 11:45,46,18,28,0,0,0
2024-02-04 12:00,42,26,16,0,0,0
2024-02-04 12:15,42,13,29,0,0,0
2024-02-04 12:30,46,21,25,0,0,0
2024-02-04 12:45,40,27,13,0,0,0
2024-02-04 13:00,46,25,21,0,0,0
2024-02-04 13:15,35,13,22,0,0,0
2024-02-04 13:30,44,19,25,0,0,0
2024-02-04 13:45,45,17,28,0,0,0
2024-02-04 14:00,45,24,21,0,0,0
2024-02-04 14:15,48,30,18,0,0,0
2024-02-04 14:30,42,18,24,0,0,0
2024-02-04 14:45,39,20,19,0,0,0
2024-02-04 15:00,35,11,24,0,0,0
2024-02-04 15:15,18,14,4,0,0,0
2024-02-04 15:30,32,18,14,0,0,0
2024-02-04 15:45,36,13,23,0,0,0
2024-02-04 16:00,39,14,25,0,0,0
2024-02-04 16:15,42,25,17,0,0,0
2024-02-04 16:30,41,20,21,0,0,0
2024-02-04 16:45,35,17,18,0,0,0
2024-02-04 17:00,36,13,23,0,0,0
2024-02-04 17:15,35,13,22,0,0,0
2024-02-04 17:30,22,6,16,0,0,0
2024-02-04 17:45,36,10,26,0,0,0
2024-02-04 18:00,35,9,26,0,0,0
2024-02-04 18:15,28,10,18,0,0,0
2024-02-04 18:30,24,8,16,0,0,0
2024-02-04 18:45,36,18,18,0,0,0
2024-02-04 19:00,29,12,17,0,0,0
2024-02-04 19:15,32,8,24,0,0,0
2024-02-04 19:30,35,10,25,0,0,0
2024-02-04 19:45,25,6,19,0,0,0
2024-02-04 20:00,24,13,11,0,0,0
2024-02-04 20:15,23,10,13,0,0,0
2024-02-04 20:30,26,12,14,0,0,0
2024-02-04 20:45,22,8,14,0,0,0
2024-02-04 21:00,21,4,17,0,0,0
2024-02-04 21:15,9,3,6,0,0,0
2024-02-04 21:30,17,9,8,0,0,0
2024-02-04 21:45,22,9,13,0,0,0
2024-02-04 22:00,16,9,7,0,0,0
2024-02-04 22:15,15,2,13,0,0,0
2024-02-04 22:30,11,4,7,0,0,0
2024-02-04 22:45,18,10,8,0,0,0
2024-02-04 23:00,8,3,5,0,0,0
2024-02-04 23:15,8,6,2,0,0,0
2024-02-04 23:30,2,1,1,0,0,0
2024-02-04 23:45,4,2,2,0,0,0
2024-02-05 00:00,2,1,1,0,0,0
2024-02-05 00:15,4,2,2,0,0,0
2024-02-05 00:30,3,0,3,0,0,0
2024-02-05 00:45,2,2,0,0,0,0
2024-02-05 01:00,1,0,1,0,0,0
2024-02-05 01:15,0,0,0,0,0,0
2024-02-05 01:30,2,0,2,0,0,0
2024-02-05 01:45,1,1,0,0,0,0
2024-02-05 02:00,0,0,0,0,0,0
2024-02-05 02:15,0,0,0,0,0,0
2024-02-05 02:30,0,0,0,0,0,0
2024-02-05 02:45,0,0,0,0,0,0
2024-02-05 03:00,0,0,0,0,0,0
2024-02-05 03:15,0,0,0,0,0,0
2024-02-05 03:30,0,0,0,0,0,0
2024-02-05 03:45,0,0,0,0,0,0
2024-02-05 04:00,2,2,0,0,0,0
2024-02-05 04:15,1,1,0,0,0,0
2024-02-05 04:30,0,0,0,0,0,0
2024-02-05 04:45,1,1,0,0,0,0
2024-02-05 05:00,3,2,1,0,0,0
2024-02-05 05:15,7,5,2,0,0,0
2024-02-05 05:30,12,7,5,0,0,0
2024-02-05 05:45,18,14,4,0,0,0
2024-02-05 06:00,34,26,8,0,0,0
2024-02-05 06:15,32,26,6,0,0,0
2024-02-05 06:30,40,26,14,0,0,0
2024-02-05 06:45,59,37,22,0,0,0
2024-02-05 07:00,75,39,36,0,0,0
2024-02-05 07:15,90,59,31,0,0,0
2024-02-05 07:30,146,88,58,0,0,0
2024-02-05 07:45,166,125,41,0,0,0
2024-02-05 08:00,142,102,40,0,0,0
2024-02-05 08:15,135,91,44,0,0,0
2024-02-05 08:30,131,89,42,0,0,0
2024-02-05 08:45,133,93,40,0,0,0
2024-02-05 09:00,73,52,21,0,0,0
2024-02-05 09:15,80,54,26,0,0,0
2024-02-05 09:30,92,66,26,0,0,0
2024-02-05 09:45,99,68,31,0,0,0
2024-02-05 10:00,80,41,39,0,0,0
2024-02-05 10:15,85,50,35,0,0,0
2024-02-05 10:30,77,38,39,0,0,0
2024-02-05 10:45,94,58,36,0,0,0
2024-02-05 11:00,83,43,40,0,0,0
2024-02-05 11:15,91,45,46,0,0,0
2024-02-05 11:30,85,41,44,0,0,0
2024-02-05 11:45,106,49,57,0,0,0
2024-02-05 12:00,122,55,67,0,0,0
2024-02-05 12:15,115,46,69,0,0,0
2024-02-05 12:30,119,50,69,0,0,0
2024-02-05 12:45,117,53,64,0,0,0
2024-02-05 13:00,124,54,70,0,0,0
2024-02-05 13:15,119,59,60,0,0,0
2024-02-05 13:30,99,45,54,0,0,0
2024-02-05 13:45,105,48,57,0,0,0
2024-02-05 14:00,124,41,83,0,0,0
2024-02-05 14:15,128,60,68,0,0,0
2024-02-05 14:30,117,56,61,0,0,0
2024-02-05 14:45,189,87,102,0,0,0
2024-02-05 15:00,133,61,72,0,0,0
2024-02-05 15:15,143,69,74,0,0,0
2024-02-05 15:30,168,61,107,0,0,0
2024-02-05 15:45,160,62,98,0,0,0
2024-02-05 16:00,180,68,112,0,0,0
2024-02-05 16:15,168,65,103,0,0,0
2024-02-05 16:30,180,67,113,0,0,0
2024-02-05 16:45,181,77,104,0,0,0
2024-02-05 17:00,171,63,108,0,0,0
2024-02-05 17:15,198,78,120,0,0,0
2024-02-05 17:30,144,50,94,0,0,0
2024-02-05 17:45,167,72,95,0,0,0
2024-02-05 18:00,169,56,113,0,0,0
2024-02-05 18:15,122,38,84,0,0,0
2024-02-05 18:30,150,40,110,0,0,0
2024-02-05 18:45,129,63,66,0,0,0
2024-02-05 19:00,111,41,70,0,0,0
2024-02-05 19:15,81,24,57,0,0,0
2024-02-05 19:30,67,28,39,0,0,0
2024-02-05 19:45,92,27,65,0,0,0
2024-02-05 20:00,77,22,55,0,0,0
2024-02-05 20:15,52,23,29,0,0,0
2024-02-05 20:30,54,12,42,0,0,0
2024-02-05 20:45,52,18,34,0,0,0
2024-02-05 21:00,44,12,32,0,0,0
2024-02-05 21:15,49,7,42,0,0,0
2024-02-05 21:30,65,21,44,0,0,0
2024-02-05 21:45,39,21,18,0,0,0
2024-02-05 22:00,48,12,36,0,0,0
2024-02-05 22:15,28,11,17,0,0,0
2024-02-05 22:30,23,8,15,0,0,0
2024-02-05 22:45,27,12,15,0,0,0
2024-02-05 23:00,23,6,17,0,0,0
2024-02-05 23:15,23,8,15,0,0,0
2024-02-05 23:30,10,4,6,0,0,0
2024-02-05 23:45,7,4,3,0,0,0
2024-02-06 00:00,37,32,5,0,0,0
2024-02-06 00:15,11,5,6,0,0,0
2024-02-06 00:30,2,1,1,0,0,0
2024-02-06 00:45,6,2,4,0,0,0
2024-02-06 01:00,1,0,1,0,0,0
2024-02-06 01:15,5,1,4,0,0,0
2024-02-06 01:30,2,1,1,0,0,0
2024-02-06 01:45,0,0,0,0,0,0
2024-02-06 02:00,0,0,0,0,0,0
2024-02-06 02:15,5,4,1,0,0,0
2024-02-06 02:30,0,0,0,0,0,0
2024-02-06 02:45,3,1,2,0,0,0
2024-02-06 03:00,1,1,0,0,0,0
2024-02-06 03:15,0,0,0,0,0,0
2024-02-06 03:30,1,1,0,0,0,0
2024-02-06 03:45,1,0,1,0,0,0
2024-02-06 04:00,6,3,3,0,0,0
2024-02-06 04:15,0,0,0,0,0,0
2024-02-06 04:30,2,1,1,0,0,0
2024-02-06 04:45,3,1,2,0,0,0
2024-02-06 05:00,2,1,1,0,0,0
2024-02-06 05:15,5,5,0,0,0,0
2024-02-06 05:30,9,7,2,0,0,0
2024-02-06 05:45,13,8,5,0,0,0
2024-02-06 06:00,24,16,8,0,0,0
2024-02-06 06:15,30,24,6,0,0,0
2024-02-06 06:30,42,29,13,0,0,0
2024-02-06 06:45,67,43,24,0,0,0
2024-02-06 07:00,56,32,24,0,0,0
2024-02-06 07:15,108,59,49,0,0,0
2024-02-06 07:30,142,90,52,0,0,0
2024-02-06 07:45,164,113,51,0,0,0
2024-02-06 08:00,131,87,44,0,0,0
2024-02-06 08:15,132,82,50,0,0,0
2024-02-06 08:30,116,83,33,0,0,0
2024-02-06 08:45,106,74,32,0,0,0
2024-02-06 09:00,79,49,30,0,0,0
2024-02-06 09:15,75,49,26,0,0,0
2024-02-06 09:30,107,80,27,0,0,0
2024-02-06 09:45,113,75,38,0,0,0
2024-02-06 10:00,76,49,27,0,0,0
2024-02-06 10:15,71,40,31,0,0,0
2024-02-06 10:30,80,40,40,0,0,0
2024-02-06 10:45,82,46,36,0,0,0
2024-02-06 11:00,86,45,41,0,0,0
2024-02-06 11:15,95,41,54,0,0,0
2024-02-06 11:30,100,60,40,0,0,0
2024-02-06 11:45,68,26,42,0,0,0
2024-02-06 12:00,93,39,54,0,0,0
2024-02-06 12:15,95,34,61,0,0,0
2024-02-06 12:30,103,42,61,0,0,0
2024-02-06 12:45,113,42,71,0,0,0
2024-02-06 13:00,111,42,69,0,0,0
2024-02-06 13:15,92,36,56,0,0,0
2024-02-06 13:30,103,40,63,0,0,0
2024-02-06 13:45,119,49,70,0,0,0
2024-02-06 14:00,118,52,66,0,0,0
2024-02-06 14:15,108,52,56,0,0,0
2024-02-06 14:30,93,42,51,0,0,0
2024-02-06 14:45,128,53,75,0,0,0
2024-02-06 15:00,100,40,60,0,0,0
2024-02-06 15:15,128,51,77,0,0,0
2024-02-06 15:30,123,51,72,0,0,0
2024-02-06 15:45,122,53,69,0,0,0
2024-02-06 16:00,155,68,87,0,0,0
2024-02-06 16:15,148,48,100,0,0,0
2024-02-06 16:30,137,57,80,0,0,0
2024-02-06 16:45,151,49,102,0,0,0
2024-02-06 17:00,146,58,88,0,0,0
2024-02-06 17:15,148,41,107,0,0,0
2024-02-06 17:30,141,43,98,0,0,0
2024-02-06 17:45,152,55,97,0,0,0
2024-02-06 18:00,143,32,111,0,0,0
2024-02-06 18:15,134,37,97,0,0,0
2024-02-06 18:30,111,43,68,0,0,0
2024-02-06 18:45,117,37,80,0,0,0
2024-02-06 19:00,84,28,56,0,0,0
2024-02-06 19:15,80,28,52,0,0,0
2024-02-06 19:30,66,19,47,0,0,0
2024-02-06 19:45,118,40,78,0,0,0
2024-02-06 20:00,71,31,40,0,0,0
2024-02-06 20:15,50,20,30,0,0,0
2024-02-06 20:30,41,13,28,0,0,0
2024-02-06 20:45,28,10,18,0,0,0
2024-02-06 21:00,33,8,25,0,0,0
2024-02-06 21:15,39,15,24,0,0,0
2024-02-06 21:30,32,7,25,0,0,0
2024-02-06 21:45,48,16,32,0,0,0
2024-02-06 22:00,34,13,21,0,0,0
2024-02-06 22:15,38,13,25,0,0,0
2024-02-06 22:30,38,7,31,0,0,0
2024-02-06 22:45,25,5,20,0,0,0
2024-02-06 23:00,33,8,25,0,0,0
2024-02-06 23:15,13,3,10,0,0,0
2024-02-06 23:30,10,8,2,0,0,0
2024-02-06 23:45,8,6,2,0,0,0
2024-02-07 00:00,7,2,5,0,0,0
2024-02-07 00:15,14,4,10,0,0,0
2024-02-07 00:30,2,1,1,0,0,0
2024-02-07 00:45,5,3,2,0,0,0
2024-02-07 01:00,3,0,3,0,0,0
2024-02-07 01:15,2,1,1,0,0,0
2024-02-07 01:30,4,1,3,0,0,0
2024-02-07 01:45,3,1,2,0,0,0
2024-02-07 02:00,5,3,2,0,0,0
2024-02-07 02:15,1,0,1,0,0,0
2024-02-07 02:30,1,0,1,0,0,0
2024-02-07 02:45,3,0,3,0,0,0
2024-02-07 03:00,0,0,0,0,0,0
2024-02-07 03:15,1,1,0,0,0,0
2024-02-07 03:30,2,1,1,0,0,0
2024-02-07 03:45,1,0,1,0,0,0
2024-02-07 04:00,2,2,0,0,0,0
2024-02-07 04:15,1,1,0,0,0,0
2024-02-07 04:30,1,1,0,0,0,0
2024-02-07 04:45,1,1,0,0,0,0
2024-02-07 05:00,4,2,2,0,0,0
2024-02-07 05:15,8,5,3,0,0,0
2024-02-07 05:30,13,11,2,0,0,0
2024-02-07 05:45,14,11,3,0,0,0
2024-02-07 06:00,18,12,6,0,0,0
2024-02-07 06:15,22,17,5,0,0,0
2024-02-07 06:30,30,18,12,0,0,0
2024-02-07 06:45,47,29,18,0,0,0
2024-02-07 07:00,68,39,29,0,0,0
2024-02-07 07:15,92,56,36,0,0,0
2024-02-07 07:30,142,107,35,0,0,0
2024-02-07 07:45,168,115,53,0,0,0
2024-02-07 08:00,142,97,45,0,0,0
2024-02-07 08:15,135,89,46,0,0,0
2024-02-07 08:30,100,72,28,0,0,0
2024-02-07 08:45,114,89,25,0,0,0
2024-02-07 09:00,98,68,30,0,0,0
2024-02-07 09:15,74,43,31,0,0,0
2024-02-07 09:30,90,69,21,0,0,0
2024-02-07 09:45,107,73,34,0,0,0
2024-02-07 10:00,95,63,32,0,0,0
2024-02-07 10:15,74,45,29,0,0,0
2024-02-07 10:30,102,64,38,0,0,0
2024-02-07 10:45,118,58,60,0,0,0
2024-02-07 11:00,80,47,33,0,0,0
2024-02-07 11:15,90,55,35,0,0,0
2024-02-07 11:30,100,47,53,0,0,0
2024-02-07 11:45,110,50,60,0,0,0
2024-02-07 12:00,126,63,63,0,0,0
2024-02-07 12:15,151,74,77,0,0,0
2024-02-07 12:30,135,64,71,0,0,0
2024-02-07 12:45,138,61,77,0,0,0
2024-02-07 13:00,137,46,91,0,0,0
2024-02-07 13:15,133,49,84,0,0,0
2024-02-07 13:30,112,51,61,0,0,0
2024-02-07 13:45,137,61,76,0,0,0
2024-02-07 14:00,112,48,64,0,0,0
2024-02-07 14:15,150,67,83,0,0,0
2024-02-07 14:30,122,49,73,0,0,0
2024-02-07 14:45,157,80,77,0,0,0
2024-02-07 15:00,137,40,97,0,0,0
2024-02-07 15:15,138,51,87,0,0,0
2024-02-07 15:30,109,46,63,0,0,0
2024-02-07 15:45,175,75,100,0,0,0
2024-02-07 16:00,159,68,91,0,0,0
2024-02-07 16:15,148,46,102,0,0,0
2024-02-07 16:30,146,62,84,0,0,0
2024-02-07 16:45,149,63,86,0,0,0
2024-02-07 17:00,187,70,117,0,0,0
2024-02-07 17:15,165,74,91,0,0,0
2024-02-07 17:30,168,59,109,0,0,0
2024-02-07 17:45,176,61,115,0,0,0
2024-02-07 18:00,148,47,101,0,0,0
2024-02-07 18:15,147,53,94,0,0,0
2024-02-07 18:30,125,47,78,0,0,0
2024-02-07 18:45,129,42,87,0,0,0
2024-02-07 19:00,120,46,74,0,0,0
2024-02-07 19:15,142,38,104,0,0,0
2024-02-07 19:30,83,23,60,0,0,0
2024-02-07 19:45,63,28,35,0,0,0
2024-02-07 20:00,83,30,53,0,0,0
2024-02-07 20:15,76,23,53,0,0,0
2024-02-07 20:30,45,14,31,0,0,0
2024-02-07 20:45,55,20,35,0,0,0
2024-02-07 21:00,50,12,38,0,0,0
2024-02-07 21:15,43,13,30,0,0,0
2024-02-07 21:30,42,15,27,0,0,0
2024-02-07 21:45,52,14,38,0,0,0
2024-02-07 22:00,63,35,28,0,0,0
2024-02-07 22:15,102,67,35,0,0,0
2024-02-07 22:30,44,22,22,0,0,0
2024-02-07 22:45,39,16,23,0,0,0
2024-02-07 23:00,36,17,19,0,0,0
2024-02-07 23:15,22,9,13,0,0,0
2024-02-07 23:30,28,7,21,0,0,0
2024-02-07 23:45,16,4,12,0,0,0
2024-02-08 00:00,10,4,6,0,0,0
2024-02-08 00:15,13,7,6,0,0,0
2024-02-08 00:30,16,8,8,0,0,0
2024-02-08 00:45,7,1,6,0,0,0
2024-02-08 01:00,6,4,2,0,0,0
2024-02-08 01:15,5,4,1,0,0,0
2024-02-08 01:30,3,0,3,0,0,0
2024-02-08 01:45,1,0,1,0,0,0
2024-02-08 02:00,0,0,0,0,0,0
2024-02-08 02:15,2,0,2,0,0,0
2024-02-08 02:30,1,1,0,0,0,0
2024-02-08 02:45,0,0,0,0,0,0
2024-02-08 03:00,4,1,3,0,0,0
2024-02-08 03:15,3,2,1,0,0,0
2024-02-08 03:30,2,0,2,0,0,0
2024-02-08 03:45,2,2,0,0,0,0
2024-02-08 04:00,1,1,0,0,0,0
2024-02-08 04:15,1,1,0,0,0,0
2024-02-08 04:30,1,1,0,0,0,0
2024-02-08 04:45,0,0,0,0,0,0
2024-02-08 05:00,5,3,2,0,0,0
2024-02-08 05:15,8,4,4,0,0,0
2024-02-08 05:30,17,9,8,0,0,0
2024-02-08 05:45,18,10,8,0,0,0
2024-02-08 06:00,17,13,4,0,0,0
2024-02-08 06:15,24,15,9,0,0,0
2024-02-08 06:30,37,22,15,0,0,0
2024-02-08 06:45,60,29,31,0,0,0
2024-02-08 07:00,57,32,25,0,0,0
2024-02-08 07:15,101,55,46,0,0,0
2024-02-08 07:30,129,90,39,0,0,0
2024-02-08 07:45,168,110,58,0,0,0
2024-02-08 08:00,116,78,38,0,0,0
2024-02-08 08:15,135,87,48,0,0,0
2024-02-08 08:30,113,71,42,0,0,0
2024-02-08 08:45,113,75,38,0,0,0
2024-02-08 09:00,96,66,30,0,0,0
2024-02-08 09:15,83,47,36,0,0,0
2024-02-08 09:30,65,45,20,0,0,0
2024-02-08 09:45,101,77,24,0,0,0
2024-02-08 10:00,73,49,24,0,0,0
2024-02-08 10:15,70,45,25,0,0,0
2024-02-08 10:30,85,42,43,0,0,0
2024-02-08 10:45,94,50,44,0,0,0
2024-02-08 11:00,87,46,41,0,0,0
2024-02-08 11:15,106,52,54,0,0,0
2024-02-08 11:30,75,39,36,0,0,0
2024-02-08 11:45,124,52,72,0,0,0
2024-02-08 12:00,87,35,52,0,0,0
2024-02-08 12:15,96,46,50,0,0,0
2024-02-08 12:30,118,48,70,0,0,0
2024-02-08 12:45,105,42,63,0,0,0
2024-02-08 13:00,101,40,61,0,0,0
2024-02-08 13:15,84,32,52,0,0,0
2024-02-08 13:30,100,42,58,0,0,0
2024-02-08 13:45,103,45,58,0,0,0
2024-02-08 14:00,91,36,55,0,0,0
2024-02-08 14:15,74,21,53,0,0,0
2024-02-08 14:30,81,38,43,0,0,0
2024-02-08 14:45,113,52,61,0,0,0
2024-02-08 15:00,107,49,58,0,0,0
2024-02-08 15:15,92,41,51,0,0,0
2024-02-08 15:30,106,42,64,0,0,0
2024-02-08 15:45,116,49,67,0,0,0
2024-02-08 16:00,110,48,62,0,0,0
2024-02-08 16:15,112,49,63,0,0,0
2024-02-08 16:30,109,41,68,0,0,0
2024-02-08 16:45,119,53,66,0,0,0
2024-02-08 17:00,118,38,80,0,0,0
2024-02-08 17:15,126,40,86,0,0,0
2024-02-08 17:30,97,32,65,0,0,0
2024-02-08 17:45,102,36,66,0,0,0
2024-02-08 18:00,98,25,73,0,0,0
2024-02-08 18:15,100,36,64,0,0,0
2024-02-08 18:30,103,35,68,0,0,0
2024-02-08 18:45,80,31,49,0,0,0
2024-02-08 19:00,78,31,47,0,0,0
2024-02-08 19:15,63,24,39,0,0,0
2024-02-08 19:30,52,14,38,0,0,0
2024-02-08 19:45,62,24,38,0,0,0
2024-02-08 20:00,66,15,51,0,0,0
2024-02-08 20:15,52,10,42,0,0,0
2024-02-08 20:30,35,9,26,0,0,0
2024-02-08 20:45,40,17,23,0,0,0
2024-02-08 21:00,25,11,14,0,0,0
2024-02-08 21:15,35,13,22,0,0,0
2024-02-08 21:30,24,6,18,0,0,0
2024-02-08 21:45,44,14,30,0,0,0
2024-02-08 22:00,29,17,12,0,0,0
2024-02-08 22:15,31,8,23,0,0,0
2024-02-08 22:30,36,7,29,0,0,0
2024-02-08 22:45,30,11,19,0,0,0
2024-02-08 23:00,21,3,18,0,0,0
2024-02-08 23:15,19,6,13,0,0,0
2024-02-08 23:30,13,3,10,0,0,0
2024-02-08 23:45,10,3,7,0,0,0
2024-02-09 00:00,18,5,13,0,0,0
2024-02-09 00:15,18,5,13,0,0,0
2024-02-09 00:30,9,2,7,0,0,0
2024-02-09 00:45,6,1,5,0,0,0
2024-02-09 01:00,6,1,5,0,0,0
2024-02-09 01:15,5,1,4,0,0,0
2024-02-09 01:30,4,0,4,0,0,0
2024-02-09 01:45,5,0,5,0,0,0
2024-02-09 02:00,1,0,1,0,0,0
2024-02-09 02:15,3,1,2,0,0,0
2024-02-09 02:30,1,0,1,0,0,0
2024-02-09 02:45,3,3,0,0,0,0
2024-02-09 03:00,2,0,2,0,0,0
2024-02-09 03:15,1,0,1,0,0,0
2024-02-09 03:30,1,1,0,0,0,0
2024-02-09 03:45,1,0,1,0,0,0
2024-02-09 04:00,1,1,0,0,0,0
2024-02-09 04:15,1,0,1,0,0,0
2024-02-09 04:30,1,1,0,0,0,0
2024-02-09 04:45,1,1,0,0,0,0
2024-02-09 05:00,3,1,2,0,0,0
2024-02-09 05:15,7,3,4,0,0,0
2024-02-09 05:30,12,8,4,0,0,0
2024-02-09 05:45,7,6,1,0,0,0
2024-02-09 06:00,16,11,5,0,0,0
2024-02-09 06:15,19,15,4,0,0,0
2024-02-09 06:30,20,12,8,0,0,0
2024-02-09 06:45,42,23,19,0,0,0
2024-02-09 07:00,43,26,17,0,0,0
2024-02-09 07:15,63,37,26,0,0,0
2024-02-09 07:30,86,54,32,0,0,0
2024-02-09 07:45,99,67,32,0,0,0
2024-02-09 08:00,87,53,34,0,0,0
2024-02-09 08:15,91,49,42,0,0,0
2024-02-09 08:30,94,64,30,0,0,0
2024-02-09 08:45,111,80,31,0,0,0
2024-02-09 09:00,57,38,19,0,0,0
2024-02-09 09:15,79,53,26,0,0,0
2024-02-09 09:30,76,55,21,0,0,0
2024-02-09 09:45,85,54,31,0,0,0
2024-02-09 10:00,76,50,26,0,0,0
2024-02-09 10:15,64,37,27,0,0,0
2024-02-09 10:30,65,35,30,0,0,0
2024-02-09 10:45,83,44,39,0,0,0
2024-02-09 11:00,89,42,47,0,0,0
2024-02-09 11:15,93,50,43,0,0,0
2024-02-09 11:30,102,48,54,0,0,0
2024-02-09 11:45,95,48,47,0,0,0
2024-02-09 12:00,99,40,59,0,0,0
2024-02-09 12:15,112,40,72,0,0,0
2024-02-09 12:30,113,55,58,0,0,0
2024-02-09 12:45,133,60,73,0,0,0
2024-02-09 13:00,134,59,75,0,0,0
2024-02-09 13:15,104,45,59,0,0,0
2024-02-09 13:30,112,42,70,0,0,0
2024-02-09 13:45,134,59,75,0,0,0
2024-02-09 14:00,127,54,73,0,0,0
2024-02-09 14:15,103,42,61,0,0,0
2024-02-09 14:30,91,36,55,0,0,0
2024-02-09 14:45,144,47,97,0,0,0
2024-02-09 15:00,129,50,79,0,0,0
2024-02-09 15:15,122,53,69,0,0,0
2024-02-09 15:30,110,53,57,0,0,0
2024-02-09 15:45,135,67,68,0,0,0
2024-02-09 16:00,122,62,60,0,0,0
2024-02-09 16:15,139,57,82,0,0,0
2024-02-09 16:30,123,62,61,0,0,0
2024-02-09 16:45,116,63,53,0,0,0
2024-02-09 17:00,120,50,70,0,0,0
2024-02-09 17:15,113,55,58,0,0,0
2024-02-09 17:30,119,45,74,0,0,0
2024-02-09 17:45,138,56,82,0,0,0
2024-02-09 18:00,112,48,64,0,0,0
2024-02-09 18:15,113,41,72,0,0,0
2024-02-09 18:30,96,34,62,0,0,0
2024-02-09 18:45,139,76,63,0,0,0
2024-02-09 19:00,99,47,52,0,0,0
2024-02-09 19:15,85,42,43,0,0,0
2024-02-09 19:30,81,44,37,0,0,0
2024-02-09 19:45,83,37,46,0,0,0
2024-02-09 20:00,86,39,47,0,0,0
2024-02-09 20:15,73,32,41,0,0,0
2024-02-09 20:30,55,20,35,0,0,0
2024-02-09 20:45,40,21,19,0,0,0
2024-02-09 21:00,45,17,28,0,0,0
2024-02-09 21:15,43,16,27,0,0,0
2024-02-09 21:30,33,7,26,0,0,0
2024-02-09 21:45,27,11,16,0,0,0
2024-02-09 22:00,43,13,30,0,0,0
2024-02-09 22:15,45,17,28,0,0,0
2024-02-09 22:30,59,8,51,0,0,0
2024-02-09 22:45,46,23,23,0,0,0
2024-02-09 23:00,47,13,34,0,0,0
2024-02-09 23:15,42,9,33,0,0,0
2024-02-09 23:30,30,4,26,0,0,0
2024-02-09 23:45,30,3,27,0,0,0
2024-02-10 00:00,45,10,35,0,0,0
2024-02-10 00:15,29,4,25,0,0,0
2024-02-10 00:30,20,3,17,0,0,0
2024-02-10 00:45,16,1,15,0,0,0
2024-02-10 01:00,18,3,15,0,0,0
2024-02-10 01:15,14,4,10,0,0,0
2024-02-10 01:30,11,4,7,0,0,0
2024-02-10 01:45,11,2,9,0,0,0
2024-02-10 02:00,17,5,12,0,0,0
2024-02-10 02:15,6,1,5,0,0,0
2024-02-10 02:30,7,2,5,0,0,0
2024-02-10 02:45,7,4,3,0,0,0
2024-02-10 03:00,4,0,4,0,0,0
2024-02-10 03:15,1,1,0,0,0,0
2024-02-10 03:30,7,0,7,0,0,0
2024-02-10 03:45,3,0,3,0,0,0
2024-02-10 04:00,1,1,0,0,0,0
2024-02-10 04:15,1,0,1,0,0,0
2024-02-10 04:30,3,3,0,0,0,0
2024-02-10 04:45,5,3,2,0,0,0
2024-02-10 05:00,1,0,1,0,0,0
2024-02-10 05:15,3,1,2,0,0,0
2024-02-10 05:30,8,3,5,0,0,0
2024-02-10 05:45,9,4,5,0,0,0
2024-02-10 06:00,8,6,2,0,0,0
2024-02-10 06:15,13,9,4,0,0,0
2024-02-10 06:30,7,4,3,0,0,0
2024-02-10 06:45,11,6,5,0,0,0
2024-02-10 07:00,10,7,3,0,0,0
2024-02-10 07:15,10,6,4,0,0,0
2024-02-10 07:30,14,7,7,0,0,0
2024-02-10 07:45,31,20,11,0,0,0
2024-02-10 08:00,21,16,5,0,0,0
2024-02-10 08:15,33,22,11,0,0,0
2024-02-10 08:30,27,20,7,0,0,0
2024-02-10 08:45,56,35,21,0,0,0
2024-02-10 09:00,47,33,14,0,0,0
2024-02-10 09:15,66,50,16,0,0,0
2024-02-10 09:30,80,61,19,0,0,0
2024-02-10 09:45,111,90,21,0,0,0
2024-02-10 10:00,98,59,39,0,0,0
2024-02-10 10:15,95,61,34,0,0,0
2024-02-10 10:30,124,79,45,0,0,0
2024-02-10 10:45,118,75,43,0,0,0
2024-02-10 11:00,144,84,60,0,0,0
2024-02-10 11:15,136,76,60,0,0,0
2024-02-10 11:30,162,92,70,0,0,0
2024-02-10 11:45,159,88,71,0,0,0
2024-02-10 12:00,168,82,86,0,0,0
2024-02-10 12:15,183,92,91,0,0,0
2024-02-10 12:30,182,73,109,0,0,0
2024-02-10 12:45,216,88,128,0,0,0
2024-02-10 13:00,251,82,169,0,0,0
2024-02-10 13:15,254,71,183,0,0,0
2024-02-10 13:30,168,75,93,0,0,0
2024-02-10 13:45,150,75,75,0,0,0
2024-02-10 14:00,136,66,70,0,0,0
2024-02-10 14:15,125,56,69,0,0,0
2024-02-10 14:30,145,67,78,0,0,0
2024-02-10 14:45,157,60,97,0,0,0
2024-02-10 15:00,140,52,88,0,0,0
2024-02-10 15:15,108,47,61,0,0,0
2024-02-10 15:30,108,40,68,0,0,0
2024-02-10 15:45,117,49,68,0,0,0
2024-02-10 16:00,181,112,69,0,0,0
2024-02-10 16:15,245,161,84,0,0,0
2024-02-10 16:30,155,79,76,0,0,0
2024-02-10 16:45,124,70,54,0,0,0
2024-02-10 17:00,134,61,73,0,0,0
2024-02-10 17:15,116,43,73,0,0,0
2024-02-10 17:30,105,44,61,0,0,0
2024-02-10 17:45,105,48,57,0,0,0
2024-02-10 18:00,106,47,59,0,0,0
2024-02-10 18:15,107,57,50,0,0,0
2024-02-10 18:30,70,31,39,0,0,0
2024-02-10 18:45,65,35,30,0,0,0
2024-02-10 19:00,82,48,34,0,0,0
2024-02-10 19:15,76,48,28,0,0,0
2024-02-10 19:30,63,21,42,0,0,0
2024-02-10 19:45,63,28,35,0,0,0
2024-02-10 20:00,55,23,32,0,0,0
2024-02-10 20:15,49,20,29,0,0,0
2024-02-10 20:30,46,13,33,0,0,0
2024-02-10 20:45,49,29,20,0,0,0
2024-02-10 21:00,59,19,40,0,0,0
2024-02-10 21:15,30,14,16,0,0,0
2024-02-10 21:30,42,21,21,0,0,0
2024-02-10 21:45,29,13,16,0,0,0
2024-02-10 22:00,30,9,21,0,0,0
2024-02-10 22:15,27,10,17,0,0,0
2024-02-10 22:30,68,19,49,0,0,0
2024-02-10 22:45,30,12,18,0,0,0
2024-02-10 23:00,30,5,25,0,0,0
2024-02-10 23:15,39,10,29,0,0,0
2024-02-10 23:30,22,10,12,0,0,0
2024-02-10 23:45,30,9,21,0,0,0
2024-02-11 00:00,32,17,15,0,0,0
2024-02-11 00:15,25,10,15,0,0,0
2024-02-11 00:30,14,3,11,0,0,0
2024-02-11 00:45,21,6,15,0,0,0
2024-02-11 01:00,21,5,16,0,0,0
2024-02-11 01:15,13,5,8,0,0,0
2024-02-11 01:30,14,2,12,0,0,0
2024-02-11 01:45,19,4,15,0,0,0
2024-02-11 02:00,11,6,5,0,0,0
2024-02-11 02:15,7,6,1,0,0,0
2024-02-11 02:30,9,0,9,0,0,0
2024-02-11 02:45,3,2,1,0,0,0
2024-02-11 03:00,7,0,7,0,0,0
2024-02-11 03:15,4,1,3,0,0,0
2024-02-11 03:30,10,5,5,0,0,0
2024-02-11 03:45,1,0,1,0,0,0
2024-02-11 04:00,2,1,1,0,0,0
2024-02-11 04:15,2,2,0,0,0,0
2024-02-11 04:30,5,1,4,0,0,0
2024-02-11 04:45,7,0,7,0,0,0
2024-02-11 05:00,2,0,2,0,0,0
2024-02-11 05:15,2,1,1,0,0,0
2024-02-11 05:30,3,0,3,0,0,0
2024-02-11 05:45,2,2,0,0,0,0
2024-02-11 06:00,7,3,4,0,0,0
2024-02-11 06:15,6,2,4,0,0,0
2024-02-11 06:30,2,1,1,0,0,0
2024-02-11 06:45,5,2,3,0,0,0
2024-02-11 07:00,3,1,2,0,0,0
2024-02-11 07:15,4,2,2,0,0,0
2024-02-11 07:30,8,4,4,0,0,0
2024-02-11 07:45,4,2,2,0,0,0
2024-02-11 08:00,8,3,5,0,0,0
2024-02-11 08:15,9,5,4,0,0,0
2024-02-11 08:30,15,9,6,0,0,0
2024-02-11 08:45,19,18,1,0,0,0
2024-02-11 09:00,18,12,6,0,0,0
2024-02-11 09:15,18,15,3,0,0,0
2024-02-11 09:30,26,13,13,0,0,0
2024-02-11 09:45,34,23,11,0,0,0
2024-02-11 10:00,30,17,13,0,0,0
2024-02-11 10:15,22,11,11,0,0,0
2024-02-11 10:30,41,25,16,0,0,0
2024-02-11 10:45,36,26,10,0,0,0
2024-02-11 11:00,16,7,9,0,0,0
2024-02-11 11:15,23,15,8,0,0,0
2024-02-11 11:30,35,17,18,0,0,0
2024-02-11 11:45,37,21,16,0,0,0
2024-02-11 12:00,44,23,21,0,0,0
2024-02-11 12:15,38,25,13,0,0,0
2024-02-11 12:30,34,12,22,0,0,0
2024-02-11 12:45,44,20,24,0,0,0
2024-02-11 13:00,34,17,17,0,0,0
2024-02-11 13:15,33,16,17,0,0,0
2024-02-11 13:30,44,20,24,0,0,0
2024-02-11 13:45,26,13,13,0,0,0
2024-02-11 14:00,40,15,25,0,0,0
2024-02-11 14:15,36,17,19,0,0,0
2024-02-11 14:30,43,21,22,0,0,0
2024-02-11 14:45,52,26,26,0,0,0
2024-02-11 15:00,42,24,18,0,0,0
2024-02-11 15:15,46,20,26,0,0,0
2024-02-11 15:30,37,21,16,0,0,0
2024-02-11 15:45,61,36,25,0,0,0
2024-02-11 16:00,41,16,25,0,0,0
2024-02-11 16:15,51,22,29,0,0,0
2024-02-11 16:30,39,21,18,0,0,0
2024-02-11 16:45,44,18,26,0,0,0
2024-02-11 17:00,53,32,21,0,0,0
2024-02-11 17:15,57,27,30,0,0,0
2024-02-11 17:30,50,20,30,0,0,0
2024-02-11 17:45,54,28,26,0,0,0
2024-02-11 18:00,49,10,39,0,0,0
2024-02-11 18:15,54,15,39,0,0,0
2024-02-11 18:30,31,11,20,0,0,0
2024-02-11 18:45,45,20,25,0,0,0
2024-02-11 19:00,30,6,24,0,0,0
2024-02-11 19:15,47,18,29,0,0,0
2024-02-11 19:30,34,19,15,0,0,0
2024-02-11 19:45,47,15,32,0,0,0
2024-02-11 20:00,36,7,29,0,0,0
2024-02-11 20:15,32,10,22,0,0,0
2024-02-11 20:30,29,11,18,0,0,0
2024-02-11 20:45,41,10,31,0,0,0
2024-02-11 21:00,22,4,18,0,0,0
2024-02-11 21:15,16,2,14,0,0,0
2024-02-11 21:30,25,14,11,0,0,0
2024-02-11 21:45,23,12,11,0,0,0
2024-02-11 22:00,32,11,21,0,0,0
2024-02-11 22:15,17,4,13,0,0,0
2024-02-11 22:30,13,3,10,0,0,0
2024-02-11 22:45,16,4,12,0,0,0
2024-02-11 23:00,9,3,6,0,0,0
2024-02-11 23:15,11,5,6,0,0,0
2024-02-11 23:30,4,2,2,0,0,0
2024-02-11 23:45,9,3,6,0,0,0
2024-02-12 00:00,6,3,3,0,0,0
2024-02-12 00:15,4,1,3,0,0,0
2024-02-12 00:30,4,0,4,0,0,0
2024-02-12 00:45,2,1,1,0,0,0
2024-02-12 01:00,2,2,0,0,0,0
2024-02-12 01:15,4,2,2,0,0,0
2024-02-12 01:30,7,4,3,0,0,0
2024-02-12 01:45,0,0,0,0,0,0
2024-02-12 02:00,0,0,0,0,0,0
2024-02-12 02:15,6,4,2,0,0,0
2024-02-12 02:30,0,0,0,0,0,0
2024-02-12 02:45,7,6,1,0,0,0
2024-02-12 03:00,1,1,0,0,0,0
2024-02-12 03:15,1,0,1,0,0,0
2024-02-12 03:30,1,0,1,0,0,0
2024-02-12 03:45,1,0,1,0,0,0
2024-02-12 04:00,2,1,1,0,0,0
2024-02-12 04:15,2,2,0,0,0,0
2024-02-12 04:30,2,0,2,0,0,0
2024-02-12 04:45,4,2,2,0,0,0
2024-02-12 05:00,6,0,6,0,0,0
2024-02-12 05:15,12,4,8,0,0,0
2024-02-12 05:30,15,7,8,0,0,0
2024-02-12 05:45,8,5,3,0,0,0
2024-02-12 06:00,10,6,4,0,0,0
2024-02-12 06:15,14,6,8,0,0,0
2024-02-12 06:30,21,8,13,0,0,0
2024-02-12 06:45,25,15,10,0,0,0
2024-02-12 07:00,36,16,20,0,0,0
2024-02-12 07:15,35,22,13,0,0,0
2024-02-12 07:30,50,26,24,0,0,0
2024-02-12 07:45,52,27,25,0,0,0
2024-02-12 08:00,62,34,28,0,0,0
2024-02-12 08:15,56,25,31,0,0,0
2024-02-12 08:30,40,20,20,0,0,0
2024-02-12 08:45,55,36,19,0,0,0
2024-02-12 09:00,42,26,16,0,0,0
2024-02-12 09:15,44,22,22,0,0,0
2024-02-12 09:30,46,22,24,0,0,0
2024-02-12 09:45,53,38,15,0,0,0
2024-02-12 10:00,40,19,21,0,0,0
2024-02-12 10:15,53,22,31,0,0,0
2024-02-12 10:30,63,25,38,0,0,0
2024-02-12 10:45,67,36,31,0,0,0
2024-02-12 11:00,68,33,35,0,0,0
2024-02-12 11:15,66,30,36,0,0,0
2024-02-12 11:30,61,34,27,0,0,0
2024-02-12 11:45,75,41,34,0,0,0
2024-02-12 12:00,64,42,22,0,0,0
2024-02-12 12:15,74,51,23,0,0,0
2024-02-12 12:30,106,72,34,0,0,0
2024-02-12 12:45,116,83,33,0,0,0
2024-02-12 13:00,99,66,33,0,0,0
2024-02-12 13:15,81,59,22,0,0,0
2024-02-12 13:30,113,87,26,0,0,0
2024-02-12 13:45,98,81,17,0,0,0
2024-02-12 14:00,126,107,19,0,0,0
2024-02-12 14:15,110,80,30,0,0,0
2024-02-12 14:30,80,48,32,0,0,0
2024-02-12 14:45,76,37,39,0,0,0
2024-02-12 15:00,73,22,51,0,0,0
2024-02-12 15:15,92,31,61,0,0,0
2024-02-12 15:30,105,25,80,0,0,0
2024-02-12 15:45,222,48,174,0,0,0
2024-02-12 16:00,121,41,80,0,0,0
2024-02-12 16:15,99,33,66,0,0,0
2024-02-12 16:30,105,38,67,0,0,0
2024-02-12 16:45,87,28,59,0,0,0
2024-02-12 17:00,77,29,48,0,0,0
2024-02-12 17:15,84,36,48,0,0,0
2024-02-12 17:30,76,20,56,0,0,0
2024-02-12 17:45,82,23,59,0,0,0
2024-02-12 18:00,82,33,49,0,0,0
2024-02-12 18:15,65,23,42,0,0,0
2024-02-12 18:30,66,29,37,0,0,0
2024-02-12 18:45,62,17,45,0,0,0
2024-02-12 19:00,57,17,40,0,0,0
2024-02-12 19:15,51,18,33,0,0,0
2024-02-12 19:30,51,19,32,0,0,0
2024-02-12 19:45,45,12,33,0,0,0
2024-02-12 20:00,38,10,28,0,0,0
2024-02-12 20:15,40,13,27,0,0,0
2024-02-12 20:30,41,11,30,0,0,0
2024-02-12 20:45,21,10,11,0,0,0
2024-02-12 21:00,34,8,26,0,0,0
2024-02-12 21:15,24,9,15,0,0,0
2024-02-12 21:30,25,10,15,0,0,0
2024-02-12 21:45,27,9,18,0,0,0
2024-02-12 22:00,27,10,17,0,0,0
2024-02-12 22:15,28,17,11,0,0,0
2024-02-12 22:30,27,7,20,0,0,0
2024-02-12 22:45,16,4,12,0,0,0
2024-02-12 23:00,29,4,25,0,0,0
2024-02-12 23:15,8,4,4,0,0,0
2024-02-12 23:30,12,4,8,0,0,0
2024-02-12 23:45,4,1,3,0,0,0
2024-02-13 00:00,6,0,6,0,0,0
2024-02-13 00:15,6,0,6,0,0,0
2024-02-13 00:30,5,0,5,0,0,0
2024-02-13 00:45,8,3,5,0,0,0
2024-02-13 01:00,4,1,3,0,0,0
2024-02-13 01:15,2,1,1,0,0,0
2024-02-13 01:30,7,1,6,0,0,0
2024-02-13 01:45,4,1,3,0,0,0
2024-02-13 02:00,2,0,2,0,0,0
2024-02-13 02:15,1,1,0,0,0,0
2024-02-13 02:30,1,0,1,0,0,0
2024-02-13 02:45,0,0,0,0,0,0
2024-02-13 03:00,0,0,0,0,0,0
2024-02-13 03:15,1,1,0,0,0,0
2024-02-13 03:30,0,0,0,0,0,0
2024-02-13 03:45,1,1,0,0,0,0
2024-02-13 04:00,3,3,0,0,0,0
2024-02-13 04:15,1,0,1,0,0,0
2024-02-13 04:30,0,0,0,0,0,0
2024-02-13 04:45,1,1,0,0,0,0
2024-02-13 05:00,3,2,1,0,0,0
2024-02-13 05:15,8,5,3,0,0,0
2024-02-13 05:30,14,10,4,0,0,0
2024-02-13 05:45,11,8,3,0,0,0
2024-02-13 06:00,21,16,5,0,0,0
2024-02-13 06:15,34,22,12,0,0,0
2024-02-13 06:30,36,22,14,0,0,0
2024-02-13 06:45,49,31,18,0,0,0
2024-02-13 07:00,64,39,25,0,0,0
2024-02-13 07:15,85,54,31,0,0,0
2024-02-13 07:30,102,70,32,0,0,0
2024-02-13 07:45,153,109,44,0,0,0
2024-02-13 08:00,129,81,48,0,0,0
2024-02-13 08:15,129,86,43,0,0,0
2024-02-13 08:30,125,76,49,0,0,0
2024-02-13 08:45,130,86,44,0,0,0
2024-02-13 09:00,92,60,32,0,0,0
2024-02-13 09:15,69,51,18,0,0,0
2024-02-13 09:30,83,57,26,0,0,0
2024-02-13 09:45,105,77,28,0,0,0
2024-02-13 10:00,114,64,50,0,0,0
2024-02-13 10:15,89,49,40,0,0,0
2024-02-13 10:30,113,61,52,0,0,0
2024-02-13 10:45,111,63,48,0,0,0
2024-02-13 11:00,90,46,44,0,0,0
2024-02-13 11:15,94,58,36,0,0,0
2024-02-13 11:30,123,59,64,0,0,0
2024-02-13 11:45,143,68,75,0,0,0
2024-02-13 12:00,95,38,57,0,0,0
2024-02-13 12:15,101,44,57,0,0,0
2024-02-13 12:30,121,55,66,0,0,0
2024-02-13 12:45,107,59,48,0,0,0
2024-02-13 13:00,137,59,78,0,0,0
2024-02-13 13:15,127,59,68,0,0,0
2024-02-13 13:30,132,56,76,0,0,0
2024-02-13 13:45,139,72,67,0,0,0
2024-02-13 14:00,103,59,44,0,0,0
2024-02-13 14:15,139,62,77,0,0,0
2024-02-13 14:30,160,65,95,0,0,0
2024-02-13 14:45,164,75,89,0,0,0
2024-02-13 15:00,145,60,85,0,0,0
2024-02-13 15:15,135,62,73,0,0,0
2024-02-13 15:30,169,83,86,0,0,0
2024-02-13 15:45,168,81,87,0,0,0
2024-02-13 16:00,164,67,97,0,0,0
2024-02-13 16:15,188,81,107,0,0,0
2024-02-13 16:30,167,73,94,0,0,0
2024-02-13 16:45,192,79,113,0,0,0
2024-02-13 17:00,197,78,119,0,0,0
2024-02-13 17:15,173,54,119,0,0,0
2024-02-13 17:30,178,55,123,0,0,0
2024-02-13 17:45,170,72,98,0,0,0
2024-02-13 18:00,169,46,123,0,0,0
2024-02-13 18:15,156,58,98,0,0,0
2024-02-13 18:30,100,36,64,0,0,0
2024-02-13 18:45,96,38,58,0,0,0
2024-02-13 19:00,98,45,53,0,0,0
2024-02-13 19:15,81,30,51,0,0,0
2024-02-13 19:30,77,22,55,0,0,0
2024-02-13 19:45,82,28,54,0,0,0
2024-02-13 20:00,54,20,34,0,0,0
2024-02-13 20:15,45,16,29,0,0,0
2024-02-13 20:30,46,16,30,0,0,0
2024-02-13 20:45,38,18,20,0,0,0
2024-02-13 21:00,30,11,19,0,0,0
2024-02-13 21:15,45,9,36,0,0,0
2024-02-13 21:30,38,7,31,0,0,0
2024-02-13 21:45,35,15,20,0,0,0
2024-02-13 22:00,28,6,22,0,0,0
2024-02-13 22:15,37,16,21,0,0,0
2024-02-13 22:30,34,13,21,0,0,0
2024-02-13 22:45,38,7,31,0,0,0
2024-02-13 23:00,22,6,16,0,0,0
2024-02-13 23:15,14,4,10,0,0,0
2024-02-13 23:30,8,3,5,0,0,0
2024-02-13 23:45,10,4,6,0,0,0
2024-02-14 00:00,6,2,4,0,0,0
2024-02-14 00:15,7,2,5,0,0,0
2024-02-14 00:30,7,2,5,0,0,0
2024-02-14 00:45,0,0,0,0,0,0
2024-02-14 01:00,8,3,5,0,0,0
2024-02-14 01:15,1,0,1,0,0,0
2024-02-14 01:30,5,1,4,0,0,0
2024-02-14 01:45,0,0,0,0,0,0
2024-02-14 02:00,4,2,2,0,0,0
2024-02-14 02:15,1,0,1,0,0,0
2024-02-14 02:30,0,0,0,0,0,0
2024-02-14 02:45,1,0,1,0,0,0
2024-02-14 03:00,3,0,3,0,0,0
2024-02-14 03:15,1,0,1,0,0,0
2024-02-14 03:30,0,0,0,0,0,0
2024-02-14 03:45,1,1,0,0,0,0
2024-02-14 04:00,2,1,1,0,0,0
2024-02-14 04:15,0,0,0,0,0,0
2024-02-14 04:30,1,1,0,0,0,0
2024-02-14 04:45,2,2,0,0,0,0
2024-02-14 05:00,7,6,1,0,0,0
2024-02-14 05:15,5,3,2,0,0,0
2024-02-14 05:30,10,4,6,0,0,0
2024-02-14 05:45,9,7,2,0,0,0
2024-02-14 06:00,16,14,2,0,0,0
2024-02-14 06:15,17,9,8,0,0,0
2024-02-14 06:30,33,19,14,0,0,0
2024-02-14 06:45,47,25,22,0,0,0
2024-02-14 07:00,68,37,31,0,0,0
2024-02-14 07:15,90,58,32,0,0,0
2024-02-14 07:30,132,86,46,0,0,0
2024-02-14 07:45,172,119,53,0,0,0
2024-02-14 08:00,139,88,51,0,0,0
2024-02-14 08:15,134,89,45,0,0,0
2024-02-14 08:30,133,78,55,0,0,0
2024-02-14 08:45,133,101,32,0,0,0
2024-02-14 09:00,104,75,29,0,0,0
2024-02-14 09:15,77,49,28,0,0,0
2024-02-14 09:30,92,64,28,0,0,0
2024-02-14 09:45,115,71,44,0,0,0
2024-02-14 10:00,72,48,24,0,0,0
2024-02-14 10:15,72,42,30,0,0,0
2024-02-14 10:30,79,43,36,0,0,0
2024-02-14 10:45,86,51,35,0,0,0
2024-02-14 11:00,82,44,38,0,0,0
2024-02-14 11:15,90,54,36,0,0,0
2024-02-14 11:30,103,53,50,0,0,0
2024-02-14 11:45,110,62,48,0,0,0
2024-02-14 12:00,94,48,46,0,0,0
2024-02-14 12:15,110,62,48,0,0,0
2024-02-14 12:30,91,36,55,0,0,0
2024-02-14 12:45,120,53,67,0,0,0
2024-02-14 13:00,132,58,74,0,0,0
2024-02-14 13:15,112,52,60,0,0,0
2024-02-14 13:30,121,59,62,0,0,0
2024-02-14 13:45,128,63,65,0,0,0
2024-02-14 14:00,121,43,78,0,0,0
2024-02-14 14:15,115,43,72,0,0,0
2024-02-14 14:30,56,52,4,0,0,0
2024-02-14 14:45,126,50,76,0,0,0
2024-02-14 15:00,120,51,69,0,0,0
2024-02-14 15:15,117,52,65,0,0,0
2024-02-14 15:30,122,50,72,0,0,0
2024-02-14 15:45,128,56,72,0,0,0
2024-02-14 16:00,106,39,67,0,0,0
2024-02-14 16:15,101,41,60,0,0,0
2024-02-14 16:30,99,38,61,0,0,0
2024-02-14 16:45,113,49,64,0,0,0
2024-02-14 17:00,138,37,101,0,0,0
2024-02-14 17:15,127,44,83,0,0,0
2024-02-14 17:30,137,41,96,0,0,0
2024-02-14 17:45,119,49,70,0,0,0
2024-02-14 18:00,131,36,95,0,0,0
2024-02-14 18:15,100,37,63,0,0,0
2024-02-14 18:30,92,28,64,0,0,0
2024-02-14 18:45,84,42,42,0,0,0
2024-02-14 19:00,80,30,50,0,0,0
2024-02-14 19:15,77,32,45,0,0,0
2024-02-14 19:30,70,25,45,0,0,0
2024-02-14 19:45,72,20,52,0,0,0
2024-02-14 20:00,58,19,39,0,0,0
2024-02-14 20:15,68,24,44,0,0,0
2024-02-14 20:30,37,17,20,0,0,0
2024-02-14 20:45,38,17,21,0,0,0
2024-02-14 21:00,21,3,18,0,0,0
2024-02-14 21:15,24,6,18,0,0,0
2024-02-14 21:30,29,8,21,0,0,0
2024-02-14 21:45,37,8,29,0,0,0
2024-02-14 22:00,26,9,17,0,0,0
2024-02-14 22:15,23,5,18,0,0,0
2024-02-14 22:30,31,11,20,0,0,0
2024-02-14 22:45,34,13,21,0,0,0
2024-02-14 23:00,34,9,25,0,0,0
2024-02-14 23:15,16,6,10,0,0,0
2024-02-14 23:30,11,4,7,0,0,0
2024-02-14 23:45,13,5,8,0,0,0
2024-02-15 00:00,5,2,3,0,0,0
2024-02-15 00:15,8,3,5,0,0,0
2024-02-15 00:30,3,1,2,0,0,0
2024-02-15 00:45,3,0,3,0,0,0
2024-02-15 01:00,3,0,3,0,0,0
2024-02-15 01:15,3,0,3,0,0,0
2024-02-15 01:30,2,1,1,0,0,0
2024-02-15 01:45,1,1,0,0,0,0
2024-02-15 02:00,2,0,2,0,0,0
2024-02-15 02:15,0,0,0,0,0,0
2024-02-15 02:30,3,1,2,0,0,0
2024-02-15 02:45,0,0,0,0,0,0
2024-02-15 03:00,1,0,1,0,0,0
2024-02-15 03:15,2,0,2,0,0,0
2024-02-15 03:30,1,1,0,0,0,0
2024-02-15 03:45,1,1,0,0,0,0
2024-02-15 04:00,1,1,0,0,0,0
2024-02-15 04:15,3,1,2,0,0,0
2024-02-15 04:30,2,2,0,0,0,0
2024-02-15 04:45,3,3,0,0,0,0
2024-02-15 05:00,6,4,2,0,0,0
2024-02-15 05:15,7,4,3,0,0,0
2024-02-15 05:30,20,12,8,0,0,0
2024-02-15 05:45,10,8,2,0,0,0
2024-02-15 06:00,17,12,5,0,0,0
2024-02-15 06:15,27,22,5,0,0,0
2024-02-15 06:30,59,37,22,0,0,0
2024-02-15 06:45,54,29,25,0,0,0
2024-02-15 07:00,80,46,34,0,0,0
2024-02-15 07:15,111,60,51,0,0,0
2024-02-15 07:30,155,105,50,0,0,0
2024-02-15 07:45,161,107,54,0,0,0
2024-02-15 08:00,111,77,34,0,0,0
2024-02-15 08:15,120,78,42,0,0,0
2024-02-15 08:30,113,70,43,0,0,0
2024-02-15 08:45,93,61,32,0,0,0
2024-02-15 09:00,80,48,32,0,0,0
2024-02-15 09:15,74,42,32,0,0,0
2024-02-15 09:30,81,52,29,0,0,0
2024-02-15 09:45,73,40,33,0,0,0
2024-02-15 10:00,59,35,24,0,0,0
2024-02-15 10:15,64,36,28,0,0,0
2024-02-15 10:30,51,26,25,0,0,0
2024-02-15 10:45,68,44,24,0,0,0
2024-02-15 11:00,49,29,20,0,0,0
2024-02-15 11:15,48,19,29,0,0,0
2024-02-15 11:30,75,36,39,0,0,0
2024-02-15 11:45,73,33,40,0,0,0
2024-02-15 12:00,67,32,35,0,0,0
2024-02-15 12:15,77,31,46,0,0,0
2024-02-15 12:30,62,26,36,0,0,0
2024-02-15 12:45,100,49,51,0,0,0
2024-02-15 13:00,104,44,60,0,0,0
2024-02-15 13:15,108,47,61,0,0,0
2024-02-15 13:30,109,56,53,0,0,0
2024-02-15 13:45,111,52,59,0,0,0
2024-02-15 14:00,112,51,61,0,0,0
2024-02-15 14:15,121,63,58,0,0,0
2024-02-15 14:30,134,68,66,0,0,0
2024-02-15 14:45,177,81,96,0,0,0
2024-02-15 15:00,135,53,82,0,0,0
2024-02-15 15:15,173,73,100,0,0,0
2024-02-15 15:30,154,79,75,0,0,0
2024-02-15 15:45,187,87,100,0,0,0
2024-02-15 16:00,173,83,90,0,0,0
2024-02-15 16:15,163,67,96,0,0,0
2024-02-15 16:30,166,78,88,0,0,0
2024-02-15 16:45,213,86,127,0,0,0
2024-02-15 17:00,196,84,112,0,0,0
2024-02-15 17:15,161,65,96,0,0,0
2024-02-15 17:30,148,58,90,0,0,0
2024-02-15 17:45,177,76,101,0,0,0
2024-02-15 18:00,161,50,111,0,0,0
2024-02-15 18:15,176,65,111,0,0,0
2024-02-15 18:30,122,51,71,0,0,0
2024-02-15 18:45,156,64,92,0,0,0
2024-02-15 19:00,108,45,63,0,0,0
2024-02-15 19:15,110,41,69,0,0,0
2024-02-15 19:30,100,32,68,0,0,0
2024-02-15 19:45,80,32,48,0,0,0
2024-02-15 20:00,81,19,62,0,0,0
2024-02-15 20:15,67,23,44,0,0,0
2024-02-15 20:30,59,18,41,0,0,0
2024-02-15 20:45,50,16,34,0,0,0
2024-02-15 21:00,41,12,29,0,0,0
2024-02-15 21:15,56,25,31,0,0,0
2024-02-15 21:30,37,15,22,0,0,0
2024-02-15 21:45,47,17,30,0,0,0
2024-02-15 22:00,63,32,31,0,0,0
2024-02-15 22:15,57,15,42,0,0,0
2024-02-15 22:30,49,13,36,0,0,0
2024-02-15 22:45,42,10,32,0,0,0
2024-02-15 23:00,32,5,27,0,0,0
2024-02-15 23:15,28,16,12,0,0,0
2024-02-15 23:30,31,13,18,0,0,0
2024-02-15 23:45,13,4,9,0,0,0
2024-02-16 00:00,15,3,12,0,0,0
2024-02-16 00:15,11,2,9,0,0,0
2024-02-16 00:30,5,0,5,0,0,0
2024-02-16 00:45,4,0,4,0,0,0
2024-02-16 01:00,4,1,3,0,0,0
2024-02-16 01:15,3,0,3,0,0,0
2024-02-16 01:30,2,0,2,0,0,0
2024-02-16 01:45,1,1,0,0,0,0
2024-02-16 02:00,4,1,3,0,0,0
2024-02-16 02:15,2,0,2,0,0,0
2024-02-16 02:30,4,2,2,0,0,0
2024-02-16 02:45,2,2,0,0,0,0
2024-02-16 03:00,1,0,1,0,0,0
2024-02-16 03:15,1,0,1,0,0,0
2024-02-16 03:30,0,0,0,0,0,0
2024-02-16 03:45,0,0,0,0,0,0
2024-02-16 04:00,1,1,0,0,0,0
2024-02-16 04:15,4,1,3,0,0,0
2024-02-16 04:30,1,1,0,0,0,0
2024-02-16 04:45,2,2,0,0,0,0
2024-02-16 05:00,4,2,2,0,0,0
2024-02-16 05:15,12,3,9,0,0,0
2024-02-16 05:30,12,10,2,0,0,0
2024-02-16 05:45,17,11,6,0,0,0
2024-02-16 06:00,20,16,4,0,0,0
2024-02-16 06:15,25,18,7,0,0,0
2024-02-16 06:30,40,24,16,0,0,0
2024-02-16 06:45,42,24,18,0,0,0
2024-02-16 07:00,78,42,36,0,0,0
2024-02-16 07:15,91,54,37,0,0,0
2024-02-16 07:30,130,85,45,0,0,0
2024-02-16 07:45,166,119,47,0,0,0
2024-02-16 08:00,123,82,41,0,0,0
2024-02-16 08:15,132,91,41,0,0,0
2024-02-16 08:30,121,72,49,0,0,0
2024-02-16 08:45,143,97,46,0,0,0
2024-02-16 09:00,90,61,29,0,0,0
2024-02-16 09:15,87,51,36,0,0,0
2024-02-16 09:30,85,58,27,0,0,0
2024-02-16 09:45,122,79,43,0,0,0
2024-02-16 10:00,99,75,24,0,0,0
2024-02-16 10:15,103,54,49,0,0,0
2024-02-16 10:30,84,42,42,0,0,0
2024-02-16 10:45,104,54,50,0,0,0
2024-02-16 11:00,81,43,38,0,0,0
2024-02-16 11:15,120,60,60,0,0,0
2024-02-16 11:30,112,48,64,0,0,0
2024-02-16 11:45,128,68,60,0,0,0
2024-02-16 12:00,111,45,66,0,0,0
2024-02-16 12:15,115,41,74,0,0,0
2024-02-16 12:30,140,59,81,0,0,0
2024-02-16 12:45,147,60,87,0,0,0
2024-02-16 13:00,160,64,96,0,0,0
2024-02-16 13:15,145,57,88,0,0,0
2024-02-16 13:30,124,40,84,0,0,0
2024-02-16 13:45,133,56,77,0,0,0
2024-02-16 14:00,132,56,76,0,0,0
2024-02-16 14:15,135,55,80,0,0,0
2024-02-16 14:30,147,64,83,0,0,0
2024-02-16 14:45,147,57,90,0,0,0
2024-02-16 15:00,127,61,66,0,0,0
2024-02-16 15:15,140,59,81,0,0,0
2024-02-16 15:30,111,48,63,0,0,0
2024-02-16 15:45,147,78,69,0,0,0
2024-02-16 16:00,149,88,61,0,0,0
2024-02-16 16:15,176,110,66,0,0,0
2024-02-16 16:30,240,189,51,0,0,0
2024-02-16 16:45,315,264,51,0,0,0
2024-02-16 17:00,238,182,56,0,0,0
2024-02-16 17:15,169,121,48,0,0,0
2024-02-16 17:30,171,107,64,0,0,0
2024-02-16 17:45,204,89,115,0,0,0
2024-02-16 18:00,164,62,102,0,0,0
2024-02-16 18:15,245,85,160,0,0,0
2024-02-16 18:30,189,31,158,0,0,0
2024-02-16 18:45,235,43,192,0,0,0
2024-02-16 19:00,192,45,147,0,0,0
2024-02-16 19:15,176,33,143,0,0,0
2024-02-16 19:30,158,29,129,0,0,0
2024-02-16 19:45,136,34,102,0,0,0
2024-02-16 20:00,122,25,97,0,0,0
2024-02-16 20:15,77,29,48,0,0,0
2024-02-16 20:30,80,18,62,0,0,0
2024-02-16 20:45,89,24,65,0,0,0
2024-02-16 21:00,57,10,47,0,0,0
2024-02-16 21:15,58,11,47,0,0,0
2024-02-16 21:30,52,13,39,0,0,0
2024-02-16 21:45,43,12,31,0,0,0
2024-02-16 22:00,47,12,35,0,0,0
2024-02-16 22:15,68,10,58,0,0,0
2024-02-16 22:30,59,19,40,0,0,0
2024-02-16 22:45,44,13,31,0,0,0
2024-02-16 23:00,52,9,43,0,0,0
2024-02-16 23:15,37,11,26,0,0,0
2024-02-16 23:30,19,9,10,0,0,0
2024-02-16 23:45,36,14,22,0,0,0
2024-02-17 00:00,29,6,23,0,0,0
2024-02-17 00:15,19,6,13,0,0,0
2024-02-17 00:30,25,8,17,0,0,0
2024-02-17 00:45,24,8,16,0,0,0
2024-02-17 01:00,25,13,12,0,0,0
2024-02-17 01:15,13,7,6,0,0,0
2024-02-17 01:30,17,7,10,0,0,0
2024-02-17 01:45,18,5,13,0,0,0
2024-02-17 02:00,8,2,6,0,0,0
2024-02-17 02:15,8,3,5,0,0,0
2024-02-17 02:30,9,2,7,0,0,0
2024-02-17 02:45,6,1,5,0,0,0
2024-02-17 03:00,2,1,1,0,0,0
2024-02-17 03:15,5,1,4,0,0,0
2024-02-17 03:30,5,2,3,0,0,0
2024-02-17 03:45,5,0,5,0,0,0
2024-02-17 04:00,5,1,4,0,0,0
2024-02-17 04:15,5,3,2,0,0,0
2024-02-17 04:30,5,0,5,0,0,0
2024-02-17 04:45,6,0,6,0,0,0
2024-02-17 05:00,3,0,3,0,0,0
2024-02-17 05:15,7,4,3,0,0,0
2024-02-17 05:30,10,6,4,0,0,0
2024-02-17 05:45,12,8,4,0,0,0
2024-02-17 06:00,8,5,3,0,0,0
2024-02-17 06:15,5,3,2,0,0,0
2024-02-17 06:30,8,4,4,0,0,0
2024-02-17 06:45,8,5,3,0,0,0
2024-02-17 07:00,13,6,7,0,0,0
2024-02-17 07:15,16,10,6,0,0,0
2024-02-17 07:30,22,14,8,0,0,0
2024-02-17 07:45,20,18,2,0,0,0
2024-02-17 08:00,27,17,10,0,0,0
2024-02-17 08:15,30,21,9,0,0,0
2024-02-17 08:30,43,27,16,0,0,0
2024-02-17 08:45,52,37,15,0,0,0
2024-02-17 09:00,43,31,12,0,0,0
2024-02-17 09:15,58,33,25,0,0,0
2024-02-17 09:30,93,68,25,0,0,0
2024-02-17 09:45,100,75,25,0,0,0
2024-02-17 10:00,100,65,35,0,0,0
2024-02-17 10:15,135,85,50,0,0,0
2024-02-17 10:30,111,76,35,0,0,0
2024-02-17 10:45,128,88,40,0,0,0
2024-02-17 11:00,124,81,43,0,0,0
2024-02-17 11:15,121,62,59,0,0,0
2024-02-17 11:30,152,80,72,0,0,0
2024-02-17 11:45,133,69,64,0,0,0
2024-02-17 12:00,139,77,62,0,0,0
2024-02-17 12:15,136,68,68,0,0,0
2024-02-17 12:30,145,92,53,0,0,0
2024-02-17 12:45,132,81,51,0,0,0
2024-02-17 13:00,159,90,69,0,0,0
2024-02-17 13:15,156,72,84,0,0,0
2024-02-17 13:30,140,66,74,0,0,0
2024-02-17 13:45,135,66,69,0,0,0
2024-02-17 14:00,136,60,76,0,0,0
2024-02-17 14:15,149,63,86,0,0,0
2024-02-17 14:30,166,60,106,0,0,0
2024-02-17 14:45,135,51,84,0,0,0
2024-02-17 15:00,142,61,81,0,0,0
2024-02-17 15:15,128,64,64,0,0,0
2024-02-17 15:30,132,59,73,0,0,0
2024-02-17 15:45,96,45,51,0,0,0
2024-02-17 16:00,110,30,80,0,0,0
2024-02-17 16:15,119,47,72,0,0,0
2024-02-17 16:30,115,47,68,0,0,0
2024-02-17 16:45,122,44,78,0,0,0
2024-02-17 17:00,102,43,59,0,0,0
2024-02-17 17:15,117,45,72,0,0,0
2024-02-17 17:30,88,35,53,0,0,0
2024-02-17 17:45,129,54,75,0,0,0
2024-02-17 18:00,109,29,80,0,0,0
2024-02-17 18:15,97,40,57,0,0,0
2024-02-17 18:30,121,46,75,0,0,0
2024-02-17 18:45,144,50,94,0,0,0
2024-02-17 19:00,104,42,62,0,0,0
2024-02-17 19:15,89,38,51,0,0,0
2024-02-17 19:30,62,27,35,0,0,0
2024-02-17 19:45,87,46,41,0,0,0
2024-02-17 20:00,75,28,47,0,0,0
2024-02-17 20:15,67,23,44,0,0,0
2024-02-17 20:30,41,18,23,0,0,0
2024-02-17 20:45,47,17,30,0,0,0
2024-02-17 21:00,43,19,24,0,0,0
2024-02-17 21:15,41,15,26,0,0,0
2024-02-17 21:30,28,9,19,0,0,0
2024-02-17 21:45,48,24,24,0,0,0
2024-02-17 22:00,122,106,16,0,0,0
2024-02-17 22:15,55,44,11,0,0,0
2024-02-17 22:30,37,21,16,0,0,0
2024-02-17 22:45,46,13,33,0,0,0
2024-02-17 23:00,53,18,35,0,0,0
2024-02-17 23:15,46,12,34,0,0,0
2024-02-17 23:30,33,8,25,0,0,0
2024-02-17 23:45,55,32,23,0,0,0
2024-02-18 00:00,29,9,20,0,0,0
2024-02-18 00:15,31,11,20,0,0,0
2024-02-18 00:30,32,8,24,0,0,0
2024-02-18 00:45,26,14,12,0,0,0
2024-02-18 01:00,30,13,17,0,0,0
2024-02-18 01:15,12,4,8,0,0,0
2024-02-18 01:30,16,6,10,0,0,0
2024-02-18 01:45,14,8,6,0,0,0
2024-02-18 02:00,10,2,8,0,0,0
2024-02-18 02:15,6,4,2,0,0,0
2024-02-18 02:30,12,2,10,0,0,0
2024-02-18 02:45,17,3,14,0,0,0
2024-02-18 03:00,17,6,11,0,0,0
2024-02-18 03:15,11,5,6,0,0,0
2024-02-18 03:30,4,0,4,0,0,0
2024-02-18 03:45,11,3,8,0,0,0
2024-02-18 04:00,8,0,8,0,0,0
2024-02-18 04:15,6,1,5,0,0,0
2024-02-18 04:30,6,3,3,0,0,0
2024-02-18 04:45,9,0,9,0,0,0
2024-02-18 05:00,2,0,2,0,0,0
2024-02-18 05:15,7,5,2,0,0,0
2024-02-18 05:30,1,0,1,0,0,0
2024-02-18 05:45,4,1,3,0,0,0
2024-02-18 06:00,8,7,1,0,0,0
2024-02-18 06:15,4,2,2,0,0,0
2024-02-18 06:30,3,0,3,0,0,0
2024-02-18 06:45,8,4,4,0,0,0
2024-02-18 07:00,1,0,1,0,0,0
2024-02-18 07:15,2,1,1,0,0,0
2024-02-18 07:30,11,6,5,0,0,0
2024-02-18 07:45,4,2,2,0,0,0
2024-02-18 08:00,4,1,3,0,0,0
2024-02-18 08:15,6,2,4,0,0,0
2024-02-18 08:30,15,6,9,0,0,0
2024-02-18 08:45,12,5,7,0,0,0
2024-02-18 09:00,6,3,3,0,0,0
2024-02-18 09:15,12,10,2,0,0,0
2024-02-18 09:30,17,12,5,0,0,0
2024-02-18 09:45,52,37,15,0,0,0
2024-02-18 10:00,33,20,13,0,0,0
2024-02-18 10:15,26,14,12,0,0,0
2024-02-18 10:30,25,19,6,0,0,0
2024-02-18 10:45,23,10,13,0,0,0
2024-02-18 11:00,23,12,11,0,0,0
2024-02-18 11:15,35,13,22,0,0,0
2024-02-18 11:30,30,11,19,0,0,0
2024-02-18 11:45,30,14,16,0,0,0
2024-02-18 12:00,22,12,10,0,0,0
2024-02-18 12:15,38,16,22,0,0,0
2024-02-18 12:30,38,17,21,0,0,0
2024-02-18 12:45,29,14,15,0,0,0
2024-02-18 13:00,28,12,16,0,0,0
2024-02-18 13:15,36,12,24,0,0,0
2024-02-18 13:30,24,7,17,0,0,0
2024-02-18 13:45,35,15,20,0,0,0
2024-02-18 14:00,34,14,20,0,0,0
2024-02-18 14:15,22,9,13,0,0,0
2024-02-18 14:30,36,16,20,0,0,0
2024-02-18 14:45,41,22,19,0,0,0
2024-02-18 15:00,24,8,16,0,0,0
2024-02-18 15:15,23,9,14,0,0,0
2024-02-18 15:30,22,14,8,0,0,0
2024-02-18 15:45,30,13,17,0,0,0
2024-02-18 16:00,32,15,17,0,0,0
2024-02-18 16:15,41,17,24,0,0,0
2024-02-18 16:30,30,13,17,0,0,0
2024-02-18 16:45,36,17,19,0,0,0
2024-02-18 17:00,39,23,16,0,0,0
2024-02-18 17:15,21,8,13,0,0,0
2024-02-18 17:30,35,19,16,0,0,0
2024-02-18 17:45,48,24,24,0,0,0
2024-02-18 18:00,43,17,26,0,0,0
2024-02-18 18:15,38,18,20,0,0,0
2024-02-18 18:30,27,11,16,0,0,0
2024-02-18 18:45,24,10,14,0,0,0
2024-02-18 19:00,30,17,13,0,0,0
2024-02-18 19:15,38,15,23,0,0,0
2024-02-18 19:30,41,16,25,0,0,0
2024-02-18 19:45,28,9,19,0,0,0
2024-02-18 20:00,39,16,23,0,0,0
2024-02-18 20:15,30,13,17,0,0,0
2024-02-18 20:30,29,13,16,0,0,0
2024-02-18 20:45,10,4,6,0,0,0
2024-02-18 21:00,19,7,12,0,0,0
2024-02-18 21:15,12,5,7,0,0,0
2024-02-18 21:30,23,8,15,0,0,0
2024-02-18 21:45,13,4,9,0,0,0
2024-02-18 22:00,4,1,3,0,0,0
2024-02-18 22:15,14,4,10,0,0,0
2024-02-18 22:30,9,6,3,0,0,0
2024-02-18 22:45,10,6,4,0,0,0
2024-02-18 23:00,12,6,6,0,0,0
2024-02-18 23:15,7,5,2,0,0,0
2024-02-18 23:30,4,1,3,0,0,0
2024-02-18 23:45,4,0,4,0,0,0
2024-02-19 00:00,1,1,0,0,0,0
2024-02-19 00:15,3,0,3,0,0,0
2024-02-19 00:30,4,3,1,0,0,0
2024-02-19 00:45,1,1,0,0,0,0
2024-02-19 01:00,1,0,1,0,0,0
2024-02-19 01:15,1,0,1,0,0,0
2024-02-19 01:30,0,0,0,0,0,0
2024-02-19 01:45,0,0,0,0,0,0
2024-02-19 02:00,2,1,1,0,0,0
2024-02-19 02:15,0,0,0,0,0,0
2024-02-19 02:30,0,0,0,0,0,0
2024-02-19 02:45,0,0,0,0,0,0
2024-02-19 03:00,0,0,0,0,0,0
2024-02-19 03:15,2,1,1,0,0,0
2024-02-19 03:30,0,0,0,0,0,0
2024-02-19 03:45,0,0,0,0,0,0
2024-02-19 04:00,2,2,0,0,0,0
2024-02-19 04:15,0,0,0,0,0,0
2024-02-19 04:30,2,2,0,0,0,0
2024-02-19 04:45,2,2,0,0,0,0
2024-02-19 05:00,7,4,3,0,0,0
2024-02-19 05:15,7,5,2,0,0,0
2024-02-19 05:30,14,9,5,0,0,0
2024-02-19 05:45,14,12,2,0,0,0
2024-02-19 06:00,18,12,6,0,0,0
2024-02-19 06:15,30,25,5,0,0,0
2024-02-19 06:30,58,34,24,0,0,0
2024-02-19 06:45,60,37,23,0,0,0
2024-02-19 07:00,66,38,28,0,0,0
2024-02-19 07:15,117,69,48,0,0,0
2024-02-19 07:30,171,118,53,0,0,0
2024-02-19 07:45,160,120,40,0,0,0
2024-02-19 08:00,134,84,50,0,0,0
2024-02-19 08:15,161,107,54,0,0,0
2024-02-19 08:30,113,63,50,0,0,0
2024-02-19 08:45,113,74,39,0,0,0
2024-02-19 09:00,90,60,30,0,0,0
2024-02-19 09:15,74,43,31,0,0,0
2024-02-19 09:30,89,61,28,0,0,0
2024-02-19 09:45,112,76,36,0,0,0
2024-02-19 10:00,82,40,42,0,0,0
2024-02-19 10:15,73,42,31,0,0,0
2024-02-19 10:30,96,57,39,0,0,0
2024-02-19 10:45,96,59,37,0,0,0
2024-02-19 11:00,74,37,37,0,0,0
2024-02-19 11:15,96,40,56,0,0,0
2024-02-19 11:30,95,35,60,0,0,0
2024-02-19 11:45,122,66,56,0,0,0
2024-02-19 12:00,118,50,68,0,0,0
2024-02-19 12:15,93,40,53,0,0,0
2024-02-19 12:30,120,51,69,0,0,0
2024-02-19 12:45,117,48,69,0,0,0
2024-02-19 13:00,109,43,66,0,0,0
2024-02-19 13:15,106,33,73,0,0,0
2024-02-19 13:30,105,42,63,0,0,0
2024-02-19 13:45,123,71,52,0,0,0
2024-02-19 14:00,111,45,66,0,0,0
2024-02-19 14:15,112,56,56,0,0,0
2024-02-19 14:30,103,41,62,0,0,0
2024-02-19 14:45,130,59,71,0,0,0
2024-02-19 15:00,137,60,77,0,0,0
2024-02-19 15:15,125,59,66,0,0,0
2024-02-19 15:30,143,55,88,0,0,0
2024-02-19 15:45,133,65,68,0,0,0
2024-02-19 16:00,147,51,96,0,0,0
2024-02-19 16:15,180,78,102,0,0,0
2024-02-19 16:30,162,58,104,0,0,0
2024-02-19 16:45,159,73,86,0,0,0
2024-02-19 17:00,188,68,120,0,0,0
2024-02-19 17:15,156,51,105,0,0,0
2024-02-19 17:30,148,49,99,0,0,0
2024-02-19 17:45,177,49,128,0,0,0
2024-02-19 18:00,138,41,97,0,0,0
2024-02-19 18:15,102,35,67,0,0,0
2024-02-19 18:30,97,28,69,0,0,0
2024-02-19 18:45,106,41,65,0,0,0
2024-02-19 19:00,83,30,53,0,0,0
2024-02-19 19:15,83,27,56,0,0,0
2024-02-19 19:30,56,29,27,0,0,0
2024-02-19 19:45,74,23,51,0,0,0
2024-02-19 20:00,83,31,52,0,0,0
2024-02-19 20:15,40,17,23,0,0,0
2024-02-19 20:30,42,11,31,0,0,0
2024-02-19 20:45,38,12,26,0,0,0
2024-02-19 21:00,43,20,23,0,0,0
2024-02-19 21:15,30,13,17,0,0,0
2024-02-19 21:30,51,14,37,0,0,0
2024-02-19 21:45,36,14,22,0,0,0
2024-02-19 22:00,50,12,38,0,0,0
2024-02-19 22:15,30,10,20,0,0,0
2024-02-19 22:30,43,9,34,0,0,0
2024-02-19 22:45,19,6,13,0,0,0
2024-02-19 23:00,16,2,14,0,0,0
2024-02-19 23:15,18,9,9,0,0,0
2024-02-19 23:30,12,5,7,0,0,0
2024-02-19 23:45,11,3,8,0,0,0
