Datetime,100034980 (Hammer Straße),101034980 (Hammer Straße stadteinwärts),102034980 (Hammer Straße stadtauswärts),100034980-status,101034980-status,102034980-status
2025-09-01 00:00,4,1,3,0,0,0
2025-09-01 00:15,5,1,4,0,0,0
2025-09-01 00:30,6,4,2,0,0,0
2025-09-01 00:45,5,1,4,0,0,0
2025-09-01 01:00,4,1,3,0,0,0
2025-09-01 01:15,1,0,1,0,0,0
2025-09-01 01:30,3,2,1,0,0,0
2025-09-01 01:45,0,0,0,0,0,0
2025-09-01 02:00,2,1,1,0,0,0
2025-09-01 02:15,0,0,0,0,0,0
2025-09-01 02:30,1,1,0,0,0,0
2025-09-01 02:45,0,0,0,0,0,0
2025-09-01 03:00,2,2,0,0,0,0
2025-09-01 03:15,1,0,1,0,0,0
2025-09-01 03:30,2,0,2,0,0,0
2025-09-01 03:45,1,0,1,0,0,0
2025-09-01 04:00,0,0,0,0,0,0
2025-09-01 04:15,0,0,0,0,0,0
2025-09-01 04:30,0,0,0,0,0,0
2025-09-01 04:45,3,3,0,0,0,0
2025-09-01 05:00,2,0,2,0,0,0
2025-09-01 05:15,9,4,5,0,0,0
2025-09-01 05:30,13,6,7,0,0,0
2025-09-01 05:45,13,6,7,0,0,0
2025-09-01 06:00,17,9,8,0,0,0
2025-09-01 06:15,31,21,10,0,0,0
2025-09-01 06:30,28,20,8,0,0,0
2025-09-01 06:45,45,28,17,0,0,0
2025-09-01 07:00,64,36,28,0,0,0
2025-09-01 07:15,93,45,48,0,0,0
2025-09-01 07:30,171,113,58,0,0,0
2025-09-01 07:45,154,93,61,0,0,0
2025-09-01 08:00,137,87,50,0,0,0
2025-09-01 08:15,136,95,41,0,0,0
2025-09-01 08:30,136,98,38,0,0,0
2025-09-01 08:45,129,90,39,0,0,0
2025-09-01 09:00,72,44,28,0,0,0
2025-09-01 09:15,89,58,31,0,0,0
2025-09-01 09:30,94,64,30,0,0,0
2025-09-01 09:45,98,62,36,0,0,0
2025-09-01 10:00,76,43,33,0,0,0
2025-09-01 10:15,70,43,27,0,0,0
2025-09-01 10:30,100,59,41,0,0,0
2025-09-01 10:45,117,60,57,0,0,0
2025-09-01 11:00,95,48,47,0,0,0
2025-09-01 11:15,93,51,42,0,0,0
2025-09-01 11:30,110,52,58,0,0,0
2025-09-01 11:45,93,40,53,0,0,0
2025-09-01 12:00,104,51,53,0,0,0
2025-09-01 12:15,128,63,65,0,0,0
2025-09-01 12:30,107,55,52,0,0,0
2025-09-01 12:45,115,56,59,0,0,0
2025-09-01 13:00,111,44,67,0,0,0
2025-09-01 13:15,119,50,69,0,0,0
2025-09-01 13:30,127,59,68,0,0,0
2025-09-01 13:45,142,53,89,0,0,0
2025-09-01 14:00,131,62,69,0,0,0
2025-09-01 14:15,122,51,71,0,0,0
2025-09-01 14:30,137,67,70,0,0,0
2025-09-01 14:45,167,78,89,0,0,0
2025-09-01 15:00,126,60,66,0,0,0
2025-09-01 15:15,156,69,87,0,0,0
2025-09-01 15:30,177,78,99,0,0,0
2025-09-01 15:45,199,73,126,0,0,0
2025-09-01 16:00,176,73,103,0,0,0
2025-09-01 16:15,190,95,95,0,0,0
2025-09-01 16:30,230,103,127,0,0,0
2025-09-01 16:45,198,90,108,0,0,0
2025-09-01 17:00,218,75,143,0,0,0
2025-09-01 17:15,234,93,141,0,0,0
2025-09-01 17:30,222,84,138,0,0,0
2025-09-01 17:45,210,73,137,0,0,0
2025-09-01 18:00,171,49,122,0,0,0
2025-09-01 18:15,162,64,98,0,0,0
2025-09-01 18:30,153,57,96,0,0,0
2025-09-01 18:45,139,57,82,0,0,0
2025-09-01 19:00,150,64,86,0,0,0
2025-09-01 19:15,145,45,100,0,0,0
2025-09-01 19:30,101,35,66,0,0,0
2025-09-01 19:45,110,41,69,0,0,0
2025-09-01 20:00,80,28,52,0,0,0
2025-09-01 20:15,100,33,67,0,0,0
2025-09-01 20:30,50,23,27,0,0,0
2025-09-01 20:45,63,24,39,0,0,0
2025-09-01 21:00,62,25,37,0,0,0
2025-09-01 21:15,46,21,25,0,0,0
2025-09-01 21:30,53,18,35,0,0,0
2025-09-01 21:45,51,20,31,0,0,0
2025-09-01 22:00,45,22,23,0,0,0
2025-09-01 22:15,37,12,25,0,0,0
2025-09-01 22:30,37,18,19,0,0,0
2025-09-01 22:45,15,6,9,0,0,0
2025-09-01 23:00,22,5,17,0,0,0
2025-09-01 23:15,13,7,6,0,0,0
2025-09-01 23:30,20,3,17,0,0,0
2025-09-01 23:45,8,4,4,0,0,0
2025-09-02 00:00,8,3,5,0,0,0
2025-09-02 00:15,10,2,8,0,0,0
2025-09-02 00:30,5,0,5,0,0,0
2025-09-02 00:45,8,2,6,0,0,0
2025-09-02 01:00,3,0,3,0,0,0
2025-09-02 01:15,5,1,4,0,0,0
2025-09-02 01:30,3,1,2,0,0,0
2025-09-02 01:45,3,1,2,0,0,0
2025-09-02 02:00,0,0,0,0,0,0
2025-09-02 02:15,1,1,0,0,0,0
2025-09-02 02:30,2,2,0,0,0,0
2025-09-02 02:45,2,2,0,0,0,0
2025-09-02 03:00,1,1,0,0,0,0
2025-09-02 03:15,1,0,1,0,0,0
2025-09-02 03:30,2,0,2,0,0,0
2025-09-02 03:45,2,0,2,0,0,0
2025-09-02 04:00,0,0,0,0,0,0
2025-09-02 04:15,2,1,1,0,0,0
2025-09-02 04:30,2,2,0,0,0,0
2025-09-02 04:45,4,3,1,0,0,0
2025-09-02 05:00,5,3,2,0,0,0
2025-09-02 05:15,11,5,6,0,0,0
2025-09-02 05:30,20,10,10,0,0,0
2025-09-02 05:45,28,14,14,0,0,0
2025-09-02 06:00,27,20,7,0,0,0
2025-09-02 06:15,48,33,15,0,0,0
2025-09-02 06:30,47,34,13,0,0,0
2025-09-02 06:45,83,55,28,0,0,0
2025-09-02 07:00,86,50,36,0,0,0
2025-09-02 07:15,155,94,61,0,0,0
2025-09-02 07:30,228,151,77,0,0,0
2025-09-02 07:45,175,105,70,0,0,0
2025-09-02 08:00,180,116,64,0,0,0
2025-09-02 08:15,180,102,78,0,0,0
2025-09-02 08:30,159,104,55,0,0,0
2025-09-02 08:45,162,100,62,0,0,0
2025-09-02 09:00,96,60,36,0,0,0
2025-09-02 09:15,102,61,41,0,0,0
2025-09-02 09:30,136,95,41,0,0,0
2025-09-02 09:45,127,95,32,0,0,0
2025-09-02 10:00,93,61,32,0,0,0
2025-09-02 10:15,100,49,51,0,0,0
2025-09-02 10:30,117,62,55,0,0,0
2025-09-02 10:45,126,75,51,0,0,0
2025-09-02 11:00,101,50,51,0,0,0
2025-09-02 11:15,133,70,63,0,0,0
2025-09-02 11:30,107,54,53,0,0,0
2025-09-02 11:45,143,71,72,0,0,0
2025-09-02 12:00,112,59,53,0,0,0
2025-09-02 12:15,154,62,92,0,0,0
2025-09-02 12:30,167,63,104,0,0,0
2025-09-02 12:45,158,86,72,0,0,0
2025-09-02 13:00,137,59,78,0,0,0
2025-09-02 13:15,166,65,101,0,0,0
2025-09-02 13:30,146,75,71,0,0,0
2025-09-02 13:45,185,75,110,0,0,0
2025-09-02 14:00,177,86,91,0,0,0
2025-09-02 14:15,182,70,112,0,0,0
2025-09-02 14:30,160,75,85,0,0,0
2025-09-02 14:45,201,90,111,0,0,0
2025-09-02 15:00,209,79,130,0,0,0
2025-09-02 15:15,213,95,118,0,0,0
2025-09-02 15:30,203,97,106,0,0,0
2025-09-02 15:45,244,106,138,0,0,0
2025-09-02 16:00,230,97,133,0,0,0
2025-09-02 16:15,216,86,130,0,0,0
2025-09-02 16:30,228,106,122,0,0,0
2025-09-02 16:45,259,101,158,0,0,0
2025-09-02 17:00,255,99,156,0,0,0
2025-09-02 17:15,256,112,144,0,0,0
2025-09-02 17:30,197,73,124,0,0,0
2025-09-02 17:45,243,102,141,0,0,0
2025-09-02 18:00,210,72,138,0,0,0
2025-09-02 18:15,201,77,124,0,0,0
2025-09-02 18:30,169,62,107,0,0,0
2025-09-02 18:45,169,58,111,0,0,0
2025-09-02 19:00,131,39,92,0,0,0
2025-09-02 19:15,136,68,68,0,0,0
2025-09-02 19:30,138,48,90,0,0,0
2025-09-02 19:45,134,46,88,0,0,0
2025-09-02 20:00,122,39,83,0,0,0
2025-09-02 20:15,113,38,75,0,0,0
2025-09-02 20:30,85,34,51,0,0,0
2025-09-02 20:45,62,24,38,0,0,0
2025-09-02 21:00,65,28,37,0,0,0
2025-09-02 21:15,46,17,29,0,0,0
2025-09-02 21:30,60,11,49,0,0,0
2025-09-02 21:45,73,20,53,0,0,0
2025-09-02 22:00,70,19,51,0,0,0
2025-09-02 22:15,51,24,27,0,0,0
2025-09-02 22:30,31,11,20,0,0,0
2025-09-02 22:45,39,11,28,0,0,0
2025-09-02 23:00,27,7,20,0,0,0
2025-09-02 23:15,32,10,22,0,0,0
2025-09-02 23:30,13,2,11,0,0,0
2025-09-02 23:45,7,4,3,0,0,0
2025-09-03 00:00,6,3,3,0,0,0
2025-09-03 00:15,3,1,2,0,0,0
2025-09-03 00:30,4,0,4,0,0,0
2025-09-03 00:45,7,3,4,0,0,0
2025-09-03 01:00,6,1,5,0,0,0
2025-09-03 01:15,3,2,1,0,0,0
2025-09-03 01:30,3,0,3,0,0,0
2025-09-03 01:45,4,1,3,0,0,0
2025-09-03 02:00,0,0,0,0,0,0
2025-09-03 02:15,3,1,2,0,0,0
2025-09-03 02:30,0,0,0,0,0,0
2025-09-03 02:45,0,0,0,0,0,0
2025-09-03 03:00,1,1,0,0,0,0
2025-09-03 03:15,1,0,1,0,0,0
2025-09-03 03:30,2,0,2,0,0,0
2025-09-03 03:45,1,0,1,0,0,0
2025-09-03 04:00,3,2,1,0,0,0
2025-09-03 04:15,3,2,1,0,0,0
2025-09-03 04:30,0,0,0,0,0,0
2025-09-03 04:45,4,4,0,0,0,0
2025-09-03 05:00,5,2,3,0,0,0
2025-09-03 05:15,8,6,2,0,0,0
2025-09-03 05:30,28,16,12,0,0,0
2025-09-03 05:45,23,15,8,0,0,0
2025-09-03 06:00,38,24,14,0,0,0
2025-09-03 06:15,39,26,13,0,0,0
2025-09-03 06:30,47,32,15,0,0,0
2025-09-03 06:45,76,45,31,0,0,0
2025-09-03 07:00,100,63,37,0,0,0
2025-09-03 07:15,126,76,50,0,0,0
2025-09-03 07:30,196,118,78,0,0,0
2025-09-03 07:45,172,114,58,0,0,0
2025-09-03 08:00,175,109,66,0,0,0
2025-09-03 08:15,172,115,57,0,0,0
2025-09-03 08:30,162,113,49,0,0,0
2025-09-03 08:45,177,112,65,0,0,0
2025-09-03 09:00,123,78,45,0,0,0
2025-09-03 09:15,111,67,44,0,0,0
2025-09-03 09:30,109,71,38,0,0,0
2025-09-03 09:45,128,87,41,0,0,0
2025-09-03 10:00,124,87,37,0,0,0
2025-09-03 10:15,119,75,44,0,0,0
2025-09-03 10:30,119,66,53,0,0,0
2025-09-03 10:45,128,69,59,0,0,0
2025-09-03 11:00,104,65,39,0,0,0
2025-09-03 11:15,119,56,63,0,0,0
2025-09-03 11:30,129,70,59,0,0,0
2025-09-03 11:45,164,89,75,0,0,0
2025-09-03 12:00,161,79,82,0,0,0
2025-09-03 12:15,177,80,97,0,0,0
2025-09-03 12:30,156,76,80,0,0,0
2025-09-03 12:45,164,66,98,0,0,0
2025-09-03 13:00,153,73,80,0,0,0
2025-09-03 13:15,145,60,85,0,0,0
2025-09-03 13:30,161,66,95,0,0,0
2025-09-03 13:45,149,53,96,0,0,0
2025-09-03 14:00,166,63,103,0,0,0
2025-09-03 14:15,174,61,113,0,0,0
2025-09-03 14:30,166,61,105,0,0,0
2025-09-03 14:45,191,89,102,0,0,0
2025-09-03 15:00,192,73,119,0,0,0
2025-09-03 15:15,184,89,95,0,0,0
2025-09-03 15:30,199,83,116,0,0,0
2025-09-03 15:45,221,102,119,0,0,0
2025-09-03 16:00,170,75,95,0,0,0
2025-09-03 16:15,177,81,96,0,0,0
2025-09-03 16:30,218,103,115,0,0,0
2025-09-03 16:45,201,94,107,0,0,0
2025-09-03 17:00,215,92,123,0,0,0
2025-09-03 17:15,245,102,143,0,0,0
2025-09-03 17:30,199,83,116,0,0,0
2025-09-03 17:45,219,88,131,0,0,0
2025-09-03 18:00,199,67,132,0,0,0
2025-09-03 18:15,209,80,129,0,0,0
2025-09-03 18:30,142,57,85,0,0,0
2025-09-03 18:45,158,58,100,0,0,0
2025-09-03 19:00,144,40,104,0,0,0
2025-09-03 19:15,131,53,78,0,0,0
2025-09-03 19:30,109,44,65,0,0,0
2025-09-03 19:45,110,44,66,0,0,0
2025-09-03 20:00,75,25,50,0,0,0
2025-09-03 20:15,91,33,58,0,0,0
2025-09-03 20:30,70,29,41,0,0,0
2025-09-03 20:45,72,29,43,0,0,0
2025-09-03 21:00,73,24,49,0,0,0
2025-09-03 21:15,65,25,40,0,0,0
2025-09-03 21:30,73,15,58,0,0,0
2025-09-03 21:45,66,21,45,0,0,0
2025-09-03 22:00,52,18,34,0,0,0
2025-09-03 22:15,52,12,40,0,0,0
2025-09-03 22:30,56,21,35,0,0,0
2025-09-03 22:45,55,15,40,0,0,0
2025-09-03 23:00,24,6,18,0,0,0
2025-09-03 23:15,24,6,18,0,0,0
2025-09-03 23:30,18,7,11,0,0,0
2025-09-03 23:45,11,6,5,0,0,0
2025-09-04 00:00,11,4,7,0,0,0
2025-09-04 00:15,13,5,8,0,0,0
2025-09-04 00:30,8,1,7,0,0,0
2025-09-04 00:45,9,2,7,0,0,0
2025-09-04 01:00,3,0,3,0,0,0
2025-09-04 01:15,4,2,2,0,0,0
2025-09-04 01:30,5,0,5,0,0,0
2025-09-04 01:45,2,1,1,0,0,0
2025-09-04 02:00,2,2,0,0,0,0
2025-09-04 02:15,2,0,2,0,0,0
2025-09-04 02:30,1,1,0,0,0,0
2025-09-04 02:45,3,1,2,0,0,0
2025-09-04 03:00,1,1,0,0,0,0
2025-09-04 03:15,0,0,0,0,0,0
2025-09-04 03:30,1,0,1,0,0,0
2025-09-04 03:45,3,0,3,0,0,0
2025-09-04 04:00,0,0,0,0,0,0
2025-09-04 04:15,2,1,1,0,0,0
2025-09-04 04:30,0,0,0,0,0,0
2025-09-04 04:45,5,5,0,0,0,0
2025-09-04 05:00,5,2,3,0,0,0
2025-09-04 05:15,11,5,6,0,0,0
2025-09-04 05:30,22,14,8,0,0,0
2025-09-04 05:45,22,15,7,0,0,0
2025-09-04 06:00,26,15,11,0,0,0
2025-09-04 06:15,36,26,10,0,0,0
2025-09-04 06:30,46,25,21,0,0,0
2025-09-04 06:45,77,46,31,0,0,0
2025-09-04 07:00,80,54,26,0,0,0
2025-09-04 07:15,123,71,52,0,0,0
2025-09-04 07:30,201,131,70,0,0,0
2025-09-04 07:45,215,143,72,0,0,0
2025-09-04 08:00,166,104,62,0,0,0
2025-09-04 08:15,160,105,55,0,0,0
2025-09-04 08:30,136,81,55,0,0,0
2025-09-04 08:45,157,103,54,0,0,0
2025-09-04 09:00,99,65,34,0,0,0
2025-09-04 09:15,104,63,41,0,0,0
2025-09-04 09:30,117,83,34,0,0,0
2025-09-04 09:45,134,89,45,0,0,0
2025-09-04 10:00,105,60,45,0,0,0
2025-09-04 10:15,110,68,42,0,0,0
2025-09-04 10:30,96,53,43,0,0,0
2025-09-04 10:45,135,78,57,0,0,0
2025-09-04 11:00,97,41,56,0,0,0
2025-09-04 11:15,119,57,62,0,0,0
2025-09-04 11:30,120,51,69,0,0,0
2025-09-04 11:45,118,52,66,0,0,0
2025-09-04 12:00,147,66,81,0,0,0
2025-09-04 12:15,125,45,80,0,0,0
2025-09-04 12:30,176,76,100,0,0,0
2025-09-04 12:45,151,60,91,0,0,0
2025-09-04 13:00,142,65,77,0,0,0
2025-09-04 13:15,157,56,101,0,0,0
2025-09-04 13:30,140,57,83,0,0,0
2025-09-04 13:45,168,74,94,0,0,0
2025-09-04 14:00,149,72,77,0,0,0
2025-09-04 14:15,135,56,79,0,0,0
2025-09-04 14:30,170,75,95,0,0,0
2025-09-04 14:45,185,89,96,0,0,0
2025-09-04 15:00,181,68,113,0,0,0
2025-09-04 15:15,181,91,90,0,0,0
2025-09-04 15:30,189,79,110,0,0,0
2025-09-04 15:45,202,91,111,0,0,0
2025-09-04 16:00,216,84,132,0,0,0
2025-09-04 16:15,195,98,97,0,0,0
2025-09-04 16:30,232,112,120,0,0,0
2025-09-04 16:45,226,97,129,0,0,0
2025-09-04 17:00,220,82,138,0,0,0
2025-09-04 17:15,246,87,159,0,0,0
2025-09-04 17:30,217,91,126,0,0,0
2025-09-04 17:45,233,84,149,0,0,0
2025-09-04 18:00,193,65,128,0,0,0
2025-09-04 18:15,188,78,110,0,0,0
2025-09-04 18:30,159,61,98,0,0,0
2025-09-04 18:45,163,63,100,0,0,0
2025-09-04 19:00,139,57,82,0,0,0
2025-09-04 19:15,118,39,79,0,0,0
2025-09-04 19:30,102,27,75,0,0,0
2025-09-04 19:45,118,36,82,0,0,0
2025-09-04 20:00,101,29,72,0,0,0
2025-09-04 20:15,103,36,67,0,0,0
2025-09-04 20:30,75,27,48,0,0,0
2025-09-04 20:45,74,27,47,0,0,0
2025-09-04 21:00,101,31,70,0,0,0
2025-09-04 21:15,65,17,48,0,0,0
2025-09-04 21:30,48,15,33,0,0,0
2025-09-04 21:45,65,18,47,0,0,0
2025-09-04 22:00,73,16,57,0,0,0
2025-09-04 22:15,75,27,48,0,0,0
2025-09-04 22:30,52,15,37,0,0,0
2025-09-04 22:45,38,14,24,0,0,0
2025-09-04 23:00,34,10,24,0,0,0
2025-09-04 23:15,28,6,22,0,0,0
2025-09-04 23:30,31,4,27,0,0,0
2025-09-04 23:45,25,10,15,0,0,0
2025-09-05 00:00,12,3,9,0,0,0
2025-09-05 00:15,11,6,5,0,0,0
2025-09-05 00:30,7,1,6,0,0,0
2025-09-05 00:45,5,2,3,0,0,0
2025-09-05 01:00,1,0,1,0,0,0
2025-09-05 01:15,2,1,1,0,0,0
2025-09-05 01:30,2,0,2,0,0,0
2025-09-05 01:45,6,0,6,0,0,0
2025-09-05 02:00,0,0,0,0,0,0
2025-09-05 02:15,2,0,2,0,0,0
2025-09-05 02:30,2,2,0,0,0,0
2025-09-05 02:45,0,0,0,0,0,0
2025-09-05 03:00,1,1,0,0,0,0
2025-09-05 03:15,0,0,0,0,0,0
2025-09-05 03:30,3,0,3,0,0,0
2025-09-05 03:45,3,0,3,0,0,0
2025-09-05 04:00,1,0,1,0,0,0
2025-09-05 04:15,1,1,0,0,0,0
2025-09-05 04:30,1,1,0,0,0,0
2025-09-05 04:45,3,3,0,0,0,0
2025-09-05 05:00,3,1,2,0,0,0
2025-09-05 05:15,10,5,5,0,0,0
2025-09-05 05:30,15,10,5,0,0,0
2025-09-05 05:45,20,17,3,0,0,0
2025-09-05 06:00,20,10,10,0,0,0
2025-09-05 06:15,32,23,9,0,0,0
2025-09-05 06:30,34,24,10,0,0,0
2025-09-05 06:45,67,40,27,0,0,0
2025-09-05 07:00,74,44,30,0,0,0
2025-09-05 07:15,128,76,52,0,0,0
2025-09-05 07:30,177,109,68,0,0,0
2025-09-05 07:45,172,107,65,0,0,0
2025-09-05 08:00,147,113,34,0,0,0
2025-09-05 08:15,138,97,41,0,0,0
2025-09-05 08:30,117,76,41,0,0,0
2025-09-05 08:45,174,114,60,0,0,0
2025-09-05 09:00,145,91,54,0,0,0
2025-09-05 09:15,118,75,43,0,0,0
2025-09-05 09:30,105,73,32,0,0,0
2025-09-05 09:45,158,110,48,0,0,0
2025-09-05 10:00,96,52,44,0,0,0
2025-09-05 10:15,110,71,39,0,0,0
2025-09-05 10:30,112,55,57,0,0,0
2025-09-05 10:45,126,71,55,0,0,0
2025-09-05 11:00,122,58,64,0,0,0
2025-09-05 11:15,167,70,97,0,0,0
2025-09-05 11:30,128,50,78,0,0,0
2025-09-05 11:45,146,81,65,0,0,0
2025-09-05 12:00,158,72,86,0,0,0
2025-09-05 12:15,170,74,96,0,0,0
2025-09-05 12:30,177,81,96,0,0,0
2025-09-05 12:45,166,67,99,0,0,0
2025-09-05 13:00,165,62,103,0,0,0
2025-09-05 13:15,178,73,105,0,0,0
2025-09-05 13:30,142,64,78,0,0,0
2025-09-05 13:45,202,80,122,0,0,0
2025-09-05 14:00,167,78,89,0,0,0
2025-09-05 14:15,172,64,108,0,0,0
2025-09-05 14:30,177,71,106,0,0,0
2025-09-05 14:45,215,101,114,0,0,0
2025-09-05 15:00,178,64,114,0,0,0
2025-09-05 15:15,190,77,113,0,0,0
2025-09-05 15:30,215,87,128,0,0,0
2025-09-05 15:45,131,50,81,0,0,0
2025-09-05 16:00,116,34,82,0,0,0
2025-09-05 16:15,106,47,59,0,0,0
2025-09-05 16:30,162,55,107,0,0,0
2025-09-05 16:45,146,52,94,0,0,0
2025-09-05 17:00,153,67,86,0,0,0
2025-09-05 17:15,156,70,86,0,0,0
2025-09-05 17:30,151,63,88,0,0,0
2025-09-05 17:45,159,63,96,0,0,0
2025-09-05 18:00,168,63,105,0,0,0
2025-09-05 18:15,159,61,98,0,0,0
2025-09-05 18:30,161,62,99,0,0,0
2025-09-05 18:45,153,78,75,0,0,0
2025-09-05 19:00,125,53,72,0,0,0
2025-09-05 19:15,102,53,49,0,0,0
2025-09-05 19:30,116,58,58,0,0,0
2025-09-05 19:45,119,58,61,0,0,0
2025-09-05 20:00,105,50,55,0,0,0
2025-09-05 20:15,110,39,71,0,0,0
2025-09-05 20:30,68,24,44,0,0,0
2025-09-05 20:45,76,31,45,0,0,0
2025-09-05 21:00,87,32,55,0,0,0
2025-09-05 21:15,52,23,29,0,0,0
2025-09-05 21:30,84,26,58,0,0,0
2025-09-05 21:45,50,19,31,0,0,0
2025-09-05 22:00,75,24,51,0,0,0
2025-09-05 22:15,66,14,52,0,0,0
2025-09-05 22:30,73,23,50,0,0,0
2025-09-05 22:45,62,19,43,0,0,0
2025-09-05 23:00,60,11,49,0,0,0
2025-09-05 23:15,35,11,24,0,0,0
2025-09-05 23:30,42,8,34,0,0,0
2025-09-05 23:45,41,8,33,0,0,0
2025-09-06 00:00,25,6,19,0,0,0
2025-09-06 00:15,42,8,34,0,0,0
2025-09-06 00:30,34,8,26,0,0,0
2025-09-06 00:45,22,2,20,0,0,0
2025-09-06 01:00,17,6,11,0,0,0
2025-09-06 01:15,18,5,13,0,0,0
2025-09-06 01:30,17,3,14,0,0,0
2025-09-06 01:45,17,7,10,0,0,0
2025-09-06 02:00,12,2,10,0,0,0
2025-09-06 02:15,10,2,8,0,0,0
2025-09-06 02:30,11,3,8,0,0,0
2025-09-06 02:45,8,0,8,0,0,0
2025-09-06 03:00,8,2,6,0,0,0
2025-09-06 03:15,8,1,7,0,0,0
2025-09-06 03:30,5,0,5,0,0,0
2025-09-06 03:45,2,0,2,0,0,0
2025-09-06 04:00,6,3,3,0,0,0
2025-09-06 04:15,0,0,0,0,0,0
2025-09-06 04:30,4,0,4,0,0,0
2025-09-06 04:45,0,0,0,0,0,0
2025-09-06 05:00,9,4,5,0,0,0
2025-09-06 05:15,6,4,2,0,0,0
2025-09-06 05:30,5,1,4,0,0,0
2025-09-06 05:45,8,6,2,0,0,0
2025-09-06 06:00,7,2,5,0,0,0
2025-09-06 06:15,11,5,6,0,0,0
2025-09-06 06:30,7,4,3,0,0,0
2025-09-06 06:45,17,13,4,0,0,0
2025-09-06 07:00,15,10,5,0,0,0
2025-09-06 07:15,11,9,2,0,0,0
2025-09-06 07:30,32,18,14,0,0,0
2025-09-06 07:45,28,15,13,0,0,0
2025-09-06 08:00,31,17,14,0,0,0
2025-09-06 08:15,46,28,18,0,0,0
2025-09-06 08:30,45,31,14,0,0,0
2025-09-06 08:45,89,57,32,0,0,0
2025-09-06 09:00,63,38,25,0,0,0
2025-09-06 09:15,59,36,23,0,0,0
2025-09-06 09:30,92,67,25,0,0,0
2025-09-06 09:45,141,98,43,0,0,0
2025-09-06 10:00,125,103,22,0,0,0
2025-09-06 10:15,142,94,48,0,0,0
2025-09-06 10:30,125,83,42,0,0,0
2025-09-06 10:45,154,110,44,0,0,0
2025-09-06 11:00,168,106,62,0,0,0
2025-09-06 11:15,155,100,55,0,0,0
2025-09-06 11:30,174,97,77,0,0,0
2025-09-06 11:45,195,134,61,0,0,0
2025-09-06 12:00,191,100,91,0,0,0
2025-09-06 12:15,230,116,114,0,0,0
2025-09-06 12:30,165,89,76,0,0,0
2025-09-06 12:45,179,98,81,0,0,0
2025-09-06 13:00,187,94,93,0,0,0
2025-09-06 13:15,196,100,96,0,0,0
2025-09-06 13:30,185,95,90,0,0,0
2025-09-06 13:45,207,106,101,0,0,0
2025-09-06 14:00,194,89,105,0,0,0
2025-09-06 14:15,216,93,123,0,0,0
2025-09-06 14:30,191,74,117,0,0,0
2025-09-06 14:45,205,86,119,0,0,0
2025-09-06 15:00,181,70,111,0,0,0
2025-09-06 15:15,187,80,107,0,0,0
2025-09-06 15:30,179,70,109,0,0,0
2025-09-06 15:45,149,50,99,0,0,0
2025-09-06 16:00,199,89,110,0,0,0
2025-09-06 16:15,173,78,95,0,0,0
2025-09-06 16:30,152,78,74,0,0,0
2025-09-06 16:45,160,81,79,0,0,0
2025-09-06 17:00,140,68,72,0,0,0
2025-09-06 17:15,151,68,83,0,0,0
2025-09-06 17:30,172,83,89,0,0,0
2025-09-06 17:45,166,85,81,0,0,0
2025-09-06 18:00,164,74,90,0,0,0
2025-09-06 18:15,150,77,73,0,0,0
2025-09-06 18:30,123,51,72,0,0,0
2025-09-06 18:45,160,86,74,0,0,0
2025-09-06 19:00,142,67,75,0,0,0
2025-09-06 19:15,155,69,86,0,0,0
2025-09-06 19:30,127,60,67,0,0,0
2025-09-06 19:45,124,66,58,0,0,0
2025-09-06 20:00,131,46,85,0,0,0
2025-09-06 20:15,111,53,58,0,0,0
2025-09-06 20:30,120,51,69,0,0,0
2025-09-06 20:45,96,38,58,0,0,0
2025-09-06 21:00,123,48,75,0,0,0
2025-09-06 21:15,81,29,52,0,0,0
2025-09-06 21:30,80,33,47,0,0,0
2025-09-06 21:45,90,20,70,0,0,0
2025-09-06 22:00,100,35,65,0,0,0
2025-09-06 22:15,92,18,74,0,0,0
2025-09-06 22:30,89,15,74,0,0,0
2025-09-06 22:45,89,17,72,0,0,0
2025-09-06 23:00,91,20,71,0,0,0
2025-09-06 23:15,76,15,61,0,0,0
2025-09-06 23:30,58,20,38,0,0,0
2025-09-06 23:45,62,15,47,0,0,0
2025-09-07 00:00,65,8,57,0,0,0
2025-09-07 00:15,62,17,45,0,0,0
2025-09-07 00:30,42,12,30,0,0,0
2025-09-07 00:45,23,5,18,0,0,0
2025-09-07 01:00,39,4,35,0,0,0
2025-09-07 01:15,26,8,18,0,0,0
2025-09-07 01:30,19,2,17,0,0,0
2025-09-07 01:45,9,4,5,0,0,0
2025-09-07 02:00,14,4,10,0,0,0
2025-09-07 02:15,15,3,12,0,0,0
2025-09-07 02:30,14,6,8,0,0,0
2025-09-07 02:45,11,0,11,0,0,0
2025-09-07 03:00,5,1,4,0,0,0
2025-09-07 03:15,5,1,4,0,0,0
2025-09-07 03:30,6,0,6,0,0,0
2025-09-07 03:45,2,1,1,0,0,0
2025-09-07 04:00,5,0,5,0,0,0
2025-09-07 04:15,0,0,0,0,0,0
2025-09-07 04:30,3,1,2,0,0,0
2025-09-07 04:45,9,3,6,0,0,0
2025-09-07 05:00,0,0,0,0,0,0
2025-09-07 05:15,8,2,6,0,0,0
2025-09-07 05:30,6,2,4,0,0,0
2025-09-07 05:45,3,2,1,0,0,0
2025-09-07 06:00,2,1,1,0,0,0
2025-09-07 06:15,5,3,2,0,0,0
2025-09-07 06:30,10,5,5,0,0,0
2025-09-07 06:45,3,1,2,0,0,0
2025-09-07 07:00,3,2,1,0,0,0
2025-09-07 07:15,2,2,0,0,0,0
2025-09-07 07:30,5,3,2,0,0,0
2025-09-07 07:45,11,8,3,0,0,0
2025-09-07 08:00,16,6,10,0,0,0
2025-09-07 08:15,11,7,4,0,0,0
2025-09-07 08:30,21,10,11,0,0,0
2025-09-07 08:45,24,8,16,0,0,0
2025-09-07 09:00,19,9,10,0,0,0
2025-09-07 09:15,22,12,10,0,0,0
2025-09-07 09:30,44,25,19,0,0,0
2025-09-07 09:45,52,34,18,0,0,0
2025-09-07 10:00,59,30,29,0,0,0
2025-09-07 10:15,49,31,18,0,0,0
2025-09-07 10:30,45,24,21,0,0,0
2025-09-07 10:45,55,28,27,0,0,0
2025-09-07 11:00,42,25,17,0,0,0
2025-09-07 11:15,45,26,19,0,0,0
2025-09-07 11:30,62,35,27,0,0,0
2025-09-07 11:45,57,34,23,0,0,0
2025-09-07 12:00,41,19,22,0,0,0
2025-09-07 12:15,62,39,23,0,0,0
2025-09-07 12:30,58,29,29,0,0,0
2025-09-07 12:45,91,39,52,0,0,0
2025-09-07 13:00,67,30,37,0,0,0
2025-09-07 13:15,67,35,32,0,0,0
2025-09-07 13:30,92,47,45,0,0,0
2025-09-07 13:45,100,39,61,0,0,0
2025-09-07 14:00,87,47,40,0,0,0
2025-09-07 14:15,76,33,43,0,0,0
2025-09-07 14:30,84,35,49,0,0,0
2025-09-07 14:45,101,40,61,0,0,0
2025-09-07 15:00,104,49,55,0,0,0
2025-09-07 15:15,82,42,40,0,0,0
2025-09-07 15:30,87,40,47,0,0,0
2025-09-07 15:45,94,49,45,0,0,0
2025-09-07 16:00,102,44,58,0,0,0
2025-09-07 16:15,106,44,62,0,0,0
2025-09-07 16:30,101,39,62,0,0,0
2025-09-07 16:45,125,44,81,0,0,0
2025-09-07 17:00,98,43,55,0,0,0
2025-09-07 17:15,114,52,62,0,0,0
2025-09-07 17:30,100,45,55,0,0,0
2025-09-07 17:45,98,39,59,0,0,0
2025-09-07 18:00,96,35,61,0,0,0
2025-09-07 18:15,92,39,53,0,0,0
2025-09-07 18:30,97,51,46,0,0,0
2025-09-07 18:45,70,30,40,0,0,0
2025-09-07 19:00,75,31,44,0,0,0
2025-09-07 19:15,65,22,43,0,0,0
2025-09-07 19:30,79,29,50,0,0,0
2025-09-07 19:45,70,26,44,0,0,0
2025-09-07 20:00,51,19,32,0,0,0
2025-09-07 20:15,46,16,30,0,0,0
2025-09-07 20:30,87,24,63,0,0,0
2025-09-07 20:45,46,20,26,0,0,0
2025-09-07 21:00,39,15,24,0,0,0
2025-09-07 21:15,41,12,29,0,0,0
2025-09-07 21:30,23,7,16,0,0,0
2025-09-07 21:45,35,12,23,0,0,0
2025-09-07 22:00,27,7,20,0,0,0
2025-09-07 22:15,36,13,23,0,0,0
2025-09-07 22:30,38,9,29,0,0,0
2025-09-07 22:45,17,5,12,0,0,0
2025-09-07 23:00,23,12,11,0,0,0
2025-09-07 23:15,9,5,4,0,0,0
2025-09-07 23:30,9,3,6,0,0,0
2025-09-07 23:45,7,2,5,0,0,0
2025-09-08 00:00,6,1,5,0,0,0
2025-09-08 00:15,1,0,1,0,0,0
2025-09-08 00:30,2,1,1,0,0,0
2025-09-08 00:45,1,0,1,0,0,0
2025-09-08 01:00,8,0,8,0,0,0
2025-09-08 01:15,2,1,1,0,0,0
2025-09-08 01:30,2,0,2,0,0,0
2025-09-08 01:45,0,0,0,0,0,0
2025-09-08 02:00,1,0,1,0,0,0
2025-09-08 02:15,2,2,0,0,0,0
2025-09-08 02:30,2,1,1,0,0,0
2025-09-08 02:45,1,0,1,0,0,0
2025-09-08 03:00,3,1,2,0,0,0
2025-09-08 03:15,0,0,0,0,0,0
2025-09-08 03:30,1,0,1,0,0,0
2025-09-08 03:45,1,0,1,0,0,0
2025-09-08 04:00,1,1,0,0,0,0
2025-09-08 04:15,2,1,1,0,0,0
2025-09-08 04:30,0,0,0,0,0,0
2025-09-08 04:45,3,3,0,0,0,0
2025-09-08 05:00,3,1,2,0,0,0
2025-09-08 05:15,10,7,3,0,0,0
2025-09-08 05:30,21,13,8,0,0,0
2025-09-08 05:45,19,11,8,0,0,0
2025-09-08 06:00,23,12,11,0,0,0
2025-09-08 06:15,35,26,9,0,0,0
2025-09-08 06:30,47,33,14,0,0,0
2025-09-08 06:45,56,35,21,0,0,0
2025-09-08 07:00,82,49,33,0,0,0
2025-09-08 07:15,129,79,50,0,0,0
2025-09-08 07:30,189,135,54,0,0,0
2025-09-08 07:45,188,124,64,0,0,0
2025-09-08 08:00,158,108,50,0,0,0
2025-09-08 08:15,157,97,60,0,0,0
2025-09-08 08:30,139,92,47,0,0,0
2025-09-08 08:45,187,127,60,0,0,0
2025-09-08 09:00,118,74,44,0,0,0
2025-09-08 09:15,104,57,47,0,0,0
2025-09-08 09:30,102,70,32,0,0,0
2025-09-08 09:45,124,83,41,0,0,0
2025-09-08 10:00,113,66,47,0,0,0
2025-09-08 10:15,101,60,41,0,0,0
2025-09-08 10:30,108,58,50,0,0,0
2025-09-08 10:45,101,68,33,0,0,0
2025-09-08 11:00,112,41,71,0,0,0
2025-09-08 11:15,121,58,63,0,0,0
2025-09-08 11:30,114,40,74,0,0,0
2025-09-08 11:45,106,44,62,0,0,0
2025-09-08 12:00,118,50,68,0,0,0
2025-09-08 12:15,124,60,64,0,0,0
2025-09-08 12:30,116,50,66,0,0,0
2025-09-08 12:45,110,54,56,0,0,0
2025-09-08 13:00,97,37,60,0,0,0
2025-09-08 13:15,98,36,62,0,0,0
2025-09-08 13:30,108,35,73,0,0,0
2025-09-08 13:45,97,46,51,0,0,0
2025-09-08 14:00,124,55,69,0,0,0
2025-09-08 14:15,109,50,59,0,0,0
2025-09-08 14:30,122,50,72,0,0,0
2025-09-08 14:45,141,55,86,0,0,0
2025-09-08 15:00,135,46,89,0,0,0
2025-09-08 15:15,147,67,80,0,0,0
2025-09-08 15:30,186,65,121,0,0,0
2025-09-08 15:45,186,85,101,0,0,0
2025-09-08 16:00,169,58,111,0,0,0
2025-09-08 16:15,177,73,104,0,0,0
2025-09-08 16:30,165,80,85,0,0,0
2025-09-08 16:45,191,68,123,0,0,0
2025-09-08 17:00,187,57,130,0,0,0
2025-09-08 17:15,194,73,121,0,0,0
2025-09-08 17:30,171,58,113,0,0,0
2025-09-08 17:45,164,65,99,0,0,0
2025-09-08 18:00,153,56,97,0,0,0
2025-09-08 18:15,198,55,143,0,0,0
2025-09-08 18:30,120,41,79,0,0,0
2025-09-08 18:45,119,51,68,0,0,0
2025-09-08 19:00,122,39,83,0,0,0
2025-09-08 19:15,109,46,63,0,0,0
2025-09-08 19:30,71,21,50,0,0,0
2025-09-08 19:45,99,28,71,0,0,0
2025-09-08 20:00,78,38,40,0,0,0
2025-09-08 20:15,64,21,43,0,0,0
2025-09-08 20:30,58,15,43,0,0,0
2025-09-08 20:45,59,20,39,0,0,0
2025-09-08 21:00,48,21,27,0,0,0
2025-09-08 21:15,57,23,34,0,0,0
2025-09-08 21:30,22,5,17,0,0,0
2025-09-08 21:45,43,8,35,0,0,0
2025-09-08 22:00,27,5,22,0,0,0
2025-09-08 22:15,39,12,27,0,0,0
2025-09-08 22:30,24,8,16,0,0,0
2025-09-08 22:45,27,6,21,0,0,0
2025-09-08 23:00,22,7,15,0,0,0
2025-09-08 23:15,15,4,11,0,0,0
2025-09-08 23:30,14,3,11,0,0,0
2025-09-08 23:45,12,3,9,0,0,0
2025-09-09 00:00,10,3,7,0,0,0
2025-09-09 00:15,5,2,3,0,0,0
2025-09-09 00:30,5,1,4,0,0,0
2025-09-09 00:45,7,2,5,0,0,0
2025-09-09 01:00,2,0,2,0,0,0
2025-09-09 01:15,3,0,3,0,0,0
2025-09-09 01:30,1,0,1,0,0,0
2025-09-09 01:45,0,0,0,0,0,0
2025-09-09 02:00,1,0,1,0,0,0
2025-09-09 02:15,2,0,2,0,0,0
2025-09-09 02:30,2,2,0,0,0,0
2025-09-09 02:45,0,0,0,0,0,0
2025-09-09 03:00,1,1,0,0,0,0
2025-09-09 03:15,0,0,0,0,0,0
2025-09-09 03:30,1,0,1,0,0,0
2025-09-09 03:45,2,0,2,0,0,0
2025-09-09 04:00,0,0,0,0,0,0
2025-09-09 04:15,3,2,1,0,0,0
2025-09-09 04:30,1,1,0,0,0,0
2025-09-09 04:45,2,2,0,0,0,0
2025-09-09 05:00,3,1,2,0,0,0
2025-09-09 05:15,8,5,3,0,0,0
2025-09-09 05:30,11,9,2,0,0,0
2025-09-09 05:45,20,7,13,0,0,0
2025-09-09 06:00,19,10,9,0,0,0
2025-09-09 06:15,35,22,13,0,0,0
2025-09-09 06:30,43,26,17,0,0,0
2025-09-09 06:45,58,34,24,0,0,0
2025-09-09 07:00,68,41,27,0,0,0
2025-09-09 07:15,99,61,38,0,0,0
2025-09-09 07:30,140,94,46,0,0,0
2025-09-09 07:45,124,79,45,0,0,0
2025-09-09 08:00,93,55,38,0,0,0
2025-09-09 08:15,103,62,41,0,0,0
2025-09-09 08:30,106,62,44,0,0,0
2025-09-09 08:45,117,78,39,0,0,0
2025-09-09 09:00,63,43,20,0,0,0
2025-09-09 09:15,79,45,34,0,0,0
2025-09-09 09:30,75,48,27,0,0,0
2025-09-09 09:45,89,57,32,0,0,0
2025-09-09 10:00,74,44,30,0,0,0
2025-09-09 10:15,68,36,32,0,0,0
2025-09-09 10:30,73,40,33,0,0,0
2025-09-09 10:45,75,40,35,0,0,0
2025-09-09 11:00,41,15,26,0,0,0
2025-09-09 11:15,82,44,38,0,0,0
2025-09-09 11:30,83,40,43,0,0,0
2025-09-09 11:45,80,32,48,0,0,0
2025-09-09 12:00,77,25,52,0,0,0
2025-09-09 12:15,99,46,53,0,0,0
2025-09-09 12:30,85,35,50,0,0,0
2025-09-09 12:45,87,39,48,0,0,0
2025-09-09 13:00,102,47,55,0,0,0
2025-09-09 13:15,129,49,80,0,0,0
2025-09-09 13:30,102,41,61,0,0,0
2025-09-09 13:45,121,49,72,0,0,0
2025-09-09 14:00,102,39,63,0,0,0
2025-09-09 14:15,104,31,73,0,0,0
2025-09-09 14:30,83,31,52,0,0,0
2025-09-09 14:45,104,34,70,0,0,0
2025-09-09 15:00,119,52,67,0,0,0
2025-09-09 15:15,100,50,50,0,0,0
2025-09-09 15:30,110,42,68,0,0,0
2025-09-09 15:45,163,65,98,0,0,0
2025-09-09 16:00,134,57,77,0,0,0
2025-09-09 16:15,143,62,81,0,0,0
2025-09-09 16:30,122,54,68,0,0,0
2025-09-09 16:45,155,64,91,0,0,0
2025-09-09 17:00,172,65,107,0,0,0
2025-09-09 17:15,152,67,85,0,0,0
2025-09-09 17:30,194,69,125,0,0,0
2025-09-09 17:45,167,65,102,0,0,0
2025-09-09 18:00,150,59,91,0,0,0
2025-09-09 18:15,117,38,79,0,0,0
2025-09-09 18:30,121,44,77,0,0,0
2025-09-09 18:45,109,47,62,0,0,0
2025-09-09 19:00,102,38,64,0,0,0
2025-09-09 19:15,99,39,60,0,0,0
2025-09-09 19:30,104,42,62,0,0,0
2025-09-09 19:45,82,35,47,0,0,0
2025-09-09 20:00,65,23,42,0,0,0
2025-09-09 20:15,79,29,50,0,0,0
2025-09-09 20:30,52,18,34,0,0,0
2025-09-09 20:45,45,13,32,0,0,0
2025-09-09 21:00,44,15,29,0,0,0
2025-09-09 21:15,57,24,33,0,0,0
2025-09-09 21:30,53,18,35,0,0,0
2025-09-09 21:45,46,18,28,0,0,0
2025-09-09 22:00,56,16,40,0,0,0
2025-09-09 22:15,45,13,32,0,0,0
2025-09-09 22:30,36,14,22,0,0,0
2025-09-09 22:45,30,5,25,0,0,0
2025-09-09 23:00,25,9,16,0,0,0
2025-09-09 23:15,15,6,9,0,0,0
2025-09-09 23:30,14,6,8,0,0,0
2025-09-09 23:45,8,2,6,0,0,0
2025-09-10 00:00,10,5,5,0,0,0
2025-09-10 00:15,6,3,3,0,0,0
2025-09-10 00:30,11,3,8,0,0,0
2025-09-10 00:45,2,0,2,0,0,0
2025-09-10 01:00,5,1,4,0,0,0
2025-09-10 01:15,1,0,1,0,0,0
2025-09-10 01:30,1,1,0,0,0,0
2025-09-10 01:45,2,0,2,0,0,0
2025-09-10 02:00,2,2,0,0,0,0
2025-09-10 02:15,2,1,1,0,0,0
2025-09-10 02:30,1,1,0,0,0,0
2025-09-10 02:45,1,0,1,0,0,0
2025-09-10 03:00,3,2,1,0,0,0
2025-09-10 03:15,0,0,0,0,0,0
2025-09-10 03:30,3,2,1,0,0,0
2025-09-10 03:45,1,0,1,0,0,0
2025-09-10 04:00,1,1,0,0,0,0
2025-09-10 04:15,2,1,1,0,0,0
2025-09-10 04:30,0,0,0,0,0,0
2025-09-10 04:45,4,4,0,0,0,0
2025-09-10 05:00,1,0,1,0,0,0
2025-09-10 05:15,6,5,1,0,0,0
2025-09-10 05:30,23,13,10,0,0,0
2025-09-10 05:45,23,13,10,0,0,0
2025-09-10 06:00,26,16,10,0,0,0
2025-09-10 06:15,30,23,7,0,0,0
2025-09-10 06:30,52,32,20,0,0,0
2025-09-10 06:45,63,39,24,0,0,0
2025-09-10 07:00,110,72,38,0,0,0
2025-09-10 07:15,158,84,74,0,0,0
2025-09-10 07:30,175,125,50,0,0,0
2025-09-10 07:45,184,111,73,0,0,0
2025-09-10 08:00,177,116,61,0,0,0
2025-09-10 08:15,169,104,65,0,0,0
2025-09-10 08:30,150,102,48,0,0,0
2025-09-10 08:45,168,103,65,0,0,0
2025-09-10 09:00,120,81,39,0,0,0
2025-09-10 09:15,133,83,50,0,0,0
2025-09-10 09:30,111,62,49,0,0,0
2025-09-10 09:45,151,103,48,0,0,0
2025-09-10 10:00,117,77,40,0,0,0
2025-09-10 10:15,136,83,53,0,0,0
2025-09-10 10:30,141,83,58,0,0,0
2025-09-10 10:45,138,80,58,0,0,0
2025-09-10 11:00,136,71,65,0,0,0
2025-09-10 11:15,107,57,50,0,0,0
2025-09-10 11:30,132,61,71,0,0,0
2025-09-10 11:45,140,85,55,0,0,0
2025-09-10 12:00,140,68,72,0,0,0
2025-09-10 12:15,157,72,85,0,0,0
2025-09-10 12:30,162,53,109,0,0,0
2025-09-10 12:45,180,73,107,0,0,0
2025-09-10 13:00,164,76,88,0,0,0
2025-09-10 13:15,144,66,78,0,0,0
2025-09-10 13:30,173,64,109,0,0,0
2025-09-10 13:45,193,80,113,0,0,0
2025-09-10 14:00,182,72,110,0,0,0
2025-09-10 14:15,143,49,94,0,0,0
2025-09-10 14:30,175,76,99,0,0,0
2025-09-10 14:45,215,92,123,0,0,0
2025-09-10 15:00,185,71,114,0,0,0
2025-09-10 15:15,190,67,123,0,0,0
2025-09-10 15:30,199,87,112,0,0,0
2025-09-10 15:45,251,117,134,0,0,0
2025-09-10 16:00,190,74,116,0,0,0
2025-09-10 16:15,241,105,136,0,0,0
2025-09-10 16:30,195,82,113,0,0,0
2025-09-10 16:45,227,104,123,0,0,0
2025-09-10 17:00,249,100,149,0,0,0
2025-09-10 17:15,227,91,136,0,0,0
2025-09-10 17:30,223,96,127,0,0,0
2025-09-10 17:45,227,95,132,0,0,0
2025-09-10 18:00,196,67,129,0,0,0
2025-09-10 18:15,215,91,124,0,0,0
2025-09-10 18:30,146,58,88,0,0,0
2025-09-10 18:45,168,66,102,0,0,0
2025-09-10 19:00,150,46,104,0,0,0
2025-09-10 19:15,127,41,86,0,0,0
2025-09-10 19:30,119,45,74,0,0,0
2025-09-10 19:45,114,42,72,0,0,0
2025-09-10 20:00,110,43,67,0,0,0
2025-09-10 20:15,82,18,64,0,0,0
2025-09-10 20:30,78,33,45,0,0,0
2025-09-10 20:45,56,18,38,0,0,0
2025-09-10 21:00,64,25,39,0,0,0
2025-09-10 21:15,76,28,48,0,0,0
2025-09-10 21:30,98,32,66,0,0,0
2025-09-10 21:45,66,26,40,0,0,0
2025-09-10 22:00,66,17,49,0,0,0
2025-09-10 22:15,51,16,35,0,0,0
2025-09-10 22:30,67,24,43,0,0,0
2025-09-10 22:45,33,13,20,0,0,0
2025-09-10 23:00,41,12,29,0,0,0
2025-09-10 23:15,24,9,15,0,0,0
2025-09-10 23:30,25,6,19,0,0,0
2025-09-10 23:45,18,9,9,0,0,0
2025-09-11 00:00,20,10,10,0,0,0
2025-09-11 00:15,14,1,13,0,0,0
2025-09-11 00:30,18,6,12,0,0,0
2025-09-11 00:45,15,3,12,0,0,0
2025-09-11 01:00,12,3,9,0,0,0
2025-09-11 01:15,8,1,7,0,0,0
2025-09-11 01:30,7,0,7,0,0,0
2025-09-11 01:45,3,0,3,0,0,0
2025-09-11 02:00,0,0,0,0,0,0
2025-09-11 02:15,2,0,2,0,0,0
2025-09-11 02:30,2,0,2,0,0,0
2025-09-11 02:45,4,2,2,0,0,0
2025-09-11 03:00,5,1,4,0,0,0
2025-09-11 03:15,4,0,4,0,0,0
2025-09-11 03:30,2,0,2,0,0,0
2025-09-11 03:45,1,1,0,0,0,0
2025-09-11 04:00,3,1,2,0,0,0
2025-09-11 04:15,4,2,2,0,0,0
2025-09-11 04:30,1,0,1,0,0,0
2025-09-11 04:45,2,2,0,0,0,0
2025-09-11 05:00,2,1,1,0,0,0
2025-09-11 05:15,10,6,4,0,0,0
2025-09-11 05:30,23,11,12,0,0,0
2025-09-11 05:45,20,11,9,0,0,0
2025-09-11 06:00,24,12,12,0,0,0
2025-09-11 06:15,34,20,14,0,0,0
2025-09-11 06:30,53,37,16,0,0,0
2025-09-11 06:45,74,47,27,0,0,0
2025-09-11 07:00,75,50,25,0,0,0
2025-09-11 07:15,122,72,50,0,0,0
2025-09-11 07:30,173,106,67,0,0,0
2025-09-11 07:45,176,115,61,0,0,0
2025-09-11 08:00,123,71,52,0,0,0
2025-09-11 08:15,148,99,49,0,0,0
2025-09-11 08:30,133,76,57,0,0,0
2025-09-11 08:45,138,86,52,0,0,0
2025-09-11 09:00,96,60,36,0,0,0
2025-09-11 09:15,91,59,32,0,0,0
2025-09-11 09:30,97,62,35,0,0,0
2025-09-11 09:45,111,61,50,0,0,0
2025-09-11 10:00,89,54,35,0,0,0
2025-09-11 10:15,110,74,36,0,0,0
2025-09-11 10:30,92,56,36,0,0,0
2025-09-11 10:45,105,54,51,0,0,0
2025-09-11 11:00,103,48,55,0,0,0
2025-09-11 11:15,112,65,47,0,0,0
2025-09-11 11:30,103,57,46,0,0,0
2025-09-11 11:45,121,51,70,0,0,0
2025-09-11 12:00,110,44,66,0,0,0
2025-09-11 12:15,136,68,68,0,0,0
2025-09-11 12:30,183,90,93,0,0,0
2025-09-11 12:45,153,71,82,0,0,0
2025-09-11 13:00,139,57,82,0,0,0
2025-09-11 13:15,145,66,79,0,0,0
2025-09-11 13:30,142,61,81,0,0,0
2025-09-11 13:45,150,70,80,0,0,0
2025-09-11 14:00,150,53,97,0,0,0
2025-09-11 14:15,165,63,102,0,0,0
2025-09-11 14:30,161,68,93,0,0,0
2025-09-11 14:45,183,83,100,0,0,0
2025-09-11 15:00,164,70,94,0,0,0
2025-09-11 15:15,151,68,83,0,0,0
2025-09-11 15:30,140,53,87,0,0,0
2025-09-11 15:45,174,71,103,0,0,0
2025-09-11 16:00,185,65,120,0,0,0
2025-09-11 16:15,180,70,110,0,0,0
2025-09-11 16:30,238,113,125,0,0,0
2025-09-11 16:45,204,81,123,0,0,0
2025-09-11 17:00,217,93,124,0,0,0
2025-09-11 17:15,208,93,115,0,0,0
2025-09-11 17:30,215,73,142,0,0,0
2025-09-11 17:45,212,83,129,0,0,0
2025-09-11 18:00,179,61,118,0,0,0
2025-09-11 18:15,169,49,120,0,0,0
2025-09-11 18:30,138,52,86,0,0,0
2025-09-11 18:45,167,60,107,0,0,0
2025-09-11 19:00,133,44,89,0,0,0
2025-09-11 19:15,113,53,60,0,0,0
2025-09-11 19:30,109,41,68,0,0,0
2025-09-11 19:45,109,40,69,0,0,0
2025-09-11 20:00,76,31,45,0,0,0
2025-09-11 20:15,89,26,63,0,0,0
2025-09-11 20:30,70,18,52,0,0,0
2025-09-11 20:45,54,18,36,0,0,0
2025-09-11 21:00,73,24,49,0,0,0
2025-09-11 21:15,51,22,29,0,0,0
2025-09-11 21:30,58,24,34,0,0,0
2025-09-11 21:45,50,12,38,0,0,0
2025-09-11 22:00,73,21,52,0,0,0
2025-09-11 22:15,49,17,32,0,0,0
2025-09-11 22:30,42,10,32,0,0,0
2025-09-11 22:45,35,11,24,0,0,0
2025-09-11 23:00,28,8,20,0,0,0
2025-09-11 23:15,17,6,11,0,0,0
2025-09-11 23:30,12,1,11,0,0,0
2025-09-11 23:45,16,6,10,0,0,0
2025-09-12 00:00,12,6,6,0,0,0
2025-09-12 00:15,13,2,11,0,0,0
2025-09-12 00:30,10,5,5,0,0,0
2025-09-12 00:45,7,1,6,0,0,0
2025-09-12 01:00,8,2,6,0,0,0
2025-09-12 01:15,4,1,3,0,0,0
2025-09-12 01:30,1,1,0,0,0,0
2025-09-12 01:45,1,0,1,0,0,0
2025-09-12 02:00,0,0,0,0,0,0
2025-09-12 02:15,1,0,1,0,0,0
2025-09-12 02:30,1,1,0,0,0,0
2025-09-12 02:45,1,0,1,0,0,0
2025-09-12 03:00,1,1,0,0,0,0
2025-09-12 03:15,1,0,1,0,0,0
2025-09-12 03:30,1,1,0,0,0,0
2025-09-12 03:45,0,0,0,0,0,0
2025-09-12 04:00,3,2,1,0,0,0
2025-09-12 04:15,3,2,1,0,0,0
2025-09-12 04:30,0,0,0,0,0,0
2025-09-12 04:45,4,4,0,0,0,0
2025-09-12 05:00,2,1,1,0,0,0
2025-09-12 05:15,13,5,8,0,0,0
2025-09-12 05:30,17,13,4,0,0,0
2025-09-12 05:45,10,7,3,0,0,0
2025-09-12 06:00,19,15,4,0,0,0
2025-09-12 06:15,34,23,11,0,0,0
2025-09-12 06:30,34,23,11,0,0,0
2025-09-12 06:45,62,41,21,0,0,0
2025-09-12 07:00,61,31,30,0,0,0
2025-09-12 07:15,100,56,44,0,0,0
2025-09-12 07:30,178,122,56,0,0,0
2025-09-12 07:45,171,104,67,0,0,0
2025-09-12 08:00,133,90,43,0,0,0
2025-09-12 08:15,144,84,60,0,0,0
2025-09-12 08:30,132,89,43,0,0,0
2025-09-12 08:45,166,102,64,0,0,0
2025-09-12 09:00,121,71,50,0,0,0
2025-09-12 09:15,110,68,42,0,0,0
2025-09-12 09:30,111,69,42,0,0,0
2025-09-12 09:45,118,78,40,0,0,0
2025-09-12 10:00,98,47,51,0,0,0
2025-09-12 10:15,98,62,36,0,0,0
2025-09-12 10:30,103,54,49,0,0,0
2025-09-12 10:45,148,83,65,0,0,0
2025-09-12 11:00,122,59,63,0,0,0
2025-09-12 11:15,131,53,78,0,0,0
2025-09-12 11:30,111,56,55,0,0,0
2025-09-12 11:45,145,79,66,0,0,0
2025-09-12 12:00,133,74,59,0,0,0
2025-09-12 12:15,128,61,67,0,0,0
2025-09-12 12:30,158,63,95,0,0,0
2025-09-12 12:45,158,59,99,0,0,0
2025-09-12 13:00,171,59,112,0,0,0
2025-09-12 13:15,156,69,87,0,0,0
2025-09-12 13:30,183,66,117,0,0,0
2025-09-12 13:45,185,87,98,0,0,0
2025-09-12 14:00,166,68,98,0,0,0
2025-09-12 14:15,165,69,96,0,0,0
2025-09-12 14:30,207,91,116,0,0,0
2025-09-12 14:45,149,69,80,0,0,0
2025-09-12 15:00,195,83,112,0,0,0
2025-09-12 15:15,156,63,93,0,0,0
2025-09-12 15:30,177,72,105,0,0,0
2025-09-12 15:45,201,91,110,0,0,0
2025-09-12 16:00,153,69,84,0,0,0
2025-09-12 16:15,181,86,95,0,0,0
2025-09-12 16:30,137,65,72,0,0,0
2025-09-12 16:45,171,93,78,0,0,0
2025-09-12 17:00,148,57,91,0,0,0
2025-09-12 17:15,167,72,95,0,0,0
2025-09-12 17:30,152,66,86,0,0,0
2025-09-12 17:45,157,75,82,0,0,0
2025-09-12 18:00,173,73,100,0,0,0
2025-09-12 18:15,153,57,96,0,0,0
2025-09-12 18:30,130,57,73,0,0,0
2025-09-12 18:45,163,65,98,0,0,0
2025-09-12 19:00,147,62,85,0,0,0
2025-09-12 19:15,133,68,65,0,0,0
2025-09-12 19:30,105,41,64,0,0,0
2025-09-12 19:45,129,56,73,0,0,0
2025-09-12 20:00,128,63,65,0,0,0
2025-09-12 20:15,77,26,51,0,0,0
2025-09-12 20:30,55,26,29,0,0,0
2025-09-12 20:45,63,32,31,0,0,0
2025-09-12 21:00,53,25,28,0,0,0
2025-09-12 21:15,62,33,29,0,0,0
2025-09-12 21:30,73,28,45,0,0,0
2025-09-12 21:45,65,32,33,0,0,0
2025-09-12 22:00,57,22,35,0,0,0
2025-09-12 22:15,63,18,45,0,0,0
2025-09-12 22:30,65,18,47,0,0,0
2025-09-12 22:45,77,29,48,0,0,0
2025-09-12 23:00,62,12,50,0,0,0
2025-09-12 23:15,51,16,35,0,0,0
2025-09-12 23:30,25,5,20,0,0,0
2025-09-12 23:45,52,16,36,0,0,0
2025-09-13 00:00,49,13,36,0,0,0
2025-09-13 00:15,37,12,25,0,0,0
2025-09-13 00:30,23,4,19,0,0,0
2025-09-13 00:45,24,9,15,0,0,0
2025-09-13 01:00,32,8,24,0,0,0
2025-09-13 01:15,19,1,18,0,0,0
2025-09-13 01:30,27,12,15,0,0,0
2025-09-13 01:45,14,5,9,0,0,0
2025-09-13 02:00,9,1,8,0,0,0
2025-09-13 02:15,9,0,9,0,0,0
2025-09-13 02:30,10,3,7,0,0,0
2025-09-13 02:45,9,0,9,0,0,0
2025-09-13 03:00,8,1,7,0,0,0
2025-09-13 03:15,15,3,12,0,0,0
2025-09-13 03:30,3,1,2,0,0,0
2025-09-13 03:45,7,0,7,0,0,0
2025-09-13 04:00,6,2,4,0,0,0
2025-09-13 04:15,5,0,5,0,0,0
2025-09-13 04:30,0,0,0,0,0,0
2025-09-13 04:45,6,2,4,0,0,0
2025-09-13 05:00,3,1,2,0,0,0
2025-09-13 05:15,8,4,4,0,0,0
2025-09-13 05:30,6,4,2,0,0,0
2025-09-13 05:45,7,4,3,0,0,0
2025-09-13 06:00,9,4,5,0,0,0
2025-09-13 06:15,8,6,2,0,0,0
2025-09-13 06:30,6,5,1,0,0,0
2025-09-13 06:45,12,6,6,0,0,0
2025-09-13 07:00,15,10,5,0,0,0
2025-09-13 07:15,10,5,5,0,0,0
2025-09-13 07:30,23,9,14,0,0,0
2025-09-13 07:45,23,12,11,0,0,0
2025-09-13 08:00,26,14,12,0,0,0
2025-09-13 08:15,33,16,17,0,0,0
2025-09-13 08:30,32,22,10,0,0,0
2025-09-13 08:45,52,32,20,0,0,0
2025-09-13 09:00,39,25,14,0,0,0
2025-09-13 09:15,53,38,15,0,0,0
2025-09-13 09:30,40,23,17,0,0,0
2025-09-13 09:45,93,71,22,0,0,0
2025-09-13 10:00,71,48,23,0,0,0
2025-09-13 10:15,71,47,24,0,0,0
2025-09-13 10:30,83,57,26,0,0,0
2025-09-13 10:45,110,74,36,0,0,0
2025-09-13 11:00,102,72,30,0,0,0
2025-09-13 11:15,119,75,44,0,0,0
2025-09-13 11:30,138,82,56,0,0,0
2025-09-13 11:45,131,78,53,0,0,0
2025-09-13 12:00,142,83,59,0,0,0
2025-09-13 12:15,143,74,69,0,0,0
2025-09-13 12:30,143,87,56,0,0,0
2025-09-13 12:45,151,85,66,0,0,0
2025-09-13 13:00,192,103,89,0,0,0
2025-09-13 13:15,139,81,58,0,0,0
2025-09-13 13:30,146,84,62,0,0,0
2025-09-13 13:45,176,88,88,0,0,0
2025-09-13 14:00,133,53,80,0,0,0
2025-09-13 14:15,151,64,87,0,0,0
2025-09-13 14:30,139,58,81,0,0,0
2025-09-13 14:45,140,65,75,0,0,0
2025-09-13 15:00,169,67,102,0,0,0
2025-09-13 15:15,142,72,70,0,0,0
2025-09-13 15:30,124,57,67,0,0,0
2025-09-13 15:45,128,48,80,0,0,0
2025-09-13 16:00,144,60,84,0,0,0
2025-09-13 16:15,113,48,65,0,0,0
2025-09-13 16:30,123,46,77,0,0,0
2025-09-13 16:45,121,57,64,0,0,0
2025-09-13 17:00,110,37,73,0,0,0
2025-09-13 17:15,127,58,69,0,0,0
2025-09-13 17:30,138,60,78,0,0,0
2025-09-13 17:45,151,61,90,0,0,0
2025-09-13 18:00,121,39,82,0,0,0
2025-09-13 18:15,121,41,80,0,0,0
2025-09-13 18:30,110,53,57,0,0,0
2025-09-13 18:45,106,47,59,0,0,0
2025-09-13 19:00,115,39,76,0,0,0
2025-09-13 19:15,47,14,33,0,0,0
2025-09-13 19:30,72,19,53,0,0,0
2025-09-13 19:45,116,42,74,0,0,0
2025-09-13 20:00,104,43,61,0,0,0
2025-09-13 20:15,73,29,44,0,0,0
2025-09-13 20:30,64,39,25,0,0,0
2025-09-13 20:45,37,14,23,0,0,0
2025-09-13 21:00,33,9,24,0,0,0
2025-09-13 21:15,37,12,25,0,0,0
2025-09-13 21:30,35,15,20,0,0,0
2025-09-13 21:45,35,20,15,0,0,0
2025-09-13 22:00,20,10,10,0,0,0
2025-09-13 22:15,36,12,24,0,0,0
2025-09-13 22:30,38,6,32,0,0,0
2025-09-13 22:45,36,11,25,0,0,0
2025-09-13 23:00,38,9,29,0,0,0
2025-09-13 23:15,34,12,22,0,0,0
2025-09-13 23:30,29,8,21,0,0,0
2025-09-13 23:45,24,10,14,0,0,0
2025-09-14 00:00,17,1,16,0,0,0
2025-09-14 00:15,26,6,20,0,0,0
2025-09-14 00:30,18,8,10,0,0,0
2025-09-14 00:45,17,1,16,0,0,0
2025-09-14 01:00,18,3,15,0,0,0
2025-09-14 01:15,24,7,17,0,0,0
2025-09-14 01:30,17,3,14,0,0,0
2025-09-14 01:45,19,4,15,0,0,0
2025-09-14 02:00,7,1,6,0,0,0
2025-09-14 02:15,4,0,4,0,0,0
2025-09-14 02:30,9,4,5,0,0,0
2025-09-14 02:45,8,2,6,0,0,0
2025-09-14 03:00,6,1,5,0,0,0
2025-09-14 03:15,4,2,2,0,0,0
2025-09-14 03:30,10,3,7,0,0,0
2025-09-14 03:45,5,1,4,0,0,0
2025-09-14 04:00,8,4,4,0,0,0
2025-09-14 04:15,1,0,1,0,0,0
2025-09-14 04:30,5,2,3,0,0,0
2025-09-14 04:45,7,5,2,0,0,0
2025-09-14 05:00,4,2,2,0,0,0
2025-09-14 05:15,3,1,2,0,0,0
2025-09-14 05:30,5,3,2,0,0,0
2025-09-14 05:45,6,5,1,0,0,0
2025-09-14 06:00,1,0,1,0,0,0
2025-09-14 06:15,2,2,0,0,0,0
2025-09-14 06:30,4,2,2,0,0,0
2025-09-14 06:45,7,6,1,0,0,0
2025-09-14 07:00,11,11,0,0,0,0
2025-09-14 07:15,4,0,4,0,0,0
2025-09-14 07:30,18,3,15,0,0,0
2025-09-14 07:45,15,4,11,0,0,0
2025-09-14 08:00,15,9,6,0,0,0
2025-09-14 08:15,9,3,6,0,0,0
2025-09-14 08:30,17,9,8,0,0,0
2025-09-14 08:45,20,12,8,0,0,0
2025-09-14 09:00,24,9,15,0,0,0
2025-09-14 09:15,24,10,14,0,0,0
2025-09-14 09:30,41,20,21,0,0,0
2025-09-14 09:45,43,24,19,0,0,0
2025-09-14 10:00,43,17,26,0,0,0
2025-09-14 10:15,39,19,20,0,0,0
2025-09-14 10:30,62,29,33,0,0,0
2025-09-14 10:45,76,30,46,0,0,0
2025-09-14 11:00,55,27,28,0,0,0
2025-09-14 11:15,64,28,36,0,0,0
2025-09-14 11:30,78,34,44,0,0,0
2025-09-14 11:45,126,46,80,0,0,0
2025-09-14 12:00,145,32,113,0,0,0
2025-09-14 12:15,166,50,116,0,0,0
2025-09-14 12:30,144,27,117,0,0,0
2025-09-14 12:45,140,31,109,0,0,0
2025-09-14 13:00,124,52,72,0,0,0
2025-09-14 13:15,101,29,72,0,0,0
2025-09-14 13:30,72,35,37,0,0,0
2025-09-14 13:45,95,57,38,0,0,0
2025-09-14 14:00,64,30,34,0,0,0
2025-09-14 14:15,63,40,23,0,0,0
2025-09-14 14:30,108,47,61,0,0,0
2025-09-14 14:45,121,51,70,0,0,0
2025-09-14 15:00,88,36,52,0,0,0
2025-09-14 15:15,89,54,35,0,0,0
2025-09-14 15:30,144,90,54,0,0,0
2025-09-14 15:45,240,185,55,0,0,0
2025-09-14 16:00,182,130,52,0,0,0
2025-09-14 16:15,148,89,59,0,0,0
2025-09-14 16:30,112,56,56,0,0,0
2025-09-14 16:45,108,62,46,0,0,0
2025-09-14 17:00,106,54,52,0,0,0
2025-09-14 17:15,126,65,61,0,0,0
2025-09-14 17:30,129,72,57,0,0,0
2025-09-14 17:45,133,70,63,0,0,0
2025-09-14 18:00,113,42,71,0,0,0
2025-09-14 18:15,97,52,45,0,0,0
2025-09-14 18:30,111,39,72,0,0,0
2025-09-14 18:45,73,35,38,0,0,0
2025-09-14 19:00,74,31,43,0,0,0
2025-09-14 19:15,72,30,42,0,0,0
2025-09-14 19:30,80,36,44,0,0,0
2025-09-14 19:45,63,30,33,0,0,0
2025-09-14 20:00,71,37,34,0,0,0
2025-09-14 20:15,57,14,43,0,0,0
2025-09-14 20:30,54,22,32,0,0,0
2025-09-14 20:45,45,15,30,0,0,0
2025-09-14 21:00,50,9,41,0,0,0
2025-09-14 21:15,38,11,27,0,0,0
2025-09-14 21:30,49,13,36,0,0,0
2025-09-14 21:45,29,12,17,0,0,0
2025-09-14 22:00,33,13,20,0,0,0
2025-09-14 22:15,34,13,21,0,0,0
2025-09-14 22:30,34,11,23,0,0,0
2025-09-14 22:45,17,4,13,0,0,0
2025-09-14 23:00,20,7,13,0,0,0
2025-09-14 23:15,17,5,12,0,0,0
2025-09-14 23:30,8,2,6,0,0,0
2025-09-14 23:45,7,0,7,0,0,0
2025-09-15 00:00,13,2,11,0,0,0
2025-09-15 00:15,8,3,5,0,0,0
2025-09-15 00:30,2,0,2,0,0,0
2025-09-15 00:45,8,3,5,0,0,0
2025-09-15 01:00,4,1,3,0,0,0
2025-09-15 01:15,3,0,3,0,0,0
2025-09-15 01:30,0,0,0,0,0,0
2025-09-15 01:45,3,1,2,0,0,0
2025-09-15 02:00,0,0,0,0,0,0
2025-09-15 02:15,2,0,2,0,0,0
2025-09-15 02:30,1,1,0,0,0,0
2025-09-15 02:45,0,0,0,0,0,0
2025-09-15 03:00,0,0,0,0,0,0
2025-09-15 03:15,0,0,0,0,0,0
2025-09-15 03:30,1,0,1,0,0,0
2025-09-15 03:45,0,0,0,0,0,0
2025-09-15 04:00,1,1,0,0,0,0
2025-09-15 04:15,1,0,1,0,0,0
2025-09-15 04:30,1,0,1,0,0,0
2025-09-15 04:45,2,2,0,0,0,0
2025-09-15 05:00,5,5,0,0,0,0
2025-09-15 05:15,11,5,6,0,0,0
2025-09-15 05:30,17,10,7,0,0,0
2025-09-15 05:45,19,11,8,0,0,0
2025-09-15 06:00,11,6,5,0,0,0
2025-09-15 06:15,26,19,7,0,0,0
2025-09-15 06:30,36,26,10,0,0,0
2025-09-15 06:45,39,24,15,0,0,0
2025-09-15 07:00,67,38,29,0,0,0
2025-09-15 07:15,105,61,44,0,0,0
2025-09-15 07:30,154,105,49,0,0,0
2025-09-15 07:45,158,92,66,0,0,0
2025-09-15 08:00,186,116,70,0,0,0
2025-09-15 08:15,152,101,51,0,0,0
2025-09-15 08:30,119,66,53,0,0,0
2025-09-15 08:45,144,103,41,0,0,0
2025-09-15 09:00,93,64,29,0,0,0
2025-09-15 09:15,103,59,44,0,0,0
2025-09-15 09:30,96,60,36,0,0,0
2025-09-15 09:45,115,67,48,0,0,0
2025-09-15 10:00,96,50,46,0,0,0
2025-09-15 10:15,95,45,50,0,0,0
2025-09-15 10:30,121,67,54,0,0,0
2025-09-15 10:45,105,47,58,0,0,0
2025-09-15 11:00,107,35,72,0,0,0
2025-09-15 11:15,93,51,42,0,0,0
2025-09-15 11:30,117,62,55,0,0,0
2025-09-15 11:45,130,60,70,0,0,0
2025-09-15 12:00,116,46,70,0,0,0
2025-09-15 12:15,125,52,73,0,0,0
2025-09-15 12:30,141,59,82,0,0,0
2025-09-15 12:45,107,48,59,0,0,0
2025-09-15 13:00,130,49,81,0,0,0
2025-09-15 13:15,118,37,81,0,0,0
2025-09-15 13:30,122,47,75,0,0,0
2025-09-15 13:45,127,50,77,0,0,0
2025-09-15 14:00,136,66,70,0,0,0
2025-09-15 14:15,135,53,82,0,0,0
2025-09-15 14:30,129,58,71,0,0,0
2025-09-15 14:45,146,72,74,0,0,0
2025-09-15 15:00,144,50,94,0,0,0
2025-09-15 15:15,169,84,85,0,0,0
2025-09-15 15:30,152,66,86,0,0,0
2025-09-15 15:45,148,68,80,0,0,0
2025-09-15 16:00,177,71,106,0,0,0
2025-09-15 16:15,194,91,103,0,0,0
2025-09-15 16:30,172,68,104,0,0,0
2025-09-15 16:45,204,69,135,0,0,0
2025-09-15 17:00,177,62,115,0,0,0
2025-09-15 17:15,143,45,98,0,0,0
2025-09-15 17:30,189,67,122,0,0,0
2025-09-15 17:45,194,72,122,0,0,0
2025-09-15 18:00,157,46,111,0,0,0
2025-09-15 18:15,139,50,89,0,0,0
2025-09-15 18:30,110,35,75,0,0,0
2025-09-15 18:45,146,64,82,0,0,0
2025-09-15 19:00,115,44,71,0,0,0
2025-09-15 19:15,80,27,53,0,0,0
2025-09-15 19:30,60,17,43,0,0,0
2025-09-15 19:45,95,38,57,0,0,0
2025-09-15 20:00,80,29,51,0,0,0
2025-09-15 20:15,66,20,46,0,0,0
2025-09-15 20:30,52,14,38,0,0,0
2025-09-15 20:45,59,25,34,0,0,0
2025-09-15 21:00,57,12,45,0,0,0
2025-09-15 21:15,43,17,26,0,0,0
2025-09-15 21:30,46,12,34,0,0,0
2025-09-15 21:45,52,20,32,0,0,0
2025-09-15 22:00,50,15,35,0,0,0
2025-09-15 22:15,42,16,26,0,0,0
2025-09-15 22:30,22,7,15,0,0,0
2025-09-15 22:45,19,4,15,0,0,0
2025-09-15 23:00,23,4,19,0,0,0
2025-09-15 23:15,15,5,10,0,0,0
2025-09-15 23:30,11,5,6,0,0,0
2025-09-15 23:45,6,1,5,0,0,0
2025-09-16 00:00,8,3,5,0,0,0
2025-09-16 00:15,8,1,7,0,0,0
2025-09-16 00:30,5,2,3,0,0,0
2025-09-16 00:45,2,1,1,0,0,0
2025-09-16 01:00,1,1,0,0,0,0
2025-09-16 01:15,5,1,4,0,0,0
2025-09-16 01:30,2,0,2,0,0,0
2025-09-16 01:45,1,1,0,0,0,0
2025-09-16 02:00,1,0,1,0,0,0
2025-09-16 02:15,3,1,2,0,0,0
2025-09-16 02:30,2,1,1,0,0,0
2025-09-16 02:45,0,0,0,0,0,0
2025-09-16 03:00,1,1,0,0,0,0
2025-09-16 03:15,0,0,0,0,0,0
2025-09-16 03:30,0,0,0,0,0,0
2025-09-16 03:45,1,0,1,0,0,0
2025-09-16 04:00,1,1,0,0,0,0
2025-09-16 04:15,3,1,2,0,0,0
2025-09-16 04:30,0,0,0,0,0,0
2025-09-16 04:45,1,1,0,0,0,0
2025-09-16 05:00,2,2,0,0,0,0
2025-09-16 05:15,10,6,4,0,0,0
2025-09-16 05:30,14,9,5,0,0,0
2025-09-16 05:45,20,13,7,0,0,0
2025-09-16 06:00,14,10,4,0,0,0
2025-09-16 06:15,41,31,10,0,0,0
2025-09-16 06:30,43,29,14,0,0,0
2025-09-16 06:45,63,36,27,0,0,0
2025-09-16 07:00,92,53,39,0,0,0
2025-09-16 07:15,106,54,52,0,0,0
2025-09-16 07:30,184,123,61,0,0,0
2025-09-16 07:45,172,107,65,0,0,0
2025-09-16 08:00,139,93,46,0,0,0
2025-09-16 08:15,158,108,50,0,0,0
2025-09-16 08:30,141,93,48,0,0,0
2025-09-16 08:45,160,98,62,0,0,0
2025-09-16 09:00,101,62,39,0,0,0
2025-09-16 09:15,102,69,33,0,0,0
2025-09-16 09:30,90,61,29,0,0,0
2025-09-16 09:45,99,65,34,0,0,0
2025-09-16 10:00,98,66,32,0,0,0
2025-09-16 10:15,114,66,48,0,0,0
2025-09-16 10:30,88,51,37,0,0,0
2025-09-16 10:45,124,61,63,0,0,0
2025-09-16 11:00,109,60,49,0,0,0
2025-09-16 11:15,76,39,37,0,0,0
2025-09-16 11:30,107,57,50,0,0,0
2025-09-16 11:45,102,52,50,0,0,0
2025-09-16 12:00,118,49,69,0,0,0
2025-09-16 12:15,105,56,49,0,0,0
2025-09-16 12:30,111,34,77,0,0,0
2025-09-16 12:45,125,62,63,0,0,0
2025-09-16 13:00,154,65,89,0,0,0
2025-09-16 13:15,126,48,78,0,0,0
2025-09-16 13:30,120,47,73,0,0,0
2025-09-16 13:45,117,51,66,0,0,0
2025-09-16 14:00,112,53,59,0,0,0
2025-09-16 14:15,126,50,76,0,0,0
2025-09-16 14:30,120,60,60,0,0,0
2025-09-16 14:45,171,67,104,0,0,0
2025-09-16 15:00,139,62,77,0,0,0
2025-09-16 15:15,121,42,79,0,0,0
2025-09-16 15:30,106,45,61,0,0,0
2025-09-16 15:45,138,68,70,0,0,0
2025-09-16 16:00,177,60,117,0,0,0
2025-09-16 16:15,147,57,90,0,0,0
2025-09-16 16:30,160,55,105,0,0,0
2025-09-16 16:45,163,70,93,0,0,0
2025-09-16 17:00,142,54,88,0,0,0
2025-09-16 17:15,160,65,95,0,0,0
2025-09-16 17:30,145,63,82,0,0,0
2025-09-16 17:45,147,55,92,0,0,0
2025-09-16 18:00,132,46,86,0,0,0
2025-09-16 18:15,116,47,69,0,0,0
2025-09-16 18:30,112,47,65,0,0,0
2025-09-16 18:45,135,47,88,0,0,0
2025-09-16 19:00,107,37,70,0,0,0
2025-09-16 19:15,84,45,39,0,0,0
2025-09-16 19:30,76,29,47,0,0,0
2025-09-16 19:45,107,34,73,0,0,0
2025-09-16 20:00,58,18,40,0,0,0
2025-09-16 20:15,57,26,31,0,0,0
2025-09-16 20:30,56,23,33,0,0,0
2025-09-16 20:45,60,16,44,0,0,0
2025-09-16 21:00,46,14,32,0,0,0
2025-09-16 21:15,29,8,21,0,0,0
2025-09-16 21:30,35,10,25,0,0,0
2025-09-16 21:45,44,9,35,0,0,0
2025-09-16 22:00,35,16,19,0,0,0
2025-09-16 22:15,36,12,24,0,0,0
2025-09-16 22:30,33,13,20,0,0,0
2025-09-16 22:45,31,6,25,0,0,0
2025-09-16 23:00,42,14,28,0,0,0
2025-09-16 23:15,28,9,19,0,0,0
2025-09-16 23:30,22,6,16,0,0,0
2025-09-16 23:45,6,1,5,0,0,0
2025-09-17 00:00,8,3,5,0,0,0
2025-09-17 00:15,7,1,6,0,0,0
2025-09-17 00:30,9,1,8,0,0,0
2025-09-17 00:45,4,3,1,0,0,0
2025-09-17 01:00,3,1,2,0,0,0
2025-09-17 01:15,3,0,3,0,0,0
2025-09-17 01:30,1,0,1,0,0,0
2025-09-17 01:45,0,0,0,0,0,0
2025-09-17 02:00,1,0,1,0,0,0
2025-09-17 02:15,1,0,1,0,0,0
2025-09-17 02:30,2,1,1,0,0,0
2025-09-17 02:45,1,0,1,0,0,0
2025-09-17 03:00,1,1,0,0,0,0
2025-09-17 03:15,0,0,0,0,0,0
2025-09-17 03:30,1,0,1,0,0,0
2025-09-17 03:45,1,0,1,0,0,0
2025-09-17 04:00,0,0,0,0,0,0
2025-09-17 04:15,3,2,1,0,0,0
2025-09-17 04:30,2,0,2,0,0,0
2025-09-17 04:45,3,3,0,0,0,0
2025-09-17 05:00,4,3,1,0,0,0
2025-09-17 05:15,5,1,4,0,0,0
2025-09-17 05:30,21,14,7,0,0,0
2025-09-17 05:45,28,17,11,0,0,0
2025-09-17 06:00,19,13,6,0,0,0
2025-09-17 06:15,38,27,11,0,0,0
2025-09-17 06:30,53,36,17,0,0,0
2025-09-17 06:45,65,35,30,0,0,0
2025-09-17 07:00,85,45,40,0,0,0
2025-09-17 07:15,154,92,62,0,0,0
2025-09-17 07:30,199,145,54,0,0,0
2025-09-17 07:45,190,123,67,0,0,0
2025-09-17 08:00,168,119,49,0,0,0
2025-09-17 08:15,152,104,48,0,0,0
2025-09-17 08:30,146,99,47,0,0,0
2025-09-17 08:45,183,120,63,0,0,0
2025-09-17 09:00,111,71,40,0,0,0
2025-09-17 09:15,104,67,37,0,0,0
2025-09-17 09:30,122,75,47,0,0,0
2025-09-17 09:45,135,93,42,0,0,0
2025-09-17 10:00,126,81,45,0,0,0
2025-09-17 10:15,110,62,48,0,0,0
2025-09-17 10:30,128,81,47,0,0,0
2025-09-17 10:45,144,89,55,0,0,0
2025-09-17 11:00,117,55,62,0,0,0
2025-09-17 11:15,147,83,64,0,0,0
2025-09-17 11:30,118,66,52,0,0,0
2025-09-17 11:45,140,76,64,0,0,0
2025-09-17 12:00,142,60,82,0,0,0
2025-09-17 12:15,129,69,60,0,0,0
2025-09-17 12:30,139,58,81,0,0,0
2025-09-17 12:45,167,74,93,0,0,0
2025-09-17 13:00,155,71,84,0,0,0
2025-09-17 13:15,140,43,97,0,0,0
2025-09-17 13:30,139,51,88,0,0,0
2025-09-17 13:45,148,65,83,0,0,0
2025-09-17 14:00,161,71,90,0,0,0
2025-09-17 14:15,156,58,98,0,0,0
2025-09-17 14:30,131,52,79,0,0,0
2025-09-17 14:45,206,82,124,0,0,0
2025-09-17 15:00,173,70,103,0,0,0
2025-09-17 15:15,177,86,91,0,0,0
2025-09-17 15:30,176,79,97,0,0,0
2025-09-17 15:45,179,78,101,0,0,0
2025-09-17 16:00,166,63,103,0,0,0
2025-09-17 16:15,177,80,97,0,0,0
2025-09-17 16:30,181,81,100,0,0,0
2025-09-17 16:45,182,83,99,0,0,0
2025-09-17 17:00,178,67,111,0,0,0
2025-09-17 17:15,214,98,116,0,0,0
2025-09-17 17:30,181,81,100,0,0,0
2025-09-17 17:45,205,101,104,0,0,0
2025-09-17 18:00,184,58,126,0,0,0
2025-09-17 18:15,146,48,98,0,0,0
2025-09-17 18:30,108,42,66,0,0,0
2025-09-17 18:45,121,45,76,0,0,0
2025-09-17 19:00,92,35,57,0,0,0
2025-09-17 19:15,91,17,74,0,0,0
2025-09-17 19:30,68,25,43,0,0,0
2025-09-17 19:45,92,34,58,0,0,0
2025-09-17 20:00,79,37,42,0,0,0
2025-09-17 20:15,73,28,45,0,0,0
2025-09-17 20:30,63,25,38,0,0,0
2025-09-17 20:45,40,11,29,0,0,0
2025-09-17 21:00,50,21,29,0,0,0
2025-09-17 21:15,49,16,33,0,0,0
2025-09-17 21:30,39,20,19,0,0,0
2025-09-17 21:45,46,20,26,0,0,0
2025-09-17 22:00,57,21,36,0,0,0
2025-09-17 22:15,43,14,29,0,0,0
2025-09-17 22:30,46,15,31,0,0,0
2025-09-17 22:45,28,6,22,0,0,0
2025-09-17 23:00,30,9,21,0,0,0
2025-09-17 23:15,29,13,16,0,0,0
2025-09-17 23:30,18,2,16,0,0,0
2025-09-17 23:45,10,4,6,0,0,0
2025-09-18 00:00,8,2,6,0,0,0
2025-09-18 00:15,6,2,4,0,0,0
2025-09-18 00:30,7,5,2,0,0,0
2025-09-18 00:45,13,5,8,0,0,0
2025-09-18 01:00,4,0,4,0,0,0
2025-09-18 01:15,3,0,3,0,0,0
2025-09-18 01:30,1,0,1,0,0,0
2025-09-18 01:45,3,0,3,0,0,0
2025-09-18 02:00,3,0,3,0,0,0
2025-09-18 02:15,4,1,3,0,0,0
2025-09-18 02:30,4,4,0,0,0,0
2025-09-18 02:45,3,2,1,0,0,0
2025-09-18 03:00,3,1,2,0,0,0
2025-09-18 03:15,2,0,2,0,0,0
2025-09-18 03:30,0,0,0,0,0,0
2025-09-18 03:45,2,1,1,0,0,0
2025-09-18 04:00,1,0,1,0,0,0
2025-09-18 04:15,7,1,6,0,0,0
2025-09-18 04:30,2,0,2,0,0,0
2025-09-18 04:45,1,1,0,0,0,0
2025-09-18 05:00,7,6,1,0,0,0
2025-09-18 05:15,10,5,5,0,0,0
2025-09-18 05:30,21,14,7,0,0,0
2025-09-18 05:45,26,13,13,0,0,0
2025-09-18 06:00,16,14,2,0,0,0
2025-09-18 06:15,41,25,16,0,0,0
2025-09-18 06:30,54,37,17,0,0,0
2025-09-18 06:45,68,42,26,0,0,0
2025-09-18 07:00,77,44,33,0,0,0
2025-09-18 07:15,121,76,45,0,0,0
2025-09-18 07:30,204,137,67,0,0,0
2025-09-18 07:45,197,124,73,0,0,0
2025-09-18 08:00,157,110,47,0,0,0
2025-09-18 08:15,177,112,65,0,0,0
2025-09-18 08:30,136,92,44,0,0,0
2025-09-18 08:45,142,104,38,0,0,0
2025-09-18 09:00,90,51,39,0,0,0
2025-09-18 09:15,85,58,27,0,0,0
2025-09-18 09:30,103,70,33,0,0,0
2025-09-18 09:45,116,73,43,0,0,0
2025-09-18 10:00,81,47,34,0,0,0
2025-09-18 10:15,98,52,46,0,0,0
2025-09-18 10:30,85,41,44,0,0,0
2025-09-18 10:45,120,63,57,0,0,0
2025-09-18 11:00,113,57,56,0,0,0
2025-09-18 11:15,112,51,61,0,0,0
2025-09-18 11:30,126,52,74,0,0,0
2025-09-18 11:45,110,48,62,0,0,0
2025-09-18 12:00,138,52,86,0,0,0
2025-09-18 12:15,126,59,67,0,0,0
2025-09-18 12:30,140,56,84,0,0,0
2025-09-18 12:45,159,82,77,0,0,0
2025-09-18 13:00,129,52,77,0,0,0
2025-09-18 13:15,150,55,95,0,0,0
2025-09-18 13:30,124,55,69,0,0,0
2025-09-18 13:45,166,69,97,0,0,0
2025-09-18 14:00,145,53,92,0,0,0
2025-09-18 14:15,139,58,81,0,0,0
2025-09-18 14:30,158,73,85,0,0,0
2025-09-18 14:45,167,68,99,0,0,0
2025-09-18 15:00,151,65,86,0,0,0
2025-09-18 15:15,173,71,102,0,0,0
2025-09-18 15:30,148,67,81,0,0,0
2025-09-18 15:45,225,93,132,0,0,0
2025-09-18 16:00,203,88,115,0,0,0
2025-09-18 16:15,212,103,109,0,0,0
2025-09-18 16:30,204,91,113,0,0,0
2025-09-18 16:45,224,91,133,0,0,0
2025-09-18 17:00,203,82,121,0,0,0
2025-09-18 17:15,237,101,136,0,0,0
2025-09-18 17:30,194,75,119,0,0,0
2025-09-18 17:45,192,87,105,0,0,0
2025-09-18 18:00,174,69,105,0,0,0
2025-09-18 18:15,165,65,100,0,0,0
2025-09-18 18:30,160,69,91,0,0,0
2025-09-18 18:45,149,71,78,0,0,0
2025-09-18 19:00,142,52,90,0,0,0
2025-09-18 19:15,123,55,68,0,0,0
2025-09-18 19:30,133,46,87,0,0,0
2025-09-18 19:45,76,32,44,0,0,0
2025-09-18 20:00,92,35,57,0,0,0
2025-09-18 20:15,84,16,68,0,0,0
2025-09-18 20:30,68,24,44,0,0,0
2025-09-18 20:45,63,27,36,0,0,0
2025-09-18 21:00,70,20,50,0,0,0
2025-09-18 21:15,72,31,41,0,0,0
2025-09-18 21:30,68,23,45,0,0,0
2025-09-18 21:45,72,18,54,0,0,0
2025-09-18 22:00,50,20,30,0,0,0
2025-09-18 22:15,78,14,64,0,0,0
2025-09-18 22:30,59,17,42,0,0,0
2025-09-18 22:45,45,6,39,0,0,0
2025-09-18 23:00,41,12,29,0,0,0
2025-09-18 23:15,31,3,28,0,0,0
2025-09-18 23:30,18,5,13,0,0,0
2025-09-18 23:45,12,1,11,0,0,0
2025-09-19 00:00,18,2,16,0,0,0
2025-09-19 00:15,12,5,7,0,0,0
2025-09-19 00:30,7,2,5,0,0,0
2025-09-19 00:45,3,1,2,0,0,0
2025-09-19 01:00,1,0,1,0,0,0
2025-09-19 01:15,5,1,4,0,0,0
2025-09-19 01:30,3,1,2,0,0,0
2025-09-19 01:45,4,1,3,0,0,0
2025-09-19 02:00,0,0,0,0,0,0
2025-09-19 02:15,2,0,2,0,0,0
2025-09-19 02:30,3,0,3,0,0,0
2025-09-19 02:45,3,1,2,0,0,0
2025-09-19 03:00,3,1,2,0,0,0
2025-09-19 03:15,0,0,0,0,0,0
2025-09-19 03:30,2,0,2,0,0,0
2025-09-19 03:45,1,0,1,0,0,0
2025-09-19 04:00,5,1,4,0,0,0
2025-09-19 04:15,5,3,2,0,0,0
2025-09-19 04:30,2,0,2,0,0,0
2025-09-19 04:45,3,3,0,0,0,0
2025-09-19 05:00,7,5,2,0,0,0
2025-09-19 05:15,6,3,3,0,0,0
2025-09-19 05:30,12,5,7,0,0,0
2025-09-19 05:45,17,11,6,0,0,0
2025-09-19 06:00,15,10,5,0,0,0
2025-09-19 06:15,40,27,13,0,0,0
2025-09-19 06:30,43,26,17,0,0,0
2025-09-19 06:45,60,26,34,0,0,0
2025-09-19 07:00,53,30,23,0,0,0
2025-09-19 07:15,109,64,45,0,0,0
2025-09-19 07:30,159,96,63,0,0,0
2025-09-19 07:45,165,103,62,0,0,0
2025-09-19 08:00,132,84,48,0,0,0
2025-09-19 08:15,136,82,54,0,0,0
2025-09-19 08:30,141,79,62,0,0,0
2025-09-19 08:45,168,106,62,0,0,0
2025-09-19 09:00,105,55,50,0,0,0
2025-09-19 09:15,123,71,52,0,0,0
2025-09-19 09:30,114,67,47,0,0,0
2025-09-19 09:45,136,72,64,0,0,0
2025-09-19 10:00,104,63,41,0,0,0
2025-09-19 10:15,113,73,40,0,0,0
2025-09-19 10:30,127,61,66,0,0,0
2025-09-19 10:45,168,84,84,0,0,0
2025-09-19 11:00,122,57,65,0,0,0
2025-09-19 11:15,158,66,92,0,0,0
2025-09-19 11:30,160,81,79,0,0,0
2025-09-19 11:45,138,67,71,0,0,0
2025-09-19 12:00,161,85,76,0,0,0
2025-09-19 12:15,151,71,80,0,0,0
2025-09-19 12:30,198,90,108,0,0,0
2025-09-19 12:45,161,62,99,0,0,0
2025-09-19 13:00,162,60,102,0,0,0
2025-09-19 13:15,192,83,109,0,0,0
2025-09-19 13:30,196,85,111,0,0,0
2025-09-19 13:45,185,79,106,0,0,0
2025-09-19 14:00,183,78,105,0,0,0
2025-09-19 14:15,217,85,132,0,0,0
2025-09-19 14:30,220,101,119,0,0,0
2025-09-19 14:45,235,107,128,0,0,0
2025-09-19 15:00,216,85,131,0,0,0
2025-09-19 15:15,228,89,139,0,0,0
2025-09-19 15:30,186,62,124,0,0,0
2025-09-19 15:45,191,102,89,0,0,0
2025-09-19 16:00,224,97,127,0,0,0
2025-09-19 16:15,212,98,114,0,0,0
2025-09-19 16:30,200,88,112,0,0,0
2025-09-19 16:45,215,101,114,0,0,0
2025-09-19 17:00,198,77,121,0,0,0
2025-09-19 17:15,217,93,124,0,0,0
2025-09-19 17:30,216,86,130,0,0,0
2025-09-19 17:45,195,90,105,0,0,0
2025-09-19 18:00,175,93,82,0,0,0
2025-09-19 18:15,222,93,129,0,0,0
2025-09-19 18:30,174,82,92,0,0,0
2025-09-19 18:45,163,77,86,0,0,0
2025-09-19 19:00,109,48,61,0,0,0
2025-09-19 19:15,146,76,70,0,0,0
2025-09-19 19:30,130,61,69,0,0,0
2025-09-19 19:45,143,57,86,0,0,0
2025-09-19 20:00,106,49,57,0,0,0
2025-09-19 20:15,106,56,50,0,0,0
2025-09-19 20:30,73,26,47,0,0,0
2025-09-19 20:45,92,40,52,0,0,0
2025-09-19 21:00,78,33,45,0,0,0
2025-09-19 21:15,68,31,37,0,0,0
2025-09-19 21:30,72,24,48,0,0,0
2025-09-19 21:45,49,18,31,0,0,0
2025-09-19 22:00,52,17,35,0,0,0
2025-09-19 22:15,71,27,44,0,0,0
2025-09-19 22:30,48,15,33,0,0,0
2025-09-19 22:45,59,20,39,0,0,0
2025-09-19 23:00,48,20,28,0,0,0
2025-09-19 23:15,42,6,36,0,0,0
2025-09-19 23:30,46,15,31,0,0,0
2025-09-19 23:45,35,7,28,0,0,0
2025-09-20 00:00,46,10,36,0,0,0
2025-09-20 00:15,25,5,20,0,0,0
2025-09-20 00:30,38,13,25,0,0,0
2025-09-20 00:45,25,10,15,0,0,0
2025-09-20 01:00,13,4,9,0,0,0
2025-09-20 01:15,16,7,9,0,0,0
2025-09-20 01:30,24,6,18,0,0,0
2025-09-20 01:45,10,2,8,0,0,0
2025-09-20 02:00,3,3,,0,0,
2025-09-20 02:15,3,3,,0,0,
2025-09-20 02:30,1,1,,0,0,
2025-09-20 02:45,3,3,,0,0,
2025-09-20 03:00,1,1,,0,0,
2025-09-20 03:15,2,2,,0,0,
2025-09-20 03:30,1,1,,0,0,
2025-09-20 03:45,0,0,,0,0,
2025-09-20 04:00,0,0,,0,0,
2025-09-20 04:15,0,0,,0,0,
2025-09-20 04:30,2,2,,0,0,
2025-09-20 04:45,2,2,,0,0,
