Datetime,300039328 (Coesfelder Kreuz),353425081 (Coesfelder Kreuz Stadteinwärts),353425082 (Coesfelder Kreuz Stadtauswärts),300039328-status,353425081-status,353425082-status
2024-09-01 00:00,21,1,20,0,0,0
2024-09-01 00:15,31,5,26,0,0,0
2024-09-01 00:30,21,3,18,0,0,0
2024-09-01 00:45,28,9,19,0,0,0
2024-09-01 01:00,25,7,18,0,0,0
2024-09-01 01:15,15,4,11,0,0,0
2024-09-01 01:30,9,4,5,0,0,0
2024-09-01 01:45,16,6,10,0,0,0
2024-09-01 02:00,6,2,4,0,0,0
2024-09-01 02:15,16,3,13,0,0,0
2024-09-01 02:30,6,2,4,0,0,0
2024-09-01 02:45,11,2,9,0,0,0
2024-09-01 03:00,6,2,4,0,0,0
2024-09-01 03:15,5,1,4,0,0,0
2024-09-01 03:30,13,4,9,0,0,0
2024-09-01 03:45,7,0,7,0,0,0
2024-09-01 04:00,4,1,3,0,0,0
2024-09-01 04:15,4,2,2,0,0,0
2024-09-01 04:30,1,0,1,0,0,0
2024-09-01 04:45,8,5,3,0,0,0
2024-09-01 05:00,4,0,4,0,0,0
2024-09-01 05:15,4,0,4,0,0,0
2024-09-01 05:30,11,4,7,0,0,0
2024-09-01 05:45,13,2,11,0,0,0
2024-09-01 06:00,7,2,5,0,0,0
2024-09-01 06:15,10,5,5,0,0,0
2024-09-01 06:30,8,4,4,0,0,0
2024-09-01 06:45,7,2,5,0,0,0
2024-09-01 07:00,3,1,2,0,0,0
2024-09-01 07:15,3,1,2,0,0,0
2024-09-01 07:30,13,5,8,0,0,0
2024-09-01 07:45,17,7,10,0,0,0
2024-09-01 08:00,10,3,7,0,0,0
2024-09-01 08:15,14,5,9,0,0,0
2024-09-01 08:30,10,8,2,0,0,0
2024-09-01 08:45,28,14,14,0,0,0
2024-09-01 09:00,19,8,11,0,0,0
2024-09-01 09:15,20,12,8,0,0,0
2024-09-01 09:30,38,14,24,0,0,0
2024-09-01 09:45,46,31,15,0,0,0
2024-09-01 10:00,26,14,12,0,0,0
2024-09-01 10:15,37,19,18,0,0,0
2024-09-01 10:30,33,15,18,0,0,0
2024-09-01 10:45,53,28,25,0,0,0
2024-09-01 11:00,29,14,15,0,0,0
2024-09-01 11:15,29,15,14,0,0,0
2024-09-01 11:30,54,29,25,0,0,0
2024-09-01 11:45,37,22,15,0,0,0
2024-09-01 12:00,46,25,21,0,0,0
2024-09-01 12:15,46,22,24,0,0,0
2024-09-01 12:30,50,22,28,0,0,0
2024-09-01 12:45,68,44,24,0,0,0
2024-09-01 13:00,47,28,19,0,0,0
2024-09-01 13:15,45,25,20,0,0,0
2024-09-01 13:30,72,38,34,0,0,0
2024-09-01 13:45,71,32,39,0,0,0
2024-09-01 14:00,63,28,35,0,0,0
2024-09-01 14:15,71,50,21,0,0,0
2024-09-01 14:30,55,34,21,0,0,0
2024-09-01 14:45,66,37,29,0,0,0
2024-09-01 15:00,89,55,34,0,0,0
2024-09-01 15:15,67,38,29,0,0,0
2024-09-01 15:30,48,28,20,0,0,0
2024-09-01 15:45,53,28,25,0,0,0
2024-09-01 16:00,47,18,29,0,0,0
2024-09-01 16:15,61,30,31,0,0,0
2024-09-01 16:30,43,24,19,0,0,0
2024-09-01 16:45,49,20,29,0,0,0
2024-09-01 17:00,71,34,37,0,0,0
2024-09-01 17:15,49,27,22,0,0,0
2024-09-01 17:30,70,37,33,0,0,0
2024-09-01 17:45,58,30,28,0,0,0
2024-09-01 18:00,58,22,36,0,0,0
2024-09-01 18:15,56,29,27,0,0,0
2024-09-01 18:30,69,37,32,0,0,0
2024-09-01 18:45,42,21,21,0,0,0
2024-09-01 19:00,50,27,23,0,0,0
2024-09-01 19:15,46,18,28,0,0,0
2024-09-01 19:30,30,12,18,0,0,0
2024-09-01 19:45,59,29,30,0,0,0
2024-09-01 20:00,51,16,35,0,0,0
2024-09-01 20:15,46,13,33,0,0,0
2024-09-01 20:30,38,18,20,0,0,0
2024-09-01 20:45,31,17,14,0,0,0
2024-09-01 21:00,58,23,35,0,0,0
2024-09-01 21:15,40,25,15,0,0,0
2024-09-01 21:30,25,6,19,0,0,0
2024-09-01 21:45,22,8,14,0,0,0
2024-09-01 22:00,20,7,13,0,0,0
2024-09-01 22:15,24,9,15,0,0,0
2024-09-01 22:30,20,5,15,0,0,0
2024-09-01 22:45,16,4,12,0,0,0
2024-09-01 23:00,16,8,8,0,0,0
2024-09-01 23:15,11,4,7,0,0,0
2024-09-01 23:30,8,3,5,0,0,0
2024-09-01 23:45,7,4,3,0,0,0
2024-09-02 00:00,5,3,2,0,0,0
2024-09-02 00:15,4,1,3,0,0,0
2024-09-02 00:30,3,1,2,0,0,0
2024-09-02 00:45,4,4,0,0,0,0
2024-09-02 01:00,3,0,3,0,0,0
2024-09-02 01:15,4,2,2,0,0,0
2024-09-02 01:30,1,1,0,0,0,0
2024-09-02 01:45,1,0,1,0,0,0
2024-09-02 02:00,3,0,3,0,0,0
2024-09-02 02:15,0,0,0,0,0,0
2024-09-02 02:30,1,0,1,0,0,0
2024-09-02 02:45,1,0,1,0,0,0
2024-09-02 03:00,1,1,0,0,0,0
2024-09-02 03:15,0,0,0,0,0,0
2024-09-02 03:30,3,2,1,0,0,0
2024-09-02 03:45,2,2,0,0,0,0
2024-09-02 04:00,0,0,0,0,0,0
2024-09-02 04:15,5,4,1,0,0,0
2024-09-02 04:30,3,2,1,0,0,0
2024-09-02 04:45,7,3,4,0,0,0
2024-09-02 05:00,12,7,5,0,0,0
2024-09-02 05:15,4,2,2,0,0,0
2024-09-02 05:30,22,12,10,0,0,0
2024-09-02 05:45,25,10,15,0,0,0
2024-09-02 06:00,21,10,11,0,0,0
2024-09-02 06:15,25,15,10,0,0,0
2024-09-02 06:30,63,31,32,0,0,0
2024-09-02 06:45,63,26,37,0,0,0
2024-09-02 07:00,68,41,27,0,0,0
2024-09-02 07:15,133,85,48,0,0,0
2024-09-02 07:30,231,152,79,0,0,0
2024-09-02 07:45,195,87,108,0,0,0
2024-09-02 08:00,149,65,84,0,0,0
2024-09-02 08:15,125,68,57,0,0,0
2024-09-02 08:30,101,52,49,0,0,0
2024-09-02 08:45,142,63,79,0,0,0
2024-09-02 09:00,90,43,47,0,0,0
2024-09-02 09:15,93,50,43,0,0,0
2024-09-02 09:30,80,43,37,0,0,0
2024-09-02 09:45,77,32,45,0,0,0
2024-09-02 10:00,54,33,21,0,0,0
2024-09-02 10:15,57,32,25,0,0,0
2024-09-02 10:30,60,30,30,0,0,0
2024-09-02 10:45,62,29,33,0,0,0
2024-09-02 11:00,68,37,31,0,0,0
2024-09-02 11:15,81,39,42,0,0,0
2024-09-02 11:30,62,30,32,0,0,0
2024-09-02 11:45,81,37,44,0,0,0
2024-09-02 12:00,93,38,55,0,0,0
2024-09-02 12:15,82,40,42,0,0,0
2024-09-02 12:30,103,44,59,0,0,0
2024-09-02 12:45,91,44,47,0,0,0
2024-09-02 13:00,107,38,69,0,0,0
2024-09-02 13:15,132,46,86,0,0,0
2024-09-02 13:30,91,46,45,0,0,0
2024-09-02 13:45,108,54,54,0,0,0
2024-09-02 14:00,106,53,53,0,0,0
2024-09-02 14:15,109,68,41,0,0,0
2024-09-02 14:30,101,49,52,0,0,0
2024-09-02 14:45,114,52,62,0,0,0
2024-09-02 15:00,126,62,64,0,0,0
2024-09-02 15:15,96,46,50,0,0,0
2024-09-02 15:30,140,57,83,0,0,0
2024-09-02 15:45,158,81,77,0,0,0
2024-09-02 16:00,105,56,49,0,0,0
2024-09-02 16:15,157,82,75,0,0,0
2024-09-02 16:30,128,71,57,0,0,0
2024-09-02 16:45,104,58,46,0,0,0
2024-09-02 17:00,142,71,71,0,0,0
2024-09-02 17:15,126,76,50,0,0,0
2024-09-02 17:30,111,47,64,0,0,0
2024-09-02 17:45,146,68,78,0,0,0
2024-09-02 18:00,101,44,57,0,0,0
2024-09-02 18:15,108,46,62,0,0,0
2024-09-02 18:30,83,36,47,0,0,0
2024-09-02 18:45,84,38,46,0,0,0
2024-09-02 19:00,82,47,35,0,0,0
2024-09-02 19:15,75,44,31,0,0,0
2024-09-02 19:30,74,34,40,0,0,0
2024-09-02 19:45,80,32,48,0,0,0
2024-09-02 20:00,55,20,35,0,0,0
2024-09-02 20:15,58,23,35,0,0,0
2024-09-02 20:30,61,21,40,0,0,0
2024-09-02 20:45,52,14,38,0,0,0
2024-09-02 21:00,51,25,26,0,0,0
2024-09-02 21:15,42,15,27,0,0,0
2024-09-02 21:30,31,8,23,0,0,0
2024-09-02 21:45,44,13,31,0,0,0
2024-09-02 22:00,24,13,11,0,0,0
2024-09-02 22:15,31,8,23,0,0,0
2024-09-02 22:30,14,5,9,0,0,0
2024-09-02 22:45,12,2,10,0,0,0
2024-09-02 23:00,13,1,12,0,0,0
2024-09-02 23:15,6,2,4,0,0,0
2024-09-02 23:30,14,5,9,0,0,0
2024-09-02 23:45,14,6,8,0,0,0
2024-09-03 00:00,5,0,5,0,0,0
2024-09-03 00:15,6,3,3,0,0,0
2024-09-03 00:30,2,0,2,0,0,0
2024-09-03 00:45,6,2,4,0,0,0
2024-09-03 01:00,3,0,3,0,0,0
2024-09-03 01:15,3,3,0,0,0,0
2024-09-03 01:30,4,2,2,0,0,0
2024-09-03 01:45,1,1,0,0,0,0
2024-09-03 02:00,7,2,5,0,0,0
2024-09-03 02:15,1,0,1,0,0,0
2024-09-03 02:30,2,0,2,0,0,0
2024-09-03 02:45,1,1,0,0,0,0
2024-09-03 03:00,0,0,0,0,0,0
2024-09-03 03:15,1,1,0,0,0,0
2024-09-03 03:30,5,1,4,0,0,0
2024-09-03 03:45,0,0,0,0,0,0
2024-09-03 04:00,1,1,0,0,0,0
2024-09-03 04:15,2,1,1,0,0,0
2024-09-03 04:30,6,4,2,0,0,0
2024-09-03 04:45,9,2,7,0,0,0
2024-09-03 05:00,10,7,3,0,0,0
2024-09-03 05:15,9,5,4,0,0,0
2024-09-03 05:30,23,10,13,0,0,0
2024-09-03 05:45,20,6,14,0,0,0
2024-09-03 06:00,18,12,6,0,0,0
2024-09-03 06:15,29,15,14,0,0,0
2024-09-03 06:30,61,35,26,0,0,0
2024-09-03 06:45,64,34,30,0,0,0
2024-09-03 07:00,71,32,39,0,0,0
2024-09-03 07:15,130,72,58,0,0,0
2024-09-03 07:30,218,146,72,0,0,0
2024-09-03 07:45,224,97,127,0,0,0
2024-09-03 08:00,172,66,106,0,0,0
2024-09-03 08:15,137,60,77,0,0,0
2024-09-03 08:30,125,58,67,0,0,0
2024-09-03 08:45,145,60,85,0,0,0
2024-09-03 09:00,91,36,55,0,0,0
2024-09-03 09:15,79,33,46,0,0,0
2024-09-03 09:30,100,50,50,0,0,0
2024-09-03 09:45,92,48,44,0,0,0
2024-09-03 10:00,63,29,34,0,0,0
2024-09-03 10:15,71,35,36,0,0,0
2024-09-03 10:30,61,34,27,0,0,0
2024-09-03 10:45,86,41,45,0,0,0
2024-09-03 11:00,72,46,26,0,0,0
2024-09-03 11:15,77,36,41,0,0,0
2024-09-03 11:30,84,40,44,0,0,0
2024-09-03 11:45,69,35,34,0,0,0
2024-09-03 12:00,90,49,41,0,0,0
2024-09-03 12:15,87,34,53,0,0,0
2024-09-03 12:30,125,52,73,0,0,0
2024-09-03 12:45,118,54,64,0,0,0
2024-09-03 13:00,115,41,74,0,0,0
2024-09-03 13:15,171,75,96,0,0,0
2024-09-03 13:30,114,53,61,0,0,0
2024-09-03 13:45,140,70,70,0,0,0
2024-09-03 14:00,107,56,51,0,0,0
2024-09-03 14:15,108,62,46,0,0,0
2024-09-03 14:30,99,52,47,0,0,0
2024-09-03 14:45,119,57,62,0,0,0
2024-09-03 15:00,101,44,57,0,0,0
2024-09-03 15:15,124,57,67,0,0,0
2024-09-03 15:30,122,64,58,0,0,0
2024-09-03 15:45,148,77,71,0,0,0
2024-09-03 16:00,104,68,36,0,0,0
2024-09-03 16:15,158,86,72,0,0,0
2024-09-03 16:30,150,86,64,0,0,0
2024-09-03 16:45,147,77,70,0,0,0
2024-09-03 17:00,133,67,66,0,0,0
2024-09-03 17:15,155,74,81,0,0,0
2024-09-03 17:30,119,52,67,0,0,0
2024-09-03 17:45,132,66,66,0,0,0
2024-09-03 18:00,135,66,69,0,0,0
2024-09-03 18:15,100,37,63,0,0,0
2024-09-03 18:30,91,39,52,0,0,0
2024-09-03 18:45,114,55,59,0,0,0
2024-09-03 19:00,88,44,44,0,0,0
2024-09-03 19:15,85,49,36,0,0,0
2024-09-03 19:30,55,30,25,0,0,0
2024-09-03 19:45,69,32,37,0,0,0
2024-09-03 20:00,74,27,47,0,0,0
2024-09-03 20:15,72,31,41,0,0,0
2024-09-03 20:30,47,14,33,0,0,0
2024-09-03 20:45,47,12,35,0,0,0
2024-09-03 21:00,51,20,31,0,0,0
2024-09-03 21:15,39,15,24,0,0,0
2024-09-03 21:30,38,16,22,0,0,0
2024-09-03 21:45,63,25,38,0,0,0
2024-09-03 22:00,59,24,35,0,0,0
2024-09-03 22:15,45,20,25,0,0,0
2024-09-03 22:30,39,6,33,0,0,0
2024-09-03 22:45,36,11,25,0,0,0
2024-09-03 23:00,27,10,17,0,0,0
2024-09-03 23:15,15,2,13,0,0,0
2024-09-03 23:30,12,4,8,0,0,0
2024-09-03 23:45,11,5,6,0,0,0
2024-09-04 00:00,3,0,3,0,0,0
2024-09-04 00:15,10,1,9,0,0,0
2024-09-04 00:30,5,2,3,0,0,0
2024-09-04 00:45,2,2,0,0,0,0
2024-09-04 01:00,5,2,3,0,0,0
2024-09-04 01:15,7,6,1,0,0,0
2024-09-04 01:30,1,0,1,0,0,0
2024-09-04 01:45,0,0,0,0,0,0
2024-09-04 02:00,5,1,4,0,0,0
2024-09-04 02:15,4,3,1,0,0,0
2024-09-04 02:30,1,0,1,0,0,0
2024-09-04 02:45,0,0,0,0,0,0
2024-09-04 03:00,0,0,0,0,0,0
2024-09-04 03:15,0,0,0,0,0,0
2024-09-04 03:30,2,1,1,0,0,0
2024-09-04 03:45,1,1,0,0,0,0
2024-09-04 04:00,0,0,0,0,0,0
2024-09-04 04:15,3,3,0,0,0,0
2024-09-04 04:30,6,3,3,0,0,0
2024-09-04 04:45,8,2,6,0,0,0
2024-09-04 05:00,6,3,3,0,0,0
2024-09-04 05:15,4,3,1,0,0,0
2024-09-04 05:30,15,5,10,0,0,0
2024-09-04 05:45,17,5,12,0,0,0
2024-09-04 06:00,10,6,4,0,0,0
2024-09-04 06:15,27,19,8,0,0,0
2024-09-04 06:30,46,25,21,0,0,0
2024-09-04 06:45,62,28,34,0,0,0
2024-09-04 07:00,70,34,36,0,0,0
2024-09-04 07:15,114,72,42,0,0,0
2024-09-04 07:30,193,120,73,0,0,0
2024-09-04 07:45,228,105,123,0,0,0
2024-09-04 08:00,129,54,75,0,0,0
2024-09-04 08:15,131,64,67,0,0,0
2024-09-04 08:30,111,59,52,0,0,0
2024-09-04 08:45,109,38,71,0,0,0
2024-09-04 09:00,112,54,58,0,0,0
2024-09-04 09:15,92,50,42,0,0,0
2024-09-04 09:30,96,44,52,0,0,0
2024-09-04 09:45,85,43,42,0,0,0
2024-09-04 10:00,69,35,34,0,0,0
2024-09-04 10:15,63,20,43,0,0,0
2024-09-04 10:30,56,29,27,0,0,0
2024-09-04 10:45,51,26,25,0,0,0
2024-09-04 11:00,47,30,17,0,0,0
2024-09-04 11:15,54,22,32,0,0,0
2024-09-04 11:30,51,24,27,0,0,0
2024-09-04 11:45,81,40,41,0,0,0
2024-09-04 12:00,80,22,58,0,0,0
2024-09-04 12:15,74,32,42,0,0,0
2024-09-04 12:30,70,34,36,0,0,0
2024-09-04 12:45,98,48,50,0,0,0
2024-09-04 13:00,89,39,50,0,0,0
2024-09-04 13:15,111,35,76,0,0,0
2024-09-04 13:30,80,37,43,0,0,0
2024-09-04 13:45,88,38,50,0,0,0
2024-09-04 14:00,59,23,36,0,0,0
2024-09-04 14:15,54,34,20,0,0,0
2024-09-04 14:30,72,38,34,0,0,0
2024-09-04 14:45,83,38,45,0,0,0
2024-09-04 15:00,84,43,41,0,0,0
2024-09-04 15:15,89,43,46,0,0,0
2024-09-04 15:30,90,38,52,0,0,0
2024-09-04 15:45,129,58,71,0,0,0
2024-09-04 16:00,112,76,36,0,0,0
2024-09-04 16:15,93,53,40,0,0,0
2024-09-04 16:30,107,54,53,0,0,0
2024-09-04 16:45,96,55,41,0,0,0
2024-09-04 17:00,109,62,47,0,0,0
2024-09-04 17:15,106,58,48,0,0,0
2024-09-04 17:30,114,59,55,0,0,0
2024-09-04 17:45,118,46,72,0,0,0
2024-09-04 18:00,63,25,38,0,0,0
2024-09-04 18:15,71,35,36,0,0,0
2024-09-04 18:30,81,41,40,0,0,0
2024-09-04 18:45,84,47,37,0,0,0
2024-09-04 19:00,69,36,33,0,0,0
2024-09-04 19:15,63,38,25,0,0,0
2024-09-04 19:30,53,30,23,0,0,0
2024-09-04 19:45,55,13,42,0,0,0
2024-09-04 20:00,61,22,39,0,0,0
2024-09-04 20:15,49,13,36,0,0,0
2024-09-04 20:30,50,19,31,0,0,0
2024-09-04 20:45,46,14,32,0,0,0
2024-09-04 21:00,36,16,20,0,0,0
2024-09-04 21:15,34,17,17,0,0,0
2024-09-04 21:30,24,6,18,0,0,0
2024-09-04 21:45,35,20,15,0,0,0
2024-09-04 22:00,33,13,20,0,0,0
2024-09-04 22:15,44,17,27,0,0,0
2024-09-04 22:30,36,17,19,0,0,0
2024-09-04 22:45,7,4,3,0,0,0
2024-09-04 23:00,24,7,17,0,0,0
2024-09-04 23:15,12,4,8,0,0,0
2024-09-04 23:30,10,3,7,0,0,0
2024-09-04 23:45,8,1,7,0,0,0
2024-09-05 00:00,10,4,6,0,0,0
2024-09-05 00:15,10,3,7,0,0,0
2024-09-05 00:30,3,2,1,0,0,0
2024-09-05 00:45,11,0,11,0,0,0
2024-09-05 01:00,6,2,4,0,0,0
2024-09-05 01:15,10,1,9,0,0,0
2024-09-05 01:30,4,2,2,0,0,0
2024-09-05 01:45,5,1,4,0,0,0
2024-09-05 02:00,6,0,6,0,0,0
2024-09-05 02:15,4,0,4,0,0,0
2024-09-05 02:30,0,0,0,0,0,0
2024-09-05 02:45,2,0,2,0,0,0
2024-09-05 03:00,2,1,1,0,0,0
2024-09-05 03:15,4,0,4,0,0,0
2024-09-05 03:30,5,1,4,0,0,0
2024-09-05 03:45,1,1,0,0,0,0
2024-09-05 04:00,4,2,2,0,0,0
2024-09-05 04:15,3,2,1,0,0,0
2024-09-05 04:30,4,2,2,0,0,0
2024-09-05 04:45,11,5,6,0,0,0
2024-09-05 05:00,13,7,6,0,0,0
2024-09-05 05:15,3,2,1,0,0,0
2024-09-05 05:30,16,8,8,0,0,0
2024-09-05 05:45,13,4,9,0,0,0
2024-09-05 06:00,24,18,6,0,0,0
2024-09-05 06:15,24,15,9,0,0,0
2024-09-05 06:30,51,33,18,0,0,0
2024-09-05 06:45,58,29,29,0,0,0
2024-09-05 07:00,64,33,31,0,0,0
2024-09-05 07:15,126,68,58,0,0,0
2024-09-05 07:30,243,160,83,0,0,0
2024-09-05 07:45,199,88,111,0,0,0
2024-09-05 08:00,171,62,109,0,0,0
2024-09-05 08:15,136,72,64,0,0,0
2024-09-05 08:30,112,57,55,0,0,0
2024-09-05 08:45,145,57,88,0,0,0
2024-09-05 09:00,87,39,48,0,0,0
2024-09-05 09:15,75,37,38,0,0,0
2024-09-05 09:30,93,55,38,0,0,0
2024-09-05 09:45,75,31,44,0,0,0
2024-09-05 10:00,71,31,40,0,0,0
2024-09-05 10:15,67,39,28,0,0,0
2024-09-05 10:30,60,35,25,0,0,0
2024-09-05 10:45,69,37,32,0,0,0
2024-09-05 11:00,71,37,34,0,0,0
2024-09-05 11:15,73,26,47,0,0,0
2024-09-05 11:30,62,31,31,0,0,0
2024-09-05 11:45,97,42,55,0,0,0
2024-09-05 12:00,85,43,42,0,0,0
2024-09-05 12:15,106,40,66,0,0,0
2024-09-05 12:30,118,62,56,0,0,0
2024-09-05 12:45,114,62,52,0,0,0
2024-09-05 13:00,94,41,53,0,0,0
2024-09-05 13:15,118,35,83,0,0,0
2024-09-05 13:30,115,56,59,0,0,0
2024-09-05 13:45,117,51,66,0,0,0
2024-09-05 14:00,130,62,68,0,0,0
2024-09-05 14:15,107,59,48,0,0,0
2024-09-05 14:30,108,51,57,0,0,0
2024-09-05 14:45,104,62,42,0,0,0
2024-09-05 15:00,134,67,67,0,0,0
2024-09-05 15:15,134,65,69,0,0,0
2024-09-05 15:30,136,63,73,0,0,0
2024-09-05 15:45,175,91,84,0,0,0
2024-09-05 16:00,137,78,59,0,0,0
2024-09-05 16:15,135,74,61,0,0,0
2024-09-05 16:30,146,82,64,0,0,0
2024-09-05 16:45,130,70,60,0,0,0
2024-09-05 17:00,157,81,76,0,0,0
2024-09-05 17:15,144,84,60,0,0,0
2024-09-05 17:30,129,65,64,0,0,0
2024-09-05 17:45,122,64,58,0,0,0
2024-09-05 18:00,102,50,52,0,0,0
2024-09-05 18:15,114,56,58,0,0,0
2024-09-05 18:30,107,55,52,0,0,0
2024-09-05 18:45,103,39,64,0,0,0
2024-09-05 19:00,91,43,48,0,0,0
2024-09-05 19:15,76,41,35,0,0,0
2024-09-05 19:30,93,45,48,0,0,0
2024-09-05 19:45,66,30,36,0,0,0
2024-09-05 20:00,72,30,42,0,0,0
2024-09-05 20:15,85,29,56,0,0,0
2024-09-05 20:30,69,29,40,0,0,0
2024-09-05 20:45,60,16,44,0,0,0
2024-09-05 21:00,60,25,35,0,0,0
2024-09-05 21:15,52,25,27,0,0,0
2024-09-05 21:30,46,8,38,0,0,0
2024-09-05 21:45,42,6,36,0,0,0
2024-09-05 22:00,50,17,33,0,0,0
2024-09-05 22:15,48,11,37,0,0,0
2024-09-05 22:30,38,12,26,0,0,0
2024-09-05 22:45,26,6,20,0,0,0
2024-09-05 23:00,34,8,26,0,0,0
2024-09-05 23:15,17,3,14,0,0,0
2024-09-05 23:30,15,3,12,0,0,0
2024-09-05 23:45,21,6,15,0,0,0
2024-09-06 00:00,10,1,9,0,0,0
2024-09-06 00:15,14,4,10,0,0,0
2024-09-06 00:30,11,5,6,0,0,0
2024-09-06 00:45,12,5,7,0,0,0
2024-09-06 01:00,7,1,6,0,0,0
2024-09-06 01:15,7,4,3,0,0,0
2024-09-06 01:30,4,2,2,0,0,0
2024-09-06 01:45,7,1,6,0,0,0
2024-09-06 02:00,4,1,3,0,0,0
2024-09-06 02:15,1,0,1,0,0,0
2024-09-06 02:30,2,1,1,0,0,0
2024-09-06 02:45,1,0,1,0,0,0
2024-09-06 03:00,0,0,0,0,0,0
2024-09-06 03:15,2,1,1,0,0,0
2024-09-06 03:30,0,0,0,0,0,0
2024-09-06 03:45,1,1,0,0,0,0
2024-09-06 04:00,4,1,3,0,0,0
2024-09-06 04:15,1,0,1,0,0,0
2024-09-06 04:30,8,4,4,0,0,0
2024-09-06 04:45,7,2,5,0,0,0
2024-09-06 05:00,13,5,8,0,0,0
2024-09-06 05:15,5,5,0,0,0,0
2024-09-06 05:30,20,10,10,0,0,0
2024-09-06 05:45,20,5,15,0,0,0
2024-09-06 06:00,16,12,4,0,0,0
2024-09-06 06:15,22,14,8,0,0,0
2024-09-06 06:30,37,22,15,0,0,0
2024-09-06 06:45,47,29,18,0,0,0
2024-09-06 07:00,65,27,38,0,0,0
2024-09-06 07:15,130,85,45,0,0,0
2024-09-06 07:30,193,117,76,0,0,0
2024-09-06 07:45,195,78,117,0,0,0
2024-09-06 08:00,128,49,79,0,0,0
2024-09-06 08:15,113,53,60,0,0,0
2024-09-06 08:30,95,51,44,0,0,0
2024-09-06 08:45,113,44,69,0,0,0
2024-09-06 09:00,71,36,35,0,0,0
2024-09-06 09:15,69,36,33,0,0,0
2024-09-06 09:30,80,45,35,0,0,0
2024-09-06 09:45,82,36,46,0,0,0
2024-09-06 10:00,69,33,36,0,0,0
2024-09-06 10:15,67,32,35,0,0,0
2024-09-06 10:30,60,31,29,0,0,0
2024-09-06 10:45,67,44,23,0,0,0
2024-09-06 11:00,69,44,25,0,0,0
2024-09-06 11:15,55,31,24,0,0,0
2024-09-06 11:30,84,36,48,0,0,0
2024-09-06 11:45,93,37,56,0,0,0
2024-09-06 12:00,85,40,45,0,0,0
2024-09-06 12:15,109,34,75,0,0,0
2024-09-06 12:30,99,48,51,0,0,0
2024-09-06 12:45,112,60,52,0,0,0
2024-09-06 13:00,112,44,68,0,0,0
2024-09-06 13:15,166,70,96,0,0,0
2024-09-06 13:30,102,54,48,0,0,0
2024-09-06 13:45,127,68,59,0,0,0
2024-09-06 14:00,120,51,69,0,0,0
2024-09-06 14:15,97,48,49,0,0,0
2024-09-06 14:30,92,44,48,0,0,0
2024-09-06 14:45,92,30,62,0,0,0
2024-09-06 15:00,110,63,47,0,0,0
2024-09-06 15:15,95,51,44,0,0,0
2024-09-06 15:30,99,56,43,0,0,0
2024-09-06 15:45,119,73,46,0,0,0
2024-09-06 16:00,94,45,49,0,0,0
2024-09-06 16:15,105,59,46,0,0,0
2024-09-06 16:30,92,58,34,0,0,0
2024-09-06 16:45,91,55,36,0,0,0
2024-09-06 17:00,105,64,41,0,0,0
2024-09-06 17:15,95,53,42,0,0,0
2024-09-06 17:30,100,48,52,0,0,0
2024-09-06 17:45,74,51,23,0,0,0
2024-09-06 18:00,90,42,48,0,0,0
2024-09-06 18:15,96,39,57,0,0,0
2024-09-06 18:30,83,41,42,0,0,0
2024-09-06 18:45,72,41,31,0,0,0
2024-09-06 19:00,62,36,26,0,0,0
2024-09-06 19:15,78,36,42,0,0,0
2024-09-06 19:30,73,42,31,0,0,0
2024-09-06 19:45,79,34,45,0,0,0
2024-09-06 20:00,65,28,37,0,0,0
2024-09-06 20:15,39,23,16,0,0,0
2024-09-06 20:30,45,20,25,0,0,0
2024-09-06 20:45,47,22,25,0,0,0
2024-09-06 21:00,42,21,21,0,0,0
2024-09-06 21:15,40,16,24,0,0,0
2024-09-06 21:30,38,18,20,0,0,0
2024-09-06 21:45,24,9,15,0,0,0
2024-09-06 22:00,46,18,28,0,0,0
2024-09-06 22:15,28,12,16,0,0,0
2024-09-06 22:30,38,19,19,0,0,0
2024-09-06 22:45,29,9,20,0,0,0
2024-09-06 23:00,26,9,17,0,0,0
2024-09-06 23:15,32,6,26,0,0,0
2024-09-06 23:30,20,8,12,0,0,0
2024-09-06 23:45,30,8,22,0,0,0
2024-09-07 00:00,19,2,17,0,0,0
2024-09-07 00:15,23,3,20,0,0,0
2024-09-07 00:30,29,11,18,0,0,0
2024-09-07 00:45,17,3,14,0,0,0
2024-09-07 01:00,21,4,17,0,0,0
2024-09-07 01:15,9,3,6,0,0,0
2024-09-07 01:30,15,4,11,0,0,0
2024-09-07 01:45,16,1,15,0,0,0
2024-09-07 02:00,6,2,4,0,0,0
2024-09-07 02:15,9,3,6,0,0,0
2024-09-07 02:30,15,4,11,0,0,0
2024-09-07 02:45,10,1,9,0,0,0
2024-09-07 03:00,8,0,8,0,0,0
2024-09-07 03:15,8,4,4,0,0,0
2024-09-07 03:30,6,0,6,0,0,0
2024-09-07 03:45,13,2,11,0,0,0
2024-09-07 04:00,5,0,5,0,0,0
2024-09-07 04:15,3,1,2,0,0,0
2024-09-07 04:30,7,2,5,0,0,0
2024-09-07 04:45,4,2,2,0,0,0
2024-09-07 05:00,4,2,2,0,0,0
2024-09-07 05:15,5,2,3,0,0,0
2024-09-07 05:30,10,5,5,0,0,0
2024-09-07 05:45,15,3,12,0,0,0
2024-09-07 06:00,9,5,4,0,0,0
2024-09-07 06:15,7,7,0,0,0,0
2024-09-07 06:30,12,9,3,0,0,0
2024-09-07 06:45,16,10,6,0,0,0
2024-09-07 07:00,12,6,6,0,0,0
2024-09-07 07:15,7,5,2,0,0,0
2024-09-07 07:30,17,11,6,0,0,0
2024-09-07 07:45,20,6,14,0,0,0
2024-09-07 08:00,18,9,9,0,0,0
2024-09-07 08:15,13,8,5,0,0,0
2024-09-07 08:30,29,19,10,0,0,0
2024-09-07 08:45,39,21,18,0,0,0
2024-09-07 09:00,13,7,6,0,0,0
2024-09-07 09:15,48,33,15,0,0,0
2024-09-07 09:30,49,37,12,0,0,0
2024-09-07 09:45,67,48,19,0,0,0
2024-09-07 10:00,41,24,17,0,0,0
2024-09-07 10:15,61,36,25,0,0,0
2024-09-07 10:30,48,31,17,0,0,0
2024-09-07 10:45,72,43,29,0,0,0
2024-09-07 11:00,66,37,29,0,0,0
2024-09-07 11:15,71,38,33,0,0,0
2024-09-07 11:30,64,36,28,0,0,0
2024-09-07 11:45,43,24,19,0,0,0
2024-09-07 12:00,66,47,19,0,0,0
2024-09-07 12:15,67,32,35,0,0,0
2024-09-07 12:30,75,37,38,0,0,0
2024-09-07 12:45,71,28,43,0,0,0
2024-09-07 13:00,68,35,33,0,0,0
2024-09-07 13:15,64,32,32,0,0,0
2024-09-07 13:30,63,32,31,0,0,0
2024-09-07 13:45,69,40,29,0,0,0
2024-09-07 14:00,59,31,28,0,0,0
2024-09-07 14:15,88,33,55,0,0,0
2024-09-07 14:30,85,41,44,0,0,0
2024-09-07 14:45,70,28,42,0,0,0
2024-09-07 15:00,62,24,38,0,0,0
2024-09-07 15:15,64,33,31,0,0,0
2024-09-07 15:30,58,31,27,0,0,0
2024-09-07 15:45,68,35,33,0,0,0
2024-09-07 16:00,66,35,31,0,0,0
2024-09-07 16:15,67,29,38,0,0,0
2024-09-07 16:30,52,24,28,0,0,0
2024-09-07 16:45,79,32,47,0,0,0
2024-09-07 17:00,78,29,49,0,0,0
2024-09-07 17:15,67,35,32,0,0,0
2024-09-07 17:30,74,35,39,0,0,0
2024-09-07 17:45,81,29,52,0,0,0
2024-09-07 18:00,76,39,37,0,0,0
2024-09-07 18:15,63,24,39,0,0,0
2024-09-07 18:30,70,29,41,0,0,0
2024-09-07 18:45,80,37,43,0,0,0
2024-09-07 19:00,60,29,31,0,0,0
2024-09-07 19:15,68,29,39,0,0,0
2024-09-07 19:30,50,29,21,0,0,0
2024-09-07 19:45,56,24,32,0,0,0
2024-09-07 20:00,73,36,37,0,0,0
2024-09-07 20:15,51,20,31,0,0,0
2024-09-07 20:30,33,20,13,0,0,0
2024-09-07 20:45,33,13,20,0,0,0
2024-09-07 21:00,61,35,26,0,0,0
2024-09-07 21:15,25,12,13,0,0,0
2024-09-07 21:30,28,13,15,0,0,0
2024-09-07 21:45,35,9,26,0,0,0
2024-09-07 22:00,33,10,23,0,0,0
2024-09-07 22:15,19,5,14,0,0,0
2024-09-07 22:30,24,6,18,0,0,0
2024-09-07 22:45,31,12,19,0,0,0
2024-09-07 23:00,38,12,26,0,0,0
2024-09-07 23:15,39,5,34,0,0,0
2024-09-07 23:30,29,5,24,0,0,0
2024-09-07 23:45,29,9,20,0,0,0
2024-09-08 00:00,22,6,16,0,0,0
2024-09-08 00:15,20,4,16,0,0,0
2024-09-08 00:30,23,7,16,0,0,0
2024-09-08 00:45,24,7,17,0,0,0
2024-09-08 01:00,20,2,18,0,0,0
2024-09-08 01:15,7,3,4,0,0,0
2024-09-08 01:30,13,1,12,0,0,0
2024-09-08 01:45,8,1,7,0,0,0
2024-09-08 02:00,12,2,10,0,0,0
2024-09-08 02:15,12,5,7,0,0,0
2024-09-08 02:30,5,2,3,0,0,0
2024-09-08 02:45,7,0,7,0,0,0
2024-09-08 03:00,6,1,5,0,0,0
2024-09-08 03:15,8,3,5,0,0,0
2024-09-08 03:30,6,3,3,0,0,0
2024-09-08 03:45,6,1,5,0,0,0
2024-09-08 04:00,7,0,7,0,0,0
2024-09-08 04:15,5,1,4,0,0,0
2024-09-08 04:30,3,1,2,0,0,0
2024-09-08 04:45,3,1,2,0,0,0
2024-09-08 05:00,7,1,6,0,0,0
2024-09-08 05:15,6,3,3,0,0,0
2024-09-08 05:30,14,4,10,0,0,0
2024-09-08 05:45,10,4,6,0,0,0
2024-09-08 06:00,9,3,6,0,0,0
2024-09-08 06:15,9,5,4,0,0,0
2024-09-08 06:30,11,9,2,0,0,0
2024-09-08 06:45,14,9,5,0,0,0
2024-09-08 07:00,10,6,4,0,0,0
2024-09-08 07:15,4,3,1,0,0,0
2024-09-08 07:30,12,9,3,0,0,0
2024-09-08 07:45,19,14,5,0,0,0
2024-09-08 08:00,36,29,7,0,0,0
2024-09-08 08:15,65,60,5,0,0,0
2024-09-08 08:30,54,39,15,0,0,0
2024-09-08 08:45,36,29,7,0,0,0
2024-09-08 09:00,19,9,10,0,0,0
2024-09-08 09:15,55,17,38,0,0,0
2024-09-08 09:30,73,31,42,0,0,0
2024-09-08 09:45,89,43,46,0,0,0
2024-09-08 10:00,90,38,52,0,0,0
2024-09-08 10:15,102,33,69,0,0,0
2024-09-08 10:30,162,32,130,0,0,0
2024-09-08 10:45,141,38,103,0,0,0
2024-09-08 11:00,92,46,46,0,0,0
2024-09-08 11:15,72,31,41,0,0,0
2024-09-08 11:30,129,43,86,0,0,0
2024-09-08 11:45,102,56,46,0,0,0
2024-09-08 12:00,102,62,40,0,0,0
2024-09-08 12:15,156,111,45,0,0,0
2024-09-08 12:30,238,184,54,0,0,0
2024-09-08 12:45,216,169,47,0,0,0
2024-09-08 13:00,162,140,22,0,0,0
2024-09-08 13:15,100,76,24,0,0,0
2024-09-08 13:30,134,80,54,0,0,0
2024-09-08 13:45,104,63,41,0,0,0
2024-09-08 14:00,86,30,56,0,0,0
2024-09-08 14:15,89,32,57,0,0,0
2024-09-08 14:30,92,41,51,0,0,0
2024-09-08 14:45,94,38,56,0,0,0
2024-09-08 15:00,74,33,41,0,0,0
2024-09-08 15:15,87,35,52,0,0,0
2024-09-08 15:30,71,27,44,0,0,0
2024-09-08 15:45,79,30,49,0,0,0
2024-09-08 16:00,71,23,48,0,0,0
2024-09-08 16:15,77,23,54,0,0,0
2024-09-08 16:30,54,23,31,0,0,0
2024-09-08 16:45,56,21,35,0,0,0
2024-09-08 17:00,56,27,29,0,0,0
2024-09-08 17:15,50,31,19,0,0,0
2024-09-08 17:30,63,29,34,0,0,0
2024-09-08 17:45,81,56,25,0,0,0
2024-09-08 18:00,58,33,25,0,0,0
2024-09-08 18:15,46,16,30,0,0,0
2024-09-08 18:30,70,31,39,0,0,0
2024-09-08 18:45,70,27,43,0,0,0
2024-09-08 19:00,50,23,27,0,0,0
2024-09-08 19:15,40,17,23,0,0,0
2024-09-08 19:30,29,10,19,0,0,0
2024-09-08 19:45,44,21,23,0,0,0
2024-09-08 20:00,59,24,35,0,0,0
2024-09-08 20:15,37,17,20,0,0,0
2024-09-08 20:30,26,15,11,0,0,0
2024-09-08 20:45,17,5,12,0,0,0
2024-09-08 21:00,39,15,24,0,0,0
2024-09-08 21:15,39,12,27,0,0,0
2024-09-08 21:30,29,6,23,0,0,0
2024-09-08 21:45,22,8,14,0,0,0
2024-09-08 22:00,16,10,6,0,0,0
2024-09-08 22:15,13,4,9,0,0,0
2024-09-08 22:30,22,10,12,0,0,0
2024-09-08 22:45,6,1,5,0,0,0
2024-09-08 23:00,19,6,13,0,0,0
2024-09-08 23:15,16,3,13,0,0,0
2024-09-08 23:30,11,5,6,0,0,0
2024-09-08 23:45,7,2,5,0,0,0
2024-09-09 00:00,4,0,4,0,0,0
2024-09-09 00:15,1,1,0,0,0,0
2024-09-09 00:30,1,0,1,0,0,0
2024-09-09 00:45,3,1,2,0,0,0
2024-09-09 01:00,1,0,1,0,0,0
2024-09-09 01:15,1,1,0,0,0,0
2024-09-09 01:30,0,0,0,0,0,0
2024-09-09 01:45,1,1,0,0,0,0
2024-09-09 02:00,1,0,1,0,0,0
2024-09-09 02:15,3,0,3,0,0,0
2024-09-09 02:30,3,0,3,0,0,0
2024-09-09 02:45,0,0,0,0,0,0
2024-09-09 03:00,0,0,0,0,0,0
2024-09-09 03:15,0,0,0,0,0,0
2024-09-09 03:30,0,0,0,0,0,0
2024-09-09 03:45,4,1,3,0,0,0
2024-09-09 04:00,2,1,1,0,0,0
2024-09-09 04:15,2,1,1,0,0,0
2024-09-09 04:30,3,1,2,0,0,0
2024-09-09 04:45,8,2,6,0,0,0
2024-09-09 05:00,11,6,5,0,0,0
2024-09-09 05:15,7,4,3,0,0,0
2024-09-09 05:30,12,6,6,0,0,0
2024-09-09 05:45,26,15,11,0,0,0
2024-09-09 06:00,17,11,6,0,0,0
2024-09-09 06:15,27,13,14,0,0,0
2024-09-09 06:30,64,34,30,0,0,0
2024-09-09 06:45,69,36,33,0,0,0
2024-09-09 07:00,68,36,32,0,0,0
2024-09-09 07:15,137,93,44,0,0,0
2024-09-09 07:30,224,139,85,0,0,0
2024-09-09 07:45,208,90,118,0,0,0
2024-09-09 08:00,149,68,81,0,0,0
2024-09-09 08:15,131,55,76,0,0,0
2024-09-09 08:30,117,45,72,0,0,0
2024-09-09 08:45,151,73,78,0,0,0
2024-09-09 09:00,76,30,46,0,0,0
2024-09-09 09:15,121,52,69,0,0,0
2024-09-09 09:30,115,46,69,0,0,0
2024-09-09 09:45,131,53,78,0,0,0
2024-09-09 10:00,92,43,49,0,0,0
2024-09-09 10:15,37,19,18,0,0,0
2024-09-09 10:30,74,29,45,0,0,0
2024-09-09 10:45,67,42,25,0,0,0
2024-09-09 11:00,73,36,37,0,0,0
2024-09-09 11:15,61,21,40,0,0,0
2024-09-09 11:30,94,41,53,0,0,0
2024-09-09 11:45,111,53,58,0,0,0
2024-09-09 12:00,113,52,61,0,0,0
2024-09-09 12:15,124,63,61,0,0,0
2024-09-09 12:30,101,49,52,0,0,0
2024-09-09 12:45,101,57,44,0,0,0
2024-09-09 13:00,104,38,66,0,0,0
2024-09-09 13:15,151,55,96,0,0,0
2024-09-09 13:30,89,47,42,0,0,0
2024-09-09 13:45,93,58,35,0,0,0
2024-09-09 14:00,99,35,64,0,0,0
2024-09-09 14:15,114,51,63,0,0,0
2024-09-09 14:30,94,51,43,0,0,0
2024-09-09 14:45,104,54,50,0,0,0
2024-09-09 15:00,103,45,58,0,0,0
2024-09-09 15:15,114,62,52,0,0,0
2024-09-09 15:30,129,59,70,0,0,0
2024-09-09 15:45,146,71,75,0,0,0
2024-09-09 16:00,131,79,52,0,0,0
2024-09-09 16:15,109,54,55,0,0,0
2024-09-09 16:30,111,60,51,0,0,0
2024-09-09 16:45,129,59,70,0,0,0
2024-09-09 17:00,127,75,52,0,0,0
2024-09-09 17:15,109,55,54,0,0,0
2024-09-09 17:30,92,50,42,0,0,0
2024-09-09 17:45,109,53,56,0,0,0
2024-09-09 18:00,102,52,50,0,0,0
2024-09-09 18:15,110,57,53,0,0,0
2024-09-09 18:30,85,38,47,0,0,0
2024-09-09 18:45,83,40,43,0,0,0
2024-09-09 19:00,75,48,27,0,0,0
2024-09-09 19:15,62,26,36,0,0,0
2024-09-09 19:30,52,20,32,0,0,0
2024-09-09 19:45,51,19,32,0,0,0
2024-09-09 20:00,68,32,36,0,0,0
2024-09-09 20:15,51,24,27,0,0,0
2024-09-09 20:30,44,10,34,0,0,0
2024-09-09 20:45,33,19,14,0,0,0
2024-09-09 21:00,44,18,26,0,0,0
2024-09-09 21:15,39,21,18,0,0,0
2024-09-09 21:30,27,12,15,0,0,0
2024-09-09 21:45,36,12,24,0,0,0
2024-09-09 22:00,29,16,13,0,0,0
2024-09-09 22:15,28,10,18,0,0,0
2024-09-09 22:30,14,7,7,0,0,0
2024-09-09 22:45,34,11,23,0,0,0
2024-09-09 23:00,13,5,8,0,0,0
2024-09-09 23:15,9,3,6,0,0,0
2024-09-09 23:30,8,3,5,0,0,0
2024-09-09 23:45,12,6,6,0,0,0
2024-09-10 00:00,8,4,4,0,0,0
2024-09-10 00:15,6,2,4,0,0,0
2024-09-10 00:30,4,3,1,0,0,0
2024-09-10 00:45,4,0,4,0,0,0
2024-09-10 01:00,4,0,4,0,0,0
2024-09-10 01:15,5,1,4,0,0,0
2024-09-10 01:30,1,0,1,0,0,0
2024-09-10 01:45,2,0,2,0,0,0
2024-09-10 02:00,2,0,2,0,0,0
2024-09-10 02:15,5,0,5,0,0,0
2024-09-10 02:30,0,0,0,0,0,0
2024-09-10 02:45,0,0,0,0,0,0
2024-09-10 03:00,0,0,0,0,0,0
2024-09-10 03:15,1,1,0,0,0,0
2024-09-10 03:30,1,0,1,0,0,0
2024-09-10 03:45,0,0,0,0,0,0
2024-09-10 04:00,1,1,0,0,0,0
2024-09-10 04:15,3,2,1,0,0,0
2024-09-10 04:30,2,1,1,0,0,0
2024-09-10 04:45,6,2,4,0,0,0
2024-09-10 05:00,9,5,4,0,0,0
2024-09-10 05:15,9,6,3,0,0,0
2024-09-10 05:30,20,12,8,0,0,0
2024-09-10 05:45,21,4,17,0,0,0
2024-09-10 06:00,22,15,7,0,0,0
2024-09-10 06:15,28,15,13,0,0,0
2024-09-10 06:30,48,30,18,0,0,0
2024-09-10 06:45,59,26,33,0,0,0
2024-09-10 07:00,71,39,32,0,0,0
2024-09-10 07:15,134,75,59,0,0,0
2024-09-10 07:30,222,123,99,0,0,0
2024-09-10 07:45,209,83,126,0,0,0
2024-09-10 08:00,172,67,105,0,0,0
2024-09-10 08:15,147,60,87,0,0,0
2024-09-10 08:30,144,69,75,0,0,0
2024-09-10 08:45,130,49,81,0,0,0
2024-09-10 09:00,116,41,75,0,0,0
2024-09-10 09:15,90,44,46,0,0,0
2024-09-10 09:30,83,45,38,0,0,0
2024-09-10 09:45,105,44,61,0,0,0
2024-09-10 10:00,99,48,51,0,0,0
2024-09-10 10:15,81,41,40,0,0,0
2024-09-10 10:30,84,45,39,0,0,0
2024-09-10 10:45,78,37,41,0,0,0
2024-09-10 11:00,53,32,21,0,0,0
2024-09-10 11:15,55,26,29,0,0,0
2024-09-10 11:30,68,33,35,0,0,0
2024-09-10 11:45,110,50,60,0,0,0
2024-09-10 12:00,103,44,59,0,0,0
2024-09-10 12:15,103,44,59,0,0,0
2024-09-10 12:30,129,48,81,0,0,0
2024-09-10 12:45,124,67,57,0,0,0
2024-09-10 13:00,129,57,72,0,0,0
2024-09-10 13:15,142,57,85,0,0,0
2024-09-10 13:30,133,70,63,0,0,0
2024-09-10 13:45,128,65,63,0,0,0
2024-09-10 14:00,133,78,55,0,0,0
2024-09-10 14:15,152,70,82,0,0,0
2024-09-10 14:30,99,51,48,0,0,0
2024-09-10 14:45,111,59,52,0,0,0
2024-09-10 15:00,141,72,69,0,0,0
2024-09-10 15:15,135,70,65,0,0,0
2024-09-10 15:30,101,59,42,0,0,0
2024-09-10 15:45,136,68,68,0,0,0
2024-09-10 16:00,131,74,57,0,0,0
2024-09-10 16:15,129,62,67,0,0,0
2024-09-10 16:30,122,69,53,0,0,0
2024-09-10 16:45,145,86,59,0,0,0
2024-09-10 17:00,127,78,49,0,0,0
2024-09-10 17:15,146,83,63,0,0,0
2024-09-10 17:30,130,71,59,0,0,0
2024-09-10 17:45,133,58,75,0,0,0
2024-09-10 18:00,106,59,47,0,0,0
2024-09-10 18:15,103,48,55,0,0,0
2024-09-10 18:30,80,39,41,0,0,0
2024-09-10 18:45,80,28,52,0,0,0
2024-09-10 19:00,102,50,52,0,0,0
2024-09-10 19:15,62,32,30,0,0,0
2024-09-10 19:30,57,20,37,0,0,0
2024-09-10 19:45,70,24,46,0,0,0
2024-09-10 20:00,60,33,27,0,0,0
2024-09-10 20:15,44,15,29,0,0,0
2024-09-10 20:30,32,10,22,0,0,0
2024-09-10 20:45,32,15,17,0,0,0
2024-09-10 21:00,62,23,39,0,0,0
2024-09-10 21:15,45,14,31,0,0,0
2024-09-10 21:30,29,13,16,0,0,0
2024-09-10 21:45,25,6,19,0,0,0
2024-09-10 22:00,25,9,16,0,0,0
2024-09-10 22:15,22,11,11,0,0,0
2024-09-10 22:30,25,9,16,0,0,0
2024-09-10 22:45,18,4,14,0,0,0
2024-09-10 23:00,19,6,13,0,0,0
2024-09-10 23:15,12,2,10,0,0,0
2024-09-10 23:30,8,2,6,0,0,0
2024-09-10 23:45,8,4,4,0,0,0
2024-09-11 00:00,5,3,2,0,0,0
2024-09-11 00:15,4,1,3,0,0,0
2024-09-11 00:30,2,0,2,0,0,0
2024-09-11 00:45,5,2,3,0,0,0
2024-09-11 01:00,2,0,2,0,0,0
2024-09-11 01:15,5,2,3,0,0,0
2024-09-11 01:30,1,1,0,0,0,0
2024-09-11 01:45,2,0,2,0,0,0
2024-09-11 02:00,1,0,1,0,0,0
2024-09-11 02:15,1,0,1,0,0,0
2024-09-11 02:30,0,0,0,0,0,0
2024-09-11 02:45,0,0,0,0,0,0
2024-09-11 03:00,1,1,0,0,0,0
2024-09-11 03:15,0,0,0,0,0,0
2024-09-11 03:30,1,0,1,0,0,0
2024-09-11 03:45,0,0,0,0,0,0
2024-09-11 04:00,0,0,0,0,0,0
2024-09-11 04:15,4,2,2,0,0,0
2024-09-11 04:30,3,1,2,0,0,0
2024-09-11 04:45,3,0,3,0,0,0
2024-09-11 05:00,7,5,2,0,0,0
2024-09-11 05:15,8,4,4,0,0,0
2024-09-11 05:30,8,4,4,0,0,0
2024-09-11 05:45,22,8,14,0,0,0
2024-09-11 06:00,9,7,2,0,0,0
2024-09-11 06:15,19,10,9,0,0,0
2024-09-11 06:30,34,12,22,0,0,0
2024-09-11 06:45,58,32,26,0,0,0
2024-09-11 07:00,62,35,27,0,0,0
2024-09-11 07:15,107,56,51,0,0,0
2024-09-11 07:30,189,125,64,0,0,0
2024-09-11 07:45,185,86,99,0,0,0
2024-09-11 08:00,151,55,96,0,0,0
2024-09-11 08:15,130,50,80,0,0,0
2024-09-11 08:30,111,59,52,0,0,0
2024-09-11 08:45,142,51,91,0,0,0
2024-09-11 09:00,89,47,42,0,0,0
2024-09-11 09:15,76,47,29,0,0,0
2024-09-11 09:30,73,37,36,0,0,0
2024-09-11 09:45,115,44,71,0,0,0
2024-09-11 10:00,95,27,68,0,0,0
2024-09-11 10:15,60,34,26,0,0,0
2024-09-11 10:30,55,30,25,0,0,0
2024-09-11 10:45,70,37,33,0,0,0
2024-09-11 11:00,51,26,25,0,0,0
2024-09-11 11:15,59,26,33,0,0,0
2024-09-11 11:30,83,41,42,0,0,0
2024-09-11 11:45,100,46,54,0,0,0
2024-09-11 12:00,82,38,44,0,0,0
2024-09-11 12:15,137,54,83,0,0,0
2024-09-11 12:30,71,32,39,0,0,0
2024-09-11 12:45,91,35,56,0,0,0
2024-09-11 13:00,100,47,53,0,0,0
2024-09-11 13:15,130,43,87,0,0,0
2024-09-11 13:30,104,54,50,0,0,0
2024-09-11 13:45,95,52,43,0,0,0
2024-09-11 14:00,98,49,49,0,0,0
2024-09-11 14:15,122,74,48,0,0,0
2024-09-11 14:30,87,49,38,0,0,0
2024-09-11 14:45,103,42,61,0,0,0
2024-09-11 15:00,99,60,39,0,0,0
2024-09-11 15:15,106,57,49,0,0,0
2024-09-11 15:30,104,49,55,0,0,0
2024-09-11 15:45,87,42,45,0,0,0
2024-09-11 16:00,78,48,30,0,0,0
2024-09-11 16:15,140,81,59,0,0,0
2024-09-11 16:30,119,56,63,0,0,0
2024-09-11 16:45,110,58,52,0,0,0
2024-09-11 17:00,119,70,49,0,0,0
2024-09-11 17:15,108,54,54,0,0,0
2024-09-11 17:30,106,53,53,0,0,0
2024-09-11 17:45,103,44,59,0,0,0
2024-09-11 18:00,41,18,23,0,0,0
2024-09-11 18:15,89,53,36,0,0,0
2024-09-11 18:30,87,43,44,0,0,0
2024-09-11 18:45,60,29,31,0,0,0
2024-09-11 19:00,64,37,27,0,0,0
2024-09-11 19:15,29,16,13,0,0,0
2024-09-11 19:30,29,16,13,0,0,0
2024-09-11 19:45,51,26,25,0,0,0
2024-09-11 20:00,50,21,29,0,0,0
2024-09-11 20:15,44,24,20,0,0,0
2024-09-11 20:30,32,15,17,0,0,0
2024-09-11 20:45,29,18,11,0,0,0
2024-09-11 21:00,40,21,19,0,0,0
2024-09-11 21:15,32,19,13,0,0,0
2024-09-11 21:30,30,16,14,0,0,0
2024-09-11 21:45,25,11,14,0,0,0
2024-09-11 22:00,24,12,12,0,0,0
2024-09-11 22:15,22,10,12,0,0,0
2024-09-11 22:30,22,5,17,0,0,0
2024-09-11 22:45,23,8,15,0,0,0
2024-09-11 23:00,13,3,10,0,0,0
2024-09-11 23:15,11,1,10,0,0,0
2024-09-11 23:30,18,4,14,0,0,0
2024-09-11 23:45,13,4,9,0,0,0
2024-09-12 00:00,7,3,4,0,0,0
2024-09-12 00:15,13,5,8,0,0,0
2024-09-12 00:30,8,3,5,0,0,0
2024-09-12 00:45,5,2,3,0,0,0
2024-09-12 01:00,4,0,4,0,0,0
2024-09-12 01:15,7,2,5,0,0,0
2024-09-12 01:30,7,0,7,0,0,0
2024-09-12 01:45,4,0,4,0,0,0
2024-09-12 02:00,6,1,5,0,0,0
2024-09-12 02:15,5,0,5,0,0,0
2024-09-12 02:30,2,0,2,0,0,0
2024-09-12 02:45,3,1,2,0,0,0
2024-09-12 03:00,2,0,2,0,0,0
2024-09-12 03:15,1,0,1,0,0,0
2024-09-12 03:30,1,0,1,0,0,0
2024-09-12 03:45,1,1,0,0,0,0
2024-09-12 04:00,3,2,1,0,0,0
2024-09-12 04:15,6,3,3,0,0,0
2024-09-12 04:30,5,1,4,0,0,0
2024-09-12 04:45,11,2,9,0,0,0
2024-09-12 05:00,8,3,5,0,0,0
2024-09-12 05:15,5,1,4,0,0,0
2024-09-12 05:30,20,9,11,0,0,0
2024-09-12 05:45,21,9,12,0,0,0
2024-09-12 06:00,18,10,8,0,0,0
2024-09-12 06:15,34,19,15,0,0,0
2024-09-12 06:30,45,21,24,0,0,0
2024-09-12 06:45,47,20,27,0,0,0
2024-09-12 07:00,61,32,29,0,0,0
2024-09-12 07:15,111,68,43,0,0,0
2024-09-12 07:30,217,142,75,0,0,0
2024-09-12 07:45,201,99,102,0,0,0
2024-09-12 08:00,153,55,98,0,0,0
2024-09-12 08:15,148,64,84,0,0,0
2024-09-12 08:30,102,43,59,0,0,0
2024-09-12 08:45,110,38,72,0,0,0
2024-09-12 09:00,104,41,63,0,0,0
2024-09-12 09:15,76,28,48,0,0,0
2024-09-12 09:30,79,36,43,0,0,0
2024-09-12 09:45,114,53,61,0,0,0
2024-09-12 10:00,74,32,42,0,0,0
2024-09-12 10:15,62,29,33,0,0,0
2024-09-12 10:30,65,32,33,0,0,0
2024-09-12 10:45,66,35,31,0,0,0
2024-09-12 11:00,65,36,29,0,0,0
2024-09-12 11:15,56,23,33,0,0,0
2024-09-12 11:30,94,43,51,0,0,0
2024-09-12 11:45,104,46,58,0,0,0
2024-09-12 12:00,121,64,57,0,0,0
2024-09-12 12:15,91,37,54,0,0,0
2024-09-12 12:30,118,55,63,0,0,0
2024-09-12 12:45,124,64,60,0,0,0
2024-09-12 13:00,119,32,87,0,0,0
2024-09-12 13:15,131,45,86,0,0,0
2024-09-12 13:30,119,67,52,0,0,0
2024-09-12 13:45,136,61,75,0,0,0
2024-09-12 14:00,135,63,72,0,0,0
2024-09-12 14:15,130,72,58,0,0,0
2024-09-12 14:30,111,56,55,0,0,0
2024-09-12 14:45,117,64,53,0,0,0
2024-09-12 15:00,105,56,49,0,0,0
2024-09-12 15:15,124,70,54,0,0,0
2024-09-12 15:30,105,53,52,0,0,0
2024-09-12 15:45,140,58,82,0,0,0
2024-09-12 16:00,144,91,53,0,0,0
2024-09-12 16:15,122,75,47,0,0,0
2024-09-12 16:30,112,71,41,0,0,0
2024-09-12 16:45,130,79,51,0,0,0
2024-09-12 17:00,123,65,58,0,0,0
2024-09-12 17:15,106,56,50,0,0,0
2024-09-12 17:30,99,51,48,0,0,0
2024-09-12 17:45,129,61,68,0,0,0
2024-09-12 18:00,93,45,48,0,0,0
2024-09-12 18:15,101,49,52,0,0,0
2024-09-12 18:30,87,48,39,0,0,0
2024-09-12 18:45,90,34,56,0,0,0
2024-09-12 19:00,75,35,40,0,0,0
2024-09-12 19:15,80,35,45,0,0,0
2024-09-12 19:30,48,17,31,0,0,0
2024-09-12 19:45,58,36,22,0,0,0
2024-09-12 20:00,50,21,29,0,0,0
2024-09-12 20:15,52,30,22,0,0,0
2024-09-12 20:30,55,25,30,0,0,0
2024-09-12 20:45,46,24,22,0,0,0
2024-09-12 21:00,40,20,20,0,0,0
2024-09-12 21:15,44,15,29,0,0,0
2024-09-12 21:30,17,10,7,0,0,0
2024-09-12 21:45,34,12,22,0,0,0
2024-09-12 22:00,22,7,15,0,0,0
2024-09-12 22:15,32,9,23,0,0,0
2024-09-12 22:30,33,4,29,0,0,0
2024-09-12 22:45,23,7,16,0,0,0
2024-09-12 23:00,18,5,13,0,0,0
2024-09-12 23:15,22,6,16,0,0,0
2024-09-12 23:30,9,3,6,0,0,0
2024-09-12 23:45,13,1,12,0,0,0
2024-09-13 00:00,9,3,6,0,0,0
2024-09-13 00:15,9,3,6,0,0,0
2024-09-13 00:30,11,1,10,0,0,0
2024-09-13 00:45,6,3,3,0,0,0
2024-09-13 01:00,5,2,3,0,0,0
2024-09-13 01:15,4,0,4,0,0,0
2024-09-13 01:30,3,0,3,0,0,0
2024-09-13 01:45,0,0,0,0,0,0
2024-09-13 02:00,3,0,3,0,0,0
2024-09-13 02:15,0,0,0,0,0,0
2024-09-13 02:30,0,0,0,0,0,0
2024-09-13 02:45,2,0,2,0,0,0
2024-09-13 03:00,0,0,0,0,0,0
2024-09-13 03:15,0,0,0,0,0,0
2024-09-13 03:30,4,1,3,0,0,0
2024-09-13 03:45,0,0,0,0,0,0
2024-09-13 04:00,0,0,0,0,0,0
2024-09-13 04:15,6,1,5,0,0,0
2024-09-13 04:30,7,3,4,0,0,0
2024-09-13 04:45,6,1,5,0,0,0
2024-09-13 05:00,8,4,4,0,0,0
2024-09-13 05:15,4,1,3,0,0,0
2024-09-13 05:30,20,11,9,0,0,0
2024-09-13 05:45,21,7,14,0,0,0
2024-09-13 06:00,15,9,6,0,0,0
2024-09-13 06:15,22,10,12,0,0,0
2024-09-13 06:30,37,20,17,0,0,0
2024-09-13 06:45,53,30,23,0,0,0
2024-09-13 07:00,68,33,35,0,0,0
2024-09-13 07:15,110,74,36,0,0,0
2024-09-13 07:30,195,124,71,0,0,0
2024-09-13 07:45,162,77,85,0,0,0
2024-09-13 08:00,123,45,78,0,0,0
2024-09-13 08:15,151,76,75,0,0,0
2024-09-13 08:30,105,57,48,0,0,0
2024-09-13 08:45,114,41,73,0,0,0
2024-09-13 09:00,78,31,47,0,0,0
2024-09-13 09:15,64,38,26,0,0,0
2024-09-13 09:30,77,36,41,0,0,0
2024-09-13 09:45,92,43,49,0,0,0
2024-09-13 10:00,60,24,36,0,0,0
2024-09-13 10:15,76,31,45,0,0,0
2024-09-13 10:30,47,28,19,0,0,0
2024-09-13 10:45,77,37,40,0,0,0
2024-09-13 11:00,60,29,31,0,0,0
2024-09-13 11:15,64,29,35,0,0,0
2024-09-13 11:30,63,35,28,0,0,0
2024-09-13 11:45,86,45,41,0,0,0
2024-09-13 12:00,105,55,50,0,0,0
2024-09-13 12:15,117,43,74,0,0,0
2024-09-13 12:30,116,52,64,0,0,0
2024-09-13 12:45,123,51,72,0,0,0
2024-09-13 13:00,136,53,83,0,0,0
2024-09-13 13:15,147,51,96,0,0,0
2024-09-13 13:30,127,77,50,0,0,0
2024-09-13 13:45,110,61,49,0,0,0
2024-09-13 14:00,132,65,67,0,0,0
2024-09-13 14:15,130,70,60,0,0,0
2024-09-13 14:30,103,54,49,0,0,0
2024-09-13 14:45,99,47,52,0,0,0
2024-09-13 15:00,96,59,37,0,0,0
2024-09-13 15:15,103,48,55,0,0,0
2024-09-13 15:30,90,49,41,0,0,0
2024-09-13 15:45,89,52,37,0,0,0
2024-09-13 16:00,127,74,53,0,0,0
2024-09-13 16:15,102,29,73,0,0,0
2024-09-13 16:30,76,42,34,0,0,0
2024-09-13 16:45,88,49,39,0,0,0
2024-09-13 17:00,88,55,33,0,0,0
2024-09-13 17:15,91,57,34,0,0,0
2024-09-13 17:30,99,61,38,0,0,0
2024-09-13 17:45,91,49,42,0,0,0
2024-09-13 18:00,89,44,45,0,0,0
2024-09-13 18:15,98,49,49,0,0,0
2024-09-13 18:30,92,53,39,0,0,0
2024-09-13 18:45,64,43,21,0,0,0
2024-09-13 19:00,58,38,20,0,0,0
2024-09-13 19:15,71,35,36,0,0,0
2024-09-13 19:30,47,22,25,0,0,0
2024-09-13 19:45,58,31,27,0,0,0
2024-09-13 20:00,59,32,27,0,0,0
2024-09-13 20:15,54,24,30,0,0,0
2024-09-13 20:30,45,20,25,0,0,0
2024-09-13 20:45,38,15,23,0,0,0
2024-09-13 21:00,49,16,33,0,0,0
2024-09-13 21:15,39,16,23,0,0,0
2024-09-13 21:30,38,13,25,0,0,0
2024-09-13 21:45,56,22,34,0,0,0
2024-09-13 22:00,52,24,28,0,0,0
2024-09-13 22:15,30,11,19,0,0,0
2024-09-13 22:30,22,4,18,0,0,0
2024-09-13 22:45,37,21,16,0,0,0
2024-09-13 23:00,24,6,18,0,0,0
2024-09-13 23:15,24,8,16,0,0,0
2024-09-13 23:30,26,4,22,0,0,0
2024-09-13 23:45,22,4,18,0,0,0
2024-09-14 00:00,30,7,23,0,0,0
2024-09-14 00:15,25,8,17,0,0,0
2024-09-14 00:30,13,1,12,0,0,0
2024-09-14 00:45,14,3,11,0,0,0
2024-09-14 01:00,10,1,9,0,0,0
2024-09-14 01:15,18,2,16,0,0,0
2024-09-14 01:30,13,2,11,0,0,0
2024-09-14 01:45,13,2,11,0,0,0
2024-09-14 02:00,8,0,8,0,0,0
2024-09-14 02:15,10,2,8,0,0,0
2024-09-14 02:30,8,1,7,0,0,0
2024-09-14 02:45,13,0,13,0,0,0
2024-09-14 03:00,6,0,6,0,0,0
2024-09-14 03:15,9,4,5,0,0,0
2024-09-14 03:30,2,0,2,0,0,0
2024-09-14 03:45,3,0,3,0,0,0
2024-09-14 04:00,4,0,4,0,0,0
2024-09-14 04:15,4,1,3,0,0,0
2024-09-14 04:30,5,0,5,0,0,0
2024-09-14 04:45,5,1,4,0,0,0
2024-09-14 05:00,5,2,3,0,0,0
2024-09-14 05:15,6,1,5,0,0,0
2024-09-14 05:30,14,3,11,0,0,0
2024-09-14 05:45,10,2,8,0,0,0
2024-09-14 06:00,6,2,4,0,0,0
2024-09-14 06:15,10,5,5,0,0,0
2024-09-14 06:30,13,5,8,0,0,0
2024-09-14 06:45,5,3,2,0,0,0
2024-09-14 07:00,6,3,3,0,0,0
2024-09-14 07:15,6,3,3,0,0,0
2024-09-14 07:30,11,6,5,0,0,0
2024-09-14 07:45,19,9,10,0,0,0
2024-09-14 08:00,9,6,3,0,0,0
2024-09-14 08:15,14,11,3,0,0,0
2024-09-14 08:30,25,13,12,0,0,0
2024-09-14 08:45,27,16,11,0,0,0
2024-09-14 09:00,20,14,6,0,0,0
2024-09-14 09:15,30,25,5,0,0,0
2024-09-14 09:30,39,21,18,0,0,0
2024-09-14 09:45,56,36,20,0,0,0
2024-09-14 10:00,32,21,11,0,0,0
2024-09-14 10:15,38,24,14,0,0,0
2024-09-14 10:30,44,24,20,0,0,0
2024-09-14 10:45,48,26,22,0,0,0
2024-09-14 11:00,52,31,21,0,0,0
2024-09-14 11:15,61,37,24,0,0,0
2024-09-14 11:30,64,39,25,0,0,0
2024-09-14 11:45,76,50,26,0,0,0
2024-09-14 12:00,48,26,22,0,0,0
2024-09-14 12:15,68,40,28,0,0,0
2024-09-14 12:30,60,30,30,0,0,0
2024-09-14 12:45,61,27,34,0,0,0
2024-09-14 13:00,71,39,32,0,0,0
2024-09-14 13:15,76,37,39,0,0,0
2024-09-14 13:30,60,32,28,0,0,0
2024-09-14 13:45,75,43,32,0,0,0
2024-09-14 14:00,72,26,46,0,0,0
2024-09-14 14:15,93,50,43,0,0,0
2024-09-14 14:30,56,30,26,0,0,0
2024-09-14 14:45,90,43,47,0,0,0
2024-09-14 15:00,50,19,31,0,0,0
2024-09-14 15:15,70,30,40,0,0,0
2024-09-14 15:30,52,23,29,0,0,0
2024-09-14 15:45,82,33,49,0,0,0
2024-09-14 16:00,70,22,48,0,0,0
2024-09-14 16:15,62,31,31,0,0,0
2024-09-14 16:30,55,20,35,0,0,0
2024-09-14 16:45,75,36,39,0,0,0
2024-09-14 17:00,80,47,33,0,0,0
2024-09-14 17:15,65,25,40,0,0,0
2024-09-14 17:30,69,30,39,0,0,0
2024-09-14 17:45,74,35,39,0,0,0
2024-09-14 18:00,63,24,39,0,0,0
2024-09-14 18:15,64,26,38,0,0,0
2024-09-14 18:30,44,21,23,0,0,0
2024-09-14 18:45,64,28,36,0,0,0
2024-09-14 19:00,57,27,30,0,0,0
2024-09-14 19:15,78,45,33,0,0,0
2024-09-14 19:30,62,34,28,0,0,0
2024-09-14 19:45,42,25,17,0,0,0
2024-09-14 20:00,59,29,30,0,0,0
2024-09-14 20:15,51,23,28,0,0,0
2024-09-14 20:30,48,20,28,0,0,0
2024-09-14 20:45,39,20,19,0,0,0
2024-09-14 21:00,39,18,21,0,0,0
2024-09-14 21:15,47,18,29,0,0,0
2024-09-14 21:30,18,2,16,0,0,0
2024-09-14 21:45,57,25,32,0,0,0
2024-09-14 22:00,37,11,26,0,0,0
2024-09-14 22:15,45,16,29,0,0,0
2024-09-14 22:30,39,6,33,0,0,0
2024-09-14 22:45,31,8,23,0,0,0
2024-09-14 23:00,18,5,13,0,0,0
2024-09-14 23:15,28,8,20,0,0,0
2024-09-14 23:30,20,8,12,0,0,0
2024-09-14 23:45,23,11,12,0,0,0
2024-09-15 00:00,26,3,23,0,0,0
2024-09-15 00:15,17,6,11,0,0,0
2024-09-15 00:30,14,4,10,0,0,0
2024-09-15 00:45,20,7,13,0,0,0
2024-09-15 01:00,11,1,10,0,0,0
2024-09-15 01:15,19,2,17,0,0,0
2024-09-15 01:30,12,2,10,0,0,0
2024-09-15 01:45,9,5,4,0,0,0
2024-09-15 02:00,6,2,4,0,0,0
2024-09-15 02:15,10,0,10,0,0,0
2024-09-15 02:30,11,3,8,0,0,0
2024-09-15 02:45,9,3,6,0,0,0
2024-09-15 03:00,17,3,14,0,0,0
2024-09-15 03:15,5,0,5,0,0,0
2024-09-15 03:30,10,1,9,0,0,0
2024-09-15 03:45,6,0,6,0,0,0
2024-09-15 04:00,4,1,3,0,0,0
2024-09-15 04:15,12,5,7,0,0,0
2024-09-15 04:30,6,2,4,0,0,0
2024-09-15 04:45,0,0,0,0,0,0
2024-09-15 05:00,1,0,1,0,0,0
2024-09-15 05:15,11,2,9,0,0,0
2024-09-15 05:30,13,2,11,0,0,0
2024-09-15 05:45,12,1,11,0,0,0
2024-09-15 06:00,7,3,4,0,0,0
2024-09-15 06:15,5,1,4,0,0,0
2024-09-15 06:30,6,3,3,0,0,0
2024-09-15 06:45,12,7,5,0,0,0
2024-09-15 07:00,5,3,2,0,0,0
2024-09-15 07:15,4,3,1,0,0,0
2024-09-15 07:30,10,5,5,0,0,0
2024-09-15 07:45,4,3,1,0,0,0
2024-09-15 08:00,7,5,2,0,0,0
2024-09-15 08:15,10,8,2,0,0,0
2024-09-15 08:30,7,1,6,0,0,0
2024-09-15 08:45,10,2,8,0,0,0
2024-09-15 09:00,10,5,5,0,0,0
2024-09-15 09:15,18,15,3,0,0,0
2024-09-15 09:30,22,13,9,0,0,0
2024-09-15 09:45,33,21,12,0,0,0
2024-09-15 10:00,26,19,7,0,0,0
2024-09-15 10:15,23,17,6,0,0,0
2024-09-15 10:30,43,27,16,0,0,0
2024-09-15 10:45,31,18,13,0,0,0
2024-09-15 11:00,41,29,12,0,0,0
2024-09-15 11:15,41,18,23,0,0,0
2024-09-15 11:30,31,18,13,0,0,0
2024-09-15 11:45,28,10,18,0,0,0
2024-09-15 12:00,39,25,14,0,0,0
2024-09-15 12:15,61,38,23,0,0,0
2024-09-15 12:30,58,22,36,0,0,0
2024-09-15 12:45,56,27,29,0,0,0
2024-09-15 13:00,40,19,21,0,0,0
2024-09-15 13:15,54,23,31,0,0,0
2024-09-15 13:30,45,26,19,0,0,0
2024-09-15 13:45,74,48,26,0,0,0
2024-09-15 14:00,67,37,30,0,0,0
2024-09-15 14:15,80,44,36,0,0,0
2024-09-15 14:30,60,35,25,0,0,0
2024-09-15 14:45,50,22,28,0,0,0
2024-09-15 15:00,59,28,31,0,0,0
2024-09-15 15:15,66,26,40,0,0,0
2024-09-15 15:30,58,22,36,0,0,0
2024-09-15 15:45,49,25,24,0,0,0
2024-09-15 16:00,39,20,19,0,0,0
2024-09-15 16:15,51,24,27,0,0,0
2024-09-15 16:30,65,24,41,0,0,0
2024-09-15 16:45,53,32,21,0,0,0
2024-09-15 17:00,61,33,28,0,0,0
2024-09-15 17:15,50,24,26,0,0,0
2024-09-15 17:30,62,36,26,0,0,0
2024-09-15 17:45,56,25,31,0,0,0
2024-09-15 18:00,38,15,23,0,0,0
2024-09-15 18:15,51,23,28,0,0,0
2024-09-15 18:30,51,25,26,0,0,0
2024-09-15 18:45,49,18,31,0,0,0
2024-09-15 19:00,40,19,21,0,0,0
2024-09-15 19:15,39,12,27,0,0,0
2024-09-15 19:30,37,13,24,0,0,0
2024-09-15 19:45,34,14,20,0,0,0
2024-09-15 20:00,46,20,26,0,0,0
2024-09-15 20:15,57,23,34,0,0,0
2024-09-15 20:30,36,12,24,0,0,0
2024-09-15 20:45,30,11,19,0,0,0
2024-09-15 21:00,38,19,19,0,0,0
2024-09-15 21:15,30,17,13,0,0,0
2024-09-15 21:30,11,5,6,0,0,0
2024-09-15 21:45,24,8,16,0,0,0
2024-09-15 22:00,22,8,14,0,0,0
2024-09-15 22:15,17,11,6,0,0,0
2024-09-15 22:30,17,4,13,0,0,0
2024-09-15 22:45,13,5,8,0,0,0
2024-09-15 23:00,14,2,12,0,0,0
2024-09-15 23:15,5,1,4,0,0,0
2024-09-15 23:30,9,3,6,0,0,0
2024-09-15 23:45,8,3,5,0,0,0
2024-09-16 00:00,5,4,1,0,0,0
2024-09-16 00:15,6,3,3,0,0,0
2024-09-16 00:30,7,0,7,0,0,0
2024-09-16 00:45,2,1,1,0,0,0
2024-09-16 01:00,2,1,1,0,0,0
2024-09-16 01:15,3,2,1,0,0,0
2024-09-16 01:30,1,0,1,0,0,0
2024-09-16 01:45,1,0,1,0,0,0
2024-09-16 02:00,1,0,1,0,0,0
2024-09-16 02:15,3,2,1,0,0,0
2024-09-16 02:30,1,0,1,0,0,0
2024-09-16 02:45,0,0,0,0,0,0
2024-09-16 03:00,0,0,0,0,0,0
2024-09-16 03:15,1,1,0,0,0,0
2024-09-16 03:30,0,0,0,0,0,0
2024-09-16 03:45,0,0,0,0,0,0
2024-09-16 04:00,2,0,2,0,0,0
2024-09-16 04:15,3,1,2,0,0,0
2024-09-16 04:30,6,3,3,0,0,0
2024-09-16 04:45,8,2,6,0,0,0
2024-09-16 05:00,8,5,3,0,0,0
2024-09-16 05:15,10,9,1,0,0,0
2024-09-16 05:30,21,6,15,0,0,0
2024-09-16 05:45,20,11,9,0,0,0
2024-09-16 06:00,24,15,9,0,0,0
2024-09-16 06:15,29,15,14,0,0,0
2024-09-16 06:30,53,22,31,0,0,0
2024-09-16 06:45,71,30,41,0,0,0
2024-09-16 07:00,73,40,33,0,0,0
2024-09-16 07:15,118,73,45,0,0,0
2024-09-16 07:30,217,147,70,0,0,0
2024-09-16 07:45,204,91,113,0,0,0
2024-09-16 08:00,163,72,91,0,0,0
2024-09-16 08:15,127,51,76,0,0,0
2024-09-16 08:30,130,54,76,0,0,0
2024-09-16 08:45,141,51,90,0,0,0
2024-09-16 09:00,77,36,41,0,0,0
2024-09-16 09:15,88,43,45,0,0,0
2024-09-16 09:30,86,41,45,0,0,0
2024-09-16 09:45,108,53,55,0,0,0
2024-09-16 10:00,86,35,51,0,0,0
2024-09-16 10:15,56,22,34,0,0,0
2024-09-16 10:30,57,26,31,0,0,0
2024-09-16 10:45,70,29,41,0,0,0
2024-09-16 11:00,50,25,25,0,0,0
2024-09-16 11:15,61,27,34,0,0,0
2024-09-16 11:30,72,31,41,0,0,0
2024-09-16 11:45,77,33,44,0,0,0
2024-09-16 12:00,100,41,59,0,0,0
2024-09-16 12:15,89,45,44,0,0,0
2024-09-16 12:30,93,42,51,0,0,0
2024-09-16 12:45,126,63,63,0,0,0
2024-09-16 13:00,111,55,56,0,0,0
2024-09-16 13:15,152,63,89,0,0,0
2024-09-16 13:30,113,57,56,0,0,0
2024-09-16 13:45,109,60,49,0,0,0
2024-09-16 14:00,97,52,45,0,0,0
2024-09-16 14:15,145,77,68,0,0,0
2024-09-16 14:30,87,42,45,0,0,0
2024-09-16 14:45,106,56,50,0,0,0
2024-09-16 15:00,115,54,61,0,0,0
2024-09-16 15:15,127,78,49,0,0,0
2024-09-16 15:30,101,44,57,0,0,0
2024-09-16 15:45,135,61,74,0,0,0
2024-09-16 16:00,144,73,71,0,0,0
2024-09-16 16:15,140,84,56,0,0,0
2024-09-16 16:30,131,66,65,0,0,0
2024-09-16 16:45,164,93,71,0,0,0
2024-09-16 17:00,109,60,49,0,0,0
2024-09-16 17:15,116,64,52,0,0,0
2024-09-16 17:30,114,56,58,0,0,0
2024-09-16 17:45,113,53,60,0,0,0
2024-09-16 18:00,101,47,54,0,0,0
2024-09-16 18:15,123,60,63,0,0,0
2024-09-16 18:30,80,33,47,0,0,0
2024-09-16 18:45,83,33,50,0,0,0
2024-09-16 19:00,77,38,39,0,0,0
2024-09-16 19:15,77,33,44,0,0,0
2024-09-16 19:30,59,31,28,0,0,0
2024-09-16 19:45,62,24,38,0,0,0
2024-09-16 20:00,68,38,30,0,0,0
2024-09-16 20:15,50,16,34,0,0,0
2024-09-16 20:30,32,17,15,0,0,0
2024-09-16 20:45,38,11,27,0,0,0
2024-09-16 21:00,48,22,26,0,0,0
2024-09-16 21:15,47,23,24,0,0,0
2024-09-16 21:30,19,9,10,0,0,0
2024-09-16 21:45,42,12,30,0,0,0
2024-09-16 22:00,37,15,22,0,0,0
2024-09-16 22:15,26,6,20,0,0,0
2024-09-16 22:30,24,7,17,0,0,0
2024-09-16 22:45,24,4,20,0,0,0
2024-09-16 23:00,21,3,18,0,0,0
2024-09-16 23:15,9,3,6,0,0,0
2024-09-16 23:30,10,4,6,0,0,0
2024-09-16 23:45,8,5,3,0,0,0
2024-09-17 00:00,8,2,6,0,0,0
2024-09-17 00:15,7,1,6,0,0,0
2024-09-17 00:30,4,1,3,0,0,0
2024-09-17 00:45,3,1,2,0,0,0
2024-09-17 01:00,3,2,1,0,0,0
2024-09-17 01:15,1,0,1,0,0,0
2024-09-17 01:30,5,4,1,0,0,0
2024-09-17 01:45,1,0,1,0,0,0
2024-09-17 02:00,4,1,3,0,0,0
2024-09-17 02:15,0,0,0,0,0,0
2024-09-17 02:30,2,0,2,0,0,0
2024-09-17 02:45,1,1,0,0,0,0
2024-09-17 03:00,3,2,1,0,0,0
2024-09-17 03:15,1,0,1,0,0,0
2024-09-17 03:30,1,1,0,0,0,0
2024-09-17 03:45,0,0,0,0,0,0
2024-09-17 04:00,1,0,1,0,0,0
2024-09-17 04:15,2,1,1,0,0,0
2024-09-17 04:30,4,3,1,0,0,0
2024-09-17 04:45,8,2,6,0,0,0
2024-09-17 05:00,9,5,4,0,0,0
2024-09-17 05:15,7,7,0,0,0,0
2024-09-17 05:30,27,10,17,0,0,0
2024-09-17 05:45,13,4,9,0,0,0
2024-09-17 06:00,19,12,7,0,0,0
2024-09-17 06:15,34,24,10,0,0,0
2024-09-17 06:30,46,33,13,0,0,0
2024-09-17 06:45,58,29,29,0,0,0
2024-09-17 07:00,54,29,25,0,0,0
2024-09-17 07:15,123,74,49,0,0,0
2024-09-17 07:30,225,144,81,0,0,0
2024-09-17 07:45,201,101,100,0,0,0
2024-09-17 08:00,170,76,94,0,0,0
2024-09-17 08:15,146,64,82,0,0,0
2024-09-17 08:30,149,52,97,0,0,0
2024-09-17 08:45,156,60,96,0,0,0
2024-09-17 09:00,99,32,67,0,0,0
2024-09-17 09:15,82,28,54,0,0,0
2024-09-17 09:30,86,38,48,0,0,0
2024-09-17 09:45,117,55,62,0,0,0
2024-09-17 10:00,82,44,38,0,0,0
2024-09-17 10:15,68,36,32,0,0,0
2024-09-17 10:30,76,36,40,0,0,0
2024-09-17 10:45,87,36,51,0,0,0
2024-09-17 11:00,55,33,22,0,0,0
2024-09-17 11:15,70,28,42,0,0,0
2024-09-17 11:30,77,37,40,0,0,0
2024-09-17 11:45,86,35,51,0,0,0
2024-09-17 12:00,94,44,50,0,0,0
2024-09-17 12:15,85,36,49,0,0,0
2024-09-17 12:30,107,50,57,0,0,0
2024-09-17 12:45,113,52,61,0,0,0
2024-09-17 13:00,127,52,75,0,0,0
2024-09-17 13:15,151,50,101,0,0,0
2024-09-17 13:30,137,71,66,0,0,0
2024-09-17 13:45,108,62,46,0,0,0
2024-09-17 14:00,112,50,62,0,0,0
2024-09-17 14:15,124,73,51,0,0,0
2024-09-17 14:30,114,57,57,0,0,0
2024-09-17 14:45,110,58,52,0,0,0
2024-09-17 15:00,115,54,61,0,0,0
2024-09-17 15:15,115,65,50,0,0,0
2024-09-17 15:30,112,59,53,0,0,0
2024-09-17 15:45,156,86,70,0,0,0
2024-09-17 16:00,124,70,54,0,0,0
2024-09-17 16:15,142,72,70,0,0,0
2024-09-17 16:30,158,88,70,0,0,0
2024-09-17 16:45,139,85,54,0,0,0
2024-09-17 17:00,146,87,59,0,0,0
2024-09-17 17:15,106,57,49,0,0,0
2024-09-17 17:30,152,82,70,0,0,0
2024-09-17 17:45,130,68,62,0,0,0
2024-09-17 18:00,138,69,69,0,0,0
2024-09-17 18:15,116,50,66,0,0,0
2024-09-17 18:30,96,42,54,0,0,0
2024-09-17 18:45,112,43,69,0,0,0
2024-09-17 19:00,97,56,41,0,0,0
2024-09-17 19:15,76,27,49,0,0,0
2024-09-17 19:30,77,29,48,0,0,0
2024-09-17 19:45,84,29,55,0,0,0
2024-09-17 20:00,70,26,44,0,0,0
2024-09-17 20:15,59,24,35,0,0,0
2024-09-17 20:30,38,18,20,0,0,0
2024-09-17 20:45,45,11,34,0,0,0
2024-09-17 21:00,48,19,29,0,0,0
2024-09-17 21:15,36,10,26,0,0,0
2024-09-17 21:30,43,13,30,0,0,0
2024-09-17 21:45,33,14,19,0,0,0
2024-09-17 22:00,28,12,16,0,0,0
2024-09-17 22:15,33,14,19,0,0,0
2024-09-17 22:30,27,11,16,0,0,0
2024-09-17 22:45,34,10,24,0,0,0
2024-09-17 23:00,20,10,10,0,0,0
2024-09-17 23:15,27,9,18,0,0,0
2024-09-17 23:30,7,4,3,0,0,0
2024-09-17 23:45,13,4,9,0,0,0
2024-09-18 00:00,14,5,9,0,0,0
2024-09-18 00:15,4,1,3,0,0,0
2024-09-18 00:30,9,5,4,0,0,0
2024-09-18 00:45,10,2,8,0,0,0
2024-09-18 01:00,1,0,1,0,0,0
2024-09-18 01:15,0,0,0,0,0,0
2024-09-18 01:30,5,1,4,0,0,0
2024-09-18 01:45,3,1,2,0,0,0
2024-09-18 02:00,4,1,3,0,0,0
2024-09-18 02:15,2,0,2,0,0,0
2024-09-18 02:30,3,2,1,0,0,0
2024-09-18 02:45,2,1,1,0,0,0
2024-09-18 03:00,0,0,0,0,0,0
2024-09-18 03:15,0,0,0,0,0,0
2024-09-18 03:30,1,1,0,0,0,0
2024-09-18 03:45,0,0,0,0,0,0
2024-09-18 04:00,2,2,0,0,0,0
2024-09-18 04:15,4,1,3,0,0,0
2024-09-18 04:30,4,3,1,0,0,0
2024-09-18 04:45,8,1,7,0,0,0
2024-09-18 05:00,8,6,2,0,0,0
2024-09-18 05:15,7,5,2,0,0,0
2024-09-18 05:30,18,6,12,0,0,0
2024-09-18 05:45,23,8,15,0,0,0
2024-09-18 06:00,20,15,5,0,0,0
2024-09-18 06:15,27,15,12,0,0,0
2024-09-18 06:30,41,26,15,0,0,0
2024-09-18 06:45,72,37,35,0,0,0
2024-09-18 07:00,76,44,32,0,0,0
2024-09-18 07:15,127,79,48,0,0,0
2024-09-18 07:30,206,136,70,0,0,0
2024-09-18 07:45,192,82,110,0,0,0
2024-09-18 08:00,138,54,84,0,0,0
2024-09-18 08:15,132,58,74,0,0,0
2024-09-18 08:30,159,61,98,0,0,0
2024-09-18 08:45,144,59,85,0,0,0
2024-09-18 09:00,96,34,62,0,0,0
2024-09-18 09:15,103,57,46,0,0,0
2024-09-18 09:30,99,48,51,0,0,0
2024-09-18 09:45,120,46,74,0,0,0
2024-09-18 10:00,85,35,50,0,0,0
2024-09-18 10:15,75,37,38,0,0,0
2024-09-18 10:30,58,21,37,0,0,0
2024-09-18 10:45,70,34,36,0,0,0
2024-09-18 11:00,54,26,28,0,0,0
2024-09-18 11:15,76,39,37,0,0,0
2024-09-18 11:30,95,56,39,0,0,0
2024-09-18 11:45,100,46,54,0,0,0
2024-09-18 12:00,112,43,69,0,0,0
2024-09-18 12:15,115,56,59,0,0,0
2024-09-18 12:30,117,45,72,0,0,0
2024-09-18 12:45,129,63,66,0,0,0
2024-09-18 13:00,126,51,75,0,0,0
2024-09-18 13:15,124,45,79,0,0,0
2024-09-18 13:30,138,73,65,0,0,0
2024-09-18 13:45,137,79,58,0,0,0
2024-09-18 14:00,115,65,50,0,0,0
2024-09-18 14:15,132,79,53,0,0,0
2024-09-18 14:30,113,72,41,0,0,0
2024-09-18 14:45,109,53,56,0,0,0
2024-09-18 15:00,103,51,52,0,0,0
2024-09-18 15:15,110,60,50,0,0,0
2024-09-18 15:30,147,75,72,0,0,0
2024-09-18 15:45,156,75,81,0,0,0
2024-09-18 16:00,143,66,77,0,0,0
2024-09-18 16:15,121,64,57,0,0,0
2024-09-18 16:30,172,89,83,0,0,0
2024-09-18 16:45,156,79,77,0,0,0
2024-09-18 17:00,125,71,54,0,0,0
2024-09-18 17:15,144,71,73,0,0,0
2024-09-18 17:30,123,57,66,0,0,0
2024-09-18 17:45,127,66,61,0,0,0
2024-09-18 18:00,126,56,70,0,0,0
2024-09-18 18:15,114,46,68,0,0,0
2024-09-18 18:30,98,45,53,0,0,0
2024-09-18 18:45,96,50,46,0,0,0
2024-09-18 19:00,73,36,37,0,0,0
2024-09-18 19:15,67,31,36,0,0,0
2024-09-18 19:30,72,28,44,0,0,0
2024-09-18 19:45,79,30,49,0,0,0
2024-09-18 20:00,82,35,47,0,0,0
2024-09-18 20:15,59,18,41,0,0,0
2024-09-18 20:30,48,18,30,0,0,0
2024-09-18 20:45,39,19,20,0,0,0
2024-09-18 21:00,52,29,23,0,0,0
2024-09-18 21:15,38,20,18,0,0,0
2024-09-18 21:30,32,15,17,0,0,0
2024-09-18 21:45,47,17,30,0,0,0
2024-09-18 22:00,42,15,27,0,0,0
2024-09-18 22:15,54,11,43,0,0,0
2024-09-18 22:30,30,14,16,0,0,0
2024-09-18 22:45,44,12,32,0,0,0
2024-09-18 23:00,16,3,13,0,0,0
2024-09-18 23:15,23,10,13,0,0,0
2024-09-18 23:30,18,7,11,0,0,0
2024-09-18 23:45,23,9,14,0,0,0
2024-09-19 00:00,12,4,8,0,0,0
2024-09-19 00:15,14,4,10,0,0,0
2024-09-19 00:30,5,2,3,0,0,0
2024-09-19 00:45,14,9,5,0,0,0
2024-09-19 01:00,9,0,9,0,0,0
2024-09-19 01:15,8,0,8,0,0,0
2024-09-19 01:30,10,2,8,0,0,0
2024-09-19 01:45,8,4,4,0,0,0
2024-09-19 02:00,7,3,4,0,0,0
2024-09-19 02:15,12,4,8,0,0,0
2024-09-19 02:30,4,1,3,0,0,0
2024-09-19 02:45,5,2,3,0,0,0
2024-09-19 03:00,3,0,3,0,0,0
2024-09-19 03:15,5,0,5,0,0,0
2024-09-19 03:30,4,0,4,0,0,0
2024-09-19 03:45,1,1,0,0,0,0
2024-09-19 04:00,0,0,0,0,0,0
2024-09-19 04:15,2,1,1,0,0,0
2024-09-19 04:30,7,2,5,0,0,0
2024-09-19 04:45,10,3,7,0,0,0
2024-09-19 05:00,10,5,5,0,0,0
2024-09-19 05:15,10,5,5,0,0,0
2024-09-19 05:30,25,10,15,0,0,0
2024-09-19 05:45,14,5,9,0,0,0
2024-09-19 06:00,20,10,10,0,0,0
2024-09-19 06:15,21,13,8,0,0,0
2024-09-19 06:30,56,30,26,0,0,0
2024-09-19 06:45,65,31,34,0,0,0
2024-09-19 07:00,62,33,29,0,0,0
2024-09-19 07:15,131,74,57,0,0,0
2024-09-19 07:30,222,136,86,0,0,0
2024-09-19 07:45,197,95,102,0,0,0
2024-09-19 08:00,161,62,99,0,0,0
2024-09-19 08:15,165,73,92,0,0,0
2024-09-19 08:30,144,63,81,0,0,0
2024-09-19 08:45,125,42,83,0,0,0
2024-09-19 09:00,95,41,54,0,0,0
2024-09-19 09:15,92,34,58,0,0,0
2024-09-19 09:30,86,39,47,0,0,0
2024-09-19 09:45,129,51,78,0,0,0
2024-09-19 10:00,94,39,55,0,0,0
2024-09-19 10:15,59,35,24,0,0,0
2024-09-19 10:30,65,34,31,0,0,0
2024-09-19 10:45,77,40,37,0,0,0
2024-09-19 11:00,57,25,32,0,0,0
2024-09-19 11:15,73,27,46,0,0,0
2024-09-19 11:30,87,38,49,0,0,0
2024-09-19 11:45,140,63,77,0,0,0
2024-09-19 12:00,95,54,41,0,0,0
2024-09-19 12:15,105,47,58,0,0,0
2024-09-19 12:30,114,54,60,0,0,0
2024-09-19 12:45,100,49,51,0,0,0
2024-09-19 13:00,125,60,65,0,0,0
2024-09-19 13:15,144,59,85,0,0,0
2024-09-19 13:30,109,56,53,0,0,0
2024-09-19 13:45,128,67,61,0,0,0
2024-09-19 14:00,147,86,61,0,0,0
2024-09-19 14:15,143,78,65,0,0,0
2024-09-19 14:30,120,65,55,0,0,0
2024-09-19 14:45,119,66,53,0,0,0
2024-09-19 15:00,124,75,49,0,0,0
2024-09-19 15:15,111,55,56,0,0,0
2024-09-19 15:30,137,66,71,0,0,0
2024-09-19 15:45,161,79,82,0,0,0
2024-09-19 16:00,146,98,48,0,0,0
2024-09-19 16:15,129,77,52,0,0,0
2024-09-19 16:30,139,81,58,0,0,0
2024-09-19 16:45,121,63,58,0,0,0
2024-09-19 17:00,129,72,57,0,0,0
2024-09-19 17:15,139,79,60,0,0,0
2024-09-19 17:30,127,63,64,0,0,0
2024-09-19 17:45,118,61,57,0,0,0
2024-09-19 18:00,113,57,56,0,0,0
2024-09-19 18:15,107,48,59,0,0,0
2024-09-19 18:30,94,42,52,0,0,0
2024-09-19 18:45,116,57,59,0,0,0
2024-09-19 19:00,110,38,72,0,0,0
2024-09-19 19:15,90,40,50,0,0,0
2024-09-19 19:30,78,41,37,0,0,0
2024-09-19 19:45,69,29,40,0,0,0
2024-09-19 20:00,80,34,46,0,0,0
2024-09-19 20:15,60,24,36,0,0,0
2024-09-19 20:30,55,20,35,0,0,0
2024-09-19 20:45,44,15,29,0,0,0
2024-09-19 21:00,41,15,26,0,0,0
2024-09-19 21:15,30,14,16,0,0,0
2024-09-19 21:30,41,15,26,0,0,0
2024-09-19 21:45,47,15,32,0,0,0
2024-09-19 22:00,41,9,32,0,0,0
2024-09-19 22:15,45,19,26,0,0,0
2024-09-19 22:30,35,8,27,0,0,0
2024-09-19 22:45,29,8,21,0,0,0
2024-09-19 23:00,24,8,16,0,0,0
2024-09-19 23:15,13,4,9,0,0,0
2024-09-19 23:30,15,4,11,0,0,0
2024-09-19 23:45,6,4,2,0,0,0
2024-09-20 00:00,17,6,11,0,0,0
2024-09-20 00:15,11,5,6,0,0,0
2024-09-20 00:30,5,1,4,0,0,0
2024-09-20 00:45,3,1,2,0,0,0
2024-09-20 01:00,6,0,6,0,0,0
2024-09-20 01:15,10,6,4,0,0,0
2024-09-20 01:30,3,1,2,0,0,0
2024-09-20 01:45,4,1,3,0,0,0
2024-09-20 02:00,6,0,6,0,0,0
2024-09-20 02:15,5,2,3,0,0,0
2024-09-20 02:30,1,0,1,0,0,0
2024-09-20 02:45,0,0,0,0,0,0
2024-09-20 03:00,0,0,0,0,0,0
2024-09-20 03:15,2,1,1,0,0,0
2024-09-20 03:30,1,1,0,0,0,0
2024-09-20 03:45,2,1,1,0,0,0
2024-09-20 04:00,2,2,0,0,0,0
2024-09-20 04:15,6,2,4,0,0,0
2024-09-20 04:30,4,2,2,0,0,0
2024-09-20 04:45,9,2,7,0,0,0
2024-09-20 05:00,6,4,2,0,0,0
2024-09-20 05:15,5,4,1,0,0,0
2024-09-20 05:30,22,9,13,0,0,0
2024-09-20 05:45,22,5,17,0,0,0
2024-09-20 06:00,23,14,9,0,0,0
2024-09-20 06:15,23,13,10,0,0,0
2024-09-20 06:30,34,19,15,0,0,0
2024-09-20 06:45,43,20,23,0,0,0
2024-09-20 07:00,68,24,44,0,0,0
2024-09-20 07:15,131,83,48,0,0,0
2024-09-20 07:30,180,111,69,0,0,0
2024-09-20 07:45,187,80,107,0,0,0
2024-09-20 08:00,103,36,67,0,0,0
2024-09-20 08:15,111,47,64,0,0,0
2024-09-20 08:30,122,53,69,0,0,0
2024-09-20 08:45,131,49,82,0,0,0
2024-09-20 09:00,64,20,44,0,0,0
2024-09-20 09:15,64,22,42,0,0,0
2024-09-20 09:30,80,40,40,0,0,0
2024-09-20 09:45,85,43,42,0,0,0
2024-09-20 10:00,68,35,33,0,0,0
2024-09-20 10:15,72,35,37,0,0,0
2024-09-20 10:30,64,28,36,0,0,0
2024-09-20 10:45,68,38,30,0,0,0
2024-09-20 11:00,67,38,29,0,0,0
2024-09-20 11:15,85,49,36,0,0,0
2024-09-20 11:30,94,46,48,0,0,0
2024-09-20 11:45,107,42,65,0,0,0
2024-09-20 12:00,103,51,52,0,0,0
2024-09-20 12:15,126,56,70,0,0,0
2024-09-20 12:30,131,58,73,0,0,0
2024-09-20 12:45,116,57,59,0,0,0
2024-09-20 13:00,135,68,67,0,0,0
2024-09-20 13:15,146,50,96,0,0,0
2024-09-20 13:30,118,61,57,0,0,0
2024-09-20 13:45,150,76,74,0,0,0
2024-09-20 14:00,114,53,61,0,0,0
2024-09-20 14:15,118,66,52,0,0,0
2024-09-20 14:30,113,48,65,0,0,0
2024-09-20 14:45,113,61,52,0,0,0
2024-09-20 15:00,114,56,58,0,0,0
2024-09-20 15:15,124,73,51,0,0,0
2024-09-20 15:30,115,65,50,0,0,0
2024-09-20 15:45,108,58,50,0,0,0
2024-09-20 16:00,95,56,39,0,0,0
2024-09-20 16:15,82,45,37,0,0,0
2024-09-20 16:30,126,76,50,0,0,0
2024-09-20 16:45,95,52,43,0,0,0
2024-09-20 17:00,103,62,41,0,0,0
2024-09-20 17:15,120,57,63,0,0,0
2024-09-20 17:30,120,58,62,0,0,0
2024-09-20 17:45,97,51,46,0,0,0
2024-09-20 18:00,99,54,45,0,0,0
2024-09-20 18:15,92,45,47,0,0,0
2024-09-20 18:30,85,41,44,0,0,0
2024-09-20 18:45,84,42,42,0,0,0
2024-09-20 19:00,95,41,54,0,0,0
2024-09-20 19:15,80,34,46,0,0,0
2024-09-20 19:30,67,29,38,0,0,0
2024-09-20 19:45,61,32,29,0,0,0
2024-09-20 20:00,77,32,45,0,0,0
2024-09-20 20:15,43,21,22,0,0,0
2024-09-20 20:30,43,15,28,0,0,0
2024-09-20 20:45,42,16,26,0,0,0
2024-09-20 21:00,56,32,24,0,0,0
2024-09-20 21:15,50,23,27,0,0,0
2024-09-20 21:30,36,16,20,0,0,0
2024-09-20 21:45,35,7,28,0,0,0
2024-09-20 22:00,34,19,15,0,0,0
2024-09-20 22:15,32,12,20,0,0,0
2024-09-20 22:30,29,11,18,0,0,0
2024-09-20 22:45,25,9,16,0,0,0
2024-09-20 23:00,34,8,26,0,0,0
2024-09-20 23:15,32,10,22,0,0,0
2024-09-20 23:30,16,2,14,0,0,0
2024-09-20 23:45,23,13,10,0,0,0
2024-09-21 00:00,12,3,9,0,0,0
2024-09-21 00:15,28,10,18,0,0,0
2024-09-21 00:30,30,14,16,0,0,0
2024-09-21 00:45,14,3,11,0,0,0
2024-09-21 01:00,18,3,15,0,0,0
2024-09-21 01:15,18,4,14,0,0,0
2024-09-21 01:30,15,2,13,0,0,0
2024-09-21 01:45,5,2,3,0,0,0
2024-09-21 02:00,14,4,10,0,0,0
2024-09-21 02:15,7,1,6,0,0,0
2024-09-21 02:30,12,2,10,0,0,0
2024-09-21 02:45,3,0,3,0,0,0
2024-09-21 03:00,10,2,8,0,0,0
2024-09-21 03:15,8,1,7,0,0,0
2024-09-21 03:30,6,1,5,0,0,0
2024-09-21 03:45,6,1,5,0,0,0
2024-09-21 04:00,4,2,2,0,0,0
2024-09-21 04:15,6,4,2,0,0,0
2024-09-21 04:30,9,4,5,0,0,0
2024-09-21 04:45,4,1,3,0,0,0
2024-09-21 05:00,6,0,6,0,0,0
2024-09-21 05:15,5,1,4,0,0,0
2024-09-21 05:30,16,9,7,0,0,0
2024-09-21 05:45,10,3,7,0,0,0
2024-09-21 06:00,14,7,7,0,0,0
2024-09-21 06:15,8,5,3,0,0,0
2024-09-21 06:30,12,8,4,0,0,0
2024-09-21 06:45,17,10,7,0,0,0
2024-09-21 07:00,15,10,5,0,0,0
2024-09-21 07:15,17,9,8,0,0,0
2024-09-21 07:30,19,16,3,0,0,0
2024-09-21 07:45,26,14,12,0,0,0
2024-09-21 08:00,29,20,9,0,0,0
2024-09-21 08:15,29,17,12,0,0,0
2024-09-21 08:30,44,25,19,0,0,0
2024-09-21 08:45,43,29,14,0,0,0
2024-09-21 09:00,47,33,14,0,0,0
2024-09-21 09:15,64,35,29,0,0,0
2024-09-21 09:30,78,32,46,0,0,0
2024-09-21 09:45,110,64,46,0,0,0
2024-09-21 10:00,79,52,27,0,0,0
2024-09-21 10:15,65,39,26,0,0,0
2024-09-21 10:30,70,44,26,0,0,0
2024-09-21 10:45,61,33,28,0,0,0
2024-09-21 11:00,72,43,29,0,0,0
2024-09-21 11:15,50,35,15,0,0,0
2024-09-21 11:30,78,39,39,0,0,0
2024-09-21 11:45,85,37,48,0,0,0
2024-09-21 12:00,65,40,25,0,0,0
2024-09-21 12:15,84,53,31,0,0,0
2024-09-21 12:30,99,42,57,0,0,0
2024-09-21 12:45,78,36,42,0,0,0
2024-09-21 13:00,80,38,42,0,0,0
2024-09-21 13:15,82,46,36,0,0,0
2024-09-21 13:30,76,40,36,0,0,0
2024-09-21 13:45,89,34,55,0,0,0
2024-09-21 14:00,105,49,56,0,0,0
2024-09-21 14:15,96,38,58,0,0,0
2024-09-21 14:30,97,41,56,0,0,0
2024-09-21 14:45,95,39,56,0,0,0
2024-09-21 15:00,77,29,48,0,0,0
2024-09-21 15:15,82,38,44,0,0,0
2024-09-21 15:30,56,22,34,0,0,0
2024-09-21 15:45,84,26,58,0,0,0
2024-09-21 16:00,83,34,49,0,0,0
2024-09-21 16:15,86,46,40,0,0,0
2024-09-21 16:30,74,34,40,0,0,0
2024-09-21 16:45,123,86,37,0,0,0
2024-09-21 17:00,66,33,33,0,0,0
2024-09-21 17:15,71,39,32,0,0,0
2024-09-21 17:30,84,38,46,0,0,0
2024-09-21 17:45,59,24,35,0,0,0
2024-09-21 18:00,69,30,39,0,0,0
2024-09-21 18:15,79,40,39,0,0,0
2024-09-21 18:30,39,16,23,0,0,0
2024-09-21 18:45,74,29,45,0,0,0
2024-09-21 19:00,67,20,47,0,0,0
2024-09-21 19:15,49,27,22,0,0,0
2024-09-21 19:30,58,27,31,0,0,0
2024-09-21 19:45,50,29,21,0,0,0
2024-09-21 20:00,45,14,31,0,0,0
2024-09-21 20:15,66,30,36,0,0,0
2024-09-21 20:30,62,20,42,0,0,0
2024-09-21 20:45,39,16,23,0,0,0
2024-09-21 21:00,37,14,23,0,0,0
2024-09-21 21:15,32,14,18,0,0,0
2024-09-21 21:30,25,6,19,0,0,0
2024-09-21 21:45,21,12,9,0,0,0
2024-09-21 22:00,38,15,23,0,0,0
2024-09-21 22:15,34,8,26,0,0,0
2024-09-21 22:30,23,7,16,0,0,0
2024-09-21 22:45,26,7,19,0,0,0
2024-09-21 23:00,32,5,27,0,0,0
2024-09-21 23:15,30,7,23,0,0,0
2024-09-21 23:30,31,13,18,0,0,0
2024-09-21 23:45,28,8,20,0,0,0
2024-09-22 00:00,26,12,14,0,0,0
2024-09-22 00:15,21,5,16,0,0,0
2024-09-22 00:30,16,6,10,0,0,0
2024-09-22 00:45,15,5,10,0,0,0
2024-09-22 01:00,33,6,27,0,0,0
2024-09-22 01:15,31,6,25,0,0,0
2024-09-22 01:30,19,6,13,0,0,0
2024-09-22 01:45,20,6,14,0,0,0
2024-09-22 02:00,17,4,13,0,0,0
2024-09-22 02:15,20,4,16,0,0,0
2024-09-22 02:30,10,1,9,0,0,0
2024-09-22 02:45,14,1,13,0,0,0
2024-09-22 03:00,8,6,2,0,0,0
2024-09-22 03:15,8,0,8,0,0,0
2024-09-22 03:30,5,0,5,0,0,0
2024-09-22 03:45,7,2,5,0,0,0
2024-09-22 04:00,2,1,1,0,0,0
2024-09-22 04:15,9,3,6,0,0,0
2024-09-22 04:30,4,1,3,0,0,0
2024-09-22 04:45,3,0,3,0,0,0
2024-09-22 05:00,3,0,3,0,0,0
2024-09-22 05:15,6,1,5,0,0,0
2024-09-22 05:30,10,6,4,0,0,0
2024-09-22 05:45,7,1,6,0,0,0
2024-09-22 06:00,9,1,8,0,0,0
2024-09-22 06:15,4,2,2,0,0,0
2024-09-22 06:30,5,2,3,0,0,0
2024-09-22 06:45,13,7,6,0,0,0
2024-09-22 07:00,6,2,4,0,0,0
2024-09-22 07:15,9,8,1,0,0,0
2024-09-22 07:30,9,5,4,0,0,0
2024-09-22 07:45,10,3,7,0,0,0
2024-09-22 08:00,7,3,4,0,0,0
2024-09-22 08:15,19,12,7,0,0,0
2024-09-22 08:30,12,5,7,0,0,0
2024-09-22 08:45,16,9,7,0,0,0
2024-09-22 09:00,12,8,4,0,0,0
2024-09-22 09:15,17,11,6,0,0,0
2024-09-22 09:30,15,12,3,0,0,0
2024-09-22 09:45,30,14,16,0,0,0
2024-09-22 10:00,38,26,12,0,0,0
2024-09-22 10:15,36,20,16,0,0,0
2024-09-22 10:30,46,19,27,0,0,0
2024-09-22 10:45,54,26,28,0,0,0
2024-09-22 11:00,45,24,21,0,0,0
2024-09-22 11:15,38,19,19,0,0,0
2024-09-22 11:30,45,19,26,0,0,0
2024-09-22 11:45,48,30,18,0,0,0
2024-09-22 12:00,44,18,26,0,0,0
2024-09-22 12:15,60,21,39,0,0,0
2024-09-22 12:30,55,27,28,0,0,0
2024-09-22 12:45,54,25,29,0,0,0
2024-09-22 13:00,55,29,26,0,0,0
2024-09-22 13:15,65,24,41,0,0,0
2024-09-22 13:30,67,38,29,0,0,0
2024-09-22 13:45,51,25,26,0,0,0
2024-09-22 14:00,64,33,31,0,0,0
2024-09-22 14:15,62,37,25,0,0,0
2024-09-22 14:30,59,25,34,0,0,0
2024-09-22 14:45,80,40,40,0,0,0
2024-09-22 15:00,60,30,30,0,0,0
2024-09-22 15:15,62,31,31,0,0,0
2024-09-22 15:30,67,33,34,0,0,0
2024-09-22 15:45,86,45,41,0,0,0
2024-09-22 16:00,77,35,42,0,0,0
2024-09-22 16:15,74,34,40,0,0,0
2024-09-22 16:30,59,28,31,0,0,0
2024-09-22 16:45,49,25,24,0,0,0
2024-09-22 17:00,86,40,46,0,0,0
2024-09-22 17:15,86,40,46,0,0,0
2024-09-22 17:30,70,31,39,0,0,0
2024-09-22 17:45,72,28,44,0,0,0
2024-09-22 18:00,71,36,35,0,0,0
2024-09-22 18:15,62,30,32,0,0,0
2024-09-22 18:30,52,22,30,0,0,0
2024-09-22 18:45,58,33,25,0,0,0
2024-09-22 19:00,34,18,16,0,0,0
2024-09-22 19:15,50,22,28,0,0,0
2024-09-22 19:30,55,24,31,0,0,0
2024-09-22 19:45,43,18,25,0,0,0
2024-09-22 20:00,51,22,29,0,0,0
2024-09-22 20:15,47,12,35,0,0,0
2024-09-22 20:30,55,19,36,0,0,0
2024-09-22 20:45,31,18,13,0,0,0
2024-09-22 21:00,39,21,18,0,0,0
2024-09-22 21:15,34,19,15,0,0,0
2024-09-22 21:30,18,4,14,0,0,0
2024-09-22 21:45,29,7,22,0,0,0
2024-09-22 22:00,12,3,9,0,0,0
2024-09-22 22:15,12,3,9,0,0,0
2024-09-22 22:30,12,2,10,0,0,0
2024-09-22 22:45,12,5,7,0,0,0
2024-09-22 23:00,21,4,17,0,0,0
2024-09-22 23:15,13,4,9,0,0,0
2024-09-22 23:30,8,3,5,0,0,0
2024-09-22 23:45,11,5,6,0,0,0
2024-09-23 00:00,5,2,3,0,0,0
2024-09-23 00:15,2,1,1,0,0,0
2024-09-23 00:30,6,4,2,0,0,0
2024-09-23 00:45,3,2,1,0,0,0
2024-09-23 01:00,0,0,0,0,0,0
2024-09-23 01:15,4,2,2,0,0,0
2024-09-23 01:30,3,0,3,0,0,0
2024-09-23 01:45,1,1,0,0,0,0
2024-09-23 02:00,1,0,1,0,0,0
2024-09-23 02:15,1,0,1,0,0,0
2024-09-23 02:30,0,0,0,0,0,0
2024-09-23 02:45,0,0,0,0,0,0
2024-09-23 03:00,1,0,1,0,0,0
2024-09-23 03:15,2,2,0,0,0,0
2024-09-23 03:30,2,1,1,0,0,0
2024-09-23 03:45,0,0,0,0,0,0
2024-09-23 04:00,0,0,0,0,0,0
2024-09-23 04:15,4,2,2,0,0,0
2024-09-23 04:30,5,2,3,0,0,0
2024-09-23 04:45,10,3,7,0,0,0
2024-09-23 05:00,10,6,4,0,0,0
2024-09-23 05:15,6,4,2,0,0,0
2024-09-23 05:30,24,11,13,0,0,0
2024-09-23 05:45,17,9,8,0,0,0
2024-09-23 06:00,19,9,10,0,0,0
2024-09-23 06:15,19,13,6,0,0,0
2024-09-23 06:30,48,25,23,0,0,0
2024-09-23 06:45,60,34,26,0,0,0
2024-09-23 07:00,63,37,26,0,0,0
2024-09-23 07:15,132,78,54,0,0,0
2024-09-23 07:30,225,147,78,0,0,0
2024-09-23 07:45,206,81,125,0,0,0
2024-09-23 08:00,135,59,76,0,0,0
2024-09-23 08:15,138,62,76,0,0,0
2024-09-23 08:30,153,66,87,0,0,0
2024-09-23 08:45,127,39,88,0,0,0
2024-09-23 09:00,77,35,42,0,0,0
2024-09-23 09:15,104,46,58,0,0,0
2024-09-23 09:30,99,42,57,0,0,0
2024-09-23 09:45,80,36,44,0,0,0
2024-09-23 10:00,63,35,28,0,0,0
2024-09-23 10:15,59,24,35,0,0,0
2024-09-23 10:30,45,21,24,0,0,0
2024-09-23 10:45,66,33,33,0,0,0
2024-09-23 11:00,52,23,29,0,0,0
2024-09-23 11:15,67,35,32,0,0,0
2024-09-23 11:30,74,35,39,0,0,0
2024-09-23 11:45,86,34,52,0,0,0
2024-09-23 12:00,86,40,46,0,0,0
2024-09-23 12:15,87,37,50,0,0,0
2024-09-23 12:30,104,27,77,0,0,0
2024-09-23 12:45,108,46,62,0,0,0
2024-09-23 13:00,124,52,72,0,0,0
2024-09-23 13:15,133,37,96,0,0,0
2024-09-23 13:30,118,63,55,0,0,0
2024-09-23 13:45,131,64,67,0,0,0
2024-09-23 14:00,117,47,70,0,0,0
2024-09-23 14:15,132,68,64,0,0,0
2024-09-23 14:30,120,60,60,0,0,0
2024-09-23 14:45,135,79,56,0,0,0
2024-09-23 15:00,102,61,41,0,0,0
2024-09-23 15:15,87,54,33,0,0,0
2024-09-23 15:30,111,53,58,0,0,0
2024-09-23 15:45,122,52,70,0,0,0
2024-09-23 16:00,129,77,52,0,0,0
2024-09-23 16:15,145,66,79,0,0,0
2024-09-23 16:30,115,57,58,0,0,0
2024-09-23 16:45,131,77,54,0,0,0
2024-09-23 17:00,119,60,59,0,0,0
2024-09-23 17:15,120,67,53,0,0,0
2024-09-23 17:30,120,68,52,0,0,0
2024-09-23 17:45,130,72,58,0,0,0
2024-09-23 18:00,111,50,61,0,0,0
2024-09-23 18:15,108,47,61,0,0,0
2024-09-23 18:30,81,37,44,0,0,0
2024-09-23 18:45,81,33,48,0,0,0
2024-09-23 19:00,68,38,30,0,0,0
2024-09-23 19:15,76,36,40,0,0,0
2024-09-23 19:30,75,40,35,0,0,0
2024-09-23 19:45,68,27,41,0,0,0
2024-09-23 20:00,63,9,54,0,0,0
2024-09-23 20:15,51,23,28,0,0,0
2024-09-23 20:30,35,13,22,0,0,0
2024-09-23 20:45,46,18,28,0,0,0
2024-09-23 21:00,43,19,24,0,0,0
2024-09-23 21:15,29,11,18,0,0,0
2024-09-23 21:30,29,8,21,0,0,0
2024-09-23 21:45,31,7,24,0,0,0
2024-09-23 22:00,39,14,25,0,0,0
2024-09-23 22:15,28,11,17,0,0,0
2024-09-23 22:30,40,16,24,0,0,0
2024-09-23 22:45,18,3,15,0,0,0
2024-09-23 23:00,12,4,8,0,0,0
2024-09-23 23:15,18,5,13,0,0,0
2024-09-23 23:30,21,5,16,0,0,0
2024-09-23 23:45,17,5,12,0,0,0
2024-09-24 00:00,11,6,5,0,0,0
2024-09-24 00:15,10,6,4,0,0,0
2024-09-24 00:30,5,2,3,0,0,0
2024-09-24 00:45,4,2,2,0,0,0
2024-09-24 01:00,5,2,3,0,0,0
2024-09-24 01:15,2,1,1,0,0,0
2024-09-24 01:30,1,0,1,0,0,0
2024-09-24 01:45,8,1,7,0,0,0
2024-09-24 02:00,3,0,3,0,0,0
2024-09-24 02:15,4,1,3,0,0,0
2024-09-24 02:30,5,1,4,0,0,0
2024-09-24 02:45,3,2,1,0,0,0
2024-09-24 03:00,1,0,1,0,0,0
2024-09-24 03:15,1,0,1,0,0,0
2024-09-24 03:30,1,1,0,0,0,0
2024-09-24 03:45,0,0,0,0,0,0
2024-09-24 04:00,2,1,1,0,0,0
2024-09-24 04:15,4,3,1,0,0,0
2024-09-24 04:30,8,3,5,0,0,0
2024-09-24 04:45,6,1,5,0,0,0
2024-09-24 05:00,16,8,8,0,0,0
2024-09-24 05:15,3,3,0,0,0,0
2024-09-24 05:30,19,6,13,0,0,0
2024-09-24 05:45,16,6,10,0,0,0
2024-09-24 06:00,18,7,11,0,0,0
2024-09-24 06:15,27,18,9,0,0,0
2024-09-24 06:30,52,29,23,0,0,0
2024-09-24 06:45,56,25,31,0,0,0
2024-09-24 07:00,78,41,37,0,0,0
2024-09-24 07:15,130,83,47,0,0,0
2024-09-24 07:30,237,149,88,0,0,0
2024-09-24 07:45,200,90,110,0,0,0
2024-09-24 08:00,161,58,103,0,0,0
2024-09-24 08:15,140,76,64,0,0,0
2024-09-24 08:30,117,50,67,0,0,0
2024-09-24 08:45,127,51,76,0,0,0
2024-09-24 09:00,106,41,65,0,0,0
2024-09-24 09:15,95,53,42,0,0,0
2024-09-24 09:30,123,57,66,0,0,0
2024-09-24 09:45,125,50,75,0,0,0
2024-09-24 10:00,56,26,30,0,0,0
2024-09-24 10:15,56,30,26,0,0,0
2024-09-24 10:30,67,35,32,0,0,0
2024-09-24 10:45,72,38,34,0,0,0
2024-09-24 11:00,61,28,33,0,0,0
2024-09-24 11:15,71,30,41,0,0,0
2024-09-24 11:30,71,31,40,0,0,0
2024-09-24 11:45,90,41,49,0,0,0
2024-09-24 12:00,107,54,53,0,0,0
2024-09-24 12:15,112,51,61,0,0,0
2024-09-24 12:30,94,37,57,0,0,0
2024-09-24 12:45,122,55,67,0,0,0
2024-09-24 13:00,126,59,67,0,0,0
2024-09-24 13:15,158,61,97,0,0,0
2024-09-24 13:30,123,61,62,0,0,0
2024-09-24 13:45,116,75,41,0,0,0
2024-09-24 14:00,120,56,64,0,0,0
2024-09-24 14:15,107,65,42,0,0,0
2024-09-24 14:30,108,53,55,0,0,0
2024-09-24 14:45,101,62,39,0,0,0
2024-09-24 15:00,139,75,64,0,0,0
2024-09-24 15:15,121,73,48,0,0,0
2024-09-24 15:30,117,59,58,0,0,0
2024-09-24 15:45,153,71,82,0,0,0
2024-09-24 16:00,151,89,62,0,0,0
2024-09-24 16:15,130,63,67,0,0,0
2024-09-24 16:30,144,74,70,0,0,0
2024-09-24 16:45,164,98,66,0,0,0
2024-09-24 17:00,147,71,76,0,0,0
2024-09-24 17:15,122,67,55,0,0,0
2024-09-24 17:30,114,60,54,0,0,0
2024-09-24 17:45,138,62,76,0,0,0
2024-09-24 18:00,120,64,56,0,0,0
2024-09-24 18:15,112,58,54,0,0,0
2024-09-24 18:30,90,45,45,0,0,0
2024-09-24 18:45,104,48,56,0,0,0
2024-09-24 19:00,98,47,51,0,0,0
2024-09-24 19:15,71,36,35,0,0,0
2024-09-24 19:30,69,30,39,0,0,0
2024-09-24 19:45,79,20,59,0,0,0
2024-09-24 20:00,92,41,51,0,0,0
2024-09-24 20:15,75,15,60,0,0,0
2024-09-24 20:30,35,16,19,0,0,0
2024-09-24 20:45,36,11,25,0,0,0
2024-09-24 21:00,34,10,24,0,0,0
2024-09-24 21:15,37,17,20,0,0,0
2024-09-24 21:30,44,19,25,0,0,0
2024-09-24 21:45,27,8,19,0,0,0
2024-09-24 22:00,23,8,15,0,0,0
2024-09-24 22:15,45,19,26,0,0,0
2024-09-24 22:30,27,12,15,0,0,0
2024-09-24 22:45,20,1,19,0,0,0
2024-09-24 23:00,29,5,24,0,0,0
2024-09-24 23:15,19,4,15,0,0,0
2024-09-24 23:30,13,3,10,0,0,0
2024-09-24 23:45,7,4,3,0,0,0
2024-09-25 00:00,8,1,7,0,0,0
2024-09-25 00:15,3,1,2,0,0,0
2024-09-25 00:30,6,0,6,0,0,0
2024-09-25 00:45,4,1,3,0,0,0
2024-09-25 01:00,3,0,3,0,0,0
2024-09-25 01:15,8,2,6,0,0,0
2024-09-25 01:30,5,0,5,0,0,0
2024-09-25 01:45,4,1,3,0,0,0
2024-09-25 02:00,2,1,1,0,0,0
2024-09-25 02:15,0,0,0,0,0,0
2024-09-25 02:30,1,1,0,0,0,0
2024-09-25 02:45,0,0,0,0,0,0
2024-09-25 03:00,2,1,1,0,0,0
2024-09-25 03:15,0,0,0,0,0,0
2024-09-25 03:30,1,1,0,0,0,0
2024-09-25 03:45,0,0,0,0,0,0
2024-09-25 04:00,0,0,0,0,0,0
2024-09-25 04:15,4,3,1,0,0,0
2024-09-25 04:30,7,3,4,0,0,0
2024-09-25 04:45,5,3,2,0,0,0
