Datetime,300039328 (Coesfelder Kreuz),353425081 (Coesfelder Kreuz Stadteinwärts),353425082 (Coesfelder Kreuz Stadtauswärts),300039328-status,353425081-status,353425082-status
2025-04-01 00:00,13,5,8,0,0,0
2025-04-01 00:15,9,3,6,0,0,0
2025-04-01 00:30,8,1,7,0,0,0
2025-04-01 00:45,1,0,1,0,0,0
2025-04-01 01:00,5,1,4,0,0,0
2025-04-01 01:15,3,2,1,0,0,0
2025-04-01 01:30,3,2,1,0,0,0
2025-04-01 01:45,2,1,1,0,0,0
2025-04-01 02:00,3,0,3,0,0,0
2025-04-01 02:15,2,2,0,0,0,0
2025-04-01 02:30,0,0,0,0,0,0
2025-04-01 02:45,0,0,0,0,0,0
2025-04-01 03:00,3,1,2,0,0,0
2025-04-01 03:15,0,0,0,0,0,0
2025-04-01 03:30,2,0,2,0,0,0
2025-04-01 03:45,1,1,0,0,0,0
2025-04-01 04:00,0,0,0,0,0,0
2025-04-01 04:15,3,2,1,0,0,0
2025-04-01 04:30,6,3,3,0,0,0
2025-04-01 04:45,8,2,6,0,0,0
2025-04-01 05:00,8,5,3,0,0,0
2025-04-01 05:15,10,8,2,0,0,0
2025-04-01 05:30,22,5,17,0,0,0
2025-04-01 05:45,11,6,5,0,0,0
2025-04-01 06:00,12,7,5,0,0,0
2025-04-01 06:15,34,22,12,0,0,0
2025-04-01 06:30,60,39,21,0,0,0
2025-04-01 06:45,72,41,31,0,0,0
2025-04-01 07:00,73,39,34,0,0,0
2025-04-01 07:15,140,98,42,0,0,0
2025-04-01 07:30,264,167,97,0,0,0
2025-04-01 07:45,232,94,138,0,0,0
2025-04-01 08:00,211,77,134,0,0,0
2025-04-01 08:15,254,75,179,0,0,0
2025-04-01 08:30,159,81,78,0,0,0
2025-04-01 08:45,183,61,122,0,0,0
2025-04-01 09:00,122,46,76,0,0,0
2025-04-01 09:15,110,41,69,0,0,0
2025-04-01 09:30,105,58,47,0,0,0
2025-04-01 09:45,143,71,72,0,0,0
2025-04-01 10:00,170,48,122,0,0,0
2025-04-01 10:15,65,25,40,0,0,0
2025-04-01 10:30,82,37,45,0,0,0
2025-04-01 10:45,65,34,31,0,0,0
2025-04-01 11:00,61,39,22,0,0,0
2025-04-01 11:15,83,42,41,0,0,0
2025-04-01 11:30,88,37,51,0,0,0
2025-04-01 11:45,133,65,68,0,0,0
2025-04-01 12:00,129,69,60,0,0,0
2025-04-01 12:15,130,51,79,0,0,0
2025-04-01 12:30,128,61,67,0,0,0
2025-04-01 12:45,134,56,78,0,0,0
2025-04-01 13:00,157,63,94,0,0,0
2025-04-01 13:15,170,62,108,0,0,0
2025-04-01 13:30,154,78,76,0,0,0
2025-04-01 13:45,180,94,86,0,0,0
2025-04-01 14:00,208,84,124,0,0,0
2025-04-01 14:15,132,78,54,0,0,0
2025-04-01 14:30,109,58,51,0,0,0
2025-04-01 14:45,126,72,54,0,0,0
2025-04-01 15:00,99,52,47,0,0,0
2025-04-01 15:15,151,64,87,0,0,0
2025-04-01 15:30,136,76,60,0,0,0
2025-04-01 15:45,256,156,100,0,0,0
2025-04-01 16:00,208,130,78,0,0,0
2025-04-01 16:15,142,67,75,0,0,0
2025-04-01 16:30,143,86,57,0,0,0
2025-04-01 16:45,137,73,64,0,0,0
2025-04-01 17:00,169,95,74,0,0,0
2025-04-01 17:15,167,87,80,0,0,0
2025-04-01 17:30,175,107,68,0,0,0
2025-04-01 17:45,168,102,66,0,0,0
2025-04-01 18:00,157,89,68,0,0,0
2025-04-01 18:15,157,73,84,0,0,0
2025-04-01 18:30,105,55,50,0,0,0
2025-04-01 18:45,113,60,53,0,0,0
2025-04-01 19:00,107,63,44,0,0,0
2025-04-01 19:15,115,46,69,0,0,0
2025-04-01 19:30,65,22,43,0,0,0
2025-04-01 19:45,90,35,55,0,0,0
2025-04-01 20:00,88,36,52,0,0,0
2025-04-01 20:15,91,37,54,0,0,0
2025-04-01 20:30,57,21,36,0,0,0
2025-04-01 20:45,30,11,19,0,0,0
2025-04-01 21:00,52,25,27,0,0,0
2025-04-01 21:15,33,13,20,0,0,0
2025-04-01 21:30,40,20,20,0,0,0
2025-04-01 21:45,48,14,34,0,0,0
2025-04-01 22:00,53,16,37,0,0,0
2025-04-01 22:15,37,21,16,0,0,0
2025-04-01 22:30,36,17,19,0,0,0
2025-04-01 22:45,26,12,14,0,0,0
2025-04-01 23:00,26,6,20,0,0,0
2025-04-01 23:15,20,6,14,0,0,0
2025-04-01 23:30,19,5,14,0,0,0
2025-04-01 23:45,16,3,13,0,0,0
2025-04-02 00:00,6,1,5,0,0,0
2025-04-02 00:15,5,1,4,0,0,0
2025-04-02 00:30,10,4,6,0,0,0
2025-04-02 00:45,12,8,4,0,0,0
2025-04-02 01:00,8,0,8,0,0,0
2025-04-02 01:15,7,4,3,0,0,0
2025-04-02 01:30,6,5,1,0,0,0
2025-04-02 01:45,3,0,3,0,0,0
2025-04-02 02:00,4,3,1,0,0,0
2025-04-02 02:15,10,4,6,0,0,0
2025-04-02 02:30,4,4,0,0,0,0
2025-04-02 02:45,1,1,0,0,0,0
2025-04-02 03:00,1,1,0,0,0,0
2025-04-02 03:15,0,0,0,0,0,0
2025-04-02 03:30,4,0,4,0,0,0
2025-04-02 03:45,1,0,1,0,0,0
2025-04-02 04:00,2,1,1,0,0,0
2025-04-02 04:15,5,3,2,0,0,0
2025-04-02 04:30,8,4,4,0,0,0
2025-04-02 04:45,8,1,7,0,0,0
2025-04-02 05:00,6,3,3,0,0,0
2025-04-02 05:15,6,4,2,0,0,0
2025-04-02 05:30,21,7,14,0,0,0
2025-04-02 05:45,15,8,7,0,0,0
2025-04-02 06:00,18,12,6,0,0,0
2025-04-02 06:15,39,26,13,0,0,0
2025-04-02 06:30,60,29,31,0,0,0
2025-04-02 06:45,67,34,33,0,0,0
2025-04-02 07:00,79,37,42,0,0,0
2025-04-02 07:15,165,100,65,0,0,0
2025-04-02 07:30,232,145,87,0,0,0
2025-04-02 07:45,233,95,138,0,0,0
2025-04-02 08:00,249,83,166,0,0,0
2025-04-02 08:15,298,92,206,0,0,0
2025-04-02 08:30,170,108,62,0,0,0
2025-04-02 08:45,193,85,108,0,0,0
2025-04-02 09:00,133,62,71,0,0,0
2025-04-02 09:15,146,68,78,0,0,0
2025-04-02 09:30,104,53,51,0,0,0
2025-04-02 09:45,130,65,65,0,0,0
2025-04-02 10:00,141,63,78,0,0,0
2025-04-02 10:15,89,41,48,0,0,0
2025-04-02 10:30,93,63,30,0,0,0
2025-04-02 10:45,105,43,62,0,0,0
2025-04-02 11:00,90,50,40,0,0,0
2025-04-02 11:15,100,47,53,0,0,0
2025-04-02 11:30,118,51,67,0,0,0
2025-04-02 11:45,166,93,73,0,0,0
2025-04-02 12:00,134,62,72,0,0,0
2025-04-02 12:15,160,68,92,0,0,0
2025-04-02 12:30,144,86,58,0,0,0
2025-04-02 12:45,170,100,70,0,0,0
2025-04-02 13:00,184,95,89,0,0,0
2025-04-02 13:15,181,85,96,0,0,0
2025-04-02 13:30,108,56,52,0,0,0
2025-04-02 13:45,174,92,82,0,0,0
2025-04-02 14:00,204,112,92,0,0,0
2025-04-02 14:15,116,61,55,0,0,0
2025-04-02 14:30,140,60,80,0,0,0
2025-04-02 14:45,159,88,71,0,0,0
2025-04-02 15:00,133,76,57,0,0,0
2025-04-02 15:15,144,84,60,0,0,0
2025-04-02 15:30,181,85,96,0,0,0
2025-04-02 15:45,200,100,100,0,0,0
2025-04-02 16:00,185,102,83,0,0,0
2025-04-02 16:15,174,90,84,0,0,0
2025-04-02 16:30,144,80,64,0,0,0
2025-04-02 16:45,156,80,76,0,0,0
2025-04-02 17:00,144,72,72,0,0,0
2025-04-02 17:15,185,105,80,0,0,0
2025-04-02 17:30,152,78,74,0,0,0
2025-04-02 17:45,140,70,70,0,0,0
2025-04-02 18:00,124,76,48,0,0,0
2025-04-02 18:15,157,79,78,0,0,0
2025-04-02 18:30,139,69,70,0,0,0
2025-04-02 18:45,132,56,76,0,0,0
2025-04-02 19:00,106,41,65,0,0,0
2025-04-02 19:15,109,55,54,0,0,0
2025-04-02 19:30,86,44,42,0,0,0
2025-04-02 19:45,85,37,48,0,0,0
2025-04-02 20:00,88,36,52,0,0,0
2025-04-02 20:15,65,31,34,0,0,0
2025-04-02 20:30,74,34,40,0,0,0
2025-04-02 20:45,57,28,29,0,0,0
2025-04-02 21:00,58,36,22,0,0,0
2025-04-02 21:15,44,21,23,0,0,0
2025-04-02 21:30,59,19,40,0,0,0
2025-04-02 21:45,45,9,36,0,0,0
2025-04-02 22:00,46,21,25,0,0,0
2025-04-02 22:15,50,13,37,0,0,0
2025-04-02 22:30,44,10,34,0,0,0
2025-04-02 22:45,33,16,17,0,0,0
2025-04-02 23:00,63,41,22,0,0,0
2025-04-02 23:15,32,14,18,0,0,0
2025-04-02 23:30,28,8,20,0,0,0
2025-04-02 23:45,13,1,12,0,0,0
2025-04-03 00:00,18,2,16,0,0,0
2025-04-03 00:15,20,1,19,0,0,0
2025-04-03 00:30,13,3,10,0,0,0
2025-04-03 00:45,8,2,6,0,0,0
2025-04-03 01:00,12,1,11,0,0,0
2025-04-03 01:15,13,2,11,0,0,0
2025-04-03 01:30,14,3,11,0,0,0
2025-04-03 01:45,9,0,9,0,0,0
2025-04-03 02:00,16,1,15,0,0,0
2025-04-03 02:15,20,2,18,0,0,0
2025-04-03 02:30,17,1,16,0,0,0
2025-04-03 02:45,9,1,8,0,0,0
2025-04-03 03:00,7,0,7,0,0,0
2025-04-03 03:15,12,0,12,0,0,0
2025-04-03 03:30,5,2,3,0,0,0
2025-04-03 03:45,5,0,5,0,0,0
2025-04-03 04:00,9,1,8,0,0,0
2025-04-03 04:15,9,3,6,0,0,0
2025-04-03 04:30,9,2,7,0,0,0
2025-04-03 04:45,8,2,6,0,0,0
2025-04-03 05:00,9,5,4,0,0,0
2025-04-03 05:15,5,4,1,0,0,0
2025-04-03 05:30,19,7,12,0,0,0
2025-04-03 05:45,23,10,13,0,0,0
2025-04-03 06:00,16,10,6,0,0,0
2025-04-03 06:15,38,22,16,0,0,0
2025-04-03 06:30,57,30,27,0,0,0
2025-04-03 06:45,70,34,36,0,0,0
2025-04-03 07:00,80,38,42,0,0,0
2025-04-03 07:15,133,79,54,0,0,0
2025-04-03 07:30,243,167,76,0,0,0
2025-04-03 07:45,261,126,135,0,0,0
2025-04-03 08:00,233,72,161,0,0,0
2025-04-03 08:15,241,89,152,0,0,0
2025-04-03 08:30,141,53,88,0,0,0
2025-04-03 08:45,226,77,149,0,0,0
2025-04-03 09:00,120,52,68,0,0,0
2025-04-03 09:15,102,48,54,0,0,0
2025-04-03 09:30,117,52,65,0,0,0
2025-04-03 09:45,131,64,67,0,0,0
2025-04-03 10:00,144,55,89,0,0,0
2025-04-03 10:15,115,49,66,0,0,0
2025-04-03 10:30,59,29,30,0,0,0
2025-04-03 10:45,102,46,56,0,0,0
2025-04-03 11:00,83,49,34,0,0,0
2025-04-03 11:15,78,37,41,0,0,0
2025-04-03 11:30,94,38,56,0,0,0
2025-04-03 11:45,136,61,75,0,0,0
2025-04-03 12:00,136,72,64,0,0,0
2025-04-03 12:15,181,82,99,0,0,0
2025-04-03 12:30,134,66,68,0,0,0
2025-04-03 12:45,137,64,73,0,0,0
2025-04-03 13:00,142,58,84,0,0,0
2025-04-03 13:15,152,67,85,0,0,0
2025-04-03 13:30,137,77,60,0,0,0
2025-04-03 13:45,171,104,67,0,0,0
2025-04-03 14:00,169,96,73,0,0,0
2025-04-03 14:15,137,82,55,0,0,0
2025-04-03 14:30,130,83,47,0,0,0
2025-04-03 14:45,132,64,68,0,0,0
2025-04-03 15:00,154,71,83,0,0,0
2025-04-03 15:15,177,98,79,0,0,0
2025-04-03 15:30,171,92,79,0,0,0
2025-04-03 15:45,220,113,107,0,0,0
2025-04-03 16:00,166,107,59,0,0,0
2025-04-03 16:15,195,123,72,0,0,0
2025-04-03 16:30,150,86,64,0,0,0
2025-04-03 16:45,167,91,76,0,0,0
2025-04-03 17:00,165,90,75,0,0,0
2025-04-03 17:15,195,101,94,0,0,0
2025-04-03 17:30,176,96,80,0,0,0
2025-04-03 17:45,183,111,72,0,0,0
2025-04-03 18:00,160,77,83,0,0,0
2025-04-03 18:15,124,68,56,0,0,0
2025-04-03 18:30,153,78,75,0,0,0
2025-04-03 18:45,145,77,68,0,0,0
2025-04-03 19:00,131,62,69,0,0,0
2025-04-03 19:15,120,64,56,0,0,0
2025-04-03 19:30,97,59,38,0,0,0
2025-04-03 19:45,101,44,57,0,0,0
2025-04-03 20:00,88,37,51,0,0,0
2025-04-03 20:15,67,25,42,0,0,0
2025-04-03 20:30,61,18,43,0,0,0
2025-04-03 20:45,68,22,46,0,0,0
2025-04-03 21:00,64,35,29,0,0,0
2025-04-03 21:15,65,28,37,0,0,0
2025-04-03 21:30,47,18,29,0,0,0
2025-04-03 21:45,42,11,31,0,0,0
2025-04-03 22:00,72,24,48,0,0,0
2025-04-03 22:15,52,17,35,0,0,0
2025-04-03 22:30,30,9,21,0,0,0
2025-04-03 22:45,52,13,39,0,0,0
2025-04-03 23:00,24,5,19,0,0,0
2025-04-03 23:15,27,6,21,0,0,0
2025-04-03 23:30,19,6,13,0,0,0
2025-04-03 23:45,11,3,8,0,0,0
2025-04-04 00:00,17,4,13,0,0,0
2025-04-04 00:15,11,1,10,0,0,0
2025-04-04 00:30,10,4,6,0,0,0
2025-04-04 00:45,8,1,7,0,0,0
2025-04-04 01:00,7,1,6,0,0,0
2025-04-04 01:15,12,2,10,0,0,0
2025-04-04 01:30,9,1,8,0,0,0
2025-04-04 01:45,14,4,10,0,0,0
2025-04-04 02:00,9,0,9,0,0,0
2025-04-04 02:15,3,1,2,0,0,0
2025-04-04 02:30,5,2,3,0,0,0
2025-04-04 02:45,1,0,1,0,0,0
2025-04-04 03:00,2,1,1,0,0,0
2025-04-04 03:15,2,0,2,0,0,0
2025-04-04 03:30,1,1,0,0,0,0
2025-04-04 03:45,1,0,1,0,0,0
2025-04-04 04:00,1,0,1,0,0,0
2025-04-04 04:15,5,3,2,0,0,0
2025-04-04 04:30,11,5,6,0,0,0
2025-04-04 04:45,7,3,4,0,0,0
2025-04-04 05:00,8,6,2,0,0,0
2025-04-04 05:15,4,2,2,0,0,0
2025-04-04 05:30,21,4,17,0,0,0
2025-04-04 05:45,24,8,16,0,0,0
2025-04-04 06:00,13,6,7,0,0,0
2025-04-04 06:15,30,20,10,0,0,0
2025-04-04 06:30,42,22,20,0,0,0
2025-04-04 06:45,62,28,34,0,0,0
2025-04-04 07:00,77,42,35,0,0,0
2025-04-04 07:15,123,77,46,0,0,0
2025-04-04 07:30,222,150,72,0,0,0
2025-04-04 07:45,221,102,119,0,0,0
2025-04-04 08:00,136,55,81,0,0,0
2025-04-04 08:15,138,44,94,0,0,0
2025-04-04 08:30,129,68,61,0,0,0
2025-04-04 08:45,197,68,129,0,0,0
2025-04-04 09:00,123,55,68,0,0,0
2025-04-04 09:15,106,54,52,0,0,0
2025-04-04 09:30,112,70,42,0,0,0
2025-04-04 09:45,153,75,78,0,0,0
2025-04-04 10:00,104,48,56,0,0,0
2025-04-04 10:15,72,46,26,0,0,0
2025-04-04 10:30,81,45,36,0,0,0
2025-04-04 10:45,92,54,38,0,0,0
2025-04-04 11:00,75,35,40,0,0,0
2025-04-04 11:15,89,38,51,0,0,0
2025-04-04 11:30,99,45,54,0,0,0
2025-04-04 11:45,112,54,58,0,0,0
2025-04-04 12:00,129,71,58,0,0,0
2025-04-04 12:15,140,74,66,0,0,0
2025-04-04 12:30,156,75,81,0,0,0
2025-04-04 12:45,131,68,63,0,0,0
2025-04-04 13:00,179,85,94,0,0,0
2025-04-04 13:15,198,86,112,0,0,0
2025-04-04 13:30,161,74,87,0,0,0
2025-04-04 13:45,172,105,67,0,0,0
2025-04-04 14:00,164,85,79,0,0,0
2025-04-04 14:15,138,77,61,0,0,0
2025-04-04 14:30,137,80,57,0,0,0
2025-04-04 14:45,137,78,59,0,0,0
2025-04-04 15:00,161,91,70,0,0,0
2025-04-04 15:15,148,78,70,0,0,0
2025-04-04 15:30,171,89,82,0,0,0
2025-04-04 15:45,151,93,58,0,0,0
2025-04-04 16:00,164,106,58,0,0,0
2025-04-04 16:15,150,77,73,0,0,0
2025-04-04 16:30,146,90,56,0,0,0
2025-04-04 16:45,135,62,73,0,0,0
2025-04-04 17:00,123,67,56,0,0,0
2025-04-04 17:15,145,87,58,0,0,0
2025-04-04 17:30,134,85,49,0,0,0
2025-04-04 17:45,136,81,55,0,0,0
2025-04-04 18:00,118,65,53,0,0,0
2025-04-04 18:15,138,85,53,0,0,0
2025-04-04 18:30,119,60,59,0,0,0
2025-04-04 18:45,130,68,62,0,0,0
2025-04-04 19:00,83,32,51,0,0,0
2025-04-04 19:15,96,45,51,0,0,0
2025-04-04 19:30,72,37,35,0,0,0
2025-04-04 19:45,81,36,45,0,0,0
2025-04-04 20:00,87,45,42,0,0,0
2025-04-04 20:15,94,36,58,0,0,0
2025-04-04 20:30,73,23,50,0,0,0
2025-04-04 20:45,62,27,35,0,0,0
2025-04-04 21:00,63,20,43,0,0,0
2025-04-04 21:15,70,25,45,0,0,0
2025-04-04 21:30,56,16,40,0,0,0
2025-04-04 21:45,53,23,30,0,0,0
2025-04-04 22:00,54,23,31,0,0,0
2025-04-04 22:15,58,18,40,0,0,0
2025-04-04 22:30,47,12,35,0,0,0
2025-04-04 22:45,38,8,30,0,0,0
2025-04-04 23:00,47,16,31,0,0,0
2025-04-04 23:15,44,17,27,0,0,0
2025-04-04 23:30,38,12,26,0,0,0
2025-04-04 23:45,26,11,15,0,0,0
2025-04-05 00:00,27,11,16,0,0,0
2025-04-05 00:15,33,16,17,0,0,0
2025-04-05 00:30,34,12,22,0,0,0
2025-04-05 00:45,29,12,17,0,0,0
2025-04-05 01:00,29,14,15,0,0,0
2025-04-05 01:15,13,2,11,0,0,0
2025-04-05 01:30,20,4,16,0,0,0
2025-04-05 01:45,21,7,14,0,0,0
2025-04-05 02:00,17,4,13,0,0,0
2025-04-05 02:15,15,1,14,0,0,0
2025-04-05 02:30,21,2,19,0,0,0
2025-04-05 02:45,15,1,14,0,0,0
2025-04-05 03:00,8,1,7,0,0,0
2025-04-05 03:15,13,3,10,0,0,0
2025-04-05 03:30,11,5,6,0,0,0
2025-04-05 03:45,14,5,9,0,0,0
2025-04-05 04:00,4,1,3,0,0,0
2025-04-05 04:15,10,2,8,0,0,0
2025-04-05 04:30,9,2,7,0,0,0
2025-04-05 04:45,4,3,1,0,0,0
2025-04-05 05:00,6,1,5,0,0,0
2025-04-05 05:15,5,1,4,0,0,0
2025-04-05 05:30,13,4,9,0,0,0
2025-04-05 05:45,15,2,13,0,0,0
2025-04-05 06:00,7,3,4,0,0,0
2025-04-05 06:15,7,5,2,0,0,0
2025-04-05 06:30,10,9,1,0,0,0
2025-04-05 06:45,9,6,3,0,0,0
2025-04-05 07:00,7,4,3,0,0,0
2025-04-05 07:15,6,5,1,0,0,0
2025-04-05 07:30,12,5,7,0,0,0
2025-04-05 07:45,18,12,6,0,0,0
2025-04-05 08:00,18,12,6,0,0,0
2025-04-05 08:15,21,13,8,0,0,0
2025-04-05 08:30,36,25,11,0,0,0
2025-04-05 08:45,62,38,24,0,0,0
2025-04-05 09:00,37,23,14,0,0,0
2025-04-05 09:15,61,43,18,0,0,0
2025-04-05 09:30,73,41,32,0,0,0
2025-04-05 09:45,82,37,45,0,0,0
2025-04-05 10:00,55,32,23,0,0,0
2025-04-05 10:15,62,31,31,0,0,0
2025-04-05 10:30,69,47,22,0,0,0
2025-04-05 10:45,96,71,25,0,0,0
2025-04-05 11:00,78,53,25,0,0,0
2025-04-05 11:15,80,45,35,0,0,0
2025-04-05 11:30,72,32,40,0,0,0
2025-04-05 11:45,91,57,34,0,0,0
2025-04-05 12:00,95,60,35,0,0,0
2025-04-05 12:15,87,46,41,0,0,0
2025-04-05 12:30,83,43,40,0,0,0
2025-04-05 12:45,100,61,39,0,0,0
2025-04-05 13:00,102,49,53,0,0,0
2025-04-05 13:15,120,64,56,0,0,0
2025-04-05 13:30,111,61,50,0,0,0
2025-04-05 13:45,95,45,50,0,0,0
2025-04-05 14:00,103,51,52,0,0,0
2025-04-05 14:15,83,45,38,0,0,0
2025-04-05 14:30,81,42,39,0,0,0
2025-04-05 14:45,86,43,43,0,0,0
2025-04-05 15:00,109,56,53,0,0,0
2025-04-05 15:15,113,56,57,0,0,0
2025-04-05 15:30,75,27,48,0,0,0
2025-04-05 15:45,68,38,30,0,0,0
2025-04-05 16:00,79,45,34,0,0,0
2025-04-05 16:15,75,35,40,0,0,0
2025-04-05 16:30,75,34,41,0,0,0
2025-04-05 16:45,87,25,62,0,0,0
2025-04-05 17:00,73,36,37,0,0,0
2025-04-05 17:15,67,24,43,0,0,0
2025-04-05 17:30,73,28,45,0,0,0
2025-04-05 17:45,78,48,30,0,0,0
2025-04-05 18:00,57,22,35,0,0,0
2025-04-05 18:15,74,36,38,0,0,0
2025-04-05 18:30,64,28,36,0,0,0
2025-04-05 18:45,77,29,48,0,0,0
2025-04-05 19:00,63,33,30,0,0,0
2025-04-05 19:15,72,44,28,0,0,0
2025-04-05 19:30,65,34,31,0,0,0
2025-04-05 19:45,58,25,33,0,0,0
2025-04-05 20:00,62,29,33,0,0,0
2025-04-05 20:15,48,27,21,0,0,0
2025-04-05 20:30,28,15,13,0,0,0
2025-04-05 20:45,30,12,18,0,0,0
2025-04-05 21:00,48,26,22,0,0,0
2025-04-05 21:15,39,14,25,0,0,0
2025-04-05 21:30,32,12,20,0,0,0
2025-04-05 21:45,37,15,22,0,0,0
2025-04-05 22:00,33,12,21,0,0,0
2025-04-05 22:15,23,8,15,0,0,0
2025-04-05 22:30,17,6,11,0,0,0
2025-04-05 22:45,22,8,14,0,0,0
2025-04-05 23:00,41,12,29,0,0,0
2025-04-05 23:15,31,6,25,0,0,0
2025-04-05 23:30,39,18,21,0,0,0
2025-04-05 23:45,19,6,13,0,0,0
2025-04-06 00:00,30,8,22,0,0,0
2025-04-06 00:15,22,9,13,0,0,0
2025-04-06 00:30,13,4,9,0,0,0
2025-04-06 00:45,21,11,10,0,0,0
2025-04-06 01:00,20,5,15,0,0,0
2025-04-06 01:15,11,6,5,0,0,0
2025-04-06 01:30,18,6,12,0,0,0
2025-04-06 01:45,24,5,19,0,0,0
2025-04-06 02:00,14,5,9,0,0,0
2025-04-06 02:15,9,3,6,0,0,0
2025-04-06 02:30,11,3,8,0,0,0
2025-04-06 02:45,10,6,4,0,0,0
2025-04-06 03:00,12,0,12,0,0,0
2025-04-06 03:15,8,1,7,0,0,0
2025-04-06 03:30,7,0,7,0,0,0
2025-04-06 03:45,3,1,2,0,0,0
2025-04-06 04:00,3,0,3,0,0,0
2025-04-06 04:15,1,0,1,0,0,0
2025-04-06 04:30,6,0,6,0,0,0
2025-04-06 04:45,1,1,0,0,0,0
2025-04-06 05:00,7,0,7,0,0,0
2025-04-06 05:15,3,0,3,0,0,0
2025-04-06 05:30,13,3,10,0,0,0
2025-04-06 05:45,13,1,12,0,0,0
2025-04-06 06:00,0,0,0,0,0,0
2025-04-06 06:15,6,2,4,0,0,0
2025-04-06 06:30,9,7,2,0,0,0
2025-04-06 06:45,10,6,4,0,0,0
2025-04-06 07:00,3,3,0,0,0,0
2025-04-06 07:15,1,1,0,0,0,0
2025-04-06 07:30,10,5,5,0,0,0
2025-04-06 07:45,15,3,12,0,0,0
2025-04-06 08:00,11,7,4,0,0,0
2025-04-06 08:15,16,9,7,0,0,0
2025-04-06 08:30,10,6,4,0,0,0
2025-04-06 08:45,15,8,7,0,0,0
2025-04-06 09:00,14,9,5,0,0,0
2025-04-06 09:15,28,15,13,0,0,0
2025-04-06 09:30,28,15,13,0,0,0
2025-04-06 09:45,44,28,16,0,0,0
2025-04-06 10:00,37,25,12,0,0,0
2025-04-06 10:15,35,22,13,0,0,0
2025-04-06 10:30,33,21,12,0,0,0
2025-04-06 10:45,40,20,20,0,0,0
2025-04-06 11:00,45,25,20,0,0,0
2025-04-06 11:15,46,29,17,0,0,0
2025-04-06 11:30,45,27,18,0,0,0
2025-04-06 11:45,51,31,20,0,0,0
2025-04-06 12:00,53,24,29,0,0,0
2025-04-06 12:15,69,30,39,0,0,0
2025-04-06 12:30,51,28,23,0,0,0
2025-04-06 12:45,76,28,48,0,0,0
2025-04-06 13:00,50,20,30,0,0,0
2025-04-06 13:15,79,35,44,0,0,0
2025-04-06 13:30,50,32,18,0,0,0
2025-04-06 13:45,76,39,37,0,0,0
2025-04-06 14:00,50,27,23,0,0,0
2025-04-06 14:15,86,40,46,0,0,0
2025-04-06 14:30,77,47,30,0,0,0
2025-04-06 14:45,65,44,21,0,0,0
2025-04-06 15:00,56,28,28,0,0,0
2025-04-06 15:15,71,34,37,0,0,0
2025-04-06 15:30,61,33,28,0,0,0
2025-04-06 15:45,95,51,44,0,0,0
2025-04-06 16:00,71,49,22,0,0,0
2025-04-06 16:15,95,52,43,0,0,0
2025-04-06 16:30,58,33,25,0,0,0
2025-04-06 16:45,75,27,48,0,0,0
2025-04-06 17:00,85,39,46,0,0,0
2025-04-06 17:15,93,43,50,0,0,0
2025-04-06 17:30,77,30,47,0,0,0
2025-04-06 17:45,76,44,32,0,0,0
2025-04-06 18:00,70,23,47,0,0,0
2025-04-06 18:15,53,28,25,0,0,0
2025-04-06 18:30,47,21,26,0,0,0
2025-04-06 18:45,76,44,32,0,0,0
2025-04-06 19:00,47,20,27,0,0,0
2025-04-06 19:15,51,29,22,0,0,0
2025-04-06 19:30,46,14,32,0,0,0
2025-04-06 19:45,63,21,42,0,0,0
2025-04-06 20:00,48,13,35,0,0,0
2025-04-06 20:15,75,37,38,0,0,0
2025-04-06 20:30,28,13,15,0,0,0
2025-04-06 20:45,43,9,34,0,0,0
2025-04-06 21:00,39,14,25,0,0,0
2025-04-06 21:15,27,12,15,0,0,0
2025-04-06 21:30,36,15,21,0,0,0
2025-04-06 21:45,23,11,12,0,0,0
2025-04-06 22:00,14,6,8,0,0,0
2025-04-06 22:15,32,7,25,0,0,0
2025-04-06 22:30,22,2,20,0,0,0
2025-04-06 22:45,24,9,15,0,0,0
2025-04-06 23:00,16,7,9,0,0,0
2025-04-06 23:15,12,7,5,0,0,0
2025-04-06 23:30,8,1,7,0,0,0
2025-04-06 23:45,11,4,7,0,0,0
2025-04-07 00:00,1,0,1,0,0,0
2025-04-07 00:15,5,2,3,0,0,0
2025-04-07 00:30,4,2,2,0,0,0
2025-04-07 00:45,3,0,3,0,0,0
2025-04-07 01:00,4,3,1,0,0,0
2025-04-07 01:15,2,1,1,0,0,0
2025-04-07 01:30,0,0,0,0,0,0
2025-04-07 01:45,1,0,1,0,0,0
2025-04-07 02:00,4,1,3,0,0,0
2025-04-07 02:15,0,0,0,0,0,0
2025-04-07 02:30,0,0,0,0,0,0
2025-04-07 02:45,2,2,0,0,0,0
2025-04-07 03:00,0,0,0,0,0,0
2025-04-07 03:15,2,2,0,0,0,0
2025-04-07 03:30,2,1,1,0,0,0
2025-04-07 03:45,1,0,1,0,0,0
2025-04-07 04:00,0,0,0,0,0,0
2025-04-07 04:15,4,2,2,0,0,0
2025-04-07 04:30,3,1,2,0,0,0
2025-04-07 04:45,6,2,4,0,0,0
2025-04-07 05:00,6,4,2,0,0,0
2025-04-07 05:15,8,6,2,0,0,0
2025-04-07 05:30,17,5,12,0,0,0
2025-04-07 05:45,15,5,10,0,0,0
2025-04-07 06:00,17,14,3,0,0,0
2025-04-07 06:15,28,19,9,0,0,0
2025-04-07 06:30,57,30,27,0,0,0
2025-04-07 06:45,62,31,31,0,0,0
2025-04-07 07:00,72,48,24,0,0,0
2025-04-07 07:15,144,89,55,0,0,0
2025-04-07 07:30,267,185,82,0,0,0
2025-04-07 07:45,325,128,197,0,0,0
2025-04-07 08:00,397,125,272,0,0,0
2025-04-07 08:15,261,100,161,0,0,0
2025-04-07 08:30,182,89,93,0,0,0
2025-04-07 08:45,173,66,107,0,0,0
2025-04-07 09:00,165,82,83,0,0,0
2025-04-07 09:15,93,46,47,0,0,0
2025-04-07 09:30,157,71,86,0,0,0
2025-04-07 09:45,243,127,116,0,0,0
2025-04-07 10:00,285,122,163,0,0,0
2025-04-07 10:15,86,44,42,0,0,0
2025-04-07 10:30,87,53,34,0,0,0
2025-04-07 10:45,105,59,46,0,0,0
2025-04-07 11:00,83,45,38,0,0,0
2025-04-07 11:15,121,48,73,0,0,0
2025-04-07 11:30,143,62,81,0,0,0
2025-04-07 11:45,301,121,180,0,0,0
2025-04-07 12:00,343,113,230,0,0,0
2025-04-07 12:15,232,110,122,0,0,0
2025-04-07 12:30,150,86,64,0,0,0
2025-04-07 12:45,187,109,78,0,0,0
2025-04-07 13:00,266,117,149,0,0,0
2025-04-07 13:15,229,93,136,0,0,0
2025-04-07 13:30,204,104,100,0,0,0
2025-04-07 13:45,343,207,136,0,0,0
2025-04-07 14:00,293,140,153,0,0,0
2025-04-07 14:15,204,127,77,0,0,0
2025-04-07 14:30,121,74,47,0,0,0
2025-04-07 14:45,140,72,68,0,0,0
2025-04-07 15:00,158,104,54,0,0,0
2025-04-07 15:15,139,76,63,0,0,0
2025-04-07 15:30,195,102,93,0,0,0
2025-04-07 15:45,319,166,153,0,0,0
2025-04-07 16:00,333,173,160,0,0,0
2025-04-07 16:15,180,88,92,0,0,0
2025-04-07 16:30,197,107,90,0,0,0
2025-04-07 16:45,174,95,79,0,0,0
2025-04-07 17:00,199,103,96,0,0,0
2025-04-07 17:15,174,95,79,0,0,0
2025-04-07 17:30,211,120,91,0,0,0
2025-04-07 17:45,321,176,145,0,0,0
2025-04-07 18:00,228,121,107,0,0,0
2025-04-07 18:15,151,88,63,0,0,0
2025-04-07 18:30,163,70,93,0,0,0
2025-04-07 18:45,137,69,68,0,0,0
2025-04-07 19:00,123,58,65,0,0,0
2025-04-07 19:15,112,48,64,0,0,0
2025-04-07 19:30,135,84,51,0,0,0
2025-04-07 19:45,94,52,42,0,0,0
2025-04-07 20:00,130,63,67,0,0,0
2025-04-07 20:15,83,38,45,0,0,0
2025-04-07 20:30,76,29,47,0,0,0
2025-04-07 20:45,40,11,29,0,0,0
2025-04-07 21:00,69,32,37,0,0,0
2025-04-07 21:15,75,38,37,0,0,0
2025-04-07 21:30,50,16,34,0,0,0
2025-04-07 21:45,45,17,28,0,0,0
2025-04-07 22:00,48,11,37,0,0,0
2025-04-07 22:15,53,23,30,0,0,0
2025-04-07 22:30,31,8,23,0,0,0
2025-04-07 22:45,30,5,25,0,0,0
2025-04-07 23:00,23,4,19,0,0,0
2025-04-07 23:15,19,2,17,0,0,0
2025-04-07 23:30,15,3,12,0,0,0
2025-04-07 23:45,11,3,8,0,0,0
2025-04-08 00:00,2,1,1,0,0,0
2025-04-08 00:15,5,2,3,0,0,0
2025-04-08 00:30,6,1,5,0,0,0
2025-04-08 00:45,3,0,3,0,0,0
2025-04-08 01:00,1,0,1,0,0,0
2025-04-08 01:15,5,1,4,0,0,0
2025-04-08 01:30,13,1,12,0,0,0
2025-04-08 01:45,1,0,1,0,0,0
2025-04-08 02:00,11,2,9,0,0,0
2025-04-08 02:15,1,1,0,0,0,0
2025-04-08 02:30,0,0,0,0,0,0
2025-04-08 02:45,2,1,1,0,0,0
2025-04-08 03:00,0,0,0,0,0,0
2025-04-08 03:15,1,1,0,0,0,0
2025-04-08 03:30,3,2,1,0,0,0
2025-04-08 03:45,1,0,1,0,0,0
2025-04-08 04:00,2,2,0,0,0,0
2025-04-08 04:15,3,2,1,0,0,0
2025-04-08 04:30,4,3,1,0,0,0
2025-04-08 04:45,5,0,5,0,0,0
2025-04-08 05:00,7,4,3,0,0,0
2025-04-08 05:15,9,6,3,0,0,0
2025-04-08 05:30,20,9,11,0,0,0
2025-04-08 05:45,22,8,14,0,0,0
2025-04-08 06:00,19,14,5,0,0,0
2025-04-08 06:15,34,23,11,0,0,0
2025-04-08 06:30,80,50,30,0,0,0
2025-04-08 06:45,70,38,32,0,0,0
2025-04-08 07:00,88,52,36,0,0,0
2025-04-08 07:15,150,93,57,0,0,0
2025-04-08 07:30,256,180,76,0,0,0
2025-04-08 07:45,332,148,184,0,0,0
2025-04-08 08:00,383,125,258,0,0,0
2025-04-08 08:15,216,92,124,0,0,0
2025-04-08 08:30,186,81,105,0,0,0
2025-04-08 08:45,235,90,145,0,0,0
2025-04-08 09:00,150,64,86,0,0,0
2025-04-08 09:15,129,56,73,0,0,0
2025-04-08 09:30,155,70,85,0,0,0
2025-04-08 09:45,338,160,178,0,0,0
2025-04-08 10:00,409,129,280,0,0,0
2025-04-08 10:15,140,60,80,0,0,0
2025-04-08 10:30,93,49,44,0,0,0
2025-04-08 10:45,102,60,42,0,0,0
2025-04-08 11:00,108,53,55,0,0,0
2025-04-08 11:15,138,60,78,0,0,0
2025-04-08 11:30,256,63,193,0,0,0
2025-04-08 11:45,458,219,239,0,0,0
2025-04-08 12:00,368,177,191,0,0,0
2025-04-08 12:15,215,93,122,0,0,0
2025-04-08 12:30,206,112,94,0,0,0
2025-04-08 12:45,224,126,98,0,0,0
2025-04-08 13:00,254,101,153,0,0,0
2025-04-08 13:15,316,129,187,0,0,0
2025-04-08 13:30,232,114,118,0,0,0
2025-04-08 13:45,392,217,175,0,0,0
2025-04-08 14:00,347,175,172,0,0,0
2025-04-08 14:15,218,144,74,0,0,0
2025-04-08 14:30,151,84,67,0,0,0
2025-04-08 14:45,174,92,82,0,0,0
2025-04-08 15:00,158,103,55,0,0,0
2025-04-08 15:15,169,87,82,0,0,0
2025-04-08 15:30,222,107,115,0,0,0
2025-04-08 15:45,409,232,177,0,0,0
2025-04-08 16:00,342,169,173,0,0,0
2025-04-08 16:15,210,122,88,0,0,0
2025-04-08 16:30,166,95,71,0,0,0
2025-04-08 16:45,208,102,106,0,0,0
2025-04-08 17:00,204,116,88,0,0,0
2025-04-08 17:15,225,133,92,0,0,0
2025-04-08 17:30,229,146,83,0,0,0
2025-04-08 17:45,259,142,117,0,0,0
2025-04-08 18:00,215,131,84,0,0,0
2025-04-08 18:15,180,104,76,0,0,0
2025-04-08 18:30,175,93,82,0,0,0
2025-04-08 18:45,162,65,97,0,0,0
2025-04-08 19:00,123,64,59,0,0,0
2025-04-08 19:15,128,59,69,0,0,0
2025-04-08 19:30,98,52,46,0,0,0
2025-04-08 19:45,116,57,59,0,0,0
2025-04-08 20:00,109,41,68,0,0,0
2025-04-08 20:15,85,44,41,0,0,0
2025-04-08 20:30,64,24,40,0,0,0
2025-04-08 20:45,63,28,35,0,0,0
2025-04-08 21:00,48,18,30,0,0,0
2025-04-08 21:15,54,14,40,0,0,0
2025-04-08 21:30,76,20,56,0,0,0
2025-04-08 21:45,50,16,34,0,0,0
2025-04-08 22:00,49,20,29,0,0,0
2025-04-08 22:15,78,38,40,0,0,0
2025-04-08 22:30,51,14,37,0,0,0
2025-04-08 22:45,21,4,17,0,0,0
2025-04-08 23:00,65,11,54,0,0,0
2025-04-08 23:15,36,9,27,0,0,0
2025-04-08 23:30,18,5,13,0,0,0
2025-04-08 23:45,22,7,15,0,0,0
2025-04-09 00:00,27,1,26,0,0,0
2025-04-09 00:15,9,3,6,0,0,0
2025-04-09 00:30,16,2,14,0,0,0
2025-04-09 00:45,6,2,4,0,0,0
2025-04-09 01:00,5,1,4,0,0,0
2025-04-09 01:15,6,3,3,0,0,0
2025-04-09 01:30,5,0,5,0,0,0
2025-04-09 01:45,3,0,3,0,0,0
2025-04-09 02:00,3,1,2,0,0,0
2025-04-09 02:15,1,0,1,0,0,0
2025-04-09 02:30,1,0,1,0,0,0
2025-04-09 02:45,2,1,1,0,0,0
2025-04-09 03:00,3,0,3,0,0,0
2025-04-09 03:15,1,0,1,0,0,0
2025-04-09 03:30,2,1,1,0,0,0
2025-04-09 03:45,1,1,0,0,0,0
2025-04-09 04:00,1,1,0,0,0,0
2025-04-09 04:15,4,2,2,0,0,0
2025-04-09 04:30,4,3,1,0,0,0
2025-04-09 04:45,8,4,4,0,0,0
2025-04-09 05:00,6,3,3,0,0,0
2025-04-09 05:15,11,6,5,0,0,0
2025-04-09 05:30,26,10,16,0,0,0
2025-04-09 05:45,22,7,15,0,0,0
2025-04-09 06:00,24,15,9,0,0,0
2025-04-09 06:15,40,24,16,0,0,0
2025-04-09 06:30,58,33,25,0,0,0
2025-04-09 06:45,71,40,31,0,0,0
2025-04-09 07:00,93,56,37,0,0,0
2025-04-09 07:15,148,101,47,0,0,0
2025-04-09 07:30,267,194,73,0,0,0
2025-04-09 07:45,341,126,215,0,0,0
2025-04-09 08:00,490,131,359,0,0,0
2025-04-09 08:15,335,119,216,0,0,0
2025-04-09 08:30,144,71,73,0,0,0
2025-04-09 08:45,195,97,98,0,0,0
2025-04-09 09:00,167,83,84,0,0,0
2025-04-09 09:15,129,64,65,0,0,0
2025-04-09 09:30,161,81,80,0,0,0
2025-04-09 09:45,292,178,114,0,0,0
2025-04-09 10:00,334,105,229,0,0,0
2025-04-09 10:15,116,56,60,0,0,0
2025-04-09 10:30,90,47,43,0,0,0
2025-04-09 10:45,79,48,31,0,0,0
2025-04-09 11:00,125,66,59,0,0,0
2025-04-09 11:15,148,82,66,0,0,0
2025-04-09 11:30,150,76,74,0,0,0
2025-04-09 11:45,295,154,141,0,0,0
2025-04-09 12:00,345,127,218,0,0,0
2025-04-09 12:15,187,80,107,0,0,0
2025-04-09 12:30,182,100,82,0,0,0
2025-04-09 12:45,212,119,93,0,0,0
2025-04-09 13:00,234,110,124,0,0,0
2025-04-09 13:15,258,93,165,0,0,0
2025-04-09 13:30,195,100,95,0,0,0
2025-04-09 13:45,321,194,127,0,0,0
2025-04-09 14:00,312,146,166,0,0,0
2025-04-09 14:15,198,113,85,0,0,0
2025-04-09 14:30,165,95,70,0,0,0
2025-04-09 14:45,154,88,66,0,0,0
2025-04-09 15:00,142,62,80,0,0,0
2025-04-09 15:15,190,107,83,0,0,0
2025-04-09 15:30,194,96,98,0,0,0
2025-04-09 15:45,294,172,122,0,0,0
2025-04-09 16:00,233,124,109,0,0,0
2025-04-09 16:15,186,100,86,0,0,0
2025-04-09 16:30,201,122,79,0,0,0
2025-04-09 16:45,177,90,87,0,0,0
2025-04-09 17:00,161,79,82,0,0,0
2025-04-09 17:15,196,108,88,0,0,0
2025-04-09 17:30,231,140,91,0,0,0
2025-04-09 17:45,239,103,136,0,0,0
2025-04-09 18:00,165,78,87,0,0,0
2025-04-09 18:15,180,84,96,0,0,0
2025-04-09 18:30,171,90,81,0,0,0
2025-04-09 18:45,142,78,64,0,0,0
2025-04-09 19:00,125,51,74,0,0,0
2025-04-09 19:15,89,35,54,0,0,0
2025-04-09 19:30,99,48,51,0,0,0
2025-04-09 19:45,114,67,47,0,0,0
2025-04-09 20:00,97,49,48,0,0,0
2025-04-09 20:15,100,42,58,0,0,0
2025-04-09 20:30,78,44,34,0,0,0
2025-04-09 20:45,82,46,36,0,0,0
2025-04-09 21:00,81,45,36,0,0,0
2025-04-09 21:15,65,30,35,0,0,0
2025-04-09 21:30,56,21,35,0,0,0
2025-04-09 21:45,53,19,34,0,0,0
2025-04-09 22:00,58,20,38,0,0,0
2025-04-09 22:15,68,26,42,0,0,0
2025-04-09 22:30,56,20,36,0,0,0
2025-04-09 22:45,56,15,41,0,0,0
2025-04-09 23:00,60,19,41,0,0,0
2025-04-09 23:15,49,18,31,0,0,0
2025-04-09 23:30,52,11,41,0,0,0
2025-04-09 23:45,43,26,17,0,0,0
2025-04-10 00:00,24,5,19,0,0,0
2025-04-10 00:15,20,2,18,0,0,0
2025-04-10 00:30,26,13,13,0,0,0
2025-04-10 00:45,10,2,8,0,0,0
2025-04-10 01:00,26,7,19,0,0,0
2025-04-10 01:15,24,2,22,0,0,0
2025-04-10 01:30,17,0,17,0,0,0
2025-04-10 01:45,11,2,9,0,0,0
2025-04-10 02:00,17,0,17,0,0,0
2025-04-10 02:15,15,1,14,0,0,0
2025-04-10 02:30,13,1,12,0,0,0
2025-04-10 02:45,6,1,5,0,0,0
2025-04-10 03:00,13,0,13,0,0,0
2025-04-10 03:15,5,0,5,0,0,0
2025-04-10 03:30,2,0,2,0,0,0
2025-04-10 03:45,5,1,4,0,0,0
2025-04-10 04:00,4,3,1,0,0,0
2025-04-10 04:15,1,1,0,0,0,0
2025-04-10 04:30,11,5,6,0,0,0
2025-04-10 04:45,4,1,3,0,0,0
2025-04-10 05:00,4,2,2,0,0,0
2025-04-10 05:15,10,7,3,0,0,0
2025-04-10 05:30,22,10,12,0,0,0
2025-04-10 05:45,23,7,16,0,0,0
2025-04-10 06:00,26,15,11,0,0,0
2025-04-10 06:15,36,23,13,0,0,0
2025-04-10 06:30,69,45,24,0,0,0
2025-04-10 06:45,75,36,39,0,0,0
2025-04-10 07:00,81,48,33,0,0,0
2025-04-10 07:15,128,89,39,0,0,0
2025-04-10 07:30,257,189,68,0,0,0
2025-04-10 07:45,354,154,200,0,0,0
2025-04-10 08:00,435,130,305,0,0,0
2025-04-10 08:15,262,86,176,0,0,0
2025-04-10 08:30,146,60,86,0,0,0
2025-04-10 08:45,206,82,124,0,0,0
2025-04-10 09:00,136,64,72,0,0,0
2025-04-10 09:15,115,56,59,0,0,0
2025-04-10 09:30,138,79,59,0,0,0
2025-04-10 09:45,280,150,130,0,0,0
2025-04-10 10:00,388,136,252,0,0,0
2025-04-10 10:15,115,61,54,0,0,0
2025-04-10 10:30,115,67,48,0,0,0
2025-04-10 10:45,95,46,49,0,0,0
2025-04-10 11:00,70,32,38,0,0,0
2025-04-10 11:15,98,44,54,0,0,0
2025-04-10 11:30,121,46,75,0,0,0
2025-04-10 11:45,298,147,151,0,0,0
2025-04-10 12:00,356,140,216,0,0,0
2025-04-10 12:15,188,76,112,0,0,0
2025-04-10 12:30,172,85,87,0,0,0
2025-04-10 12:45,215,114,101,0,0,0
2025-04-10 13:00,271,111,160,0,0,0
2025-04-10 13:15,248,96,152,0,0,0
2025-04-10 13:30,188,114,74,0,0,0
2025-04-10 13:45,334,215,119,0,0,0
2025-04-10 14:00,268,137,131,0,0,0
2025-04-10 14:15,214,126,88,0,0,0
2025-04-10 14:30,161,106,55,0,0,0
2025-04-10 14:45,180,115,65,0,0,0
2025-04-10 15:00,158,94,64,0,0,0
2025-04-10 15:15,163,90,73,0,0,0
2025-04-10 15:30,200,114,86,0,0,0
2025-04-10 15:45,321,177,144,0,0,0
2025-04-10 16:00,224,106,118,0,0,0
2025-04-10 16:15,203,114,89,0,0,0
2025-04-10 16:30,179,103,76,0,0,0
2025-04-10 16:45,177,97,80,0,0,0
2025-04-10 17:00,180,85,95,0,0,0
2025-04-10 17:15,189,104,85,0,0,0
2025-04-10 17:30,194,98,96,0,0,0
2025-04-10 17:45,197,106,91,0,0,0
2025-04-10 18:00,154,76,78,0,0,0
2025-04-10 18:15,173,83,90,0,0,0
2025-04-10 18:30,138,68,70,0,0,0
2025-04-10 18:45,105,43,62,0,0,0
2025-04-10 19:00,126,61,65,0,0,0
2025-04-10 19:15,102,48,54,0,0,0
2025-04-10 19:30,96,55,41,0,0,0
2025-04-10 19:45,116,53,63,0,0,0
2025-04-10 20:00,120,48,72,0,0,0
2025-04-10 20:15,70,37,33,0,0,0
2025-04-10 20:30,51,23,28,0,0,0
2025-04-10 20:45,63,30,33,0,0,0
2025-04-10 21:00,66,29,37,0,0,0
2025-04-10 21:15,57,27,30,0,0,0
2025-04-10 21:30,51,20,31,0,0,0
2025-04-10 21:45,71,23,48,0,0,0
2025-04-10 22:00,57,19,38,0,0,0
2025-04-10 22:15,51,16,35,0,0,0
2025-04-10 22:30,74,30,44,0,0,0
2025-04-10 22:45,33,6,27,0,0,0
2025-04-10 23:00,36,6,30,0,0,0
2025-04-10 23:15,45,10,35,0,0,0
2025-04-10 23:30,34,12,22,0,0,0
2025-04-10 23:45,20,4,16,0,0,0
2025-04-11 00:00,15,4,11,0,0,0
2025-04-11 00:15,10,3,7,0,0,0
2025-04-11 00:30,11,3,8,0,0,0
2025-04-11 00:45,14,4,10,0,0,0
2025-04-11 01:00,11,3,8,0,0,0
2025-04-11 01:15,8,2,6,0,0,0
2025-04-11 01:30,6,3,3,0,0,0
2025-04-11 01:45,6,1,5,0,0,0
2025-04-11 02:00,3,0,3,0,0,0
2025-04-11 02:15,4,1,3,0,0,0
2025-04-11 02:30,3,0,3,0,0,0
2025-04-11 02:45,3,2,1,0,0,0
2025-04-11 03:00,5,1,4,0,0,0
2025-04-11 03:15,4,0,4,0,0,0
2025-04-11 03:30,3,0,3,0,0,0
2025-04-11 03:45,5,3,2,0,0,0
2025-04-11 04:00,6,1,5,0,0,0
2025-04-11 04:15,4,2,2,0,0,0
2025-04-11 04:30,3,0,3,0,0,0
2025-04-11 04:45,9,4,5,0,0,0
2025-04-11 05:00,4,2,2,0,0,0
2025-04-11 05:15,5,4,1,0,0,0
2025-04-11 05:30,18,6,12,0,0,0
2025-04-11 05:45,18,8,10,0,0,0
2025-04-11 06:00,21,10,11,0,0,0
2025-04-11 06:15,25,16,9,0,0,0
2025-04-11 06:30,41,27,14,0,0,0
2025-04-11 06:45,46,25,21,0,0,0
2025-04-11 07:00,67,38,29,0,0,0
2025-04-11 07:15,116,65,51,0,0,0
2025-04-11 07:30,187,129,58,0,0,0
2025-04-11 07:45,252,95,157,0,0,0
2025-04-11 08:00,308,124,184,0,0,0
2025-04-11 08:15,154,84,70,0,0,0
2025-04-11 08:30,125,73,52,0,0,0
2025-04-11 08:45,162,68,94,0,0,0
2025-04-11 09:00,123,60,63,0,0,0
2025-04-11 09:15,108,44,64,0,0,0
2025-04-11 09:30,126,73,53,0,0,0
2025-04-11 09:45,245,102,143,0,0,0
2025-04-11 10:00,308,103,205,0,0,0
2025-04-11 10:15,93,44,49,0,0,0
2025-04-11 10:30,86,50,36,0,0,0
2025-04-11 10:45,72,32,40,0,0,0
2025-04-11 11:00,102,56,46,0,0,0
2025-04-11 11:15,75,32,43,0,0,0
2025-04-11 11:30,131,56,75,0,0,0
2025-04-11 11:45,318,186,132,0,0,0
2025-04-11 12:00,274,106,168,0,0,0
2025-04-11 12:15,215,93,122,0,0,0
2025-04-11 12:30,189,102,87,0,0,0
2025-04-11 12:45,173,82,91,0,0,0
2025-04-11 13:00,203,108,95,0,0,0
2025-04-11 13:15,215,100,115,0,0,0
2025-04-11 13:30,176,104,72,0,0,0
2025-04-11 13:45,225,154,71,0,0,0
2025-04-11 14:00,201,114,87,0,0,0
2025-04-11 14:15,185,111,74,0,0,0
2025-04-11 14:30,158,87,71,0,0,0
2025-04-11 14:45,137,67,70,0,0,0
2025-04-11 15:00,153,70,83,0,0,0
2025-04-11 15:15,163,91,72,0,0,0
2025-04-11 15:30,152,96,56,0,0,0
2025-04-11 15:45,164,84,80,0,0,0
2025-04-11 16:00,156,108,48,0,0,0
2025-04-11 16:15,148,87,61,0,0,0
2025-04-11 16:30,135,85,50,0,0,0
2025-04-11 16:45,123,69,54,0,0,0
2025-04-11 17:00,140,73,67,0,0,0
2025-04-11 17:15,140,75,65,0,0,0
2025-04-11 17:30,118,64,54,0,0,0
2025-04-11 17:45,159,85,74,0,0,0
2025-04-11 18:00,108,54,54,0,0,0
2025-04-11 18:15,122,64,58,0,0,0
2025-04-11 18:30,112,52,60,0,0,0
2025-04-11 18:45,109,51,58,0,0,0
2025-04-11 19:00,101,65,36,0,0,0
2025-04-11 19:15,79,42,37,0,0,0
2025-04-11 19:30,77,39,38,0,0,0
2025-04-11 19:45,74,42,32,0,0,0
2025-04-11 20:00,62,25,37,0,0,0
2025-04-11 20:15,59,33,26,0,0,0
2025-04-11 20:30,69,29,40,0,0,0
2025-04-11 20:45,68,32,36,0,0,0
2025-04-11 21:00,60,31,29,0,0,0
2025-04-11 21:15,58,23,35,0,0,0
2025-04-11 21:30,44,25,19,0,0,0
2025-04-11 21:45,40,21,19,0,0,0
2025-04-11 22:00,65,19,46,0,0,0
2025-04-11 22:15,36,17,19,0,0,0
2025-04-11 22:30,42,8,34,0,0,0
2025-04-11 22:45,33,13,20,0,0,0
2025-04-11 23:00,37,13,24,0,0,0
2025-04-11 23:15,26,7,19,0,0,0
2025-04-11 23:30,27,10,17,0,0,0
2025-04-11 23:45,51,31,20,0,0,0
2025-04-12 00:00,21,5,16,0,0,0
2025-04-12 00:15,36,6,30,0,0,0
2025-04-12 00:30,16,4,12,0,0,0
2025-04-12 00:45,26,8,18,0,0,0
2025-04-12 01:00,21,6,15,0,0,0
2025-04-12 01:15,25,10,15,0,0,0
2025-04-12 01:30,12,3,9,0,0,0
2025-04-12 01:45,22,6,16,0,0,0
2025-04-12 02:00,15,1,14,0,0,0
2025-04-12 02:15,25,4,21,0,0,0
2025-04-12 02:30,17,1,16,0,0,0
2025-04-12 02:45,15,3,12,0,0,0
2025-04-12 03:00,10,2,8,0,0,0
2025-04-12 03:15,17,5,12,0,0,0
2025-04-12 03:30,6,0,6,0,0,0
2025-04-12 03:45,9,0,9,0,0,0
2025-04-12 04:00,8,4,4,0,0,0
2025-04-12 04:15,9,1,8,0,0,0
2025-04-12 04:30,6,5,1,0,0,0
2025-04-12 04:45,7,0,7,0,0,0
2025-04-12 05:00,5,0,5,0,0,0
2025-04-12 05:15,5,2,3,0,0,0
2025-04-12 05:30,13,7,6,0,0,0
2025-04-12 05:45,11,4,7,0,0,0
2025-04-12 06:00,17,4,13,0,0,0
2025-04-12 06:15,10,6,4,0,0,0
2025-04-12 06:30,7,4,3,0,0,0
2025-04-12 06:45,11,6,5,0,0,0
2025-04-12 07:00,8,5,3,0,0,0
2025-04-12 07:15,7,2,5,0,0,0
2025-04-12 07:30,11,8,3,0,0,0
2025-04-12 07:45,19,15,4,0,0,0
2025-04-12 08:00,10,5,5,0,0,0
2025-04-12 08:15,19,16,3,0,0,0
2025-04-12 08:30,30,21,9,0,0,0
2025-04-12 08:45,46,25,21,0,0,0
2025-04-12 09:00,31,23,8,0,0,0
2025-04-12 09:15,31,26,5,0,0,0
2025-04-12 09:30,45,31,14,0,0,0
2025-04-12 09:45,52,29,23,0,0,0
2025-04-12 10:00,47,37,10,0,0,0
2025-04-12 10:15,53,37,16,0,0,0
2025-04-12 10:30,69,48,21,0,0,0
2025-04-12 10:45,91,53,38,0,0,0
2025-04-12 11:00,63,45,18,0,0,0
2025-04-12 11:15,92,55,37,0,0,0
2025-04-12 11:30,88,53,35,0,0,0
2025-04-12 11:45,95,65,30,0,0,0
2025-04-12 12:00,79,57,22,0,0,0
2025-04-12 12:15,103,49,54,0,0,0
2025-04-12 12:30,82,51,31,0,0,0
2025-04-12 12:45,82,51,31,0,0,0
2025-04-12 13:00,67,36,31,0,0,0
2025-04-12 13:15,82,32,50,0,0,0
2025-04-12 13:30,79,53,26,0,0,0
2025-04-12 13:45,102,55,47,0,0,0
2025-04-12 14:00,80,37,43,0,0,0
2025-04-12 14:15,103,46,57,0,0,0
2025-04-12 14:30,109,62,47,0,0,0
2025-04-12 14:45,91,51,40,0,0,0
2025-04-12 15:00,68,25,43,0,0,0
2025-04-12 15:15,78,46,32,0,0,0
2025-04-12 15:30,104,44,60,0,0,0
2025-04-12 15:45,96,52,44,0,0,0
2025-04-12 16:00,100,50,50,0,0,0
2025-04-12 16:15,88,48,40,0,0,0
2025-04-12 16:30,71,36,35,0,0,0
2025-04-12 16:45,69,39,30,0,0,0
2025-04-12 17:00,90,50,40,0,0,0
2025-04-12 17:15,83,33,50,0,0,0
2025-04-12 17:30,104,53,51,0,0,0
2025-04-12 17:45,120,39,81,0,0,0
2025-04-12 18:00,130,49,81,0,0,0
2025-04-12 18:15,96,51,45,0,0,0
2025-04-12 18:30,80,41,39,0,0,0
2025-04-12 18:45,122,62,60,0,0,0
2025-04-12 19:00,82,47,35,0,0,0
2025-04-12 19:15,78,42,36,0,0,0
2025-04-12 19:30,49,21,28,0,0,0
2025-04-12 19:45,93,54,39,0,0,0
2025-04-12 20:00,68,27,41,0,0,0
2025-04-12 20:15,65,17,48,0,0,0
2025-04-12 20:30,62,21,41,0,0,0
2025-04-12 20:45,60,26,34,0,0,0
2025-04-12 21:00,54,12,42,0,0,0
2025-04-12 21:15,63,21,42,0,0,0
2025-04-12 21:30,48,19,29,0,0,0
2025-04-12 21:45,43,16,27,0,0,0
2025-04-12 22:00,40,10,30,0,0,0
2025-04-12 22:15,50,18,32,0,0,0
2025-04-12 22:30,41,13,28,0,0,0
2025-04-12 22:45,46,17,29,0,0,0
2025-04-12 23:00,30,9,21,0,0,0
2025-04-12 23:15,24,8,16,0,0,0
2025-04-12 23:30,35,10,25,0,0,0
2025-04-12 23:45,42,17,25,0,0,0
2025-04-13 00:00,40,12,28,0,0,0
2025-04-13 00:15,34,15,19,0,0,0
2025-04-13 00:30,31,10,21,0,0,0
2025-04-13 00:45,33,19,14,0,0,0
2025-04-13 01:00,17,6,11,0,0,0
2025-04-13 01:15,24,9,15,0,0,0
2025-04-13 01:30,27,7,20,0,0,0
2025-04-13 01:45,38,16,22,0,0,0
2025-04-13 02:00,33,21,12,0,0,0
2025-04-13 02:15,27,10,17,0,0,0
2025-04-13 02:30,31,8,23,0,0,0
2025-04-13 02:45,17,7,10,0,0,0
2025-04-13 03:00,14,6,8,0,0,0
2025-04-13 03:15,19,6,13,0,0,0
2025-04-13 03:30,18,2,16,0,0,0
2025-04-13 03:45,7,4,3,0,0,0
2025-04-13 04:00,10,4,6,0,0,0
2025-04-13 04:15,8,2,6,0,0,0
2025-04-13 04:30,12,0,12,0,0,0
2025-04-13 04:45,13,4,9,0,0,0
2025-04-13 05:00,6,2,4,0,0,0
2025-04-13 05:15,8,3,5,0,0,0
2025-04-13 05:30,13,3,10,0,0,0
2025-04-13 05:45,16,2,14,0,0,0
2025-04-13 06:00,8,1,7,0,0,0
2025-04-13 06:15,4,2,2,0,0,0
2025-04-13 06:30,16,15,1,0,0,0
2025-04-13 06:45,8,4,4,0,0,0
2025-04-13 07:00,4,3,1,0,0,0
2025-04-13 07:15,6,3,3,0,0,0
2025-04-13 07:30,5,2,3,0,0,0
2025-04-13 07:45,5,2,3,0,0,0
2025-04-13 08:00,4,3,1,0,0,0
2025-04-13 08:15,3,1,2,0,0,0
2025-04-13 08:30,13,7,6,0,0,0
2025-04-13 08:45,15,9,6,0,0,0
2025-04-13 09:00,19,9,10,0,0,0
2025-04-13 09:15,17,14,3,0,0,0
2025-04-13 09:30,16,6,10,0,0,0
2025-04-13 09:45,27,16,11,0,0,0
2025-04-13 10:00,22,13,9,0,0,0
2025-04-13 10:15,12,8,4,0,0,0
2025-04-13 10:30,36,20,16,0,0,0
2025-04-13 10:45,31,10,21,0,0,0
2025-04-13 11:00,44,19,25,0,0,0
2025-04-13 11:15,43,22,21,0,0,0
2025-04-13 11:30,52,22,30,0,0,0
2025-04-13 11:45,63,32,31,0,0,0
2025-04-13 12:00,53,27,26,0,0,0
2025-04-13 12:15,61,26,35,0,0,0
2025-04-13 12:30,60,29,31,0,0,0
2025-04-13 12:45,71,33,38,0,0,0
2025-04-13 13:00,61,31,30,0,0,0
2025-04-13 13:15,56,39,17,0,0,0
2025-04-13 13:30,69,41,28,0,0,0
2025-04-13 13:45,67,33,34,0,0,0
2025-04-13 14:00,82,57,25,0,0,0
2025-04-13 14:15,80,42,38,0,0,0
2025-04-13 14:30,61,34,27,0,0,0
2025-04-13 14:45,78,40,38,0,0,0
2025-04-13 15:00,72,38,34,0,0,0
2025-04-13 15:15,79,46,33,0,0,0
2025-04-13 15:30,90,45,45,0,0,0
2025-04-13 15:45,77,46,31,0,0,0
2025-04-13 16:00,89,35,54,0,0,0
2025-04-13 16:15,70,43,27,0,0,0
2025-04-13 16:30,59,32,27,0,0,0
2025-04-13 16:45,92,42,50,0,0,0
2025-04-13 17:00,88,64,24,0,0,0
2025-04-13 17:15,57,35,22,0,0,0
2025-04-13 17:30,52,26,26,0,0,0
2025-04-13 17:45,63,31,32,0,0,0
2025-04-13 18:00,66,39,27,0,0,0
2025-04-13 18:15,43,20,23,0,0,0
2025-04-13 18:30,41,26,15,0,0,0
2025-04-13 18:45,47,25,22,0,0,0
2025-04-13 19:00,51,22,29,0,0,0
2025-04-13 19:15,58,23,35,0,0,0
2025-04-13 19:30,37,18,19,0,0,0
2025-04-13 19:45,44,18,26,0,0,0
2025-04-13 20:00,41,11,30,0,0,0
2025-04-13 20:15,32,8,24,0,0,0
2025-04-13 20:30,24,13,11,0,0,0
2025-04-13 20:45,37,14,23,0,0,0
2025-04-13 21:00,30,14,16,0,0,0
2025-04-13 21:15,23,13,10,0,0,0
2025-04-13 21:30,30,9,21,0,0,0
2025-04-13 21:45,12,4,8,0,0,0
2025-04-13 22:00,25,11,14,0,0,0
2025-04-13 22:15,21,3,18,0,0,0
2025-04-13 22:30,15,3,12,0,0,0
2025-04-13 22:45,16,4,12,0,0,0
2025-04-13 23:00,13,3,10,0,0,0
2025-04-13 23:15,14,3,11,0,0,0
2025-04-13 23:30,5,4,1,0,0,0
2025-04-13 23:45,13,10,3,0,0,0
2025-04-14 00:00,6,0,6,0,0,0
2025-04-14 00:15,8,0,8,0,0,0
2025-04-14 00:30,2,1,1,0,0,0
2025-04-14 00:45,4,1,3,0,0,0
2025-04-14 01:00,2,2,0,0,0,0
2025-04-14 01:15,2,2,0,0,0,0
2025-04-14 01:30,2,1,1,0,0,0
2025-04-14 01:45,3,1,2,0,0,0
2025-04-14 02:00,2,0,2,0,0,0
2025-04-14 02:15,0,0,0,0,0,0
2025-04-14 02:30,0,0,0,0,0,0
2025-04-14 02:45,1,0,1,0,0,0
2025-04-14 03:00,0,0,0,0,0,0
2025-04-14 03:15,3,3,0,0,0,0
2025-04-14 03:30,0,0,0,0,0,0
2025-04-14 03:45,0,0,0,0,0,0
2025-04-14 04:00,0,0,0,0,0,0
2025-04-14 04:15,1,0,1,0,0,0
2025-04-14 04:30,5,4,1,0,0,0
2025-04-14 04:45,6,0,6,0,0,0
2025-04-14 05:00,7,6,1,0,0,0
2025-04-14 05:15,16,8,8,0,0,0
2025-04-14 05:30,18,8,10,0,0,0
2025-04-14 05:45,17,10,7,0,0,0
2025-04-14 06:00,16,10,6,0,0,0
2025-04-14 06:15,35,19,16,0,0,0
2025-04-14 06:30,51,30,21,0,0,0
2025-04-14 06:45,73,41,32,0,0,0
2025-04-14 07:00,57,39,18,0,0,0
2025-04-14 07:15,89,39,50,0,0,0
2025-04-14 07:30,141,62,79,0,0,0
2025-04-14 07:45,222,65,157,0,0,0
2025-04-14 08:00,268,87,181,0,0,0
2025-04-14 08:15,202,64,138,0,0,0
2025-04-14 08:30,124,68,56,0,0,0
2025-04-14 08:45,148,68,80,0,0,0
2025-04-14 09:00,123,57,66,0,0,0
2025-04-14 09:15,92,51,41,0,0,0
2025-04-14 09:30,98,55,43,0,0,0
2025-04-14 09:45,221,128,93,0,0,0
2025-04-14 10:00,230,112,118,0,0,0
2025-04-14 10:15,122,50,72,0,0,0
2025-04-14 10:30,60,30,30,0,0,0
2025-04-14 10:45,77,33,44,0,0,0
2025-04-14 11:00,84,43,41,0,0,0
2025-04-14 11:15,87,39,48,0,0,0
2025-04-14 11:30,119,50,69,0,0,0
2025-04-14 11:45,323,134,189,0,0,0
2025-04-14 12:00,324,130,194,0,0,0
2025-04-14 12:15,170,78,92,0,0,0
2025-04-14 12:30,152,82,70,0,0,0
2025-04-14 12:45,211,128,83,0,0,0
2025-04-14 13:00,242,101,141,0,0,0
2025-04-14 13:15,246,76,170,0,0,0
2025-04-14 13:30,159,98,61,0,0,0
2025-04-14 13:45,318,174,144,0,0,0
2025-04-14 14:00,251,149,102,0,0,0
2025-04-14 14:15,129,87,42,0,0,0
2025-04-14 14:30,130,83,47,0,0,0
2025-04-14 14:45,117,60,57,0,0,0
2025-04-14 15:00,106,54,52,0,0,0
2025-04-14 15:15,153,94,59,0,0,0
2025-04-14 15:30,152,102,50,0,0,0
2025-04-14 15:45,326,199,127,0,0,0
2025-04-14 16:00,268,146,122,0,0,0
2025-04-14 16:15,157,93,64,0,0,0
2025-04-14 16:30,144,68,76,0,0,0
2025-04-14 16:45,183,98,85,0,0,0
2025-04-14 17:00,154,88,66,0,0,0
2025-04-14 17:15,140,64,76,0,0,0
2025-04-14 17:30,205,108,97,0,0,0
2025-04-14 17:45,261,133,128,0,0,0
2025-04-14 18:00,248,118,130,0,0,0
2025-04-14 18:15,135,60,75,0,0,0
2025-04-14 18:30,115,61,54,0,0,0
2025-04-14 18:45,113,50,63,0,0,0
2025-04-14 19:00,137,77,60,0,0,0
2025-04-14 19:15,120,64,56,0,0,0
2025-04-14 19:30,91,50,41,0,0,0
2025-04-14 19:45,110,48,62,0,0,0
2025-04-14 20:00,113,50,63,0,0,0
2025-04-14 20:15,62,19,43,0,0,0
2025-04-14 20:30,69,27,42,0,0,0
2025-04-14 20:45,64,21,43,0,0,0
2025-04-14 21:00,72,33,39,0,0,0
2025-04-14 21:15,33,11,22,0,0,0
2025-04-14 21:30,49,13,36,0,0,0
2025-04-14 21:45,33,16,17,0,0,0
2025-04-14 22:00,61,35,26,0,0,0
2025-04-14 22:15,44,15,29,0,0,0
2025-04-14 22:30,34,13,21,0,0,0
2025-04-14 22:45,33,15,18,0,0,0
2025-04-14 23:00,14,3,11,0,0,0
2025-04-14 23:15,16,6,10,0,0,0
2025-04-14 23:30,29,3,26,0,0,0
2025-04-14 23:45,14,3,11,0,0,0
2025-04-15 00:00,6,2,4,0,0,0
2025-04-15 00:15,6,2,4,0,0,0
2025-04-15 00:30,10,3,7,0,0,0
2025-04-15 00:45,3,1,2,0,0,0
2025-04-15 01:00,3,0,3,0,0,0
2025-04-15 01:15,2,1,1,0,0,0
2025-04-15 01:30,6,5,1,0,0,0
2025-04-15 01:45,5,0,5,0,0,0
2025-04-15 02:00,1,0,1,0,0,0
2025-04-15 02:15,1,0,1,0,0,0
2025-04-15 02:30,2,1,1,0,0,0
2025-04-15 02:45,1,0,1,0,0,0
2025-04-15 03:00,2,0,2,0,0,0
2025-04-15 03:15,0,0,0,0,0,0
2025-04-15 03:30,2,1,1,0,0,0
2025-04-15 03:45,0,0,0,0,0,0
2025-04-15 04:00,1,0,1,0,0,0
2025-04-15 04:15,4,3,1,0,0,0
2025-04-15 04:30,4,3,1,0,0,0
2025-04-15 04:45,6,1,5,0,0,0
2025-04-15 05:00,6,3,3,0,0,0
2025-04-15 05:15,7,6,1,0,0,0
2025-04-15 05:30,10,3,7,0,0,0
2025-04-15 05:45,22,6,16,0,0,0
2025-04-15 06:00,14,10,4,0,0,0
2025-04-15 06:15,33,19,14,0,0,0
2025-04-15 06:30,72,45,27,0,0,0
2025-04-15 06:45,73,42,31,0,0,0
2025-04-15 07:00,73,40,33,0,0,0
2025-04-15 07:15,86,35,51,0,0,0
2025-04-15 07:30,139,69,70,0,0,0
2025-04-15 07:45,252,99,153,0,0,0
2025-04-15 08:00,329,113,216,0,0,0
2025-04-15 08:15,168,61,107,0,0,0
2025-04-15 08:30,155,67,88,0,0,0
2025-04-15 08:45,180,73,107,0,0,0
2025-04-15 09:00,151,67,84,0,0,0
2025-04-15 09:15,109,54,55,0,0,0
2025-04-15 09:30,143,63,80,0,0,0
2025-04-15 09:45,310,160,150,0,0,0
2025-04-15 10:00,358,102,256,0,0,0
2025-04-15 10:15,98,47,51,0,0,0
2025-04-15 10:30,101,59,42,0,0,0
2025-04-15 10:45,88,37,51,0,0,0
2025-04-15 11:00,96,50,46,0,0,0
2025-04-15 11:15,94,43,51,0,0,0
2025-04-15 11:30,218,59,159,0,0,0
2025-04-15 11:45,434,248,186,0,0,0
2025-04-15 12:00,332,143,189,0,0,0
2025-04-15 12:15,195,101,94,0,0,0
2025-04-15 12:30,166,76,90,0,0,0
2025-04-15 12:45,191,99,92,0,0,0
2025-04-15 13:00,291,126,165,0,0,0
2025-04-15 13:15,165,88,77,0,0,0
2025-04-15 13:30,205,120,85,0,0,0
2025-04-15 13:45,436,272,164,0,0,0
2025-04-15 14:00,254,131,123,0,0,0
2025-04-15 14:15,173,107,66,0,0,0
2025-04-15 14:30,113,66,47,0,0,0
2025-04-15 14:45,129,81,48,0,0,0
2025-04-15 15:00,145,75,70,0,0,0
2025-04-15 15:15,181,96,85,0,0,0
2025-04-15 15:30,192,90,102,0,0,0
2025-04-15 15:45,357,202,155,0,0,0
2025-04-15 16:00,321,173,148,0,0,0
2025-04-15 16:15,208,121,87,0,0,0
2025-04-15 16:30,173,102,71,0,0,0
2025-04-15 16:45,178,85,93,0,0,0
2025-04-15 17:00,213,114,99,0,0,0
2025-04-15 17:15,181,79,102,0,0,0
2025-04-15 17:30,135,68,67,0,0,0
2025-04-15 17:45,197,95,102,0,0,0
2025-04-15 18:00,156,98,58,0,0,0
2025-04-15 18:15,75,49,26,0,0,0
2025-04-15 18:30,70,34,36,0,0,0
2025-04-15 18:45,93,47,46,0,0,0
2025-04-15 19:00,74,52,22,0,0,0
2025-04-15 19:15,86,41,45,0,0,0
2025-04-15 19:30,85,47,38,0,0,0
2025-04-15 19:45,78,39,39,0,0,0
2025-04-15 20:00,93,47,46,0,0,0
2025-04-15 20:15,53,17,36,0,0,0
2025-04-15 20:30,33,17,16,0,0,0
2025-04-15 20:45,24,10,14,0,0,0
2025-04-15 21:00,55,26,29,0,0,0
2025-04-15 21:15,27,11,16,0,0,0
2025-04-15 21:30,44,22,22,0,0,0
2025-04-15 21:45,34,10,24,0,0,0
2025-04-15 22:00,32,16,16,0,0,0
2025-04-15 22:15,55,31,24,0,0,0
2025-04-15 22:30,28,7,21,0,0,0
2025-04-15 22:45,48,21,27,0,0,0
2025-04-15 23:00,18,2,16,0,0,0
2025-04-15 23:15,16,4,12,0,0,0
2025-04-15 23:30,20,7,13,0,0,0
2025-04-15 23:45,10,4,6,0,0,0
2025-04-16 00:00,9,3,6,0,0,0
2025-04-16 00:15,15,7,8,0,0,0
2025-04-16 00:30,6,0,6,0,0,0
2025-04-16 00:45,7,3,4,0,0,0
2025-04-16 01:00,7,5,2,0,0,0
2025-04-16 01:15,2,1,1,0,0,0
2025-04-16 01:30,5,0,5,0,0,0
2025-04-16 01:45,2,1,1,0,0,0
2025-04-16 02:00,11,1,10,0,0,0
2025-04-16 02:15,5,1,4,0,0,0
2025-04-16 02:30,5,0,5,0,0,0
2025-04-16 02:45,1,1,0,0,0,0
2025-04-16 03:00,0,0,0,0,0,0
2025-04-16 03:15,0,0,0,0,0,0
2025-04-16 03:30,2,1,1,0,0,0
2025-04-16 03:45,1,0,1,0,0,0
2025-04-16 04:00,1,1,0,0,0,0
2025-04-16 04:15,5,3,2,0,0,0
2025-04-16 04:30,5,2,3,0,0,0
2025-04-16 04:45,5,1,4,0,0,0
2025-04-16 05:00,7,5,2,0,0,0
2025-04-16 05:15,9,5,4,0,0,0
2025-04-16 05:30,11,3,8,0,0,0
2025-04-16 05:45,24,7,17,0,0,0
2025-04-16 06:00,16,10,6,0,0,0
2025-04-16 06:15,37,22,15,0,0,0
2025-04-16 06:30,58,38,20,0,0,0
2025-04-16 06:45,71,31,40,0,0,0
2025-04-16 07:00,70,44,26,0,0,0
2025-04-16 07:15,92,52,40,0,0,0
2025-04-16 07:30,154,77,77,0,0,0
2025-04-16 07:45,247,91,156,0,0,0
2025-04-16 08:00,361,107,254,0,0,0
2025-04-16 08:15,187,76,111,0,0,0
2025-04-16 08:30,131,53,78,0,0,0
2025-04-16 08:45,142,61,81,0,0,0
2025-04-16 09:00,145,60,85,0,0,0
2025-04-16 09:15,110,49,61,0,0,0
2025-04-16 09:30,117,61,56,0,0,0
2025-04-16 09:45,275,179,96,0,0,0
2025-04-16 10:00,306,125,181,0,0,0
2025-04-16 10:15,131,54,77,0,0,0
2025-04-16 10:30,79,49,30,0,0,0
2025-04-16 10:45,83,47,36,0,0,0
2025-04-16 11:00,111,56,55,0,0,0
2025-04-16 11:15,85,41,44,0,0,0
2025-04-16 11:30,120,50,70,0,0,0
2025-04-16 11:45,287,141,146,0,0,0
2025-04-16 12:00,334,135,199,0,0,0
2025-04-16 12:15,123,59,64,0,0,0
2025-04-16 12:30,159,81,78,0,0,0
2025-04-16 12:45,185,85,100,0,0,0
2025-04-16 13:00,171,77,94,0,0,0
2025-04-16 13:15,189,75,114,0,0,0
2025-04-16 13:30,192,105,87,0,0,0
2025-04-16 13:45,286,144,142,0,0,0
2025-04-16 14:00,226,124,102,0,0,0
2025-04-16 14:15,157,83,74,0,0,0
2025-04-16 14:30,125,61,64,0,0,0
2025-04-16 14:45,124,65,59,0,0,0
2025-04-16 15:00,140,72,68,0,0,0
2025-04-16 15:15,115,65,50,0,0,0
2025-04-16 15:30,147,83,64,0,0,0
2025-04-16 15:45,238,123,115,0,0,0
2025-04-16 16:00,241,128,113,0,0,0
2025-04-16 16:15,183,84,99,0,0,0
2025-04-16 16:30,132,66,66,0,0,0
2025-04-16 16:45,161,99,62,0,0,0
2025-04-16 17:00,171,107,64,0,0,0
2025-04-16 17:15,158,90,68,0,0,0
2025-04-16 17:30,177,104,73,0,0,0
2025-04-16 17:45,212,112,100,0,0,0
2025-04-16 18:00,172,88,84,0,0,0
2025-04-16 18:15,135,70,65,0,0,0
2025-04-16 18:30,93,46,47,0,0,0
2025-04-16 18:45,92,45,47,0,0,0
2025-04-16 19:00,74,40,34,0,0,0
2025-04-16 19:15,71,40,31,0,0,0
2025-04-16 19:30,88,51,37,0,0,0
2025-04-16 19:45,106,57,49,0,0,0
2025-04-16 20:00,78,41,37,0,0,0
2025-04-16 20:15,77,41,36,0,0,0
2025-04-16 20:30,50,14,36,0,0,0
2025-04-16 20:45,58,29,29,0,0,0
2025-04-16 21:00,75,41,34,0,0,0
2025-04-16 21:15,47,24,23,0,0,0
2025-04-16 21:30,41,14,27,0,0,0
2025-04-16 21:45,33,16,17,0,0,0
2025-04-16 22:00,47,28,19,0,0,0
2025-04-16 22:15,54,14,40,0,0,0
2025-04-16 22:30,30,11,19,0,0,0
2025-04-16 22:45,24,12,12,0,0,0
2025-04-16 23:00,33,11,22,0,0,0
2025-04-16 23:15,28,12,16,0,0,0
2025-04-16 23:30,28,6,22,0,0,0
2025-04-16 23:45,20,5,15,0,0,0
2025-04-17 00:00,12,3,9,0,0,0
2025-04-17 00:15,18,1,17,0,0,0
2025-04-17 00:30,8,5,3,0,0,0
2025-04-17 00:45,21,3,18,0,0,0
2025-04-17 01:00,11,1,10,0,0,0
2025-04-17 01:15,13,2,11,0,0,0
2025-04-17 01:30,15,2,13,0,0,0
2025-04-17 01:45,4,0,4,0,0,0
2025-04-17 02:00,12,1,11,0,0,0
2025-04-17 02:15,11,2,9,0,0,0
2025-04-17 02:30,7,0,7,0,0,0
2025-04-17 02:45,7,3,4,0,0,0
2025-04-17 03:00,13,0,13,0,0,0
2025-04-17 03:15,6,2,4,0,0,0
2025-04-17 03:30,6,0,6,0,0,0
2025-04-17 03:45,5,2,3,0,0,0
2025-04-17 04:00,7,1,6,0,0,0
2025-04-17 04:15,4,1,3,0,0,0
2025-04-17 04:30,3,1,2,0,0,0
2025-04-17 04:45,13,7,6,0,0,0
2025-04-17 05:00,7,4,3,0,0,0
2025-04-17 05:15,7,4,3,0,0,0
2025-04-17 05:30,22,6,16,0,0,0
2025-04-17 05:45,13,4,9,0,0,0
2025-04-17 06:00,11,8,3,0,0,0
2025-04-17 06:15,25,18,7,0,0,0
2025-04-17 06:30,48,27,21,0,0,0
2025-04-17 06:45,52,24,28,0,0,0
2025-04-17 07:00,61,34,27,0,0,0
2025-04-17 07:15,74,31,43,0,0,0
2025-04-17 07:30,122,62,60,0,0,0
2025-04-17 07:45,183,64,119,0,0,0
2025-04-17 08:00,219,80,139,0,0,0
2025-04-17 08:15,168,66,102,0,0,0
2025-04-17 08:30,100,44,56,0,0,0
2025-04-17 08:45,131,45,86,0,0,0
2025-04-17 09:00,110,48,62,0,0,0
2025-04-17 09:15,80,33,47,0,0,0
2025-04-17 09:30,90,49,41,0,0,0
2025-04-17 09:45,236,134,102,0,0,0
2025-04-17 10:00,303,86,217,0,0,0
2025-04-17 10:15,90,44,46,0,0,0
2025-04-17 10:30,80,46,34,0,0,0
2025-04-17 10:45,76,41,35,0,0,0
2025-04-17 11:00,65,30,35,0,0,0
2025-04-17 11:15,74,34,40,0,0,0
2025-04-17 11:30,130,40,90,0,0,0
2025-04-17 11:45,330,127,203,0,0,0
2025-04-17 12:00,294,119,175,0,0,0
2025-04-17 12:15,183,91,92,0,0,0
2025-04-17 12:30,145,72,73,0,0,0
2025-04-17 12:45,162,89,73,0,0,0
2025-04-17 13:00,184,92,92,0,0,0
2025-04-17 13:15,189,89,100,0,0,0
2025-04-17 13:30,148,83,65,0,0,0
2025-04-17 13:45,324,185,139,0,0,0
2025-04-17 14:00,259,135,124,0,0,0
2025-04-17 14:15,142,97,45,0,0,0
2025-04-17 14:30,116,74,42,0,0,0
2025-04-17 14:45,109,60,49,0,0,0
2025-04-17 15:00,104,58,46,0,0,0
2025-04-17 15:15,141,81,60,0,0,0
2025-04-17 15:30,133,80,53,0,0,0
2025-04-17 15:45,258,176,82,0,0,0
2025-04-17 16:00,205,114,91,0,0,0
2025-04-17 16:15,133,78,55,0,0,0
2025-04-17 16:30,102,58,44,0,0,0
2025-04-17 16:45,111,75,36,0,0,0
2025-04-17 17:00,116,64,52,0,0,0
2025-04-17 17:15,121,62,59,0,0,0
2025-04-17 17:30,85,43,42,0,0,0
2025-04-17 17:45,159,95,64,0,0,0
2025-04-17 18:00,130,83,47,0,0,0
2025-04-17 18:15,110,54,56,0,0,0
2025-04-17 18:30,92,47,45,0,0,0
2025-04-17 18:45,81,46,35,0,0,0
2025-04-17 19:00,80,40,40,0,0,0
2025-04-17 19:15,68,39,29,0,0,0
2025-04-17 19:30,71,42,29,0,0,0
2025-04-17 19:45,71,28,43,0,0,0
2025-04-17 20:00,69,38,31,0,0,0
2025-04-17 20:15,50,25,25,0,0,0
2025-04-17 20:30,47,17,30,0,0,0
2025-04-17 20:45,30,18,12,0,0,0
2025-04-17 21:00,52,28,24,0,0,0
2025-04-17 21:15,44,27,17,0,0,0
2025-04-17 21:30,47,12,35,0,0,0
2025-04-17 21:45,30,13,17,0,0,0
2025-04-17 22:00,25,11,14,0,0,0
2025-04-17 22:15,31,8,23,0,0,0
2025-04-17 22:30,31,4,27,0,0,0
2025-04-17 22:45,27,3,24,0,0,0
2025-04-17 23:00,28,10,18,0,0,0
2025-04-17 23:15,21,6,15,0,0,0
2025-04-17 23:30,16,5,11,0,0,0
2025-04-17 23:45,18,5,13,0,0,0
2025-04-18 00:00,27,13,14,0,0,0
2025-04-18 00:15,15,9,6,0,0,0
2025-04-18 00:30,15,1,14,0,0,0
2025-04-18 00:45,23,11,12,0,0,0
2025-04-18 01:00,7,3,4,0,0,0
2025-04-18 01:15,13,5,8,0,0,0
2025-04-18 01:30,6,2,4,0,0,0
2025-04-18 01:45,5,2,3,0,0,0
2025-04-18 02:00,5,1,4,0,0,0
2025-04-18 02:15,9,0,9,0,0,0
2025-04-18 02:30,3,0,3,0,0,0
2025-04-18 02:45,4,1,3,0,0,0
2025-04-18 03:00,4,2,2,0,0,0
2025-04-18 03:15,6,0,6,0,0,0
2025-04-18 03:30,3,0,3,0,0,0
2025-04-18 03:45,1,0,1,0,0,0
2025-04-18 04:00,0,0,0,0,0,0
2025-04-18 04:15,4,1,3,0,0,0
2025-04-18 04:30,2,0,2,0,0,0
2025-04-18 04:45,7,2,5,0,0,0
2025-04-18 05:00,2,0,2,0,0,0
2025-04-18 05:15,4,2,2,0,0,0
2025-04-18 05:30,12,3,9,0,0,0
2025-04-18 05:45,6,1,5,0,0,0
2025-04-18 06:00,7,3,4,0,0,0
2025-04-18 06:15,6,5,1,0,0,0
2025-04-18 06:30,5,4,1,0,0,0
2025-04-18 06:45,9,5,4,0,0,0
2025-04-18 07:00,2,0,2,0,0,0
2025-04-18 07:15,6,3,3,0,0,0
2025-04-18 07:30,8,3,5,0,0,0
2025-04-18 07:45,9,3,6,0,0,0
2025-04-18 08:00,7,5,2,0,0,0
2025-04-18 08:15,2,2,0,0,0,0
2025-04-18 08:30,9,6,3,0,0,0
2025-04-18 08:45,11,5,6,0,0,0
2025-04-18 09:00,13,10,3,0,0,0
2025-04-18 09:15,12,6,6,0,0,0
2025-04-18 09:30,21,14,7,0,0,0
2025-04-18 09:45,21,11,10,0,0,0
2025-04-18 10:00,14,7,7,0,0,0
2025-04-18 10:15,20,11,9,0,0,0
2025-04-18 10:30,17,7,10,0,0,0
2025-04-18 10:45,21,12,9,0,0,0
2025-04-18 11:00,20,9,11,0,0,0
2025-04-18 11:15,20,7,13,0,0,0
2025-04-18 11:30,22,8,14,0,0,0
2025-04-18 11:45,19,11,8,0,0,0
2025-04-18 12:00,35,24,11,0,0,0
2025-04-18 12:15,32,15,17,0,0,0
2025-04-18 12:30,20,10,10,0,0,0
2025-04-18 12:45,27,11,16,0,0,0
2025-04-18 13:00,20,11,9,0,0,0
2025-04-18 13:15,24,20,4,0,0,0
2025-04-18 13:30,40,28,12,0,0,0
2025-04-18 13:45,28,12,16,0,0,0
2025-04-18 14:00,27,20,7,0,0,0
2025-04-18 14:15,43,25,18,0,0,0
2025-04-18 14:30,46,30,16,0,0,0
2025-04-18 14:45,42,26,16,0,0,0
2025-04-18 15:00,32,20,12,0,0,0
2025-04-18 15:15,26,16,10,0,0,0
2025-04-18 15:30,29,14,15,0,0,0
2025-04-18 15:45,41,26,15,0,0,0
2025-04-18 16:00,33,23,10,0,0,0
2025-04-18 16:15,23,13,10,0,0,0
2025-04-18 16:30,25,6,19,0,0,0
2025-04-18 16:45,52,24,28,0,0,0
2025-04-18 17:00,34,17,17,0,0,0
2025-04-18 17:15,36,22,14,0,0,0
2025-04-18 17:30,35,12,23,0,0,0
2025-04-18 17:45,24,15,9,0,0,0
2025-04-18 18:00,49,24,25,0,0,0
2025-04-18 18:15,32,19,13,0,0,0
2025-04-18 18:30,21,10,11,0,0,0
2025-04-18 18:45,33,16,17,0,0,0
2025-04-18 19:00,32,12,20,0,0,0
2025-04-18 19:15,28,8,20,0,0,0
2025-04-18 19:30,27,17,10,0,0,0
2025-04-18 19:45,31,13,18,0,0,0
2025-04-18 20:00,24,12,12,0,0,0
2025-04-18 20:15,29,15,14,0,0,0
2025-04-18 20:30,19,8,11,0,0,0
2025-04-18 20:45,24,11,13,0,0,0
2025-04-18 21:00,35,19,16,0,0,0
2025-04-18 21:15,24,12,12,0,0,0
2025-04-18 21:30,22,3,19,0,0,0
2025-04-18 21:45,13,6,7,0,0,0
2025-04-18 22:00,12,3,9,0,0,0
2025-04-18 22:15,10,7,3,0,0,0
2025-04-18 22:30,8,2,6,0,0,0
2025-04-18 22:45,16,4,12,0,0,0
2025-04-18 23:00,12,4,8,0,0,0
2025-04-18 23:15,11,5,6,0,0,0
2025-04-18 23:30,10,4,6,0,0,0
2025-04-18 23:45,8,1,7,0,0,0
2025-04-19 00:00,11,7,4,0,0,0
2025-04-19 00:15,11,4,7,0,0,0
2025-04-19 00:30,7,2,5,0,0,0
2025-04-19 00:45,10,4,6,0,0,0
2025-04-19 01:00,4,3,1,0,0,0
2025-04-19 01:15,6,0,6,0,0,0
2025-04-19 01:30,1,0,1,0,0,0
2025-04-19 01:45,7,0,7,0,0,0
2025-04-19 02:00,9,0,9,0,0,0
2025-04-19 02:15,4,0,4,0,0,0
2025-04-19 02:30,5,4,1,0,0,0
2025-04-19 02:45,2,0,2,0,0,0
2025-04-19 03:00,1,1,0,0,0,0
2025-04-19 03:15,1,1,0,0,0,0
2025-04-19 03:30,2,0,2,0,0,0
2025-04-19 03:45,1,1,0,0,0,0
2025-04-19 04:00,6,2,4,0,0,0
2025-04-19 04:15,3,1,2,0,0,0
2025-04-19 04:30,3,2,1,0,0,0
2025-04-19 04:45,5,2,3,0,0,0
2025-04-19 05:00,4,1,3,0,0,0
2025-04-19 05:15,8,7,1,0,0,0
2025-04-19 05:30,9,2,7,0,0,0
2025-04-19 05:45,11,4,7,0,0,0
2025-04-19 06:00,8,5,3,0,0,0
2025-04-19 06:15,2,2,0,0,0,0
2025-04-19 06:30,8,5,3,0,0,0
2025-04-19 06:45,11,10,1,0,0,0
2025-04-19 07:00,11,8,3,0,0,0
2025-04-19 07:15,8,5,3,0,0,0
2025-04-19 07:30,15,9,6,0,0,0
2025-04-19 07:45,17,11,6,0,0,0
2025-04-19 08:00,10,6,4,0,0,0
2025-04-19 08:15,29,24,5,0,0,0
2025-04-19 08:30,25,15,10,0,0,0
2025-04-19 08:45,17,11,6,0,0,0
2025-04-19 09:00,29,20,9,0,0,0
2025-04-19 09:15,34,22,12,0,0,0
2025-04-19 09:30,43,32,11,0,0,0
2025-04-19 09:45,48,36,12,0,0,0
2025-04-19 10:00,41,32,9,0,0,0
2025-04-19 10:15,44,32,12,0,0,0
2025-04-19 10:30,49,34,15,0,0,0
2025-04-19 10:45,56,34,22,0,0,0
2025-04-19 11:00,54,28,26,0,0,0
2025-04-19 11:15,59,41,18,0,0,0
2025-04-19 11:30,76,50,26,0,0,0
2025-04-19 11:45,69,40,29,0,0,0
2025-04-19 12:00,58,35,23,0,0,0
2025-04-19 12:15,61,28,33,0,0,0
2025-04-19 12:30,66,29,37,0,0,0
2025-04-19 12:45,43,20,23,0,0,0
2025-04-19 13:00,68,41,27,0,0,0
2025-04-19 13:15,61,32,29,0,0,0
2025-04-19 13:30,49,25,24,0,0,0
2025-04-19 13:45,62,27,35,0,0,0
2025-04-19 14:00,60,33,27,0,0,0
2025-04-19 14:15,57,32,25,0,0,0
2025-04-19 14:30,70,25,45,0,0,0
2025-04-19 14:45,59,32,27,0,0,0
2025-04-19 15:00,53,22,31,0,0,0
2025-04-19 15:15,52,20,32,0,0,0
2025-04-19 15:30,51,15,36,0,0,0
2025-04-19 15:45,52,24,28,0,0,0
2025-04-19 16:00,48,28,20,0,0,0
2025-04-19 16:15,35,20,15,0,0,0
2025-04-19 16:30,69,32,37,0,0,0
2025-04-19 16:45,32,15,17,0,0,0
2025-04-19 17:00,54,28,26,0,0,0
2025-04-19 17:15,44,22,22,0,0,0
2025-04-19 17:30,64,30,34,0,0,0
2025-04-19 17:45,41,24,17,0,0,0
2025-04-19 18:00,47,25,22,0,0,0
2025-04-19 18:15,42,23,19,0,0,0
2025-04-19 18:30,38,19,19,0,0,0
2025-04-19 18:45,51,29,22,0,0,0
2025-04-19 19:00,44,21,23,0,0,0
2025-04-19 19:15,42,19,23,0,0,0
2025-04-19 19:30,24,13,11,0,0,0
2025-04-19 19:45,43,16,27,0,0,0
2025-04-19 20:00,39,18,21,0,0,0
2025-04-19 20:15,48,18,30,0,0,0
2025-04-19 20:30,43,18,25,0,0,0
2025-04-19 20:45,38,22,16,0,0,0
2025-04-19 21:00,30,21,9,0,0,0
2025-04-19 21:15,18,9,9,0,0,0
2025-04-19 21:30,21,13,8,0,0,0
2025-04-19 21:45,27,18,9,0,0,0
2025-04-19 22:00,21,7,14,0,0,0
2025-04-19 22:15,28,10,18,0,0,0
2025-04-19 22:30,24,4,20,0,0,0
2025-04-19 22:45,11,2,9,0,0,0
2025-04-19 23:00,14,7,7,0,0,0
2025-04-19 23:15,20,5,15,0,0,0
2025-04-19 23:30,16,8,8,0,0,0
2025-04-19 23:45,12,3,9,0,0,0
2025-04-20 00:00,17,1,16,0,0,0
2025-04-20 00:15,13,3,10,0,0,0
2025-04-20 00:30,9,3,6,0,0,0
2025-04-20 00:45,18,7,11,0,0,0
2025-04-20 01:00,5,1,4,0,0,0
2025-04-20 01:15,23,15,8,0,0,0
2025-04-20 01:30,11,0,11,0,0,0
2025-04-20 01:45,7,0,7,0,0,0
2025-04-20 02:00,10,1,9,0,0,0
2025-04-20 02:15,10,2,8,0,0,0
2025-04-20 02:30,4,1,3,0,0,0
2025-04-20 02:45,5,1,4,0,0,0
2025-04-20 03:00,5,2,3,0,0,0
2025-04-20 03:15,3,0,3,0,0,0
2025-04-20 03:30,8,3,5,0,0,0
2025-04-20 03:45,4,1,3,0,0,0
2025-04-20 04:00,3,0,3,0,0,0
2025-04-20 04:15,0,0,0,0,0,0
2025-04-20 04:30,9,3,6,0,0,0
2025-04-20 04:45,2,0,2,0,0,0
2025-04-20 05:00,2,0,2,0,0,0
2025-04-20 05:15,3,2,1,0,0,0
2025-04-20 05:30,13,5,8,0,0,0
2025-04-20 05:45,8,1,7,0,0,0
2025-04-20 06:00,4,2,2,0,0,0
2025-04-20 06:15,5,2,3,0,0,0
2025-04-20 06:30,5,3,2,0,0,0
2025-04-20 06:45,3,2,1,0,0,0
2025-04-20 07:00,3,1,2,0,0,0
2025-04-20 07:15,6,3,3,0,0,0
2025-04-20 07:30,11,3,8,0,0,0
2025-04-20 07:45,13,3,10,0,0,0
2025-04-20 08:00,10,5,5,0,0,0
2025-04-20 08:15,9,4,5,0,0,0
2025-04-20 08:30,14,14,0,0,0,0
2025-04-20 08:45,12,4,8,0,0,0
2025-04-20 09:00,13,7,6,0,0,0
2025-04-20 09:15,11,7,4,0,0,0
2025-04-20 09:30,23,14,9,0,0,0
2025-04-20 09:45,30,18,12,0,0,0
2025-04-20 10:00,22,13,9,0,0,0
2025-04-20 10:15,20,15,5,0,0,0
2025-04-20 10:30,24,7,17,0,0,0
2025-04-20 10:45,27,10,17,0,0,0
2025-04-20 11:00,26,10,16,0,0,0
2025-04-20 11:15,42,24,18,0,0,0
2025-04-20 11:30,29,16,13,0,0,0
2025-04-20 11:45,27,8,19,0,0,0
2025-04-20 12:00,38,17,21,0,0,0
2025-04-20 12:15,39,11,28,0,0,0
2025-04-20 12:30,30,10,20,0,0,0
2025-04-20 12:45,35,25,10,0,0,0
2025-04-20 13:00,33,20,13,0,0,0
2025-04-20 13:15,28,19,9,0,0,0
2025-04-20 13:30,24,17,7,0,0,0
2025-04-20 13:45,33,12,21,0,0,0
2025-04-20 14:00,34,22,12,0,0,0
2025-04-20 14:15,41,27,14,0,0,0
2025-04-20 14:30,47,27,20,0,0,0
2025-04-20 14:45,49,24,25,0,0,0
2025-04-20 15:00,42,22,20,0,0,0
2025-04-20 15:15,41,24,17,0,0,0
2025-04-20 15:30,33,10,23,0,0,0
2025-04-20 15:45,46,31,15,0,0,0
2025-04-20 16:00,38,23,15,0,0,0
2025-04-20 16:15,30,18,12,0,0,0
2025-04-20 16:30,25,10,15,0,0,0
2025-04-20 16:45,39,21,18,0,0,0
2025-04-20 17:00,38,20,18,0,0,0
2025-04-20 17:15,41,17,24,0,0,0
2025-04-20 17:30,26,14,12,0,0,0
2025-04-20 17:45,38,21,17,0,0,0
2025-04-20 18:00,42,25,17,0,0,0
2025-04-20 18:15,48,24,24,0,0,0
2025-04-20 18:30,30,11,19,0,0,0
2025-04-20 18:45,38,24,14,0,0,0
2025-04-20 19:00,36,16,20,0,0,0
2025-04-20 19:15,43,15,28,0,0,0
2025-04-20 19:30,23,11,12,0,0,0
2025-04-20 19:45,32,22,10,0,0,0
2025-04-20 20:00,23,10,13,0,0,0
2025-04-20 20:15,25,13,12,0,0,0
2025-04-20 20:30,41,26,15,0,0,0
2025-04-20 20:45,15,7,8,0,0,0
2025-04-20 21:00,20,13,7,0,0,0
2025-04-20 21:15,30,12,18,0,0,0
2025-04-20 21:30,25,18,7,0,0,0
2025-04-20 21:45,10,6,4,0,0,0
2025-04-20 22:00,14,8,6,0,0,0
2025-04-20 22:15,9,4,5,0,0,0
2025-04-20 22:30,35,10,25,0,0,0
2025-04-20 22:45,11,6,5,0,0,0
2025-04-20 23:00,7,0,7,0,0,0
2025-04-20 23:15,7,4,3,0,0,0
2025-04-20 23:30,7,5,2,0,0,0
2025-04-20 23:45,4,0,4,0,0,0
2025-04-21 00:00,3,0,3,0,0,0
2025-04-21 00:15,6,1,5,0,0,0
2025-04-21 00:30,3,2,1,0,0,0
2025-04-21 00:45,4,2,2,0,0,0
2025-04-21 01:00,5,1,4,0,0,0
2025-04-21 01:15,12,6,6,0,0,0
2025-04-21 01:30,1,0,1,0,0,0
2025-04-21 01:45,3,0,3,0,0,0
2025-04-21 02:00,1,0,1,0,0,0
2025-04-21 02:15,0,0,0,0,0,0
2025-04-21 02:30,0,0,0,0,0,0
2025-04-21 02:45,0,0,0,0,0,0
2025-04-21 03:00,1,0,1,0,0,0
2025-04-21 03:15,1,0,1,0,0,0
2025-04-21 03:30,1,0,1,0,0,0
2025-04-21 03:45,0,0,0,0,0,0
2025-04-21 04:00,0,0,0,0,0,0
2025-04-21 04:15,0,0,0,0,0,0
2025-04-21 04:30,3,1,2,0,0,0
2025-04-21 04:45,6,1,5,0,0,0
2025-04-21 05:00,3,1,2,0,0,0
2025-04-21 05:15,3,1,2,0,0,0
2025-04-21 05:30,6,0,6,0,0,0
2025-04-21 05:45,10,1,9,0,0,0
2025-04-21 06:00,4,0,4,0,0,0
2025-04-21 06:15,3,1,2,0,0,0
2025-04-21 06:30,3,1,2,0,0,0
2025-04-21 06:45,8,4,4,0,0,0
2025-04-21 07:00,2,0,2,0,0,0
2025-04-21 07:15,1,0,1,0,0,0
2025-04-21 07:30,7,3,4,0,0,0
2025-04-21 07:45,7,4,3,0,0,0
2025-04-21 08:00,11,6,5,0,0,0
2025-04-21 08:15,12,4,8,0,0,0
2025-04-21 08:30,5,3,2,0,0,0
2025-04-21 08:45,7,3,4,0,0,0
2025-04-21 09:00,9,6,3,0,0,0
2025-04-21 09:15,10,6,4,0,0,0
2025-04-21 09:30,16,11,5,0,0,0
2025-04-21 09:45,18,13,5,0,0,0
2025-04-21 10:00,19,12,7,0,0,0
2025-04-21 10:15,26,17,9,0,0,0
2025-04-21 10:30,24,15,9,0,0,0
2025-04-21 10:45,24,11,13,0,0,0
2025-04-21 11:00,28,10,18,0,0,0
2025-04-21 11:15,31,12,19,0,0,0
2025-04-21 11:30,25,11,14,0,0,0
2025-04-21 11:45,41,19,22,0,0,0
2025-04-21 12:00,43,22,21,0,0,0
2025-04-21 12:15,41,22,19,0,0,0
2025-04-21 12:30,58,30,28,0,0,0
2025-04-21 12:45,49,28,21,0,0,0
2025-04-21 13:00,38,16,22,0,0,0
2025-04-21 13:15,33,15,18,0,0,0
2025-04-21 13:30,57,31,26,0,0,0
2025-04-21 13:45,47,23,24,0,0,0
2025-04-21 14:00,37,17,20,0,0,0
2025-04-21 14:15,54,37,17,0,0,0
2025-04-21 14:30,49,28,21,0,0,0
2025-04-21 14:45,42,29,13,0,0,0
2025-04-21 15:00,40,34,6,0,0,0
2025-04-21 15:15,60,33,27,0,0,0
2025-04-21 15:30,39,26,13,0,0,0
2025-04-21 15:45,46,26,20,0,0,0
2025-04-21 16:00,43,21,22,0,0,0
2025-04-21 16:15,32,12,20,0,0,0
2025-04-21 16:30,38,19,19,0,0,0
2025-04-21 16:45,42,24,18,0,0,0
2025-04-21 17:00,30,14,16,0,0,0
2025-04-21 17:15,35,16,19,0,0,0
2025-04-21 17:30,36,12,24,0,0,0
2025-04-21 17:45,32,16,16,0,0,0
2025-04-21 18:00,45,25,20,0,0,0
2025-04-21 18:15,40,17,23,0,0,0
2025-04-21 18:30,35,21,14,0,0,0
2025-04-21 18:45,34,17,17,0,0,0
2025-04-21 19:00,33,11,22,0,0,0
2025-04-21 19:15,25,10,15,0,0,0
2025-04-21 19:30,28,9,19,0,0,0
2025-04-21 19:45,31,11,20,0,0,0
2025-04-21 20:00,33,21,12,0,0,0
2025-04-21 20:15,13,3,10,0,0,0
2025-04-21 20:30,24,13,11,0,0,0
2025-04-21 20:45,31,13,18,0,0,0
2025-04-21 21:00,26,15,11,0,0,0
2025-04-21 21:15,30,20,10,0,0,0
2025-04-21 21:30,15,1,14,0,0,0
2025-04-21 21:45,17,2,15,0,0,0
2025-04-21 22:00,23,9,14,0,0,0
2025-04-21 22:15,16,5,11,0,0,0
2025-04-21 22:30,28,4,24,0,0,0
2025-04-21 22:45,10,4,6,0,0,0
2025-04-21 23:00,13,4,9,0,0,0
2025-04-21 23:15,3,1,2,0,0,0
2025-04-21 23:30,11,5,6,0,0,0
2025-04-21 23:45,5,1,4,0,0,0
2025-04-22 00:00,6,1,5,0,0,0
2025-04-22 00:15,5,0,5,0,0,0
2025-04-22 00:30,9,3,6,0,0,0
2025-04-22 00:45,0,0,0,0,0,0
2025-04-22 01:00,3,0,3,0,0,0
2025-04-22 01:15,1,0,1,0,0,0
2025-04-22 01:30,1,0,1,0,0,0
2025-04-22 01:45,7,6,1,0,0,0
2025-04-22 02:00,3,1,2,0,0,0
2025-04-22 02:15,1,1,0,0,0,0
2025-04-22 02:30,0,0,0,0,0,0
2025-04-22 02:45,0,0,0,0,0,0
2025-04-22 03:00,0,0,0,0,0,0
2025-04-22 03:15,0,0,0,0,0,0
2025-04-22 03:30,0,0,0,0,0,0
2025-04-22 03:45,3,2,1,0,0,0
2025-04-22 04:00,1,1,0,0,0,0
2025-04-22 04:15,4,3,1,0,0,0
2025-04-22 04:30,4,3,1,0,0,0
2025-04-22 04:45,5,2,3,0,0,0
2025-04-22 05:00,8,5,3,0,0,0
2025-04-22 05:15,9,5,4,0,0,0
2025-04-22 05:30,21,7,14,0,0,0
2025-04-22 05:45,15,3,12,0,0,0
2025-04-22 06:00,15,12,3,0,0,0
2025-04-22 06:15,23,14,9,0,0,0
2025-04-22 06:30,45,20,25,0,0,0
2025-04-22 06:45,67,28,39,0,0,0
2025-04-22 07:00,70,35,35,0,0,0
2025-04-22 07:15,79,37,42,0,0,0
2025-04-22 07:30,111,55,56,0,0,0
2025-04-22 07:45,192,70,122,0,0,0
2025-04-22 08:00,294,112,182,0,0,0
2025-04-22 08:15,190,61,129,0,0,0
2025-04-22 08:30,125,55,70,0,0,0
2025-04-22 08:45,127,55,72,0,0,0
2025-04-22 09:00,134,61,73,0,0,0
2025-04-22 09:15,85,38,47,0,0,0
2025-04-22 09:30,108,50,58,0,0,0
2025-04-22 09:45,237,125,112,0,0,0
2025-04-22 10:00,323,114,209,0,0,0
2025-04-22 10:15,92,37,55,0,0,0
2025-04-22 10:30,79,50,29,0,0,0
2025-04-22 10:45,66,41,25,0,0,0
2025-04-22 11:00,73,29,44,0,0,0
2025-04-22 11:15,91,39,52,0,0,0
2025-04-22 11:30,176,70,106,0,0,0
2025-04-22 11:45,365,156,209,0,0,0
2025-04-22 12:00,319,113,206,0,0,0
2025-04-22 12:15,173,77,96,0,0,0
2025-04-22 12:30,131,68,63,0,0,0
2025-04-22 12:45,150,75,75,0,0,0
2025-04-22 13:00,221,80,141,0,0,0
2025-04-22 13:15,147,67,80,0,0,0
2025-04-22 13:30,174,81,93,0,0,0
2025-04-22 13:45,362,241,121,0,0,0
2025-04-22 14:00,249,133,116,0,0,0
2025-04-22 14:15,134,82,52,0,0,0
2025-04-22 14:30,119,73,46,0,0,0
2025-04-22 14:45,116,60,56,0,0,0
2025-04-22 15:00,111,67,44,0,0,0
2025-04-22 15:15,138,78,60,0,0,0
2025-04-22 15:30,138,80,58,0,0,0
2025-04-22 15:45,310,169,141,0,0,0
2025-04-22 16:00,243,132,111,0,0,0
2025-04-22 16:15,170,92,78,0,0,0
2025-04-22 16:30,166,95,71,0,0,0
2025-04-22 16:45,167,96,71,0,0,0
2025-04-22 17:00,176,112,64,0,0,0
2025-04-22 17:15,151,94,57,0,0,0
2025-04-22 17:30,173,90,83,0,0,0
2025-04-22 17:45,230,119,111,0,0,0
2025-04-22 18:00,191,93,98,0,0,0
2025-04-22 18:15,130,49,81,0,0,0
2025-04-22 18:30,135,74,61,0,0,0
2025-04-22 18:45,128,64,64,0,0,0
2025-04-22 19:00,111,47,64,0,0,0
2025-04-22 19:15,115,53,62,0,0,0
2025-04-22 19:30,90,50,40,0,0,0
2025-04-22 19:45,107,52,55,0,0,0
2025-04-22 20:00,101,47,54,0,0,0
2025-04-22 20:15,71,25,46,0,0,0
2025-04-22 20:30,63,26,37,0,0,0
2025-04-22 20:45,61,23,38,0,0,0
2025-04-22 21:00,59,34,25,0,0,0
2025-04-22 21:15,46,24,22,0,0,0
2025-04-22 21:30,43,16,27,0,0,0
2025-04-22 21:45,31,11,20,0,0,0
2025-04-22 22:00,51,18,33,0,0,0
2025-04-22 22:15,52,29,23,0,0,0
2025-04-22 22:30,31,9,22,0,0,0
2025-04-22 22:45,29,8,21,0,0,0
2025-04-22 23:00,36,7,29,0,0,0
2025-04-22 23:15,25,7,18,0,0,0
2025-04-22 23:30,14,1,13,0,0,0
2025-04-22 23:45,11,6,5,0,0,0
2025-04-23 00:00,15,3,12,0,0,0
2025-04-23 00:15,3,2,1,0,0,0
2025-04-23 00:30,10,4,6,0,0,0
2025-04-23 00:45,2,0,2,0,0,0
2025-04-23 01:00,7,2,5,0,0,0
2025-04-23 01:15,12,3,9,0,0,0
2025-04-23 01:30,4,1,3,0,0,0
2025-04-23 01:45,2,1,1,0,0,0
2025-04-23 02:00,3,0,3,0,0,0
2025-04-23 02:15,3,1,2,0,0,0
2025-04-23 02:30,5,2,3,0,0,0
2025-04-23 02:45,0,0,0,0,0,0
2025-04-23 03:00,0,0,0,0,0,0
2025-04-23 03:15,2,0,2,0,0,0
2025-04-23 03:30,3,0,3,0,0,0
2025-04-23 03:45,0,0,0,0,0,0
2025-04-23 04:00,1,0,1,0,0,0
2025-04-23 04:15,3,2,1,0,0,0
2025-04-23 04:30,4,2,2,0,0,0
2025-04-23 04:45,8,2,6,0,0,0
2025-04-23 05:00,7,3,4,0,0,0
2025-04-23 05:15,8,6,2,0,0,0
2025-04-23 05:30,18,7,11,0,0,0
2025-04-23 05:45,12,4,8,0,0,0
2025-04-23 06:00,19,12,7,0,0,0
2025-04-23 06:15,37,22,15,0,0,0
2025-04-23 06:30,47,19,28,0,0,0
2025-04-23 06:45,69,38,31,0,0,0
2025-04-23 07:00,70,41,29,0,0,0
2025-04-23 07:15,101,56,45,0,0,0
2025-04-23 07:30,133,69,64,0,0,0
2025-04-23 07:45,234,86,148,0,0,0
2025-04-23 08:00,305,95,210,0,0,0
2025-04-23 08:15,217,67,150,0,0,0
2025-04-23 08:30,103,38,65,0,0,0
2025-04-23 08:45,156,45,111,0,0,0
2025-04-23 09:00,115,42,73,0,0,0
2025-04-23 09:15,80,37,43,0,0,0
2025-04-23 09:30,92,37,55,0,0,0
2025-04-23 09:45,189,129,60,0,0,0
2025-04-23 10:00,251,98,153,0,0,0
2025-04-23 10:15,91,38,53,0,0,0
2025-04-23 10:30,62,34,28,0,0,0
2025-04-23 10:45,82,38,44,0,0,0
2025-04-23 11:00,102,50,52,0,0,0
2025-04-23 11:15,93,47,46,0,0,0
2025-04-23 11:30,108,49,59,0,0,0
2025-04-23 11:45,260,144,116,0,0,0
2025-04-23 12:00,317,116,201,0,0,0
2025-04-23 12:15,161,77,84,0,0,0
2025-04-23 12:30,162,88,74,0,0,0
2025-04-23 12:45,168,83,85,0,0,0
2025-04-23 13:00,177,90,87,0,0,0
2025-04-23 13:15,160,74,86,0,0,0
2025-04-23 13:30,143,93,50,0,0,0
2025-04-23 13:45,281,184,97,0,0,0
2025-04-23 14:00,246,122,124,0,0,0
2025-04-23 14:15,142,84,58,0,0,0
2025-04-23 14:30,118,67,51,0,0,0
2025-04-23 14:45,119,59,60,0,0,0
2025-04-23 15:00,111,63,48,0,0,0
2025-04-23 15:15,143,87,56,0,0,0
2025-04-23 15:30,113,65,48,0,0,0
2025-04-23 15:45,236,113,123,0,0,0
2025-04-23 16:00,204,108,96,0,0,0
2025-04-23 16:15,135,80,55,0,0,0
2025-04-23 16:30,93,52,41,0,0,0
2025-04-23 16:45,133,78,55,0,0,0
2025-04-23 17:00,174,89,85,0,0,0
2025-04-23 17:15,163,91,72,0,0,0
2025-04-23 17:30,138,72,66,0,0,0
2025-04-23 17:45,186,96,90,0,0,0
2025-04-23 18:00,179,92,87,0,0,0
2025-04-23 18:15,77,36,41,0,0,0
2025-04-23 18:30,68,37,31,0,0,0
2025-04-23 18:45,101,66,35,0,0,0
2025-04-23 19:00,81,46,35,0,0,0
2025-04-23 19:15,74,42,32,0,0,0
2025-04-23 19:30,83,41,42,0,0,0
2025-04-23 19:45,109,43,66,0,0,0
2025-04-23 20:00,53,30,23,0,0,0
2025-04-23 20:15,63,29,34,0,0,0
2025-04-23 20:30,77,41,36,0,0,0
2025-04-23 20:45,52,38,14,0,0,0
2025-04-23 21:00,59,43,16,0,0,0
2025-04-23 21:15,35,21,14,0,0,0
2025-04-23 21:30,56,32,24,0,0,0
2025-04-23 21:45,48,25,23,0,0,0
2025-04-23 22:00,45,21,24,0,0,0
2025-04-23 22:15,57,28,29,0,0,0
2025-04-23 22:30,29,7,22,0,0,0
2025-04-23 22:45,39,14,25,0,0,0
2025-04-23 23:00,26,11,15,0,0,0
2025-04-23 23:15,25,12,13,0,0,0
2025-04-23 23:30,27,14,13,0,0,0
2025-04-23 23:45,23,10,13,0,0,0
2025-04-24 00:00,29,16,13,0,0,0
2025-04-24 00:15,10,2,8,0,0,0
2025-04-24 00:30,10,4,6,0,0,0
2025-04-24 00:45,9,3,6,0,0,0
2025-04-24 01:00,15,2,13,0,0,0
2025-04-24 01:15,15,4,11,0,0,0
2025-04-24 01:30,7,1,6,0,0,0
2025-04-24 01:45,12,1,11,0,0,0
2025-04-24 02:00,14,0,14,0,0,0
2025-04-24 02:15,12,1,11,0,0,0
2025-04-24 02:30,15,2,13,0,0,0
2025-04-24 02:45,14,2,12,0,0,0
2025-04-24 03:00,21,1,20,0,0,0
2025-04-24 03:15,16,2,14,0,0,0
2025-04-24 03:30,11,2,9,0,0,0
2025-04-24 03:45,7,0,7,0,0,0
2025-04-24 04:00,20,1,19,0,0,0
2025-04-24 04:15,10,3,7,0,0,0
2025-04-24 04:30,7,1,6,0,0,0
2025-04-24 04:45,9,2,7,0,0,0
2025-04-24 05:00,10,4,6,0,0,0
2025-04-24 05:15,9,1,8,0,0,0
2025-04-24 05:30,15,1,14,0,0,0
2025-04-24 05:45,13,6,7,0,0,0
2025-04-24 06:00,13,10,3,0,0,0
2025-04-24 06:15,20,10,10,0,0,0
2025-04-24 06:30,37,16,21,0,0,0
2025-04-24 06:45,45,25,20,0,0,0
2025-04-24 07:00,60,28,32,0,0,0
2025-04-24 07:15,61,26,35,0,0,0
2025-04-24 07:30,65,20,45,0,0,0
2025-04-24 07:45,152,61,91,0,0,0
2025-04-24 08:00,201,66,135,0,0,0
2025-04-24 08:15,155,48,107,0,0,0
2025-04-24 08:30,81,36,45,0,0,0
2025-04-24 08:45,128,42,86,0,0,0
2025-04-24 09:00,91,27,64,0,0,0
2025-04-24 09:15,53,21,32,0,0,0
2025-04-24 09:30,63,34,29,0,0,0
2025-04-24 09:45,159,76,83,0,0,0
2025-04-24 10:00,233,79,154,0,0,0
2025-04-24 10:15,74,26,48,0,0,0
2025-04-24 10:30,35,20,15,0,0,0
2025-04-24 10:45,43,19,24,0,0,0
2025-04-24 11:00,46,18,28,0,0,0
2025-04-24 11:15,36,17,19,0,0,0
2025-04-24 11:30,67,31,36,0,0,0
2025-04-24 11:45,204,77,127,0,0,0
2025-04-24 12:00,242,85,157,0,0,0
2025-04-24 12:15,149,55,94,0,0,0
2025-04-24 12:30,116,58,58,0,0,0
2025-04-24 12:45,127,65,62,0,0,0
2025-04-24 13:00,172,74,98,0,0,0
2025-04-24 13:15,111,51,60,0,0,0
2025-04-24 13:30,110,64,46,0,0,0
2025-04-24 13:45,250,152,98,0,0,0
2025-04-24 14:00,190,104,86,0,0,0
2025-04-24 14:15,106,58,48,0,0,0
2025-04-24 14:30,81,48,33,0,0,0
2025-04-24 14:45,76,51,25,0,0,0
2025-04-24 15:00,78,49,29,0,0,0
2025-04-24 15:15,84,53,31,0,0,0
2025-04-24 15:30,116,70,46,0,0,0
2025-04-24 15:45,219,143,76,0,0,0
2025-04-24 16:00,191,128,63,0,0,0
2025-04-24 16:15,102,57,45,0,0,0
2025-04-24 16:30,84,45,39,0,0,0
2025-04-24 16:45,100,63,37,0,0,0
2025-04-24 17:00,105,70,35,0,0,0
2025-04-24 17:15,111,67,44,0,0,0
2025-04-24 17:30,120,60,60,0,0,0
2025-04-24 17:45,135,73,62,0,0,0
2025-04-24 18:00,147,77,70,0,0,0
2025-04-24 18:15,85,43,42,0,0,0
2025-04-24 18:30,84,45,39,0,0,0
2025-04-24 18:45,84,45,39,0,0,0
2025-04-24 19:00,79,36,43,0,0,0
2025-04-24 19:15,59,30,29,0,0,0
2025-04-24 19:30,60,31,29,0,0,0
2025-04-24 19:45,72,29,43,0,0,0
2025-04-24 20:00,74,38,36,0,0,0
2025-04-24 20:15,52,29,23,0,0,0
2025-04-24 20:30,26,11,15,0,0,0
2025-04-24 20:45,19,9,10,0,0,0
2025-04-24 21:00,39,28,11,0,0,0
2025-04-24 21:15,40,24,16,0,0,0
2025-04-24 21:30,33,17,16,0,0,0
2025-04-24 21:45,23,7,16,0,0,0
2025-04-24 22:00,23,6,17,0,0,0
2025-04-24 22:15,38,21,17,0,0,0
2025-04-24 22:30,32,6,26,0,0,0
2025-04-24 22:45,33,6,27,0,0,0
2025-04-24 23:00,28,11,17,0,0,0
2025-04-24 23:15,22,7,15,0,0,0
2025-04-24 23:30,21,2,19,0,0,0
2025-04-24 23:45,24,11,13,0,0,0
2025-04-25 00:00,15,4,11,0,0,0
2025-04-25 00:15,7,1,6,0,0,0
2025-04-25 00:30,8,2,6,0,0,0
2025-04-25 00:45,7,5,2,0,0,0
2025-04-25 01:00,6,1,5,0,0,0
2025-04-25 01:15,3,2,1,0,0,0
2025-04-25 01:30,0,0,0,0,0,0
2025-04-25 01:45,1,0,1,0,0,0
2025-04-25 02:00,8,4,4,0,0,0
2025-04-25 02:15,1,1,0,0,0,0
2025-04-25 02:30,1,1,0,0,0,0
2025-04-25 02:45,4,3,1,0,0,0
2025-04-25 03:00,0,0,0,0,0,0
2025-04-25 03:15,3,1,2,0,0,0
2025-04-25 03:30,1,0,1,0,0,0
2025-04-25 03:45,1,0,1,0,0,0
2025-04-25 04:00,1,1,0,0,0,0
2025-04-25 04:15,2,0,2,0,0,0
2025-04-25 04:30,2,2,0,0,0,0
2025-04-25 04:45,6,3,3,0,0,0
2025-04-25 05:00,7,3,4,0,0,0
2025-04-25 05:15,7,5,2,0,0,0
2025-04-25 05:30,20,6,14,0,0,0
2025-04-25 05:45,16,6,10,0,0,0
2025-04-25 06:00,17,8,9,0,0,0
2025-04-25 06:15,25,14,11,0,0,0
2025-04-25 06:30,46,23,23,0,0,0
2025-04-25 06:45,56,27,29,0,0,0
2025-04-25 07:00,54,24,30,0,0,0
2025-04-25 07:15,80,45,35,0,0,0
2025-04-25 07:30,93,41,52,0,0,0
2025-04-25 07:45,143,46,97,0,0,0
2025-04-25 08:00,227,82,145,0,0,0
2025-04-25 08:15,159,56,103,0,0,0
2025-04-25 08:30,100,58,42,0,0,0
2025-04-25 08:45,130,53,77,0,0,0
2025-04-25 09:00,106,42,64,0,0,0
2025-04-25 09:15,97,42,55,0,0,0
2025-04-25 09:30,94,48,46,0,0,0
2025-04-25 09:45,188,77,111,0,0,0
2025-04-25 10:00,223,91,132,0,0,0
2025-04-25 10:15,96,50,46,0,0,0
2025-04-25 10:30,79,38,41,0,0,0
2025-04-25 10:45,89,56,33,0,0,0
2025-04-25 11:00,66,27,39,0,0,0
2025-04-25 11:15,84,39,45,0,0,0
2025-04-25 11:30,122,71,51,0,0,0
2025-04-25 11:45,266,149,117,0,0,0
2025-04-25 12:00,206,83,123,0,0,0
2025-04-25 12:15,205,94,111,0,0,0
2025-04-25 12:30,140,83,57,0,0,0
2025-04-25 12:45,166,75,91,0,0,0
2025-04-25 13:00,164,94,70,0,0,0
2025-04-25 13:15,151,73,78,0,0,0
2025-04-25 13:30,159,99,60,0,0,0
2025-04-25 13:45,210,143,67,0,0,0
2025-04-25 14:00,162,91,71,0,0,0
2025-04-25 14:15,148,88,60,0,0,0
2025-04-25 14:30,124,75,49,0,0,0
2025-04-25 14:45,123,69,54,0,0,0
2025-04-25 15:00,130,76,54,0,0,0
2025-04-25 15:15,111,65,46,0,0,0
2025-04-25 15:30,160,89,71,0,0,0
2025-04-25 15:45,158,97,61,0,0,0
2025-04-25 16:00,141,80,61,0,0,0
2025-04-25 16:15,105,69,36,0,0,0
2025-04-25 16:30,97,54,43,0,0,0
2025-04-25 16:45,128,68,60,0,0,0
2025-04-25 17:00,117,76,41,0,0,0
2025-04-25 17:15,112,59,53,0,0,0
2025-04-25 17:30,111,56,55,0,0,0
2025-04-25 17:45,133,67,66,0,0,0
2025-04-25 18:00,137,65,72,0,0,0
2025-04-25 18:15,89,40,49,0,0,0
2025-04-25 18:30,81,44,37,0,0,0
2025-04-25 18:45,99,65,34,0,0,0
2025-04-25 19:00,87,51,36,0,0,0
2025-04-25 19:15,79,41,38,0,0,0
2025-04-25 19:30,63,24,39,0,0,0
2025-04-25 19:45,73,45,28,0,0,0
2025-04-25 20:00,78,34,44,0,0,0
2025-04-25 20:15,58,23,35,0,0,0
2025-04-25 20:30,44,23,21,0,0,0
2025-04-25 20:45,52,24,28,0,0,0
2025-04-25 21:00,60,28,32,0,0,0
2025-04-25 21:15,53,27,26,0,0,0
2025-04-25 21:30,26,14,12,0,0,0
2025-04-25 21:45,46,11,35,0,0,0
2025-04-25 22:00,60,18,42,0,0,0
2025-04-25 22:15,40,11,29,0,0,0
2025-04-25 22:30,53,21,32,0,0,0
2025-04-25 22:45,39,14,25,0,0,0
2025-04-25 23:00,38,10,28,0,0,0
2025-04-25 23:15,36,10,26,0,0,0
2025-04-25 23:30,25,14,11,0,0,0
2025-04-25 23:45,25,6,19,0,0,0
2025-04-26 00:00,32,13,19,0,0,0
2025-04-26 00:15,26,9,17,0,0,0
2025-04-26 00:30,26,12,14,0,0,0
2025-04-26 00:45,25,2,23,0,0,0
2025-04-26 01:00,13,3,10,0,0,0
2025-04-26 01:15,29,10,19,0,0,0
2025-04-26 01:30,18,2,16,0,0,0
2025-04-26 01:45,15,1,14,0,0,0
2025-04-26 02:00,10,3,7,0,0,0
2025-04-26 02:15,8,0,8,0,0,0
2025-04-26 02:30,13,6,7,0,0,0
2025-04-26 02:45,11,2,9,0,0,0
2025-04-26 03:00,15,5,10,0,0,0
2025-04-26 03:15,12,3,9,0,0,0
2025-04-26 03:30,16,4,12,0,0,0
2025-04-26 03:45,11,7,4,0,0,0
2025-04-26 04:00,10,3,7,0,0,0
2025-04-26 04:15,11,2,9,0,0,0
2025-04-26 04:30,6,2,4,0,0,0
2025-04-26 04:45,5,2,3,0,0,0
2025-04-26 05:00,4,1,3,0,0,0
2025-04-26 05:15,2,2,0,0,0,0
2025-04-26 05:30,12,4,8,0,0,0
2025-04-26 05:45,14,5,9,0,0,0
2025-04-26 06:00,8,4,4,0,0,0
2025-04-26 06:15,8,2,6,0,0,0
2025-04-26 06:30,9,7,2,0,0,0
2025-04-26 06:45,9,3,6,0,0,0
2025-04-26 07:00,4,3,1,0,0,0
2025-04-26 07:15,4,3,1,0,0,0
2025-04-26 07:30,15,6,9,0,0,0
2025-04-26 07:45,19,12,7,0,0,0
2025-04-26 08:00,18,12,6,0,0,0
2025-04-26 08:15,26,21,5,0,0,0
2025-04-26 08:30,27,15,12,0,0,0
2025-04-26 08:45,41,25,16,0,0,0
2025-04-26 09:00,40,33,7,0,0,0
2025-04-26 09:15,45,27,18,0,0,0
2025-04-26 09:30,41,27,14,0,0,0
2025-04-26 09:45,66,51,15,0,0,0
2025-04-26 10:00,58,32,26,0,0,0
2025-04-26 10:15,56,34,22,0,0,0
2025-04-26 10:30,63,43,20,0,0,0
2025-04-26 10:45,76,45,31,0,0,0
2025-04-26 11:00,70,37,33,0,0,0
2025-04-26 11:15,57,37,20,0,0,0
2025-04-26 11:30,104,61,43,0,0,0
2025-04-26 11:45,78,43,35,0,0,0
2025-04-26 12:00,92,51,41,0,0,0
2025-04-26 12:15,89,53,36,0,0,0
2025-04-26 12:30,59,35,24,0,0,0
2025-04-26 12:45,95,48,47,0,0,0
2025-04-26 13:00,68,35,33,0,0,0
2025-04-26 13:15,90,43,47,0,0,0
2025-04-26 13:30,87,50,37,0,0,0
2025-04-26 13:45,73,40,33,0,0,0
2025-04-26 14:00,98,48,50,0,0,0
2025-04-26 14:15,96,47,49,0,0,0
2025-04-26 14:30,112,36,76,0,0,0
2025-04-26 14:45,121,64,57,0,0,0
2025-04-26 15:00,82,33,49,0,0,0
2025-04-26 15:15,91,44,47,0,0,0
2025-04-26 15:30,76,36,40,0,0,0
2025-04-26 15:45,69,31,38,0,0,0
2025-04-26 16:00,79,26,53,0,0,0
2025-04-26 16:15,73,29,44,0,0,0
2025-04-26 16:30,82,38,44,0,0,0
2025-04-26 16:45,101,48,53,0,0,0
2025-04-26 17:00,75,43,32,0,0,0
2025-04-26 17:15,72,35,37,0,0,0
2025-04-26 17:30,83,45,38,0,0,0
2025-04-26 17:45,101,43,58,0,0,0
2025-04-26 18:00,82,39,43,0,0,0
2025-04-26 18:15,85,35,50,0,0,0
2025-04-26 18:30,71,25,46,0,0,0
2025-04-26 18:45,100,64,36,0,0,0
2025-04-26 19:00,66,29,37,0,0,0
2025-04-26 19:15,66,31,35,0,0,0
2025-04-26 19:30,66,36,30,0,0,0
2025-04-26 19:45,57,26,31,0,0,0
2025-04-26 20:00,55,21,34,0,0,0
2025-04-26 20:15,48,26,22,0,0,0
2025-04-26 20:30,46,24,22,0,0,0
2025-04-26 20:45,40,20,20,0,0,0
2025-04-26 21:00,51,15,36,0,0,0
2025-04-26 21:15,49,31,18,0,0,0
2025-04-26 21:30,43,22,21,0,0,0
2025-04-26 21:45,36,14,22,0,0,0
2025-04-26 22:00,49,20,29,0,0,0
2025-04-26 22:15,38,17,21,0,0,0
2025-04-26 22:30,33,14,19,0,0,0
2025-04-26 22:45,31,7,24,0,0,0
2025-04-26 23:00,26,6,20,0,0,0
2025-04-26 23:15,21,6,15,0,0,0
2025-04-26 23:30,21,10,11,0,0,0
2025-04-26 23:45,35,10,25,0,0,0
2025-04-27 00:00,19,6,13,0,0,0
2025-04-27 00:15,40,22,18,0,0,0
2025-04-27 00:30,29,10,19,0,0,0
2025-04-27 00:45,33,14,19,0,0,0
2025-04-27 01:00,26,6,20,0,0,0
2025-04-27 01:15,28,5,23,0,0,0
2025-04-27 01:30,18,6,12,0,0,0
2025-04-27 01:45,17,1,16,0,0,0
2025-04-27 02:00,16,5,11,0,0,0
2025-04-27 02:15,14,8,6,0,0,0
2025-04-27 02:30,9,1,8,0,0,0
2025-04-27 02:45,10,1,9,0,0,0
2025-04-27 03:00,8,0,8,0,0,0
2025-04-27 03:15,18,3,15,0,0,0
2025-04-27 03:30,8,4,4,0,0,0
2025-04-27 03:45,11,2,9,0,0,0
2025-04-27 04:00,5,3,2,0,0,0
2025-04-27 04:15,4,0,4,0,0,0
2025-04-27 04:30,6,0,6,0,0,0
2025-04-27 04:45,5,3,2,0,0,0
2025-04-27 05:00,4,2,2,0,0,0
2025-04-27 05:15,4,0,4,0,0,0
2025-04-27 05:30,11,0,11,0,0,0
2025-04-27 05:45,11,1,10,0,0,0
2025-04-27 06:00,6,0,6,0,0,0
2025-04-27 06:15,5,1,4,0,0,0
2025-04-27 06:30,7,5,2,0,0,0
2025-04-27 06:45,11,2,9,0,0,0
2025-04-27 07:00,2,2,0,0,0,0
2025-04-27 07:15,3,3,0,0,0,0
2025-04-27 07:30,8,5,3,0,0,0
2025-04-27 07:45,11,7,4,0,0,0
2025-04-27 08:00,6,3,3,0,0,0
2025-04-27 08:15,8,5,3,0,0,0
2025-04-27 08:30,15,10,5,0,0,0
2025-04-27 08:45,25,17,8,0,0,0
2025-04-27 09:00,15,12,3,0,0,0
2025-04-27 09:15,42,22,20,0,0,0
2025-04-27 09:30,35,17,18,0,0,0
2025-04-27 09:45,65,38,27,0,0,0
2025-04-27 10:00,49,26,23,0,0,0
2025-04-27 10:15,42,24,18,0,0,0
2025-04-27 10:30,38,31,7,0,0,0
2025-04-27 10:45,62,26,36,0,0,0
2025-04-27 11:00,45,28,17,0,0,0
2025-04-27 11:15,43,22,21,0,0,0
2025-04-27 11:30,70,37,33,0,0,0
2025-04-27 11:45,50,19,31,0,0,0
2025-04-27 12:00,75,38,37,0,0,0
2025-04-27 12:15,50,24,26,0,0,0
2025-04-27 12:30,82,42,40,0,0,0
2025-04-27 12:45,64,25,39,0,0,0
2025-04-27 13:00,67,32,35,0,0,0
2025-04-27 13:15,67,35,32,0,0,0
2025-04-27 13:30,90,53,37,0,0,0
2025-04-27 13:45,67,32,35,0,0,0
2025-04-27 14:00,86,51,35,0,0,0
2025-04-27 14:15,103,50,53,0,0,0
2025-04-27 14:30,80,50,30,0,0,0
2025-04-27 14:45,108,60,48,0,0,0
2025-04-27 15:00,94,44,50,0,0,0
2025-04-27 15:15,84,45,39,0,0,0
2025-04-27 15:30,74,40,34,0,0,0
2025-04-27 15:45,78,51,27,0,0,0
2025-04-27 16:00,107,50,57,0,0,0
2025-04-27 16:15,89,48,41,0,0,0
2025-04-27 16:30,76,36,40,0,0,0
2025-04-27 16:45,110,61,49,0,0,0
2025-04-27 17:00,66,33,33,0,0,0
2025-04-27 17:15,91,41,50,0,0,0
2025-04-27 17:30,83,40,43,0,0,0
2025-04-27 17:45,84,45,39,0,0,0
2025-04-27 18:00,81,41,40,0,0,0
2025-04-27 18:15,76,39,37,0,0,0
2025-04-27 18:30,64,45,19,0,0,0
2025-04-27 18:45,71,30,41,0,0,0
2025-04-27 19:00,62,24,38,0,0,0
2025-04-27 19:15,87,52,35,0,0,0
2025-04-27 19:30,47,25,22,0,0,0
2025-04-27 19:45,53,17,36,0,0,0
2025-04-27 20:00,52,14,38,0,0,0
2025-04-27 20:15,47,24,23,0,0,0
2025-04-27 20:30,34,13,21,0,0,0
2025-04-27 20:45,37,19,18,0,0,0
2025-04-27 21:00,55,23,32,0,0,0
2025-04-27 21:15,34,13,21,0,0,0
2025-04-27 21:30,29,9,20,0,0,0
2025-04-27 21:45,34,18,16,0,0,0
2025-04-27 22:00,18,9,9,0,0,0
2025-04-27 22:15,31,11,20,0,0,0
2025-04-27 22:30,23,6,17,0,0,0
2025-04-27 22:45,21,10,11,0,0,0
2025-04-27 23:00,18,5,13,0,0,0
2025-04-27 23:15,10,2,8,0,0,0
2025-04-27 23:30,11,4,7,0,0,0
2025-04-27 23:45,11,1,10,0,0,0
2025-04-28 00:00,6,0,6,0,0,0
2025-04-28 00:15,3,1,2,0,0,0
2025-04-28 00:30,5,1,4,0,0,0
2025-04-28 00:45,2,1,1,0,0,0
2025-04-28 01:00,10,5,5,0,0,0
2025-04-28 01:15,3,2,1,0,0,0
2025-04-28 01:30,0,0,0,0,0,0
2025-04-28 01:45,3,1,2,0,0,0
2025-04-28 02:00,2,0,2,0,0,0
2025-04-28 02:15,1,0,1,0,0,0
2025-04-28 02:30,0,0,0,0,0,0
2025-04-28 02:45,4,0,4,0,0,0
2025-04-28 03:00,0,0,0,0,0,0
2025-04-28 03:15,0,0,0,0,0,0
2025-04-28 03:30,0,0,0,0,0,0
2025-04-28 03:45,1,0,1,0,0,0
2025-04-28 04:00,3,2,1,0,0,0
2025-04-28 04:15,1,0,1,0,0,0
2025-04-28 04:30,8,6,2,0,0,0
2025-04-28 04:45,7,3,4,0,0,0
2025-04-28 05:00,10,4,6,0,0,0
2025-04-28 05:15,7,7,0,0,0,0
2025-04-28 05:30,17,9,8,0,0,0
2025-04-28 05:45,18,3,15,0,0,0
2025-04-28 06:00,28,23,5,0,0,0
2025-04-28 06:15,30,14,16,0,0,0
2025-04-28 06:30,74,41,33,0,0,0
2025-04-28 06:45,75,44,31,0,0,0
2025-04-28 07:00,89,54,35,0,0,0
2025-04-28 07:15,167,104,63,0,0,0
2025-04-28 07:30,273,181,92,0,0,0
2025-04-28 07:45,277,100,177,0,0,0
2025-04-28 08:00,383,123,260,0,0,0
2025-04-28 08:15,289,108,181,0,0,0
2025-04-28 08:30,134,63,71,0,0,0
2025-04-28 08:45,188,72,116,0,0,0
2025-04-28 09:00,138,64,74,0,0,0
2025-04-28 09:15,108,54,54,0,0,0
2025-04-28 09:30,110,55,55,0,0,0
2025-04-28 09:45,206,105,101,0,0,0
2025-04-28 10:00,296,123,173,0,0,0
2025-04-28 10:15,100,46,54,0,0,0
2025-04-28 10:30,90,54,36,0,0,0
2025-04-28 10:45,88,38,50,0,0,0
2025-04-28 11:00,94,48,46,0,0,0
2025-04-28 11:15,134,60,74,0,0,0
2025-04-28 11:30,120,60,60,0,0,0
2025-04-28 11:45,281,119,162,0,0,0
2025-04-28 12:00,363,145,218,0,0,0
2025-04-28 12:15,210,88,122,0,0,0
2025-04-28 12:30,158,75,83,0,0,0
2025-04-28 12:45,168,83,85,0,0,0
2025-04-28 13:00,251,107,144,0,0,0
2025-04-28 13:15,251,85,166,0,0,0
2025-04-28 13:30,214,116,98,0,0,0
2025-04-28 13:45,309,186,123,0,0,0
2025-04-28 14:00,374,171,203,0,0,0
2025-04-28 14:15,152,101,51,0,0,0
2025-04-28 14:30,143,90,53,0,0,0
2025-04-28 14:45,148,78,70,0,0,0
2025-04-28 15:00,177,105,72,0,0,0
2025-04-28 15:15,181,107,74,0,0,0
2025-04-28 15:30,206,114,92,0,0,0
2025-04-28 15:45,374,204,170,0,0,0
2025-04-28 16:00,371,194,177,0,0,0
2025-04-28 16:15,196,105,91,0,0,0
2025-04-28 16:30,201,131,70,0,0,0
2025-04-28 16:45,183,108,75,0,0,0
2025-04-28 17:00,176,93,83,0,0,0
2025-04-28 17:15,202,110,92,0,0,0
2025-04-28 17:30,240,151,89,0,0,0
2025-04-28 17:45,333,168,165,0,0,0
2025-04-28 18:00,259,126,133,0,0,0
2025-04-28 18:15,167,69,98,0,0,0
2025-04-28 18:30,164,74,90,0,0,0
2025-04-28 18:45,155,61,94,0,0,0
2025-04-28 19:00,137,88,49,0,0,0
2025-04-28 19:15,128,59,69,0,0,0
2025-04-28 19:30,108,53,55,0,0,0
2025-04-28 19:45,132,40,92,0,0,0
2025-04-28 20:00,154,65,89,0,0,0
2025-04-28 20:15,84,33,51,0,0,0
2025-04-28 20:30,70,28,42,0,0,0
2025-04-28 20:45,81,22,59,0,0,0
2025-04-28 21:00,67,30,37,0,0,0
2025-04-28 21:15,72,29,43,0,0,0
2025-04-28 21:30,48,12,36,0,0,0
2025-04-28 21:45,74,23,51,0,0,0
2025-04-28 22:00,70,29,41,0,0,0
2025-04-28 22:15,39,17,22,0,0,0
2025-04-28 22:30,33,7,26,0,0,0
2025-04-28 22:45,23,6,17,0,0,0
2025-04-28 23:00,35,11,24,0,0,0
2025-04-28 23:15,19,7,12,0,0,0
2025-04-28 23:30,19,4,15,0,0,0
2025-04-28 23:45,8,4,4,0,0,0
2025-04-29 00:00,13,3,10,0,0,0
2025-04-29 00:15,9,1,8,0,0,0
2025-04-29 00:30,3,2,1,0,0,0
2025-04-29 00:45,5,3,2,0,0,0
2025-04-29 01:00,1,0,1,0,0,0
2025-04-29 01:15,2,0,2,0,0,0
2025-04-29 01:30,2,0,2,0,0,0
2025-04-29 01:45,6,3,3,0,0,0
2025-04-29 02:00,2,1,1,0,0,0
2025-04-29 02:15,3,2,1,0,0,0
2025-04-29 02:30,1,1,0,0,0,0
2025-04-29 02:45,5,2,3,0,0,0
2025-04-29 03:00,1,0,1,0,0,0
2025-04-29 03:15,1,1,0,0,0,0
2025-04-29 03:30,1,0,1,0,0,0
2025-04-29 03:45,0,0,0,0,0,0
2025-04-29 04:00,0,0,0,0,0,0
2025-04-29 04:15,5,4,1,0,0,0
2025-04-29 04:30,3,2,1,0,0,0
2025-04-29 04:45,8,3,5,0,0,0
2025-04-29 05:00,5,3,2,0,0,0
2025-04-29 05:15,9,6,3,0,0,0
2025-04-29 05:30,17,5,12,0,0,0
2025-04-29 05:45,25,12,13,0,0,0
2025-04-29 06:00,20,15,5,0,0,0
2025-04-29 06:15,37,22,15,0,0,0
2025-04-29 06:30,63,39,24,0,0,0
2025-04-29 06:45,80,36,44,0,0,0
2025-04-29 07:00,98,60,38,0,0,0
2025-04-29 07:15,159,91,68,0,0,0
2025-04-29 07:30,261,185,76,0,0,0
2025-04-29 07:45,293,124,169,0,0,0
2025-04-29 08:00,441,162,279,0,0,0
2025-04-29 08:15,327,133,194,0,0,0
2025-04-29 08:30,188,92,96,0,0,0
2025-04-29 08:45,193,74,119,0,0,0
2025-04-29 09:00,143,52,91,0,0,0
2025-04-29 09:15,98,37,61,0,0,0
2025-04-29 09:30,142,63,79,0,0,0
2025-04-29 09:45,295,138,157,0,0,0
2025-04-29 10:00,452,161,291,0,0,0
2025-04-29 10:15,106,49,57,0,0,0
2025-04-29 10:30,81,47,34,0,0,0
2025-04-29 10:45,107,63,44,0,0,0
2025-04-29 11:00,115,61,54,0,0,0
2025-04-29 11:15,111,56,55,0,0,0
2025-04-29 11:30,220,90,130,0,0,0
2025-04-29 11:45,416,220,196,0,0,0
2025-04-29 12:00,398,156,242,0,0,0
2025-04-29 12:15,196,81,115,0,0,0
2025-04-29 12:30,186,91,95,0,0,0
2025-04-29 12:45,280,168,112,0,0,0
2025-04-29 13:00,289,89,200,0,0,0
2025-04-29 13:15,245,85,160,0,0,0
2025-04-29 13:30,284,145,139,0,0,0
2025-04-29 13:45,496,310,186,0,0,0
2025-04-29 14:00,308,163,145,0,0,0
2025-04-29 14:15,201,124,77,0,0,0
2025-04-29 14:30,162,97,65,0,0,0
2025-04-29 14:45,172,94,78,0,0,0
2025-04-29 15:00,159,71,88,0,0,0
2025-04-29 15:15,211,132,79,0,0,0
2025-04-29 15:30,219,126,93,0,0,0
2025-04-29 15:45,390,217,173,0,0,0
2025-04-29 16:00,318,158,160,0,0,0
2025-04-29 16:15,214,117,97,0,0,0
2025-04-29 16:30,209,111,98,0,0,0
2025-04-29 16:45,183,113,70,0,0,0
2025-04-29 17:00,215,126,89,0,0,0
2025-04-29 17:15,234,143,91,0,0,0
2025-04-29 17:30,232,133,99,0,0,0
2025-04-29 17:45,324,178,146,0,0,0
2025-04-29 18:00,292,171,121,0,0,0
2025-04-29 18:15,182,92,90,0,0,0
2025-04-29 18:30,174,89,85,0,0,0
2025-04-29 18:45,187,87,100,0,0,0
2025-04-29 19:00,147,87,60,0,0,0
2025-04-29 19:15,113,59,54,0,0,0
2025-04-29 19:30,120,62,58,0,0,0
2025-04-29 19:45,146,60,86,0,0,0
2025-04-29 20:00,147,72,75,0,0,0
2025-04-29 20:15,100,34,66,0,0,0
2025-04-29 20:30,84,23,61,0,0,0
2025-04-29 20:45,96,31,65,0,0,0
2025-04-29 21:00,93,41,52,0,0,0
2025-04-29 21:15,56,16,40,0,0,0
2025-04-29 21:30,76,26,50,0,0,0
2025-04-29 21:45,82,25,57,0,0,0
2025-04-29 22:00,70,25,45,0,0,0
2025-04-29 22:15,79,22,57,0,0,0
2025-04-29 22:30,59,24,35,0,0,0
2025-04-29 22:45,31,7,24,0,0,0
2025-04-29 23:00,32,8,24,0,0,0
2025-04-29 23:15,40,12,28,0,0,0
2025-04-29 23:30,33,11,22,0,0,0
2025-04-29 23:45,16,6,10,0,0,0
2025-04-30 00:00,15,0,15,0,0,0
2025-04-30 00:15,6,3,3,0,0,0
2025-04-30 00:30,9,1,8,0,0,0
2025-04-30 00:45,8,3,5,0,0,0
2025-04-30 01:00,5,1,4,0,0,0
2025-04-30 01:15,3,1,2,0,0,0
2025-04-30 01:30,4,0,4,0,0,0
2025-04-30 01:45,2,0,2,0,0,0
2025-04-30 02:00,2,2,0,0,0,0
2025-04-30 02:15,1,1,0,0,0,0
2025-04-30 02:30,5,5,0,0,0,0
2025-04-30 02:45,1,1,0,0,0,0
2025-04-30 03:00,0,0,0,0,0,0
2025-04-30 03:15,0,0,0,0,0,0
2025-04-30 03:30,1,1,0,0,0,0
2025-04-30 03:45,0,0,0,0,0,0
2025-04-30 04:00,1,0,1,0,0,0
2025-04-30 04:15,2,1,1,0,0,0
2025-04-30 04:30,7,6,1,0,0,0
2025-04-30 04:45,5,1,4,0,0,0
