Datetime,300039328 (Coesfelder Kreuz),353425081 (Coesfelder Kreuz Stadteinwärts),353425082 (Coesfelder Kreuz Stadtauswärts),300039328-status,353425081-status,353425082-status
2025-10-01 00:00,8,1,7,0,0,0
2025-10-01 00:15,11,1,10,0,0,0
2025-10-01 00:30,13,4,9,0,0,0
2025-10-01 00:45,6,1,5,0,0,0
2025-10-01 01:00,16,3,13,0,0,0
2025-10-01 01:15,14,1,13,0,0,0
2025-10-01 01:30,3,1,2,0,0,0
2025-10-01 01:45,3,0,3,0,0,0
2025-10-01 02:00,9,1,8,0,0,0
2025-10-01 02:15,10,3,7,0,0,0
2025-10-01 02:30,4,0,4,0,0,0
2025-10-01 02:45,0,0,0,0,0,0
2025-10-01 03:00,1,1,0,0,0,0
2025-10-01 03:15,1,0,1,0,0,0
2025-10-01 03:30,0,0,0,0,0,0
2025-10-01 03:45,0,0,0,0,0,0
2025-10-01 04:00,1,0,1,0,0,0
2025-10-01 04:15,3,1,2,0,0,0
2025-10-01 04:30,5,2,3,0,0,0
2025-10-01 04:45,7,2,5,0,0,0
2025-10-01 05:00,11,5,6,0,0,0
2025-10-01 05:15,6,3,3,0,0,0
2025-10-01 05:30,19,7,12,0,0,0
2025-10-01 05:45,30,10,20,0,0,0
2025-10-01 06:00,23,13,10,0,0,0
2025-10-01 06:15,33,22,11,0,0,0
2025-10-01 06:30,49,31,18,0,0,0
2025-10-01 06:45,63,37,26,0,0,0
2025-10-01 07:00,86,50,36,0,0,0
2025-10-01 07:15,134,85,49,0,0,0
2025-10-01 07:30,235,160,75,0,0,0
2025-10-01 07:45,199,99,100,0,0,0
2025-10-01 08:00,175,69,106,0,0,0
2025-10-01 08:15,183,85,98,0,0,0
2025-10-01 08:30,137,79,58,0,0,0
2025-10-01 08:45,140,64,76,0,0,0
2025-10-01 09:00,117,55,62,0,0,0
2025-10-01 09:15,98,46,52,0,0,0
2025-10-01 09:30,125,46,79,0,0,0
2025-10-01 09:45,190,65,125,0,0,0
2025-10-01 10:00,99,36,63,0,0,0
2025-10-01 10:15,84,48,36,0,0,0
2025-10-01 10:30,65,39,26,0,0,0
2025-10-01 10:45,90,45,45,0,0,0
2025-10-01 11:00,87,54,33,0,0,0
2025-10-01 11:15,97,41,56,0,0,0
2025-10-01 11:30,100,40,60,0,0,0
2025-10-01 11:45,131,76,55,0,0,0
2025-10-01 12:00,133,67,66,0,0,0
2025-10-01 12:15,117,62,55,0,0,0
2025-10-01 12:30,137,56,81,0,0,0
2025-10-01 12:45,114,58,56,0,0,0
2025-10-01 13:00,142,62,80,0,0,0
2025-10-01 13:15,152,67,85,0,0,0
2025-10-01 13:30,148,83,65,0,0,0
2025-10-01 13:45,155,72,83,0,0,0
2025-10-01 14:00,137,82,55,0,0,0
2025-10-01 14:15,148,95,53,0,0,0
2025-10-01 14:30,121,70,51,0,0,0
2025-10-01 14:45,130,72,58,0,0,0
2025-10-01 15:00,139,76,63,0,0,0
2025-10-01 15:15,157,84,73,0,0,0
2025-10-01 15:30,176,91,85,0,0,0
2025-10-01 15:45,191,89,102,0,0,0
2025-10-01 16:00,171,105,66,0,0,0
2025-10-01 16:15,164,95,69,0,0,0
2025-10-01 16:30,138,74,64,0,0,0
2025-10-01 16:45,126,53,73,0,0,0
2025-10-01 17:00,153,84,69,0,0,0
2025-10-01 17:15,148,92,56,0,0,0
2025-10-01 17:30,134,69,65,0,0,0
2025-10-01 17:45,158,80,78,0,0,0
2025-10-01 18:00,138,67,71,0,0,0
2025-10-01 18:15,114,60,54,0,0,0
2025-10-01 18:30,104,57,47,0,0,0
2025-10-01 18:45,134,86,48,0,0,0
2025-10-01 19:00,99,51,48,0,0,0
2025-10-01 19:15,93,39,54,0,0,0
2025-10-01 19:30,85,26,59,0,0,0
2025-10-01 19:45,83,33,50,0,0,0
2025-10-01 20:00,84,36,48,0,0,0
2025-10-01 20:15,70,34,36,0,0,0
2025-10-01 20:30,50,24,26,0,0,0
2025-10-01 20:45,44,26,18,0,0,0
2025-10-01 21:00,51,24,27,0,0,0
2025-10-01 21:15,56,26,30,0,0,0
2025-10-01 21:30,47,19,28,0,0,0
2025-10-01 21:45,49,19,30,0,0,0
2025-10-01 22:00,45,20,25,0,0,0
2025-10-01 22:15,43,21,22,0,0,0
2025-10-01 22:30,30,10,20,0,0,0
2025-10-01 22:45,34,10,24,0,0,0
2025-10-01 23:00,31,6,25,0,0,0
2025-10-01 23:15,35,12,23,0,0,0
2025-10-01 23:30,37,20,17,0,0,0
2025-10-01 23:45,26,6,20,0,0,0
2025-10-02 00:00,20,1,19,0,0,0
2025-10-02 00:15,8,1,7,0,0,0
2025-10-02 00:30,8,1,7,0,0,0
2025-10-02 00:45,9,2,7,0,0,0
2025-10-02 01:00,16,2,14,0,0,0
2025-10-02 01:15,9,1,8,0,0,0
2025-10-02 01:30,12,1,11,0,0,0
2025-10-02 01:45,7,0,7,0,0,0
2025-10-02 02:00,16,3,13,0,0,0
2025-10-02 02:15,12,2,10,0,0,0
2025-10-02 02:30,1,0,1,0,0,0
2025-10-02 02:45,7,0,7,0,0,0
2025-10-02 03:00,4,1,3,0,0,0
2025-10-02 03:15,3,0,3,0,0,0
2025-10-02 03:30,10,0,10,0,0,0
2025-10-02 03:45,6,0,6,0,0,0
2025-10-02 04:00,3,0,3,0,0,0
2025-10-02 04:15,7,3,4,0,0,0
2025-10-02 04:30,2,1,1,0,0,0
2025-10-02 04:45,8,2,6,0,0,0
2025-10-02 05:00,9,2,7,0,0,0
2025-10-02 05:15,9,7,2,0,0,0
2025-10-02 05:30,18,6,12,0,0,0
2025-10-02 05:45,27,11,16,0,0,0
2025-10-02 06:00,16,12,4,0,0,0
2025-10-02 06:15,32,21,11,0,0,0
2025-10-02 06:30,43,29,14,0,0,0
2025-10-02 06:45,46,25,21,0,0,0
2025-10-02 07:00,72,37,35,0,0,0
2025-10-02 07:15,125,87,38,0,0,0
2025-10-02 07:30,228,149,79,0,0,0
2025-10-02 07:45,199,95,104,0,0,0
2025-10-02 08:00,152,66,86,0,0,0
2025-10-02 08:15,128,46,82,0,0,0
2025-10-02 08:30,106,56,50,0,0,0
2025-10-02 08:45,161,76,85,0,0,0
2025-10-02 09:00,92,41,51,0,0,0
2025-10-02 09:15,82,42,40,0,0,0
2025-10-02 09:30,109,55,54,0,0,0
2025-10-02 09:45,109,44,65,0,0,0
2025-10-02 10:00,72,37,35,0,0,0
2025-10-02 10:15,62,33,29,0,0,0
2025-10-02 10:30,63,41,22,0,0,0
2025-10-02 10:45,65,40,25,0,0,0
2025-10-02 11:00,67,40,27,0,0,0
2025-10-02 11:15,86,40,46,0,0,0
2025-10-02 11:30,89,45,44,0,0,0
2025-10-02 11:45,128,72,56,0,0,0
2025-10-02 12:00,119,59,60,0,0,0
2025-10-02 12:15,120,56,64,0,0,0
2025-10-02 12:30,105,39,66,0,0,0
2025-10-02 12:45,128,63,65,0,0,0
2025-10-02 13:00,140,52,88,0,0,0
2025-10-02 13:15,152,48,104,0,0,0
2025-10-02 13:30,159,70,89,0,0,0
2025-10-02 13:45,178,82,96,0,0,0
2025-10-02 14:00,178,99,79,0,0,0
2025-10-02 14:15,266,162,104,0,0,0
2025-10-02 14:30,214,127,87,0,0,0
2025-10-02 14:45,225,122,103,0,0,0
2025-10-02 15:00,221,129,92,0,0,0
2025-10-02 15:15,284,181,103,0,0,0
2025-10-02 15:30,241,147,94,0,0,0
2025-10-02 15:45,218,117,101,0,0,0
2025-10-02 16:00,212,121,91,0,0,0
2025-10-02 16:15,218,114,104,0,0,0
2025-10-02 16:30,218,122,96,0,0,0
2025-10-02 16:45,218,121,97,0,0,0
2025-10-02 17:00,216,127,89,0,0,0
2025-10-02 17:15,266,137,129,0,0,0
2025-10-02 17:30,279,159,120,0,0,0
2025-10-02 17:45,281,163,118,0,0,0
2025-10-02 18:00,218,124,94,0,0,0
2025-10-02 18:15,208,111,97,0,0,0
2025-10-02 18:30,211,129,82,0,0,0
2025-10-02 18:45,200,120,80,0,0,0
2025-10-02 19:00,175,100,75,0,0,0
2025-10-02 19:15,161,91,70,0,0,0
2025-10-02 19:30,130,66,64,0,0,0
2025-10-02 19:45,109,66,43,0,0,0
2025-10-02 20:00,98,42,56,0,0,0
2025-10-02 20:15,64,30,34,0,0,0
2025-10-02 20:30,55,26,29,0,0,0
2025-10-02 20:45,57,22,35,0,0,0
2025-10-02 21:00,59,37,22,0,0,0
2025-10-02 21:15,55,24,31,0,0,0
2025-10-02 21:30,38,18,20,0,0,0
2025-10-02 21:45,33,14,19,0,0,0
2025-10-02 22:00,45,9,36,0,0,0
2025-10-02 22:15,49,18,31,0,0,0
2025-10-02 22:30,39,14,25,0,0,0
2025-10-02 22:45,55,12,43,0,0,0
2025-10-02 23:00,30,7,23,0,0,0
2025-10-02 23:15,32,6,26,0,0,0
2025-10-02 23:30,38,12,26,0,0,0
2025-10-02 23:45,19,5,14,0,0,0
2025-10-03 00:00,21,4,17,0,0,0
2025-10-03 00:15,14,3,11,0,0,0
2025-10-03 00:30,20,3,17,0,0,0
2025-10-03 00:45,15,2,13,0,0,0
2025-10-03 01:00,22,4,18,0,0,0
2025-10-03 01:15,14,3,11,0,0,0
2025-10-03 01:30,19,9,10,0,0,0
2025-10-03 01:45,6,0,6,0,0,0
2025-10-03 02:00,19,4,15,0,0,0
2025-10-03 02:15,10,1,9,0,0,0
2025-10-03 02:30,9,2,7,0,0,0
2025-10-03 02:45,5,2,3,0,0,0
2025-10-03 03:00,7,0,7,0,0,0
2025-10-03 03:15,11,4,7,0,0,0
2025-10-03 03:30,5,1,4,0,0,0
2025-10-03 03:45,3,2,1,0,0,0
2025-10-03 04:00,2,2,0,0,0,0
2025-10-03 04:15,9,3,6,0,0,0
2025-10-03 04:30,2,2,0,0,0,0
2025-10-03 04:45,5,1,4,0,0,0
2025-10-03 05:00,6,2,4,0,0,0
2025-10-03 05:15,8,0,8,0,0,0
2025-10-03 05:30,25,6,19,0,0,0
2025-10-03 05:45,12,3,9,0,0,0
2025-10-03 06:00,12,2,10,0,0,0
2025-10-03 06:15,9,3,6,0,0,0
2025-10-03 06:30,14,8,6,0,0,0
2025-10-03 06:45,10,4,6,0,0,0
2025-10-03 07:00,18,6,12,0,0,0
2025-10-03 07:15,52,35,17,0,0,0
2025-10-03 07:30,92,65,27,0,0,0
2025-10-03 07:45,109,83,26,0,0,0
2025-10-03 08:00,168,138,30,0,0,0
2025-10-03 08:15,124,89,35,0,0,0
2025-10-03 08:30,195,159,36,0,0,0
2025-10-03 08:45,219,180,39,0,0,0
2025-10-03 09:00,112,78,34,0,0,0
2025-10-03 09:15,137,105,32,0,0,0
2025-10-03 09:30,156,110,46,0,0,0
2025-10-03 09:45,114,94,20,0,0,0
2025-10-03 10:00,46,35,11,0,0,0
2025-10-03 10:15,54,37,17,0,0,0
2025-10-03 10:30,45,30,15,0,0,0
2025-10-03 10:45,122,62,60,0,0,0
2025-10-03 11:00,98,44,54,0,0,0
2025-10-03 11:15,89,30,59,0,0,0
2025-10-03 11:30,112,45,67,0,0,0
2025-10-03 11:45,97,30,67,0,0,0
2025-10-03 12:00,79,22,57,0,0,0
2025-10-03 12:15,130,50,80,0,0,0
2025-10-03 12:30,131,41,90,0,0,0
2025-10-03 12:45,149,61,88,0,0,0
2025-10-03 13:00,156,56,100,0,0,0
2025-10-03 13:15,160,62,98,0,0,0
2025-10-03 13:30,100,32,68,0,0,0
2025-10-03 13:45,139,52,87,0,0,0
2025-10-03 14:00,151,58,93,0,0,0
2025-10-03 14:15,147,63,84,0,0,0
2025-10-03 14:30,98,45,53,0,0,0
2025-10-03 14:45,93,47,46,0,0,0
2025-10-03 15:00,88,42,46,0,0,0
2025-10-03 15:15,55,24,31,0,0,0
2025-10-03 15:30,71,33,38,0,0,0
2025-10-03 15:45,62,33,29,0,0,0
2025-10-03 16:00,81,44,37,0,0,0
2025-10-03 16:15,60,31,29,0,0,0
2025-10-03 16:30,89,61,28,0,0,0
2025-10-03 16:45,77,57,20,0,0,0
2025-10-03 17:00,51,31,20,0,0,0
2025-10-03 17:15,50,26,24,0,0,0
2025-10-03 17:30,97,19,78,0,0,0
2025-10-03 17:45,65,26,39,0,0,0
2025-10-03 18:00,80,31,49,0,0,0
2025-10-03 18:15,65,29,36,0,0,0
2025-10-03 18:30,51,28,23,0,0,0
2025-10-03 18:45,67,33,34,0,0,0
2025-10-03 19:00,45,16,29,0,0,0
2025-10-03 19:15,50,19,31,0,0,0
2025-10-03 19:30,33,13,20,0,0,0
2025-10-03 19:45,47,18,29,0,0,0
2025-10-03 20:00,55,25,30,0,0,0
2025-10-03 20:15,43,12,31,0,0,0
2025-10-03 20:30,32,18,14,0,0,0
2025-10-03 20:45,25,8,17,0,0,0
2025-10-03 21:00,42,25,17,0,0,0
2025-10-03 21:15,46,20,26,0,0,0
2025-10-03 21:30,29,11,18,0,0,0
2025-10-03 21:45,32,12,20,0,0,0
2025-10-03 22:00,23,10,13,0,0,0
2025-10-03 22:15,43,28,15,0,0,0
2025-10-03 22:30,23,6,17,0,0,0
2025-10-03 22:45,26,13,13,0,0,0
2025-10-03 23:00,15,6,9,0,0,0
2025-10-03 23:15,18,8,10,0,0,0
2025-10-03 23:30,13,3,10,0,0,0
2025-10-03 23:45,17,5,12,0,0,0
2025-10-04 00:00,23,10,13,0,0,0
2025-10-04 00:15,13,2,11,0,0,0
2025-10-04 00:30,7,2,5,0,0,0
2025-10-04 00:45,26,15,11,0,0,0
2025-10-04 01:00,14,3,11,0,0,0
2025-10-04 01:15,10,2,8,0,0,0
2025-10-04 01:30,15,9,6,0,0,0
2025-10-04 01:45,9,1,8,0,0,0
2025-10-04 02:00,8,3,5,0,0,0
2025-10-04 02:15,13,7,6,0,0,0
2025-10-04 02:30,0,0,0,0,0,0
2025-10-04 02:45,6,0,6,0,0,0
2025-10-04 03:00,4,1,3,0,0,0
2025-10-04 03:15,8,1,7,0,0,0
2025-10-04 03:30,8,3,5,0,0,0
2025-10-04 03:45,4,0,4,0,0,0
2025-10-04 04:00,5,2,3,0,0,0
2025-10-04 04:15,2,1,1,0,0,0
2025-10-04 04:30,1,1,0,0,0,0
2025-10-04 04:45,5,1,4,0,0,0
2025-10-04 05:00,4,1,3,0,0,0
2025-10-04 05:15,8,3,5,0,0,0
2025-10-04 05:30,16,4,12,0,0,0
2025-10-04 05:45,7,1,6,0,0,0
2025-10-04 06:00,5,4,1,0,0,0
2025-10-04 06:15,7,2,5,0,0,0
2025-10-04 06:30,9,9,0,0,0,0
2025-10-04 06:45,7,4,3,0,0,0
2025-10-04 07:00,3,3,0,0,0,0
2025-10-04 07:15,10,7,3,0,0,0
2025-10-04 07:30,3,1,2,0,0,0
2025-10-04 07:45,9,4,5,0,0,0
2025-10-04 08:00,4,4,0,0,0,0
2025-10-04 08:15,8,7,1,0,0,0
2025-10-04 08:30,9,4,5,0,0,0
2025-10-04 08:45,8,7,1,0,0,0
2025-10-04 09:00,11,8,3,0,0,0
2025-10-04 09:15,10,7,3,0,0,0
2025-10-04 09:30,11,8,3,0,0,0
2025-10-04 09:45,17,10,7,0,0,0
2025-10-04 10:00,9,5,4,0,0,0
2025-10-04 10:15,11,8,3,0,0,0
2025-10-04 10:30,8,5,3,0,0,0
2025-10-04 10:45,11,7,4,0,0,0
2025-10-04 11:00,13,7,6,0,0,0
2025-10-04 11:15,8,7,1,0,0,0
2025-10-04 11:30,19,9,10,0,0,0
2025-10-04 11:45,22,13,9,0,0,0
2025-10-04 12:00,13,7,6,0,0,0
2025-10-04 12:15,13,6,7,0,0,0
2025-10-04 12:30,36,21,15,0,0,0
2025-10-04 12:45,25,15,10,0,0,0
2025-10-04 13:00,21,16,5,0,0,0
2025-10-04 13:15,26,11,15,0,0,0
2025-10-04 13:30,31,22,9,0,0,0
2025-10-04 13:45,30,15,15,0,0,0
2025-10-04 14:00,48,34,14,0,0,0
2025-10-04 14:15,37,19,18,0,0,0
2025-10-04 14:30,37,19,18,0,0,0
2025-10-04 14:45,41,27,14,0,0,0
2025-10-04 15:00,30,13,17,0,0,0
2025-10-04 15:15,49,21,28,0,0,0
2025-10-04 15:30,31,14,17,0,0,0
2025-10-04 15:45,49,29,20,0,0,0
2025-10-04 16:00,24,8,16,0,0,0
2025-10-04 16:15,28,14,14,0,0,0
2025-10-04 16:30,40,25,15,0,0,0
2025-10-04 16:45,39,19,20,0,0,0
2025-10-04 17:00,48,24,24,0,0,0
2025-10-04 17:15,28,15,13,0,0,0
2025-10-04 17:30,28,14,14,0,0,0
2025-10-04 17:45,37,20,17,0,0,0
2025-10-04 18:00,41,22,19,0,0,0
2025-10-04 18:15,38,19,19,0,0,0
2025-10-04 18:30,27,12,15,0,0,0
2025-10-04 18:45,49,22,27,0,0,0
2025-10-04 19:00,40,20,20,0,0,0
2025-10-04 19:15,27,14,13,0,0,0
2025-10-04 19:30,35,14,21,0,0,0
2025-10-04 19:45,25,9,16,0,0,0
2025-10-04 20:00,35,7,28,0,0,0
2025-10-04 20:15,23,9,14,0,0,0
2025-10-04 20:30,18,8,10,0,0,0
2025-10-04 20:45,20,11,9,0,0,0
2025-10-04 21:00,11,8,3,0,0,0
2025-10-04 21:15,14,9,5,0,0,0
2025-10-04 21:30,20,7,13,0,0,0
2025-10-04 21:45,26,9,17,0,0,0
2025-10-04 22:00,5,0,5,0,0,0
2025-10-04 22:15,23,6,17,0,0,0
2025-10-04 22:30,15,4,11,0,0,0
2025-10-04 22:45,18,9,9,0,0,0
2025-10-04 23:00,13,3,10,0,0,0
2025-10-04 23:15,8,1,7,0,0,0
2025-10-04 23:30,12,5,7,0,0,0
2025-10-04 23:45,14,6,8,0,0,0
2025-10-05 00:00,12,2,10,0,0,0
2025-10-05 00:15,17,4,13,0,0,0
2025-10-05 00:30,16,5,11,0,0,0
2025-10-05 00:45,6,3,3,0,0,0
2025-10-05 01:00,14,4,10,0,0,0
2025-10-05 01:15,11,6,5,0,0,0
2025-10-05 01:30,8,2,6,0,0,0
2025-10-05 01:45,9,1,8,0,0,0
2025-10-05 02:00,15,3,12,0,0,0
2025-10-05 02:15,6,1,5,0,0,0
2025-10-05 02:30,0,0,0,0,0,0
2025-10-05 02:45,7,0,7,0,0,0
2025-10-05 03:00,2,0,2,0,0,0
2025-10-05 03:15,6,2,4,0,0,0
2025-10-05 03:30,3,1,2,0,0,0
2025-10-05 03:45,2,0,2,0,0,0
2025-10-05 04:00,0,0,0,0,0,0
2025-10-05 04:15,3,1,2,0,0,0
2025-10-05 04:30,4,1,3,0,0,0
2025-10-05 04:45,2,1,1,0,0,0
2025-10-05 05:00,1,0,1,0,0,0
2025-10-05 05:15,1,0,1,0,0,0
2025-10-05 05:30,10,5,5,0,0,0
2025-10-05 05:45,11,1,10,0,0,0
2025-10-05 06:00,4,0,4,0,0,0
2025-10-05 06:15,6,1,5,0,0,0
2025-10-05 06:30,10,9,1,0,0,0
2025-10-05 06:45,3,3,0,0,0,0
2025-10-05 07:00,4,2,2,0,0,0
2025-10-05 07:15,3,1,2,0,0,0
2025-10-05 07:30,6,2,4,0,0,0
2025-10-05 07:45,6,3,3,0,0,0
2025-10-05 08:00,5,1,4,0,0,0
2025-10-05 08:15,8,3,5,0,0,0
2025-10-05 08:30,9,6,3,0,0,0
2025-10-05 08:45,7,2,5,0,0,0
2025-10-05 09:00,14,9,5,0,0,0
2025-10-05 09:15,17,8,9,0,0,0
2025-10-05 09:30,16,10,6,0,0,0
2025-10-05 09:45,17,8,9,0,0,0
2025-10-05 10:00,13,8,5,0,0,0
2025-10-05 10:15,23,15,8,0,0,0
2025-10-05 10:30,20,14,6,0,0,0
2025-10-05 10:45,28,20,8,0,0,0
2025-10-05 11:00,27,9,18,0,0,0
2025-10-05 11:15,35,18,17,0,0,0
2025-10-05 11:30,36,12,24,0,0,0
2025-10-05 11:45,43,20,23,0,0,0
2025-10-05 12:00,49,25,24,0,0,0
2025-10-05 12:15,45,19,26,0,0,0
2025-10-05 12:30,58,25,33,0,0,0
2025-10-05 12:45,46,20,26,0,0,0
2025-10-05 13:00,50,29,21,0,0,0
2025-10-05 13:15,66,31,35,0,0,0
2025-10-05 13:30,54,27,27,0,0,0
2025-10-05 13:45,58,31,27,0,0,0
2025-10-05 14:00,62,27,35,0,0,0
2025-10-05 14:15,62,37,25,0,0,0
2025-10-05 14:30,57,36,21,0,0,0
2025-10-05 14:45,77,51,26,0,0,0
2025-10-05 15:00,68,38,30,0,0,0
2025-10-05 15:15,59,26,33,0,0,0
2025-10-05 15:30,79,37,42,0,0,0
2025-10-05 15:45,50,28,22,0,0,0
2025-10-05 16:00,48,23,25,0,0,0
2025-10-05 16:15,36,15,21,0,0,0
2025-10-05 16:30,43,26,17,0,0,0
2025-10-05 16:45,61,38,23,0,0,0
2025-10-05 17:00,67,55,12,0,0,0
2025-10-05 17:15,67,40,27,0,0,0
2025-10-05 17:30,45,19,26,0,0,0
2025-10-05 17:45,36,15,21,0,0,0
2025-10-05 18:00,43,23,20,0,0,0
2025-10-05 18:15,42,22,20,0,0,0
2025-10-05 18:30,41,14,27,0,0,0
2025-10-05 18:45,35,15,20,0,0,0
2025-10-05 19:00,46,16,30,0,0,0
2025-10-05 19:15,30,13,17,0,0,0
2025-10-05 19:30,42,17,25,0,0,0
2025-10-05 19:45,23,11,12,0,0,0
2025-10-05 20:00,36,20,16,0,0,0
2025-10-05 20:15,45,18,27,0,0,0
2025-10-05 20:30,19,9,10,0,0,0
2025-10-05 20:45,31,10,21,0,0,0
2025-10-05 21:00,28,12,16,0,0,0
2025-10-05 21:15,18,8,10,0,0,0
2025-10-05 21:30,16,5,11,0,0,0
2025-10-05 21:45,19,4,15,0,0,0
2025-10-05 22:00,9,5,4,0,0,0
2025-10-05 22:15,21,11,10,0,0,0
2025-10-05 22:30,13,5,8,0,0,0
2025-10-05 22:45,11,3,8,0,0,0
2025-10-05 23:00,9,2,7,0,0,0
2025-10-05 23:15,5,1,4,0,0,0
2025-10-05 23:30,6,2,4,0,0,0
2025-10-05 23:45,3,2,1,0,0,0
2025-10-06 00:00,9,2,7,0,0,0
2025-10-06 00:15,5,1,4,0,0,0
2025-10-06 00:30,2,1,1,0,0,0
2025-10-06 00:45,5,3,2,0,0,0
2025-10-06 01:00,2,1,1,0,0,0
2025-10-06 01:15,6,5,1,0,0,0
2025-10-06 01:30,2,1,1,0,0,0
2025-10-06 01:45,1,1,0,0,0,0
2025-10-06 02:00,2,0,2,0,0,0
2025-10-06 02:15,0,0,0,0,0,0
2025-10-06 02:30,0,0,0,0,0,0
2025-10-06 02:45,0,0,0,0,0,0
2025-10-06 03:00,0,0,0,0,0,0
2025-10-06 03:15,1,1,0,0,0,0
2025-10-06 03:30,0,0,0,0,0,0
2025-10-06 03:45,0,0,0,0,0,0
2025-10-06 04:00,0,0,0,0,0,0
2025-10-06 04:15,3,2,1,0,0,0
2025-10-06 04:30,4,1,3,0,0,0
2025-10-06 04:45,5,1,4,0,0,0
2025-10-06 05:00,6,4,2,0,0,0
2025-10-06 05:15,7,6,1,0,0,0
2025-10-06 05:30,20,6,14,0,0,0
2025-10-06 05:45,13,6,7,0,0,0
2025-10-06 06:00,13,9,4,0,0,0
2025-10-06 06:15,23,13,10,0,0,0
2025-10-06 06:30,48,35,13,0,0,0
2025-10-06 06:45,59,29,30,0,0,0
2025-10-06 07:00,76,52,24,0,0,0
2025-10-06 07:15,118,68,50,0,0,0
2025-10-06 07:30,176,123,53,0,0,0
2025-10-06 07:45,223,102,121,0,0,0
2025-10-06 08:00,162,72,90,0,0,0
2025-10-06 08:15,139,67,72,0,0,0
2025-10-06 08:30,140,62,78,0,0,0
2025-10-06 08:45,203,72,131,0,0,0
2025-10-06 09:00,151,52,99,0,0,0
2025-10-06 09:15,104,59,45,0,0,0
2025-10-06 09:30,151,82,69,0,0,0
2025-10-06 09:45,187,81,106,0,0,0
2025-10-06 10:00,178,103,75,0,0,0
2025-10-06 10:15,61,30,31,0,0,0
2025-10-06 10:30,56,32,24,0,0,0
2025-10-06 10:45,66,36,30,0,0,0
2025-10-06 11:00,63,36,27,0,0,0
2025-10-06 11:15,80,56,24,0,0,0
2025-10-06 11:30,86,39,47,0,0,0
2025-10-06 11:45,163,66,97,0,0,0
2025-10-06 12:00,106,36,70,0,0,0
2025-10-06 12:15,121,53,68,0,0,0
2025-10-06 12:30,131,59,72,0,0,0
2025-10-06 12:45,150,66,84,0,0,0
2025-10-06 13:00,157,76,81,0,0,0
2025-10-06 13:15,175,84,91,0,0,0
2025-10-06 13:30,226,174,52,0,0,0
2025-10-06 13:45,162,97,65,0,0,0
2025-10-06 14:00,108,64,44,0,0,0
2025-10-06 14:15,131,92,39,0,0,0
2025-10-06 14:30,121,77,44,0,0,0
2025-10-06 14:45,92,57,35,0,0,0
2025-10-06 15:00,117,56,61,0,0,0
2025-10-06 15:15,120,72,48,0,0,0
2025-10-06 15:30,135,83,52,0,0,0
2025-10-06 15:45,169,102,67,0,0,0
2025-10-06 16:00,159,97,62,0,0,0
2025-10-06 16:15,142,83,59,0,0,0
2025-10-06 16:30,143,80,63,0,0,0
2025-10-06 16:45,115,61,54,0,0,0
2025-10-06 17:00,131,65,66,0,0,0
2025-10-06 17:15,129,76,53,0,0,0
2025-10-06 17:30,158,93,65,0,0,0
2025-10-06 17:45,118,58,60,0,0,0
2025-10-06 18:00,119,60,59,0,0,0
2025-10-06 18:15,106,61,45,0,0,0
2025-10-06 18:30,97,43,54,0,0,0
2025-10-06 18:45,111,43,68,0,0,0
2025-10-06 19:00,105,43,62,0,0,0
2025-10-06 19:15,88,34,54,0,0,0
2025-10-06 19:30,68,30,38,0,0,0
2025-10-06 19:45,78,46,32,0,0,0
2025-10-06 20:00,89,48,41,0,0,0
2025-10-06 20:15,62,34,28,0,0,0
2025-10-06 20:30,41,18,23,0,0,0
2025-10-06 20:45,56,29,27,0,0,0
2025-10-06 21:00,44,27,17,0,0,0
2025-10-06 21:15,43,24,19,0,0,0
2025-10-06 21:30,29,12,17,0,0,0
2025-10-06 21:45,43,20,23,0,0,0
2025-10-06 22:00,39,9,30,0,0,0
2025-10-06 22:15,28,10,18,0,0,0
2025-10-06 22:30,32,10,22,0,0,0
2025-10-06 22:45,27,11,16,0,0,0
2025-10-06 23:00,20,9,11,0,0,0
2025-10-06 23:15,24,9,15,0,0,0
2025-10-06 23:30,21,8,13,0,0,0
2025-10-06 23:45,22,5,17,0,0,0
2025-10-07 00:00,17,10,7,0,0,0
2025-10-07 00:15,9,2,7,0,0,0
2025-10-07 00:30,11,1,10,0,0,0
2025-10-07 00:45,19,5,14,0,0,0
2025-10-07 01:00,7,1,6,0,0,0
2025-10-07 01:15,13,3,10,0,0,0
2025-10-07 01:30,15,0,15,0,0,0
2025-10-07 01:45,4,1,3,0,0,0
2025-10-07 02:00,8,0,8,0,0,0
2025-10-07 02:15,6,0,6,0,0,0
2025-10-07 02:30,5,1,4,0,0,0
2025-10-07 02:45,7,0,7,0,0,0
2025-10-07 03:00,0,0,0,0,0,0
2025-10-07 03:15,3,2,1,0,0,0
2025-10-07 03:30,1,0,1,0,0,0
2025-10-07 03:45,2,1,1,0,0,0
2025-10-07 04:00,3,1,2,0,0,0
2025-10-07 04:15,3,1,2,0,0,0
2025-10-07 04:30,2,1,1,0,0,0
2025-10-07 04:45,7,1,6,0,0,0
2025-10-07 05:00,12,8,4,0,0,0
2025-10-07 05:15,8,5,3,0,0,0
2025-10-07 05:30,18,6,12,0,0,0
2025-10-07 05:45,15,4,11,0,0,0
2025-10-07 06:00,18,11,7,0,0,0
2025-10-07 06:15,40,23,17,0,0,0
2025-10-07 06:30,48,29,19,0,0,0
2025-10-07 06:45,71,47,24,0,0,0
2025-10-07 07:00,83,55,28,0,0,0
2025-10-07 07:15,156,96,60,0,0,0
2025-10-07 07:30,196,120,76,0,0,0
2025-10-07 07:45,194,88,106,0,0,0
2025-10-07 08:00,230,75,155,0,0,0
2025-10-07 08:15,195,78,117,0,0,0
2025-10-07 08:30,169,87,82,0,0,0
2025-10-07 08:45,168,75,93,0,0,0
2025-10-07 09:00,127,47,80,0,0,0
2025-10-07 09:15,96,50,46,0,0,0
2025-10-07 09:30,111,74,37,0,0,0
2025-10-07 09:45,125,63,62,0,0,0
2025-10-07 10:00,129,68,61,0,0,0
2025-10-07 10:15,111,49,62,0,0,0
2025-10-07 10:30,93,41,52,0,0,0
2025-10-07 10:45,90,50,40,0,0,0
2025-10-07 11:00,71,31,40,0,0,0
2025-10-07 11:15,91,49,42,0,0,0
2025-10-07 11:30,107,66,41,0,0,0
2025-10-07 11:45,194,94,100,0,0,0
2025-10-07 12:00,158,56,102,0,0,0
2025-10-07 12:15,163,77,86,0,0,0
2025-10-07 12:30,145,73,72,0,0,0
2025-10-07 12:45,178,100,78,0,0,0
2025-10-07 13:00,204,97,107,0,0,0
2025-10-07 13:15,190,81,109,0,0,0
2025-10-07 13:30,143,87,56,0,0,0
2025-10-07 13:45,181,108,73,0,0,0
2025-10-07 14:00,134,69,65,0,0,0
2025-10-07 14:15,136,86,50,0,0,0
2025-10-07 14:30,142,78,64,0,0,0
2025-10-07 14:45,144,84,60,0,0,0
2025-10-07 15:00,129,76,53,0,0,0
2025-10-07 15:15,128,64,64,0,0,0
2025-10-07 15:30,143,82,61,0,0,0
2025-10-07 15:45,157,78,79,0,0,0
2025-10-07 16:00,161,101,60,0,0,0
2025-10-07 16:15,146,83,63,0,0,0
2025-10-07 16:30,153,81,72,0,0,0
2025-10-07 16:45,171,85,86,0,0,0
2025-10-07 17:00,174,106,68,0,0,0
2025-10-07 17:15,162,87,75,0,0,0
2025-10-07 17:30,187,113,74,0,0,0
2025-10-07 17:45,168,91,77,0,0,0
2025-10-07 18:00,117,68,49,0,0,0
2025-10-07 18:15,124,65,59,0,0,0
2025-10-07 18:30,111,64,47,0,0,0
2025-10-07 18:45,132,76,56,0,0,0
2025-10-07 19:00,117,61,56,0,0,0
2025-10-07 19:15,94,46,48,0,0,0
2025-10-07 19:30,84,38,46,0,0,0
2025-10-07 19:45,71,28,43,0,0,0
2025-10-07 20:00,79,38,41,0,0,0
2025-10-07 20:15,59,24,35,0,0,0
2025-10-07 20:30,53,26,27,0,0,0
2025-10-07 20:45,55,32,23,0,0,0
2025-10-07 21:00,51,20,31,0,0,0
2025-10-07 21:15,47,15,32,0,0,0
2025-10-07 21:30,50,24,26,0,0,0
2025-10-07 21:45,48,15,33,0,0,0
2025-10-07 22:00,45,22,23,0,0,0
2025-10-07 22:15,45,13,32,0,0,0
2025-10-07 22:30,42,8,34,0,0,0
2025-10-07 22:45,33,3,30,0,0,0
2025-10-07 23:00,40,14,26,0,0,0
2025-10-07 23:15,30,4,26,0,0,0
2025-10-07 23:30,28,3,25,0,0,0
2025-10-07 23:45,13,2,11,0,0,0
2025-10-08 00:00,31,4,27,0,0,0
2025-10-08 00:15,20,1,19,0,0,0
2025-10-08 00:30,25,3,22,0,0,0
2025-10-08 00:45,19,1,18,0,0,0
2025-10-08 01:00,24,3,21,0,0,0
2025-10-08 01:15,13,2,11,0,0,0
2025-10-08 01:30,14,1,13,0,0,0
2025-10-08 01:45,12,1,11,0,0,0
2025-10-08 02:00,10,3,7,0,0,0
2025-10-08 02:15,10,2,8,0,0,0
2025-10-08 02:30,14,1,13,0,0,0
2025-10-08 02:45,8,0,8,0,0,0
2025-10-08 03:00,2,0,2,0,0,0
2025-10-08 03:15,4,1,3,0,0,0
2025-10-08 03:30,0,0,0,0,0,0
2025-10-08 03:45,1,1,0,0,0,0
2025-10-08 04:00,1,0,1,0,0,0
2025-10-08 04:15,2,1,1,0,0,0
2025-10-08 04:30,3,0,3,0,0,0
2025-10-08 04:45,9,4,5,0,0,0
2025-10-08 05:00,7,5,2,0,0,0
2025-10-08 05:15,10,7,3,0,0,0
2025-10-08 05:30,26,8,18,0,0,0
2025-10-08 05:45,14,7,7,0,0,0
2025-10-08 06:00,17,8,9,0,0,0
2025-10-08 06:15,32,19,13,0,0,0
2025-10-08 06:30,47,29,18,0,0,0
2025-10-08 06:45,68,41,27,0,0,0
2025-10-08 07:00,64,37,27,0,0,0
2025-10-08 07:15,157,101,56,0,0,0
2025-10-08 07:30,169,119,50,0,0,0
2025-10-08 07:45,199,86,113,0,0,0
2025-10-08 08:00,229,82,147,0,0,0
2025-10-08 08:15,189,78,111,0,0,0
2025-10-08 08:30,150,81,69,0,0,0
2025-10-08 08:45,172,71,101,0,0,0
2025-10-08 09:00,175,70,105,0,0,0
2025-10-08 09:15,144,73,71,0,0,0
2025-10-08 09:30,122,62,60,0,0,0
2025-10-08 09:45,134,72,62,0,0,0
2025-10-08 10:00,195,111,84,0,0,0
2025-10-08 10:15,71,37,34,0,0,0
2025-10-08 10:30,62,42,20,0,0,0
2025-10-08 10:45,84,50,34,0,0,0
2025-10-08 11:00,74,32,42,0,0,0
2025-10-08 11:15,84,43,41,0,0,0
2025-10-08 11:30,99,39,60,0,0,0
2025-10-08 11:45,161,80,81,0,0,0
2025-10-08 12:00,121,63,58,0,0,0
2025-10-08 12:15,132,65,67,0,0,0
2025-10-08 12:30,182,92,90,0,0,0
2025-10-08 12:45,150,54,96,0,0,0
2025-10-08 13:00,209,82,127,0,0,0
2025-10-08 13:15,144,60,84,0,0,0
2025-10-08 13:30,221,126,95,0,0,0
2025-10-08 13:45,213,140,73,0,0,0
2025-10-08 14:00,177,106,71,0,0,0
2025-10-08 14:15,161,106,55,0,0,0
2025-10-08 14:30,155,93,62,0,0,0
2025-10-08 14:45,124,67,57,0,0,0
2025-10-08 15:00,146,81,65,0,0,0
2025-10-08 15:15,133,80,53,0,0,0
2025-10-08 15:30,180,103,77,0,0,0
2025-10-08 15:45,188,104,84,0,0,0
2025-10-08 16:00,161,95,66,0,0,0
2025-10-08 16:15,136,62,74,0,0,0
2025-10-08 16:30,150,73,77,0,0,0
2025-10-08 16:45,153,80,73,0,0,0
2025-10-08 17:00,157,86,71,0,0,0
2025-10-08 17:15,160,94,66,0,0,0
2025-10-08 17:30,150,89,61,0,0,0
2025-10-08 17:45,138,74,64,0,0,0
2025-10-08 18:00,149,82,67,0,0,0
2025-10-08 18:15,141,65,76,0,0,0
2025-10-08 18:30,139,78,61,0,0,0
2025-10-08 18:45,132,71,61,0,0,0
2025-10-08 19:00,85,44,41,0,0,0
2025-10-08 19:15,94,48,46,0,0,0
2025-10-08 19:30,95,50,45,0,0,0
2025-10-08 19:45,91,41,50,0,0,0
2025-10-08 20:00,96,55,41,0,0,0
2025-10-08 20:15,66,29,37,0,0,0
2025-10-08 20:30,72,41,31,0,0,0
2025-10-08 20:45,68,39,29,0,0,0
2025-10-08 21:00,67,34,33,0,0,0
2025-10-08 21:15,60,27,33,0,0,0
2025-10-08 21:30,46,18,28,0,0,0
2025-10-08 21:45,40,10,30,0,0,0
2025-10-08 22:00,39,14,25,0,0,0
2025-10-08 22:15,34,13,21,0,0,0
2025-10-08 22:30,39,18,21,0,0,0
2025-10-08 22:45,36,13,23,0,0,0
2025-10-08 23:00,25,9,16,0,0,0
2025-10-08 23:15,33,13,20,0,0,0
2025-10-08 23:30,23,12,11,0,0,0
2025-10-08 23:45,23,12,11,0,0,0
2025-10-09 00:00,21,7,14,0,0,0
2025-10-09 00:15,19,4,15,0,0,0
2025-10-09 00:30,16,6,10,0,0,0
2025-10-09 00:45,17,9,8,0,0,0
2025-10-09 01:00,15,3,12,0,0,0
2025-10-09 01:15,16,4,12,0,0,0
2025-10-09 01:30,11,1,10,0,0,0
2025-10-09 01:45,8,0,8,0,0,0
2025-10-09 02:00,18,0,18,0,0,0
2025-10-09 02:15,14,2,12,0,0,0
2025-10-09 02:30,24,0,24,0,0,0
2025-10-09 02:45,20,0,20,0,0,0
2025-10-09 03:00,12,1,11,0,0,0
2025-10-09 03:15,13,0,13,0,0,0
2025-10-09 03:30,9,1,8,0,0,0
2025-10-09 03:45,12,1,11,0,0,0
2025-10-09 04:00,4,0,4,0,0,0
2025-10-09 04:15,12,1,11,0,0,0
2025-10-09 04:30,11,2,9,0,0,0
2025-10-09 04:45,9,2,7,0,0,0
2025-10-09 05:00,8,4,4,0,0,0
2025-10-09 05:15,8,5,3,0,0,0
2025-10-09 05:30,18,4,14,0,0,0
2025-10-09 05:45,17,6,11,0,0,0
2025-10-09 06:00,19,9,10,0,0,0
2025-10-09 06:15,33,23,10,0,0,0
2025-10-09 06:30,39,20,19,0,0,0
2025-10-09 06:45,52,32,20,0,0,0
2025-10-09 07:00,73,42,31,0,0,0
2025-10-09 07:15,117,84,33,0,0,0
2025-10-09 07:30,179,113,66,0,0,0
2025-10-09 07:45,204,84,120,0,0,0
2025-10-09 08:00,204,73,131,0,0,0
2025-10-09 08:15,163,66,97,0,0,0
2025-10-09 08:30,137,54,83,0,0,0
2025-10-09 08:45,162,58,104,0,0,0
2025-10-09 09:00,122,54,68,0,0,0
2025-10-09 09:15,87,51,36,0,0,0
2025-10-09 09:30,117,57,60,0,0,0
2025-10-09 09:45,131,71,60,0,0,0
2025-10-09 10:00,120,54,66,0,0,0
2025-10-09 10:15,72,33,39,0,0,0
2025-10-09 10:30,72,35,37,0,0,0
2025-10-09 10:45,91,51,40,0,0,0
2025-10-09 11:00,70,32,38,0,0,0
2025-10-09 11:15,79,36,43,0,0,0
2025-10-09 11:30,94,41,53,0,0,0
2025-10-09 11:45,175,81,94,0,0,0
2025-10-09 12:00,150,60,90,0,0,0
2025-10-09 12:15,135,74,61,0,0,0
2025-10-09 12:30,148,71,77,0,0,0
2025-10-09 12:45,178,106,72,0,0,0
2025-10-09 13:00,222,114,108,0,0,0
2025-10-09 13:15,158,72,86,0,0,0
2025-10-09 13:30,169,102,67,0,0,0
2025-10-09 13:45,172,100,72,0,0,0
2025-10-09 14:00,142,85,57,0,0,0
2025-10-09 14:15,167,107,60,0,0,0
2025-10-09 14:30,124,80,44,0,0,0
2025-10-09 14:45,135,90,45,0,0,0
2025-10-09 15:00,164,95,69,0,0,0
2025-10-09 15:15,137,71,66,0,0,0
2025-10-09 15:30,152,84,68,0,0,0
2025-10-09 15:45,179,91,88,0,0,0
2025-10-09 16:00,172,96,76,0,0,0
2025-10-09 16:15,151,86,65,0,0,0
2025-10-09 16:30,151,84,67,0,0,0
2025-10-09 16:45,169,77,92,0,0,0
2025-10-09 17:00,152,92,60,0,0,0
2025-10-09 17:15,155,85,70,0,0,0
2025-10-09 17:30,149,102,47,0,0,0
2025-10-09 17:45,162,91,71,0,0,0
2025-10-09 18:00,135,75,60,0,0,0
2025-10-09 18:15,155,84,71,0,0,0
2025-10-09 18:30,110,58,52,0,0,0
2025-10-09 18:45,126,68,58,0,0,0
2025-10-09 19:00,95,44,51,0,0,0
2025-10-09 19:15,107,47,60,0,0,0
2025-10-09 19:30,87,50,37,0,0,0
2025-10-09 19:45,85,36,49,0,0,0
2025-10-09 20:00,81,35,46,0,0,0
2025-10-09 20:15,62,30,32,0,0,0
2025-10-09 20:30,55,27,28,0,0,0
2025-10-09 20:45,47,26,21,0,0,0
2025-10-09 21:00,54,29,25,0,0,0
2025-10-09 21:15,53,26,27,0,0,0
2025-10-09 21:30,38,18,20,0,0,0
2025-10-09 21:45,27,10,17,0,0,0
2025-10-09 22:00,39,11,28,0,0,0
2025-10-09 22:15,46,19,27,0,0,0
2025-10-09 22:30,46,17,29,0,0,0
2025-10-09 22:45,41,10,31,0,0,0
2025-10-09 23:00,38,6,32,0,0,0
2025-10-09 23:15,26,5,21,0,0,0
2025-10-09 23:30,40,13,27,0,0,0
2025-10-09 23:45,32,6,26,0,0,0
2025-10-10 00:00,35,7,28,0,0,0
2025-10-10 00:15,27,3,24,0,0,0
2025-10-10 00:30,28,2,26,0,0,0
2025-10-10 00:45,17,5,12,0,0,0
2025-10-10 01:00,21,1,20,0,0,0
2025-10-10 01:15,20,2,18,0,0,0
2025-10-10 01:30,18,2,16,0,0,0
2025-10-10 01:45,18,2,16,0,0,0
2025-10-10 02:00,16,0,16,0,0,0
2025-10-10 02:15,7,2,5,0,0,0
2025-10-10 02:30,12,0,12,0,0,0
2025-10-10 02:45,12,0,12,0,0,0
2025-10-10 03:00,4,0,4,0,0,0
2025-10-10 03:15,5,0,5,0,0,0
2025-10-10 03:30,1,0,1,0,0,0
2025-10-10 03:45,6,1,5,0,0,0
2025-10-10 04:00,9,3,6,0,0,0
2025-10-10 04:15,11,4,7,0,0,0
2025-10-10 04:30,9,1,8,0,0,0
2025-10-10 04:45,6,2,4,0,0,0
2025-10-10 05:00,9,5,4,0,0,0
2025-10-10 05:15,6,3,3,0,0,0
2025-10-10 05:30,16,3,13,0,0,0
2025-10-10 05:45,13,5,8,0,0,0
2025-10-10 06:00,14,7,7,0,0,0
2025-10-10 06:15,34,17,17,0,0,0
2025-10-10 06:30,40,25,15,0,0,0
2025-10-10 06:45,51,26,25,0,0,0
2025-10-10 07:00,76,38,38,0,0,0
2025-10-10 07:15,124,82,42,0,0,0
2025-10-10 07:30,161,109,52,0,0,0
2025-10-10 07:45,157,61,96,0,0,0
2025-10-10 08:00,157,57,100,0,0,0
2025-10-10 08:15,129,61,68,0,0,0
2025-10-10 08:30,110,58,52,0,0,0
2025-10-10 08:45,138,54,84,0,0,0
2025-10-10 09:00,102,56,46,0,0,0
2025-10-10 09:15,79,50,29,0,0,0
2025-10-10 09:30,77,39,38,0,0,0
2025-10-10 09:45,108,54,54,0,0,0
2025-10-10 10:00,175,100,75,0,0,0
2025-10-10 10:15,69,40,29,0,0,0
2025-10-10 10:30,65,42,23,0,0,0
2025-10-10 10:45,90,50,40,0,0,0
2025-10-10 11:00,62,36,26,0,0,0
2025-10-10 11:15,60,32,28,0,0,0
2025-10-10 11:30,83,32,51,0,0,0
2025-10-10 11:45,123,63,60,0,0,0
2025-10-10 12:00,123,48,75,0,0,0
2025-10-10 12:15,142,63,79,0,0,0
2025-10-10 12:30,145,74,71,0,0,0
2025-10-10 12:45,201,106,95,0,0,0
2025-10-10 13:00,174,89,85,0,0,0
2025-10-10 13:15,160,66,94,0,0,0
2025-10-10 13:30,160,91,69,0,0,0
2025-10-10 13:45,143,80,63,0,0,0
2025-10-10 14:00,127,55,72,0,0,0
2025-10-10 14:15,143,82,61,0,0,0
2025-10-10 14:30,106,51,55,0,0,0
2025-10-10 14:45,145,78,67,0,0,0
2025-10-10 15:00,173,88,85,0,0,0
2025-10-10 15:15,117,66,51,0,0,0
2025-10-10 15:30,116,59,57,0,0,0
2025-10-10 15:45,138,81,57,0,0,0
2025-10-10 16:00,115,68,47,0,0,0
2025-10-10 16:15,113,63,50,0,0,0
2025-10-10 16:30,125,74,51,0,0,0
2025-10-10 16:45,109,63,46,0,0,0
2025-10-10 17:00,112,53,59,0,0,0
2025-10-10 17:15,132,74,58,0,0,0
2025-10-10 17:30,116,67,49,0,0,0
2025-10-10 17:45,108,60,48,0,0,0
2025-10-10 18:00,118,50,68,0,0,0
2025-10-10 18:15,100,58,42,0,0,0
2025-10-10 18:30,113,58,55,0,0,0
2025-10-10 18:45,94,51,43,0,0,0
2025-10-10 19:00,78,31,47,0,0,0
2025-10-10 19:15,67,41,26,0,0,0
2025-10-10 19:30,72,40,32,0,0,0
2025-10-10 19:45,76,41,35,0,0,0
2025-10-10 20:00,69,26,43,0,0,0
2025-10-10 20:15,69,33,36,0,0,0
2025-10-10 20:30,64,30,34,0,0,0
2025-10-10 20:45,48,28,20,0,0,0
2025-10-10 21:00,45,30,15,0,0,0
2025-10-10 21:15,41,19,22,0,0,0
2025-10-10 21:30,33,16,17,0,0,0
2025-10-10 21:45,21,12,9,0,0,0
2025-10-10 22:00,40,17,23,0,0,0
2025-10-10 22:15,47,19,28,0,0,0
2025-10-10 22:30,24,12,12,0,0,0
2025-10-10 22:45,33,14,19,0,0,0
2025-10-10 23:00,47,13,34,0,0,0
2025-10-10 23:15,34,10,24,0,0,0
2025-10-10 23:30,38,16,22,0,0,0
2025-10-10 23:45,21,5,16,0,0,0
2025-10-11 00:00,24,5,19,0,0,0
2025-10-11 00:15,25,6,19,0,0,0
2025-10-11 00:30,24,5,19,0,0,0
2025-10-11 00:45,23,4,19,0,0,0
2025-10-11 01:00,30,5,25,0,0,0
2025-10-11 01:15,25,5,20,0,0,0
2025-10-11 01:30,24,6,18,0,0,0
2025-10-11 01:45,15,3,12,0,0,0
2025-10-11 02:00,22,5,17,0,0,0
2025-10-11 02:15,17,1,16,0,0,0
2025-10-11 02:30,14,1,13,0,0,0
2025-10-11 02:45,7,0,7,0,0,0
2025-10-11 03:00,9,1,8,0,0,0
2025-10-11 03:15,13,1,12,0,0,0
2025-10-11 03:30,13,3,10,0,0,0
2025-10-11 03:45,16,3,13,0,0,0
2025-10-11 04:00,5,0,5,0,0,0
2025-10-11 04:15,7,0,7,0,0,0
2025-10-11 04:30,6,1,5,0,0,0
2025-10-11 04:45,4,0,4,0,0,0
2025-10-11 05:00,3,1,2,0,0,0
2025-10-11 05:15,6,2,4,0,0,0
2025-10-11 05:30,20,5,15,0,0,0
2025-10-11 05:45,13,2,11,0,0,0
2025-10-11 06:00,11,6,5,0,0,0
2025-10-11 06:15,6,4,2,0,0,0
2025-10-11 06:30,10,8,2,0,0,0
2025-10-11 06:45,12,4,8,0,0,0
2025-10-11 07:00,8,4,4,0,0,0
2025-10-11 07:15,6,4,2,0,0,0
2025-10-11 07:30,12,5,7,0,0,0
2025-10-11 07:45,16,10,6,0,0,0
2025-10-11 08:00,14,9,5,0,0,0
2025-10-11 08:15,20,13,7,0,0,0
2025-10-11 08:30,18,12,6,0,0,0
2025-10-11 08:45,37,23,14,0,0,0
2025-10-11 09:00,25,18,7,0,0,0
2025-10-11 09:15,37,30,7,0,0,0
2025-10-11 09:30,42,23,19,0,0,0
2025-10-11 09:45,55,25,30,0,0,0
2025-10-11 10:00,47,29,18,0,0,0
2025-10-11 10:15,53,34,19,0,0,0
2025-10-11 10:30,36,22,14,0,0,0
2025-10-11 10:45,77,48,29,0,0,0
2025-10-11 11:00,60,41,19,0,0,0
2025-10-11 11:15,51,30,21,0,0,0
2025-10-11 11:30,60,31,29,0,0,0
2025-10-11 11:45,62,39,23,0,0,0
2025-10-11 12:00,49,29,20,0,0,0
2025-10-11 12:15,59,37,22,0,0,0
2025-10-11 12:30,57,19,38,0,0,0
2025-10-11 12:45,69,43,26,0,0,0
2025-10-11 13:00,56,26,30,0,0,0
2025-10-11 13:15,67,34,33,0,0,0
2025-10-11 13:30,59,32,27,0,0,0
2025-10-11 13:45,69,36,33,0,0,0
2025-10-11 14:00,89,43,46,0,0,0
2025-10-11 14:15,72,31,41,0,0,0
2025-10-11 14:30,69,43,26,0,0,0
2025-10-11 14:45,67,30,37,0,0,0
2025-10-11 15:00,74,32,42,0,0,0
2025-10-11 15:15,53,28,25,0,0,0
2025-10-11 15:30,63,28,35,0,0,0
2025-10-11 15:45,61,31,30,0,0,0
2025-10-11 16:00,69,40,29,0,0,0
2025-10-11 16:15,69,33,36,0,0,0
2025-10-11 16:30,64,30,34,0,0,0
2025-10-11 16:45,55,21,34,0,0,0
2025-10-11 17:00,40,18,22,0,0,0
2025-10-11 17:15,70,39,31,0,0,0
2025-10-11 17:30,58,25,33,0,0,0
2025-10-11 17:45,72,40,32,0,0,0
2025-10-11 18:00,69,31,38,0,0,0
2025-10-11 18:15,58,29,29,0,0,0
2025-10-11 18:30,52,20,32,0,0,0
2025-10-11 18:45,52,28,24,0,0,0
2025-10-11 19:00,49,22,27,0,0,0
2025-10-11 19:15,64,29,35,0,0,0
2025-10-11 19:30,47,26,21,0,0,0
2025-10-11 19:45,50,19,31,0,0,0
2025-10-11 20:00,40,16,24,0,0,0
2025-10-11 20:15,34,13,21,0,0,0
2025-10-11 20:30,32,14,18,0,0,0
2025-10-11 20:45,38,20,18,0,0,0
2025-10-11 21:00,34,18,16,0,0,0
2025-10-11 21:15,23,10,13,0,0,0
2025-10-11 21:30,28,14,14,0,0,0
2025-10-11 21:45,28,9,19,0,0,0
2025-10-11 22:00,26,12,14,0,0,0
2025-10-11 22:15,14,6,8,0,0,0
2025-10-11 22:30,38,11,27,0,0,0
2025-10-11 22:45,13,8,5,0,0,0
2025-10-11 23:00,22,7,15,0,0,0
2025-10-11 23:15,23,5,18,0,0,0
2025-10-11 23:30,16,2,14,0,0,0
2025-10-11 23:45,24,5,19,0,0,0
2025-10-12 00:00,22,4,18,0,0,0
2025-10-12 00:15,15,5,10,0,0,0
2025-10-12 00:30,23,4,19,0,0,0
2025-10-12 00:45,27,13,14,0,0,0
2025-10-12 01:00,25,14,11,0,0,0
2025-10-12 01:15,14,5,9,0,0,0
2025-10-12 01:30,12,3,9,0,0,0
2025-10-12 01:45,18,1,17,0,0,0
2025-10-12 02:00,14,5,9,0,0,0
2025-10-12 02:15,9,4,5,0,0,0
2025-10-12 02:30,9,2,7,0,0,0
2025-10-12 02:45,11,1,10,0,0,0
2025-10-12 03:00,9,2,7,0,0,0
2025-10-12 03:15,10,2,8,0,0,0
2025-10-12 03:30,3,0,3,0,0,0
2025-10-12 03:45,5,1,4,0,0,0
2025-10-12 04:00,9,3,6,0,0,0
2025-10-12 04:15,4,0,4,0,0,0
2025-10-12 04:30,4,0,4,0,0,0
2025-10-12 04:45,3,0,3,0,0,0
2025-10-12 05:00,4,1,3,0,0,0
2025-10-12 05:15,7,0,7,0,0,0
2025-10-12 05:30,11,4,7,0,0,0
2025-10-12 05:45,10,1,9,0,0,0
2025-10-12 06:00,6,2,4,0,0,0
2025-10-12 06:15,3,1,2,0,0,0
2025-10-12 06:30,10,7,3,0,0,0
2025-10-12 06:45,6,1,5,0,0,0
2025-10-12 07:00,3,2,1,0,0,0
2025-10-12 07:15,4,4,0,0,0,0
2025-10-12 07:30,5,2,3,0,0,0
2025-10-12 07:45,7,2,5,0,0,0
2025-10-12 08:00,4,0,4,0,0,0
2025-10-12 08:15,11,9,2,0,0,0
2025-10-12 08:30,5,2,3,0,0,0
2025-10-12 08:45,12,7,5,0,0,0
2025-10-12 09:00,10,8,2,0,0,0
2025-10-12 09:15,22,10,12,0,0,0
2025-10-12 09:30,17,9,8,0,0,0
2025-10-12 09:45,39,20,19,0,0,0
2025-10-12 10:00,22,14,8,0,0,0
2025-10-12 10:15,22,14,8,0,0,0
2025-10-12 10:30,29,18,11,0,0,0
2025-10-12 10:45,33,20,13,0,0,0
2025-10-12 11:00,33,20,13,0,0,0
2025-10-12 11:15,37,27,10,0,0,0
2025-10-12 11:30,51,29,22,0,0,0
2025-10-12 11:45,38,22,16,0,0,0
2025-10-12 12:00,43,27,16,0,0,0
2025-10-12 12:15,33,11,22,0,0,0
2025-10-12 12:30,39,18,21,0,0,0
2025-10-12 12:45,51,31,20,0,0,0
2025-10-12 13:00,48,30,18,0,0,0
2025-10-12 13:15,48,23,25,0,0,0
2025-10-12 13:30,41,23,18,0,0,0
2025-10-12 13:45,49,24,25,0,0,0
2025-10-12 14:00,49,30,19,0,0,0
2025-10-12 14:15,48,34,14,0,0,0
2025-10-12 14:30,50,28,22,0,0,0
2025-10-12 14:45,80,48,32,0,0,0
2025-10-12 15:00,73,46,27,0,0,0
2025-10-12 15:15,59,26,33,0,0,0
2025-10-12 15:30,76,49,27,0,0,0
2025-10-12 15:45,68,36,32,0,0,0
2025-10-12 16:00,60,30,30,0,0,0
2025-10-12 16:15,57,25,32,0,0,0
2025-10-12 16:30,55,25,30,0,0,0
2025-10-12 16:45,45,26,19,0,0,0
2025-10-12 17:00,45,22,23,0,0,0
2025-10-12 17:15,50,30,20,0,0,0
2025-10-12 17:30,51,15,36,0,0,0
2025-10-12 17:45,64,30,34,0,0,0
2025-10-12 18:00,49,24,25,0,0,0
2025-10-12 18:15,62,20,42,0,0,0
2025-10-12 18:30,48,25,23,0,0,0
2025-10-12 18:45,48,19,29,0,0,0
2025-10-12 19:00,52,24,28,0,0,0
2025-10-12 19:15,50,19,31,0,0,0
2025-10-12 19:30,43,16,27,0,0,0
2025-10-12 19:45,23,9,14,0,0,0
2025-10-12 20:00,29,7,22,0,0,0
2025-10-12 20:15,38,11,27,0,0,0
2025-10-12 20:30,33,17,16,0,0,0
2025-10-12 20:45,30,15,15,0,0,0
2025-10-12 21:00,30,10,20,0,0,0
2025-10-12 21:15,26,10,16,0,0,0
2025-10-12 21:30,20,4,16,0,0,0
2025-10-12 21:45,24,7,17,0,0,0
2025-10-12 22:00,16,10,6,0,0,0
2025-10-12 22:15,29,8,21,0,0,0
2025-10-12 22:30,20,3,17,0,0,0
2025-10-12 22:45,21,10,11,0,0,0
2025-10-12 23:00,8,2,6,0,0,0
2025-10-12 23:15,11,5,6,0,0,0
2025-10-12 23:30,2,2,0,0,0,0
2025-10-12 23:45,2,1,1,0,0,0
2025-10-13 00:00,9,4,5,0,0,0
2025-10-13 00:15,6,1,5,0,0,0
2025-10-13 00:30,2,0,2,0,0,0
2025-10-13 00:45,1,1,0,0,0,0
2025-10-13 01:00,5,1,4,0,0,0
2025-10-13 01:15,3,2,1,0,0,0
2025-10-13 01:30,4,3,1,0,0,0
2025-10-13 01:45,3,2,1,0,0,0
2025-10-13 02:00,4,1,3,0,0,0
2025-10-13 02:15,4,1,3,0,0,0
2025-10-13 02:30,1,1,0,0,0,0
2025-10-13 02:45,2,0,2,0,0,0
2025-10-13 03:00,0,0,0,0,0,0
2025-10-13 03:15,1,1,0,0,0,0
2025-10-13 03:30,2,0,2,0,0,0
2025-10-13 03:45,0,0,0,0,0,0
2025-10-13 04:00,0,0,0,0,0,0
2025-10-13 04:15,3,3,0,0,0,0
2025-10-13 04:30,6,3,3,0,0,0
2025-10-13 04:45,3,0,3,0,0,0
2025-10-13 05:00,4,2,2,0,0,0
2025-10-13 05:15,6,4,2,0,0,0
2025-10-13 05:30,16,10,6,0,0,0
2025-10-13 05:45,16,5,11,0,0,0
2025-10-13 06:00,13,6,7,0,0,0
2025-10-13 06:15,32,21,11,0,0,0
2025-10-13 06:30,36,20,16,0,0,0
2025-10-13 06:45,55,28,27,0,0,0
2025-10-13 07:00,66,36,30,0,0,0
2025-10-13 07:15,87,41,46,0,0,0
2025-10-13 07:30,122,67,55,0,0,0
2025-10-13 07:45,223,114,109,0,0,0
2025-10-13 08:00,204,80,124,0,0,0
2025-10-13 08:15,165,62,103,0,0,0
2025-10-13 08:30,114,49,65,0,0,0
2025-10-13 08:45,159,52,107,0,0,0
2025-10-13 09:00,139,59,80,0,0,0
2025-10-13 09:15,82,40,42,0,0,0
2025-10-13 09:30,119,52,67,0,0,0
2025-10-13 09:45,235,111,124,0,0,0
2025-10-13 10:00,237,109,128,0,0,0
2025-10-13 10:15,82,38,44,0,0,0
2025-10-13 10:30,55,42,13,0,0,0
2025-10-13 10:45,87,44,43,0,0,0
2025-10-13 11:00,84,34,50,0,0,0
2025-10-13 11:15,105,41,64,0,0,0
2025-10-13 11:30,146,58,88,0,0,0
2025-10-13 11:45,263,148,115,0,0,0
2025-10-13 12:00,221,107,114,0,0,0
2025-10-13 12:15,204,124,80,0,0,0
2025-10-13 12:30,143,60,83,0,0,0
2025-10-13 12:45,165,94,71,0,0,0
2025-10-13 13:00,188,98,90,0,0,0
2025-10-13 13:15,191,100,91,0,0,0
2025-10-13 13:30,207,116,91,0,0,0
2025-10-13 13:45,317,222,95,0,0,0
2025-10-13 14:00,274,181,93,0,0,0
2025-10-13 14:15,187,127,60,0,0,0
2025-10-13 14:30,152,108,44,0,0,0
2025-10-13 14:45,128,79,49,0,0,0
2025-10-13 15:00,128,80,48,0,0,0
2025-10-13 15:15,146,87,59,0,0,0
2025-10-13 15:30,140,90,50,0,0,0
2025-10-13 15:45,270,176,94,0,0,0
2025-10-13 16:00,218,120,98,0,0,0
2025-10-13 16:15,145,80,65,0,0,0
2025-10-13 16:30,136,74,62,0,0,0
2025-10-13 16:45,184,103,81,0,0,0
2025-10-13 17:00,176,107,69,0,0,0
2025-10-13 17:15,162,81,81,0,0,0
2025-10-13 17:30,219,132,87,0,0,0
2025-10-13 17:45,201,81,120,0,0,0
2025-10-13 18:00,163,70,93,0,0,0
2025-10-13 18:15,103,46,57,0,0,0
2025-10-13 18:30,98,49,49,0,0,0
2025-10-13 18:45,96,43,53,0,0,0
2025-10-13 19:00,86,29,57,0,0,0
2025-10-13 19:15,77,31,46,0,0,0
2025-10-13 19:30,75,37,38,0,0,0
2025-10-13 19:45,95,54,41,0,0,0
2025-10-13 20:00,84,36,48,0,0,0
2025-10-13 20:15,52,29,23,0,0,0
2025-10-13 20:30,49,23,26,0,0,0
2025-10-13 20:45,40,18,22,0,0,0
2025-10-13 21:00,48,22,26,0,0,0
2025-10-13 21:15,30,20,10,0,0,0
2025-10-13 21:30,35,15,20,0,0,0
2025-10-13 21:45,33,19,14,0,0,0
2025-10-13 22:00,36,17,19,0,0,0
2025-10-13 22:15,63,28,35,0,0,0
2025-10-13 22:30,27,10,17,0,0,0
2025-10-13 22:45,36,12,24,0,0,0
2025-10-13 23:00,24,6,18,0,0,0
2025-10-13 23:15,18,6,12,0,0,0
2025-10-13 23:30,12,3,9,0,0,0
2025-10-13 23:45,15,5,10,0,0,0
2025-10-14 00:00,16,3,13,0,0,0
2025-10-14 00:15,5,0,5,0,0,0
2025-10-14 00:30,10,4,6,0,0,0
2025-10-14 00:45,5,0,5,0,0,0
2025-10-14 01:00,6,1,5,0,0,0
2025-10-14 01:15,3,1,2,0,0,0
2025-10-14 01:30,3,1,2,0,0,0
2025-10-14 01:45,2,0,2,0,0,0
2025-10-14 02:00,9,0,9,0,0,0
2025-10-14 02:15,0,0,0,0,0,0
2025-10-14 02:30,0,0,0,0,0,0
2025-10-14 02:45,2,1,1,0,0,0
2025-10-14 03:00,0,0,0,0,0,0
2025-10-14 03:15,0,0,0,0,0,0
2025-10-14 03:30,1,0,1,0,0,0
2025-10-14 03:45,2,0,2,0,0,0
2025-10-14 04:00,1,0,1,0,0,0
2025-10-14 04:15,1,1,0,0,0,0
2025-10-14 04:30,6,3,3,0,0,0
2025-10-14 04:45,5,0,5,0,0,0
2025-10-14 05:00,5,4,1,0,0,0
2025-10-14 05:15,5,2,3,0,0,0
2025-10-14 05:30,17,7,10,0,0,0
2025-10-14 05:45,15,4,11,0,0,0
2025-10-14 06:00,19,12,7,0,0,0
2025-10-14 06:15,37,22,15,0,0,0
2025-10-14 06:30,40,21,19,0,0,0
2025-10-14 06:45,69,32,37,0,0,0
2025-10-14 07:00,63,35,28,0,0,0
2025-10-14 07:15,79,41,38,0,0,0
2025-10-14 07:30,121,55,66,0,0,0
2025-10-14 07:45,234,113,121,0,0,0
2025-10-14 08:00,245,112,133,0,0,0
2025-10-14 08:15,193,70,123,0,0,0
2025-10-14 08:30,149,71,78,0,0,0
2025-10-14 08:45,153,49,104,0,0,0
2025-10-14 09:00,133,48,85,0,0,0
2025-10-14 09:15,103,43,60,0,0,0
2025-10-14 09:30,141,75,66,0,0,0
2025-10-14 09:45,320,153,167,0,0,0
2025-10-14 10:00,286,140,146,0,0,0
2025-10-14 10:15,99,43,56,0,0,0
2025-10-14 10:30,86,45,41,0,0,0
2025-10-14 10:45,82,30,52,0,0,0
2025-10-14 11:00,99,43,56,0,0,0
2025-10-14 11:15,136,38,98,0,0,0
2025-10-14 11:30,177,64,113,0,0,0
2025-10-14 11:45,404,254,150,0,0,0
2025-10-14 12:00,300,166,134,0,0,0
2025-10-14 12:15,172,100,72,0,0,0
2025-10-14 12:30,172,95,77,0,0,0
2025-10-14 12:45,172,117,55,0,0,0
2025-10-14 13:00,199,129,70,0,0,0
2025-10-14 13:15,179,85,94,0,0,0
2025-10-14 13:30,202,144,58,0,0,0
2025-10-14 13:45,415,291,124,0,0,0
2025-10-14 14:00,289,191,98,0,0,0
2025-10-14 14:15,117,68,49,0,0,0
2025-10-14 14:30,124,92,32,0,0,0
2025-10-14 14:45,107,62,45,0,0,0
2025-10-14 15:00,107,57,50,0,0,0
2025-10-14 15:15,131,70,61,0,0,0
2025-10-14 15:30,187,118,69,0,0,0
2025-10-14 15:45,289,176,113,0,0,0
2025-10-14 16:00,182,105,77,0,0,0
2025-10-14 16:15,169,83,86,0,0,0
2025-10-14 16:30,146,103,43,0,0,0
2025-10-14 16:45,141,71,70,0,0,0
2025-10-14 17:00,138,68,70,0,0,0
2025-10-14 17:15,134,68,66,0,0,0
2025-10-14 17:30,203,136,67,0,0,0
2025-10-14 17:45,183,93,90,0,0,0
2025-10-14 18:00,182,77,105,0,0,0
2025-10-14 18:15,107,56,51,0,0,0
2025-10-14 18:30,118,49,69,0,0,0
2025-10-14 18:45,134,59,75,0,0,0
2025-10-14 19:00,122,61,61,0,0,0
2025-10-14 19:15,97,42,55,0,0,0
2025-10-14 19:30,70,33,37,0,0,0
2025-10-14 19:45,85,39,46,0,0,0
2025-10-14 20:00,95,50,45,0,0,0
2025-10-14 20:15,65,20,45,0,0,0
2025-10-14 20:30,39,10,29,0,0,0
2025-10-14 20:45,51,24,27,0,0,0
2025-10-14 21:00,49,20,29,0,0,0
2025-10-14 21:15,45,20,25,0,0,0
2025-10-14 21:30,41,20,21,0,0,0
2025-10-14 21:45,49,20,29,0,0,0
2025-10-14 22:00,42,14,28,0,0,0
2025-10-14 22:15,70,36,34,0,0,0
2025-10-14 22:30,44,17,27,0,0,0
2025-10-14 22:45,35,4,31,0,0,0
2025-10-14 23:00,24,6,18,0,0,0
2025-10-14 23:15,34,9,25,0,0,0
2025-10-14 23:30,30,11,19,0,0,0
2025-10-14 23:45,18,5,13,0,0,0
2025-10-15 00:00,10,3,7,0,0,0
2025-10-15 00:15,6,1,5,0,0,0
2025-10-15 00:30,11,0,11,0,0,0
2025-10-15 00:45,5,3,2,0,0,0
2025-10-15 01:00,9,0,9,0,0,0
2025-10-15 01:15,5,3,2,0,0,0
2025-10-15 01:30,4,0,4,0,0,0
2025-10-15 01:45,6,1,5,0,0,0
2025-10-15 02:00,5,1,4,0,0,0
2025-10-15 02:15,3,0,3,0,0,0
2025-10-15 02:30,1,0,1,0,0,0
2025-10-15 02:45,0,0,0,0,0,0
2025-10-15 03:00,0,0,0,0,0,0
2025-10-15 03:15,0,0,0,0,0,0
2025-10-15 03:30,2,0,2,0,0,0
2025-10-15 03:45,0,0,0,0,0,0
2025-10-15 04:00,2,0,2,0,0,0
2025-10-15 04:15,1,1,0,0,0,0
2025-10-15 04:30,4,2,2,0,0,0
2025-10-15 04:45,8,2,6,0,0,0
2025-10-15 05:00,6,4,2,0,0,0
2025-10-15 05:15,4,1,3,0,0,0
2025-10-15 05:30,17,6,11,0,0,0
2025-10-15 05:45,21,8,13,0,0,0
2025-10-15 06:00,15,8,7,0,0,0
2025-10-15 06:15,39,26,13,0,0,0
2025-10-15 06:30,31,18,13,0,0,0
2025-10-15 06:45,60,27,33,0,0,0
2025-10-15 07:00,73,44,29,0,0,0
2025-10-15 07:15,91,48,43,0,0,0
2025-10-15 07:30,121,60,61,0,0,0
2025-10-15 07:45,215,95,120,0,0,0
2025-10-15 08:00,257,96,161,0,0,0
2025-10-15 08:15,201,70,131,0,0,0
2025-10-15 08:30,131,68,63,0,0,0
2025-10-15 08:45,147,57,90,0,0,0
2025-10-15 09:00,137,44,93,0,0,0
2025-10-15 09:15,97,44,53,0,0,0
2025-10-15 09:30,108,51,57,0,0,0
2025-10-15 09:45,271,154,117,0,0,0
2025-10-15 10:00,256,99,157,0,0,0
2025-10-15 10:15,113,49,64,0,0,0
2025-10-15 10:30,85,53,32,0,0,0
2025-10-15 10:45,80,52,28,0,0,0
2025-10-15 11:00,71,41,30,0,0,0
2025-10-15 11:15,118,53,65,0,0,0
2025-10-15 11:30,151,65,86,0,0,0
2025-10-15 11:45,264,154,110,0,0,0
2025-10-15 12:00,235,117,118,0,0,0
2025-10-15 12:15,174,92,82,0,0,0
2025-10-15 12:30,163,99,64,0,0,0
2025-10-15 12:45,155,76,79,0,0,0
2025-10-15 13:00,180,87,93,0,0,0
2025-10-15 13:15,186,82,104,0,0,0
2025-10-15 13:30,145,92,53,0,0,0
2025-10-15 13:45,243,162,81,0,0,0
2025-10-15 14:00,269,169,100,0,0,0
2025-10-15 14:15,157,91,66,0,0,0
2025-10-15 14:30,125,69,56,0,0,0
2025-10-15 14:45,106,66,40,0,0,0
2025-10-15 15:00,104,49,55,0,0,0
2025-10-15 15:15,130,83,47,0,0,0
2025-10-15 15:30,170,97,73,0,0,0
2025-10-15 15:45,253,137,116,0,0,0
2025-10-15 16:00,170,93,77,0,0,0
2025-10-15 16:15,141,70,71,0,0,0
2025-10-15 16:30,172,87,85,0,0,0
2025-10-15 16:45,152,84,68,0,0,0
2025-10-15 17:00,130,66,64,0,0,0
2025-10-15 17:15,142,83,59,0,0,0
2025-10-15 17:30,164,84,80,0,0,0
2025-10-15 17:45,233,94,139,0,0,0
2025-10-15 18:00,183,60,123,0,0,0
2025-10-15 18:15,126,66,60,0,0,0
2025-10-15 18:30,110,58,52,0,0,0
2025-10-15 18:45,122,68,54,0,0,0
2025-10-15 19:00,87,35,52,0,0,0
2025-10-15 19:15,84,40,44,0,0,0
2025-10-15 19:30,80,39,41,0,0,0
2025-10-15 19:45,94,55,39,0,0,0
2025-10-15 20:00,102,39,63,0,0,0
2025-10-15 20:15,65,31,34,0,0,0
2025-10-15 20:30,141,102,39,0,0,0
2025-10-15 20:45,119,94,25,0,0,0
2025-10-15 21:00,74,39,35,0,0,0
2025-10-15 21:15,59,34,25,0,0,0
2025-10-15 21:30,32,10,22,0,0,0
2025-10-15 21:45,48,25,23,0,0,0
2025-10-15 22:00,48,25,23,0,0,0
2025-10-15 22:15,53,24,29,0,0,0
2025-10-15 22:30,48,21,27,0,0,0
2025-10-15 22:45,35,15,20,0,0,0
2025-10-15 23:00,48,24,24,0,0,0
2025-10-15 23:15,29,11,18,0,0,0
2025-10-15 23:30,25,9,16,0,0,0
2025-10-15 23:45,33,11,22,0,0,0
2025-10-16 00:00,29,15,14,0,0,0
2025-10-16 00:15,25,10,15,0,0,0
2025-10-16 00:30,25,12,13,0,0,0
2025-10-16 00:45,17,6,11,0,0,0
2025-10-16 01:00,12,3,9,0,0,0
2025-10-16 01:15,17,1,16,0,0,0
2025-10-16 01:30,10,0,10,0,0,0
2025-10-16 01:45,19,3,16,0,0,0
2025-10-16 02:00,12,0,12,0,0,0
2025-10-16 02:15,12,1,11,0,0,0
2025-10-16 02:30,19,1,18,0,0,0
2025-10-16 02:45,9,4,5,0,0,0
2025-10-16 03:00,8,0,8,0,0,0
2025-10-16 03:15,19,0,19,0,0,0
2025-10-16 03:30,18,3,15,0,0,0
2025-10-16 03:45,12,0,12,0,0,0
2025-10-16 04:00,7,1,6,0,0,0
2025-10-16 04:15,6,2,4,0,0,0
2025-10-16 04:30,10,4,6,0,0,0
2025-10-16 04:45,9,1,8,0,0,0
2025-10-16 05:00,11,5,6,0,0,0
2025-10-16 05:15,8,4,4,0,0,0
2025-10-16 05:30,14,4,10,0,0,0
2025-10-16 05:45,14,8,6,0,0,0
2025-10-16 06:00,17,10,7,0,0,0
2025-10-16 06:15,33,21,12,0,0,0
2025-10-16 06:30,41,29,12,0,0,0
2025-10-16 06:45,61,28,33,0,0,0
2025-10-16 07:00,48,32,16,0,0,0
2025-10-16 07:15,85,39,46,0,0,0
2025-10-16 07:30,117,62,55,0,0,0
2025-10-16 07:45,199,97,102,0,0,0
2025-10-16 08:00,215,79,136,0,0,0
2025-10-16 08:15,195,73,122,0,0,0
2025-10-16 08:30,113,50,63,0,0,0
2025-10-16 08:45,154,54,100,0,0,0
2025-10-16 09:00,107,30,77,0,0,0
2025-10-16 09:15,88,44,44,0,0,0
2025-10-16 09:30,101,42,59,0,0,0
2025-10-16 09:45,221,118,103,0,0,0
2025-10-16 10:00,264,136,128,0,0,0
2025-10-16 10:15,81,32,49,0,0,0
2025-10-16 10:30,69,45,24,0,0,0
2025-10-16 10:45,71,35,36,0,0,0
2025-10-16 11:00,93,48,45,0,0,0
2025-10-16 11:15,117,52,65,0,0,0
2025-10-16 11:30,116,59,57,0,0,0
2025-10-16 11:45,266,146,120,0,0,0
2025-10-16 12:00,212,103,109,0,0,0
2025-10-16 12:15,169,84,85,0,0,0
2025-10-16 12:30,138,79,59,0,0,0
2025-10-16 12:45,152,83,69,0,0,0
2025-10-16 13:00,196,95,101,0,0,0
2025-10-16 13:15,171,82,89,0,0,0
2025-10-16 13:30,185,109,76,0,0,0
2025-10-16 13:45,307,215,92,0,0,0
2025-10-16 14:00,215,133,82,0,0,0
2025-10-16 14:15,142,88,54,0,0,0
2025-10-16 14:30,112,59,53,0,0,0
2025-10-16 14:45,125,73,52,0,0,0
2025-10-16 15:00,116,63,53,0,0,0
2025-10-16 15:15,117,70,47,0,0,0
2025-10-16 15:30,138,88,50,0,0,0
2025-10-16 15:45,330,232,98,0,0,0
2025-10-16 16:00,178,92,86,0,0,0
2025-10-16 16:15,163,95,68,0,0,0
2025-10-16 16:30,115,57,58,0,0,0
2025-10-16 16:45,138,80,58,0,0,0
2025-10-16 17:00,131,73,58,0,0,0
2025-10-16 17:15,167,82,85,0,0,0
2025-10-16 17:30,151,68,83,0,0,0
2025-10-16 17:45,190,106,84,0,0,0
2025-10-16 18:00,133,66,67,0,0,0
2025-10-16 18:15,104,61,43,0,0,0
2025-10-16 18:30,117,54,63,0,0,0
2025-10-16 18:45,115,45,70,0,0,0
2025-10-16 19:00,99,53,46,0,0,0
2025-10-16 19:15,84,38,46,0,0,0
2025-10-16 19:30,65,37,28,0,0,0
2025-10-16 19:45,63,38,25,0,0,0
2025-10-16 20:00,85,48,37,0,0,0
2025-10-16 20:15,59,29,30,0,0,0
2025-10-16 20:30,43,18,25,0,0,0
2025-10-16 20:45,38,18,20,0,0,0
2025-10-16 21:00,48,27,21,0,0,0
2025-10-16 21:15,34,14,20,0,0,0
2025-10-16 21:30,28,8,20,0,0,0
2025-10-16 21:45,37,10,27,0,0,0
2025-10-16 22:00,51,15,36,0,0,0
2025-10-16 22:15,57,29,28,0,0,0
2025-10-16 22:30,37,8,29,0,0,0
2025-10-16 22:45,40,15,25,0,0,0
2025-10-16 23:00,45,15,30,0,0,0
2025-10-16 23:15,19,7,12,0,0,0
2025-10-16 23:30,23,11,12,0,0,0
2025-10-16 23:45,20,7,13,0,0,0
2025-10-17 00:00,10,1,9,0,0,0
2025-10-17 00:15,8,4,4,0,0,0
2025-10-17 00:30,10,2,8,0,0,0
2025-10-17 00:45,8,4,4,0,0,0
2025-10-17 01:00,9,3,6,0,0,0
2025-10-17 01:15,13,7,6,0,0,0
2025-10-17 01:30,11,7,4,0,0,0
2025-10-17 01:45,4,1,3,0,0,0
2025-10-17 02:00,5,0,5,0,0,0
2025-10-17 02:15,6,4,2,0,0,0
2025-10-17 02:30,1,0,1,0,0,0
2025-10-17 02:45,3,1,2,0,0,0
2025-10-17 03:00,2,0,2,0,0,0
2025-10-17 03:15,1,0,1,0,0,0
2025-10-17 03:30,4,1,3,0,0,0
2025-10-17 03:45,3,1,2,0,0,0
2025-10-17 04:00,2,0,2,0,0,0
2025-10-17 04:15,1,1,0,0,0,0
2025-10-17 04:30,5,2,3,0,0,0
2025-10-17 04:45,10,2,8,0,0,0
2025-10-17 05:00,7,4,3,0,0,0
2025-10-17 05:15,4,2,2,0,0,0
2025-10-17 05:30,21,7,14,0,0,0
2025-10-17 05:45,15,5,10,0,0,0
2025-10-17 06:00,12,7,5,0,0,0
2025-10-17 06:15,28,17,11,0,0,0
2025-10-17 06:30,30,13,17,0,0,0
2025-10-17 06:45,43,18,25,0,0,0
2025-10-17 07:00,51,29,22,0,0,0
2025-10-17 07:15,68,39,29,0,0,0
2025-10-17 07:30,104,57,47,0,0,0
2025-10-17 07:45,162,80,82,0,0,0
2025-10-17 08:00,184,76,108,0,0,0
2025-10-17 08:15,135,52,83,0,0,0
2025-10-17 08:30,99,51,48,0,0,0
2025-10-17 08:45,121,50,71,0,0,0
2025-10-17 09:00,121,29,92,0,0,0
2025-10-17 09:15,94,33,61,0,0,0
2025-10-17 09:30,109,41,68,0,0,0
2025-10-17 09:45,186,82,104,0,0,0
2025-10-17 10:00,196,80,116,0,0,0
2025-10-17 10:15,85,54,31,0,0,0
2025-10-17 10:30,61,29,32,0,0,0
2025-10-17 10:45,70,28,42,0,0,0
2025-10-17 11:00,73,37,36,0,0,0
2025-10-17 11:15,92,33,59,0,0,0
2025-10-17 11:30,122,54,68,0,0,0
2025-10-17 11:45,273,156,117,0,0,0
2025-10-17 12:00,194,97,97,0,0,0
2025-10-17 12:15,144,77,67,0,0,0
2025-10-17 12:30,130,72,58,0,0,0
2025-10-17 12:45,146,56,90,0,0,0
2025-10-17 13:00,171,86,85,0,0,0
2025-10-17 13:15,147,75,72,0,0,0
2025-10-17 13:30,138,76,62,0,0,0
2025-10-17 13:45,261,170,91,0,0,0
2025-10-17 14:00,154,95,59,0,0,0
2025-10-17 14:15,137,89,48,0,0,0
2025-10-17 14:30,111,63,48,0,0,0
2025-10-17 14:45,126,61,65,0,0,0
2025-10-17 15:00,128,69,59,0,0,0
2025-10-17 15:15,106,63,43,0,0,0
2025-10-17 15:30,121,74,47,0,0,0
2025-10-17 15:45,149,87,62,0,0,0
2025-10-17 16:00,143,76,67,0,0,0
2025-10-17 16:15,89,43,46,0,0,0
2025-10-17 16:30,111,81,30,0,0,0
2025-10-17 16:45,98,67,31,0,0,0
2025-10-17 17:00,106,62,44,0,0,0
2025-10-17 17:15,106,51,55,0,0,0
2025-10-17 17:30,84,43,41,0,0,0
2025-10-17 17:45,100,47,53,0,0,0
2025-10-17 18:00,69,39,30,0,0,0
2025-10-17 18:15,77,39,38,0,0,0
2025-10-17 18:30,101,52,49,0,0,0
2025-10-17 18:45,109,73,36,0,0,0
2025-10-17 19:00,108,67,41,0,0,0
2025-10-17 19:15,75,42,33,0,0,0
2025-10-17 19:30,69,33,36,0,0,0
2025-10-17 19:45,61,33,28,0,0,0
2025-10-17 20:00,60,28,32,0,0,0
2025-10-17 20:15,51,33,18,0,0,0
2025-10-17 20:30,53,25,28,0,0,0
2025-10-17 20:45,44,26,18,0,0,0
2025-10-17 21:00,50,25,25,0,0,0
2025-10-17 21:15,33,19,14,0,0,0
2025-10-17 21:30,31,12,19,0,0,0
2025-10-17 21:45,31,17,14,0,0,0
2025-10-17 22:00,38,11,27,0,0,0
2025-10-17 22:15,28,13,15,0,0,0
2025-10-17 22:30,28,10,18,0,0,0
2025-10-17 22:45,46,23,23,0,0,0
2025-10-17 23:00,38,17,21,0,0,0
2025-10-17 23:15,27,11,16,0,0,0
2025-10-17 23:30,27,11,16,0,0,0
2025-10-17 23:45,24,8,16,0,0,0
2025-10-18 00:00,24,7,17,0,0,0
2025-10-18 00:15,30,12,18,0,0,0
2025-10-18 00:30,22,6,16,0,0,0
2025-10-18 00:45,19,5,14,0,0,0
2025-10-18 01:00,11,7,4,0,0,0
2025-10-18 01:15,15,4,11,0,0,0
2025-10-18 01:30,11,1,10,0,0,0
2025-10-18 01:45,14,5,9,0,0,0
2025-10-18 02:00,15,3,12,0,0,0
2025-10-18 02:15,12,5,7,0,0,0
2025-10-18 02:30,20,4,16,0,0,0
2025-10-18 02:45,10,3,7,0,0,0
2025-10-18 03:00,14,2,12,0,0,0
2025-10-18 03:15,10,5,5,0,0,0
2025-10-18 03:30,9,2,7,0,0,0
2025-10-18 03:45,9,1,8,0,0,0
2025-10-18 04:00,6,1,5,0,0,0
2025-10-18 04:15,10,4,6,0,0,0
2025-10-18 04:30,9,1,8,0,0,0
2025-10-18 04:45,3,3,0,0,0,0
2025-10-18 05:00,9,1,8,0,0,0
2025-10-18 05:15,6,5,1,0,0,0
2025-10-18 05:30,14,4,10,0,0,0
2025-10-18 05:45,9,2,7,0,0,0
2025-10-18 06:00,10,5,5,0,0,0
2025-10-18 06:15,15,6,9,0,0,0
2025-10-18 06:30,11,4,7,0,0,0
2025-10-18 06:45,9,7,2,0,0,0
2025-10-18 07:00,9,5,4,0,0,0
2025-10-18 07:15,5,4,1,0,0,0
2025-10-18 07:30,9,6,3,0,0,0
2025-10-18 07:45,15,10,5,0,0,0
2025-10-18 08:00,13,10,3,0,0,0
2025-10-18 08:15,15,11,4,0,0,0
2025-10-18 08:30,27,10,17,0,0,0
2025-10-18 08:45,36,21,15,0,0,0
2025-10-18 09:00,22,15,7,0,0,0
2025-10-18 09:15,35,21,14,0,0,0
2025-10-18 09:30,43,34,9,0,0,0
2025-10-18 09:45,43,32,11,0,0,0
2025-10-18 10:00,42,29,13,0,0,0
2025-10-18 10:15,48,35,13,0,0,0
2025-10-18 10:30,63,41,22,0,0,0
2025-10-18 10:45,63,50,13,0,0,0
2025-10-18 11:00,67,43,24,0,0,0
2025-10-18 11:15,41,28,13,0,0,0
2025-10-18 11:30,65,38,27,0,0,0
2025-10-18 11:45,81,57,24,0,0,0
2025-10-18 12:00,68,40,28,0,0,0
2025-10-18 12:15,64,29,35,0,0,0
2025-10-18 12:30,64,29,35,0,0,0
2025-10-18 12:45,71,33,38,0,0,0
2025-10-18 13:00,45,16,29,0,0,0
2025-10-18 13:15,62,31,31,0,0,0
2025-10-18 13:30,69,38,31,0,0,0
2025-10-18 13:45,69,32,37,0,0,0
2025-10-18 14:00,70,31,39,0,0,0
2025-10-18 14:15,74,41,33,0,0,0
2025-10-18 14:30,80,37,43,0,0,0
2025-10-18 14:45,86,36,50,0,0,0
2025-10-18 15:00,78,36,42,0,0,0
2025-10-18 15:15,77,47,30,0,0,0
2025-10-18 15:30,81,33,48,0,0,0
2025-10-18 15:45,72,29,43,0,0,0
2025-10-18 16:00,71,40,31,0,0,0
2025-10-18 16:15,77,28,49,0,0,0
2025-10-18 16:30,61,22,39,0,0,0
2025-10-18 16:45,76,36,40,0,0,0
2025-10-18 17:00,68,29,39,0,0,0
2025-10-18 17:15,69,30,39,0,0,0
2025-10-18 17:30,58,24,34,0,0,0
2025-10-18 17:45,66,38,28,0,0,0
2025-10-18 18:00,53,21,32,0,0,0
2025-10-18 18:15,66,34,32,0,0,0
2025-10-18 18:30,87,42,45,0,0,0
2025-10-18 18:45,54,28,26,0,0,0
2025-10-18 19:00,65,35,30,0,0,0
2025-10-18 19:15,72,39,33,0,0,0
2025-10-18 19:30,56,31,25,0,0,0
2025-10-18 19:45,32,17,15,0,0,0
2025-10-18 20:00,44,22,22,0,0,0
2025-10-18 20:15,38,26,12,0,0,0
2025-10-18 20:30,30,14,16,0,0,0
2025-10-18 20:45,35,15,20,0,0,0
2025-10-18 21:00,39,24,15,0,0,0
2025-10-18 21:15,31,13,18,0,0,0
2025-10-18 21:30,28,14,14,0,0,0
2025-10-18 21:45,31,13,18,0,0,0
2025-10-18 22:00,27,8,19,0,0,0
2025-10-18 22:15,29,6,23,0,0,0
2025-10-18 22:30,29,10,19,0,0,0
2025-10-18 22:45,18,10,8,0,0,0
2025-10-18 23:00,23,1,22,0,0,0
2025-10-18 23:15,33,11,22,0,0,0
2025-10-18 23:30,26,8,18,0,0,0
2025-10-18 23:45,26,10,16,0,0,0
2025-10-19 00:00,23,4,19,0,0,0
2025-10-19 00:15,19,4,15,0,0,0
2025-10-19 00:30,6,2,4,0,0,0
2025-10-19 00:45,17,4,13,0,0,0
2025-10-19 01:00,14,2,12,0,0,0
2025-10-19 01:15,15,4,11,0,0,0
2025-10-19 01:30,24,4,20,0,0,0
2025-10-19 01:45,10,5,5,0,0,0
2025-10-19 02:00,9,1,8,0,0,0
2025-10-19 02:15,7,3,4,0,0,0
2025-10-19 02:30,13,3,10,0,0,0
2025-10-19 02:45,6,2,4,0,0,0
2025-10-19 03:00,13,3,10,0,0,0
2025-10-19 03:15,9,1,8,0,0,0
2025-10-19 03:30,8,0,8,0,0,0
2025-10-19 03:45,7,3,4,0,0,0
2025-10-19 04:00,1,0,1,0,0,0
2025-10-19 04:15,5,0,5,0,0,0
2025-10-19 04:30,4,0,4,0,0,0
2025-10-19 04:45,6,0,6,0,0,0
2025-10-19 05:00,4,1,3,0,0,0
2025-10-19 05:15,5,3,2,0,0,0
2025-10-19 05:30,13,1,12,0,0,0
2025-10-19 05:45,6,0,6,0,0,0
2025-10-19 06:00,5,1,4,0,0,0
2025-10-19 06:15,6,0,6,0,0,0
2025-10-19 06:30,4,2,2,0,0,0
2025-10-19 06:45,8,7,1,0,0,0
2025-10-19 07:00,8,4,4,0,0,0
2025-10-19 07:15,3,1,2,0,0,0
2025-10-19 07:30,7,1,6,0,0,0
2025-10-19 07:45,7,2,5,0,0,0
2025-10-19 08:00,2,2,0,0,0,0
2025-10-19 08:15,8,6,2,0,0,0
2025-10-19 08:30,12,7,5,0,0,0
2025-10-19 08:45,14,6,8,0,0,0
2025-10-19 09:00,9,8,1,0,0,0
2025-10-19 09:15,15,11,4,0,0,0
2025-10-19 09:30,26,11,15,0,0,0
2025-10-19 09:45,25,15,10,0,0,0
2025-10-19 10:00,39,23,16,0,0,0
2025-10-19 10:15,22,17,5,0,0,0
2025-10-19 10:30,15,10,5,0,0,0
2025-10-19 10:45,32,21,11,0,0,0
2025-10-19 11:00,39,20,19,0,0,0
2025-10-19 11:15,27,19,8,0,0,0
2025-10-19 11:30,23,12,11,0,0,0
2025-10-19 11:45,53,29,24,0,0,0
2025-10-19 12:00,35,13,22,0,0,0
2025-10-19 12:15,50,18,32,0,0,0
2025-10-19 12:30,39,16,23,0,0,0
2025-10-19 12:45,44,19,25,0,0,0
2025-10-19 13:00,48,31,17,0,0,0
2025-10-19 13:15,37,20,17,0,0,0
2025-10-19 13:30,58,30,28,0,0,0
2025-10-19 13:45,66,34,32,0,0,0
2025-10-19 14:00,48,28,20,0,0,0
2025-10-19 14:15,63,35,28,0,0,0
2025-10-19 14:30,50,26,24,0,0,0
2025-10-19 14:45,52,32,20,0,0,0
2025-10-19 15:00,52,25,27,0,0,0
2025-10-19 15:15,46,24,22,0,0,0
2025-10-19 15:30,44,14,30,0,0,0
2025-10-19 15:45,54,25,29,0,0,0
2025-10-19 16:00,46,25,21,0,0,0
2025-10-19 16:15,53,33,20,0,0,0
2025-10-19 16:30,69,32,37,0,0,0
2025-10-19 16:45,45,20,25,0,0,0
2025-10-19 17:00,49,32,17,0,0,0
2025-10-19 17:15,74,39,35,0,0,0
2025-10-19 17:30,64,26,38,0,0,0
2025-10-19 17:45,71,29,42,0,0,0
2025-10-19 18:00,62,32,30,0,0,0
2025-10-19 18:15,61,22,39,0,0,0
2025-10-19 18:30,52,27,25,0,0,0
2025-10-19 18:45,70,27,43,0,0,0
2025-10-19 19:00,43,16,27,0,0,0
2025-10-19 19:15,45,17,28,0,0,0
2025-10-19 19:30,38,14,24,0,0,0
2025-10-19 19:45,41,22,19,0,0,0
2025-10-19 20:00,39,11,28,0,0,0
2025-10-19 20:15,46,14,32,0,0,0
2025-10-19 20:30,40,8,32,0,0,0
2025-10-19 20:45,25,8,17,0,0,0
2025-10-19 21:00,32,14,18,0,0,0
2025-10-19 21:15,26,11,15,0,0,0
2025-10-19 21:30,27,5,22,0,0,0
2025-10-19 21:45,23,8,15,0,0,0
2025-10-19 22:00,17,6,11,0,0,0
2025-10-19 22:15,27,14,13,0,0,0
2025-10-19 22:30,19,8,11,0,0,0
2025-10-19 22:45,15,5,10,0,0,0
2025-10-19 23:00,15,3,12,0,0,0
2025-10-19 23:15,9,5,4,0,0,0
2025-10-19 23:30,7,2,5,0,0,0
2025-10-19 23:45,2,0,2,0,0,0
2025-10-20 00:00,9,6,3,0,0,0
2025-10-20 00:15,2,1,1,0,0,0
2025-10-20 00:30,4,2,2,0,0,0
2025-10-20 00:45,1,0,1,0,0,0
2025-10-20 01:00,3,1,2,0,0,0
2025-10-20 01:15,3,3,0,0,0,0
2025-10-20 01:30,1,0,1,0,0,0
2025-10-20 01:45,0,0,0,0,0,0
2025-10-20 02:00,0,0,0,0,0,0
2025-10-20 02:15,4,2,2,0,0,0
2025-10-20 02:30,2,0,2,0,0,0
2025-10-20 02:45,0,0,0,0,0,0
2025-10-20 03:00,0,0,0,0,0,0
2025-10-20 03:15,1,0,1,0,0,0
2025-10-20 03:30,3,0,3,0,0,0
2025-10-20 03:45,0,0,0,0,0,0
2025-10-20 04:00,2,0,2,0,0,0
2025-10-20 04:15,6,5,1,0,0,0
2025-10-20 04:30,4,1,3,0,0,0
2025-10-20 04:45,3,0,3,0,0,0
2025-10-20 05:00,10,5,5,0,0,0
2025-10-20 05:15,7,5,2,0,0,0
2025-10-20 05:30,18,7,11,0,0,0
2025-10-20 05:45,22,7,15,0,0,0
2025-10-20 06:00,10,4,6,0,0,0
2025-10-20 06:15,30,18,12,0,0,0
2025-10-20 06:30,44,25,19,0,0,0
2025-10-20 06:45,49,27,22,0,0,0
2025-10-20 07:00,56,35,21,0,0,0
2025-10-20 07:15,72,32,40,0,0,0
2025-10-20 07:30,121,63,58,0,0,0
2025-10-20 07:45,204,75,129,0,0,0
2025-10-20 08:00,250,78,172,0,0,0
2025-10-20 08:15,177,67,110,0,0,0
2025-10-20 08:30,114,62,52,0,0,0
2025-10-20 08:45,139,61,78,0,0,0
2025-10-20 09:00,124,44,80,0,0,0
2025-10-20 09:15,105,50,55,0,0,0
2025-10-20 09:30,132,78,54,0,0,0
2025-10-20 09:45,263,134,129,0,0,0
2025-10-20 10:00,264,115,149,0,0,0
2025-10-20 10:15,54,29,25,0,0,0
2025-10-20 10:30,63,34,29,0,0,0
2025-10-20 10:45,54,28,26,0,0,0
2025-10-20 11:00,78,26,52,0,0,0
2025-10-20 11:15,127,46,81,0,0,0
2025-10-20 11:30,112,34,78,0,0,0
2025-10-20 11:45,270,141,129,0,0,0
2025-10-20 12:00,258,127,131,0,0,0
2025-10-20 12:15,171,81,90,0,0,0
2025-10-20 12:30,155,98,57,0,0,0
2025-10-20 12:45,154,89,65,0,0,0
2025-10-20 13:00,180,86,94,0,0,0
2025-10-20 13:15,166,79,87,0,0,0
2025-10-20 13:30,159,115,44,0,0,0
2025-10-20 13:45,298,204,94,0,0,0
2025-10-20 14:00,261,168,93,0,0,0
2025-10-20 14:15,146,101,45,0,0,0
2025-10-20 14:30,85,53,32,0,0,0
2025-10-20 14:45,117,63,54,0,0,0
2025-10-20 15:00,109,55,54,0,0,0
2025-10-20 15:15,113,71,42,0,0,0
2025-10-20 15:30,141,88,53,0,0,0
2025-10-20 15:45,382,265,117,0,0,0
2025-10-20 16:00,266,147,119,0,0,0
2025-10-20 16:15,162,91,71,0,0,0
2025-10-20 16:30,115,61,54,0,0,0
2025-10-20 16:45,126,79,47,0,0,0
2025-10-20 17:00,144,87,57,0,0,0
2025-10-20 17:15,156,91,65,0,0,0
2025-10-20 17:30,286,212,74,0,0,0
2025-10-20 17:45,310,169,141,0,0,0
2025-10-20 18:00,217,102,115,0,0,0
2025-10-20 18:15,151,78,73,0,0,0
2025-10-20 18:30,142,84,58,0,0,0
2025-10-20 18:45,129,74,55,0,0,0
2025-10-20 19:00,98,58,40,0,0,0
2025-10-20 19:15,92,50,42,0,0,0
2025-10-20 19:30,102,48,54,0,0,0
2025-10-20 19:45,140,88,52,0,0,0
2025-10-20 20:00,90,39,51,0,0,0
2025-10-20 20:15,63,27,36,0,0,0
2025-10-20 20:30,38,14,24,0,0,0
2025-10-20 20:45,43,21,22,0,0,0
2025-10-20 21:00,52,33,19,0,0,0
2025-10-20 21:15,40,17,23,0,0,0
2025-10-20 21:30,27,10,17,0,0,0
2025-10-20 21:45,39,14,25,0,0,0
2025-10-20 22:00,54,20,34,0,0,0
2025-10-20 22:15,38,8,30,0,0,0
2025-10-20 22:30,49,16,33,0,0,0
2025-10-20 22:45,34,18,16,0,0,0
2025-10-20 23:00,28,11,17,0,0,0
2025-10-20 23:15,21,1,20,0,0,0
2025-10-20 23:30,23,4,19,0,0,0
2025-10-20 23:45,16,1,15,0,0,0
2025-10-21 00:00,19,5,14,0,0,0
2025-10-21 00:15,9,1,8,0,0,0
2025-10-21 00:30,9,5,4,0,0,0
2025-10-21 00:45,7,1,6,0,0,0
2025-10-21 01:00,11,0,11,0,0,0
2025-10-21 01:15,10,2,8,0,0,0
2025-10-21 01:30,5,0,5,0,0,0
2025-10-21 01:45,11,2,9,0,0,0
2025-10-21 02:00,6,1,5,0,0,0
2025-10-21 02:15,4,1,3,0,0,0
2025-10-21 02:30,1,0,1,0,0,0
2025-10-21 02:45,5,0,5,0,0,0
2025-10-21 03:00,8,1,7,0,0,0
2025-10-21 03:15,3,1,2,0,0,0
2025-10-21 03:30,2,1,1,0,0,0
2025-10-21 03:45,4,0,4,0,0,0
2025-10-21 04:00,3,2,1,0,0,0
2025-10-21 04:15,5,2,3,0,0,0
2025-10-21 04:30,3,0,3,0,0,0
2025-10-21 04:45,3,1,2,0,0,0
2025-10-21 05:00,14,8,6,0,0,0
2025-10-21 05:15,8,7,1,0,0,0
2025-10-21 05:30,18,5,13,0,0,0
2025-10-21 05:45,20,5,15,0,0,0
2025-10-21 06:00,18,13,5,0,0,0
2025-10-21 06:15,26,15,11,0,0,0
2025-10-21 06:30,43,22,21,0,0,0
2025-10-21 06:45,62,27,35,0,0,0
2025-10-21 07:00,56,31,25,0,0,0
2025-10-21 07:15,77,38,39,0,0,0
2025-10-21 07:30,123,58,65,0,0,0
2025-10-21 07:45,194,88,106,0,0,0
2025-10-21 08:00,280,95,185,0,0,0
2025-10-21 08:15,210,71,139,0,0,0
2025-10-21 08:30,97,48,49,0,0,0
2025-10-21 08:45,116,35,81,0,0,0
2025-10-21 09:00,101,35,66,0,0,0
2025-10-21 09:15,93,35,58,0,0,0
2025-10-21 09:30,104,55,49,0,0,0
2025-10-21 09:45,316,191,125,0,0,0
2025-10-21 10:00,300,137,163,0,0,0
2025-10-21 10:15,94,41,53,0,0,0
2025-10-21 10:30,55,32,23,0,0,0
2025-10-21 10:45,86,36,50,0,0,0
2025-10-21 11:00,80,31,49,0,0,0
2025-10-21 11:15,77,28,49,0,0,0
2025-10-21 11:30,81,38,43,0,0,0
2025-10-21 11:45,335,202,133,0,0,0
2025-10-21 12:00,290,139,151,0,0,0
2025-10-21 12:15,210,100,110,0,0,0
2025-10-21 12:30,141,83,58,0,0,0
2025-10-21 12:45,182,103,79,0,0,0
2025-10-21 13:00,186,103,83,0,0,0
2025-10-21 13:15,199,98,101,0,0,0
2025-10-21 13:30,208,141,67,0,0,0
2025-10-21 13:45,414,305,109,0,0,0
2025-10-21 14:00,264,163,101,0,0,0
2025-10-21 14:15,118,82,36,0,0,0
2025-10-21 14:30,111,70,41,0,0,0
2025-10-21 14:45,116,61,55,0,0,0
2025-10-21 15:00,100,55,45,0,0,0
2025-10-21 15:15,127,67,60,0,0,0
2025-10-21 15:30,188,139,49,0,0,0
2025-10-21 15:45,306,197,109,0,0,0
2025-10-21 16:00,234,136,98,0,0,0
2025-10-21 16:15,142,69,73,0,0,0
2025-10-21 16:30,121,70,51,0,0,0
2025-10-21 16:45,118,72,46,0,0,0
2025-10-21 17:00,135,73,62,0,0,0
2025-10-21 17:15,177,107,70,0,0,0
2025-10-21 17:30,215,131,84,0,0,0
2025-10-21 17:45,260,165,95,0,0,0
2025-10-21 18:00,199,103,96,0,0,0
2025-10-21 18:15,134,68,66,0,0,0
2025-10-21 18:30,105,48,57,0,0,0
2025-10-21 18:45,116,47,69,0,0,0
2025-10-21 19:00,106,49,57,0,0,0
2025-10-21 19:15,84,52,32,0,0,0
2025-10-21 19:30,88,47,41,0,0,0
2025-10-21 19:45,105,50,55,0,0,0
2025-10-21 20:00,71,23,48,0,0,0
2025-10-21 20:15,73,23,50,0,0,0
2025-10-21 20:30,54,21,33,0,0,0
2025-10-21 20:45,57,17,40,0,0,0
2025-10-21 21:00,57,32,25,0,0,0
2025-10-21 21:15,45,19,26,0,0,0
2025-10-21 21:30,43,22,21,0,0,0
2025-10-21 21:45,33,15,18,0,0,0
2025-10-21 22:00,45,16,29,0,0,0
2025-10-21 22:15,52,34,18,0,0,0
2025-10-21 22:30,37,13,24,0,0,0
2025-10-21 22:45,30,9,21,0,0,0
2025-10-21 23:00,41,18,23,0,0,0
2025-10-21 23:15,25,8,17,0,0,0
2025-10-21 23:30,21,8,13,0,0,0
2025-10-21 23:45,17,6,11,0,0,0
2025-10-22 00:00,19,4,15,0,0,0
2025-10-22 00:15,14,7,7,0,0,0
2025-10-22 00:30,3,1,2,0,0,0
2025-10-22 00:45,4,0,4,0,0,0
2025-10-22 01:00,3,1,2,0,0,0
2025-10-22 01:15,5,2,3,0,0,0
2025-10-22 01:30,2,1,1,0,0,0
2025-10-22 01:45,2,1,1,0,0,0
2025-10-22 02:00,2,0,2,0,0,0
2025-10-22 02:15,3,1,2,0,0,0
2025-10-22 02:30,2,0,2,0,0,0
2025-10-22 02:45,1,0,1,0,0,0
2025-10-22 03:00,0,0,0,0,0,0
2025-10-22 03:15,1,0,1,0,0,0
2025-10-22 03:30,1,1,0,0,0,0
2025-10-22 03:45,1,0,1,0,0,0
2025-10-22 04:00,2,0,2,0,0,0
2025-10-22 04:15,1,0,1,0,0,0
2025-10-22 04:30,7,4,3,0,0,0
2025-10-22 04:45,2,1,1,0,0,0
2025-10-22 05:00,8,3,5,0,0,0
2025-10-22 05:15,8,5,3,0,0,0
2025-10-22 05:30,22,10,12,0,0,0
2025-10-22 05:45,15,4,11,0,0,0
2025-10-22 06:00,24,14,10,0,0,0
2025-10-22 06:15,41,24,17,0,0,0
2025-10-22 06:30,53,32,21,0,0,0
2025-10-22 06:45,57,35,22,0,0,0
2025-10-22 07:00,63,36,27,0,0,0
2025-10-22 07:15,86,42,44,0,0,0
2025-10-22 07:30,127,55,72,0,0,0
2025-10-22 07:45,238,84,154,0,0,0
2025-10-22 08:00,298,127,171,0,0,0
2025-10-22 08:15,209,66,143,0,0,0
2025-10-22 08:30,113,55,58,0,0,0
2025-10-22 08:45,141,57,84,0,0,0
2025-10-22 09:00,107,49,58,0,0,0
2025-10-22 09:15,99,47,52,0,0,0
2025-10-22 09:30,110,71,39,0,0,0
2025-10-22 09:45,264,163,101,0,0,0
2025-10-22 10:00,294,133,161,0,0,0
2025-10-22 10:15,116,53,63,0,0,0
2025-10-22 10:30,83,47,36,0,0,0
2025-10-22 10:45,83,45,38,0,0,0
2025-10-22 11:00,104,53,51,0,0,0
2025-10-22 11:15,161,96,65,0,0,0
2025-10-22 11:30,166,79,87,0,0,0
2025-10-22 11:45,336,199,137,0,0,0
2025-10-22 12:00,286,154,132,0,0,0
2025-10-22 12:15,204,104,100,0,0,0
2025-10-22 12:30,178,105,73,0,0,0
2025-10-22 12:45,172,88,84,0,0,0
2025-10-22 13:00,227,112,115,0,0,0
2025-10-22 13:15,168,85,83,0,0,0
2025-10-22 13:30,176,114,62,0,0,0
2025-10-22 13:45,311,201,110,0,0,0
2025-10-22 14:00,254,162,92,0,0,0
2025-10-22 14:15,159,98,61,0,0,0
2025-10-22 14:30,131,80,51,0,0,0
2025-10-22 14:45,130,69,61,0,0,0
2025-10-22 15:00,106,55,51,0,0,0
2025-10-22 15:15,107,54,53,0,0,0
2025-10-22 15:30,155,88,67,0,0,0
2025-10-22 15:45,286,157,129,0,0,0
2025-10-22 16:00,223,108,115,0,0,0
2025-10-22 16:15,160,92,68,0,0,0
2025-10-22 16:30,158,96,62,0,0,0
2025-10-22 16:45,158,87,71,0,0,0
2025-10-22 17:00,156,86,70,0,0,0
2025-10-22 17:15,162,108,54,0,0,0
2025-10-22 17:30,172,103,69,0,0,0
2025-10-22 17:45,258,167,91,0,0,0
2025-10-22 18:00,264,154,110,0,0,0
2025-10-22 18:15,157,73,84,0,0,0
2025-10-22 18:30,114,52,62,0,0,0
2025-10-22 18:45,155,75,80,0,0,0
2025-10-22 19:00,129,75,54,0,0,0
2025-10-22 19:15,112,61,51,0,0,0
2025-10-22 19:30,92,41,51,0,0,0
2025-10-22 19:45,106,61,45,0,0,0
2025-10-22 20:00,103,42,61,0,0,0
2025-10-22 20:15,78,42,36,0,0,0
2025-10-22 20:30,55,26,29,0,0,0
2025-10-22 20:45,68,40,28,0,0,0
2025-10-22 21:00,69,38,31,0,0,0
2025-10-22 21:15,62,31,31,0,0,0
2025-10-22 21:30,52,17,35,0,0,0
2025-10-22 21:45,45,21,24,0,0,0
2025-10-22 22:00,54,21,33,0,0,0
2025-10-22 22:15,65,23,42,0,0,0
2025-10-22 22:30,51,15,36,0,0,0
2025-10-22 22:45,38,9,29,0,0,0
2025-10-22 23:00,48,18,30,0,0,0
2025-10-22 23:15,37,15,22,0,0,0
2025-10-22 23:30,36,12,24,0,0,0
2025-10-22 23:45,23,10,13,0,0,0
2025-10-23 00:00,31,7,24,0,0,0
2025-10-23 00:15,22,9,13,0,0,0
2025-10-23 00:30,13,3,10,0,0,0
2025-10-23 00:45,13,2,11,0,0,0
2025-10-23 01:00,25,6,19,0,0,0
2025-10-23 01:15,7,1,6,0,0,0
2025-10-23 01:30,12,2,10,0,0,0
2025-10-23 01:45,13,2,11,0,0,0
2025-10-23 02:00,16,0,16,0,0,0
2025-10-23 02:15,9,0,9,0,0,0
2025-10-23 02:30,7,3,4,0,0,0
2025-10-23 02:45,11,0,11,0,0,0
2025-10-23 03:00,10,1,9,0,0,0
2025-10-23 03:15,6,1,5,0,0,0
2025-10-23 03:30,10,1,9,0,0,0
2025-10-23 03:45,4,2,2,0,0,0
2025-10-23 04:00,7,1,6,0,0,0
2025-10-23 04:15,5,2,3,0,0,0
2025-10-23 04:30,9,3,6,0,0,0
2025-10-23 04:45,4,1,3,0,0,0
2025-10-23 05:00,11,6,5,0,0,0
2025-10-23 05:15,11,9,2,0,0,0
2025-10-23 05:30,20,8,12,0,0,0
2025-10-23 05:45,17,5,12,0,0,0
2025-10-23 06:00,11,5,6,0,0,0
2025-10-23 06:15,20,12,8,0,0,0
2025-10-23 06:30,36,15,21,0,0,0
2025-10-23 06:45,53,28,25,0,0,0
2025-10-23 07:00,50,26,24,0,0,0
2025-10-23 07:15,66,29,37,0,0,0
2025-10-23 07:30,95,46,49,0,0,0
2025-10-23 07:45,179,76,103,0,0,0
2025-10-23 08:00,250,86,164,0,0,0
2025-10-23 08:15,201,77,124,0,0,0
2025-10-23 08:30,96,49,47,0,0,0
2025-10-23 08:45,145,53,92,0,0,0
2025-10-23 09:00,92,21,71,0,0,0
2025-10-23 09:15,60,31,29,0,0,0
2025-10-23 09:30,87,54,33,0,0,0
2025-10-23 09:45,249,146,103,0,0,0
2025-10-23 10:00,292,126,166,0,0,0
2025-10-23 10:15,102,54,48,0,0,0
2025-10-23 10:30,64,42,22,0,0,0
2025-10-23 10:45,79,37,42,0,0,0
2025-10-23 11:00,67,34,33,0,0,0
2025-10-23 11:15,93,35,58,0,0,0
2025-10-23 11:30,105,55,50,0,0,0
2025-10-23 11:45,322,190,132,0,0,0
2025-10-23 12:00,287,135,152,0,0,0
2025-10-23 12:15,198,104,94,0,0,0
2025-10-23 12:30,134,73,61,0,0,0
2025-10-23 12:45,172,118,54,0,0,0
2025-10-23 13:00,186,91,95,0,0,0
2025-10-23 13:15,184,79,105,0,0,0
2025-10-23 13:30,197,106,91,0,0,0
2025-10-23 13:45,310,192,118,0,0,0
2025-10-23 14:00,264,147,117,0,0,0
2025-10-23 14:15,106,63,43,0,0,0
2025-10-23 14:30,106,61,45,0,0,0
2025-10-23 14:45,129,81,48,0,0,0
2025-10-23 15:00,102,48,54,0,0,0
2025-10-23 15:15,146,88,58,0,0,0
2025-10-23 15:30,148,76,72,0,0,0
2025-10-23 15:45,230,130,100,0,0,0
2025-10-23 16:00,174,84,90,0,0,0
2025-10-23 16:15,133,87,46,0,0,0
2025-10-23 16:30,93,50,43,0,0,0
2025-10-23 16:45,96,57,39,0,0,0
2025-10-23 17:00,95,55,40,0,0,0
2025-10-23 17:15,113,78,35,0,0,0
2025-10-23 17:30,139,96,43,0,0,0
2025-10-23 17:45,187,114,73,0,0,0
2025-10-23 18:00,198,148,50,0,0,0
2025-10-23 18:15,107,61,46,0,0,0
2025-10-23 18:30,70,34,36,0,0,0
2025-10-23 18:45,68,32,36,0,0,0
2025-10-23 19:00,86,41,45,0,0,0
2025-10-23 19:15,66,27,39,0,0,0
2025-10-23 19:30,54,17,37,0,0,0
2025-10-23 19:45,65,28,37,0,0,0
2025-10-23 20:00,59,34,25,0,0,0
2025-10-23 20:15,51,18,33,0,0,0
2025-10-23 20:30,35,21,14,0,0,0
2025-10-23 20:45,38,16,22,0,0,0
2025-10-23 21:00,28,13,15,0,0,0
2025-10-23 21:15,27,12,15,0,0,0
2025-10-23 21:30,35,9,26,0,0,0
2025-10-23 21:45,23,6,17,0,0,0
2025-10-23 22:00,41,25,16,0,0,0
2025-10-23 22:15,43,22,21,0,0,0
2025-10-23 22:30,29,11,18,0,0,0
2025-10-23 22:45,25,12,13,0,0,0
2025-10-23 23:00,31,17,14,0,0,0
2025-10-23 23:15,17,2,15,0,0,0
2025-10-23 23:30,19,6,13,0,0,0
2025-10-23 23:45,14,6,8,0,0,0
2025-10-24 00:00,10,1,9,0,0,0
2025-10-24 00:15,4,2,2,0,0,0
2025-10-24 00:30,5,1,4,0,0,0
2025-10-24 00:45,16,10,6,0,0,0
2025-10-24 01:00,3,2,1,0,0,0
2025-10-24 01:15,7,3,4,0,0,0
2025-10-24 01:30,12,0,12,0,0,0
2025-10-24 01:45,7,1,6,0,0,0
2025-10-24 02:00,4,1,3,0,0,0
2025-10-24 02:15,1,0,1,0,0,0
2025-10-24 02:30,1,1,0,0,0,0
2025-10-24 02:45,5,1,4,0,0,0
2025-10-24 03:00,1,0,1,0,0,0
2025-10-24 03:15,3,1,2,0,0,0
2025-10-24 03:30,1,0,1,0,0,0
2025-10-24 03:45,1,1,0,0,0,0
2025-10-24 04:00,1,0,1,0,0,0
2025-10-24 04:15,3,1,2,0,0,0
2025-10-24 04:30,2,2,0,0,0,0
2025-10-24 04:45,4,1,3,0,0,0
2025-10-24 05:00,5,4,1,0,0,0
2025-10-24 05:15,10,7,3,0,0,0
2025-10-24 05:30,10,4,6,0,0,0
2025-10-24 05:45,16,2,14,0,0,0
2025-10-24 06:00,11,4,7,0,0,0
2025-10-24 06:15,29,14,15,0,0,0
2025-10-24 06:30,42,26,16,0,0,0
2025-10-24 06:45,42,24,18,0,0,0
2025-10-24 07:00,50,28,22,0,0,0
2025-10-24 07:15,52,24,28,0,0,0
2025-10-24 07:30,93,37,56,0,0,0
2025-10-24 07:45,153,68,85,0,0,0
2025-10-24 08:00,238,89,149,0,0,0
2025-10-24 08:15,146,59,87,0,0,0
2025-10-24 08:30,101,49,52,0,0,0
2025-10-24 08:45,116,48,68,0,0,0
2025-10-24 09:00,88,32,56,0,0,0
2025-10-24 09:15,75,38,37,0,0,0
2025-10-24 09:30,88,41,47,0,0,0
2025-10-24 09:45,198,107,91,0,0,0
2025-10-24 10:00,233,89,144,0,0,0
2025-10-24 10:15,75,40,35,0,0,0
2025-10-24 10:30,57,32,25,0,0,0
2025-10-24 10:45,65,30,35,0,0,0
2025-10-24 11:00,71,27,44,0,0,0
2025-10-24 11:15,69,41,28,0,0,0
2025-10-24 11:30,117,46,71,0,0,0
2025-10-24 11:45,292,168,124,0,0,0
2025-10-24 12:00,213,105,108,0,0,0
2025-10-24 12:15,152,80,72,0,0,0
2025-10-24 12:30,139,75,64,0,0,0
2025-10-24 12:45,103,63,40,0,0,0
2025-10-24 13:00,154,75,79,0,0,0
2025-10-24 13:15,133,75,58,0,0,0
2025-10-24 13:30,130,70,60,0,0,0
2025-10-24 13:45,228,137,91,0,0,0
2025-10-24 14:00,171,112,59,0,0,0
2025-10-24 14:15,129,75,54,0,0,0
2025-10-24 14:30,117,83,34,0,0,0
2025-10-24 14:45,130,81,49,0,0,0
2025-10-24 15:00,108,69,39,0,0,0
2025-10-24 15:15,108,66,42,0,0,0
2025-10-24 15:30,103,64,39,0,0,0
2025-10-24 15:45,127,67,60,0,0,0
2025-10-24 16:00,98,54,44,0,0,0
2025-10-24 16:15,105,57,48,0,0,0
2025-10-24 16:30,101,59,42,0,0,0
2025-10-24 16:45,90,46,44,0,0,0
2025-10-24 17:00,96,49,47,0,0,0
2025-10-24 17:15,93,56,37,0,0,0
2025-10-24 17:30,88,43,45,0,0,0
2025-10-24 17:45,96,59,37,0,0,0
2025-10-24 18:00,86,51,35,0,0,0
2025-10-24 18:15,89,47,42,0,0,0
2025-10-24 18:30,85,42,43,0,0,0
2025-10-24 18:45,84,45,39,0,0,0
2025-10-24 19:00,78,40,38,0,0,0
2025-10-24 19:15,71,32,39,0,0,0
2025-10-24 19:30,55,26,29,0,0,0
2025-10-24 19:45,65,38,27,0,0,0
2025-10-24 20:00,68,29,39,0,0,0
2025-10-24 20:15,40,21,19,0,0,0
2025-10-24 20:30,43,20,23,0,0,0
2025-10-24 20:45,34,14,20,0,0,0
2025-10-24 21:00,53,32,21,0,0,0
2025-10-24 21:15,40,20,20,0,0,0
2025-10-24 21:30,28,12,16,0,0,0
2025-10-24 21:45,25,6,19,0,0,0
2025-10-24 22:00,35,10,25,0,0,0
2025-10-24 22:15,49,21,28,0,0,0
2025-10-24 22:30,34,6,28,0,0,0
2025-10-24 22:45,23,9,14,0,0,0
2025-10-24 23:00,24,5,19,0,0,0
2025-10-24 23:15,26,10,16,0,0,0
2025-10-24 23:30,22,5,17,0,0,0
2025-10-24 23:45,26,10,16,0,0,0
2025-10-25 00:00,30,6,24,0,0,0
2025-10-25 00:15,14,5,9,0,0,0
2025-10-25 00:30,14,3,11,0,0,0
2025-10-25 00:45,26,9,17,0,0,0
2025-10-25 01:00,9,0,9,0,0,0
2025-10-25 01:15,16,1,15,0,0,0
2025-10-25 01:30,12,6,6,0,0,0
2025-10-25 01:45,10,4,6,0,0,0
2025-10-25 02:00,23,7,16,0,0,0
2025-10-25 02:15,9,1,8,0,0,0
2025-10-25 02:30,10,4,6,0,0,0
2025-10-25 02:45,10,2,8,0,0,0
2025-10-25 03:00,9,0,9,0,0,0
2025-10-25 03:15,3,2,1,0,0,0
2025-10-25 03:30,9,2,7,0,0,0
2025-10-25 03:45,6,0,6,0,0,0
2025-10-25 04:00,4,0,4,0,0,0
2025-10-25 04:15,4,1,3,0,0,0
2025-10-25 04:30,5,2,3,0,0,0
2025-10-25 04:45,11,4,7,0,0,0
2025-10-25 05:00,6,1,5,0,0,0
2025-10-25 05:15,3,1,2,0,0,0
2025-10-25 05:30,11,4,7,0,0,0
2025-10-25 05:45,12,4,8,0,0,0
2025-10-25 06:00,6,2,4,0,0,0
2025-10-25 06:15,12,5,7,0,0,0
2025-10-25 06:30,12,10,2,0,0,0
2025-10-25 06:45,10,5,5,0,0,0
2025-10-25 07:00,4,1,3,0,0,0
2025-10-25 07:15,6,3,3,0,0,0
2025-10-25 07:30,10,5,5,0,0,0
2025-10-25 07:45,16,9,7,0,0,0
2025-10-25 08:00,11,8,3,0,0,0
2025-10-25 08:15,13,12,1,0,0,0
2025-10-25 08:30,23,13,10,0,0,0
2025-10-25 08:45,35,15,20,0,0,0
2025-10-25 09:00,28,16,12,0,0,0
2025-10-25 09:15,21,12,9,0,0,0
2025-10-25 09:30,38,23,15,0,0,0
2025-10-25 09:45,38,26,12,0,0,0
2025-10-25 10:00,32,25,7,0,0,0
2025-10-25 10:15,36,27,9,0,0,0
2025-10-25 10:30,35,19,16,0,0,0
2025-10-25 10:45,50,31,19,0,0,0
2025-10-25 11:00,34,21,13,0,0,0
2025-10-25 11:15,45,30,15,0,0,0
2025-10-25 11:30,26,16,10,0,0,0
2025-10-25 11:45,45,32,13,0,0,0
2025-10-25 12:00,41,24,17,0,0,0
2025-10-25 12:15,62,37,25,0,0,0
2025-10-25 12:30,57,30,27,0,0,0
2025-10-25 12:45,57,22,35,0,0,0
2025-10-25 13:00,44,20,24,0,0,0
2025-10-25 13:15,56,26,30,0,0,0
2025-10-25 13:30,47,24,23,0,0,0
2025-10-25 13:45,50,27,23,0,0,0
2025-10-25 14:00,26,9,17,0,0,0
2025-10-25 14:15,40,20,20,0,0,0
2025-10-25 14:30,35,14,21,0,0,0
2025-10-25 14:45,49,25,24,0,0,0
2025-10-25 15:00,43,19,24,0,0,0
2025-10-25 15:15,55,25,30,0,0,0
2025-10-25 15:30,43,20,23,0,0,0
2025-10-25 15:45,46,29,17,0,0,0
2025-10-25 16:00,32,17,15,0,0,0
2025-10-25 16:15,34,25,9,0,0,0
2025-10-25 16:30,36,19,17,0,0,0
2025-10-25 16:45,45,17,28,0,0,0
2025-10-25 17:00,23,15,8,0,0,0
2025-10-25 17:15,51,27,24,0,0,0
2025-10-25 17:30,54,29,25,0,0,0
2025-10-25 17:45,48,27,21,0,0,0
2025-10-25 18:00,57,24,33,0,0,0
2025-10-25 18:15,39,22,17,0,0,0
2025-10-25 18:30,47,23,24,0,0,0
2025-10-25 18:45,57,24,33,0,0,0
2025-10-25 19:00,65,29,36,0,0,0
2025-10-25 19:15,57,25,32,0,0,0
2025-10-25 19:30,45,21,24,0,0,0
2025-10-25 19:45,33,16,17,0,0,0
2025-10-25 20:00,51,20,31,0,0,0
2025-10-25 20:15,46,17,29,0,0,0
2025-10-25 20:30,37,15,22,0,0,0
2025-10-25 20:45,39,21,18,0,0,0
2025-10-25 21:00,43,20,23,0,0,0
2025-10-25 21:15,24,14,10,0,0,0
2025-10-25 21:30,12,9,3,0,0,0
2025-10-25 21:45,26,12,14,0,0,0
2025-10-25 22:00,36,14,22,0,0,0
2025-10-25 22:15,22,9,13,0,0,0
2025-10-25 22:30,19,2,17,0,0,0
2025-10-25 22:45,27,9,18,0,0,0
2025-10-25 23:00,22,7,15,0,0,0
2025-10-25 23:15,22,8,14,0,0,0
2025-10-25 23:30,24,7,17,0,0,0
2025-10-25 23:45,20,4,16,0,0,0
2025-10-26 00:00,27,5,22,0,0,0
2025-10-26 00:15,28,11,17,0,0,0
2025-10-26 00:30,16,3,13,0,0,0
2025-10-26 00:45,24,10,14,0,0,0
2025-10-26 01:00,21,9,12,0,0,0
2025-10-26 01:15,13,3,10,0,0,0
2025-10-26 01:30,15,4,11,0,0,0
2025-10-26 01:45,15,10,5,0,0,0
2025-10-26 02:00,23,8,15,0,0,0
2025-10-26 02:15,23,11,12,0,0,0
2025-10-26 02:30,16,6,10,0,0,0
2025-10-26 02:45,19,5,14,0,0,0
2025-10-26 03:00,6,3,3,0,0,0
2025-10-26 03:15,3,0,3,0,0,0
2025-10-26 03:30,3,1,2,0,0,0
2025-10-26 03:45,10,4,6,0,0,0
2025-10-26 04:00,6,1,5,0,0,0
2025-10-26 04:15,5,0,5,0,0,0
2025-10-26 04:30,0,0,0,0,0,0
2025-10-26 04:45,5,1,4,0,0,0
2025-10-26 05:00,2,0,2,0,0,0
2025-10-26 05:15,3,0,3,0,0,0
2025-10-26 05:30,12,7,5,0,0,0
2025-10-26 05:45,8,0,8,0,0,0
2025-10-26 06:00,3,1,2,0,0,0
2025-10-26 06:15,4,4,0,0,0,0
2025-10-26 06:30,10,8,2,0,0,0
2025-10-26 06:45,3,2,1,0,0,0
2025-10-26 07:00,4,1,3,0,0,0
2025-10-26 07:15,2,0,2,0,0,0
2025-10-26 07:30,5,1,4,0,0,0
2025-10-26 07:45,5,0,5,0,0,0
2025-10-26 08:00,3,1,2,0,0,0
2025-10-26 08:15,2,1,1,0,0,0
2025-10-26 08:30,7,1,6,0,0,0
2025-10-26 08:45,14,4,10,0,0,0
2025-10-26 09:00,8,3,5,0,0,0
2025-10-26 09:15,7,5,2,0,0,0
2025-10-26 09:30,17,9,8,0,0,0
2025-10-26 09:45,22,15,7,0,0,0
2025-10-26 10:00,7,4,3,0,0,0
2025-10-26 10:15,15,10,5,0,0,0
2025-10-26 10:30,9,8,1,0,0,0
2025-10-26 10:45,24,14,10,0,0,0
2025-10-26 11:00,22,15,7,0,0,0
2025-10-26 11:15,23,13,10,0,0,0
2025-10-26 11:30,14,5,9,0,0,0
2025-10-26 11:45,28,16,12,0,0,0
2025-10-26 12:00,15,10,5,0,0,0
2025-10-26 12:15,28,16,12,0,0,0
2025-10-26 12:30,18,8,10,0,0,0
2025-10-26 12:45,24,12,12,0,0,0
2025-10-26 13:00,20,10,10,0,0,0
2025-10-26 13:15,16,12,4,0,0,0
2025-10-26 13:30,50,29,21,0,0,0
2025-10-26 13:45,43,23,20,0,0,0
2025-10-26 14:00,29,13,16,0,0,0
2025-10-26 14:15,29,19,10,0,0,0
2025-10-26 14:30,43,29,14,0,0,0
2025-10-26 14:45,26,13,13,0,0,0
2025-10-26 15:00,37,21,16,0,0,0
2025-10-26 15:15,43,22,21,0,0,0
2025-10-26 15:30,33,16,17,0,0,0
2025-10-26 15:45,49,30,19,0,0,0
2025-10-26 16:00,38,27,11,0,0,0
2025-10-26 16:15,43,22,21,0,0,0
2025-10-26 16:30,32,16,16,0,0,0
2025-10-26 16:45,40,17,23,0,0,0
2025-10-26 17:00,45,24,21,0,0,0
2025-10-26 17:15,46,23,23,0,0,0
2025-10-26 17:30,33,13,20,0,0,0
2025-10-26 17:45,46,23,23,0,0,0
2025-10-26 18:00,31,17,14,0,0,0
2025-10-26 18:15,37,12,25,0,0,0
2025-10-26 18:30,25,10,15,0,0,0
2025-10-26 18:45,29,19,10,0,0,0
2025-10-26 19:00,36,16,20,0,0,0
2025-10-26 19:15,28,10,18,0,0,0
2025-10-26 19:30,18,8,10,0,0,0
2025-10-26 19:45,30,9,21,0,0,0
2025-10-26 20:00,35,13,22,0,0,0
2025-10-26 20:15,28,11,17,0,0,0
2025-10-26 20:30,27,10,17,0,0,0
2025-10-26 20:45,25,10,15,0,0,0
2025-10-26 21:00,20,13,7,0,0,0
2025-10-26 21:15,32,11,21,0,0,0
2025-10-26 21:30,17,5,12,0,0,0
2025-10-26 21:45,18,12,6,0,0,0
2025-10-26 22:00,15,3,12,0,0,0
2025-10-26 22:15,12,7,5,0,0,0
2025-10-26 22:30,14,6,8,0,0,0
2025-10-26 22:45,12,5,7,0,0,0
2025-10-26 23:00,6,2,4,0,0,0
2025-10-26 23:15,8,3,5,0,0,0
2025-10-26 23:30,9,1,8,0,0,0
2025-10-26 23:45,3,1,2,0,0,0
2025-10-27 00:00,1,1,0,0,0,0
2025-10-27 00:15,2,0,2,0,0,0
2025-10-27 00:30,1,0,1,0,0,0
2025-10-27 00:45,3,0,3,0,0,0
2025-10-27 01:00,2,0,2,0,0,0
2025-10-27 01:15,1,0,1,0,0,0
2025-10-27 01:30,3,3,0,0,0,0
2025-10-27 01:45,0,0,0,0,0,0
2025-10-27 02:00,3,1,2,0,0,0
2025-10-27 02:15,1,1,0,0,0,0
2025-10-27 02:30,0,0,0,0,0,0
2025-10-27 02:45,0,0,0,0,0,0
2025-10-27 03:00,0,0,0,0,0,0
2025-10-27 03:15,1,0,1,0,0,0
2025-10-27 03:30,0,0,0,0,0,0
2025-10-27 03:45,0,0,0,0,0,0
2025-10-27 04:00,0,0,0,0,0,0
2025-10-27 04:15,5,4,1,0,0,0
2025-10-27 04:30,5,1,4,0,0,0
2025-10-27 04:45,6,2,4,0,0,0
2025-10-27 05:00,6,5,1,0,0,0
2025-10-27 05:15,9,5,4,0,0,0
2025-10-27 05:30,10,5,5,0,0,0
2025-10-27 05:45,19,7,12,0,0,0
2025-10-27 06:00,16,9,7,0,0,0
2025-10-27 06:15,33,17,16,0,0,0
2025-10-27 06:30,48,25,23,0,0,0
2025-10-27 06:45,69,38,31,0,0,0
2025-10-27 07:00,72,46,26,0,0,0
2025-10-27 07:15,147,107,40,0,0,0
2025-10-27 07:30,197,128,69,0,0,0
2025-10-27 07:45,230,112,118,0,0,0
2025-10-27 08:00,272,110,162,0,0,0
2025-10-27 08:15,207,73,134,0,0,0
2025-10-27 08:30,102,54,48,0,0,0
2025-10-27 08:45,117,46,71,0,0,0
2025-10-27 09:00,105,38,67,0,0,0
2025-10-27 09:15,51,20,31,0,0,0
2025-10-27 09:30,63,32,31,0,0,0
2025-10-27 09:45,171,96,75,0,0,0
2025-10-27 10:00,217,79,138,0,0,0
2025-10-27 10:15,47,17,30,0,0,0
2025-10-27 10:30,49,28,21,0,0,0
2025-10-27 10:45,44,24,20,0,0,0
2025-10-27 11:00,72,25,47,0,0,0
2025-10-27 11:15,96,36,60,0,0,0
2025-10-27 11:30,121,36,85,0,0,0
2025-10-27 11:45,232,115,117,0,0,0
2025-10-27 12:00,225,89,136,0,0,0
2025-10-27 12:15,164,80,84,0,0,0
2025-10-27 12:30,149,63,86,0,0,0
2025-10-27 12:45,168,93,75,0,0,0
2025-10-27 13:00,161,62,99,0,0,0
2025-10-27 13:15,164,68,96,0,0,0
2025-10-27 13:30,157,103,54,0,0,0
2025-10-27 13:45,259,167,92,0,0,0
2025-10-27 14:00,210,121,89,0,0,0
2025-10-27 14:15,143,83,60,0,0,0
2025-10-27 14:30,87,59,28,0,0,0
2025-10-27 14:45,87,45,42,0,0,0
2025-10-27 15:00,122,58,64,0,0,0
2025-10-27 15:15,96,48,48,0,0,0
2025-10-27 15:30,134,73,61,0,0,0
2025-10-27 15:45,306,194,112,0,0,0
2025-10-27 16:00,227,115,112,0,0,0
2025-10-27 16:15,148,78,70,0,0,0
2025-10-27 16:30,130,74,56,0,0,0
2025-10-27 16:45,142,89,53,0,0,0
2025-10-27 17:00,118,69,49,0,0,0
2025-10-27 17:15,183,109,74,0,0,0
2025-10-27 17:30,194,119,75,0,0,0
2025-10-27 17:45,320,194,126,0,0,0
2025-10-27 18:00,214,115,99,0,0,0
2025-10-27 18:15,99,53,46,0,0,0
2025-10-27 18:30,91,38,53,0,0,0
2025-10-27 18:45,135,58,77,0,0,0
2025-10-27 19:00,109,62,47,0,0,0
2025-10-27 19:15,90,52,38,0,0,0
2025-10-27 19:30,79,47,32,0,0,0
2025-10-27 19:45,104,50,54,0,0,0
2025-10-27 20:00,72,39,33,0,0,0
2025-10-27 20:15,47,21,26,0,0,0
2025-10-27 20:30,55,19,36,0,0,0
2025-10-27 20:45,64,17,47,0,0,0
2025-10-27 21:00,56,33,23,0,0,0
2025-10-27 21:15,40,20,20,0,0,0
2025-10-27 21:30,38,12,26,0,0,0
2025-10-27 21:45,29,7,22,0,0,0
2025-10-27 22:00,22,7,15,0,0,0
2025-10-27 22:15,65,24,41,0,0,0
2025-10-27 22:30,20,5,15,0,0,0
2025-10-27 22:45,33,8,25,0,0,0
2025-10-27 23:00,14,4,10,0,0,0
2025-10-27 23:15,9,2,7,0,0,0
2025-10-27 23:30,7,3,4,0,0,0
2025-10-27 23:45,16,7,9,0,0,0
2025-10-28 00:00,7,1,6,0,0,0
2025-10-28 00:15,7,2,5,0,0,0
2025-10-28 00:30,3,1,2,0,0,0
2025-10-28 00:45,1,0,1,0,0,0
2025-10-28 01:00,2,1,1,0,0,0
2025-10-28 01:15,6,2,4,0,0,0
2025-10-28 01:30,0,0,0,0,0,0
2025-10-28 01:45,1,0,1,0,0,0
2025-10-28 02:00,3,1,2,0,0,0
2025-10-28 02:15,2,1,1,0,0,0
2025-10-28 02:30,1,1,0,0,0,0
2025-10-28 02:45,5,5,0,0,0,0
2025-10-28 03:00,4,1,3,0,0,0
2025-10-28 03:15,0,0,0,0,0,0
2025-10-28 03:30,1,0,1,0,0,0
2025-10-28 03:45,1,1,0,0,0,0
2025-10-28 04:00,2,0,2,0,0,0
2025-10-28 04:15,2,1,1,0,0,0
2025-10-28 04:30,5,3,2,0,0,0
2025-10-28 04:45,5,0,5,0,0,0
2025-10-28 05:00,10,6,4,0,0,0
2025-10-28 05:15,12,8,4,0,0,0
2025-10-28 05:30,15,4,11,0,0,0
2025-10-28 05:45,18,6,12,0,0,0
2025-10-28 06:00,15,12,3,0,0,0
2025-10-28 06:15,31,16,15,0,0,0
2025-10-28 06:30,59,34,25,0,0,0
2025-10-28 06:45,53,23,30,0,0,0
2025-10-28 07:00,61,40,21,0,0,0
2025-10-28 07:15,128,90,38,0,0,0
2025-10-28 07:30,208,141,67,0,0,0
2025-10-28 07:45,265,117,148,0,0,0
2025-10-28 08:00,277,101,176,0,0,0
2025-10-28 08:15,213,79,134,0,0,0
2025-10-28 08:30,116,56,60,0,0,0
2025-10-28 08:45,149,63,86,0,0,0
2025-10-28 09:00,123,48,75,0,0,0
2025-10-28 09:15,95,42,53,0,0,0
2025-10-28 09:30,98,54,44,0,0,0
2025-10-28 09:45,257,154,103,0,0,0
2025-10-28 10:00,305,127,178,0,0,0
2025-10-28 10:15,99,40,59,0,0,0
2025-10-28 10:30,77,33,44,0,0,0
2025-10-28 10:45,68,29,39,0,0,0
2025-10-28 11:00,96,38,58,0,0,0
2025-10-28 11:15,110,35,75,0,0,0
2025-10-28 11:30,96,27,69,0,0,0
2025-10-28 11:45,235,104,131,0,0,0
2025-10-28 12:00,238,118,120,0,0,0
2025-10-28 12:15,181,95,86,0,0,0
2025-10-28 12:30,183,87,96,0,0,0
2025-10-28 12:45,165,86,79,0,0,0
2025-10-28 13:00,187,99,88,0,0,0
2025-10-28 13:15,208,103,105,0,0,0
2025-10-28 13:30,177,99,78,0,0,0
2025-10-28 13:45,366,261,105,0,0,0
2025-10-28 14:00,292,165,127,0,0,0
2025-10-28 14:15,163,112,51,0,0,0
2025-10-28 14:30,81,59,22,0,0,0
2025-10-28 14:45,112,62,50,0,0,0
2025-10-28 15:00,90,48,42,0,0,0
2025-10-28 15:15,129,74,55,0,0,0
2025-10-28 15:30,158,100,58,0,0,0
2025-10-28 15:45,306,207,99,0,0,0
2025-10-28 16:00,228,133,95,0,0,0
2025-10-28 16:15,154,90,64,0,0,0
2025-10-28 16:30,134,77,57,0,0,0
2025-10-28 16:45,135,74,61,0,0,0
2025-10-28 17:00,155,76,79,0,0,0
2025-10-28 17:15,198,123,75,0,0,0
2025-10-28 17:30,170,121,49,0,0,0
2025-10-28 17:45,223,128,95,0,0,0
2025-10-28 18:00,197,101,96,0,0,0
2025-10-28 18:15,140,63,77,0,0,0
2025-10-28 18:30,131,69,62,0,0,0
2025-10-28 18:45,124,56,68,0,0,0
2025-10-28 19:00,91,45,46,0,0,0
2025-10-28 19:15,113,71,42,0,0,0
2025-10-28 19:30,76,43,33,0,0,0
2025-10-28 19:45,100,50,50,0,0,0
2025-10-28 20:00,104,40,64,0,0,0
2025-10-28 20:15,67,21,46,0,0,0
2025-10-28 20:30,44,11,33,0,0,0
2025-10-28 20:45,60,21,39,0,0,0
2025-10-28 21:00,55,33,22,0,0,0
2025-10-28 21:15,40,14,26,0,0,0
2025-10-28 21:30,50,18,32,0,0,0
2025-10-28 21:45,52,12,40,0,0,0
2025-10-28 22:00,67,36,31,0,0,0
2025-10-28 22:15,68,28,40,0,0,0
2025-10-28 22:30,53,18,35,0,0,0
2025-10-28 22:45,50,8,42,0,0,0
2025-10-28 23:00,21,6,15,0,0,0
2025-10-28 23:15,28,7,21,0,0,0
2025-10-28 23:30,9,2,7,0,0,0
2025-10-28 23:45,17,4,13,0,0,0
2025-10-29 00:00,14,8,6,0,0,0
2025-10-29 00:15,18,9,9,0,0,0
2025-10-29 00:30,7,2,5,0,0,0
2025-10-29 00:45,1,0,1,0,0,0
2025-10-29 01:00,3,1,2,0,0,0
2025-10-29 01:15,6,3,3,0,0,0
2025-10-29 01:30,9,5,4,0,0,0
2025-10-29 01:45,5,4,1,0,0,0
2025-10-29 02:00,4,0,4,0,0,0
2025-10-29 02:15,0,0,0,0,0,0
2025-10-29 02:30,0,0,0,0,0,0
2025-10-29 02:45,2,0,2,0,0,0
2025-10-29 03:00,6,5,1,0,0,0
2025-10-29 03:15,2,1,1,0,0,0
2025-10-29 03:30,1,1,0,0,0,0
2025-10-29 03:45,0,0,0,0,0,0
2025-10-29 04:00,3,2,1,0,0,0
2025-10-29 04:15,2,0,2,0,0,0
2025-10-29 04:30,4,2,2,0,0,0
2025-10-29 04:45,6,2,4,0,0,0
2025-10-29 05:00,9,6,3,0,0,0
2025-10-29 05:15,8,6,2,0,0,0
2025-10-29 05:30,26,9,17,0,0,0
2025-10-29 05:45,16,4,12,0,0,0
2025-10-29 06:00,16,12,4,0,0,0
2025-10-29 06:15,37,20,17,0,0,0
2025-10-29 06:30,52,28,24,0,0,0
2025-10-29 06:45,79,44,35,0,0,0
2025-10-29 07:00,79,45,34,0,0,0
2025-10-29 07:15,168,113,55,0,0,0
2025-10-29 07:30,217,149,68,0,0,0
2025-10-29 07:45,277,128,149,0,0,0
2025-10-29 08:00,313,135,178,0,0,0
2025-10-29 08:15,237,94,143,0,0,0
2025-10-29 08:30,141,66,75,0,0,0
2025-10-29 08:45,167,72,95,0,0,0
2025-10-29 09:00,121,55,66,0,0,0
2025-10-29 09:15,103,50,53,0,0,0
2025-10-29 09:30,124,68,56,0,0,0
2025-10-29 09:45,263,154,109,0,0,0
2025-10-29 10:00,315,139,176,0,0,0
2025-10-29 10:15,111,53,58,0,0,0
2025-10-29 10:30,92,43,49,0,0,0
2025-10-29 10:45,90,50,40,0,0,0
2025-10-29 11:00,96,48,48,0,0,0
2025-10-29 11:15,136,64,72,0,0,0
2025-10-29 11:30,140,68,72,0,0,0
2025-10-29 11:45,308,180,128,0,0,0
2025-10-29 12:00,268,145,123,0,0,0
2025-10-29 12:15,189,94,95,0,0,0
2025-10-29 12:30,148,99,49,0,0,0
2025-10-29 12:45,191,114,77,0,0,0
2025-10-29 13:00,224,123,101,0,0,0
2025-10-29 13:15,208,101,107,0,0,0
2025-10-29 13:30,196,118,78,0,0,0
2025-10-29 13:45,364,243,121,0,0,0
2025-10-29 14:00,240,126,114,0,0,0
2025-10-29 14:15,172,97,75,0,0,0
2025-10-29 14:30,149,87,62,0,0,0
2025-10-29 14:45,145,77,68,0,0,0
2025-10-29 15:00,120,55,65,0,0,0
2025-10-29 15:15,161,94,67,0,0,0
2025-10-29 15:30,199,104,95,0,0,0
2025-10-29 15:45,310,174,136,0,0,0
2025-10-29 16:00,235,122,113,0,0,0
2025-10-29 16:15,187,106,81,0,0,0
2025-10-29 16:30,174,102,72,0,0,0
2025-10-29 16:45,176,83,93,0,0,0
2025-10-29 17:00,157,91,66,0,0,0
2025-10-29 17:15,190,114,76,0,0,0
2025-10-29 17:30,206,135,71,0,0,0
2025-10-29 17:45,309,184,125,0,0,0
2025-10-29 18:00,210,117,93,0,0,0
2025-10-29 18:15,139,71,68,0,0,0
2025-10-29 18:30,108,58,50,0,0,0
2025-10-29 18:45,147,82,65,0,0,0
2025-10-29 19:00,111,60,51,0,0,0
2025-10-29 19:15,121,65,56,0,0,0
2025-10-29 19:30,109,57,52,0,0,0
2025-10-29 19:45,111,65,46,0,0,0
2025-10-29 20:00,101,41,60,0,0,0
2025-10-29 20:15,97,56,41,0,0,0
2025-10-29 20:30,77,44,33,0,0,0
2025-10-29 20:45,59,27,32,0,0,0
2025-10-29 21:00,84,40,44,0,0,0
2025-10-29 21:15,67,34,33,0,0,0
2025-10-29 21:30,52,17,35,0,0,0
2025-10-29 21:45,58,21,37,0,0,0
2025-10-29 22:00,41,13,28,0,0,0
2025-10-29 22:15,65,22,43,0,0,0
2025-10-29 22:30,45,9,36,0,0,0
2025-10-29 22:45,44,8,36,0,0,0
2025-10-29 23:00,46,9,37,0,0,0
2025-10-29 23:15,37,13,24,0,0,0
2025-10-29 23:30,45,21,24,0,0,0
2025-10-29 23:45,20,3,17,0,0,0
2025-10-30 00:00,16,5,11,0,0,0
2025-10-30 00:15,14,3,11,0,0,0
2025-10-30 00:30,14,8,6,0,0,0
2025-10-30 00:45,14,2,12,0,0,0
2025-10-30 01:00,1,1,0,0,0,0
2025-10-30 01:15,5,5,0,0,0,0
2025-10-30 01:30,3,3,0,0,0,0
2025-10-30 01:45,2,2,0,0,0,0
2025-10-30 02:00,8,8,0,0,0,0
2025-10-30 02:15,0,0,0,0,0,0
2025-10-30 02:30,0,0,0,0,0,0
2025-10-30 02:45,0,0,0,0,0,0
2025-10-30 03:00,0,0,0,0,0,0
2025-10-30 03:15,3,2,1,0,0,0
2025-10-30 03:30,1,1,0,0,0,0
2025-10-30 03:45,1,0,1,0,0,0
2025-10-30 04:00,0,0,0,0,0,0
2025-10-30 04:15,3,1,2,0,0,0
2025-10-30 04:30,3,2,1,0,0,0
2025-10-30 04:45,2,0,2,0,0,0
