Datetime,300038855 (Bismarckallee),353420516 (Bismarckallee Fahrräder IN),353420517 (Bismarckallee Fahrräder OUT),300038855-status,353420516-status,353420517-status
2024-03-01 00:00,11,11,0,0,0,0
2024-03-01 00:15,10,8,2,0,0,0
2024-03-01 00:30,5,4,1,0,0,0
2024-03-01 00:45,6,6,0,0,0,0
2024-03-01 01:00,5,5,0,0,0,0
2024-03-01 01:15,5,5,0,0,0,0
2024-03-01 01:30,3,2,1,0,0,0
2024-03-01 01:45,0,0,0,0,0,0
2024-03-01 02:00,1,1,0,0,0,0
2024-03-01 02:15,2,2,0,0,0,0
2024-03-01 02:30,0,0,0,0,0,0
2024-03-01 02:45,1,0,1,0,0,0
2024-03-01 03:00,1,1,0,0,0,0
2024-03-01 03:15,0,0,0,0,0,0
2024-03-01 03:30,0,0,0,0,0,0
2024-03-01 03:45,0,0,0,0,0,0
2024-03-01 04:00,2,1,1,0,0,0
2024-03-01 04:15,3,2,1,0,0,0
2024-03-01 04:30,1,0,1,0,0,0
2024-03-01 04:45,2,2,0,0,0,0
2024-03-01 05:00,1,1,0,0,0,0
2024-03-01 05:15,2,2,0,0,0,0
2024-03-01 05:30,5,1,4,0,0,0
2024-03-01 05:45,10,6,4,0,0,0
2024-03-01 06:00,9,7,2,0,0,0
2024-03-01 06:15,17,7,10,0,0,0
2024-03-01 06:30,27,18,9,0,0,0
2024-03-01 06:45,37,15,22,0,0,0
2024-03-01 07:00,37,22,15,0,0,0
2024-03-01 07:15,90,47,43,0,0,0
2024-03-01 07:30,172,60,112,0,0,0
2024-03-01 07:45,89,47,42,0,0,0
2024-03-01 08:00,80,35,45,0,0,0
2024-03-01 08:15,70,28,42,0,0,0
2024-03-01 08:30,76,33,43,0,0,0
2024-03-01 08:45,64,17,47,0,0,0
2024-03-01 09:00,64,28,36,0,0,0
2024-03-01 09:15,39,13,26,0,0,0
2024-03-01 09:30,57,26,31,0,0,0
2024-03-01 09:45,50,18,32,0,0,0
2024-03-01 10:00,54,20,34,0,0,0
2024-03-01 10:15,44,23,21,0,0,0
2024-03-01 10:30,34,18,16,0,0,0
2024-03-01 10:45,56,32,24,0,0,0
2024-03-01 11:00,39,25,14,0,0,0
2024-03-01 11:15,46,23,23,0,0,0
2024-03-01 11:30,60,33,27,0,0,0
2024-03-01 11:45,88,61,27,0,0,0
2024-03-01 12:00,88,62,26,0,0,0
2024-03-01 12:15,119,72,47,0,0,0
2024-03-01 12:30,132,82,50,0,0,0
2024-03-01 12:45,133,69,64,0,0,0
2024-03-01 13:00,165,110,55,0,0,0
2024-03-01 13:15,134,98,36,0,0,0
2024-03-01 13:30,140,89,51,0,0,0
2024-03-01 13:45,150,91,59,0,0,0
2024-03-01 14:00,153,105,48,0,0,0
2024-03-01 14:15,112,72,40,0,0,0
2024-03-01 14:30,93,53,40,0,0,0
2024-03-01 14:45,98,58,40,0,0,0
2024-03-01 15:00,82,53,29,0,0,0
2024-03-01 15:15,104,59,45,0,0,0
2024-03-01 15:30,112,67,45,0,0,0
2024-03-01 15:45,88,57,31,0,0,0
2024-03-01 16:00,83,57,26,0,0,0
2024-03-01 16:15,84,50,34,0,0,0
2024-03-01 16:30,94,72,22,0,0,0
2024-03-01 16:45,93,61,32,0,0,0
2024-03-01 17:00,67,44,23,0,0,0
2024-03-01 17:15,92,59,33,0,0,0
2024-03-01 17:30,104,69,35,0,0,0
2024-03-01 17:45,74,50,24,0,0,0
2024-03-01 18:00,69,48,21,0,0,0
2024-03-01 18:15,82,60,22,0,0,0
2024-03-01 18:30,82,47,35,0,0,0
2024-03-01 18:45,69,39,30,0,0,0
2024-03-01 19:00,67,43,24,0,0,0
2024-03-01 19:15,57,31,26,0,0,0
2024-03-01 19:30,44,32,12,0,0,0
2024-03-01 19:45,48,31,17,0,0,0
2024-03-01 20:00,53,42,11,0,0,0
2024-03-01 20:15,60,38,22,0,0,0
2024-03-01 20:30,37,25,12,0,0,0
2024-03-01 20:45,42,34,8,0,0,0
2024-03-01 21:00,17,12,5,0,0,0
2024-03-01 21:15,21,14,7,0,0,0
2024-03-01 21:30,32,27,5,0,0,0
2024-03-01 21:45,46,36,10,0,0,0
2024-03-01 22:00,34,31,3,0,0,0
2024-03-01 22:15,31,28,3,0,0,0
2024-03-01 22:30,40,32,8,0,0,0
2024-03-01 22:45,25,20,5,0,0,0
2024-03-01 23:00,24,22,2,0,0,0
2024-03-01 23:15,26,23,3,0,0,0
2024-03-01 23:30,15,11,4,0,0,0
2024-03-01 23:45,21,17,4,0,0,0
2024-03-02 00:00,14,12,2,0,0,0
2024-03-02 00:15,20,14,6,0,0,0
2024-03-02 00:30,22,20,2,0,0,0
2024-03-02 00:45,16,12,4,0,0,0
2024-03-02 01:00,17,10,7,0,0,0
2024-03-02 01:15,16,13,3,0,0,0
2024-03-02 01:30,8,6,2,0,0,0
2024-03-02 01:45,2,2,0,0,0,0
2024-03-02 02:00,11,10,1,0,0,0
2024-03-02 02:15,9,8,1,0,0,0
2024-03-02 02:30,8,7,1,0,0,0
2024-03-02 02:45,5,3,2,0,0,0
2024-03-02 03:00,14,12,2,0,0,0
2024-03-02 03:15,8,6,2,0,0,0
2024-03-02 03:30,7,6,1,0,0,0
2024-03-02 03:45,3,3,0,0,0,0
2024-03-02 04:00,5,4,1,0,0,0
2024-03-02 04:15,5,4,1,0,0,0
2024-03-02 04:30,5,5,0,0,0,0
2024-03-02 04:45,10,8,2,0,0,0
2024-03-02 05:00,2,2,0,0,0,0
2024-03-02 05:15,6,4,2,0,0,0
2024-03-02 05:30,3,1,2,0,0,0
2024-03-02 05:45,2,0,2,0,0,0
2024-03-02 06:00,3,1,2,0,0,0
2024-03-02 06:15,13,8,5,0,0,0
2024-03-02 06:30,5,1,4,0,0,0
2024-03-02 06:45,5,2,3,0,0,0
2024-03-02 07:00,7,2,5,0,0,0
2024-03-02 07:15,7,4,3,0,0,0
2024-03-02 07:30,16,9,7,0,0,0
2024-03-02 07:45,13,4,9,0,0,0
2024-03-02 08:00,14,5,9,0,0,0
2024-03-02 08:15,20,12,8,0,0,0
2024-03-02 08:30,19,10,9,0,0,0
2024-03-02 08:45,53,19,34,0,0,0
2024-03-02 09:00,32,14,18,0,0,0
2024-03-02 09:15,36,13,23,0,0,0
2024-03-02 09:30,62,17,45,0,0,0
2024-03-02 09:45,55,16,39,0,0,0
2024-03-02 10:00,63,18,45,0,0,0
2024-03-02 10:15,68,21,47,0,0,0
2024-03-02 10:30,67,34,33,0,0,0
2024-03-02 10:45,90,47,43,0,0,0
2024-03-02 11:00,75,35,40,0,0,0
2024-03-02 11:15,69,35,34,0,0,0
2024-03-02 11:30,84,41,43,0,0,0
2024-03-02 11:45,97,51,46,0,0,0
2024-03-02 12:00,90,44,46,0,0,0
2024-03-02 12:15,70,40,30,0,0,0
2024-03-02 12:30,93,45,48,0,0,0
2024-03-02 12:45,88,55,33,0,0,0
2024-03-02 13:00,87,62,25,0,0,0
2024-03-02 13:15,94,63,31,0,0,0
2024-03-02 13:30,107,65,42,0,0,0
2024-03-02 13:45,100,59,41,0,0,0
2024-03-02 14:00,96,57,39,0,0,0
2024-03-02 14:15,91,58,33,0,0,0
2024-03-02 14:30,117,74,43,0,0,0
2024-03-02 14:45,92,68,24,0,0,0
2024-03-02 15:00,84,62,22,0,0,0
2024-03-02 15:15,84,52,32,0,0,0
2024-03-02 15:30,71,48,23,0,0,0
2024-03-02 15:45,69,50,19,0,0,0
2024-03-02 16:00,74,53,21,0,0,0
2024-03-02 16:15,80,45,35,0,0,0
2024-03-02 16:30,78,53,25,0,0,0
2024-03-02 16:45,72,45,27,0,0,0
2024-03-02 17:00,52,38,14,0,0,0
2024-03-02 17:15,75,49,26,0,0,0
2024-03-02 17:30,72,59,13,0,0,0
2024-03-02 17:45,78,49,29,0,0,0
2024-03-02 18:00,84,51,33,0,0,0
2024-03-02 18:15,61,29,32,0,0,0
2024-03-02 18:30,57,29,28,0,0,0
2024-03-02 18:45,57,32,25,0,0,0
2024-03-02 19:00,57,36,21,0,0,0
2024-03-02 19:15,54,33,21,0,0,0
2024-03-02 19:30,52,23,29,0,0,0
2024-03-02 19:45,43,31,12,0,0,0
2024-03-02 20:00,39,24,15,0,0,0
2024-03-02 20:15,35,19,16,0,0,0
2024-03-02 20:30,32,19,13,0,0,0
2024-03-02 20:45,30,23,7,0,0,0
2024-03-02 21:00,26,20,6,0,0,0
2024-03-02 21:15,27,16,11,0,0,0
2024-03-02 21:30,24,20,4,0,0,0
2024-03-02 21:45,25,19,6,0,0,0
2024-03-02 22:00,14,11,3,0,0,0
2024-03-02 22:15,29,24,5,0,0,0
2024-03-02 22:30,31,29,2,0,0,0
2024-03-02 22:45,23,18,5,0,0,0
2024-03-02 23:00,24,21,3,0,0,0
2024-03-02 23:15,32,25,7,0,0,0
2024-03-02 23:30,25,18,7,0,0,0
2024-03-02 23:45,24,18,6,0,0,0
2024-03-03 00:00,21,19,2,0,0,0
2024-03-03 00:15,24,21,3,0,0,0
2024-03-03 00:30,14,12,2,0,0,0
2024-03-03 00:45,9,8,1,0,0,0
2024-03-03 01:00,9,9,0,0,0,0
2024-03-03 01:15,19,18,1,0,0,0
2024-03-03 01:30,8,8,0,0,0,0
2024-03-03 01:45,11,10,1,0,0,0
2024-03-03 02:00,10,7,3,0,0,0
2024-03-03 02:15,8,7,1,0,0,0
2024-03-03 02:30,9,7,2,0,0,0
2024-03-03 02:45,7,7,0,0,0,0
2024-03-03 03:00,9,8,1,0,0,0
2024-03-03 03:15,9,7,2,0,0,0
2024-03-03 03:30,11,9,2,0,0,0
2024-03-03 03:45,3,3,0,0,0,0
2024-03-03 04:00,4,4,0,0,0,0
2024-03-03 04:15,3,2,1,0,0,0
2024-03-03 04:30,7,3,4,0,0,0
2024-03-03 04:45,2,2,0,0,0,0
2024-03-03 05:00,0,0,0,0,0,0
2024-03-03 05:15,3,3,0,0,0,0
2024-03-03 05:30,1,0,1,0,0,0
2024-03-03 05:45,5,3,2,0,0,0
2024-03-03 06:00,6,5,1,0,0,0
2024-03-03 06:15,5,4,1,0,0,0
2024-03-03 06:30,2,1,1,0,0,0
2024-03-03 06:45,2,2,0,0,0,0
2024-03-03 07:00,5,3,2,0,0,0
2024-03-03 07:15,4,3,1,0,0,0
2024-03-03 07:30,5,3,2,0,0,0
2024-03-03 07:45,7,2,5,0,0,0
2024-03-03 08:00,9,7,2,0,0,0
2024-03-03 08:15,4,2,2,0,0,0
2024-03-03 08:30,16,3,13,0,0,0
2024-03-03 08:45,22,4,18,0,0,0
2024-03-03 09:00,9,4,5,0,0,0
2024-03-03 09:15,22,14,8,0,0,0
2024-03-03 09:30,27,16,11,0,0,0
2024-03-03 09:45,50,24,26,0,0,0
2024-03-03 10:00,24,18,6,0,0,0
2024-03-03 10:15,38,15,23,0,0,0
2024-03-03 10:30,32,20,12,0,0,0
2024-03-03 10:45,46,24,22,0,0,0
2024-03-03 11:00,47,23,24,0,0,0
2024-03-03 11:15,41,24,17,0,0,0
2024-03-03 11:30,33,20,13,0,0,0
2024-03-03 11:45,55,34,21,0,0,0
2024-03-03 12:00,67,35,32,0,0,0
2024-03-03 12:15,49,28,21,0,0,0
2024-03-03 12:30,68,40,28,0,0,0
2024-03-03 12:45,87,60,27,0,0,0
2024-03-03 13:00,54,32,22,0,0,0
2024-03-03 13:15,66,45,21,0,0,0
2024-03-03 13:30,92,56,36,0,0,0
2024-03-03 13:45,88,48,40,0,0,0
2024-03-03 14:00,82,50,32,0,0,0
2024-03-03 14:15,112,59,53,0,0,0
2024-03-03 14:30,100,63,37,0,0,0
2024-03-03 14:45,105,64,41,0,0,0
2024-03-03 15:00,80,40,40,0,0,0
2024-03-03 15:15,92,45,47,0,0,0
2024-03-03 15:30,108,69,39,0,0,0
2024-03-03 15:45,111,63,48,0,0,0
2024-03-03 16:00,105,63,42,0,0,0
2024-03-03 16:15,96,60,36,0,0,0
2024-03-03 16:30,90,63,27,0,0,0
2024-03-03 16:45,94,65,29,0,0,0
2024-03-03 17:00,85,45,40,0,0,0
2024-03-03 17:15,88,62,26,0,0,0
2024-03-03 17:30,103,55,48,0,0,0
2024-03-03 17:45,85,42,43,0,0,0
2024-03-03 18:00,82,53,29,0,0,0
2024-03-03 18:15,71,43,28,0,0,0
2024-03-03 18:30,77,53,24,0,0,0
2024-03-03 18:45,43,29,14,0,0,0
2024-03-03 19:00,44,32,12,0,0,0
2024-03-03 19:15,39,33,6,0,0,0
2024-03-03 19:30,37,27,10,0,0,0
2024-03-03 19:45,42,30,12,0,0,0
2024-03-03 20:00,33,24,9,0,0,0
2024-03-03 20:15,22,13,9,0,0,0
2024-03-03 20:30,35,23,12,0,0,0
2024-03-03 20:45,23,20,3,0,0,0
2024-03-03 21:00,23,19,4,0,0,0
2024-03-03 21:15,21,16,5,0,0,0
2024-03-03 21:30,17,12,5,0,0,0
2024-03-03 21:45,11,10,1,0,0,0
2024-03-03 22:00,22,18,4,0,0,0
2024-03-03 22:15,10,8,2,0,0,0
2024-03-03 22:30,28,23,5,0,0,0
2024-03-03 22:45,11,9,2,0,0,0
2024-03-03 23:00,11,6,5,0,0,0
2024-03-03 23:15,4,4,0,0,0,0
2024-03-03 23:30,9,7,2,0,0,0
2024-03-03 23:45,7,7,0,0,0,0
2024-03-04 00:00,4,4,0,0,0,0
2024-03-04 00:15,2,2,0,0,0,0
2024-03-04 00:30,1,1,0,0,0,0
2024-03-04 00:45,1,1,0,0,0,0
2024-03-04 01:00,1,1,0,0,0,0
2024-03-04 01:15,0,0,0,0,0,0
2024-03-04 01:30,0,0,0,0,0,0
2024-03-04 01:45,1,1,0,0,0,0
2024-03-04 02:00,0,0,0,0,0,0
2024-03-04 02:15,0,0,0,0,0,0
2024-03-04 02:30,0,0,0,0,0,0
2024-03-04 02:45,0,0,0,0,0,0
2024-03-04 03:00,1,1,0,0,0,0
2024-03-04 03:15,0,0,0,0,0,0
2024-03-04 03:30,0,0,0,0,0,0
2024-03-04 03:45,0,0,0,0,0,0
2024-03-04 04:00,0,0,0,0,0,0
2024-03-04 04:15,1,0,1,0,0,0
2024-03-04 04:30,0,0,0,0,0,0
2024-03-04 04:45,1,0,1,0,0,0
2024-03-04 05:00,2,1,1,0,0,0
2024-03-04 05:15,5,3,2,0,0,0
2024-03-04 05:30,3,0,3,0,0,0
2024-03-04 05:45,5,2,3,0,0,0
2024-03-04 06:00,7,4,3,0,0,0
2024-03-04 06:15,19,9,10,0,0,0
2024-03-04 06:30,34,19,15,0,0,0
2024-03-04 06:45,43,22,21,0,0,0
2024-03-04 07:00,56,33,23,0,0,0
2024-03-04 07:15,89,47,42,0,0,0
2024-03-04 07:30,163,57,106,0,0,0
2024-03-04 07:45,109,50,59,0,0,0
2024-03-04 08:00,97,41,56,0,0,0
2024-03-04 08:15,94,42,52,0,0,0
2024-03-04 08:30,75,36,39,0,0,0
2024-03-04 08:45,72,24,48,0,0,0
2024-03-04 09:00,62,24,38,0,0,0
2024-03-04 09:15,48,17,31,0,0,0
2024-03-04 09:30,61,30,31,0,0,0
2024-03-04 09:45,64,33,31,0,0,0
2024-03-04 10:00,40,18,22,0,0,0
2024-03-04 10:15,45,20,25,0,0,0
2024-03-04 10:30,47,24,23,0,0,0
2024-03-04 10:45,44,18,26,0,0,0
2024-03-04 11:00,54,32,22,0,0,0
2024-03-04 11:15,47,30,17,0,0,0
2024-03-04 11:30,53,35,18,0,0,0
2024-03-04 11:45,81,59,22,0,0,0
2024-03-04 12:00,100,73,27,0,0,0
2024-03-04 12:15,116,74,42,0,0,0
2024-03-04 12:30,126,84,42,0,0,0
2024-03-04 12:45,136,99,37,0,0,0
2024-03-04 13:00,146,110,36,0,0,0
2024-03-04 13:15,146,106,40,0,0,0
2024-03-04 13:30,123,69,54,0,0,0
2024-03-04 13:45,150,70,80,0,0,0
2024-03-04 14:00,117,71,46,0,0,0
2024-03-04 14:15,90,51,39,0,0,0
2024-03-04 14:30,99,52,47,0,0,0
2024-03-04 14:45,108,54,54,0,0,0
2024-03-04 15:00,65,42,23,0,0,0
2024-03-04 15:15,90,49,41,0,0,0
2024-03-04 15:30,85,59,26,0,0,0
2024-03-04 15:45,82,49,33,0,0,0
2024-03-04 16:00,106,66,40,0,0,0
2024-03-04 16:15,104,61,43,0,0,0
2024-03-04 16:30,127,78,49,0,0,0
2024-03-04 16:45,123,81,42,0,0,0
2024-03-04 17:00,116,80,36,0,0,0
2024-03-04 17:15,127,87,40,0,0,0
2024-03-04 17:30,109,69,40,0,0,0
2024-03-04 17:45,123,88,35,0,0,0
2024-03-04 18:00,114,87,27,0,0,0
2024-03-04 18:15,101,80,21,0,0,0
2024-03-04 18:30,99,62,37,0,0,0
2024-03-04 18:45,91,54,37,0,0,0
2024-03-04 19:00,75,53,22,0,0,0
2024-03-04 19:15,74,54,20,0,0,0
2024-03-04 19:30,58,45,13,0,0,0
2024-03-04 19:45,44,27,17,0,0,0
2024-03-04 20:00,49,33,16,0,0,0
2024-03-04 20:15,45,28,17,0,0,0
2024-03-04 20:30,38,27,11,0,0,0
2024-03-04 20:45,34,28,6,0,0,0
2024-03-04 21:00,24,21,3,0,0,0
2024-03-04 21:15,35,29,6,0,0,0
2024-03-04 21:30,23,21,2,0,0,0
2024-03-04 21:45,19,15,4,0,0,0
2024-03-04 22:00,26,22,4,0,0,0
2024-03-04 22:15,27,22,5,0,0,0
2024-03-04 22:30,15,15,0,0,0,0
2024-03-04 22:45,18,15,3,0,0,0
2024-03-04 23:00,18,16,2,0,0,0
2024-03-04 23:15,9,5,4,0,0,0
2024-03-04 23:30,11,7,4,0,0,0
2024-03-04 23:45,6,5,1,0,0,0
2024-03-05 00:00,4,4,0,0,0,0
2024-03-05 00:15,6,5,1,0,0,0
2024-03-05 00:30,5,4,1,0,0,0
2024-03-05 00:45,2,2,0,0,0,0
2024-03-05 01:00,4,4,0,0,0,0
2024-03-05 01:15,0,0,0,0,0,0
2024-03-05 01:30,2,1,1,0,0,0
2024-03-05 01:45,0,0,0,0,0,0
2024-03-05 02:00,1,1,0,0,0,0
2024-03-05 02:15,1,1,0,0,0,0
2024-03-05 02:30,0,0,0,0,0,0
2024-03-05 02:45,2,2,0,0,0,0
2024-03-05 03:00,0,0,0,0,0,0
2024-03-05 03:15,0,0,0,0,0,0
2024-03-05 03:30,0,0,0,0,0,0
2024-03-05 03:45,1,0,1,0,0,0
2024-03-05 04:00,0,0,0,0,0,0
2024-03-05 04:15,1,0,1,0,0,0
2024-03-05 04:30,1,0,1,0,0,0
2024-03-05 04:45,0,0,0,0,0,0
2024-03-05 05:00,0,0,0,0,0,0
2024-03-05 05:15,5,3,2,0,0,0
2024-03-05 05:30,5,1,4,0,0,0
2024-03-05 05:45,9,5,4,0,0,0
2024-03-05 06:00,11,6,5,0,0,0
2024-03-05 06:15,21,11,10,0,0,0
2024-03-05 06:30,41,17,24,0,0,0
2024-03-05 06:45,29,10,19,0,0,0
2024-03-05 07:00,56,30,26,0,0,0
2024-03-05 07:15,109,51,58,0,0,0
2024-03-05 07:30,159,57,102,0,0,0
2024-03-05 07:45,130,54,76,0,0,0
2024-03-05 08:00,93,42,51,0,0,0
2024-03-05 08:15,85,35,50,0,0,0
2024-03-05 08:30,101,43,58,0,0,0
2024-03-05 08:45,83,29,54,0,0,0
2024-03-05 09:00,54,15,39,0,0,0
2024-03-05 09:15,46,21,25,0,0,0
2024-03-05 09:30,84,34,50,0,0,0
2024-03-05 09:45,59,21,38,0,0,0
2024-03-05 10:00,43,21,22,0,0,0
2024-03-05 10:15,47,26,21,0,0,0
2024-03-05 10:30,40,19,21,0,0,0
2024-03-05 10:45,48,29,19,0,0,0
2024-03-05 11:00,62,38,24,0,0,0
2024-03-05 11:15,70,43,27,0,0,0
2024-03-05 11:30,79,60,19,0,0,0
2024-03-05 11:45,73,51,22,0,0,0
2024-03-05 12:00,113,92,21,0,0,0
2024-03-05 12:15,96,66,30,0,0,0
2024-03-05 12:30,122,74,48,0,0,0
2024-03-05 12:45,135,92,43,0,0,0
2024-03-05 13:00,195,138,57,0,0,0
2024-03-05 13:15,165,110,55,0,0,0
2024-03-05 13:30,117,64,53,0,0,0
2024-03-05 13:45,159,68,91,0,0,0
2024-03-05 14:00,138,80,58,0,0,0
2024-03-05 14:15,111,68,43,0,0,0
2024-03-05 14:30,99,48,51,0,0,0
2024-03-05 14:45,116,54,62,0,0,0
2024-03-05 15:00,89,51,38,0,0,0
2024-03-05 15:15,83,47,36,0,0,0
2024-03-05 15:30,86,57,29,0,0,0
2024-03-05 15:45,93,52,41,0,0,0
2024-03-05 16:00,108,71,37,0,0,0
2024-03-05 16:15,120,88,32,0,0,0
2024-03-05 16:30,97,67,30,0,0,0
2024-03-05 16:45,106,64,42,0,0,0
2024-03-05 17:00,138,92,46,0,0,0
2024-03-05 17:15,120,87,33,0,0,0
2024-03-05 17:30,109,77,32,0,0,0
2024-03-05 17:45,105,76,29,0,0,0
2024-03-05 18:00,107,73,34,0,0,0
2024-03-05 18:15,101,83,18,0,0,0
2024-03-05 18:30,110,70,40,0,0,0
2024-03-05 18:45,81,52,29,0,0,0
2024-03-05 19:00,74,52,22,0,0,0
2024-03-05 19:15,59,42,17,0,0,0
2024-03-05 19:30,47,35,12,0,0,0
2024-03-05 19:45,69,46,23,0,0,0
2024-03-05 20:00,52,46,6,0,0,0
2024-03-05 20:15,39,29,10,0,0,0
2024-03-05 20:30,33,20,13,0,0,0
2024-03-05 20:45,32,26,6,0,0,0
2024-03-05 21:00,25,22,3,0,0,0
2024-03-05 21:15,30,21,9,0,0,0
2024-03-05 21:30,28,25,3,0,0,0
2024-03-05 21:45,34,29,5,0,0,0
2024-03-05 22:00,41,33,8,0,0,0
2024-03-05 22:15,39,36,3,0,0,0
2024-03-05 22:30,23,18,5,0,0,0
2024-03-05 22:45,18,16,2,0,0,0
2024-03-05 23:00,12,10,2,0,0,0
2024-03-05 23:15,17,13,4,0,0,0
2024-03-05 23:30,10,8,2,0,0,0
2024-03-05 23:45,20,15,5,0,0,0
2024-03-06 00:00,6,6,0,0,0,0
2024-03-06 00:15,6,5,1,0,0,0
2024-03-06 00:30,2,2,0,0,0,0
2024-03-06 00:45,3,3,0,0,0,0
2024-03-06 01:00,3,3,0,0,0,0
2024-03-06 01:15,2,2,0,0,0,0
2024-03-06 01:30,0,0,0,0,0,0
2024-03-06 01:45,1,1,0,0,0,0
2024-03-06 02:00,3,2,1,0,0,0
2024-03-06 02:15,0,0,0,0,0,0
2024-03-06 02:30,1,1,0,0,0,0
2024-03-06 02:45,1,1,0,0,0,0
2024-03-06 03:00,0,0,0,0,0,0
2024-03-06 03:15,0,0,0,0,0,0
2024-03-06 03:30,0,0,0,0,0,0
2024-03-06 03:45,0,0,0,0,0,0
2024-03-06 04:00,0,0,0,0,0,0
2024-03-06 04:15,1,0,1,0,0,0
2024-03-06 04:30,0,0,0,0,0,0
2024-03-06 04:45,0,0,0,0,0,0
2024-03-06 05:00,2,1,1,0,0,0
2024-03-06 05:15,3,3,0,0,0,0
2024-03-06 05:30,8,4,4,0,0,0
2024-03-06 05:45,11,4,7,0,0,0
2024-03-06 06:00,8,6,2,0,0,0
2024-03-06 06:15,27,13,14,0,0,0
2024-03-06 06:30,35,19,16,0,0,0
2024-03-06 06:45,40,16,24,0,0,0
2024-03-06 07:00,53,27,26,0,0,0
2024-03-06 07:15,106,53,53,0,0,0
2024-03-06 07:30,175,69,106,0,0,0
2024-03-06 07:45,133,62,71,0,0,0
2024-03-06 08:00,111,58,53,0,0,0
2024-03-06 08:15,92,45,47,0,0,0
2024-03-06 08:30,90,44,46,0,0,0
2024-03-06 08:45,87,27,60,0,0,0
2024-03-06 09:00,81,25,56,0,0,0
2024-03-06 09:15,53,19,34,0,0,0
2024-03-06 09:30,55,24,31,0,0,0
2024-03-06 09:45,69,26,43,0,0,0
2024-03-06 10:00,61,26,35,0,0,0
2024-03-06 10:15,51,24,27,0,0,0
2024-03-06 10:30,50,27,23,0,0,0
2024-03-06 10:45,59,32,27,0,0,0
2024-03-06 11:00,57,24,33,0,0,0
2024-03-06 11:15,69,40,29,0,0,0
2024-03-06 11:30,89,56,33,0,0,0
2024-03-06 11:45,92,62,30,0,0,0
2024-03-06 12:00,111,76,35,0,0,0
2024-03-06 12:15,124,84,40,0,0,0
2024-03-06 12:30,153,109,44,0,0,0
2024-03-06 12:45,213,144,69,0,0,0
2024-03-06 13:00,179,132,47,0,0,0
2024-03-06 13:15,142,90,52,0,0,0
2024-03-06 13:30,165,92,73,0,0,0
2024-03-06 13:45,182,98,84,0,0,0
2024-03-06 14:00,158,100,58,0,0,0
2024-03-06 14:15,120,66,54,0,0,0
2024-03-06 14:30,110,65,45,0,0,0
2024-03-06 14:45,94,53,41,0,0,0
2024-03-06 15:00,106,67,39,0,0,0
2024-03-06 15:15,91,53,38,0,0,0
2024-03-06 15:30,103,69,34,0,0,0
2024-03-06 15:45,112,74,38,0,0,0
2024-03-06 16:00,118,75,43,0,0,0
2024-03-06 16:15,139,77,62,0,0,0
2024-03-06 16:30,106,69,37,0,0,0
2024-03-06 16:45,101,66,35,0,0,0
2024-03-06 17:00,121,76,45,0,0,0
2024-03-06 17:15,131,90,41,0,0,0
2024-03-06 17:30,134,80,54,0,0,0
2024-03-06 17:45,135,87,48,0,0,0
2024-03-06 18:00,133,98,35,0,0,0
2024-03-06 18:15,108,74,34,0,0,0
2024-03-06 18:30,96,73,23,0,0,0
2024-03-06 18:45,103,62,41,0,0,0
2024-03-06 19:00,91,54,37,0,0,0
2024-03-06 19:15,74,47,27,0,0,0
2024-03-06 19:30,88,52,36,0,0,0
2024-03-06 19:45,73,45,28,0,0,0
2024-03-06 20:00,53,36,17,0,0,0
2024-03-06 20:15,49,35,14,0,0,0
2024-03-06 20:30,44,33,11,0,0,0
2024-03-06 20:45,44,27,17,0,0,0
2024-03-06 21:00,38,30,8,0,0,0
2024-03-06 21:15,31,25,6,0,0,0
2024-03-06 21:30,38,29,9,0,0,0
2024-03-06 21:45,44,40,4,0,0,0
2024-03-06 22:00,30,23,7,0,0,0
2024-03-06 22:15,45,38,7,0,0,0
2024-03-06 22:30,34,29,5,0,0,0
2024-03-06 22:45,38,36,2,0,0,0
2024-03-06 23:00,16,13,3,0,0,0
2024-03-06 23:15,8,6,2,0,0,0
2024-03-06 23:30,16,13,3,0,0,0
2024-03-06 23:45,11,8,3,0,0,0
2024-03-07 00:00,6,5,1,0,0,0
2024-03-07 00:15,16,10,6,0,0,0
2024-03-07 00:30,7,7,0,0,0,0
2024-03-07 00:45,3,3,0,0,0,0
2024-03-07 01:00,7,5,2,0,0,0
2024-03-07 01:15,1,1,0,0,0,0
2024-03-07 01:30,5,4,1,0,0,0
2024-03-07 01:45,4,4,0,0,0,0
2024-03-07 02:00,3,3,0,0,0,0
2024-03-07 02:15,3,3,0,0,0,0
2024-03-07 02:30,1,1,0,0,0,0
2024-03-07 02:45,1,1,0,0,0,0
2024-03-07 03:00,2,2,0,0,0,0
2024-03-07 03:15,5,5,0,0,0,0
2024-03-07 03:30,4,4,0,0,0,0
2024-03-07 03:45,7,6,1,0,0,0
2024-03-07 04:00,2,2,0,0,0,0
2024-03-07 04:15,3,2,1,0,0,0
2024-03-07 04:30,0,0,0,0,0,0
2024-03-07 04:45,2,2,0,0,0,0
2024-03-07 05:00,4,1,3,0,0,0
2024-03-07 05:15,7,7,0,0,0,0
2024-03-07 05:30,5,1,4,0,0,0
2024-03-07 05:45,11,7,4,0,0,0
2024-03-07 06:00,8,5,3,0,0,0
2024-03-07 06:15,21,9,12,0,0,0
2024-03-07 06:30,20,11,9,0,0,0
2024-03-07 06:45,31,15,16,0,0,0
2024-03-07 07:00,56,29,27,0,0,0
2024-03-07 07:15,103,56,47,0,0,0
2024-03-07 07:30,157,67,90,0,0,0
2024-03-07 07:45,120,51,69,0,0,0
2024-03-07 08:00,88,42,46,0,0,0
2024-03-07 08:15,85,41,44,0,0,0
2024-03-07 08:30,81,40,41,0,0,0
2024-03-07 08:45,88,32,56,0,0,0
2024-03-07 09:00,49,8,41,0,0,0
2024-03-07 09:15,62,26,36,0,0,0
2024-03-07 09:30,49,22,27,0,0,0
2024-03-07 09:45,47,17,30,0,0,0
2024-03-07 10:00,50,22,28,0,0,0
2024-03-07 10:15,31,8,23,0,0,0
2024-03-07 10:30,48,27,21,0,0,0
2024-03-07 10:45,44,21,23,0,0,0
2024-03-07 11:00,29,17,12,0,0,0
2024-03-07 11:15,53,28,25,0,0,0
2024-03-07 11:30,61,42,19,0,0,0
2024-03-07 11:45,77,52,25,0,0,0
2024-03-07 12:00,101,77,24,0,0,0
2024-03-07 12:15,135,101,34,0,0,0
2024-03-07 12:30,119,71,48,0,0,0
2024-03-07 12:45,143,99,44,0,0,0
2024-03-07 13:00,163,125,38,0,0,0
2024-03-07 13:15,121,75,46,0,0,0
2024-03-07 13:30,141,77,64,0,0,0
2024-03-07 13:45,159,77,82,0,0,0
2024-03-07 14:00,153,101,52,0,0,0
2024-03-07 14:15,135,69,66,0,0,0
2024-03-07 14:30,101,44,57,0,0,0
2024-03-07 14:45,102,53,49,0,0,0
2024-03-07 15:00,85,48,37,0,0,0
2024-03-07 15:15,84,55,29,0,0,0
2024-03-07 15:30,118,70,48,0,0,0
2024-03-07 15:45,97,63,34,0,0,0
2024-03-07 16:00,123,84,39,0,0,0
2024-03-07 16:15,107,71,36,0,0,0
2024-03-07 16:30,103,68,35,0,0,0
2024-03-07 16:45,100,64,36,0,0,0
2024-03-07 17:00,125,84,41,0,0,0
2024-03-07 17:15,144,95,49,0,0,0
2024-03-07 17:30,138,93,45,0,0,0
2024-03-07 17:45,131,86,45,0,0,0
2024-03-07 18:00,119,80,39,0,0,0
2024-03-07 18:15,111,72,39,0,0,0
2024-03-07 18:30,97,69,28,0,0,0
2024-03-07 18:45,110,71,39,0,0,0
2024-03-07 19:00,83,50,33,0,0,0
2024-03-07 19:15,62,46,16,0,0,0
2024-03-07 19:30,68,52,16,0,0,0
2024-03-07 19:45,74,53,21,0,0,0
2024-03-07 20:00,65,40,25,0,0,0
2024-03-07 20:15,50,36,14,0,0,0
2024-03-07 20:30,41,27,14,0,0,0
2024-03-07 20:45,29,25,4,0,0,0
2024-03-07 21:00,41,34,7,0,0,0
2024-03-07 21:15,30,22,8,0,0,0
2024-03-07 21:30,43,37,6,0,0,0
2024-03-07 21:45,40,34,6,0,0,0
2024-03-07 22:00,31,23,8,0,0,0
2024-03-07 22:15,39,31,8,0,0,0
2024-03-07 22:30,18,16,2,0,0,0
2024-03-07 22:45,20,16,4,0,0,0
2024-03-07 23:00,16,13,3,0,0,0
2024-03-07 23:15,16,11,5,0,0,0
2024-03-07 23:30,11,9,2,0,0,0
2024-03-07 23:45,8,8,0,0,0,0
2024-03-08 00:00,6,4,2,0,0,0
2024-03-08 00:15,9,6,3,0,0,0
2024-03-08 00:30,6,6,0,0,0,0
2024-03-08 00:45,3,3,0,0,0,0
2024-03-08 01:00,4,3,1,0,0,0
2024-03-08 01:15,5,4,1,0,0,0
2024-03-08 01:30,2,1,1,0,0,0
2024-03-08 01:45,2,2,0,0,0,0
2024-03-08 02:00,3,3,0,0,0,0
2024-03-08 02:15,2,2,0,0,0,0
2024-03-08 02:30,0,0,0,0,0,0
2024-03-08 02:45,0,0,0,0,0,0
2024-03-08 03:00,0,0,0,0,0,0
2024-03-08 03:15,1,1,0,0,0,0
2024-03-08 03:30,0,0,0,0,0,0
2024-03-08 03:45,0,0,0,0,0,0
2024-03-08 04:00,5,5,0,0,0,0
2024-03-08 04:15,1,0,1,0,0,0
2024-03-08 04:30,0,0,0,0,0,0
2024-03-08 04:45,1,1,0,0,0,0
2024-03-08 05:00,1,0,1,0,0,0
2024-03-08 05:15,6,4,2,0,0,0
2024-03-08 05:30,6,1,5,0,0,0
2024-03-08 05:45,7,5,2,0,0,0
2024-03-08 06:00,8,6,2,0,0,0
2024-03-08 06:15,11,3,8,0,0,0
2024-03-08 06:30,22,15,7,0,0,0
2024-03-08 06:45,32,16,16,0,0,0
2024-03-08 07:00,38,18,20,0,0,0
2024-03-08 07:15,86,47,39,0,0,0
2024-03-08 07:30,152,70,82,0,0,0
2024-03-08 07:45,104,34,70,0,0,0
2024-03-08 08:00,71,32,39,0,0,0
2024-03-08 08:15,83,36,47,0,0,0
2024-03-08 08:30,70,27,43,0,0,0
2024-03-08 08:45,76,25,51,0,0,0
2024-03-08 09:00,56,22,34,0,0,0
2024-03-08 09:15,48,23,25,0,0,0
2024-03-08 09:30,50,20,30,0,0,0
2024-03-08 09:45,76,32,44,0,0,0
2024-03-08 10:00,59,24,35,0,0,0
2024-03-08 10:15,46,23,23,0,0,0
2024-03-08 10:30,51,26,25,0,0,0
2024-03-08 10:45,67,34,33,0,0,0
2024-03-08 11:00,46,29,17,0,0,0
2024-03-08 11:15,68,49,19,0,0,0
2024-03-08 11:30,60,36,24,0,0,0
2024-03-08 11:45,97,65,32,0,0,0
2024-03-08 12:00,108,68,40,0,0,0
2024-03-08 12:15,115,69,46,0,0,0
2024-03-08 12:30,141,98,43,0,0,0
2024-03-08 12:45,133,84,49,0,0,0
2024-03-08 13:00,190,127,63,0,0,0
2024-03-08 13:15,178,119,59,0,0,0
2024-03-08 13:30,168,110,58,0,0,0
2024-03-08 13:45,178,96,82,0,0,0
2024-03-08 14:00,150,88,62,0,0,0
2024-03-08 14:15,127,72,55,0,0,0
2024-03-08 14:30,106,72,34,0,0,0
2024-03-08 14:45,103,49,54,0,0,0
2024-03-08 15:00,107,67,40,0,0,0
2024-03-08 15:15,110,54,56,0,0,0
2024-03-08 15:30,93,58,35,0,0,0
2024-03-08 15:45,98,65,33,0,0,0
2024-03-08 16:00,98,63,35,0,0,0
2024-03-08 16:15,118,76,42,0,0,0
2024-03-08 16:30,90,68,22,0,0,0
2024-03-08 16:45,95,57,38,0,0,0
2024-03-08 17:00,85,60,25,0,0,0
2024-03-08 17:15,90,50,40,0,0,0
2024-03-08 17:30,91,59,32,0,0,0
2024-03-08 17:45,101,80,21,0,0,0
2024-03-08 18:00,77,57,20,0,0,0
2024-03-08 18:15,82,50,32,0,0,0
2024-03-08 18:30,91,64,27,0,0,0
2024-03-08 18:45,82,45,37,0,0,0
2024-03-08 19:00,82,53,29,0,0,0
2024-03-08 19:15,75,46,29,0,0,0
2024-03-08 19:30,73,48,25,0,0,0
2024-03-08 19:45,76,46,30,0,0,0
2024-03-08 20:00,70,53,17,0,0,0
2024-03-08 20:15,58,42,16,0,0,0
2024-03-08 20:30,42,28,14,0,0,0
2024-03-08 20:45,54,32,22,0,0,0
2024-03-08 21:00,46,38,8,0,0,0
2024-03-08 21:15,31,20,11,0,0,0
2024-03-08 21:30,41,29,12,0,0,0
2024-03-08 21:45,53,39,14,0,0,0
2024-03-08 22:00,43,35,8,0,0,0
2024-03-08 22:15,37,28,9,0,0,0
2024-03-08 22:30,47,45,2,0,0,0
2024-03-08 22:45,29,23,6,0,0,0
2024-03-08 23:00,39,27,12,0,0,0
2024-03-08 23:15,31,28,3,0,0,0
2024-03-08 23:30,36,31,5,0,0,0
2024-03-08 23:45,41,36,5,0,0,0
2024-03-09 00:00,21,17,4,0,0,0
2024-03-09 00:15,23,16,7,0,0,0
2024-03-09 00:30,20,17,3,0,0,0
2024-03-09 00:45,15,8,7,0,0,0
2024-03-09 01:00,12,11,1,0,0,0
2024-03-09 01:15,16,11,5,0,0,0
2024-03-09 01:30,13,8,5,0,0,0
2024-03-09 01:45,10,8,2,0,0,0
2024-03-09 02:00,10,7,3,0,0,0
2024-03-09 02:15,12,9,3,0,0,0
2024-03-09 02:30,11,9,2,0,0,0
2024-03-09 02:45,11,8,3,0,0,0
2024-03-09 03:00,9,4,5,0,0,0
2024-03-09 03:15,6,6,0,0,0,0
2024-03-09 03:30,4,2,2,0,0,0
2024-03-09 03:45,3,1,2,0,0,0
2024-03-09 04:00,5,2,3,0,0,0
2024-03-09 04:15,4,1,3,0,0,0
2024-03-09 04:30,1,1,0,0,0,0
2024-03-09 04:45,4,3,1,0,0,0
2024-03-09 05:00,7,4,3,0,0,0
2024-03-09 05:15,4,3,1,0,0,0
2024-03-09 05:30,6,2,4,0,0,0
2024-03-09 05:45,3,0,3,0,0,0
2024-03-09 06:00,4,4,0,0,0,0
2024-03-09 06:15,2,1,1,0,0,0
2024-03-09 06:30,8,4,4,0,0,0
2024-03-09 06:45,7,1,6,0,0,0
2024-03-09 07:00,3,1,2,0,0,0
2024-03-09 07:15,10,6,4,0,0,0
2024-03-09 07:30,5,3,2,0,0,0
2024-03-09 07:45,17,8,9,0,0,0
2024-03-09 08:00,12,6,6,0,0,0
2024-03-09 08:15,13,4,9,0,0,0
2024-03-09 08:30,23,9,14,0,0,0
2024-03-09 08:45,31,10,21,0,0,0
2024-03-09 09:00,34,11,23,0,0,0
2024-03-09 09:15,37,15,22,0,0,0
2024-03-09 09:30,51,22,29,0,0,0
2024-03-09 09:45,84,32,52,0,0,0
2024-03-09 10:00,39,11,28,0,0,0
2024-03-09 10:15,75,31,44,0,0,0
2024-03-09 10:30,67,32,35,0,0,0
2024-03-09 10:45,62,34,28,0,0,0
2024-03-09 11:00,67,23,44,0,0,0
2024-03-09 11:15,83,45,38,0,0,0
2024-03-09 11:30,68,35,33,0,0,0
2024-03-09 11:45,89,43,46,0,0,0
2024-03-09 12:00,88,54,34,0,0,0
2024-03-09 12:15,78,43,35,0,0,0
2024-03-09 12:30,90,49,41,0,0,0
2024-03-09 12:45,88,59,29,0,0,0
2024-03-09 13:00,93,46,47,0,0,0
2024-03-09 13:15,109,62,47,0,0,0
2024-03-09 13:30,102,62,40,0,0,0
2024-03-09 13:45,97,58,39,0,0,0
2024-03-09 14:00,90,47,43,0,0,0
2024-03-09 14:15,85,61,24,0,0,0
2024-03-09 14:30,74,47,27,0,0,0
2024-03-09 14:45,108,71,37,0,0,0
2024-03-09 15:00,83,51,32,0,0,0
2024-03-09 15:15,89,58,31,0,0,0
2024-03-09 15:30,89,61,28,0,0,0
2024-03-09 15:45,80,47,33,0,0,0
2024-03-09 16:00,89,60,29,0,0,0
2024-03-09 16:15,71,44,27,0,0,0
2024-03-09 16:30,83,52,31,0,0,0
2024-03-09 16:45,69,42,27,0,0,0
2024-03-09 17:00,64,38,26,0,0,0
2024-03-09 17:15,83,44,39,0,0,0
2024-03-09 17:30,73,42,31,0,0,0
2024-03-09 17:45,91,56,35,0,0,0
2024-03-09 18:00,71,45,26,0,0,0
2024-03-09 18:15,77,59,18,0,0,0
2024-03-09 18:30,60,38,22,0,0,0
2024-03-09 18:45,48,27,21,0,0,0
2024-03-09 19:00,43,33,10,0,0,0
2024-03-09 19:15,45,33,12,0,0,0
2024-03-09 19:30,40,26,14,0,0,0
2024-03-09 19:45,39,19,20,0,0,0
2024-03-09 20:00,41,30,11,0,0,0
2024-03-09 20:15,37,31,6,0,0,0
2024-03-09 20:30,44,27,17,0,0,0
2024-03-09 20:45,38,28,10,0,0,0
2024-03-09 21:00,32,25,7,0,0,0
2024-03-09 21:15,36,24,12,0,0,0
2024-03-09 21:30,17,13,4,0,0,0
2024-03-09 21:45,14,9,5,0,0,0
2024-03-09 22:00,15,12,3,0,0,0
2024-03-09 22:15,23,20,3,0,0,0
2024-03-09 22:30,26,22,4,0,0,0
2024-03-09 22:45,36,30,6,0,0,0
2024-03-09 23:00,28,24,4,0,0,0
2024-03-09 23:15,24,14,10,0,0,0
2024-03-09 23:30,22,15,7,0,0,0
2024-03-09 23:45,17,11,6,0,0,0
2024-03-10 00:00,14,10,4,0,0,0
2024-03-10 00:15,27,19,8,0,0,0
2024-03-10 00:30,19,12,7,0,0,0
2024-03-10 00:45,18,16,2,0,0,0
2024-03-10 01:00,7,6,1,0,0,0
2024-03-10 01:15,15,14,1,0,0,0
2024-03-10 01:30,10,9,1,0,0,0
2024-03-10 01:45,15,12,3,0,0,0
2024-03-10 02:00,6,5,1,0,0,0
2024-03-10 02:15,10,9,1,0,0,0
2024-03-10 02:30,9,9,0,0,0,0
2024-03-10 02:45,14,12,2,0,0,0
2024-03-10 03:00,8,7,1,0,0,0
2024-03-10 03:15,5,4,1,0,0,0
2024-03-10 03:30,6,6,0,0,0,0
2024-03-10 03:45,6,5,1,0,0,0
2024-03-10 04:00,2,2,0,0,0,0
2024-03-10 04:15,3,3,0,0,0,0
2024-03-10 04:30,3,3,0,0,0,0
2024-03-10 04:45,5,4,1,0,0,0
2024-03-10 05:00,8,6,2,0,0,0
2024-03-10 05:15,1,1,0,0,0,0
2024-03-10 05:30,3,2,1,0,0,0
2024-03-10 05:45,1,1,0,0,0,0
2024-03-10 06:00,2,2,0,0,0,0
2024-03-10 06:15,1,0,1,0,0,0
2024-03-10 06:30,7,4,3,0,0,0
2024-03-10 06:45,0,0,0,0,0,0
2024-03-10 07:00,1,1,0,0,0,0
2024-03-10 07:15,5,1,4,0,0,0
2024-03-10 07:30,4,3,1,0,0,0
2024-03-10 07:45,3,1,2,0,0,0
2024-03-10 08:00,7,3,4,0,0,0
2024-03-10 08:15,3,2,1,0,0,0
2024-03-10 08:30,12,5,7,0,0,0
2024-03-10 08:45,19,12,7,0,0,0
2024-03-10 09:00,17,7,10,0,0,0
2024-03-10 09:15,19,10,9,0,0,0
2024-03-10 09:30,32,26,6,0,0,0
2024-03-10 09:45,57,40,17,0,0,0
2024-03-10 10:00,21,11,10,0,0,0
2024-03-10 10:15,27,15,12,0,0,0
2024-03-10 10:30,30,11,19,0,0,0
2024-03-10 10:45,38,26,12,0,0,0
2024-03-10 11:00,42,23,19,0,0,0
2024-03-10 11:15,39,17,22,0,0,0
2024-03-10 11:30,27,17,10,0,0,0
2024-03-10 11:45,45,21,24,0,0,0
2024-03-10 12:00,47,32,15,0,0,0
2024-03-10 12:15,51,34,17,0,0,0
2024-03-10 12:30,38,28,10,0,0,0
2024-03-10 12:45,66,36,30,0,0,0
2024-03-10 13:00,44,24,20,0,0,0
2024-03-10 13:15,54,31,23,0,0,0
2024-03-10 13:30,55,32,23,0,0,0
2024-03-10 13:45,67,38,29,0,0,0
2024-03-10 14:00,47,26,21,0,0,0
2024-03-10 14:15,75,41,34,0,0,0
2024-03-10 14:30,53,34,19,0,0,0
2024-03-10 14:45,86,44,42,0,0,0
2024-03-10 15:00,60,37,23,0,0,0
2024-03-10 15:15,67,44,23,0,0,0
2024-03-10 15:30,58,33,25,0,0,0
2024-03-10 15:45,54,32,22,0,0,0
2024-03-10 16:00,71,47,24,0,0,0
2024-03-10 16:15,65,36,29,0,0,0
2024-03-10 16:30,54,35,19,0,0,0
2024-03-10 16:45,74,44,30,0,0,0
2024-03-10 17:00,69,44,25,0,0,0
2024-03-10 17:15,60,34,26,0,0,0
2024-03-10 17:30,65,47,18,0,0,0
2024-03-10 17:45,52,25,27,0,0,0
2024-03-10 18:00,54,30,24,0,0,0
2024-03-10 18:15,72,45,27,0,0,0
2024-03-10 18:30,66,48,18,0,0,0
2024-03-10 18:45,47,30,17,0,0,0
2024-03-10 19:00,40,29,11,0,0,0
2024-03-10 19:15,56,44,12,0,0,0
2024-03-10 19:30,36,27,9,0,0,0
2024-03-10 19:45,36,23,13,0,0,0
2024-03-10 20:00,35,23,12,0,0,0
2024-03-10 20:15,27,21,6,0,0,0
2024-03-10 20:30,26,19,7,0,0,0
2024-03-10 20:45,24,20,4,0,0,0
2024-03-10 21:00,34,28,6,0,0,0
2024-03-10 21:15,23,19,4,0,0,0
2024-03-10 21:30,20,19,1,0,0,0
2024-03-10 21:45,18,16,2,0,0,0
2024-03-10 22:00,16,7,9,0,0,0
2024-03-10 22:15,19,18,1,0,0,0
2024-03-10 22:30,6,4,2,0,0,0
2024-03-10 22:45,15,11,4,0,0,0
2024-03-10 23:00,13,10,3,0,0,0
2024-03-10 23:15,2,1,1,0,0,0
2024-03-10 23:30,5,5,0,0,0,0
2024-03-10 23:45,8,8,0,0,0,0
2024-03-11 00:00,3,3,0,0,0,0
2024-03-11 00:15,4,3,1,0,0,0
2024-03-11 00:30,1,1,0,0,0,0
2024-03-11 00:45,0,0,0,0,0,0
2024-03-11 01:00,0,0,0,0,0,0
2024-03-11 01:15,1,0,1,0,0,0
2024-03-11 01:30,0,0,0,0,0,0
2024-03-11 01:45,0,0,0,0,0,0
2024-03-11 02:00,0,0,0,0,0,0
2024-03-11 02:15,1,1,0,0,0,0
2024-03-11 02:30,0,0,0,0,0,0
2024-03-11 02:45,1,1,0,0,0,0
2024-03-11 03:00,0,0,0,0,0,0
2024-03-11 03:15,0,0,0,0,0,0
2024-03-11 03:30,1,0,1,0,0,0
2024-03-11 03:45,1,1,0,0,0,0
2024-03-11 04:00,0,0,0,0,0,0
2024-03-11 04:15,1,0,1,0,0,0
2024-03-11 04:30,1,1,0,0,0,0
2024-03-11 04:45,0,0,0,0,0,0
2024-03-11 05:00,0,0,0,0,0,0
2024-03-11 05:15,2,1,1,0,0,0
2024-03-11 05:30,6,3,3,0,0,0
2024-03-11 05:45,8,6,2,0,0,0
2024-03-11 06:00,11,8,3,0,0,0
2024-03-11 06:15,13,6,7,0,0,0
2024-03-11 06:30,23,16,7,0,0,0
2024-03-11 06:45,28,13,15,0,0,0
2024-03-11 07:00,42,25,17,0,0,0
2024-03-11 07:15,72,38,34,0,0,0
2024-03-11 07:30,128,46,82,0,0,0
2024-03-11 07:45,99,47,52,0,0,0
2024-03-11 08:00,80,34,46,0,0,0
2024-03-11 08:15,81,35,46,0,0,0
2024-03-11 08:30,63,30,33,0,0,0
2024-03-11 08:45,67,24,43,0,0,0
2024-03-11 09:00,34,12,22,0,0,0
2024-03-11 09:15,29,12,17,0,0,0
2024-03-11 09:30,37,15,22,0,0,0
2024-03-11 09:45,40,13,27,0,0,0
2024-03-11 10:00,29,16,13,0,0,0
2024-03-11 10:15,26,15,11,0,0,0
2024-03-11 10:30,30,11,19,0,0,0
2024-03-11 10:45,38,19,19,0,0,0
2024-03-11 11:00,49,29,20,0,0,0
2024-03-11 11:15,33,18,15,0,0,0
2024-03-11 11:30,52,31,21,0,0,0
2024-03-11 11:45,68,54,14,0,0,0
2024-03-11 12:00,83,60,23,0,0,0
2024-03-11 12:15,96,69,27,0,0,0
2024-03-11 12:30,92,59,33,0,0,0
2024-03-11 12:45,110,73,37,0,0,0
2024-03-11 13:00,120,83,37,0,0,0
2024-03-11 13:15,103,68,35,0,0,0
2024-03-11 13:30,123,66,57,0,0,0
2024-03-11 13:45,107,44,63,0,0,0
2024-03-11 14:00,88,51,37,0,0,0
2024-03-11 14:15,81,41,40,0,0,0
2024-03-11 14:30,66,28,38,0,0,0
2024-03-11 14:45,73,42,31,0,0,0
2024-03-11 15:00,66,40,26,0,0,0
2024-03-11 15:15,68,38,30,0,0,0
2024-03-11 15:30,69,50,19,0,0,0
2024-03-11 15:45,77,50,27,0,0,0
2024-03-11 16:00,94,56,38,0,0,0
2024-03-11 16:15,91,54,37,0,0,0
2024-03-11 16:30,81,64,17,0,0,0
2024-03-11 16:45,88,57,31,0,0,0
2024-03-11 17:00,78,55,23,0,0,0
2024-03-11 17:15,73,47,26,0,0,0
2024-03-11 17:30,92,74,18,0,0,0
2024-03-11 17:45,105,67,38,0,0,0
2024-03-11 18:00,95,70,25,0,0,0
2024-03-11 18:15,76,59,17,0,0,0
2024-03-11 18:30,64,51,13,0,0,0
2024-03-11 18:45,62,43,19,0,0,0
2024-03-11 19:00,57,35,22,0,0,0
2024-03-11 19:15,50,34,16,0,0,0
2024-03-11 19:30,40,24,16,0,0,0
2024-03-11 19:45,49,34,15,0,0,0
2024-03-11 20:00,34,23,11,0,0,0
2024-03-11 20:15,47,32,15,0,0,0
2024-03-11 20:30,31,25,6,0,0,0
2024-03-11 20:45,21,19,2,0,0,0
2024-03-11 21:00,24,22,2,0,0,0
2024-03-11 21:15,25,20,5,0,0,0
2024-03-11 21:30,22,20,2,0,0,0
2024-03-11 21:45,20,13,7,0,0,0
2024-03-11 22:00,23,18,5,0,0,0
2024-03-11 22:15,18,13,5,0,0,0
2024-03-11 22:30,13,13,0,0,0,0
2024-03-11 22:45,32,29,3,0,0,0
2024-03-11 23:00,8,6,2,0,0,0
2024-03-11 23:15,9,7,2,0,0,0
2024-03-11 23:30,3,3,0,0,0,0
2024-03-11 23:45,7,5,2,0,0,0
2024-03-12 00:00,4,3,1,0,0,0
2024-03-12 00:15,2,1,1,0,0,0
2024-03-12 00:30,0,0,0,0,0,0
2024-03-12 00:45,3,2,1,0,0,0
2024-03-12 01:00,3,3,0,0,0,0
2024-03-12 01:15,1,1,0,0,0,0
2024-03-12 01:30,1,1,0,0,0,0
2024-03-12 01:45,0,0,0,0,0,0
2024-03-12 02:00,0,0,0,0,0,0
2024-03-12 02:15,0,0,0,0,0,0
2024-03-12 02:30,1,0,1,0,0,0
2024-03-12 02:45,0,0,0,0,0,0
2024-03-12 03:00,0,0,0,0,0,0
2024-03-12 03:15,0,0,0,0,0,0
2024-03-12 03:30,0,0,0,0,0,0
2024-03-12 03:45,1,0,1,0,0,0
2024-03-12 04:00,0,0,0,0,0,0
2024-03-12 04:15,0,0,0,0,0,0
2024-03-12 04:30,2,2,0,0,0,0
2024-03-12 04:45,0,0,0,0,0,0
2024-03-12 05:00,1,0,1,0,0,0
2024-03-12 05:15,5,3,2,0,0,0
2024-03-12 05:30,5,2,3,0,0,0
2024-03-12 05:45,10,8,2,0,0,0
2024-03-12 06:00,12,8,4,0,0,0
2024-03-12 06:15,14,8,6,0,0,0
2024-03-12 06:30,29,16,13,0,0,0
2024-03-12 06:45,28,13,15,0,0,0
2024-03-12 07:00,58,29,29,0,0,0
2024-03-12 07:15,88,43,45,0,0,0
2024-03-12 07:30,135,58,77,0,0,0
2024-03-12 07:45,109,42,67,0,0,0
2024-03-12 08:00,92,40,52,0,0,0
2024-03-12 08:15,80,42,38,0,0,0
2024-03-12 08:30,87,39,48,0,0,0
2024-03-12 08:45,95,34,61,0,0,0
2024-03-12 09:00,65,33,32,0,0,0
2024-03-12 09:15,43,14,29,0,0,0
2024-03-12 09:30,59,26,33,0,0,0
2024-03-12 09:45,68,29,39,0,0,0
2024-03-12 10:00,45,20,25,0,0,0
2024-03-12 10:15,38,16,22,0,0,0
2024-03-12 10:30,39,14,25,0,0,0
2024-03-12 10:45,50,26,24,0,0,0
2024-03-12 11:00,42,24,18,0,0,0
2024-03-12 11:15,42,25,17,0,0,0
2024-03-12 11:30,54,40,14,0,0,0
2024-03-12 11:45,97,68,29,0,0,0
2024-03-12 12:00,113,86,27,0,0,0
2024-03-12 12:15,124,85,39,0,0,0
2024-03-12 12:30,134,88,46,0,0,0
2024-03-12 12:45,143,91,52,0,0,0
2024-03-12 13:00,182,118,64,0,0,0
2024-03-12 13:15,154,112,42,0,0,0
2024-03-12 13:30,142,76,66,0,0,0
2024-03-12 13:45,162,81,81,0,0,0
2024-03-12 14:00,134,78,56,0,0,0
2024-03-12 14:15,120,61,59,0,0,0
2024-03-12 14:30,83,45,38,0,0,0
2024-03-12 14:45,92,41,51,0,0,0
2024-03-12 15:00,59,36,23,0,0,0
2024-03-12 15:15,92,54,38,0,0,0
2024-03-12 15:30,86,61,25,0,0,0
2024-03-12 15:45,79,47,32,0,0,0
2024-03-12 16:00,101,62,39,0,0,0
2024-03-12 16:15,98,60,38,0,0,0
2024-03-12 16:30,101,77,24,0,0,0
2024-03-12 16:45,108,76,32,0,0,0
2024-03-12 17:00,126,98,28,0,0,0
2024-03-12 17:15,93,55,38,0,0,0
2024-03-12 17:30,94,63,31,0,0,0
2024-03-12 17:45,103,69,34,0,0,0
2024-03-12 18:00,102,76,26,0,0,0
2024-03-12 18:15,105,73,32,0,0,0
2024-03-12 18:30,114,77,37,0,0,0
2024-03-12 18:45,97,69,28,0,0,0
2024-03-12 19:00,83,65,18,0,0,0
2024-03-12 19:15,87,52,35,0,0,0
2024-03-12 19:30,44,29,15,0,0,0
2024-03-12 19:45,63,46,17,0,0,0
2024-03-12 20:00,49,34,15,0,0,0
2024-03-12 20:15,39,29,10,0,0,0
2024-03-12 20:30,42,28,14,0,0,0
2024-03-12 20:45,35,26,9,0,0,0
2024-03-12 21:00,32,21,11,0,0,0
2024-03-12 21:15,42,33,9,0,0,0
2024-03-12 21:30,22,18,4,0,0,0
2024-03-12 21:45,32,23,9,0,0,0
2024-03-12 22:00,35,32,3,0,0,0
2024-03-12 22:15,30,25,5,0,0,0
2024-03-12 22:30,39,18,21,0,0,0
2024-03-12 22:45,29,22,7,0,0,0
2024-03-12 23:00,10,6,4,0,0,0
2024-03-12 23:15,18,16,2,0,0,0
2024-03-12 23:30,12,11,1,0,0,0
2024-03-12 23:45,7,4,3,0,0,0
2024-03-13 00:00,11,10,1,0,0,0
2024-03-13 00:15,3,2,1,0,0,0
2024-03-13 00:30,1,1,0,0,0,0
2024-03-13 00:45,7,6,1,0,0,0
2024-03-13 01:00,3,3,0,0,0,0
2024-03-13 01:15,3,2,1,0,0,0
2024-03-13 01:30,1,1,0,0,0,0
2024-03-13 01:45,0,0,0,0,0,0
2024-03-13 02:00,2,2,0,0,0,0
2024-03-13 02:15,2,2,0,0,0,0
2024-03-13 02:30,2,2,0,0,0,0
2024-03-13 02:45,0,0,0,0,0,0
2024-03-13 03:00,0,0,0,0,0,0
2024-03-13 03:15,0,0,0,0,0,0
2024-03-13 03:30,0,0,0,0,0,0
2024-03-13 03:45,0,0,0,0,0,0
2024-03-13 04:00,1,0,1,0,0,0
2024-03-13 04:15,0,0,0,0,0,0
2024-03-13 04:30,1,1,0,0,0,0
2024-03-13 04:45,0,0,0,0,0,0
2024-03-13 05:00,0,0,0,0,0,0
2024-03-13 05:15,7,2,5,0,0,0
2024-03-13 05:30,2,1,1,0,0,0
2024-03-13 05:45,13,7,6,0,0,0
2024-03-13 06:00,10,5,5,0,0,0
2024-03-13 06:15,17,8,9,0,0,0
2024-03-13 06:30,25,8,17,0,0,0
2024-03-13 06:45,31,12,19,0,0,0
2024-03-13 07:00,50,20,30,0,0,0
2024-03-13 07:15,91,47,44,0,0,0
2024-03-13 07:30,158,62,96,0,0,0
2024-03-13 07:45,96,40,56,0,0,0
2024-03-13 08:00,99,44,55,0,0,0
2024-03-13 08:15,84,39,45,0,0,0
2024-03-13 08:30,61,27,34,0,0,0
2024-03-13 08:45,96,32,64,0,0,0
2024-03-13 09:00,67,22,45,0,0,0
2024-03-13 09:15,50,20,30,0,0,0
2024-03-13 09:30,69,27,42,0,0,0
2024-03-13 09:45,66,30,36,0,0,0
2024-03-13 10:00,57,26,31,0,0,0
2024-03-13 10:15,46,25,21,0,0,0
2024-03-13 10:30,52,25,27,0,0,0
2024-03-13 10:45,51,22,29,0,0,0
2024-03-13 11:00,68,36,32,0,0,0
2024-03-13 11:15,54,31,23,0,0,0
2024-03-13 11:30,69,49,20,0,0,0
2024-03-13 11:45,83,56,27,0,0,0
2024-03-13 12:00,111,81,30,0,0,0
2024-03-13 12:15,131,85,46,0,0,0
2024-03-13 12:30,118,78,40,0,0,0
2024-03-13 12:45,163,111,52,0,0,0
2024-03-13 13:00,160,117,43,0,0,0
2024-03-13 13:15,146,95,51,0,0,0
2024-03-13 13:30,126,76,50,0,0,0
2024-03-13 13:45,163,97,66,0,0,0
2024-03-13 14:00,136,87,49,0,0,0
2024-03-13 14:15,114,66,48,0,0,0
2024-03-13 14:30,99,57,42,0,0,0
2024-03-13 14:45,88,47,41,0,0,0
2024-03-13 15:00,90,58,32,0,0,0
2024-03-13 15:15,89,56,33,0,0,0
2024-03-13 15:30,84,44,40,0,0,0
2024-03-13 15:45,81,60,21,0,0,0
2024-03-13 16:00,96,66,30,0,0,0
2024-03-13 16:15,121,80,41,0,0,0
2024-03-13 16:30,114,77,37,0,0,0
2024-03-13 16:45,107,67,40,0,0,0
2024-03-13 17:00,131,99,32,0,0,0
2024-03-13 17:15,105,77,28,0,0,0
2024-03-13 17:30,109,72,37,0,0,0
2024-03-13 17:45,102,63,39,0,0,0
2024-03-13 18:00,114,85,29,0,0,0
2024-03-13 18:15,111,71,40,0,0,0
2024-03-13 18:30,100,56,44,0,0,0
2024-03-13 18:45,84,48,36,0,0,0
2024-03-13 19:00,72,54,18,0,0,0
2024-03-13 19:15,71,38,33,0,0,0
2024-03-13 19:30,73,49,24,0,0,0
2024-03-13 19:45,61,41,20,0,0,0
2024-03-13 20:00,43,30,13,0,0,0
2024-03-13 20:15,50,32,18,0,0,0
2024-03-13 20:30,34,26,8,0,0,0
2024-03-13 20:45,41,24,17,0,0,0
2024-03-13 21:00,29,28,1,0,0,0
2024-03-13 21:15,24,20,4,0,0,0
2024-03-13 21:30,26,24,2,0,0,0
2024-03-13 21:45,45,38,7,0,0,0
2024-03-13 22:00,41,34,7,0,0,0
2024-03-13 22:15,31,24,7,0,0,0
2024-03-13 22:30,33,26,7,0,0,0
2024-03-13 22:45,36,21,15,0,0,0
2024-03-13 23:00,31,23,8,0,0,0
2024-03-13 23:15,15,13,2,0,0,0
2024-03-13 23:30,16,12,4,0,0,0
2024-03-13 23:45,9,7,2,0,0,0
2024-03-14 00:00,9,8,1,0,0,0
2024-03-14 00:15,7,5,2,0,0,0
2024-03-14 00:30,14,12,2,0,0,0
2024-03-14 00:45,4,4,0,0,0,0
2024-03-14 01:00,4,4,0,0,0,0
2024-03-14 01:15,9,8,1,0,0,0
2024-03-14 01:30,2,2,0,0,0,0
2024-03-14 01:45,5,4,1,0,0,0
2024-03-14 02:00,1,1,0,0,0,0
2024-03-14 02:15,4,4,0,0,0,0
2024-03-14 02:30,8,8,0,0,0,0
2024-03-14 02:45,3,3,0,0,0,0
2024-03-14 03:00,2,2,0,0,0,0
2024-03-14 03:15,1,1,0,0,0,0
2024-03-14 03:30,5,3,2,0,0,0
2024-03-14 03:45,2,1,1,0,0,0
2024-03-14 04:00,0,0,0,0,0,0
2024-03-14 04:15,1,1,0,0,0,0
2024-03-14 04:30,1,1,0,0,0,0
2024-03-14 04:45,0,0,0,0,0,0
2024-03-14 05:00,0,0,0,0,0,0
2024-03-14 05:15,4,2,2,0,0,0
2024-03-14 05:30,5,2,3,0,0,0
2024-03-14 05:45,11,5,6,0,0,0
2024-03-14 06:00,12,6,6,0,0,0
2024-03-14 06:15,16,8,8,0,0,0
2024-03-14 06:30,27,13,14,0,0,0
2024-03-14 06:45,25,13,12,0,0,0
2024-03-14 07:00,48,30,18,0,0,0
2024-03-14 07:15,103,43,60,0,0,0
2024-03-14 07:30,156,64,92,0,0,0
2024-03-14 07:45,121,50,71,0,0,0
2024-03-14 08:00,104,48,56,0,0,0
2024-03-14 08:15,81,39,42,0,0,0
2024-03-14 08:30,83,36,47,0,0,0
2024-03-14 08:45,73,28,45,0,0,0
2024-03-14 09:00,74,21,53,0,0,0
2024-03-14 09:15,54,22,32,0,0,0
2024-03-14 09:30,77,25,52,0,0,0
2024-03-14 09:45,70,30,40,0,0,0
2024-03-14 10:00,53,23,30,0,0,0
2024-03-14 10:15,39,20,19,0,0,0
2024-03-14 10:30,49,12,37,0,0,0
2024-03-14 10:45,53,30,23,0,0,0
2024-03-14 11:00,63,32,31,0,0,0
2024-03-14 11:15,69,44,25,0,0,0
2024-03-14 11:30,68,45,23,0,0,0
2024-03-14 11:45,84,64,20,0,0,0
2024-03-14 12:00,110,75,35,0,0,0
2024-03-14 12:15,151,99,52,0,0,0
2024-03-14 12:30,138,93,45,0,0,0
2024-03-14 12:45,187,124,63,0,0,0
2024-03-14 13:00,202,148,54,0,0,0
2024-03-14 13:15,152,99,53,0,0,0
2024-03-14 13:30,137,76,61,0,0,0
2024-03-14 13:45,171,96,75,0,0,0
2024-03-14 14:00,139,70,69,0,0,0
2024-03-14 14:15,101,54,47,0,0,0
2024-03-14 14:30,124,63,61,0,0,0
2024-03-14 14:45,131,57,74,0,0,0
2024-03-14 15:00,68,39,29,0,0,0
2024-03-14 15:15,98,65,33,0,0,0
2024-03-14 15:30,135,78,57,0,0,0
2024-03-14 15:45,117,76,41,0,0,0
2024-03-14 16:00,118,71,47,0,0,0
2024-03-14 16:15,127,81,46,0,0,0
2024-03-14 16:30,137,87,50,0,0,0
2024-03-14 16:45,124,75,49,0,0,0
2024-03-14 17:00,165,113,52,0,0,0
2024-03-14 17:15,134,100,34,0,0,0
2024-03-14 17:30,133,86,47,0,0,0
2024-03-14 17:45,151,116,35,0,0,0
2024-03-14 18:00,116,83,33,0,0,0
2024-03-14 18:15,104,76,28,0,0,0
2024-03-14 18:30,114,77,37,0,0,0
2024-03-14 18:45,124,80,44,0,0,0
2024-03-14 19:00,96,73,23,0,0,0
2024-03-14 19:15,94,55,39,0,0,0
2024-03-14 19:30,52,34,18,0,0,0
2024-03-14 19:45,66,41,25,0,0,0
2024-03-14 20:00,68,51,17,0,0,0
2024-03-14 20:15,58,41,17,0,0,0
2024-03-14 20:30,46,33,13,0,0,0
2024-03-14 20:45,32,29,3,0,0,0
2024-03-14 21:00,45,36,9,0,0,0
2024-03-14 21:15,40,27,13,0,0,0
2024-03-14 21:30,37,26,11,0,0,0
2024-03-14 21:45,43,28,15,0,0,0
2024-03-14 22:00,39,32,7,0,0,0
2024-03-14 22:15,36,31,5,0,0,0
2024-03-14 22:30,30,26,4,0,0,0
2024-03-14 22:45,25,20,5,0,0,0
2024-03-14 23:00,20,18,2,0,0,0
2024-03-14 23:15,15,9,6,0,0,0
2024-03-14 23:30,11,10,1,0,0,0
2024-03-14 23:45,9,8,1,0,0,0
2024-03-15 00:00,7,5,2,0,0,0
2024-03-15 00:15,7,7,0,0,0,0
2024-03-15 00:30,4,4,0,0,0,0
2024-03-15 00:45,5,3,2,0,0,0
2024-03-15 01:00,3,0,3,0,0,0
2024-03-15 01:15,2,2,0,0,0,0
2024-03-15 01:30,2,2,0,0,0,0
2024-03-15 01:45,4,4,0,0,0,0
2024-03-15 02:00,1,1,0,0,0,0
2024-03-15 02:15,1,1,0,0,0,0
2024-03-15 02:30,0,0,0,0,0,0
2024-03-15 02:45,2,2,0,0,0,0
2024-03-15 03:00,2,2,0,0,0,0
2024-03-15 03:15,1,1,0,0,0,0
2024-03-15 03:30,2,1,1,0,0,0
2024-03-15 03:45,3,1,2,0,0,0
2024-03-15 04:00,3,2,1,0,0,0
2024-03-15 04:15,1,1,0,0,0,0
2024-03-15 04:30,0,0,0,0,0,0
2024-03-15 04:45,0,0,0,0,0,0
2024-03-15 05:00,2,2,0,0,0,0
2024-03-15 05:15,3,2,1,0,0,0
2024-03-15 05:30,10,7,3,0,0,0
2024-03-15 05:45,12,5,7,0,0,0
2024-03-15 06:00,10,7,3,0,0,0
2024-03-15 06:15,16,10,6,0,0,0
2024-03-15 06:30,21,9,12,0,0,0
2024-03-15 06:45,31,12,19,0,0,0
2024-03-15 07:00,47,20,27,0,0,0
2024-03-15 07:15,81,37,44,0,0,0
2024-03-15 07:30,143,62,81,0,0,0
2024-03-15 07:45,95,39,56,0,0,0
2024-03-15 08:00,88,40,48,0,0,0
2024-03-15 08:15,66,31,35,0,0,0
2024-03-15 08:30,65,27,38,0,0,0
2024-03-15 08:45,69,28,41,0,0,0
2024-03-15 09:00,61,16,45,0,0,0
2024-03-15 09:15,65,22,43,0,0,0
2024-03-15 09:30,47,26,21,0,0,0
2024-03-15 09:45,47,23,24,0,0,0
2024-03-15 10:00,51,27,24,0,0,0
2024-03-15 10:15,40,21,19,0,0,0
2024-03-15 10:30,48,19,29,0,0,0
2024-03-15 10:45,45,25,20,0,0,0
2024-03-15 11:00,42,28,14,0,0,0
2024-03-15 11:15,54,33,21,0,0,0
2024-03-15 11:30,57,36,21,0,0,0
2024-03-15 11:45,85,68,17,0,0,0
2024-03-15 12:00,119,77,42,0,0,0
2024-03-15 12:15,114,77,37,0,0,0
2024-03-15 12:30,122,80,42,0,0,0
2024-03-15 12:45,177,107,70,0,0,0
2024-03-15 13:00,171,126,45,0,0,0
2024-03-15 13:15,137,90,47,0,0,0
2024-03-15 13:30,132,84,48,0,0,0
2024-03-15 13:45,197,107,90,0,0,0
2024-03-15 14:00,133,81,52,0,0,0
2024-03-15 14:15,100,55,45,0,0,0
2024-03-15 14:30,105,66,39,0,0,0
2024-03-15 14:45,100,62,38,0,0,0
2024-03-15 15:00,84,57,27,0,0,0
2024-03-15 15:15,70,38,32,0,0,0
2024-03-15 15:30,67,47,20,0,0,0
2024-03-15 15:45,103,67,36,0,0,0
2024-03-15 16:00,73,49,24,0,0,0
2024-03-15 16:15,71,49,22,0,0,0
2024-03-15 16:30,79,46,33,0,0,0
2024-03-15 16:45,58,45,13,0,0,0
2024-03-15 17:00,53,34,19,0,0,0
2024-03-15 17:15,82,62,20,0,0,0
2024-03-15 17:30,72,49,23,0,0,0
2024-03-15 17:45,64,48,16,0,0,0
2024-03-15 18:00,68,52,16,0,0,0
2024-03-15 18:15,71,50,21,0,0,0
2024-03-15 18:30,39,29,10,0,0,0
2024-03-15 18:45,68,36,32,0,0,0
2024-03-15 19:00,51,35,16,0,0,0
2024-03-15 19:15,65,36,29,0,0,0
2024-03-15 19:30,43,22,21,0,0,0
2024-03-15 19:45,43,25,18,0,0,0
2024-03-15 20:00,40,29,11,0,0,0
2024-03-15 20:15,41,26,15,0,0,0
2024-03-15 20:30,23,14,9,0,0,0
2024-03-15 20:45,26,19,7,0,0,0
2024-03-15 21:00,29,20,9,0,0,0
2024-03-15 21:15,30,23,7,0,0,0
2024-03-15 21:30,20,16,4,0,0,0
2024-03-15 21:45,22,19,3,0,0,0
2024-03-15 22:00,19,14,5,0,0,0
2024-03-15 22:15,31,19,12,0,0,0
2024-03-15 22:30,34,30,4,0,0,0
2024-03-15 22:45,21,14,7,0,0,0
2024-03-15 23:00,25,20,5,0,0,0
2024-03-15 23:15,33,26,7,0,0,0
2024-03-15 23:30,24,20,4,0,0,0
2024-03-15 23:45,14,12,2,0,0,0
2024-03-16 00:00,18,15,3,0,0,0
2024-03-16 00:15,19,12,7,0,0,0
2024-03-16 00:30,16,12,4,0,0,0
2024-03-16 00:45,19,14,5,0,0,0
2024-03-16 01:00,15,13,2,0,0,0
2024-03-16 01:15,17,14,3,0,0,0
2024-03-16 01:30,12,6,6,0,0,0
2024-03-16 01:45,9,7,2,0,0,0
2024-03-16 02:00,9,5,4,0,0,0
2024-03-16 02:15,4,1,3,0,0,0
2024-03-16 02:30,9,8,1,0,0,0
2024-03-16 02:45,7,7,0,0,0,0
2024-03-16 03:00,3,3,0,0,0,0
2024-03-16 03:15,5,3,2,0,0,0
2024-03-16 03:30,6,6,0,0,0,0
2024-03-16 03:45,4,4,0,0,0,0
2024-03-16 04:00,2,2,0,0,0,0
2024-03-16 04:15,3,1,2,0,0,0
2024-03-16 04:30,0,0,0,0,0,0
2024-03-16 04:45,0,0,0,0,0,0
2024-03-16 05:00,1,1,0,0,0,0
2024-03-16 05:15,5,4,1,0,0,0
2024-03-16 05:30,4,3,1,0,0,0
2024-03-16 05:45,6,0,6,0,0,0
2024-03-16 06:00,3,2,1,0,0,0
2024-03-16 06:15,1,1,0,0,0,0
2024-03-16 06:30,1,1,0,0,0,0
2024-03-16 06:45,3,0,3,0,0,0
2024-03-16 07:00,5,2,3,0,0,0
2024-03-16 07:15,6,3,3,0,0,0
2024-03-16 07:30,9,5,4,0,0,0
2024-03-16 07:45,14,5,9,0,0,0
2024-03-16 08:00,13,4,9,0,0,0
2024-03-16 08:15,14,2,12,0,0,0
2024-03-16 08:30,27,15,12,0,0,0
2024-03-16 08:45,44,24,20,0,0,0
2024-03-16 09:00,19,10,9,0,0,0
2024-03-16 09:15,32,17,15,0,0,0
2024-03-16 09:30,41,15,26,0,0,0
2024-03-16 09:45,60,26,34,0,0,0
2024-03-16 10:00,53,19,34,0,0,0
2024-03-16 10:15,52,21,31,0,0,0
2024-03-16 10:30,34,16,18,0,0,0
2024-03-16 10:45,49,20,29,0,0,0
2024-03-16 11:00,64,31,33,0,0,0
2024-03-16 11:15,56,24,32,0,0,0
2024-03-16 11:30,50,29,21,0,0,0
2024-03-16 11:45,62,31,31,0,0,0
2024-03-16 12:00,65,31,34,0,0,0
2024-03-16 12:15,73,35,38,0,0,0
2024-03-16 12:30,65,37,28,0,0,0
2024-03-16 12:45,85,46,39,0,0,0
2024-03-16 13:00,75,53,22,0,0,0
2024-03-16 13:15,70,44,26,0,0,0
2024-03-16 13:30,71,35,36,0,0,0
2024-03-16 13:45,72,41,31,0,0,0
2024-03-16 14:00,86,58,28,0,0,0
2024-03-16 14:15,64,38,26,0,0,0
2024-03-16 14:30,69,45,24,0,0,0
2024-03-16 14:45,79,48,31,0,0,0
2024-03-16 15:00,72,55,17,0,0,0
2024-03-16 15:15,64,41,23,0,0,0
2024-03-16 15:30,45,21,24,0,0,0
2024-03-16 15:45,53,36,17,0,0,0
2024-03-16 16:00,45,32,13,0,0,0
2024-03-16 16:15,50,31,19,0,0,0
2024-03-16 16:30,61,35,26,0,0,0
2024-03-16 16:45,67,43,24,0,0,0
2024-03-16 17:00,56,29,27,0,0,0
2024-03-16 17:15,53,34,19,0,0,0
2024-03-16 17:30,73,44,29,0,0,0
2024-03-16 17:45,60,36,24,0,0,0
2024-03-16 18:00,60,45,15,0,0,0
2024-03-16 18:15,51,37,14,0,0,0
2024-03-16 18:30,57,42,15,0,0,0
2024-03-16 18:45,48,28,20,0,0,0
2024-03-16 19:00,44,30,14,0,0,0
2024-03-16 19:15,44,24,20,0,0,0
2024-03-16 19:30,33,22,11,0,0,0
2024-03-16 19:45,47,29,18,0,0,0
2024-03-16 20:00,40,30,10,0,0,0
2024-03-16 20:15,31,22,9,0,0,0
2024-03-16 20:30,25,19,6,0,0,0
2024-03-16 20:45,33,18,15,0,0,0
2024-03-16 21:00,21,13,8,0,0,0
2024-03-16 21:15,23,12,11,0,0,0
2024-03-16 21:30,23,18,5,0,0,0
2024-03-16 21:45,23,20,3,0,0,0
2024-03-16 22:00,12,7,5,0,0,0
2024-03-16 22:15,27,20,7,0,0,0
2024-03-16 22:30,24,19,5,0,0,0
2024-03-16 22:45,20,10,10,0,0,0
2024-03-16 23:00,17,15,2,0,0,0
2024-03-16 23:15,24,21,3,0,0,0
2024-03-16 23:30,26,24,2,0,0,0
2024-03-16 23:45,20,16,4,0,0,0
2024-03-17 00:00,25,22,3,0,0,0
2024-03-17 00:15,29,19,10,0,0,0
2024-03-17 00:30,23,17,6,0,0,0
2024-03-17 00:45,15,9,6,0,0,0
2024-03-17 01:00,7,7,0,0,0,0
2024-03-17 01:15,17,17,0,0,0,0
2024-03-17 01:30,9,6,3,0,0,0
2024-03-17 01:45,14,13,1,0,0,0
2024-03-17 02:00,10,5,5,0,0,0
2024-03-17 02:15,14,13,1,0,0,0
2024-03-17 02:30,12,7,5,0,0,0
2024-03-17 02:45,7,7,0,0,0,0
2024-03-17 03:00,5,5,0,0,0,0
2024-03-17 03:15,4,3,1,0,0,0
2024-03-17 03:30,6,6,0,0,0,0
2024-03-17 03:45,8,7,1,0,0,0
2024-03-17 04:00,6,5,1,0,0,0
2024-03-17 04:15,8,6,2,0,0,0
2024-03-17 04:30,1,1,0,0,0,0
2024-03-17 04:45,1,1,0,0,0,0
2024-03-17 05:00,1,1,0,0,0,0
2024-03-17 05:15,4,3,1,0,0,0
2024-03-17 05:30,5,2,3,0,0,0
2024-03-17 05:45,4,3,1,0,0,0
2024-03-17 06:00,3,2,1,0,0,0
2024-03-17 06:15,3,2,1,0,0,0
2024-03-17 06:30,10,9,1,0,0,0
2024-03-17 06:45,16,12,4,0,0,0
2024-03-17 07:00,3,2,1,0,0,0
2024-03-17 07:15,2,1,1,0,0,0
2024-03-17 07:30,1,0,1,0,0,0
2024-03-17 07:45,4,4,0,0,0,0
2024-03-17 08:00,5,4,1,0,0,0
2024-03-17 08:15,8,4,4,0,0,0
2024-03-17 08:30,9,6,3,0,0,0
2024-03-17 08:45,11,8,3,0,0,0
2024-03-17 09:00,10,1,9,0,0,0
2024-03-17 09:15,13,6,7,0,0,0
2024-03-17 09:30,28,15,13,0,0,0
2024-03-17 09:45,37,21,16,0,0,0
2024-03-17 10:00,27,13,14,0,0,0
2024-03-17 10:15,36,18,18,0,0,0
2024-03-17 10:30,40,21,19,0,0,0
2024-03-17 10:45,45,25,20,0,0,0
2024-03-17 11:00,38,21,17,0,0,0
2024-03-17 11:15,32,19,13,0,0,0
2024-03-17 11:30,45,22,23,0,0,0
2024-03-17 11:45,50,27,23,0,0,0
2024-03-17 12:00,31,20,11,0,0,0
2024-03-17 12:15,53,29,24,0,0,0
2024-03-17 12:30,58,39,19,0,0,0
2024-03-17 12:45,57,35,22,0,0,0
2024-03-17 13:00,35,17,18,0,0,0
2024-03-17 13:15,44,32,12,0,0,0
2024-03-17 13:30,45,26,19,0,0,0
2024-03-17 13:45,61,47,14,0,0,0
2024-03-17 14:00,69,39,30,0,0,0
2024-03-17 14:15,47,20,27,0,0,0
2024-03-17 14:30,41,18,23,0,0,0
2024-03-17 14:45,70,42,28,0,0,0
2024-03-17 15:00,40,21,19,0,0,0
2024-03-17 15:15,51,29,22,0,0,0
2024-03-17 15:30,56,31,25,0,0,0
2024-03-17 15:45,42,28,14,0,0,0
2024-03-17 16:00,66,39,27,0,0,0
2024-03-17 16:15,64,32,32,0,0,0
2024-03-17 16:30,49,27,22,0,0,0
2024-03-17 16:45,49,24,25,0,0,0
2024-03-17 17:00,60,45,15,0,0,0
2024-03-17 17:15,66,35,31,0,0,0
2024-03-17 17:30,49,29,20,0,0,0
2024-03-17 17:45,59,37,22,0,0,0
2024-03-17 18:00,59,45,14,0,0,0
2024-03-17 18:15,45,37,8,0,0,0
2024-03-17 18:30,41,28,13,0,0,0
2024-03-17 18:45,52,21,31,0,0,0
2024-03-17 19:00,32,23,9,0,0,0
2024-03-17 19:15,25,18,7,0,0,0
2024-03-17 19:30,29,20,9,0,0,0
2024-03-17 19:45,41,31,10,0,0,0
2024-03-17 20:00,39,27,12,0,0,0
2024-03-17 20:15,19,13,6,0,0,0
2024-03-17 20:30,25,20,5,0,0,0
2024-03-17 20:45,23,19,4,0,0,0
2024-03-17 21:00,17,16,1,0,0,0
2024-03-17 21:15,16,11,5,0,0,0
2024-03-17 21:30,27,22,5,0,0,0
2024-03-17 21:45,19,16,3,0,0,0
2024-03-17 22:00,16,8,8,0,0,0
2024-03-17 22:15,14,11,3,0,0,0
2024-03-17 22:30,11,9,2,0,0,0
2024-03-17 22:45,13,12,1,0,0,0
2024-03-17 23:00,8,6,2,0,0,0
2024-03-17 23:15,10,8,2,0,0,0
2024-03-17 23:30,7,6,1,0,0,0
2024-03-17 23:45,5,3,2,0,0,0
2024-03-18 00:00,4,4,0,0,0,0
2024-03-18 00:15,2,1,1,0,0,0
2024-03-18 00:30,1,0,1,0,0,0
2024-03-18 00:45,1,1,0,0,0,0
2024-03-18 01:00,0,0,0,0,0,0
2024-03-18 01:15,4,4,0,0,0,0
2024-03-18 01:30,0,0,0,0,0,0
2024-03-18 01:45,0,0,0,0,0,0
2024-03-18 02:00,1,0,1,0,0,0
2024-03-18 02:15,1,1,0,0,0,0
2024-03-18 02:30,1,0,1,0,0,0
2024-03-18 02:45,0,0,0,0,0,0
2024-03-18 03:00,1,0,1,0,0,0
2024-03-18 03:15,0,0,0,0,0,0
2024-03-18 03:30,0,0,0,0,0,0
2024-03-18 03:45,0,0,0,0,0,0
2024-03-18 04:00,0,0,0,0,0,0
2024-03-18 04:15,1,0,1,0,0,0
2024-03-18 04:30,1,1,0,0,0,0
2024-03-18 04:45,0,0,0,0,0,0
2024-03-18 05:00,2,1,1,0,0,0
2024-03-18 05:15,3,1,2,0,0,0
2024-03-18 05:30,3,1,2,0,0,0
2024-03-18 05:45,9,7,2,0,0,0
2024-03-18 06:00,7,5,2,0,0,0
2024-03-18 06:15,22,13,9,0,0,0
2024-03-18 06:30,29,13,16,0,0,0
2024-03-18 06:45,28,12,16,0,0,0
2024-03-18 07:00,58,29,29,0,0,0
2024-03-18 07:15,82,42,40,0,0,0
2024-03-18 07:30,173,71,102,0,0,0
2024-03-18 07:45,97,38,59,0,0,0
2024-03-18 08:00,96,51,45,0,0,0
2024-03-18 08:15,96,41,55,0,0,0
2024-03-18 08:30,75,37,38,0,0,0
2024-03-18 08:45,81,29,52,0,0,0
2024-03-18 09:00,58,21,37,0,0,0
2024-03-18 09:15,70,31,39,0,0,0
2024-03-18 09:30,59,28,31,0,0,0
2024-03-18 09:45,70,26,44,0,0,0
2024-03-18 10:00,38,16,22,0,0,0
2024-03-18 10:15,30,16,14,0,0,0
2024-03-18 10:30,53,31,22,0,0,0
2024-03-18 10:45,54,29,25,0,0,0
2024-03-18 11:00,50,28,22,0,0,0
2024-03-18 11:15,57,31,26,0,0,0
2024-03-18 11:30,68,49,19,0,0,0
2024-03-18 11:45,70,54,16,0,0,0
2024-03-18 12:00,113,84,29,0,0,0
2024-03-18 12:15,110,66,44,0,0,0
2024-03-18 12:30,116,81,35,0,0,0
2024-03-18 12:45,121,78,43,0,0,0
2024-03-18 13:00,137,94,43,0,0,0
2024-03-18 13:15,126,84,42,0,0,0
2024-03-18 13:30,133,80,53,0,0,0
2024-03-18 13:45,155,74,81,0,0,0
2024-03-18 14:00,134,81,53,0,0,0
2024-03-18 14:15,81,38,43,0,0,0
2024-03-18 14:30,87,38,49,0,0,0
2024-03-18 14:45,110,61,49,0,0,0
2024-03-18 15:00,78,55,23,0,0,0
2024-03-18 15:15,81,47,34,0,0,0
2024-03-18 15:30,112,65,47,0,0,0
2024-03-18 15:45,107,67,40,0,0,0
2024-03-18 16:00,108,63,45,0,0,0
2024-03-18 16:15,112,62,50,0,0,0
2024-03-18 16:30,116,76,40,0,0,0
2024-03-18 16:45,109,68,41,0,0,0
2024-03-18 17:00,116,78,38,0,0,0
2024-03-18 17:15,113,79,34,0,0,0
2024-03-18 17:30,126,93,33,0,0,0
2024-03-18 17:45,105,73,32,0,0,0
2024-03-18 18:00,106,71,35,0,0,0
2024-03-18 18:15,119,85,34,0,0,0
2024-03-18 18:30,100,78,22,0,0,0
2024-03-18 18:45,92,68,24,0,0,0
2024-03-18 19:00,77,50,27,0,0,0
2024-03-18 19:15,57,39,18,0,0,0
2024-03-18 19:30,60,39,21,0,0,0
2024-03-18 19:45,62,35,27,0,0,0
2024-03-18 20:00,62,33,29,0,0,0
2024-03-18 20:15,37,28,9,0,0,0
2024-03-18 20:30,32,25,7,0,0,0
2024-03-18 20:45,33,22,11,0,0,0
2024-03-18 21:00,25,21,4,0,0,0
2024-03-18 21:15,36,29,7,0,0,0
2024-03-18 21:30,25,20,5,0,0,0
2024-03-18 21:45,43,38,5,0,0,0
2024-03-18 22:00,22,17,5,0,0,0
2024-03-18 22:15,26,24,2,0,0,0
2024-03-18 22:30,29,24,5,0,0,0
2024-03-18 22:45,13,10,3,0,0,0
2024-03-18 23:00,13,10,3,0,0,0
2024-03-18 23:15,13,11,2,0,0,0
2024-03-18 23:30,12,10,2,0,0,0
2024-03-18 23:45,10,7,3,0,0,0
2024-03-19 00:00,3,3,0,0,0,0
2024-03-19 00:15,8,8,0,0,0,0
2024-03-19 00:30,4,2,2,0,0,0
2024-03-19 00:45,8,6,2,0,0,0
2024-03-19 01:00,6,5,1,0,0,0
2024-03-19 01:15,3,2,1,0,0,0
2024-03-19 01:30,3,3,0,0,0,0
2024-03-19 01:45,0,0,0,0,0,0
2024-03-19 02:00,2,2,0,0,0,0
2024-03-19 02:15,3,1,2,0,0,0
2024-03-19 02:30,2,2,0,0,0,0
2024-03-19 02:45,0,0,0,0,0,0
2024-03-19 03:00,0,0,0,0,0,0
2024-03-19 03:15,0,0,0,0,0,0
2024-03-19 03:30,0,0,0,0,0,0
2024-03-19 03:45,2,1,1,0,0,0
2024-03-19 04:00,0,0,0,0,0,0
2024-03-19 04:15,0,0,0,0,0,0
2024-03-19 04:30,0,0,0,0,0,0
2024-03-19 04:45,0,0,0,0,0,0
2024-03-19 05:00,1,0,1,0,0,0
2024-03-19 05:15,3,2,1,0,0,0
2024-03-19 05:30,5,2,3,0,0,0
2024-03-19 05:45,10,5,5,0,0,0
2024-03-19 06:00,15,9,6,0,0,0
2024-03-19 06:15,24,14,10,0,0,0
2024-03-19 06:30,22,12,10,0,0,0
2024-03-19 06:45,36,12,24,0,0,0
2024-03-19 07:00,62,31,31,0,0,0
2024-03-19 07:15,102,45,57,0,0,0
2024-03-19 07:30,173,64,109,0,0,0
2024-03-19 07:45,118,47,71,0,0,0
2024-03-19 08:00,102,45,57,0,0,0
2024-03-19 08:15,105,45,60,0,0,0
2024-03-19 08:30,98,49,49,0,0,0
2024-03-19 08:45,84,24,60,0,0,0
2024-03-19 09:00,57,15,42,0,0,0
2024-03-19 09:15,72,31,41,0,0,0
2024-03-19 09:30,66,28,38,0,0,0
2024-03-19 09:45,70,29,41,0,0,0
2024-03-19 10:00,39,21,18,0,0,0
2024-03-19 10:15,38,17,21,0,0,0
2024-03-19 10:30,48,28,20,0,0,0
2024-03-19 10:45,59,36,23,0,0,0
2024-03-19 11:00,56,32,24,0,0,0
2024-03-19 11:15,70,42,28,0,0,0
2024-03-19 11:30,62,39,23,0,0,0
2024-03-19 11:45,80,54,26,0,0,0
2024-03-19 12:00,115,85,30,0,0,0
2024-03-19 12:15,116,76,40,0,0,0
2024-03-19 12:30,111,72,39,0,0,0
2024-03-19 12:45,151,97,54,0,0,0
2024-03-19 13:00,189,138,51,0,0,0
2024-03-19 13:15,144,97,47,0,0,0
2024-03-19 13:30,198,97,101,0,0,0
2024-03-19 13:45,183,92,91,0,0,0
2024-03-19 14:00,123,73,50,0,0,0
2024-03-19 14:15,137,73,64,0,0,0
2024-03-19 14:30,110,60,50,0,0,0
2024-03-19 14:45,112,61,51,0,0,0
2024-03-19 15:00,101,52,49,0,0,0
2024-03-19 15:15,103,65,38,0,0,0
2024-03-19 15:30,106,71,35,0,0,0
2024-03-19 15:45,136,82,54,0,0,0
2024-03-19 16:00,138,93,45,0,0,0
2024-03-19 16:15,135,97,38,0,0,0
2024-03-19 16:30,100,68,32,0,0,0
2024-03-19 16:45,129,76,53,0,0,0
2024-03-19 17:00,135,104,31,0,0,0
2024-03-19 17:15,130,79,51,0,0,0
2024-03-19 17:30,127,83,44,0,0,0
2024-03-19 17:45,131,90,41,0,0,0
2024-03-19 18:00,137,88,49,0,0,0
2024-03-19 18:15,114,79,35,0,0,0
2024-03-19 18:30,121,81,40,0,0,0
2024-03-19 18:45,115,64,51,0,0,0
2024-03-19 19:00,92,63,29,0,0,0
2024-03-19 19:15,86,62,24,0,0,0
2024-03-19 19:30,63,43,20,0,0,0
2024-03-19 19:45,79,60,19,0,0,0
2024-03-19 20:00,55,41,14,0,0,0
2024-03-19 20:15,42,30,12,0,0,0
2024-03-19 20:30,45,34,11,0,0,0
2024-03-19 20:45,40,33,7,0,0,0
2024-03-19 21:00,42,33,9,0,0,0
2024-03-19 21:15,32,24,8,0,0,0
2024-03-19 21:30,39,26,13,0,0,0
2024-03-19 21:45,38,30,8,0,0,0
2024-03-19 22:00,33,26,7,0,0,0
2024-03-19 22:15,29,25,4,0,0,0
2024-03-19 22:30,35,32,3,0,0,0
2024-03-19 22:45,30,23,7,0,0,0
2024-03-19 23:00,24,18,6,0,0,0
2024-03-19 23:15,8,6,2,0,0,0
2024-03-19 23:30,11,8,3,0,0,0
2024-03-19 23:45,4,4,0,0,0,0
2024-03-20 00:00,8,7,1,0,0,0
2024-03-20 00:15,5,4,1,0,0,0
2024-03-20 00:30,4,4,0,0,0,0
2024-03-20 00:45,4,4,0,0,0,0
2024-03-20 01:00,0,0,0,0,0,0
2024-03-20 01:15,3,3,0,0,0,0
2024-03-20 01:30,0,0,0,0,0,0
2024-03-20 01:45,1,1,0,0,0,0
2024-03-20 02:00,1,1,0,0,0,0
2024-03-20 02:15,0,0,0,0,0,0
2024-03-20 02:30,2,2,0,0,0,0
2024-03-20 02:45,1,0,1,0,0,0
2024-03-20 03:00,0,0,0,0,0,0
2024-03-20 03:15,0,0,0,0,0,0
2024-03-20 03:30,0,0,0,0,0,0
2024-03-20 03:45,1,0,1,0,0,0
2024-03-20 04:00,0,0,0,0,0,0
2024-03-20 04:15,2,1,1,0,0,0
2024-03-20 04:30,1,0,1,0,0,0
2024-03-20 04:45,0,0,0,0,0,0
2024-03-20 05:00,1,0,1,0,0,0
2024-03-20 05:15,5,3,2,0,0,0
2024-03-20 05:30,7,3,4,0,0,0
2024-03-20 05:45,10,9,1,0,0,0
2024-03-20 06:00,17,11,6,0,0,0
2024-03-20 06:15,19,10,9,0,0,0
2024-03-20 06:30,22,9,13,0,0,0
2024-03-20 06:45,49,26,23,0,0,0
2024-03-20 07:00,55,21,34,0,0,0
2024-03-20 07:15,106,52,54,0,0,0
2024-03-20 07:30,171,87,84,0,0,0
2024-03-20 07:45,151,70,81,0,0,0
2024-03-20 08:00,105,52,53,0,0,0
2024-03-20 08:15,99,39,60,0,0,0
2024-03-20 08:30,108,44,64,0,0,0
2024-03-20 08:45,76,29,47,0,0,0
2024-03-20 09:00,80,28,52,0,0,0
2024-03-20 09:15,74,29,45,0,0,0
2024-03-20 09:30,70,24,46,0,0,0
2024-03-20 09:45,94,43,51,0,0,0
2024-03-20 10:00,57,30,27,0,0,0
2024-03-20 10:15,57,27,30,0,0,0
2024-03-20 10:30,62,28,34,0,0,0
2024-03-20 10:45,90,45,45,0,0,0
2024-03-20 11:00,85,39,46,0,0,0
2024-03-20 11:15,62,36,26,0,0,0
2024-03-20 11:30,102,60,42,0,0,0
2024-03-20 11:45,119,76,43,0,0,0
2024-03-20 12:00,138,93,45,0,0,0
2024-03-20 12:15,120,68,52,0,0,0
2024-03-20 12:30,150,107,43,0,0,0
2024-03-20 12:45,180,122,58,0,0,0
2024-03-20 13:00,206,149,57,0,0,0
2024-03-20 13:15,203,138,65,0,0,0
2024-03-20 13:30,179,112,67,0,0,0
2024-03-20 13:45,162,95,67,0,0,0
2024-03-20 14:00,151,87,64,0,0,0
2024-03-20 14:15,137,80,57,0,0,0
2024-03-20 14:30,133,72,61,0,0,0
2024-03-20 14:45,118,68,50,0,0,0
2024-03-20 15:00,101,56,45,0,0,0
2024-03-20 15:15,110,55,55,0,0,0
2024-03-20 15:30,136,83,53,0,0,0
2024-03-20 15:45,129,79,50,0,0,0
2024-03-20 16:00,128,78,50,0,0,0
2024-03-20 16:15,146,84,62,0,0,0
2024-03-20 16:30,111,68,43,0,0,0
2024-03-20 16:45,156,106,50,0,0,0
2024-03-20 17:00,151,93,58,0,0,0
2024-03-20 17:15,129,84,45,0,0,0
2024-03-20 17:30,150,102,48,0,0,0
2024-03-20 17:45,140,91,49,0,0,0
2024-03-20 18:00,161,113,48,0,0,0
2024-03-20 18:15,140,87,53,0,0,0
2024-03-20 18:30,136,91,45,0,0,0
2024-03-20 18:45,98,59,39,0,0,0
2024-03-20 19:00,100,74,26,0,0,0
2024-03-20 19:15,92,57,35,0,0,0
2024-03-20 19:30,66,35,31,0,0,0
2024-03-20 19:45,85,45,40,0,0,0
2024-03-20 20:00,66,48,18,0,0,0
2024-03-20 20:15,40,30,10,0,0,0
2024-03-20 20:30,45,35,10,0,0,0
2024-03-20 20:45,39,27,12,0,0,0
2024-03-20 21:00,34,30,4,0,0,0
2024-03-20 21:15,41,32,9,0,0,0
2024-03-20 21:30,35,29,6,0,0,0
2024-03-20 21:45,44,33,11,0,0,0
2024-03-20 22:00,49,42,7,0,0,0
2024-03-20 22:15,30,24,6,0,0,0
2024-03-20 22:30,29,24,5,0,0,0
2024-03-20 22:45,41,33,8,0,0,0
2024-03-20 23:00,32,25,7,0,0,0
2024-03-20 23:15,20,15,5,0,0,0
2024-03-20 23:30,14,14,0,0,0,0
2024-03-20 23:45,13,10,3,0,0,0
2024-03-21 00:00,13,12,1,0,0,0
2024-03-21 00:15,4,4,0,0,0,0
2024-03-21 00:30,14,12,2,0,0,0
2024-03-21 00:45,10,10,0,0,0,0
2024-03-21 01:00,10,7,3,0,0,0
2024-03-21 01:15,9,8,1,0,0,0
2024-03-21 01:30,1,1,0,0,0,0
2024-03-21 01:45,7,6,1,0,0,0
2024-03-21 02:00,4,4,0,0,0,0
2024-03-21 02:15,7,7,0,0,0,0
2024-03-21 02:30,5,5,0,0,0,0
2024-03-21 02:45,5,4,1,0,0,0
2024-03-21 03:00,8,8,0,0,0,0
2024-03-21 03:15,2,2,0,0,0,0
2024-03-21 03:30,4,4,0,0,0,0
2024-03-21 03:45,4,3,1,0,0,0
2024-03-21 04:00,1,1,0,0,0,0
2024-03-21 04:15,1,0,1,0,0,0
2024-03-21 04:30,2,2,0,0,0,0
2024-03-21 04:45,1,1,0,0,0,0
2024-03-21 05:00,4,2,2,0,0,0
2024-03-21 05:15,3,3,0,0,0,0
2024-03-21 05:30,6,4,2,0,0,0
2024-03-21 05:45,12,6,6,0,0,0
2024-03-21 06:00,17,8,9,0,0,0
2024-03-21 06:15,20,10,10,0,0,0
2024-03-21 06:30,32,20,12,0,0,0
2024-03-21 06:45,37,15,22,0,0,0
2024-03-21 07:00,54,27,27,0,0,0
2024-03-21 07:15,109,60,49,0,0,0
2024-03-21 07:30,170,72,98,0,0,0
2024-03-21 07:45,131,64,67,0,0,0
2024-03-21 08:00,118,60,58,0,0,0
2024-03-21 08:15,93,42,51,0,0,0
2024-03-21 08:30,82,41,41,0,0,0
2024-03-21 08:45,82,32,50,0,0,0
2024-03-21 09:00,74,25,49,0,0,0
2024-03-21 09:15,51,26,25,0,0,0
2024-03-21 09:30,67,27,40,0,0,0
2024-03-21 09:45,71,26,45,0,0,0
2024-03-21 10:00,44,15,29,0,0,0
2024-03-21 10:15,54,22,32,0,0,0
2024-03-21 10:30,48,26,22,0,0,0
2024-03-21 10:45,54,21,33,0,0,0
2024-03-21 11:00,56,36,20,0,0,0
2024-03-21 11:15,61,36,25,0,0,0
2024-03-21 11:30,69,40,29,0,0,0
2024-03-21 11:45,85,63,22,0,0,0
2024-03-21 12:00,91,63,28,0,0,0
2024-03-21 12:15,129,81,48,0,0,0
2024-03-21 12:30,109,73,36,0,0,0
2024-03-21 12:45,156,108,48,0,0,0
2024-03-21 13:00,154,112,42,0,0,0
2024-03-21 13:15,163,95,68,0,0,0
2024-03-21 13:30,150,73,77,0,0,0
2024-03-21 13:45,169,93,76,0,0,0
2024-03-21 14:00,130,76,54,0,0,0
2024-03-21 14:15,121,63,58,0,0,0
2024-03-21 14:30,90,47,43,0,0,0
2024-03-21 14:45,134,73,61,0,0,0
2024-03-21 15:00,75,44,31,0,0,0
2024-03-21 15:15,102,57,45,0,0,0
2024-03-21 15:30,106,71,35,0,0,0
2024-03-21 15:45,120,71,49,0,0,0
2024-03-21 16:00,110,71,39,0,0,0
2024-03-21 16:15,110,76,34,0,0,0
2024-03-21 16:30,113,68,45,0,0,0
2024-03-21 16:45,109,62,47,0,0,0
2024-03-21 17:00,135,84,51,0,0,0
2024-03-21 17:15,127,80,47,0,0,0
2024-03-21 17:30,120,75,45,0,0,0
2024-03-21 17:45,126,84,42,0,0,0
2024-03-21 18:00,94,64,30,0,0,0
2024-03-21 18:15,126,89,37,0,0,0
2024-03-21 18:30,91,68,23,0,0,0
2024-03-21 18:45,97,69,28,0,0,0
2024-03-21 19:00,92,69,23,0,0,0
2024-03-21 19:15,77,51,26,0,0,0
2024-03-21 19:30,61,45,16,0,0,0
2024-03-21 19:45,73,46,27,0,0,0
2024-03-21 20:00,58,46,12,0,0,0
2024-03-21 20:15,50,35,15,0,0,0
2024-03-21 20:30,48,37,11,0,0,0
2024-03-21 20:45,44,29,15,0,0,0
2024-03-21 21:00,41,34,7,0,0,0
2024-03-21 21:15,41,19,22,0,0,0
2024-03-21 21:30,35,28,7,0,0,0
2024-03-21 21:45,57,47,10,0,0,0
2024-03-21 22:00,37,25,12,0,0,0
2024-03-21 22:15,40,35,5,0,0,0
2024-03-21 22:30,33,24,9,0,0,0
2024-03-21 22:45,22,18,4,0,0,0
2024-03-21 23:00,26,23,3,0,0,0
2024-03-21 23:15,22,19,3,0,0,0
2024-03-21 23:30,16,14,2,0,0,0
2024-03-21 23:45,18,16,2,0,0,0
2024-03-22 00:00,10,7,3,0,0,0
2024-03-22 00:15,6,6,0,0,0,0
2024-03-22 00:30,14,12,2,0,0,0
2024-03-22 00:45,5,4,1,0,0,0
2024-03-22 01:00,10,9,1,0,0,0
2024-03-22 01:15,3,2,1,0,0,0
2024-03-22 01:30,1,1,0,0,0,0
2024-03-22 01:45,9,6,3,0,0,0
2024-03-22 02:00,8,6,2,0,0,0
2024-03-22 02:15,2,2,0,0,0,0
2024-03-22 02:30,1,1,0,0,0,0
2024-03-22 02:45,4,3,1,0,0,0
2024-03-22 03:00,1,1,0,0,0,0
2024-03-22 03:15,0,0,0,0,0,0
2024-03-22 03:30,2,1,1,0,0,0
2024-03-22 03:45,0,0,0,0,0,0
2024-03-22 04:00,0,0,0,0,0,0
2024-03-22 04:15,0,0,0,0,0,0
2024-03-22 04:30,2,2,0,0,0,0
2024-03-22 04:45,0,0,0,0,0,0
2024-03-22 05:00,2,1,1,0,0,0
2024-03-22 05:15,4,3,1,0,0,0
2024-03-22 05:30,4,1,3,0,0,0
2024-03-22 05:45,5,3,2,0,0,0
2024-03-22 06:00,4,3,1,0,0,0
2024-03-22 06:15,15,7,8,0,0,0
2024-03-22 06:30,37,17,20,0,0,0
2024-03-22 06:45,33,12,21,0,0,0
2024-03-22 07:00,34,16,18,0,0,0
2024-03-22 07:15,90,45,45,0,0,0
2024-03-22 07:30,154,66,88,0,0,0
2024-03-22 07:45,94,43,51,0,0,0
2024-03-22 08:00,83,32,51,0,0,0
2024-03-22 08:15,71,36,35,0,0,0
2024-03-22 08:30,70,24,46,0,0,0
2024-03-22 08:45,80,30,50,0,0,0
2024-03-22 09:00,55,17,38,0,0,0
2024-03-22 09:15,54,28,26,0,0,0
2024-03-22 09:30,59,27,32,0,0,0
2024-03-22 09:45,67,23,44,0,0,0
2024-03-22 10:00,46,25,21,0,0,0
2024-03-22 10:15,55,32,23,0,0,0
2024-03-22 10:30,47,23,24,0,0,0
2024-03-22 10:45,56,26,30,0,0,0
2024-03-22 11:00,62,38,24,0,0,0
2024-03-22 11:15,57,39,18,0,0,0
2024-03-22 11:30,61,33,28,0,0,0
2024-03-22 11:45,91,60,31,0,0,0
2024-03-22 12:00,96,68,28,0,0,0
2024-03-22 12:15,121,87,34,0,0,0
2024-03-22 12:30,140,108,32,0,0,0
2024-03-22 12:45,146,89,57,0,0,0
2024-03-22 13:00,151,100,51,0,0,0
2024-03-22 13:15,166,106,60,0,0,0
2024-03-22 13:30,171,99,72,0,0,0
2024-03-22 13:45,166,87,79,0,0,0
2024-03-22 14:00,115,67,48,0,0,0
2024-03-22 14:15,114,56,58,0,0,0
2024-03-22 14:30,101,59,42,0,0,0
2024-03-22 14:45,100,52,48,0,0,0
2024-03-22 15:00,82,51,31,0,0,0
2024-03-22 15:15,82,50,32,0,0,0
2024-03-22 15:30,71,44,27,0,0,0
2024-03-22 15:45,62,41,21,0,0,0
2024-03-22 16:00,85,62,23,0,0,0
2024-03-22 16:15,84,60,24,0,0,0
2024-03-22 16:30,66,47,19,0,0,0
2024-03-22 16:45,84,56,28,0,0,0
2024-03-22 17:00,53,39,14,0,0,0
2024-03-22 17:15,61,48,13,0,0,0
2024-03-22 17:30,59,45,14,0,0,0
2024-03-22 17:45,61,41,20,0,0,0
2024-03-22 18:00,63,42,21,0,0,0
2024-03-22 18:15,50,38,12,0,0,0
2024-03-22 18:30,56,38,18,0,0,0
2024-03-22 18:45,68,45,23,0,0,0
2024-03-22 19:00,46,34,12,0,0,0
2024-03-22 19:15,59,38,21,0,0,0
2024-03-22 19:30,32,22,10,0,0,0
2024-03-22 19:45,36,22,14,0,0,0
2024-03-22 20:00,34,27,7,0,0,0
2024-03-22 20:15,32,25,7,0,0,0
2024-03-22 20:30,27,17,10,0,0,0
2024-03-22 20:45,22,15,7,0,0,0
2024-03-22 21:00,25,20,5,0,0,0
2024-03-22 21:15,22,11,11,0,0,0
2024-03-22 21:30,17,11,6,0,0,0
2024-03-22 21:45,24,17,7,0,0,0
2024-03-22 22:00,26,20,6,0,0,0
2024-03-22 22:15,16,13,3,0,0,0
2024-03-22 22:30,21,16,5,0,0,0
2024-03-22 22:45,12,10,2,0,0,0
2024-03-22 23:00,29,23,6,0,0,0
2024-03-22 23:15,23,17,6,0,0,0
2024-03-22 23:30,19,17,2,0,0,0
2024-03-22 23:45,17,14,3,0,0,0
2024-03-23 00:00,22,19,3,0,0,0
2024-03-23 00:15,12,9,3,0,0,0
2024-03-23 00:30,6,5,1,0,0,0
2024-03-23 00:45,19,15,4,0,0,0
2024-03-23 01:00,24,18,6,0,0,0
2024-03-23 01:15,6,6,0,0,0,0
2024-03-23 01:30,10,7,3,0,0,0
2024-03-23 01:45,5,3,2,0,0,0
2024-03-23 02:00,5,5,0,0,0,0
2024-03-23 02:15,5,5,0,0,0,0
2024-03-23 02:30,8,7,1,0,0,0
2024-03-23 02:45,7,4,3,0,0,0
2024-03-23 03:00,9,3,6,0,0,0
2024-03-23 03:15,2,2,0,0,0,0
2024-03-23 03:30,3,2,1,0,0,0
2024-03-23 03:45,5,5,0,0,0,0
2024-03-23 04:00,3,3,0,0,0,0
2024-03-23 04:15,1,1,0,0,0,0
2024-03-23 04:30,2,2,0,0,0,0
2024-03-23 04:45,3,2,1,0,0,0
2024-03-23 05:00,2,2,0,0,0,0
2024-03-23 05:15,4,3,1,0,0,0
2024-03-23 05:30,1,0,1,0,0,0
2024-03-23 05:45,4,3,1,0,0,0
2024-03-23 06:00,2,2,0,0,0,0
2024-03-23 06:15,3,3,0,0,0,0
2024-03-23 06:30,4,3,1,0,0,0
2024-03-23 06:45,10,6,4,0,0,0
2024-03-23 07:00,10,1,9,0,0,0
2024-03-23 07:15,7,4,3,0,0,0
2024-03-23 07:30,8,4,4,0,0,0
2024-03-23 07:45,20,7,13,0,0,0
2024-03-23 08:00,18,6,12,0,0,0
2024-03-23 08:15,20,7,13,0,0,0
2024-03-23 08:30,27,16,11,0,0,0
2024-03-23 08:45,34,14,20,0,0,0
2024-03-23 09:00,29,12,17,0,0,0
2024-03-23 09:15,45,15,30,0,0,0
2024-03-23 09:30,49,23,26,0,0,0
2024-03-23 09:45,62,21,41,0,0,0
2024-03-23 10:00,45,13,32,0,0,0
2024-03-23 10:15,53,24,29,0,0,0
2024-03-23 10:30,59,29,30,0,0,0
2024-03-23 10:45,53,25,28,0,0,0
2024-03-23 11:00,67,33,34,0,0,0
2024-03-23 11:15,54,24,30,0,0,0
2024-03-23 11:30,78,41,37,0,0,0
2024-03-23 11:45,74,39,35,0,0,0
2024-03-23 12:00,73,36,37,0,0,0
2024-03-23 12:15,65,38,27,0,0,0
2024-03-23 12:30,64,44,20,0,0,0
2024-03-23 12:45,73,44,29,0,0,0
2024-03-23 13:00,79,44,35,0,0,0
2024-03-23 13:15,65,28,37,0,0,0
2024-03-23 13:30,61,46,15,0,0,0
2024-03-23 13:45,71,47,24,0,0,0
2024-03-23 14:00,58,30,28,0,0,0
2024-03-23 14:15,46,30,16,0,0,0
2024-03-23 14:30,49,28,21,0,0,0
2024-03-23 14:45,44,33,11,0,0,0
2024-03-23 15:00,55,42,13,0,0,0
2024-03-23 15:15,48,33,15,0,0,0
2024-03-23 15:30,63,38,25,0,0,0
2024-03-23 15:45,69,49,20,0,0,0
2024-03-23 16:00,50,31,19,0,0,0
2024-03-23 16:15,43,25,18,0,0,0
2024-03-23 16:30,34,23,11,0,0,0
2024-03-23 16:45,36,22,14,0,0,0
2024-03-23 17:00,49,35,14,0,0,0
2024-03-23 17:15,41,28,13,0,0,0
2024-03-23 17:30,49,36,13,0,0,0
2024-03-23 17:45,49,34,15,0,0,0
2024-03-23 18:00,49,37,12,0,0,0
2024-03-23 18:15,49,38,11,0,0,0
2024-03-23 18:30,33,23,10,0,0,0
2024-03-23 18:45,61,37,24,0,0,0
2024-03-23 19:00,49,32,17,0,0,0
2024-03-23 19:15,48,35,13,0,0,0
2024-03-23 19:30,37,31,6,0,0,0
2024-03-23 19:45,36,25,11,0,0,0
2024-03-23 20:00,27,16,11,0,0,0
2024-03-23 20:15,23,15,8,0,0,0
2024-03-23 20:30,26,12,14,0,0,0
2024-03-23 20:45,23,14,9,0,0,0
2024-03-23 21:00,22,13,9,0,0,0
2024-03-23 21:15,11,9,2,0,0,0
2024-03-23 21:30,18,14,4,0,0,0
2024-03-23 21:45,14,11,3,0,0,0
2024-03-23 22:00,22,18,4,0,0,0
2024-03-23 22:15,13,7,6,0,0,0
2024-03-23 22:30,19,10,9,0,0,0
2024-03-23 22:45,15,8,7,0,0,0
2024-03-23 23:00,22,20,2,0,0,0
2024-03-23 23:15,20,17,3,0,0,0
2024-03-23 23:30,24,13,11,0,0,0
2024-03-23 23:45,20,14,6,0,0,0
2024-03-24 00:00,17,11,6,0,0,0
2024-03-24 00:15,14,11,3,0,0,0
2024-03-24 00:30,15,14,1,0,0,0
2024-03-24 00:45,17,15,2,0,0,0
2024-03-24 01:00,14,9,5,0,0,0
2024-03-24 01:15,17,14,3,0,0,0
2024-03-24 01:30,16,10,6,0,0,0
2024-03-24 01:45,14,11,3,0,0,0
2024-03-24 02:00,7,7,0,0,0,0
2024-03-24 02:15,12,12,0,0,0,0
2024-03-24 02:30,10,9,1,0,0,0
2024-03-24 02:45,7,6,1,0,0,0
2024-03-24 03:00,11,11,0,0,0,0
2024-03-24 03:15,5,4,1,0,0,0
2024-03-24 03:30,2,1,1,0,0,0
2024-03-24 03:45,2,2,0,0,0,0
2024-03-24 04:00,3,3,0,0,0,0
2024-03-24 04:15,5,5,0,0,0,0
2024-03-24 04:30,2,2,0,0,0,0
2024-03-24 04:45,4,4,0,0,0,0
2024-03-24 05:00,2,2,0,0,0,0
2024-03-24 05:15,6,5,1,0,0,0
2024-03-24 05:30,4,3,1,0,0,0
2024-03-24 05:45,2,2,0,0,0,0
2024-03-24 06:00,2,2,0,0,0,0
2024-03-24 06:15,1,1,0,0,0,0
2024-03-24 06:30,2,2,0,0,0,0
2024-03-24 06:45,0,0,0,0,0,0
2024-03-24 07:00,3,2,1,0,0,0
2024-03-24 07:15,3,2,1,0,0,0
2024-03-24 07:30,2,1,1,0,0,0
2024-03-24 07:45,3,0,3,0,0,0
2024-03-24 08:00,2,2,0,0,0,0
2024-03-24 08:15,3,1,2,0,0,0
2024-03-24 08:30,8,3,5,0,0,0
2024-03-24 08:45,17,10,7,0,0,0
2024-03-24 09:00,11,4,7,0,0,0
2024-03-24 09:15,11,6,5,0,0,0
2024-03-24 09:30,22,11,11,0,0,0
2024-03-24 09:45,18,11,7,0,0,0
2024-03-24 10:00,22,12,10,0,0,0
2024-03-24 10:15,35,14,21,0,0,0
2024-03-24 10:30,22,10,12,0,0,0
2024-03-24 10:45,21,9,12,0,0,0
2024-03-24 11:00,26,14,12,0,0,0
2024-03-24 11:15,17,9,8,0,0,0
2024-03-24 11:30,27,14,13,0,0,0
2024-03-24 11:45,16,12,4,0,0,0
2024-03-24 12:00,22,14,8,0,0,0
2024-03-24 12:15,25,15,10,0,0,0
2024-03-24 12:30,21,18,3,0,0,0
2024-03-24 12:45,39,23,16,0,0,0
2024-03-24 13:00,34,15,19,0,0,0
2024-03-24 13:15,13,9,4,0,0,0
2024-03-24 13:30,18,14,4,0,0,0
2024-03-24 13:45,30,15,15,0,0,0
2024-03-24 14:00,23,15,8,0,0,0
2024-03-24 14:15,23,16,7,0,0,0
2024-03-24 14:30,20,12,8,0,0,0
2024-03-24 14:45,30,22,8,0,0,0
2024-03-24 15:00,35,22,13,0,0,0
2024-03-24 15:15,25,17,8,0,0,0
2024-03-24 15:30,37,23,14,0,0,0
2024-03-24 15:45,22,13,9,0,0,0
2024-03-24 16:00,25,17,8,0,0,0
2024-03-24 16:15,25,11,14,0,0,0
2024-03-24 16:30,29,20,9,0,0,0
2024-03-24 16:45,13,11,2,0,0,0
2024-03-24 17:00,23,14,9,0,0,0
2024-03-24 17:15,22,16,6,0,0,0
2024-03-24 17:30,36,20,16,0,0,0
2024-03-24 17:45,34,28,6,0,0,0
2024-03-24 18:00,22,14,8,0,0,0
2024-03-24 18:15,32,21,11,0,0,0
2024-03-24 18:30,28,14,14,0,0,0
2024-03-24 18:45,21,9,12,0,0,0
2024-03-24 19:00,15,12,3,0,0,0
2024-03-24 19:15,13,10,3,0,0,0
2024-03-24 19:30,13,9,4,0,0,0
2024-03-24 19:45,19,11,8,0,0,0
2024-03-24 20:00,15,9,6,0,0,0
2024-03-24 20:15,11,8,3,0,0,0
2024-03-24 20:30,10,4,6,0,0,0
2024-03-24 20:45,8,5,3,0,0,0
2024-03-24 21:00,9,5,4,0,0,0
2024-03-24 21:15,19,12,7,0,0,0
2024-03-24 21:30,12,8,4,0,0,0
2024-03-24 21:45,14,10,4,0,0,0
2024-03-24 22:00,10,8,2,0,0,0
2024-03-24 22:15,6,4,2,0,0,0
2024-03-24 22:30,9,8,1,0,0,0
2024-03-24 22:45,9,8,1,0,0,0
2024-03-24 23:00,5,3,2,0,0,0
2024-03-24 23:15,6,4,2,0,0,0
2024-03-24 23:30,6,5,1,0,0,0
2024-03-24 23:45,3,3,0,0,0,0
2024-03-25 00:00,2,2,0,0,0,0
2024-03-25 00:15,1,1,0,0,0,0
2024-03-25 00:30,1,1,0,0,0,0
2024-03-25 00:45,3,2,1,0,0,0
2024-03-25 01:00,1,0,1,0,0,0
2024-03-25 01:15,1,1,0,0,0,0
2024-03-25 01:30,1,1,0,0,0,0
2024-03-25 01:45,1,0,1,0,0,0
2024-03-25 02:00,1,1,0,0,0,0
2024-03-25 02:15,0,0,0,0,0,0
2024-03-25 02:30,0,0,0,0,0,0
2024-03-25 02:45,0,0,0,0,0,0
2024-03-25 03:00,3,0,3,0,0,0
2024-03-25 03:15,1,1,0,0,0,0
2024-03-25 03:30,0,0,0,0,0,0
2024-03-25 03:45,0,0,0,0,0,0
2024-03-25 04:00,2,1,1,0,0,0
2024-03-25 04:15,0,0,0,0,0,0
2024-03-25 04:30,1,0,1,0,0,0
2024-03-25 04:45,1,1,0,0,0,0
2024-03-25 05:00,2,0,2,0,0,0
2024-03-25 05:15,2,0,2,0,0,0
2024-03-25 05:30,5,3,2,0,0,0
2024-03-25 05:45,4,2,2,0,0,0
2024-03-25 06:00,6,6,0,0,0,0
2024-03-25 06:15,7,4,3,0,0,0
2024-03-25 06:30,28,17,11,0,0,0
2024-03-25 06:45,20,10,10,0,0,0
2024-03-25 07:00,53,22,31,0,0,0
2024-03-25 07:15,45,13,32,0,0,0
2024-03-25 07:30,52,20,32,0,0,0
2024-03-25 07:45,72,26,46,0,0,0
2024-03-25 08:00,81,35,46,0,0,0
2024-03-25 08:15,75,37,38,0,0,0
2024-03-25 08:30,52,27,25,0,0,0
2024-03-25 08:45,56,23,33,0,0,0
2024-03-25 09:00,50,20,30,0,0,0
2024-03-25 09:15,43,15,28,0,0,0
2024-03-25 09:30,58,17,41,0,0,0
2024-03-25 09:45,49,19,30,0,0,0
2024-03-25 10:00,45,17,28,0,0,0
2024-03-25 10:15,47,16,31,0,0,0
2024-03-25 10:30,43,15,28,0,0,0
2024-03-25 10:45,54,20,34,0,0,0
2024-03-25 11:00,48,25,23,0,0,0
2024-03-25 11:15,45,23,22,0,0,0
2024-03-25 11:30,49,30,19,0,0,0
2024-03-25 11:45,88,60,28,0,0,0
2024-03-25 12:00,91,59,32,0,0,0
2024-03-25 12:15,122,84,38,0,0,0
2024-03-25 12:30,94,61,33,0,0,0
2024-03-25 12:45,139,87,52,0,0,0
2024-03-25 13:00,150,103,47,0,0,0
2024-03-25 13:15,120,81,39,0,0,0
2024-03-25 13:30,161,89,72,0,0,0
2024-03-25 13:45,123,62,61,0,0,0
2024-03-25 14:00,122,64,58,0,0,0
2024-03-25 14:15,116,62,54,0,0,0
2024-03-25 14:30,86,43,43,0,0,0
2024-03-25 14:45,90,41,49,0,0,0
2024-03-25 15:00,76,42,34,0,0,0
2024-03-25 15:15,89,57,32,0,0,0
2024-03-25 15:30,75,43,32,0,0,0
2024-03-25 15:45,105,64,41,0,0,0
2024-03-25 16:00,113,80,33,0,0,0
2024-03-25 16:15,107,69,38,0,0,0
2024-03-25 16:30,98,63,35,0,0,0
2024-03-25 16:45,117,81,36,0,0,0
2024-03-25 17:00,115,78,37,0,0,0
2024-03-25 17:15,128,83,45,0,0,0
2024-03-25 17:30,120,79,41,0,0,0
2024-03-25 17:45,142,98,44,0,0,0
2024-03-25 18:00,109,88,21,0,0,0
2024-03-25 18:15,123,77,46,0,0,0
2024-03-25 18:30,100,71,29,0,0,0
2024-03-25 18:45,85,55,30,0,0,0
2024-03-25 19:00,106,77,29,0,0,0
2024-03-25 19:15,70,54,16,0,0,0
2024-03-25 19:30,37,24,13,0,0,0
2024-03-25 19:45,55,28,27,0,0,0
2024-03-25 20:00,35,23,12,0,0,0
2024-03-25 20:15,49,31,18,0,0,0
2024-03-25 20:30,26,17,9,0,0,0
2024-03-25 20:45,36,29,7,0,0,0
2024-03-25 21:00,35,29,6,0,0,0
2024-03-25 21:15,20,13,7,0,0,0
2024-03-25 21:30,32,22,10,0,0,0
2024-03-25 21:45,24,20,4,0,0,0
2024-03-25 22:00,28,25,3,0,0,0
2024-03-25 22:15,24,20,4,0,0,0
2024-03-25 22:30,19,14,5,0,0,0
2024-03-25 22:45,22,17,5,0,0,0
2024-03-25 23:00,11,8,3,0,0,0
2024-03-25 23:15,17,17,0,0,0,0
2024-03-25 23:30,9,7,2,0,0,0
2024-03-25 23:45,8,7,1,0,0,0
2024-03-26 00:00,7,7,0,0,0,0
2024-03-26 00:15,1,1,0,0,0,0
2024-03-26 00:30,3,1,2,0,0,0
2024-03-26 00:45,1,1,0,0,0,0
2024-03-26 01:00,6,5,1,0,0,0
2024-03-26 01:15,2,2,0,0,0,0
2024-03-26 01:30,5,5,0,0,0,0
2024-03-26 01:45,0,0,0,0,0,0
2024-03-26 02:00,3,2,1,0,0,0
2024-03-26 02:15,0,0,0,0,0,0
2024-03-26 02:30,0,0,0,0,0,0
2024-03-26 02:45,0,0,0,0,0,0
2024-03-26 03:00,1,0,1,0,0,0
2024-03-26 03:15,0,0,0,0,0,0
2024-03-26 03:30,1,0,1,0,0,0
2024-03-26 03:45,0,0,0,0,0,0
2024-03-26 04:00,0,0,0,0,0,0
2024-03-26 04:15,0,0,0,0,0,0
2024-03-26 04:30,2,0,2,0,0,0
2024-03-26 04:45,2,2,0,0,0,0
2024-03-26 05:00,1,0,1,0,0,0
2024-03-26 05:15,4,3,1,0,0,0
2024-03-26 05:30,12,6,6,0,0,0
2024-03-26 05:45,7,3,4,0,0,0
2024-03-26 06:00,12,6,6,0,0,0
2024-03-26 06:15,16,9,7,0,0,0
2024-03-26 06:30,22,9,13,0,0,0
2024-03-26 06:45,40,22,18,0,0,0
2024-03-26 07:00,40,20,20,0,0,0
2024-03-26 07:15,47,20,27,0,0,0
2024-03-26 07:30,67,22,45,0,0,0
2024-03-26 07:45,92,33,59,0,0,0
2024-03-26 08:00,79,39,40,0,0,0
2024-03-26 08:15,86,40,46,0,0,0
2024-03-26 08:30,78,31,47,0,0,0
2024-03-26 08:45,77,31,46,0,0,0
2024-03-26 09:00,60,23,37,0,0,0
2024-03-26 09:15,46,26,20,0,0,0
2024-03-26 09:30,50,21,29,0,0,0
2024-03-26 09:45,52,16,36,0,0,0
2024-03-26 10:00,54,19,35,0,0,0
2024-03-26 10:15,56,18,38,0,0,0
2024-03-26 10:30,41,19,22,0,0,0
2024-03-26 10:45,65,40,25,0,0,0
2024-03-26 11:00,51,27,24,0,0,0
2024-03-26 11:15,62,28,34,0,0,0
2024-03-26 11:30,65,41,24,0,0,0
2024-03-26 11:45,92,69,23,0,0,0
2024-03-26 12:00,83,59,24,0,0,0
2024-03-26 12:15,146,101,45,0,0,0
2024-03-26 12:30,100,66,34,0,0,0
2024-03-26 12:45,127,79,48,0,0,0
2024-03-26 13:00,140,102,38,0,0,0
2024-03-26 13:15,145,91,54,0,0,0
2024-03-26 13:30,126,83,43,0,0,0
2024-03-26 13:45,144,63,81,0,0,0
2024-03-26 14:00,127,61,66,0,0,0
2024-03-26 14:15,81,38,43,0,0,0
2024-03-26 14:30,90,51,39,0,0,0
2024-03-26 14:45,91,45,46,0,0,0
2024-03-26 15:00,67,37,30,0,0,0
2024-03-26 15:15,95,52,43,0,0,0
2024-03-26 15:30,109,68,41,0,0,0
2024-03-26 15:45,120,75,45,0,0,0
2024-03-26 16:00,111,68,43,0,0,0
2024-03-26 16:15,103,65,38,0,0,0
2024-03-26 16:30,101,66,35,0,0,0
2024-03-26 16:45,123,87,36,0,0,0
2024-03-26 17:00,158,115,43,0,0,0
2024-03-26 17:15,114,83,31,0,0,0
2024-03-26 17:30,110,74,36,0,0,0
2024-03-26 17:45,99,67,32,0,0,0
2024-03-26 18:00,108,81,27,0,0,0
2024-03-26 18:15,95,68,27,0,0,0
2024-03-26 18:30,104,62,42,0,0,0
2024-03-26 18:45,103,68,35,0,0,0
2024-03-26 19:00,92,57,35,0,0,0
2024-03-26 19:15,72,50,22,0,0,0
2024-03-26 19:30,49,32,17,0,0,0
2024-03-26 19:45,52,29,23,0,0,0
2024-03-26 20:00,57,40,17,0,0,0
2024-03-26 20:15,46,27,19,0,0,0
2024-03-26 20:30,27,22,5,0,0,0
2024-03-26 20:45,31,23,8,0,0,0
2024-03-26 21:00,45,35,10,0,0,0
2024-03-26 21:15,37,28,9,0,0,0
2024-03-26 21:30,48,38,10,0,0,0
2024-03-26 21:45,30,27,3,0,0,0
2024-03-26 22:00,27,22,5,0,0,0
2024-03-26 22:15,38,34,4,0,0,0
2024-03-26 22:30,32,29,3,0,0,0
2024-03-26 22:45,33,30,3,0,0,0
2024-03-26 23:00,25,15,10,0,0,0
2024-03-26 23:15,17,15,2,0,0,0
2024-03-26 23:30,3,3,0,0,0,0
2024-03-26 23:45,9,8,1,0,0,0
2024-03-27 00:00,10,10,0,0,0,0
2024-03-27 00:15,3,3,0,0,0,0
2024-03-27 00:30,3,3,0,0,0,0
2024-03-27 00:45,4,4,0,0,0,0
2024-03-27 01:00,1,1,0,0,0,0
2024-03-27 01:15,5,4,1,0,0,0
2024-03-27 01:30,2,2,0,0,0,0
2024-03-27 01:45,1,1,0,0,0,0
2024-03-27 02:00,3,2,1,0,0,0
2024-03-27 02:15,0,0,0,0,0,0
2024-03-27 02:30,1,1,0,0,0,0
2024-03-27 02:45,0,0,0,0,0,0
2024-03-27 03:00,1,1,0,0,0,0
2024-03-27 03:15,2,2,0,0,0,0
2024-03-27 03:30,1,0,1,0,0,0
2024-03-27 03:45,1,1,0,0,0,0
2024-03-27 04:00,0,0,0,0,0,0
2024-03-27 04:15,0,0,0,0,0,0
2024-03-27 04:30,0,0,0,0,0,0
2024-03-27 04:45,0,0,0,0,0,0
2024-03-27 05:00,3,2,1,0,0,0
2024-03-27 05:15,2,2,0,0,0,0
2024-03-27 05:30,9,2,7,0,0,0
2024-03-27 05:45,10,6,4,0,0,0
2024-03-27 06:00,9,7,2,0,0,0
2024-03-27 06:15,13,7,6,0,0,0
2024-03-27 06:30,34,14,20,0,0,0
2024-03-27 06:45,25,9,16,0,0,0
2024-03-27 07:00,41,17,24,0,0,0
2024-03-27 07:15,53,21,32,0,0,0
2024-03-27 07:30,72,35,37,0,0,0
2024-03-27 07:45,78,28,50,0,0,0
2024-03-27 08:00,95,55,40,0,0,0
2024-03-27 08:15,84,41,43,0,0,0
2024-03-27 08:30,60,29,31,0,0,0
2024-03-27 08:45,87,27,60,0,0,0
2024-03-27 09:00,50,14,36,0,0,0
2024-03-27 09:15,69,26,43,0,0,0
2024-03-27 09:30,61,24,37,0,0,0
2024-03-27 09:45,78,23,55,0,0,0
2024-03-27 10:00,46,22,24,0,0,0
2024-03-27 10:15,56,27,29,0,0,0
2024-03-27 10:30,60,30,30,0,0,0
2024-03-27 10:45,63,33,30,0,0,0
2024-03-27 11:00,67,28,39,0,0,0
2024-03-27 11:15,64,32,32,0,0,0
2024-03-27 11:30,81,52,29,0,0,0
2024-03-27 11:45,110,70,40,0,0,0
2024-03-27 12:00,121,78,43,0,0,0
2024-03-27 12:15,149,104,45,0,0,0
2024-03-27 12:30,130,78,52,0,0,0
2024-03-27 12:45,134,98,36,0,0,0
2024-03-27 13:00,127,91,36,0,0,0
2024-03-27 13:15,138,93,45,0,0,0
2024-03-27 13:30,137,84,53,0,0,0
2024-03-27 13:45,139,71,68,0,0,0
2024-03-27 14:00,124,65,59,0,0,0
2024-03-27 14:15,109,57,52,0,0,0
2024-03-27 14:30,94,53,41,0,0,0
2024-03-27 14:45,59,36,23,0,0,0
2024-03-27 15:00,77,53,24,0,0,0
2024-03-27 15:15,70,50,20,0,0,0
2024-03-27 15:30,88,48,40,0,0,0
2024-03-27 15:45,102,60,42,0,0,0
2024-03-27 16:00,85,52,33,0,0,0
2024-03-27 16:15,103,70,33,0,0,0
2024-03-27 16:30,97,67,30,0,0,0
2024-03-27 16:45,100,61,39,0,0,0
2024-03-27 17:00,103,76,27,0,0,0
2024-03-27 17:15,98,68,30,0,0,0
2024-03-27 17:30,99,52,47,0,0,0
2024-03-27 17:45,86,65,21,0,0,0
2024-03-27 18:00,73,61,12,0,0,0
2024-03-27 18:15,73,44,29,0,0,0
2024-03-27 18:30,74,51,23,0,0,0
2024-03-27 18:45,70,48,22,0,0,0
2024-03-27 19:00,80,51,29,0,0,0
2024-03-27 19:15,49,33,16,0,0,0
2024-03-27 19:30,55,38,17,0,0,0
2024-03-27 19:45,54,35,19,0,0,0
2024-03-27 20:00,50,36,14,0,0,0
2024-03-27 20:15,34,22,12,0,0,0
2024-03-27 20:30,21,13,8,0,0,0
2024-03-27 20:45,45,36,9,0,0,0
2024-03-27 21:00,28,20,8,0,0,0
2024-03-27 21:15,29,25,4,0,0,0
2024-03-27 21:30,26,19,7,0,0,0
2024-03-27 21:45,35,19,16,0,0,0
2024-03-27 22:00,24,13,11,0,0,0
2024-03-27 22:15,32,24,8,0,0,0
2024-03-27 22:30,24,19,5,0,0,0
2024-03-27 22:45,23,21,2,0,0,0
2024-03-27 23:00,21,16,5,0,0,0
2024-03-27 23:15,12,10,2,0,0,0
2024-03-27 23:30,14,11,3,0,0,0
2024-03-27 23:45,8,6,2,0,0,0
2024-03-28 00:00,13,7,6,0,0,0
2024-03-28 00:15,14,14,0,0,0,0
2024-03-28 00:30,3,2,1,0,0,0
2024-03-28 00:45,11,9,2,0,0,0
2024-03-28 01:00,8,6,2,0,0,0
2024-03-28 01:15,8,6,2,0,0,0
2024-03-28 01:30,7,4,3,0,0,0
2024-03-28 01:45,0,0,0,0,0,0
2024-03-28 02:00,5,5,0,0,0,0
2024-03-28 02:15,7,4,3,0,0,0
2024-03-28 02:30,8,8,0,0,0,0
2024-03-28 02:45,8,8,0,0,0,0
2024-03-28 03:00,3,3,0,0,0,0
2024-03-28 03:15,3,3,0,0,0,0
2024-03-28 03:30,7,6,1,0,0,0
2024-03-28 03:45,1,1,0,0,0,0
2024-03-28 04:00,1,1,0,0,0,0
2024-03-28 04:15,0,0,0,0,0,0
2024-03-28 04:30,1,1,0,0,0,0
2024-03-28 04:45,1,1,0,0,0,0
2024-03-28 05:00,2,1,1,0,0,0
2024-03-28 05:15,4,3,1,0,0,0
2024-03-28 05:30,7,2,5,0,0,0
2024-03-28 05:45,10,5,5,0,0,0
2024-03-28 06:00,8,4,4,0,0,0
2024-03-28 06:15,14,8,6,0,0,0
2024-03-28 06:30,24,13,11,0,0,0
2024-03-28 06:45,22,11,11,0,0,0
2024-03-28 07:00,33,20,13,0,0,0
2024-03-28 07:15,35,17,18,0,0,0
2024-03-28 07:30,48,14,34,0,0,0
2024-03-28 07:45,70,26,44,0,0,0
2024-03-28 08:00,71,33,38,0,0,0
2024-03-28 08:15,64,32,32,0,0,0
2024-03-28 08:30,61,33,28,0,0,0
2024-03-28 08:45,60,26,34,0,0,0
2024-03-28 09:00,56,22,34,0,0,0
2024-03-28 09:15,49,18,31,0,0,0
2024-03-28 09:30,60,18,42,0,0,0
2024-03-28 09:45,64,20,44,0,0,0
2024-03-28 10:00,66,34,32,0,0,0
2024-03-28 10:15,39,16,23,0,0,0
2024-03-28 10:30,39,18,21,0,0,0
2024-03-28 10:45,60,35,25,0,0,0
2024-03-28 11:00,45,26,19,0,0,0
2024-03-28 11:15,51,32,19,0,0,0
2024-03-28 11:30,45,31,14,0,0,0
2024-03-28 11:45,41,31,10,0,0,0
2024-03-28 12:00,59,46,13,0,0,0
2024-03-28 12:15,71,46,25,0,0,0
2024-03-28 12:30,78,50,28,0,0,0
2024-03-28 12:45,91,60,31,0,0,0
2024-03-28 13:00,88,65,23,0,0,0
2024-03-28 13:15,51,30,21,0,0,0
2024-03-28 13:30,60,37,23,0,0,0
2024-03-28 13:45,86,56,30,0,0,0
2024-03-28 14:00,70,39,31,0,0,0
2024-03-28 14:15,85,49,36,0,0,0
2024-03-28 14:30,84,36,48,0,0,0
2024-03-28 14:45,61,31,30,0,0,0
2024-03-28 15:00,79,41,38,0,0,0
2024-03-28 15:15,73,42,31,0,0,0
2024-03-28 15:30,72,40,32,0,0,0
2024-03-28 15:45,70,40,30,0,0,0
2024-03-28 16:00,54,41,13,0,0,0
2024-03-28 16:15,93,65,28,0,0,0
2024-03-28 16:30,63,42,21,0,0,0
2024-03-28 16:45,91,57,34,0,0,0
2024-03-28 17:00,73,49,24,0,0,0
2024-03-28 17:15,92,60,32,0,0,0
2024-03-28 17:30,87,61,26,0,0,0
2024-03-28 17:45,77,55,22,0,0,0
2024-03-28 18:00,76,62,14,0,0,0
2024-03-28 18:15,90,66,24,0,0,0
2024-03-28 18:30,78,60,18,0,0,0
2024-03-28 18:45,79,47,32,0,0,0
2024-03-28 19:00,71,42,29,0,0,0
2024-03-28 19:15,42,29,13,0,0,0
2024-03-28 19:30,39,29,10,0,0,0
2024-03-28 19:45,47,25,22,0,0,0
2024-03-28 20:00,57,30,27,0,0,0
2024-03-28 20:15,44,32,12,0,0,0
2024-03-28 20:30,25,17,8,0,0,0
2024-03-28 20:45,33,23,10,0,0,0
2024-03-28 21:00,28,26,2,0,0,0
2024-03-28 21:15,20,16,4,0,0,0
2024-03-28 21:30,25,18,7,0,0,0
2024-03-28 21:45,18,14,4,0,0,0
2024-03-28 22:00,19,13,6,0,0,0
2024-03-28 22:15,17,15,2,0,0,0
2024-03-28 22:30,24,15,9,0,0,0
2024-03-28 22:45,19,18,1,0,0,0
2024-03-28 23:00,23,19,4,0,0,0
2024-03-28 23:15,11,9,2,0,0,0
2024-03-28 23:30,21,15,6,0,0,0
2024-03-28 23:45,15,11,4,0,0,0
2024-03-29 00:00,9,6,3,0,0,0
2024-03-29 00:15,15,9,6,0,0,0
2024-03-29 00:30,6,6,0,0,0,0
2024-03-29 00:45,9,7,2,0,0,0
2024-03-29 01:00,7,7,0,0,0,0
2024-03-29 01:15,12,8,4,0,0,0
2024-03-29 01:30,8,7,1,0,0,0
2024-03-29 01:45,4,2,2,0,0,0
2024-03-29 02:00,7,7,0,0,0,0
2024-03-29 02:15,1,1,0,0,0,0
2024-03-29 02:30,4,3,1,0,0,0
2024-03-29 02:45,0,0,0,0,0,0
2024-03-29 03:00,3,3,0,0,0,0
2024-03-29 03:15,3,2,1,0,0,0
2024-03-29 03:30,2,2,0,0,0,0
2024-03-29 03:45,3,3,0,0,0,0
2024-03-29 04:00,1,1,0,0,0,0
2024-03-29 04:15,0,0,0,0,0,0
2024-03-29 04:30,0,0,0,0,0,0
2024-03-29 04:45,0,0,0,0,0,0
2024-03-29 05:00,2,1,1,0,0,0
2024-03-29 05:15,1,1,0,0,0,0
2024-03-29 05:30,2,0,2,0,0,0
2024-03-29 05:45,0,0,0,0,0,0
2024-03-29 06:00,0,0,0,0,0,0
2024-03-29 06:15,2,1,1,0,0,0
2024-03-29 06:30,1,1,0,0,0,0
2024-03-29 06:45,3,1,2,0,0,0
2024-03-29 07:00,1,0,1,0,0,0
2024-03-29 07:15,6,5,1,0,0,0
2024-03-29 07:30,4,3,1,0,0,0
2024-03-29 07:45,3,1,2,0,0,0
2024-03-29 08:00,2,1,1,0,0,0
2024-03-29 08:15,6,4,2,0,0,0
2024-03-29 08:30,9,5,4,0,0,0
2024-03-29 08:45,11,5,6,0,0,0
2024-03-29 09:00,13,5,8,0,0,0
2024-03-29 09:15,12,3,9,0,0,0
2024-03-29 09:30,19,7,12,0,0,0
2024-03-29 09:45,25,11,14,0,0,0
2024-03-29 10:00,26,14,12,0,0,0
2024-03-29 10:15,13,4,9,0,0,0
2024-03-29 10:30,20,12,8,0,0,0
2024-03-29 10:45,32,19,13,0,0,0
2024-03-29 11:00,18,12,6,0,0,0
2024-03-29 11:15,18,12,6,0,0,0
2024-03-29 11:30,21,14,7,0,0,0
2024-03-29 11:45,35,25,10,0,0,0
2024-03-29 12:00,12,10,2,0,0,0
2024-03-29 12:15,33,19,14,0,0,0
2024-03-29 12:30,25,18,7,0,0,0
2024-03-29 12:45,18,8,10,0,0,0
2024-03-29 13:00,30,20,10,0,0,0
2024-03-29 13:15,37,22,15,0,0,0
2024-03-29 13:30,23,9,14,0,0,0
2024-03-29 13:45,35,19,16,0,0,0
2024-03-29 14:00,36,19,17,0,0,0
2024-03-29 14:15,31,17,14,0,0,0
2024-03-29 14:30,42,20,22,0,0,0
2024-03-29 14:45,36,20,16,0,0,0
2024-03-29 15:00,43,21,22,0,0,0
2024-03-29 15:15,39,18,21,0,0,0
2024-03-29 15:30,40,23,17,0,0,0
2024-03-29 15:45,40,23,17,0,0,0
2024-03-29 16:00,39,23,16,0,0,0
2024-03-29 16:15,37,22,15,0,0,0
2024-03-29 16:30,42,28,14,0,0,0
2024-03-29 16:45,50,26,24,0,0,0
2024-03-29 17:00,48,31,17,0,0,0
2024-03-29 17:15,51,40,11,0,0,0
2024-03-29 17:30,38,23,15,0,0,0
2024-03-29 17:45,47,35,12,0,0,0
2024-03-29 18:00,42,28,14,0,0,0
2024-03-29 18:15,22,14,8,0,0,0
2024-03-29 18:30,24,17,7,0,0,0
2024-03-29 18:45,25,17,8,0,0,0
2024-03-29 19:00,27,18,9,0,0,0
2024-03-29 19:15,23,15,8,0,0,0
2024-03-29 19:30,17,14,3,0,0,0
2024-03-29 19:45,26,15,11,0,0,0
2024-03-29 20:00,14,6,8,0,0,0
2024-03-29 20:15,14,9,5,0,0,0
2024-03-29 20:30,14,10,4,0,0,0
2024-03-29 20:45,8,6,2,0,0,0
2024-03-29 21:00,13,10,3,0,0,0
2024-03-29 21:15,15,8,7,0,0,0
2024-03-29 21:30,11,8,3,0,0,0
2024-03-29 21:45,6,4,2,0,0,0
2024-03-29 22:00,15,10,5,0,0,0
2024-03-29 22:15,10,8,2,0,0,0
2024-03-29 22:30,7,5,2,0,0,0
2024-03-29 22:45,11,8,3,0,0,0
2024-03-29 23:00,12,11,1,0,0,0
2024-03-29 23:15,13,11,2,0,0,0
2024-03-29 23:30,9,9,0,0,0,0
2024-03-29 23:45,6,5,1,0,0,0
2024-03-30 00:00,8,6,2,0,0,0
2024-03-30 00:15,9,4,5,0,0,0
2024-03-30 00:30,7,7,0,0,0,0
2024-03-30 00:45,6,5,1,0,0,0
2024-03-30 01:00,3,3,0,0,0,0
2024-03-30 01:15,1,1,0,0,0,0
2024-03-30 01:30,2,2,0,0,0,0
2024-03-30 01:45,3,2,1,0,0,0
2024-03-30 02:00,3,1,2,0,0,0
2024-03-30 02:15,2,0,2,0,0,0
2024-03-30 02:30,0,0,0,0,0,0
2024-03-30 02:45,1,1,0,0,0,0
2024-03-30 03:00,2,1,1,0,0,0
2024-03-30 03:15,1,1,0,0,0,0
2024-03-30 03:30,1,1,0,0,0,0
2024-03-30 03:45,1,1,0,0,0,0
2024-03-30 04:00,0,0,0,0,0,0
2024-03-30 04:15,0,0,0,0,0,0
2024-03-30 04:30,1,1,0,0,0,0
2024-03-30 04:45,1,0,1,0,0,0
2024-03-30 05:00,1,1,0,0,0,0
2024-03-30 05:15,1,1,0,0,0,0
2024-03-30 05:30,3,0,3,0,0,0
2024-03-30 05:45,1,0,1,0,0,0
2024-03-30 06:00,2,2,0,0,0,0
2024-03-30 06:15,0,0,0,0,0,0
2024-03-30 06:30,1,0,1,0,0,0
2024-03-30 06:45,6,0,6,0,0,0
2024-03-30 07:00,7,2,5,0,0,0
2024-03-30 07:15,12,3,9,0,0,0
2024-03-30 07:30,12,5,7,0,0,0
2024-03-30 07:45,14,7,7,0,0,0
2024-03-30 08:00,15,5,10,0,0,0
2024-03-30 08:15,21,11,10,0,0,0
2024-03-30 08:30,27,19,8,0,0,0
2024-03-30 08:45,29,13,16,0,0,0
2024-03-30 09:00,30,9,21,0,0,0
2024-03-30 09:15,55,18,37,0,0,0
2024-03-30 09:30,62,25,37,0,0,0
2024-03-30 09:45,74,30,44,0,0,0
2024-03-30 10:00,58,29,29,0,0,0
2024-03-30 10:15,56,22,34,0,0,0
2024-03-30 10:30,63,22,41,0,0,0
2024-03-30 10:45,81,38,43,0,0,0
2024-03-30 11:00,84,32,52,0,0,0
2024-03-30 11:15,86,38,48,0,0,0
2024-03-30 11:30,86,46,40,0,0,0
2024-03-30 11:45,76,42,34,0,0,0
2024-03-30 12:00,65,38,27,0,0,0
2024-03-30 12:15,84,52,32,0,0,0
2024-03-30 12:30,83,46,37,0,0,0
2024-03-30 12:45,81,37,44,0,0,0
2024-03-30 13:00,79,49,30,0,0,0
2024-03-30 13:15,92,53,39,0,0,0
2024-03-30 13:30,74,49,25,0,0,0
2024-03-30 13:45,94,71,23,0,0,0
2024-03-30 14:00,79,56,23,0,0,0
2024-03-30 14:15,63,41,22,0,0,0
2024-03-30 14:30,63,44,19,0,0,0
2024-03-30 14:45,80,48,32,0,0,0
2024-03-30 15:00,78,56,22,0,0,0
2024-03-30 15:15,67,44,23,0,0,0
2024-03-30 15:30,60,44,16,0,0,0
2024-03-30 15:45,54,34,20,0,0,0
2024-03-30 16:00,79,57,22,0,0,0
2024-03-30 16:15,65,49,16,0,0,0
2024-03-30 16:30,60,30,30,0,0,0
2024-03-30 16:45,47,25,22,0,0,0
2024-03-30 17:00,56,39,17,0,0,0
2024-03-30 17:15,34,24,10,0,0,0
2024-03-30 17:30,56,42,14,0,0,0
2024-03-30 17:45,56,27,29,0,0,0
2024-03-30 18:00,67,45,22,0,0,0
2024-03-30 18:15,47,28,19,0,0,0
2024-03-30 18:30,31,19,12,0,0,0
2024-03-30 18:45,42,25,17,0,0,0
2024-03-30 19:00,48,30,18,0,0,0
2024-03-30 19:15,29,17,12,0,0,0
2024-03-30 19:30,20,12,8,0,0,0
2024-03-30 19:45,17,10,7,0,0,0
2024-03-30 20:00,34,20,14,0,0,0
2024-03-30 20:15,10,8,2,0,0,0
2024-03-30 20:30,27,19,8,0,0,0
2024-03-30 20:45,25,15,10,0,0,0
2024-03-30 21:00,26,12,14,0,0,0
2024-03-30 21:15,21,16,5,0,0,0
2024-03-30 21:30,18,8,10,0,0,0
2024-03-30 21:45,20,16,4,0,0,0
2024-03-30 22:00,12,9,3,0,0,0
2024-03-30 22:15,11,10,1,0,0,0
2024-03-30 22:30,22,15,7,0,0,0
2024-03-30 22:45,29,25,4,0,0,0
2024-03-30 23:00,13,10,3,0,0,0
2024-03-30 23:15,15,13,2,0,0,0
2024-03-30 23:30,13,10,3,0,0,0
2024-03-30 23:45,18,13,5,0,0,0
2024-03-31 00:00,10,8,2,0,0,0
2024-03-31 00:15,8,8,0,0,0,0
2024-03-31 00:30,14,10,4,0,0,0
2024-03-31 00:45,11,10,1,0,0,0
2024-03-31 01:00,7,6,1,0,0,0
2024-03-31 01:15,8,5,3,0,0,0
2024-03-31 01:30,7,6,1,0,0,0
2024-03-31 01:45,2,2,0,0,0,0
2024-03-31 03:00,3,3,0,0,0,0
2024-03-31 03:15,10,6,4,0,0,0
2024-03-31 03:30,2,2,0,0,0,0
2024-03-31 03:45,7,7,0,0,0,0
2024-03-31 04:00,2,2,0,0,0,0
2024-03-31 04:15,3,3,0,0,0,0
2024-03-31 04:30,3,2,1,0,0,0
2024-03-31 04:45,3,3,0,0,0,0
2024-03-31 05:00,1,1,0,0,0,0
2024-03-31 05:15,4,3,1,0,0,0
2024-03-31 05:30,3,2,1,0,0,0
2024-03-31 05:45,3,3,0,0,0,0
2024-03-31 06:00,5,4,1,0,0,0
2024-03-31 06:15,3,2,1,0,0,0
2024-03-31 06:30,2,2,0,0,0,0
2024-03-31 06:45,2,0,2,0,0,0
2024-03-31 07:00,0,0,0,0,0,0
2024-03-31 07:15,3,1,2,0,0,0
2024-03-31 07:30,2,1,1,0,0,0
2024-03-31 07:45,2,1,1,0,0,0
2024-03-31 08:00,3,1,2,0,0,0
2024-03-31 08:15,7,5,2,0,0,0
2024-03-31 08:30,7,5,2,0,0,0
2024-03-31 08:45,9,5,4,0,0,0
2024-03-31 09:00,12,6,6,0,0,0
2024-03-31 09:15,3,2,1,0,0,0
2024-03-31 09:30,5,3,2,0,0,0
2024-03-31 09:45,18,16,2,0,0,0
2024-03-31 10:00,15,3,12,0,0,0
2024-03-31 10:15,14,10,4,0,0,0
2024-03-31 10:30,11,9,2,0,0,0
2024-03-31 10:45,15,8,7,0,0,0
2024-03-31 11:00,20,8,12,0,0,0
2024-03-31 11:15,17,8,9,0,0,0
2024-03-31 11:30,26,13,13,0,0,0
2024-03-31 11:45,31,20,11,0,0,0
2024-03-31 12:00,48,41,7,0,0,0
2024-03-31 12:15,34,18,16,0,0,0
2024-03-31 12:30,25,12,13,0,0,0
2024-03-31 12:45,32,25,7,0,0,0
2024-03-31 13:00,45,24,21,0,0,0
2024-03-31 13:15,20,12,8,0,0,0
2024-03-31 13:30,40,27,13,0,0,0
2024-03-31 13:45,37,14,23,0,0,0
2024-03-31 14:00,27,16,11,0,0,0
2024-03-31 14:15,51,25,26,0,0,0
2024-03-31 14:30,52,26,26,0,0,0
2024-03-31 14:45,42,19,23,0,0,0
2024-03-31 15:00,62,37,25,0,0,0
2024-03-31 15:15,60,37,23,0,0,0
2024-03-31 15:30,36,21,15,0,0,0
2024-03-31 15:45,52,30,22,0,0,0
2024-03-31 16:00,43,23,20,0,0,0
2024-03-31 16:15,47,35,12,0,0,0
2024-03-31 16:30,37,24,13,0,0,0
2024-03-31 16:45,40,21,19,0,0,0
2024-03-31 17:00,38,22,16,0,0,0
2024-03-31 17:15,37,21,16,0,0,0
2024-03-31 17:30,31,20,11,0,0,0
2024-03-31 17:45,38,23,15,0,0,0
2024-03-31 18:00,32,15,17,0,0,0
2024-03-31 18:15,31,18,13,0,0,0
2024-03-31 18:30,29,15,14,0,0,0
2024-03-31 18:45,32,19,13,0,0,0
2024-03-31 19:00,23,16,7,0,0,0
2024-03-31 19:15,27,16,11,0,0,0
2024-03-31 19:30,29,18,11,0,0,0
2024-03-31 19:45,22,15,7,0,0,0
2024-03-31 20:00,35,19,16,0,0,0
2024-03-31 20:15,13,7,6,0,0,0
2024-03-31 20:30,12,9,3,0,0,0
2024-03-31 20:45,11,7,4,0,0,0
2024-03-31 21:00,11,9,2,0,0,0
2024-03-31 21:15,4,3,1,0,0,0
2024-03-31 21:30,14,10,4,0,0,0
2024-03-31 21:45,6,6,0,0,0,0
2024-03-31 22:00,9,8,1,0,0,0
2024-03-31 22:15,7,5,2,0,0,0
2024-03-31 22:30,10,6,4,0,0,0
2024-03-31 22:45,5,3,2,0,0,0
2024-03-31 23:00,2,1,1,0,0,0
2024-03-31 23:15,3,2,1,0,0,0
2024-03-31 23:30,10,9,1,0,0,0
2024-03-31 23:45,5,2,3,0,0,0
