Datetime,300038855 (Bismarckallee),353420516 (Bismarckallee Fahrräder OUT),353420517 (Bismarckallee Fahrräder IN),300038855-status,353420516-status,353420517-status
2025-01-01 00:00,2,1,1,0,0,0
2025-01-01 00:15,18,14,4,0,0,0
2025-01-01 00:30,22,17,5,0,0,0
2025-01-01 00:45,12,9,3,0,0,0
2025-01-01 01:00,33,12,21,0,0,0
2025-01-01 01:15,14,5,9,0,0,0
2025-01-01 01:30,19,2,17,0,0,0
2025-01-01 01:45,30,12,18,0,0,0
2025-01-01 02:00,32,9,23,0,0,0
2025-01-01 02:15,37,16,21,0,0,0
2025-01-01 02:30,21,2,19,0,0,0
2025-01-01 02:45,29,9,20,0,0,0
2025-01-01 03:00,24,3,21,0,0,0
2025-01-01 03:15,13,5,8,0,0,0
2025-01-01 03:30,19,4,15,0,0,0
2025-01-01 03:45,18,8,10,0,0,0
2025-01-01 04:00,11,2,9,0,0,0
2025-01-01 04:15,21,7,14,0,0,0
2025-01-01 04:30,16,1,15,0,0,0
2025-01-01 04:45,7,4,3,0,0,0
2025-01-01 05:00,4,0,4,0,0,0
2025-01-01 05:15,3,0,3,0,0,0
2025-01-01 05:30,10,4,6,0,0,0
2025-01-01 05:45,6,1,5,0,0,0
2025-01-01 06:00,4,1,3,0,0,0
2025-01-01 06:15,8,1,7,0,0,0
2025-01-01 06:30,2,1,1,0,0,0
2025-01-01 06:45,1,0,1,0,0,0
2025-01-01 07:00,2,0,2,0,0,0
2025-01-01 07:15,1,0,1,0,0,0
2025-01-01 07:30,1,1,0,0,0,0
2025-01-01 07:45,2,0,2,0,0,0
2025-01-01 08:00,1,1,0,0,0,0
2025-01-01 08:15,2,0,2,0,0,0
2025-01-01 08:30,2,1,1,0,0,0
2025-01-01 08:45,0,0,0,0,0,0
2025-01-01 09:00,2,1,1,0,0,0
2025-01-01 09:15,2,1,1,0,0,0
2025-01-01 09:30,7,2,5,0,0,0
2025-01-01 09:45,4,1,3,0,0,0
2025-01-01 10:00,6,3,3,0,0,0
2025-01-01 10:15,6,1,5,0,0,0
2025-01-01 10:30,6,4,2,0,0,0
2025-01-01 10:45,1,0,1,0,0,0
2025-01-01 11:00,7,4,3,0,0,0
2025-01-01 11:15,6,2,4,0,0,0
2025-01-01 11:30,11,7,4,0,0,0
2025-01-01 11:45,13,7,6,0,0,0
2025-01-01 12:00,10,7,3,0,0,0
2025-01-01 12:15,6,2,4,0,0,0
2025-01-01 12:30,15,6,9,0,0,0
2025-01-01 12:45,8,5,3,0,0,0
2025-01-01 13:00,10,2,8,0,0,0
2025-01-01 13:15,8,1,7,0,0,0
2025-01-01 13:30,15,5,10,0,0,0
2025-01-01 13:45,11,3,8,0,0,0
2025-01-01 14:00,7,3,4,0,0,0
2025-01-01 14:15,14,3,11,0,0,0
2025-01-01 14:30,22,8,14,0,0,0
2025-01-01 14:45,25,10,15,0,0,0
2025-01-01 15:00,19,8,11,0,0,0
2025-01-01 15:15,21,11,10,0,0,0
2025-01-01 15:30,24,7,17,0,0,0
2025-01-01 15:45,8,3,5,0,0,0
2025-01-01 16:00,6,4,2,0,0,0
2025-01-01 16:15,14,7,7,0,0,0
2025-01-01 16:30,22,8,14,0,0,0
2025-01-01 16:45,12,8,4,0,0,0
2025-01-01 17:00,12,7,5,0,0,0
2025-01-01 17:15,15,6,9,0,0,0
2025-01-01 17:30,13,6,7,0,0,0
2025-01-01 17:45,6,4,2,0,0,0
2025-01-01 18:00,4,2,2,0,0,0
2025-01-01 18:15,3,1,2,0,0,0
2025-01-01 18:30,17,2,15,0,0,0
2025-01-01 18:45,5,1,4,0,0,0
2025-01-01 19:00,7,2,5,0,0,0
2025-01-01 19:15,6,0,6,0,0,0
2025-01-01 19:30,11,5,6,0,0,0
2025-01-01 19:45,13,6,7,0,0,0
2025-01-01 20:00,4,2,2,0,0,0
2025-01-01 20:15,6,4,2,0,0,0
2025-01-01 20:30,5,4,1,0,0,0
2025-01-01 20:45,4,1,3,0,0,0
2025-01-01 21:00,3,2,1,0,0,0
2025-01-01 21:15,11,4,7,0,0,0
2025-01-01 21:30,2,0,2,0,0,0
2025-01-01 21:45,8,2,6,0,0,0
2025-01-01 22:00,5,0,5,0,0,0
2025-01-01 22:15,9,4,5,0,0,0
2025-01-01 22:30,5,0,5,0,0,0
2025-01-01 22:45,1,0,1,0,0,0
2025-01-01 23:00,1,0,1,0,0,0
2025-01-01 23:15,0,0,0,0,0,0
2025-01-01 23:30,0,0,0,0,0,0
2025-01-01 23:45,5,4,1,0,0,0
2025-01-02 00:00,1,1,0,0,0,0
2025-01-02 00:15,0,0,0,0,0,0
2025-01-02 00:30,0,0,0,0,0,0
2025-01-02 00:45,1,0,1,0,0,0
2025-01-02 01:00,0,0,0,0,0,0
2025-01-02 01:15,1,0,1,0,0,0
2025-01-02 01:30,2,0,2,0,0,0
2025-01-02 01:45,0,0,0,0,0,0
2025-01-02 02:00,0,0,0,0,0,0
2025-01-02 02:15,0,0,0,0,0,0
2025-01-02 02:30,0,0,0,0,0,0
2025-01-02 02:45,0,0,0,0,0,0
2025-01-02 03:00,0,0,0,0,0,0
2025-01-02 03:15,1,1,0,0,0,0
2025-01-02 03:30,0,0,0,0,0,0
2025-01-02 03:45,0,0,0,0,0,0
2025-01-02 04:00,1,1,0,0,0,0
2025-01-02 04:15,1,0,1,0,0,0
2025-01-02 04:30,0,0,0,0,0,0
2025-01-02 04:45,0,0,0,0,0,0
2025-01-02 05:00,0,0,0,0,0,0
2025-01-02 05:15,1,0,1,0,0,0
2025-01-02 05:30,1,0,1,0,0,0
2025-01-02 05:45,7,4,3,0,0,0
2025-01-02 06:00,4,0,4,0,0,0
2025-01-02 06:15,7,5,2,0,0,0
2025-01-02 06:30,11,5,6,0,0,0
2025-01-02 06:45,19,13,6,0,0,0
2025-01-02 07:00,21,12,9,0,0,0
2025-01-02 07:15,23,12,11,0,0,0
2025-01-02 07:30,32,20,12,0,0,0
2025-01-02 07:45,41,25,16,0,0,0
2025-01-02 08:00,25,18,7,0,0,0
2025-01-02 08:15,46,27,19,0,0,0
2025-01-02 08:30,20,10,10,0,0,0
2025-01-02 08:45,26,21,5,0,0,0
2025-01-02 09:00,14,7,7,0,0,0
2025-01-02 09:15,32,17,15,0,0,0
2025-01-02 09:30,35,21,14,0,0,0
2025-01-02 09:45,48,35,13,0,0,0
2025-01-02 10:00,31,22,9,0,0,0
2025-01-02 10:15,26,15,11,0,0,0
2025-01-02 10:30,24,20,4,0,0,0
2025-01-02 10:45,34,24,10,0,0,0
2025-01-02 11:00,37,20,17,0,0,0
2025-01-02 11:15,35,20,15,0,0,0
2025-01-02 11:30,26,11,15,0,0,0
2025-01-02 11:45,39,9,30,0,0,0
2025-01-02 12:00,48,24,24,0,0,0
2025-01-02 12:15,58,25,33,0,0,0
2025-01-02 12:30,58,22,36,0,0,0
2025-01-02 12:45,41,22,19,0,0,0
2025-01-02 13:00,63,20,43,0,0,0
2025-01-02 13:15,40,17,23,0,0,0
2025-01-02 13:30,47,24,23,0,0,0
2025-01-02 13:45,80,44,36,0,0,0
2025-01-02 14:00,53,29,24,0,0,0
2025-01-02 14:15,66,32,34,0,0,0
2025-01-02 14:30,65,35,30,0,0,0
2025-01-02 14:45,59,21,38,0,0,0
2025-01-02 15:00,65,24,41,0,0,0
2025-01-02 15:15,82,33,49,0,0,0
2025-01-02 15:30,70,25,45,0,0,0
2025-01-02 15:45,66,26,40,0,0,0
2025-01-02 16:00,81,35,46,0,0,0
2025-01-02 16:15,65,20,45,0,0,0
2025-01-02 16:30,75,26,49,0,0,0
2025-01-02 16:45,64,24,40,0,0,0
2025-01-02 17:00,68,20,48,0,0,0
2025-01-02 17:15,75,26,49,0,0,0
2025-01-02 17:30,67,14,53,0,0,0
2025-01-02 17:45,55,14,41,0,0,0
2025-01-02 18:00,54,13,41,0,0,0
2025-01-02 18:15,58,15,43,0,0,0
2025-01-02 18:30,40,11,29,0,0,0
2025-01-02 18:45,41,17,24,0,0,0
2025-01-02 19:00,35,7,28,0,0,0
2025-01-02 19:15,34,9,25,0,0,0
2025-01-02 19:30,31,7,24,0,0,0
2025-01-02 19:45,36,12,24,0,0,0
2025-01-02 20:00,24,7,17,0,0,0
2025-01-02 20:15,10,5,5,0,0,0
2025-01-02 20:30,22,6,16,0,0,0
2025-01-02 20:45,10,4,6,0,0,0
2025-01-02 21:00,11,4,7,0,0,0
2025-01-02 21:15,10,3,7,0,0,0
2025-01-02 21:30,17,2,15,0,0,0
2025-01-02 21:45,17,8,9,0,0,0
2025-01-02 22:00,17,4,13,0,0,0
2025-01-02 22:15,23,4,19,0,0,0
2025-01-02 22:30,13,3,10,0,0,0
2025-01-02 22:45,8,0,8,0,0,0
2025-01-02 23:00,12,2,10,0,0,0
2025-01-02 23:15,2,0,2,0,0,0
2025-01-02 23:30,0,0,0,0,0,0
2025-01-02 23:45,8,3,5,0,0,0
2025-01-03 00:00,5,1,4,0,0,0
2025-01-03 00:15,3,2,1,0,0,0
2025-01-03 00:30,2,0,2,0,0,0
2025-01-03 00:45,3,1,2,0,0,0
2025-01-03 01:00,3,0,3,0,0,0
2025-01-03 01:15,1,0,1,0,0,0
2025-01-03 01:30,1,0,1,0,0,0
2025-01-03 01:45,2,0,2,0,0,0
2025-01-03 02:00,3,0,3,0,0,0
2025-01-03 02:15,2,0,2,0,0,0
2025-01-03 02:30,0,0,0,0,0,0
2025-01-03 02:45,1,0,1,0,0,0
2025-01-03 03:00,0,0,0,0,0,0
2025-01-03 03:15,0,0,0,0,0,0
2025-01-03 03:30,0,0,0,0,0,0
2025-01-03 03:45,1,0,1,0,0,0
2025-01-03 04:00,1,1,0,0,0,0
2025-01-03 04:15,1,1,0,0,0,0
2025-01-03 04:30,0,0,0,0,0,0
2025-01-03 04:45,0,0,0,0,0,0
2025-01-03 05:00,0,0,0,0,0,0
2025-01-03 05:15,3,1,2,0,0,0
2025-01-03 05:30,5,2,3,0,0,0
2025-01-03 05:45,7,3,4,0,0,0
2025-01-03 06:00,3,2,1,0,0,0
2025-01-03 06:15,10,7,3,0,0,0
2025-01-03 06:30,19,11,8,0,0,0
2025-01-03 06:45,18,9,9,0,0,0
2025-01-03 07:00,16,9,7,0,0,0
2025-01-03 07:15,17,13,4,0,0,0
2025-01-03 07:30,31,21,10,0,0,0
2025-01-03 07:45,27,13,14,0,0,0
2025-01-03 08:00,22,11,11,0,0,0
2025-01-03 08:15,35,21,14,0,0,0
2025-01-03 08:30,28,16,12,0,0,0
2025-01-03 08:45,27,16,11,0,0,0
2025-01-03 09:00,22,13,9,0,0,0
2025-01-03 09:15,23,19,4,0,0,0
2025-01-03 09:30,29,24,5,0,0,0
2025-01-03 09:45,35,26,9,0,0,0
2025-01-03 10:00,28,21,7,0,0,0
2025-01-03 10:15,24,14,10,0,0,0
2025-01-03 10:30,23,15,8,0,0,0
2025-01-03 10:45,39,22,17,0,0,0
2025-01-03 11:00,41,25,16,0,0,0
2025-01-03 11:15,35,16,19,0,0,0
2025-01-03 11:30,45,24,21,0,0,0
2025-01-03 11:45,45,19,26,0,0,0
2025-01-03 12:00,45,13,32,0,0,0
2025-01-03 12:15,54,21,33,0,0,0
2025-01-03 12:30,44,20,24,0,0,0
2025-01-03 12:45,60,30,30,0,0,0
2025-01-03 13:00,54,30,24,0,0,0
2025-01-03 13:15,56,17,39,0,0,0
2025-01-03 13:30,38,12,26,0,0,0
2025-01-03 13:45,64,25,39,0,0,0
2025-01-03 14:00,51,17,34,0,0,0
2025-01-03 14:15,45,20,25,0,0,0
2025-01-03 14:30,51,22,29,0,0,0
2025-01-03 14:45,39,13,26,0,0,0
2025-01-03 15:00,49,17,32,0,0,0
2025-01-03 15:15,38,14,24,0,0,0
2025-01-03 15:30,53,17,36,0,0,0
2025-01-03 15:45,43,15,28,0,0,0
2025-01-03 16:00,48,14,34,0,0,0
2025-01-03 16:15,57,18,39,0,0,0
2025-01-03 16:30,46,14,32,0,0,0
2025-01-03 16:45,38,12,26,0,0,0
2025-01-03 17:00,45,16,29,0,0,0
2025-01-03 17:15,73,15,58,0,0,0
2025-01-03 17:30,56,16,40,0,0,0
2025-01-03 17:45,51,13,38,0,0,0
2025-01-03 18:00,38,5,33,0,0,0
2025-01-03 18:15,26,7,19,0,0,0
2025-01-03 18:30,32,9,23,0,0,0
2025-01-03 18:45,28,15,13,0,0,0
2025-01-03 19:00,33,15,18,0,0,0
2025-01-03 19:15,35,11,24,0,0,0
2025-01-03 19:30,28,14,14,0,0,0
2025-01-03 19:45,23,6,17,0,0,0
2025-01-03 20:00,32,6,26,0,0,0
2025-01-03 20:15,16,7,9,0,0,0
2025-01-03 20:30,20,3,17,0,0,0
2025-01-03 20:45,10,4,6,0,0,0
2025-01-03 21:00,13,6,7,0,0,0
2025-01-03 21:15,11,4,7,0,0,0
2025-01-03 21:30,12,4,8,0,0,0
2025-01-03 21:45,11,2,9,0,0,0
2025-01-03 22:00,15,2,13,0,0,0
2025-01-03 22:15,14,4,10,0,0,0
2025-01-03 22:30,16,3,13,0,0,0
2025-01-03 22:45,9,2,7,0,0,0
2025-01-03 23:00,20,2,18,0,0,0
2025-01-03 23:15,14,3,11,0,0,0
2025-01-03 23:30,9,0,9,0,0,0
2025-01-03 23:45,11,0,11,0,0,0
2025-01-04 00:00,11,1,10,0,0,0
2025-01-04 00:15,10,1,9,0,0,0
2025-01-04 00:30,3,0,3,0,0,0
2025-01-04 00:45,9,3,6,0,0,0
2025-01-04 01:00,4,1,3,0,0,0
2025-01-04 01:15,9,3,6,0,0,0
2025-01-04 01:30,3,0,3,0,0,0
2025-01-04 01:45,3,1,2,0,0,0
2025-01-04 02:00,5,0,5,0,0,0
2025-01-04 02:15,2,0,2,0,0,0
2025-01-04 02:30,3,0,3,0,0,0
2025-01-04 02:45,1,0,1,0,0,0
2025-01-04 03:00,0,0,0,0,0,0
2025-01-04 03:15,0,0,0,0,0,0
2025-01-04 03:30,2,0,2,0,0,0
2025-01-04 03:45,2,0,2,0,0,0
2025-01-04 04:00,1,1,0,0,0,0
2025-01-04 04:15,1,1,0,0,0,0
2025-01-04 04:30,0,0,0,0,0,0
2025-01-04 04:45,1,0,1,0,0,0
2025-01-04 05:00,6,2,4,0,0,0
2025-01-04 05:15,5,3,2,0,0,0
2025-01-04 05:30,2,0,2,0,0,0
2025-01-04 05:45,2,0,2,0,0,0
2025-01-04 06:00,3,1,2,0,0,0
2025-01-04 06:15,2,2,0,0,0,0
2025-01-04 06:30,1,1,0,0,0,0
2025-01-04 06:45,6,4,2,0,0,0
2025-01-04 07:00,3,1,2,0,0,0
2025-01-04 07:15,5,3,2,0,0,0
2025-01-04 07:30,6,4,2,0,0,0
2025-01-04 07:45,4,2,2,0,0,0
2025-01-04 08:00,6,3,3,0,0,0
2025-01-04 08:15,5,2,3,0,0,0
2025-01-04 08:30,12,5,7,0,0,0
2025-01-04 08:45,8,7,1,0,0,0
2025-01-04 09:00,18,12,6,0,0,0
2025-01-04 09:15,25,20,5,0,0,0
2025-01-04 09:30,21,13,8,0,0,0
2025-01-04 09:45,47,36,11,0,0,0
2025-01-04 10:00,38,19,19,0,0,0
2025-01-04 10:15,53,33,20,0,0,0
2025-01-04 10:30,63,49,14,0,0,0
2025-01-04 10:45,77,51,26,0,0,0
2025-01-04 11:00,53,32,21,0,0,0
2025-01-04 11:15,63,39,24,0,0,0
2025-01-04 11:30,52,25,27,0,0,0
2025-01-04 11:45,51,20,31,0,0,0
2025-01-04 12:00,52,29,23,0,0,0
2025-01-04 12:15,54,17,37,0,0,0
2025-01-04 12:30,51,24,27,0,0,0
2025-01-04 12:45,84,39,45,0,0,0
2025-01-04 13:00,60,31,29,0,0,0
2025-01-04 13:15,75,35,40,0,0,0
2025-01-04 13:30,33,14,19,0,0,0
2025-01-04 13:45,61,26,35,0,0,0
2025-01-04 14:00,76,26,50,0,0,0
2025-01-04 14:15,45,20,25,0,0,0
2025-01-04 14:30,65,12,53,0,0,0
2025-01-04 14:45,44,18,26,0,0,0
2025-01-04 15:00,59,16,43,0,0,0
2025-01-04 15:15,46,18,28,0,0,0
2025-01-04 15:30,53,23,30,0,0,0
2025-01-04 15:45,59,23,36,0,0,0
2025-01-04 16:00,40,13,27,0,0,0
2025-01-04 16:15,59,17,42,0,0,0
2025-01-04 16:30,42,22,20,0,0,0
2025-01-04 16:45,34,11,23,0,0,0
2025-01-04 17:00,64,16,48,0,0,0
2025-01-04 17:15,38,13,25,0,0,0
2025-01-04 17:30,48,17,31,0,0,0
2025-01-04 17:45,40,13,27,0,0,0
2025-01-04 18:00,48,11,37,0,0,0
2025-01-04 18:15,32,14,18,0,0,0
2025-01-04 18:30,29,9,20,0,0,0
2025-01-04 18:45,58,19,39,0,0,0
2025-01-04 19:00,40,15,25,0,0,0
2025-01-04 19:15,32,7,25,0,0,0
2025-01-04 19:30,31,13,18,0,0,0
2025-01-04 19:45,43,16,27,0,0,0
2025-01-04 20:00,30,7,23,0,0,0
2025-01-04 20:15,22,9,13,0,0,0
2025-01-04 20:30,18,7,11,0,0,0
2025-01-04 20:45,19,5,14,0,0,0
2025-01-04 21:00,20,4,16,0,0,0
2025-01-04 21:15,16,9,7,0,0,0
2025-01-04 21:30,10,1,9,0,0,0
2025-01-04 21:45,10,3,7,0,0,0
2025-01-04 22:00,13,4,9,0,0,0
2025-01-04 22:15,13,2,11,0,0,0
2025-01-04 22:30,17,3,14,0,0,0
2025-01-04 22:45,16,3,13,0,0,0
2025-01-04 23:00,10,5,5,0,0,0
2025-01-04 23:15,22,1,21,0,0,0
2025-01-04 23:30,17,5,12,0,0,0
2025-01-04 23:45,13,3,10,0,0,0
2025-01-05 00:00,9,3,6,0,0,0
2025-01-05 00:15,10,1,9,0,0,0
2025-01-05 00:30,17,7,10,0,0,0
2025-01-05 00:45,13,5,8,0,0,0
2025-01-05 01:00,9,2,7,0,0,0
2025-01-05 01:15,8,0,8,0,0,0
2025-01-05 01:30,7,6,1,0,0,0
2025-01-05 01:45,8,1,7,0,0,0
2025-01-05 02:00,6,2,4,0,0,0
2025-01-05 02:15,6,0,6,0,0,0
2025-01-05 02:30,2,0,2,0,0,0
2025-01-05 02:45,4,0,4,0,0,0
2025-01-05 03:00,7,1,6,0,0,0
2025-01-05 03:15,3,0,3,0,0,0
2025-01-05 03:30,1,0,1,0,0,0
2025-01-05 03:45,7,0,7,0,0,0
2025-01-05 04:00,3,0,3,0,0,0
2025-01-05 04:15,2,0,2,0,0,0
2025-01-05 04:30,4,1,3,0,0,0
2025-01-05 04:45,0,0,0,0,0,0
2025-01-05 05:00,2,2,0,0,0,0
2025-01-05 05:15,2,1,1,0,0,0
2025-01-05 05:30,0,0,0,0,0,0
2025-01-05 05:45,0,0,0,0,0,0
2025-01-05 06:00,3,1,2,0,0,0
2025-01-05 06:15,2,2,0,0,0,0
2025-01-05 06:30,0,0,0,0,0,0
2025-01-05 06:45,2,2,0,0,0,0
2025-01-05 07:00,2,0,2,0,0,0
2025-01-05 07:15,1,0,1,0,0,0
2025-01-05 07:30,5,2,3,0,0,0
2025-01-05 07:45,2,2,0,0,0,0
2025-01-05 08:00,1,1,0,0,0,0
2025-01-05 08:15,2,2,0,0,0,0
2025-01-05 08:30,2,2,0,0,0,0
2025-01-05 08:45,5,2,3,0,0,0
2025-01-05 09:00,6,4,2,0,0,0
2025-01-05 09:15,2,1,1,0,0,0
2025-01-05 09:30,2,1,1,0,0,0
2025-01-05 09:45,11,9,2,0,0,0
2025-01-05 10:00,13,12,1,0,0,0
2025-01-05 10:15,8,7,1,0,0,0
2025-01-05 10:30,1,1,0,0,0,0
2025-01-05 10:45,11,6,5,0,0,0
2025-01-05 11:00,6,0,6,0,0,0
2025-01-05 11:15,5,2,3,0,0,0
2025-01-05 11:30,8,3,5,0,0,0
2025-01-05 11:45,23,11,12,0,0,0
2025-01-05 12:00,10,6,4,0,0,0
2025-01-05 12:15,7,3,4,0,0,0
2025-01-05 12:30,8,2,6,0,0,0
2025-01-05 12:45,23,9,14,0,0,0
2025-01-05 13:00,4,2,2,0,0,0
2025-01-05 13:15,11,2,9,0,0,0
2025-01-05 13:30,13,4,9,0,0,0
2025-01-05 13:45,21,8,13,0,0,0
2025-01-05 14:00,16,4,12,0,0,0
2025-01-05 14:15,13,7,6,0,0,0
2025-01-05 14:30,13,8,5,0,0,0
2025-01-05 14:45,15,10,5,0,0,0
2025-01-05 15:00,16,6,10,0,0,0
2025-01-05 15:15,12,5,7,0,0,0
2025-01-05 15:30,24,11,13,0,0,0
2025-01-05 15:45,17,10,7,0,0,0
2025-01-05 16:00,12,4,8,0,0,0
2025-01-05 16:15,11,4,7,0,0,0
2025-01-05 16:30,14,6,8,0,0,0
2025-01-05 16:45,14,8,6,0,0,0
2025-01-05 17:00,14,3,11,0,0,0
2025-01-05 17:15,9,5,4,0,0,0
2025-01-05 17:30,20,10,10,0,0,0
2025-01-05 17:45,19,5,14,0,0,0
2025-01-05 18:00,18,6,12,0,0,0
2025-01-05 18:15,12,5,7,0,0,0
2025-01-05 18:30,13,2,11,0,0,0
2025-01-05 18:45,13,3,10,0,0,0
2025-01-05 19:00,21,10,11,0,0,0
2025-01-05 19:15,18,8,10,0,0,0
2025-01-05 19:30,9,1,8,0,0,0
2025-01-05 19:45,14,5,9,0,0,0
2025-01-05 20:00,19,7,12,0,0,0
2025-01-05 20:15,6,3,3,0,0,0
2025-01-05 20:30,13,7,6,0,0,0
2025-01-05 20:45,10,3,7,0,0,0
2025-01-05 21:00,6,1,5,0,0,0
2025-01-05 21:15,12,3,9,0,0,0
2025-01-05 21:30,11,4,7,0,0,0
2025-01-05 21:45,8,1,7,0,0,0
2025-01-05 22:00,6,1,5,0,0,0
2025-01-05 22:15,10,3,7,0,0,0
2025-01-05 22:30,5,0,5,0,0,0
2025-01-05 22:45,4,0,4,0,0,0
2025-01-05 23:00,5,1,4,0,0,0
2025-01-05 23:15,7,2,5,0,0,0
2025-01-05 23:30,9,1,8,0,0,0
2025-01-05 23:45,4,3,1,0,0,0
2025-01-06 00:00,3,1,2,0,0,0
2025-01-06 00:15,2,0,2,0,0,0
2025-01-06 00:30,0,0,0,0,0,0
2025-01-06 00:45,0,0,0,0,0,0
2025-01-06 01:00,2,0,2,0,0,0
2025-01-06 01:15,2,0,2,0,0,0
2025-01-06 01:30,3,0,3,0,0,0
2025-01-06 01:45,1,0,1,0,0,0
2025-01-06 02:00,1,0,1,0,0,0
2025-01-06 02:15,0,0,0,0,0,0
2025-01-06 02:30,2,0,2,0,0,0
2025-01-06 02:45,0,0,0,0,0,0
2025-01-06 03:00,0,0,0,0,0,0
2025-01-06 03:15,1,0,1,0,0,0
2025-01-06 03:30,0,0,0,0,0,0
2025-01-06 03:45,0,0,0,0,0,0
2025-01-06 04:00,0,0,0,0,0,0
2025-01-06 04:15,0,0,0,0,0,0
2025-01-06 04:30,1,1,0,0,0,0
2025-01-06 04:45,0,0,0,0,0,0
2025-01-06 05:00,1,1,0,0,0,0
2025-01-06 05:15,7,2,5,0,0,0
2025-01-06 05:30,6,4,2,0,0,0
2025-01-06 05:45,6,2,4,0,0,0
2025-01-06 06:00,5,2,3,0,0,0
2025-01-06 06:15,9,3,6,0,0,0
2025-01-06 06:30,20,13,7,0,0,0
2025-01-06 06:45,16,8,8,0,0,0
2025-01-06 07:00,39,24,15,0,0,0
2025-01-06 07:15,38,25,13,0,0,0
2025-01-06 07:30,56,36,20,0,0,0
2025-01-06 07:45,78,52,26,0,0,0
2025-01-06 08:00,72,39,33,0,0,0
2025-01-06 08:15,74,48,26,0,0,0
2025-01-06 08:30,60,34,26,0,0,0
2025-01-06 08:45,73,51,22,0,0,0
2025-01-06 09:00,50,33,17,0,0,0
2025-01-06 09:15,39,27,12,0,0,0
2025-01-06 09:30,28,16,12,0,0,0
2025-01-06 09:45,51,33,18,0,0,0
2025-01-06 10:00,34,18,16,0,0,0
2025-01-06 10:15,46,31,15,0,0,0
2025-01-06 10:30,24,16,8,0,0,0
2025-01-06 10:45,41,20,21,0,0,0
2025-01-06 11:00,25,14,11,0,0,0
2025-01-06 11:15,43,20,23,0,0,0
2025-01-06 11:30,40,16,24,0,0,0
2025-01-06 11:45,69,19,50,0,0,0
2025-01-06 12:00,111,31,80,0,0,0
2025-01-06 12:15,104,32,72,0,0,0
2025-01-06 12:30,132,51,81,0,0,0
2025-01-06 12:45,153,54,99,0,0,0
2025-01-06 13:00,168,48,120,0,0,0
2025-01-06 13:15,129,48,81,0,0,0
2025-01-06 13:30,132,67,65,0,0,0
2025-01-06 13:45,154,89,65,0,0,0
2025-01-06 14:00,122,68,54,0,0,0
2025-01-06 14:15,100,56,44,0,0,0
2025-01-06 14:30,67,28,39,0,0,0
2025-01-06 14:45,82,50,32,0,0,0
2025-01-06 15:00,91,54,37,0,0,0
2025-01-06 15:15,51,24,27,0,0,0
2025-01-06 15:30,61,23,38,0,0,0
2025-01-06 15:45,81,26,55,0,0,0
2025-01-06 16:00,79,23,56,0,0,0
2025-01-06 16:15,78,21,57,0,0,0
2025-01-06 16:30,73,20,53,0,0,0
2025-01-06 16:45,79,31,48,0,0,0
2025-01-06 17:00,83,24,59,0,0,0
2025-01-06 17:15,92,17,75,0,0,0
2025-01-06 17:30,68,16,52,0,0,0
2025-01-06 17:45,70,25,45,0,0,0
2025-01-06 18:00,65,12,53,0,0,0
2025-01-06 18:15,74,21,53,0,0,0
2025-01-06 18:30,58,25,33,0,0,0
2025-01-06 18:45,61,25,36,0,0,0
2025-01-06 19:00,43,6,37,0,0,0
2025-01-06 19:15,50,10,40,0,0,0
2025-01-06 19:30,37,14,23,0,0,0
2025-01-06 19:45,42,18,24,0,0,0
2025-01-06 20:00,24,13,11,0,0,0
2025-01-06 20:15,38,10,28,0,0,0
2025-01-06 20:30,16,1,15,0,0,0
2025-01-06 20:45,32,12,20,0,0,0
2025-01-06 21:00,26,7,19,0,0,0
2025-01-06 21:15,23,6,17,0,0,0
2025-01-06 21:30,14,3,11,0,0,0
2025-01-06 21:45,18,3,15,0,0,0
2025-01-06 22:00,18,3,15,0,0,0
2025-01-06 22:15,20,3,17,0,0,0
2025-01-06 22:30,18,5,13,0,0,0
2025-01-06 22:45,8,1,7,0,0,0
2025-01-06 23:00,4,0,4,0,0,0
2025-01-06 23:15,7,2,5,0,0,0
2025-01-06 23:30,8,1,7,0,0,0
2025-01-06 23:45,5,4,1,0,0,0
2025-01-07 00:00,3,0,3,0,0,0
2025-01-07 00:15,9,3,6,0,0,0
2025-01-07 00:30,1,0,1,0,0,0
2025-01-07 00:45,1,1,0,0,0,0
2025-01-07 01:00,0,0,0,0,0,0
2025-01-07 01:15,1,0,1,0,0,0
2025-01-07 01:30,5,0,5,0,0,0
2025-01-07 01:45,1,1,0,0,0,0
2025-01-07 02:00,0,0,0,0,0,0
2025-01-07 02:15,0,0,0,0,0,0
2025-01-07 02:30,3,0,3,0,0,0
2025-01-07 02:45,0,0,0,0,0,0
2025-01-07 03:00,0,0,0,0,0,0
2025-01-07 03:15,0,0,0,0,0,0
2025-01-07 03:30,1,1,0,0,0,0
2025-01-07 03:45,1,0,1,0,0,0
2025-01-07 04:00,1,1,0,0,0,0
2025-01-07 04:15,0,0,0,0,0,0
2025-01-07 04:30,0,0,0,0,0,0
2025-01-07 04:45,1,1,0,0,0,0
2025-01-07 05:00,2,1,1,0,0,0
2025-01-07 05:15,4,1,3,0,0,0
2025-01-07 05:30,8,4,4,0,0,0
2025-01-07 05:45,7,2,5,0,0,0
2025-01-07 06:00,8,4,4,0,0,0
2025-01-07 06:15,14,7,7,0,0,0
2025-01-07 06:30,28,11,17,0,0,0
2025-01-07 06:45,29,17,12,0,0,0
2025-01-07 07:00,53,33,20,0,0,0
2025-01-07 07:15,93,49,44,0,0,0
2025-01-07 07:30,175,115,60,0,0,0
2025-01-07 07:45,120,76,44,0,0,0
2025-01-07 08:00,130,80,50,0,0,0
2025-01-07 08:15,127,80,47,0,0,0
2025-01-07 08:30,81,46,35,0,0,0
2025-01-07 08:45,73,48,25,0,0,0
2025-01-07 09:00,63,45,18,0,0,0
2025-01-07 09:15,37,24,13,0,0,0
2025-01-07 09:30,60,38,22,0,0,0
2025-01-07 09:45,133,64,69,0,0,0
2025-01-07 10:00,157,48,109,0,0,0
2025-01-07 10:15,52,33,19,0,0,0
2025-01-07 10:30,42,17,25,0,0,0
2025-01-07 10:45,56,30,26,0,0,0
2025-01-07 11:00,48,19,29,0,0,0
2025-01-07 11:15,64,24,40,0,0,0
2025-01-07 11:30,72,25,47,0,0,0
2025-01-07 11:45,188,56,132,0,0,0
2025-01-07 12:00,211,59,152,0,0,0
2025-01-07 12:15,172,56,116,0,0,0
2025-01-07 12:30,148,43,105,0,0,0
2025-01-07 12:45,205,94,111,0,0,0
2025-01-07 13:00,216,69,147,0,0,0
2025-01-07 13:15,162,68,94,0,0,0
2025-01-07 13:30,179,79,100,0,0,0
2025-01-07 13:45,325,177,148,0,0,0
2025-01-07 14:00,279,116,163,0,0,0
2025-01-07 14:15,157,80,77,0,0,0
2025-01-07 14:30,147,83,64,0,0,0
2025-01-07 14:45,146,100,46,0,0,0
2025-01-07 15:00,99,45,54,0,0,0
2025-01-07 15:15,82,35,47,0,0,0
2025-01-07 15:30,146,71,75,0,0,0
2025-01-07 15:45,178,77,101,0,0,0
2025-01-07 16:00,177,59,118,0,0,0
2025-01-07 16:15,129,32,97,0,0,0
2025-01-07 16:30,93,32,61,0,0,0
2025-01-07 16:45,113,39,74,0,0,0
2025-01-07 17:00,144,43,101,0,0,0
2025-01-07 17:15,124,39,85,0,0,0
2025-01-07 17:30,126,49,77,0,0,0
2025-01-07 17:45,188,80,108,0,0,0
2025-01-07 18:00,160,45,115,0,0,0
2025-01-07 18:15,105,31,74,0,0,0
2025-01-07 18:30,90,43,47,0,0,0
2025-01-07 18:45,77,37,40,0,0,0
2025-01-07 19:00,86,24,62,0,0,0
2025-01-07 19:15,83,33,50,0,0,0
2025-01-07 19:30,56,15,41,0,0,0
2025-01-07 19:45,84,27,57,0,0,0
2025-01-07 20:00,53,18,35,0,0,0
2025-01-07 20:15,42,18,24,0,0,0
2025-01-07 20:30,22,3,19,0,0,0
2025-01-07 20:45,39,14,25,0,0,0
2025-01-07 21:00,31,11,20,0,0,0
2025-01-07 21:15,25,12,13,0,0,0
2025-01-07 21:30,49,13,36,0,0,0
2025-01-07 21:45,28,8,20,0,0,0
2025-01-07 22:00,43,15,28,0,0,0
2025-01-07 22:15,41,2,39,0,0,0
2025-01-07 22:30,21,5,16,0,0,0
2025-01-07 22:45,21,2,19,0,0,0
2025-01-07 23:00,13,0,13,0,0,0
2025-01-07 23:15,14,4,10,0,0,0
2025-01-07 23:30,16,10,6,0,0,0
2025-01-07 23:45,7,3,4,0,0,0
2025-01-08 00:00,3,0,3,0,0,0
2025-01-08 00:15,2,0,2,0,0,0
2025-01-08 00:30,5,2,3,0,0,0
2025-01-08 00:45,2,0,2,0,0,0
2025-01-08 01:00,2,1,1,0,0,0
2025-01-08 01:15,2,0,2,0,0,0
2025-01-08 01:30,1,0,1,0,0,0
2025-01-08 01:45,0,0,0,0,0,0
2025-01-08 02:00,1,0,1,0,0,0
2025-01-08 02:15,2,0,2,0,0,0
2025-01-08 02:30,1,0,1,0,0,0
2025-01-08 02:45,0,0,0,0,0,0
2025-01-08 03:00,0,0,0,0,0,0
2025-01-08 03:15,0,0,0,0,0,0
2025-01-08 03:30,0,0,0,0,0,0
2025-01-08 03:45,0,0,0,0,0,0
2025-01-08 04:00,0,0,0,0,0,0
2025-01-08 04:15,2,1,1,0,0,0
2025-01-08 04:30,0,0,0,0,0,0
2025-01-08 04:45,1,1,0,0,0,0
2025-01-08 05:00,2,2,0,0,0,0
2025-01-08 05:15,8,4,4,0,0,0
2025-01-08 05:30,9,5,4,0,0,0
2025-01-08 05:45,18,6,12,0,0,0
2025-01-08 06:00,9,5,4,0,0,0
2025-01-08 06:15,20,9,11,0,0,0
2025-01-08 06:30,29,14,15,0,0,0
2025-01-08 06:45,30,18,12,0,0,0
2025-01-08 07:00,52,28,24,0,0,0
2025-01-08 07:15,89,45,44,0,0,0
2025-01-08 07:30,191,124,67,0,0,0
2025-01-08 07:45,162,94,68,0,0,0
2025-01-08 08:00,155,87,68,0,0,0
2025-01-08 08:15,128,70,58,0,0,0
2025-01-08 08:30,82,46,36,0,0,0
2025-01-08 08:45,108,77,31,0,0,0
2025-01-08 09:00,67,45,22,0,0,0
2025-01-08 09:15,61,38,23,0,0,0
2025-01-08 09:30,77,49,28,0,0,0
2025-01-08 09:45,115,60,55,0,0,0
2025-01-08 10:00,170,78,92,0,0,0
2025-01-08 10:15,79,39,40,0,0,0
2025-01-08 10:30,47,23,24,0,0,0
2025-01-08 10:45,79,42,37,0,0,0
2025-01-08 11:00,70,34,36,0,0,0
2025-01-08 11:15,69,39,30,0,0,0
2025-01-08 11:30,100,34,66,0,0,0
2025-01-08 11:45,196,60,136,0,0,0
2025-01-08 12:00,247,79,168,0,0,0
2025-01-08 12:15,174,69,105,0,0,0
2025-01-08 12:30,195,50,145,0,0,0
2025-01-08 12:45,247,117,130,0,0,0
2025-01-08 13:00,227,97,130,0,0,0
2025-01-08 13:15,200,83,117,0,0,0
2025-01-08 13:30,187,80,107,0,0,0
2025-01-08 13:45,295,130,165,0,0,0
2025-01-08 14:00,231,106,125,0,0,0
2025-01-08 14:15,148,61,87,0,0,0
2025-01-08 14:30,147,80,67,0,0,0
2025-01-08 14:45,172,96,76,0,0,0
2025-01-08 15:00,97,45,52,0,0,0
2025-01-08 15:15,79,39,40,0,0,0
2025-01-08 15:30,104,37,67,0,0,0
2025-01-08 15:45,167,94,73,0,0,0
2025-01-08 16:00,146,55,91,0,0,0
2025-01-08 16:15,125,46,79,0,0,0
2025-01-08 16:30,92,28,64,0,0,0
2025-01-08 16:45,102,36,66,0,0,0
2025-01-08 17:00,99,30,69,0,0,0
2025-01-08 17:15,102,33,69,0,0,0
2025-01-08 17:30,131,48,83,0,0,0
2025-01-08 17:45,180,65,115,0,0,0
2025-01-08 18:00,144,42,102,0,0,0
2025-01-08 18:15,109,35,74,0,0,0
2025-01-08 18:30,81,30,51,0,0,0
2025-01-08 18:45,77,29,48,0,0,0
2025-01-08 19:00,98,37,61,0,0,0
2025-01-08 19:15,72,22,50,0,0,0
2025-01-08 19:30,73,28,45,0,0,0
2025-01-08 19:45,93,31,62,0,0,0
2025-01-08 20:00,52,22,30,0,0,0
2025-01-08 20:15,42,11,31,0,0,0
2025-01-08 20:30,36,14,22,0,0,0
2025-01-08 20:45,37,14,23,0,0,0
2025-01-08 21:00,21,7,14,0,0,0
2025-01-08 21:15,46,8,38,0,0,0
2025-01-08 21:30,36,2,34,0,0,0
2025-01-08 21:45,46,8,38,0,0,0
2025-01-08 22:00,34,5,29,0,0,0
2025-01-08 22:15,30,5,25,0,0,0
2025-01-08 22:30,43,14,29,0,0,0
2025-01-08 22:45,28,8,20,0,0,0
2025-01-08 23:00,14,1,13,0,0,0
2025-01-08 23:15,10,2,8,0,0,0
2025-01-08 23:30,12,3,9,0,0,0
2025-01-08 23:45,20,13,7,0,0,0
2025-01-09 00:00,11,6,5,0,0,0
2025-01-09 00:15,5,2,3,0,0,0
2025-01-09 00:30,6,2,4,0,0,0
2025-01-09 00:45,4,1,3,0,0,0
2025-01-09 01:00,1,0,1,0,0,0
2025-01-09 01:15,2,1,1,0,0,0
2025-01-09 01:30,2,0,2,0,0,0
2025-01-09 01:45,2,1,1,0,0,0
2025-01-09 02:00,5,0,5,0,0,0
2025-01-09 02:15,2,1,1,0,0,0
2025-01-09 02:30,2,0,2,0,0,0
2025-01-09 02:45,1,0,1,0,0,0
2025-01-09 03:00,1,0,1,0,0,0
2025-01-09 03:15,1,0,1,0,0,0
2025-01-09 03:30,1,0,1,0,0,0
2025-01-09 03:45,0,0,0,0,0,0
2025-01-09 04:00,2,1,1,0,0,0
2025-01-09 04:15,0,0,0,0,0,0
2025-01-09 04:30,1,1,0,0,0,0
2025-01-09 04:45,1,1,0,0,0,0
2025-01-09 05:00,1,1,0,0,0,0
2025-01-09 05:15,5,1,4,0,0,0
2025-01-09 05:30,6,3,3,0,0,0
2025-01-09 05:45,12,6,6,0,0,0
2025-01-09 06:00,11,5,6,0,0,0
2025-01-09 06:15,17,9,8,0,0,0
2025-01-09 06:30,21,11,10,0,0,0
2025-01-09 06:45,39,23,16,0,0,0
2025-01-09 07:00,41,24,17,0,0,0
2025-01-09 07:15,70,32,38,0,0,0
2025-01-09 07:30,150,86,64,0,0,0
2025-01-09 07:45,129,66,63,0,0,0
2025-01-09 08:00,175,78,97,0,0,0
2025-01-09 08:15,96,57,39,0,0,0
2025-01-09 08:30,53,35,18,0,0,0
2025-01-09 08:45,66,46,20,0,0,0
2025-01-09 09:00,59,35,24,0,0,0
2025-01-09 09:15,37,25,12,0,0,0
2025-01-09 09:30,52,33,19,0,0,0
2025-01-09 09:45,163,128,35,0,0,0
2025-01-09 10:00,105,54,51,0,0,0
2025-01-09 10:15,29,20,9,0,0,0
2025-01-09 10:30,20,8,12,0,0,0
2025-01-09 10:45,24,9,15,0,0,0
2025-01-09 11:00,27,12,15,0,0,0
2025-01-09 11:15,26,12,14,0,0,0
2025-01-09 11:30,42,10,32,0,0,0
2025-01-09 11:45,134,31,103,0,0,0
2025-01-09 12:00,141,33,108,0,0,0
2025-01-09 12:15,79,33,46,0,0,0
2025-01-09 12:30,102,39,63,0,0,0
2025-01-09 12:45,127,49,78,0,0,0
2025-01-09 13:00,147,51,96,0,0,0
2025-01-09 13:15,126,56,70,0,0,0
2025-01-09 13:30,124,62,62,0,0,0
2025-01-09 13:45,187,116,71,0,0,0
2025-01-09 14:00,170,84,86,0,0,0
2025-01-09 14:15,85,38,47,0,0,0
2025-01-09 14:30,68,41,27,0,0,0
2025-01-09 14:45,87,51,36,0,0,0
2025-01-09 15:00,74,30,44,0,0,0
2025-01-09 15:15,67,31,36,0,0,0
2025-01-09 15:30,79,38,41,0,0,0
2025-01-09 15:45,157,70,87,0,0,0
2025-01-09 16:00,93,34,59,0,0,0
2025-01-09 16:15,87,30,57,0,0,0
2025-01-09 16:30,80,22,58,0,0,0
2025-01-09 16:45,90,28,62,0,0,0
2025-01-09 17:00,87,25,62,0,0,0
2025-01-09 17:15,96,42,54,0,0,0
2025-01-09 17:30,114,32,82,0,0,0
2025-01-09 17:45,122,49,73,0,0,0
2025-01-09 18:00,111,18,93,0,0,0
2025-01-09 18:15,82,26,56,0,0,0
2025-01-09 18:30,72,25,47,0,0,0
2025-01-09 18:45,75,30,45,0,0,0
2025-01-09 19:00,70,21,49,0,0,0
2025-01-09 19:15,49,18,31,0,0,0
2025-01-09 19:30,69,17,52,0,0,0
2025-01-09 19:45,88,19,69,0,0,0
2025-01-09 20:00,45,18,27,0,0,0
2025-01-09 20:15,42,14,28,0,0,0
2025-01-09 20:30,44,18,26,0,0,0
2025-01-09 20:45,29,10,19,0,0,0
2025-01-09 21:00,17,6,11,0,0,0
2025-01-09 21:15,28,8,20,0,0,0
2025-01-09 21:30,26,8,18,0,0,0
2025-01-09 21:45,29,11,18,0,0,0
2025-01-09 22:00,25,9,16,0,0,0
2025-01-09 22:15,35,3,32,0,0,0
2025-01-09 22:30,19,5,14,0,0,0
2025-01-09 22:45,24,7,17,0,0,0
2025-01-09 23:00,21,5,16,0,0,0
2025-01-09 23:15,22,13,9,0,0,0
2025-01-09 23:30,13,4,9,0,0,0
2025-01-09 23:45,7,6,1,0,0,0
2025-01-10 00:00,4,0,4,0,0,0
2025-01-10 00:15,7,0,7,0,0,0
2025-01-10 00:30,5,0,5,0,0,0
2025-01-10 00:45,6,0,6,0,0,0
2025-01-10 01:00,2,1,1,0,0,0
2025-01-10 01:15,3,1,2,0,0,0
2025-01-10 01:30,0,0,0,0,0,0
2025-01-10 01:45,1,0,1,0,0,0
2025-01-10 02:00,0,0,0,0,0,0
2025-01-10 02:15,2,0,2,0,0,0
2025-01-10 02:30,0,0,0,0,0,0
2025-01-10 02:45,0,0,0,0,0,0
2025-01-10 03:00,0,0,0,0,0,0
2025-01-10 03:15,0,0,0,0,0,0
2025-01-10 03:30,0,0,0,0,0,0
2025-01-10 03:45,2,1,1,0,0,0
2025-01-10 04:00,1,1,0,0,0,0
2025-01-10 04:15,0,0,0,0,0,0
2025-01-10 04:30,0,0,0,0,0,0
2025-01-10 04:45,7,4,3,0,0,0
2025-01-10 05:00,1,1,0,0,0,0
2025-01-10 05:15,5,3,2,0,0,0
2025-01-10 05:30,5,2,3,0,0,0
2025-01-10 05:45,7,3,4,0,0,0
2025-01-10 06:00,4,1,3,0,0,0
2025-01-10 06:15,13,10,3,0,0,0
2025-01-10 06:30,22,12,10,0,0,0
2025-01-10 06:45,22,15,7,0,0,0
2025-01-10 07:00,37,20,17,0,0,0
2025-01-10 07:15,65,29,36,0,0,0
2025-01-10 07:30,142,93,49,0,0,0
2025-01-10 07:45,112,66,46,0,0,0
2025-01-10 08:00,96,68,28,0,0,0
2025-01-10 08:15,71,44,27,0,0,0
2025-01-10 08:30,67,49,18,0,0,0
2025-01-10 08:45,71,50,21,0,0,0
2025-01-10 09:00,55,43,12,0,0,0
2025-01-10 09:15,42,30,12,0,0,0
2025-01-10 09:30,49,26,23,0,0,0
2025-01-10 09:45,96,44,52,0,0,0
2025-01-10 10:00,103,34,69,0,0,0
2025-01-10 10:15,43,23,20,0,0,0
2025-01-10 10:30,44,24,20,0,0,0
2025-01-10 10:45,60,31,29,0,0,0
2025-01-10 11:00,44,17,27,0,0,0
2025-01-10 11:15,55,23,32,0,0,0
2025-01-10 11:30,65,22,43,0,0,0
2025-01-10 11:45,187,73,114,0,0,0
2025-01-10 12:00,199,57,142,0,0,0
2025-01-10 12:15,158,59,99,0,0,0
2025-01-10 12:30,188,68,120,0,0,0
2025-01-10 12:45,188,97,91,0,0,0
2025-01-10 13:00,234,77,157,0,0,0
2025-01-10 13:15,158,64,94,0,0,0
2025-01-10 13:30,154,67,87,0,0,0
2025-01-10 13:45,214,104,110,0,0,0
2025-01-10 14:00,170,98,72,0,0,0
2025-01-10 14:15,149,79,70,0,0,0
2025-01-10 14:30,107,57,50,0,0,0
2025-01-10 14:45,104,55,49,0,0,0
2025-01-10 15:00,88,38,50,0,0,0
2025-01-10 15:15,92,34,58,0,0,0
2025-01-10 15:30,99,53,46,0,0,0
2025-01-10 15:45,96,41,55,0,0,0
2025-01-10 16:00,66,16,50,0,0,0
2025-01-10 16:15,95,31,64,0,0,0
2025-01-10 16:30,74,23,51,0,0,0
2025-01-10 16:45,78,28,50,0,0,0
2025-01-10 17:00,111,40,71,0,0,0
2025-01-10 17:15,104,42,62,0,0,0
2025-01-10 17:30,91,26,65,0,0,0
2025-01-10 17:45,98,38,60,0,0,0
2025-01-10 18:00,82,21,61,0,0,0
2025-01-10 18:15,70,20,50,0,0,0
2025-01-10 18:30,72,26,46,0,0,0
2025-01-10 18:45,89,36,53,0,0,0
2025-01-10 19:00,82,35,47,0,0,0
2025-01-10 19:15,53,25,28,0,0,0
2025-01-10 19:30,47,24,23,0,0,0
2025-01-10 19:45,59,28,31,0,0,0
2025-01-10 20:00,49,18,31,0,0,0
2025-01-10 20:15,45,16,29,0,0,0
2025-01-10 20:30,28,18,10,0,0,0
2025-01-10 20:45,39,13,26,0,0,0
2025-01-10 21:00,28,5,23,0,0,0
2025-01-10 21:15,33,14,19,0,0,0
2025-01-10 21:30,34,7,27,0,0,0
2025-01-10 21:45,35,8,27,0,0,0
2025-01-10 22:00,26,6,20,0,0,0
2025-01-10 22:15,26,5,21,0,0,0
2025-01-10 22:30,30,7,23,0,0,0
2025-01-10 22:45,23,5,18,0,0,0
2025-01-10 23:00,40,10,30,0,0,0
2025-01-10 23:15,20,3,17,0,0,0
2025-01-10 23:30,35,2,33,0,0,0
2025-01-10 23:45,22,1,21,0,0,0
2025-01-11 00:00,23,4,19,0,0,0
2025-01-11 00:15,19,2,17,0,0,0
2025-01-11 00:30,18,9,9,0,0,0
2025-01-11 00:45,14,0,14,0,0,0
2025-01-11 01:00,14,3,11,0,0,0
2025-01-11 01:15,15,4,11,0,0,0
2025-01-11 01:30,9,2,7,0,0,0
2025-01-11 01:45,7,0,7,0,0,0
2025-01-11 02:00,8,2,6,0,0,0
2025-01-11 02:15,7,2,5,0,0,0
2025-01-11 02:30,6,1,5,0,0,0
2025-01-11 02:45,3,0,3,0,0,0
2025-01-11 03:00,5,0,5,0,0,0
2025-01-11 03:15,8,1,7,0,0,0
2025-01-11 03:30,1,0,1,0,0,0
2025-01-11 03:45,4,0,4,0,0,0
2025-01-11 04:00,2,1,1,0,0,0
2025-01-11 04:15,2,0,2,0,0,0
2025-01-11 04:30,1,0,1,0,0,0
2025-01-11 04:45,3,1,2,0,0,0
2025-01-11 05:00,4,1,3,0,0,0
2025-01-11 05:15,2,1,1,0,0,0
2025-01-11 05:30,2,1,1,0,0,0
2025-01-11 05:45,1,0,1,0,0,0
2025-01-11 06:00,2,2,0,0,0,0
2025-01-11 06:15,2,1,1,0,0,0
2025-01-11 06:30,3,1,2,0,0,0
2025-01-11 06:45,5,5,0,0,0,0
2025-01-11 07:00,1,0,1,0,0,0
2025-01-11 07:15,7,3,4,0,0,0
2025-01-11 07:30,2,2,0,0,0,0
2025-01-11 07:45,13,13,0,0,0,0
2025-01-11 08:00,17,12,5,0,0,0
2025-01-11 08:15,19,13,6,0,0,0
2025-01-11 08:30,22,17,5,0,0,0
2025-01-11 08:45,29,20,9,0,0,0
2025-01-11 09:00,19,11,8,0,0,0
2025-01-11 09:15,35,19,16,0,0,0
2025-01-11 09:30,33,19,14,0,0,0
2025-01-11 09:45,68,33,35,0,0,0
2025-01-11 10:00,55,34,21,0,0,0
2025-01-11 10:15,37,26,11,0,0,0
2025-01-11 10:30,50,29,21,0,0,0
2025-01-11 10:45,57,34,23,0,0,0
2025-01-11 11:00,65,33,32,0,0,0
2025-01-11 11:15,48,30,18,0,0,0
2025-01-11 11:30,48,31,17,0,0,0
2025-01-11 11:45,72,42,30,0,0,0
2025-01-11 12:00,60,23,37,0,0,0
2025-01-11 12:15,66,35,31,0,0,0
2025-01-11 12:30,88,49,39,0,0,0
2025-01-11 12:45,84,38,46,0,0,0
2025-01-11 13:00,56,25,31,0,0,0
2025-01-11 13:15,95,55,40,0,0,0
2025-01-11 13:30,69,30,39,0,0,0
2025-01-11 13:45,67,20,47,0,0,0
2025-01-11 14:00,67,27,40,0,0,0
2025-01-11 14:15,61,25,36,0,0,0
2025-01-11 14:30,60,15,45,0,0,0
2025-01-11 14:45,91,40,51,0,0,0
2025-01-11 15:00,66,20,46,0,0,0
2025-01-11 15:15,57,21,36,0,0,0
2025-01-11 15:30,54,19,35,0,0,0
2025-01-11 15:45,51,17,34,0,0,0
2025-01-11 16:00,74,30,44,0,0,0
2025-01-11 16:15,49,18,31,0,0,0
2025-01-11 16:30,54,27,27,0,0,0
2025-01-11 16:45,50,21,29,0,0,0
2025-01-11 17:00,67,19,48,0,0,0
2025-01-11 17:15,63,22,41,0,0,0
2025-01-11 17:30,55,21,34,0,0,0
2025-01-11 17:45,68,30,38,0,0,0
2025-01-11 18:00,48,10,38,0,0,0
2025-01-11 18:15,50,16,34,0,0,0
2025-01-11 18:30,42,15,27,0,0,0
2025-01-11 18:45,46,22,24,0,0,0
2025-01-11 19:00,55,20,35,0,0,0
2025-01-11 19:15,43,16,27,0,0,0
2025-01-11 19:30,33,10,23,0,0,0
2025-01-11 19:45,50,15,35,0,0,0
2025-01-11 20:00,56,20,36,0,0,0
2025-01-11 20:15,39,14,25,0,0,0
2025-01-11 20:30,32,16,16,0,0,0
2025-01-11 20:45,26,8,18,0,0,0
2025-01-11 21:00,25,11,14,0,0,0
2025-01-11 21:15,18,4,14,0,0,0
2025-01-11 21:30,28,8,20,0,0,0
2025-01-11 21:45,20,3,17,0,0,0
2025-01-11 22:00,29,9,20,0,0,0
2025-01-11 22:15,22,3,19,0,0,0
2025-01-11 22:30,28,3,25,0,0,0
2025-01-11 22:45,15,4,11,0,0,0
2025-01-11 23:00,30,13,17,0,0,0
2025-01-11 23:15,24,7,17,0,0,0
2025-01-11 23:30,16,4,12,0,0,0
2025-01-11 23:45,36,8,28,0,0,0
2025-01-12 00:00,26,12,14,0,0,0
2025-01-12 00:15,22,7,15,0,0,0
2025-01-12 00:30,16,4,12,0,0,0
2025-01-12 00:45,16,5,11,0,0,0
2025-01-12 01:00,21,2,19,0,0,0
2025-01-12 01:15,9,2,7,0,0,0
2025-01-12 01:30,16,5,11,0,0,0
2025-01-12 01:45,12,1,11,0,0,0
2025-01-12 02:00,13,3,10,0,0,0
2025-01-12 02:15,6,2,4,0,0,0
2025-01-12 02:30,12,2,10,0,0,0
2025-01-12 02:45,5,2,3,0,0,0
2025-01-12 03:00,6,1,5,0,0,0
2025-01-12 03:15,14,1,13,0,0,0
2025-01-12 03:30,3,0,3,0,0,0
2025-01-12 03:45,5,0,5,0,0,0
2025-01-12 04:00,7,5,2,0,0,0
2025-01-12 04:15,6,0,6,0,0,0
2025-01-12 04:30,5,0,5,0,0,0
2025-01-12 04:45,1,1,0,0,0,0
2025-01-12 05:00,1,0,1,0,0,0
2025-01-12 05:15,1,1,0,0,0,0
2025-01-12 05:30,1,0,1,0,0,0
2025-01-12 05:45,2,1,1,0,0,0
2025-01-12 06:00,1,1,0,0,0,0
2025-01-12 06:15,1,1,0,0,0,0
2025-01-12 06:30,4,0,4,0,0,0
2025-01-12 06:45,0,0,0,0,0,0
2025-01-12 07:00,0,0,0,0,0,0
2025-01-12 07:15,2,2,0,0,0,0
2025-01-12 07:30,1,1,0,0,0,0
2025-01-12 07:45,6,3,3,0,0,0
2025-01-12 08:00,7,7,0,0,0,0
2025-01-12 08:15,10,6,4,0,0,0
2025-01-12 08:30,10,8,2,0,0,0
2025-01-12 08:45,12,9,3,0,0,0
2025-01-12 09:00,16,7,9,0,0,0
2025-01-12 09:15,11,8,3,0,0,0
2025-01-12 09:30,14,5,9,0,0,0
2025-01-12 09:45,44,19,25,0,0,0
2025-01-12 10:00,28,17,11,0,0,0
2025-01-12 10:15,19,14,5,0,0,0
2025-01-12 10:30,16,2,14,0,0,0
2025-01-12 10:45,34,14,20,0,0,0
2025-01-12 11:00,25,13,12,0,0,0
2025-01-12 11:15,23,10,13,0,0,0
2025-01-12 11:30,14,6,8,0,0,0
2025-01-12 11:45,30,15,15,0,0,0
2025-01-12 12:00,26,17,9,0,0,0
2025-01-12 12:15,44,28,16,0,0,0
2025-01-12 12:30,35,11,24,0,0,0
2025-01-12 12:45,53,22,31,0,0,0
2025-01-12 13:00,42,16,26,0,0,0
2025-01-12 13:15,38,18,20,0,0,0
2025-01-12 13:30,43,23,20,0,0,0
2025-01-12 13:45,46,23,23,0,0,0
2025-01-12 14:00,48,23,25,0,0,0
2025-01-12 14:15,33,13,20,0,0,0
2025-01-12 14:30,53,17,36,0,0,0
2025-01-12 14:45,49,25,24,0,0,0
2025-01-12 15:00,50,19,31,0,0,0
2025-01-12 15:15,55,22,33,0,0,0
2025-01-12 15:30,60,24,36,0,0,0
2025-01-12 15:45,49,22,27,0,0,0
2025-01-12 16:00,58,22,36,0,0,0
2025-01-12 16:15,46,19,27,0,0,0
2025-01-12 16:30,52,28,24,0,0,0
2025-01-12 16:45,53,28,25,0,0,0
2025-01-12 17:00,49,23,26,0,0,0
2025-01-12 17:15,41,15,26,0,0,0
2025-01-12 17:30,58,17,41,0,0,0
2025-01-12 17:45,63,23,40,0,0,0
2025-01-12 18:00,49,12,37,0,0,0
2025-01-12 18:15,38,15,23,0,0,0
2025-01-12 18:30,51,15,36,0,0,0
2025-01-12 18:45,43,25,18,0,0,0
2025-01-12 19:00,25,9,16,0,0,0
2025-01-12 19:15,58,25,33,0,0,0
2025-01-12 19:30,30,12,18,0,0,0
2025-01-12 19:45,33,15,18,0,0,0
2025-01-12 20:00,26,11,15,0,0,0
2025-01-12 20:15,23,6,17,0,0,0
2025-01-12 20:30,18,3,15,0,0,0
2025-01-12 20:45,18,5,13,0,0,0
2025-01-12 21:00,21,7,14,0,0,0
2025-01-12 21:15,28,5,23,0,0,0
2025-01-12 21:30,10,2,8,0,0,0
2025-01-12 21:45,16,4,12,0,0,0
2025-01-12 22:00,13,2,11,0,0,0
2025-01-12 22:15,20,6,14,0,0,0
2025-01-12 22:30,9,2,7,0,0,0
2025-01-12 22:45,11,3,8,0,0,0
2025-01-12 23:00,6,2,4,0,0,0
2025-01-12 23:15,8,2,6,0,0,0
2025-01-12 23:30,3,1,2,0,0,0
2025-01-12 23:45,8,5,3,0,0,0
2025-01-13 00:00,4,1,3,0,0,0
2025-01-13 00:15,2,0,2,0,0,0
2025-01-13 00:30,0,0,0,0,0,0
2025-01-13 00:45,2,1,1,0,0,0
2025-01-13 01:00,2,0,2,0,0,0
2025-01-13 01:15,0,0,0,0,0,0
2025-01-13 01:30,0,0,0,0,0,0
2025-01-13 01:45,3,0,3,0,0,0
2025-01-13 02:00,0,0,0,0,0,0
2025-01-13 02:15,3,0,3,0,0,0
2025-01-13 02:30,0,0,0,0,0,0
2025-01-13 02:45,0,0,0,0,0,0
2025-01-13 03:00,0,0,0,0,0,0
2025-01-13 03:15,0,0,0,0,0,0
2025-01-13 03:30,0,0,0,0,0,0
2025-01-13 03:45,0,0,0,0,0,0
2025-01-13 04:00,1,1,0,0,0,0
2025-01-13 04:15,0,0,0,0,0,0
2025-01-13 04:30,0,0,0,0,0,0
2025-01-13 04:45,0,0,0,0,0,0
2025-01-13 05:00,1,1,0,0,0,0
2025-01-13 05:15,3,1,2,0,0,0
2025-01-13 05:30,5,2,3,0,0,0
2025-01-13 05:45,8,4,4,0,0,0
2025-01-13 06:00,6,2,4,0,0,0
2025-01-13 06:15,16,9,7,0,0,0
2025-01-13 06:30,22,10,12,0,0,0
2025-01-13 06:45,29,18,11,0,0,0
2025-01-13 07:00,40,18,22,0,0,0
2025-01-13 07:15,79,47,32,0,0,0
2025-01-13 07:30,174,108,66,0,0,0
2025-01-13 07:45,118,81,37,0,0,0
2025-01-13 08:00,116,73,43,0,0,0
2025-01-13 08:15,92,58,34,0,0,0
2025-01-13 08:30,93,61,32,0,0,0
2025-01-13 08:45,76,51,25,0,0,0
2025-01-13 09:00,60,38,22,0,0,0
2025-01-13 09:15,48,30,18,0,0,0
2025-01-13 09:30,59,38,21,0,0,0
2025-01-13 09:45,69,32,37,0,0,0
2025-01-13 10:00,154,74,80,0,0,0
2025-01-13 10:15,73,30,43,0,0,0
2025-01-13 10:30,46,26,20,0,0,0
2025-01-13 10:45,42,17,25,0,0,0
2025-01-13 11:00,46,26,20,0,0,0
2025-01-13 11:15,38,17,21,0,0,0
2025-01-13 11:30,68,19,49,0,0,0
2025-01-13 11:45,173,57,116,0,0,0
2025-01-13 12:00,186,59,127,0,0,0
2025-01-13 12:15,162,66,96,0,0,0
2025-01-13 12:30,172,76,96,0,0,0
2025-01-13 12:45,153,64,89,0,0,0
2025-01-13 13:00,210,74,136,0,0,0
2025-01-13 13:15,141,42,99,0,0,0
2025-01-13 13:30,154,62,92,0,0,0
2025-01-13 13:45,275,131,144,0,0,0
2025-01-13 14:00,218,94,124,0,0,0
2025-01-13 14:15,133,75,58,0,0,0
2025-01-13 14:30,105,60,45,0,0,0
2025-01-13 14:45,115,76,39,0,0,0
2025-01-13 15:00,95,34,61,0,0,0
2025-01-13 15:15,101,51,50,0,0,0
2025-01-13 15:30,83,34,49,0,0,0
2025-01-13 15:45,267,147,120,0,0,0
2025-01-13 16:00,169,86,83,0,0,0
2025-01-13 16:15,126,40,86,0,0,0
2025-01-13 16:30,128,61,67,0,0,0
2025-01-13 16:45,115,39,76,0,0,0
2025-01-13 17:00,123,40,83,0,0,0
2025-01-13 17:15,108,32,76,0,0,0
2025-01-13 17:30,127,41,86,0,0,0
2025-01-13 17:45,162,52,110,0,0,0
2025-01-13 18:00,102,25,77,0,0,0
2025-01-13 18:15,113,31,82,0,0,0
2025-01-13 18:30,95,31,64,0,0,0
2025-01-13 18:45,79,20,59,0,0,0
2025-01-13 19:00,78,23,55,0,0,0
2025-01-13 19:15,66,20,46,0,0,0
2025-01-13 19:30,70,25,45,0,0,0
2025-01-13 19:45,89,37,52,0,0,0
2025-01-13 20:00,50,16,34,0,0,0
2025-01-13 20:15,38,14,24,0,0,0
2025-01-13 20:30,24,8,16,0,0,0
2025-01-13 20:45,34,13,21,0,0,0
2025-01-13 21:00,44,25,19,0,0,0
2025-01-13 21:15,37,9,28,0,0,0
2025-01-13 21:30,26,5,21,0,0,0
2025-01-13 21:45,36,7,29,0,0,0
2025-01-13 22:00,31,7,24,0,0,0
2025-01-13 22:15,16,3,13,0,0,0
2025-01-13 22:30,15,3,12,0,0,0
2025-01-13 22:45,24,2,22,0,0,0
2025-01-13 23:00,16,2,14,0,0,0
2025-01-13 23:15,12,1,11,0,0,0
2025-01-13 23:30,4,0,4,0,0,0
2025-01-13 23:45,7,2,5,0,0,0
2025-01-14 00:00,1,0,1,0,0,0
2025-01-14 00:15,2,0,2,0,0,0
2025-01-14 00:30,2,0,2,0,0,0
2025-01-14 00:45,1,0,1,0,0,0
2025-01-14 01:00,1,0,1,0,0,0
2025-01-14 01:15,2,0,2,0,0,0
2025-01-14 01:30,1,1,0,0,0,0
2025-01-14 01:45,3,0,3,0,0,0
2025-01-14 02:00,0,0,0,0,0,0
2025-01-14 02:15,0,0,0,0,0,0
2025-01-14 02:30,0,0,0,0,0,0
2025-01-14 02:45,2,0,2,0,0,0
2025-01-14 03:00,1,0,1,0,0,0
2025-01-14 03:15,0,0,0,0,0,0
2025-01-14 03:30,0,0,0,0,0,0
2025-01-14 03:45,3,1,2,0,0,0
2025-01-14 04:00,0,0,0,0,0,0
2025-01-14 04:15,0,0,0,0,0,0
2025-01-14 04:30,0,0,0,0,0,0
2025-01-14 04:45,0,0,0,0,0,0
2025-01-14 05:00,0,0,0,0,0,0
2025-01-14 05:15,8,5,3,0,0,0
2025-01-14 05:30,7,5,2,0,0,0
2025-01-14 05:45,12,5,7,0,0,0
2025-01-14 06:00,3,1,2,0,0,0
2025-01-14 06:15,19,13,6,0,0,0
2025-01-14 06:30,19,9,10,0,0,0
2025-01-14 06:45,22,14,8,0,0,0
2025-01-14 07:00,52,27,25,0,0,0
2025-01-14 07:15,87,49,38,0,0,0
2025-01-14 07:30,153,106,47,0,0,0
2025-01-14 07:45,132,75,57,0,0,0
2025-01-14 08:00,148,91,57,0,0,0
2025-01-14 08:15,114,71,43,0,0,0
2025-01-14 08:30,90,60,30,0,0,0
2025-01-14 08:45,77,54,23,0,0,0
2025-01-14 09:00,58,39,19,0,0,0
2025-01-14 09:15,51,31,20,0,0,0
2025-01-14 09:30,54,33,21,0,0,0
2025-01-14 09:45,107,49,58,0,0,0
2025-01-14 10:00,173,71,102,0,0,0
2025-01-14 10:15,46,21,25,0,0,0
2025-01-14 10:30,56,25,31,0,0,0
2025-01-14 10:45,50,26,24,0,0,0
2025-01-14 11:00,45,22,23,0,0,0
2025-01-14 11:15,50,16,34,0,0,0
2025-01-14 11:30,85,26,59,0,0,0
2025-01-14 11:45,181,57,124,0,0,0
2025-01-14 12:00,214,62,152,0,0,0
2025-01-14 12:15,159,54,105,0,0,0
2025-01-14 12:30,142,49,93,0,0,0
2025-01-14 12:45,181,72,109,0,0,0
2025-01-14 13:00,241,61,180,0,0,0
2025-01-14 13:15,196,68,128,0,0,0
2025-01-14 13:30,186,104,82,0,0,0
2025-01-14 13:45,318,162,156,0,0,0
2025-01-14 14:00,281,147,134,0,0,0
2025-01-14 14:15,127,71,56,0,0,0
2025-01-14 14:30,125,79,46,0,0,0
2025-01-14 14:45,105,73,32,0,0,0
2025-01-14 15:00,107,52,55,0,0,0
2025-01-14 15:15,110,62,48,0,0,0
2025-01-14 15:30,127,48,79,0,0,0
2025-01-14 15:45,168,57,111,0,0,0
2025-01-14 16:00,202,59,143,0,0,0
2025-01-14 16:15,112,33,79,0,0,0
2025-01-14 16:30,93,31,62,0,0,0
2025-01-14 16:45,118,38,80,0,0,0
2025-01-14 17:00,102,23,79,0,0,0
2025-01-14 17:15,114,40,74,0,0,0
2025-01-14 17:30,113,39,74,0,0,0
2025-01-14 17:45,209,98,111,0,0,0
2025-01-14 18:00,141,43,98,0,0,0
2025-01-14 18:15,114,31,83,0,0,0
2025-01-14 18:30,99,50,49,0,0,0
2025-01-14 18:45,96,42,54,0,0,0
2025-01-14 19:00,90,28,62,0,0,0
2025-01-14 19:15,65,22,43,0,0,0
2025-01-14 19:30,76,24,52,0,0,0
2025-01-14 19:45,110,50,60,0,0,0
2025-01-14 20:00,69,22,47,0,0,0
2025-01-14 20:15,76,20,56,0,0,0
2025-01-14 20:30,41,11,30,0,0,0
2025-01-14 20:45,38,10,28,0,0,0
2025-01-14 21:00,41,4,37,0,0,0
2025-01-14 21:15,39,10,29,0,0,0
2025-01-14 21:30,37,14,23,0,0,0
2025-01-14 21:45,43,12,31,0,0,0
2025-01-14 22:00,35,4,31,0,0,0
2025-01-14 22:15,38,12,26,0,0,0
2025-01-14 22:30,35,12,23,0,0,0
2025-01-14 22:45,24,4,20,0,0,0
2025-01-14 23:00,14,1,13,0,0,0
2025-01-14 23:15,13,1,12,0,0,0
2025-01-14 23:30,14,4,10,0,0,0
2025-01-14 23:45,13,5,8,0,0,0
2025-01-15 00:00,3,1,2,0,0,0
2025-01-15 00:15,6,2,4,0,0,0
2025-01-15 00:30,1,0,1,0,0,0
2025-01-15 00:45,0,0,0,0,0,0
2025-01-15 01:00,2,1,1,0,0,0
2025-01-15 01:15,0,0,0,0,0,0
2025-01-15 01:30,7,0,7,0,0,0
2025-01-15 01:45,0,0,0,0,0,0
2025-01-15 02:00,1,0,1,0,0,0
2025-01-15 02:15,1,0,1,0,0,0
2025-01-15 02:30,1,0,1,0,0,0
2025-01-15 02:45,0,0,0,0,0,0
2025-01-15 03:00,1,0,1,0,0,0
2025-01-15 03:15,1,0,1,0,0,0
2025-01-15 03:30,0,0,0,0,0,0
2025-01-15 03:45,0,0,0,0,0,0
2025-01-15 04:00,1,1,0,0,0,0
2025-01-15 04:15,0,0,0,0,0,0
2025-01-15 04:30,0,0,0,0,0,0
2025-01-15 04:45,0,0,0,0,0,0
2025-01-15 05:00,0,0,0,0,0,0
2025-01-15 05:15,4,1,3,0,0,0
2025-01-15 05:30,8,3,5,0,0,0
2025-01-15 05:45,8,3,5,0,0,0
2025-01-15 06:00,9,4,5,0,0,0
2025-01-15 06:15,16,9,7,0,0,0
2025-01-15 06:30,18,12,6,0,0,0
2025-01-15 06:45,44,34,10,0,0,0
2025-01-15 07:00,44,24,20,0,0,0
2025-01-15 07:15,80,39,41,0,0,0
2025-01-15 07:30,169,112,57,0,0,0
2025-01-15 07:45,141,99,42,0,0,0
2025-01-15 08:00,162,93,69,0,0,0
2025-01-15 08:15,103,53,50,0,0,0
2025-01-15 08:30,105,61,44,0,0,0
2025-01-15 08:45,118,81,37,0,0,0
2025-01-15 09:00,71,48,23,0,0,0
2025-01-15 09:15,70,48,22,0,0,0
2025-01-15 09:30,56,43,13,0,0,0
2025-01-15 09:45,127,58,69,0,0,0
2025-01-15 10:00,151,79,72,0,0,0
2025-01-15 10:15,77,41,36,0,0,0
2025-01-15 10:30,46,25,21,0,0,0
2025-01-15 10:45,57,33,24,0,0,0
2025-01-15 11:00,35,21,14,0,0,0
2025-01-15 11:15,56,27,29,0,0,0
2025-01-15 11:30,78,20,58,0,0,0
2025-01-15 11:45,213,56,157,0,0,0
2025-01-15 12:00,234,67,167,0,0,0
2025-01-15 12:15,167,53,114,0,0,0
2025-01-15 12:30,174,65,109,0,0,0
2025-01-15 12:45,191,79,112,0,0,0
2025-01-15 13:00,237,108,129,0,0,0
2025-01-15 13:15,183,85,98,0,0,0
2025-01-15 13:30,162,67,95,0,0,0
2025-01-15 13:45,248,119,129,0,0,0
2025-01-15 14:00,247,111,136,0,0,0
2025-01-15 14:15,135,54,81,0,0,0
2025-01-15 14:30,89,49,40,0,0,0
2025-01-15 14:45,110,51,59,0,0,0
2025-01-15 15:00,107,41,66,0,0,0
2025-01-15 15:15,85,46,39,0,0,0
2025-01-15 15:30,126,43,83,0,0,0
2025-01-15 15:45,198,110,88,0,0,0
2025-01-15 16:00,156,59,97,0,0,0
2025-01-15 16:15,112,48,64,0,0,0
2025-01-15 16:30,119,44,75,0,0,0
2025-01-15 16:45,112,45,67,0,0,0
2025-01-15 17:00,89,27,62,0,0,0
2025-01-15 17:15,128,49,79,0,0,0
2025-01-15 17:30,109,53,56,0,0,0
2025-01-15 17:45,176,77,99,0,0,0
2025-01-15 18:00,130,37,93,0,0,0
2025-01-15 18:15,113,35,78,0,0,0
2025-01-15 18:30,89,29,60,0,0,0
2025-01-15 18:45,90,32,58,0,0,0
2025-01-15 19:00,86,25,61,0,0,0
2025-01-15 19:15,63,22,41,0,0,0
2025-01-15 19:30,89,31,58,0,0,0
2025-01-15 19:45,108,35,73,0,0,0
2025-01-15 20:00,70,23,47,0,0,0
2025-01-15 20:15,51,12,39,0,0,0
2025-01-15 20:30,47,17,30,0,0,0
2025-01-15 20:45,44,14,30,0,0,0
2025-01-15 21:00,32,12,20,0,0,0
2025-01-15 21:15,40,12,28,0,0,0
2025-01-15 21:30,20,4,16,0,0,0
2025-01-15 21:45,45,12,33,0,0,0
2025-01-15 22:00,39,9,30,0,0,0
2025-01-15 22:15,47,15,32,0,0,0
2025-01-15 22:30,44,7,37,0,0,0
2025-01-15 22:45,32,7,25,0,0,0
2025-01-15 23:00,21,3,18,0,0,0
2025-01-15 23:15,13,4,9,0,0,0
2025-01-15 23:30,17,0,17,0,0,0
2025-01-15 23:45,20,15,5,0,0,0
2025-01-16 00:00,5,1,4,0,0,0
2025-01-16 00:15,9,1,8,0,0,0
2025-01-16 00:30,2,0,2,0,0,0
2025-01-16 00:45,4,1,3,0,0,0
2025-01-16 01:00,3,0,3,0,0,0
2025-01-16 01:15,8,2,6,0,0,0
2025-01-16 01:30,3,0,3,0,0,0
2025-01-16 01:45,3,0,3,0,0,0
2025-01-16 02:00,2,1,1,0,0,0
2025-01-16 02:15,2,0,2,0,0,0
2025-01-16 02:30,1,0,1,0,0,0
2025-01-16 02:45,2,0,2,0,0,0
2025-01-16 03:00,1,0,1,0,0,0
2025-01-16 03:15,1,0,1,0,0,0
2025-01-16 03:30,1,0,1,0,0,0
2025-01-16 03:45,0,0,0,0,0,0
2025-01-16 04:00,1,0,1,0,0,0
2025-01-16 04:15,2,1,1,0,0,0
2025-01-16 04:30,0,0,0,0,0,0
2025-01-16 04:45,0,0,0,0,0,0
2025-01-16 05:00,0,0,0,0,0,0
2025-01-16 05:15,4,2,2,0,0,0
2025-01-16 05:30,9,2,7,0,0,0
2025-01-16 05:45,8,4,4,0,0,0
2025-01-16 06:00,9,4,5,0,0,0
2025-01-16 06:15,18,10,8,0,0,0
2025-01-16 06:30,21,13,8,0,0,0
2025-01-16 06:45,36,24,12,0,0,0
2025-01-16 07:00,53,27,26,0,0,0
2025-01-16 07:15,82,42,40,0,0,0
2025-01-16 07:30,179,105,74,0,0,0
2025-01-16 07:45,172,100,72,0,0,0
2025-01-16 08:00,192,83,109,0,0,0
2025-01-16 08:15,104,54,50,0,0,0
2025-01-16 08:30,108,55,53,0,0,0
2025-01-16 08:45,161,78,83,0,0,0
2025-01-16 09:00,77,49,28,0,0,0
2025-01-16 09:15,64,39,25,0,0,0
2025-01-16 09:30,60,35,25,0,0,0
2025-01-16 09:45,157,114,43,0,0,0
2025-01-16 10:00,153,84,69,0,0,0
2025-01-16 10:15,50,30,20,0,0,0
2025-01-16 10:30,55,23,32,0,0,0
2025-01-16 10:45,53,33,20,0,0,0
2025-01-16 11:00,54,32,22,0,0,0
2025-01-16 11:15,44,20,24,0,0,0
2025-01-16 11:30,81,34,47,0,0,0
2025-01-16 11:45,198,51,147,0,0,0
2025-01-16 12:00,229,63,166,0,0,0
2025-01-16 12:15,140,47,93,0,0,0
2025-01-16 12:30,171,61,110,0,0,0
2025-01-16 12:45,216,92,124,0,0,0
2025-01-16 13:00,245,85,160,0,0,0
2025-01-16 13:15,209,95,114,0,0,0
2025-01-16 13:30,219,90,129,0,0,0
2025-01-16 13:45,312,189,123,0,0,0
2025-01-16 14:00,248,133,115,0,0,0
2025-01-16 14:15,139,88,51,0,0,0
2025-01-16 14:30,100,70,30,0,0,0
2025-01-16 14:45,133,79,54,0,0,0
2025-01-16 15:00,104,46,58,0,0,0
2025-01-16 15:15,90,38,52,0,0,0
2025-01-16 15:30,102,40,62,0,0,0
2025-01-16 15:45,149,63,86,0,0,0
2025-01-16 16:00,166,66,100,0,0,0
2025-01-16 16:15,100,34,66,0,0,0
2025-01-16 16:30,97,25,72,0,0,0
2025-01-16 16:45,98,41,57,0,0,0
2025-01-16 17:00,120,42,78,0,0,0
2025-01-16 17:15,114,33,81,0,0,0
2025-01-16 17:30,127,46,81,0,0,0
2025-01-16 17:45,136,50,86,0,0,0
2025-01-16 18:00,129,37,92,0,0,0
2025-01-16 18:15,105,41,64,0,0,0
2025-01-16 18:30,102,32,70,0,0,0
2025-01-16 18:45,111,50,61,0,0,0
2025-01-16 19:00,70,19,51,0,0,0
2025-01-16 19:15,89,25,64,0,0,0
2025-01-16 19:30,83,31,52,0,0,0
2025-01-16 19:45,101,29,72,0,0,0
2025-01-16 20:00,67,30,37,0,0,0
2025-01-16 20:15,39,14,25,0,0,0
2025-01-16 20:30,53,24,29,0,0,0
2025-01-16 20:45,36,7,29,0,0,0
2025-01-16 21:00,28,6,22,0,0,0
2025-01-16 21:15,34,12,22,0,0,0
2025-01-16 21:30,33,4,29,0,0,0
2025-01-16 21:45,55,9,46,0,0,0
2025-01-16 22:00,48,12,36,0,0,0
2025-01-16 22:15,40,6,34,0,0,0
2025-01-16 22:30,34,10,24,0,0,0
2025-01-16 22:45,23,9,14,0,0,0
2025-01-16 23:00,30,11,19,0,0,0
2025-01-16 23:15,23,8,15,0,0,0
2025-01-16 23:30,16,1,15,0,0,0
2025-01-16 23:45,12,1,11,0,0,0
2025-01-17 00:00,9,0,9,0,0,0
2025-01-17 00:15,13,4,9,0,0,0
2025-01-17 00:30,3,0,3,0,0,0
2025-01-17 00:45,5,0,5,0,0,0
2025-01-17 01:00,5,0,5,0,0,0
2025-01-17 01:15,2,0,2,0,0,0
2025-01-17 01:30,2,0,2,0,0,0
2025-01-17 01:45,0,0,0,0,0,0
2025-01-17 02:00,3,1,2,0,0,0
2025-01-17 02:15,0,0,0,0,0,0
2025-01-17 02:30,0,0,0,0,0,0
2025-01-17 02:45,0,0,0,0,0,0
2025-01-17 03:00,1,0,1,0,0,0
2025-01-17 03:15,0,0,0,0,0,0
2025-01-17 03:30,1,1,0,0,0,0
2025-01-17 03:45,0,0,0,0,0,0
2025-01-17 04:00,1,1,0,0,0,0
2025-01-17 04:15,0,0,0,0,0,0
2025-01-17 04:30,1,0,1,0,0,0
2025-01-17 04:45,0,0,0,0,0,0
2025-01-17 05:00,1,0,1,0,0,0
2025-01-17 05:15,4,2,2,0,0,0
2025-01-17 05:30,6,4,2,0,0,0
2025-01-17 05:45,10,5,5,0,0,0
2025-01-17 06:00,9,4,5,0,0,0
2025-01-17 06:15,12,7,5,0,0,0
2025-01-17 06:30,23,11,12,0,0,0
2025-01-17 06:45,36,25,11,0,0,0
2025-01-17 07:00,43,23,20,0,0,0
2025-01-17 07:15,68,34,34,0,0,0
2025-01-17 07:30,147,100,47,0,0,0
2025-01-17 07:45,126,77,49,0,0,0
2025-01-17 08:00,102,71,31,0,0,0
2025-01-17 08:15,93,60,33,0,0,0
2025-01-17 08:30,65,48,17,0,0,0
2025-01-17 08:45,76,59,17,0,0,0
2025-01-17 09:00,74,54,20,0,0,0
2025-01-17 09:15,63,30,33,0,0,0
2025-01-17 09:30,50,32,18,0,0,0
2025-01-17 09:45,93,39,54,0,0,0
2025-01-17 10:00,140,53,87,0,0,0
2025-01-17 10:15,55,32,23,0,0,0
2025-01-17 10:30,41,17,24,0,0,0
2025-01-17 10:45,58,23,35,0,0,0
2025-01-17 11:00,61,31,30,0,0,0
2025-01-17 11:15,54,21,33,0,0,0
2025-01-17 11:30,76,23,53,0,0,0
2025-01-17 11:45,163,59,104,0,0,0
2025-01-17 12:00,158,44,114,0,0,0
2025-01-17 12:15,172,48,124,0,0,0
2025-01-17 12:30,183,78,105,0,0,0
2025-01-17 12:45,228,112,116,0,0,0
2025-01-17 13:00,239,79,160,0,0,0
2025-01-17 13:15,178,68,110,0,0,0
2025-01-17 13:30,160,64,96,0,0,0
2025-01-17 13:45,195,89,106,0,0,0
2025-01-17 14:00,187,102,85,0,0,0
2025-01-17 14:15,127,58,69,0,0,0
2025-01-17 14:30,110,62,48,0,0,0
2025-01-17 14:45,113,64,49,0,0,0
2025-01-17 15:00,94,41,53,0,0,0
2025-01-17 15:15,82,28,54,0,0,0
2025-01-17 15:30,92,38,54,0,0,0
2025-01-17 15:45,112,64,48,0,0,0
2025-01-17 16:00,86,34,52,0,0,0
2025-01-17 16:15,97,42,55,0,0,0
2025-01-17 16:30,75,25,50,0,0,0
2025-01-17 16:45,83,25,58,0,0,0
2025-01-17 17:00,93,32,61,0,0,0
2025-01-17 17:15,89,23,66,0,0,0
2025-01-17 17:30,84,21,63,0,0,0
2025-01-17 17:45,101,35,66,0,0,0
2025-01-17 18:00,87,21,66,0,0,0
2025-01-17 18:15,100,26,74,0,0,0
2025-01-17 18:30,88,25,63,0,0,0
2025-01-17 18:45,110,43,67,0,0,0
2025-01-17 19:00,86,39,47,0,0,0
2025-01-17 19:15,70,22,48,0,0,0
2025-01-17 19:30,36,10,26,0,0,0
2025-01-17 19:45,55,29,26,0,0,0
2025-01-17 20:00,53,21,32,0,0,0
2025-01-17 20:15,45,16,29,0,0,0
2025-01-17 20:30,40,19,21,0,0,0
2025-01-17 20:45,32,14,18,0,0,0
2025-01-17 21:00,27,12,15,0,0,0
2025-01-17 21:15,25,3,22,0,0,0
2025-01-17 21:30,21,5,16,0,0,0
2025-01-17 21:45,24,8,16,0,0,0
2025-01-17 22:00,45,13,32,0,0,0
2025-01-17 22:15,20,4,16,0,0,0
2025-01-17 22:30,43,11,32,0,0,0
2025-01-17 22:45,26,5,21,0,0,0
2025-01-17 23:00,17,1,16,0,0,0
2025-01-17 23:15,29,8,21,0,0,0
2025-01-17 23:30,23,3,20,0,0,0
2025-01-17 23:45,21,4,17,0,0,0
2025-01-18 00:00,16,1,15,0,0,0
2025-01-18 00:15,22,4,18,0,0,0
2025-01-18 00:30,12,1,11,0,0,0
2025-01-18 00:45,24,4,20,0,0,0
2025-01-18 01:00,13,4,9,0,0,0
2025-01-18 01:15,15,4,11,0,0,0
2025-01-18 01:30,7,3,4,0,0,0
2025-01-18 01:45,10,2,8,0,0,0
2025-01-18 02:00,5,1,4,0,0,0
2025-01-18 02:15,3,2,1,0,0,0
2025-01-18 02:30,5,0,5,0,0,0
2025-01-18 02:45,6,3,3,0,0,0
2025-01-18 03:00,5,4,1,0,0,0
2025-01-18 03:15,10,6,4,0,0,0
2025-01-18 03:30,4,0,4,0,0,0
2025-01-18 03:45,6,2,4,0,0,0
2025-01-18 04:00,2,1,1,0,0,0
2025-01-18 04:15,3,0,3,0,0,0
2025-01-18 04:30,1,0,1,0,0,0
2025-01-18 04:45,7,3,4,0,0,0
2025-01-18 05:00,0,0,0,0,0,0
2025-01-18 05:15,4,1,3,0,0,0
2025-01-18 05:30,7,7,0,0,0,0
2025-01-18 05:45,0,0,0,0,0,0
2025-01-18 06:00,3,2,1,0,0,0
2025-01-18 06:15,1,0,1,0,0,0
2025-01-18 06:30,5,3,2,0,0,0
2025-01-18 06:45,1,1,0,0,0,0
2025-01-18 07:00,4,3,1,0,0,0
2025-01-18 07:15,1,1,0,0,0,0
2025-01-18 07:30,4,3,1,0,0,0
2025-01-18 07:45,29,26,3,0,0,0
2025-01-18 08:00,32,24,8,0,0,0
2025-01-18 08:15,24,15,9,0,0,0
2025-01-18 08:30,20,10,10,0,0,0
2025-01-18 08:45,60,25,35,0,0,0
2025-01-18 09:00,44,33,11,0,0,0
2025-01-18 09:15,43,23,20,0,0,0
2025-01-18 09:30,58,33,25,0,0,0
2025-01-18 09:45,94,52,42,0,0,0
2025-01-18 10:00,36,18,18,0,0,0
2025-01-18 10:15,48,27,21,0,0,0
2025-01-18 10:30,64,37,27,0,0,0
2025-01-18 10:45,50,29,21,0,0,0
2025-01-18 11:00,72,44,28,0,0,0
2025-01-18 11:15,63,47,16,0,0,0
2025-01-18 11:30,63,34,29,0,0,0
2025-01-18 11:45,100,71,29,0,0,0
2025-01-18 12:00,87,47,40,0,0,0
2025-01-18 12:15,83,47,36,0,0,0
2025-01-18 12:30,70,36,34,0,0,0
2025-01-18 12:45,94,44,50,0,0,0
2025-01-18 13:00,74,42,32,0,0,0
2025-01-18 13:15,86,40,46,0,0,0
2025-01-18 13:30,84,28,56,0,0,0
2025-01-18 13:45,78,29,49,0,0,0
2025-01-18 14:00,85,30,55,0,0,0
2025-01-18 14:15,84,36,48,0,0,0
2025-01-18 14:30,66,22,44,0,0,0
2025-01-18 14:45,93,31,62,0,0,0
2025-01-18 15:00,70,23,47,0,0,0
2025-01-18 15:15,80,17,63,0,0,0
2025-01-18 15:30,68,20,48,0,0,0
2025-01-18 15:45,69,19,50,0,0,0
2025-01-18 16:00,82,35,47,0,0,0
2025-01-18 16:15,99,42,57,0,0,0
2025-01-18 16:30,63,31,32,0,0,0
2025-01-18 16:45,70,30,40,0,0,0
2025-01-18 17:00,58,26,32,0,0,0
2025-01-18 17:15,60,24,36,0,0,0
2025-01-18 17:30,51,18,33,0,0,0
2025-01-18 17:45,64,27,37,0,0,0
2025-01-18 18:00,53,21,32,0,0,0
2025-01-18 18:15,55,25,30,0,0,0
2025-01-18 18:30,35,10,25,0,0,0
2025-01-18 18:45,53,23,30,0,0,0
2025-01-18 19:00,45,23,22,0,0,0
2025-01-18 19:15,27,11,16,0,0,0
2025-01-18 19:30,39,15,24,0,0,0
2025-01-18 19:45,40,15,25,0,0,0
2025-01-18 20:00,40,14,26,0,0,0
2025-01-18 20:15,22,7,15,0,0,0
2025-01-18 20:30,20,10,10,0,0,0
2025-01-18 20:45,40,15,25,0,0,0
2025-01-18 21:00,19,7,12,0,0,0
2025-01-18 21:15,30,13,17,0,0,0
2025-01-18 21:30,21,2,19,0,0,0
2025-01-18 21:45,27,9,18,0,0,0
2025-01-18 22:00,23,5,18,0,0,0
2025-01-18 22:15,27,7,20,0,0,0
2025-01-18 22:30,41,6,35,0,0,0
2025-01-18 22:45,25,1,24,0,0,0
2025-01-18 23:00,36,8,28,0,0,0
2025-01-18 23:15,22,3,19,0,0,0
2025-01-18 23:30,11,2,9,0,0,0
2025-01-18 23:45,13,1,12,0,0,0
2025-01-19 00:00,14,3,11,0,0,0
2025-01-19 00:15,23,2,21,0,0,0
2025-01-19 00:30,37,12,25,0,0,0
2025-01-19 00:45,21,7,14,0,0,0
2025-01-19 01:00,34,15,19,0,0,0
2025-01-19 01:15,20,4,16,0,0,0
2025-01-19 01:30,8,4,4,0,0,0
2025-01-19 01:45,10,4,6,0,0,0
2025-01-19 02:00,6,0,6,0,0,0
2025-01-19 02:15,10,5,5,0,0,0
2025-01-19 02:30,8,1,7,0,0,0
2025-01-19 02:45,7,2,5,0,0,0
2025-01-19 03:00,4,1,3,0,0,0
2025-01-19 03:15,4,1,3,0,0,0
2025-01-19 03:30,5,0,5,0,0,0
2025-01-19 03:45,1,1,0,0,0,0
2025-01-19 04:00,6,1,5,0,0,0
2025-01-19 04:15,3,1,2,0,0,0
2025-01-19 04:30,1,0,1,0,0,0
2025-01-19 04:45,2,1,1,0,0,0
2025-01-19 05:00,1,0,1,0,0,0
2025-01-19 05:15,3,0,3,0,0,0
2025-01-19 05:30,3,1,2,0,0,0
2025-01-19 05:45,2,0,2,0,0,0
2025-01-19 06:00,4,1,3,0,0,0
2025-01-19 06:15,4,2,2,0,0,0
2025-01-19 06:30,2,2,0,0,0,0
2025-01-19 06:45,1,1,0,0,0,0
2025-01-19 07:00,0,0,0,0,0,0
2025-01-19 07:15,1,1,0,0,0,0
2025-01-19 07:30,5,3,2,0,0,0
2025-01-19 07:45,7,7,0,0,0,0
2025-01-19 08:00,16,12,4,0,0,0
2025-01-19 08:15,8,7,1,0,0,0
2025-01-19 08:30,9,6,3,0,0,0
2025-01-19 08:45,14,12,2,0,0,0
2025-01-19 09:00,9,3,6,0,0,0
2025-01-19 09:15,14,5,9,0,0,0
2025-01-19 09:30,22,15,7,0,0,0
2025-01-19 09:45,43,29,14,0,0,0
2025-01-19 10:00,14,10,4,0,0,0
2025-01-19 10:15,21,14,7,0,0,0
2025-01-19 10:30,32,19,13,0,0,0
2025-01-19 10:45,25,15,10,0,0,0
2025-01-19 11:00,22,11,11,0,0,0
2025-01-19 11:15,23,11,12,0,0,0
2025-01-19 11:30,33,13,20,0,0,0
2025-01-19 11:45,25,12,13,0,0,0
2025-01-19 12:00,26,13,13,0,0,0
2025-01-19 12:15,30,18,12,0,0,0
2025-01-19 12:30,35,15,20,0,0,0
2025-01-19 12:45,47,21,26,0,0,0
2025-01-19 13:00,32,14,18,0,0,0
2025-01-19 13:15,27,8,19,0,0,0
2025-01-19 13:30,42,18,24,0,0,0
2025-01-19 13:45,41,18,23,0,0,0
2025-01-19 14:00,29,10,19,0,0,0
2025-01-19 14:15,35,19,16,0,0,0
2025-01-19 14:30,25,14,11,0,0,0
2025-01-19 14:45,41,15,26,0,0,0
2025-01-19 15:00,55,25,30,0,0,0
2025-01-19 15:15,45,13,32,0,0,0
2025-01-19 15:30,31,17,14,0,0,0
2025-01-19 15:45,45,18,27,0,0,0
2025-01-19 16:00,41,20,21,0,0,0
2025-01-19 16:15,38,17,21,0,0,0
2025-01-19 16:30,47,18,29,0,0,0
2025-01-19 16:45,50,22,28,0,0,0
2025-01-19 17:00,33,14,19,0,0,0
2025-01-19 17:15,47,14,33,0,0,0
2025-01-19 17:30,50,19,31,0,0,0
2025-01-19 17:45,58,18,40,0,0,0
2025-01-19 18:00,22,12,10,0,0,0
2025-01-19 18:15,40,13,27,0,0,0
2025-01-19 18:30,38,12,26,0,0,0
2025-01-19 18:45,50,23,27,0,0,0
2025-01-19 19:00,35,13,22,0,0,0
2025-01-19 19:15,31,9,22,0,0,0
2025-01-19 19:30,32,11,21,0,0,0
2025-01-19 19:45,32,10,22,0,0,0
2025-01-19 20:00,20,12,8,0,0,0
2025-01-19 20:15,31,9,22,0,0,0
2025-01-19 20:30,23,5,18,0,0,0
2025-01-19 20:45,37,13,24,0,0,0
2025-01-19 21:00,19,4,15,0,0,0
2025-01-19 21:15,17,3,14,0,0,0
2025-01-19 21:30,14,2,12,0,0,0
2025-01-19 21:45,19,2,17,0,0,0
2025-01-19 22:00,22,4,18,0,0,0
2025-01-19 22:15,14,3,11,0,0,0
2025-01-19 22:30,9,3,6,0,0,0
2025-01-19 22:45,11,2,9,0,0,0
2025-01-19 23:00,4,1,3,0,0,0
2025-01-19 23:15,3,0,3,0,0,0
2025-01-19 23:30,5,2,3,0,0,0
2025-01-19 23:45,7,3,4,0,0,0
2025-01-20 00:00,3,1,2,0,0,0
2025-01-20 00:15,4,0,4,0,0,0
2025-01-20 00:30,2,1,1,0,0,0
2025-01-20 00:45,2,0,2,0,0,0
2025-01-20 01:00,1,0,1,0,0,0
2025-01-20 01:15,0,0,0,0,0,0
2025-01-20 01:30,1,0,1,0,0,0
2025-01-20 01:45,2,0,2,0,0,0
2025-01-20 02:00,2,2,0,0,0,0
2025-01-20 02:15,0,0,0,0,0,0
2025-01-20 02:30,2,0,2,0,0,0
2025-01-20 02:45,0,0,0,0,0,0
2025-01-20 03:00,0,0,0,0,0,0
2025-01-20 03:15,0,0,0,0,0,0
2025-01-20 03:30,1,1,0,0,0,0
2025-01-20 03:45,1,0,1,0,0,0
2025-01-20 04:00,1,1,0,0,0,0
2025-01-20 04:15,0,0,0,0,0,0
2025-01-20 04:30,3,3,0,0,0,0
2025-01-20 04:45,0,0,0,0,0,0
2025-01-20 05:00,1,1,0,0,0,0
2025-01-20 05:15,1,0,1,0,0,0
2025-01-20 05:30,8,4,4,0,0,0
2025-01-20 05:45,12,5,7,0,0,0
2025-01-20 06:00,8,5,3,0,0,0
2025-01-20 06:15,13,5,8,0,0,0
2025-01-20 06:30,21,8,13,0,0,0
2025-01-20 06:45,37,28,9,0,0,0
2025-01-20 07:00,48,25,23,0,0,0
2025-01-20 07:15,82,44,38,0,0,0
2025-01-20 07:30,175,111,64,0,0,0
2025-01-20 07:45,103,71,32,0,0,0
2025-01-20 08:00,127,86,41,0,0,0
2025-01-20 08:15,111,68,43,0,0,0
2025-01-20 08:30,75,47,28,0,0,0
2025-01-20 08:45,96,64,32,0,0,0
2025-01-20 09:00,63,39,24,0,0,0
2025-01-20 09:15,58,29,29,0,0,0
2025-01-20 09:30,74,26,48,0,0,0
2025-01-20 09:45,156,43,113,0,0,0
2025-01-20 10:00,218,60,158,0,0,0
2025-01-20 10:15,47,25,22,0,0,0
2025-01-20 10:30,48,20,28,0,0,0
2025-01-20 10:45,45,25,20,0,0,0
2025-01-20 11:00,48,22,26,0,0,0
2025-01-20 11:15,115,84,31,0,0,0
2025-01-20 11:30,108,52,56,0,0,0
2025-01-20 11:45,170,57,113,0,0,0
2025-01-20 12:00,168,59,109,0,0,0
2025-01-20 12:15,188,94,94,0,0,0
2025-01-20 12:30,177,74,103,0,0,0
2025-01-20 12:45,207,114,93,0,0,0
2025-01-20 13:00,180,59,121,0,0,0
2025-01-20 13:15,200,73,127,0,0,0
2025-01-20 13:30,176,66,110,0,0,0
2025-01-20 13:45,216,123,93,0,0,0
2025-01-20 14:00,230,113,117,0,0,0
2025-01-20 14:15,120,63,57,0,0,0
2025-01-20 14:30,90,54,36,0,0,0
2025-01-20 14:45,96,53,43,0,0,0
2025-01-20 15:00,81,25,56,0,0,0
2025-01-20 15:15,82,36,46,0,0,0
2025-01-20 15:30,83,25,58,0,0,0
2025-01-20 15:45,194,112,82,0,0,0
2025-01-20 16:00,153,66,87,0,0,0
2025-01-20 16:15,116,42,74,0,0,0
2025-01-20 16:30,93,32,61,0,0,0
2025-01-20 16:45,102,35,67,0,0,0
2025-01-20 17:00,110,34,76,0,0,0
2025-01-20 17:15,96,26,70,0,0,0
2025-01-20 17:30,115,36,79,0,0,0
2025-01-20 17:45,127,59,68,0,0,0
2025-01-20 18:00,120,34,86,0,0,0
2025-01-20 18:15,107,33,74,0,0,0
2025-01-20 18:30,75,20,55,0,0,0
2025-01-20 18:45,79,34,45,0,0,0
2025-01-20 19:00,76,28,48,0,0,0
2025-01-20 19:15,69,17,52,0,0,0
2025-01-20 19:30,60,7,53,0,0,0
2025-01-20 19:45,84,30,54,0,0,0
2025-01-20 20:00,54,15,39,0,0,0
2025-01-20 20:15,31,6,25,0,0,0
2025-01-20 20:30,34,4,30,0,0,0
2025-01-20 20:45,47,20,27,0,0,0
2025-01-20 21:00,43,15,28,0,0,0
2025-01-20 21:15,24,6,18,0,0,0
2025-01-20 21:30,28,6,22,0,0,0
2025-01-20 21:45,35,5,30,0,0,0
2025-01-20 22:00,30,11,19,0,0,0
2025-01-20 22:15,29,7,22,0,0,0
2025-01-20 22:30,25,5,20,0,0,0
2025-01-20 22:45,18,4,14,0,0,0
2025-01-20 23:00,11,4,7,0,0,0
2025-01-20 23:15,10,4,6,0,0,0
2025-01-20 23:30,12,3,9,0,0,0
2025-01-20 23:45,3,1,2,0,0,0
2025-01-21 00:00,5,0,5,0,0,0
2025-01-21 00:15,3,0,3,0,0,0
2025-01-21 00:30,5,2,3,0,0,0
2025-01-21 00:45,2,0,2,0,0,0
2025-01-21 01:00,2,0,2,0,0,0
2025-01-21 01:15,1,1,0,0,0,0
2025-01-21 01:30,0,0,0,0,0,0
2025-01-21 01:45,2,0,2,0,0,0
2025-01-21 02:00,2,0,2,0,0,0
2025-01-21 02:15,0,0,0,0,0,0
2025-01-21 02:30,0,0,0,0,0,0
2025-01-21 02:45,0,0,0,0,0,0
2025-01-21 03:00,1,0,1,0,0,0
2025-01-21 03:15,1,0,1,0,0,0
2025-01-21 03:30,0,0,0,0,0,0
2025-01-21 03:45,0,0,0,0,0,0
2025-01-21 04:00,1,1,0,0,0,0
2025-01-21 04:15,0,0,0,0,0,0
2025-01-21 04:30,1,1,0,0,0,0
2025-01-21 04:45,0,0,0,0,0,0
2025-01-21 05:00,2,1,1,0,0,0
2025-01-21 05:15,4,3,1,0,0,0
2025-01-21 05:30,5,3,2,0,0,0
2025-01-21 05:45,9,5,4,0,0,0
2025-01-21 06:00,10,4,6,0,0,0
2025-01-21 06:15,16,10,6,0,0,0
2025-01-21 06:30,27,14,13,0,0,0
2025-01-21 06:45,25,18,7,0,0,0
2025-01-21 07:00,51,28,23,0,0,0
2025-01-21 07:15,76,46,30,0,0,0
2025-01-21 07:30,178,104,74,0,0,0
2025-01-21 07:45,158,99,59,0,0,0
2025-01-21 08:00,134,83,51,0,0,0
2025-01-21 08:15,142,94,48,0,0,0
2025-01-21 08:30,92,57,35,0,0,0
2025-01-21 08:45,81,49,32,0,0,0
2025-01-21 09:00,66,49,17,0,0,0
2025-01-21 09:15,52,30,22,0,0,0
2025-01-21 09:30,67,40,27,0,0,0
2025-01-21 09:45,118,62,56,0,0,0
2025-01-21 10:00,131,53,78,0,0,0
2025-01-21 10:15,55,27,28,0,0,0
2025-01-21 10:30,56,31,25,0,0,0
2025-01-21 10:45,49,25,24,0,0,0
2025-01-21 11:00,44,14,30,0,0,0
2025-01-21 11:15,68,28,40,0,0,0
2025-01-21 11:30,93,34,59,0,0,0
2025-01-21 11:45,192,45,147,0,0,0
2025-01-21 12:00,203,59,144,0,0,0
2025-01-21 12:15,148,64,84,0,0,0
2025-01-21 12:30,171,69,102,0,0,0
2025-01-21 12:45,214,70,144,0,0,0
2025-01-21 13:00,241,79,162,0,0,0
2025-01-21 13:15,189,75,114,0,0,0
2025-01-21 13:30,153,75,78,0,0,0
2025-01-21 13:45,316,176,140,0,0,0
2025-01-21 14:00,271,136,135,0,0,0
2025-01-21 14:15,124,68,56,0,0,0
2025-01-21 14:30,138,75,63,0,0,0
2025-01-21 14:45,123,82,41,0,0,0
2025-01-21 15:00,114,42,72,0,0,0
2025-01-21 15:15,106,27,79,0,0,0
2025-01-21 15:30,132,56,76,0,0,0
2025-01-21 15:45,158,52,106,0,0,0
2025-01-21 16:00,169,49,120,0,0,0
2025-01-21 16:15,110,36,74,0,0,0
2025-01-21 16:30,95,37,58,0,0,0
2025-01-21 16:45,118,39,79,0,0,0
2025-01-21 17:00,117,35,82,0,0,0
2025-01-21 17:15,101,34,67,0,0,0
2025-01-21 17:30,128,53,75,0,0,0
2025-01-21 17:45,162,65,97,0,0,0
2025-01-21 18:00,150,73,77,0,0,0
2025-01-21 18:15,140,54,86,0,0,0
2025-01-21 18:30,89,44,45,0,0,0
2025-01-21 18:45,95,48,47,0,0,0
2025-01-21 19:00,73,18,55,0,0,0
2025-01-21 19:15,82,25,57,0,0,0
2025-01-21 19:30,76,21,55,0,0,0
2025-01-21 19:45,79,31,48,0,0,0
2025-01-21 20:00,72,25,47,0,0,0
2025-01-21 20:15,61,16,45,0,0,0
2025-01-21 20:30,47,14,33,0,0,0
2025-01-21 20:45,45,10,35,0,0,0
2025-01-21 21:00,43,8,35,0,0,0
2025-01-21 21:15,35,11,24,0,0,0
2025-01-21 21:30,34,8,26,0,0,0
2025-01-21 21:45,29,6,23,0,0,0
2025-01-21 22:00,33,9,24,0,0,0
2025-01-21 22:15,43,13,30,0,0,0
2025-01-21 22:30,16,7,9,0,0,0
2025-01-21 22:45,27,5,22,0,0,0
2025-01-21 23:00,30,4,26,0,0,0
2025-01-21 23:15,21,5,16,0,0,0
2025-01-21 23:30,13,4,9,0,0,0
2025-01-21 23:45,4,1,3,0,0,0
2025-01-22 00:00,4,0,4,0,0,0
2025-01-22 00:15,3,0,3,0,0,0
2025-01-22 00:30,4,0,4,0,0,0
2025-01-22 00:45,4,0,4,0,0,0
2025-01-22 01:00,7,0,7,0,0,0
2025-01-22 01:15,4,0,4,0,0,0
2025-01-22 01:30,3,0,3,0,0,0
2025-01-22 01:45,3,0,3,0,0,0
2025-01-22 02:00,2,1,1,0,0,0
2025-01-22 02:15,0,0,0,0,0,0
2025-01-22 02:30,1,0,1,0,0,0
2025-01-22 02:45,1,0,1,0,0,0
2025-01-22 03:00,0,0,0,0,0,0
2025-01-22 03:15,0,0,0,0,0,0
2025-01-22 03:30,0,0,0,0,0,0
2025-01-22 03:45,0,0,0,0,0,0
2025-01-22 04:00,0,0,0,0,0,0
2025-01-22 04:15,0,0,0,0,0,0
2025-01-22 04:30,1,0,1,0,0,0
2025-01-22 04:45,2,2,0,0,0,0
2025-01-22 05:00,2,2,0,0,0,0
2025-01-22 05:15,0,0,0,0,0,0
2025-01-22 05:30,5,2,3,0,0,0
2025-01-22 05:45,11,6,5,0,0,0
2025-01-22 06:00,7,2,5,0,0,0
2025-01-22 06:15,20,12,8,0,0,0
2025-01-22 06:30,26,12,14,0,0,0
2025-01-22 06:45,34,24,10,0,0,0
2025-01-22 07:00,49,30,19,0,0,0
2025-01-22 07:15,73,44,29,0,0,0
2025-01-22 07:30,169,100,69,0,0,0
2025-01-22 07:45,174,114,60,0,0,0
2025-01-22 08:00,139,88,51,0,0,0
2025-01-22 08:15,109,62,47,0,0,0
2025-01-22 08:30,89,55,34,0,0,0
2025-01-22 08:45,93,66,27,0,0,0
2025-01-22 09:00,75,54,21,0,0,0
2025-01-22 09:15,65,40,25,0,0,0
2025-01-22 09:30,67,43,24,0,0,0
2025-01-22 09:45,123,58,65,0,0,0
2025-01-22 10:00,133,63,70,0,0,0
2025-01-22 10:15,63,33,30,0,0,0
2025-01-22 10:30,45,25,20,0,0,0
2025-01-22 10:45,61,26,35,0,0,0
2025-01-22 11:00,53,29,24,0,0,0
2025-01-22 11:15,64,24,40,0,0,0
2025-01-22 11:30,95,32,63,0,0,0
2025-01-22 11:45,237,47,190,0,0,0
2025-01-22 12:00,240,77,163,0,0,0
2025-01-22 12:15,194,69,125,0,0,0
2025-01-22 12:30,176,85,91,0,0,0
2025-01-22 12:45,186,80,106,0,0,0
2025-01-22 13:00,270,99,171,0,0,0
2025-01-22 13:15,215,95,120,0,0,0
2025-01-22 13:30,185,82,103,0,0,0
2025-01-22 13:45,275,143,132,0,0,0
2025-01-22 14:00,238,121,117,0,0,0
2025-01-22 14:15,168,90,78,0,0,0
2025-01-22 14:30,127,73,54,0,0,0
2025-01-22 14:45,132,83,49,0,0,0
2025-01-22 15:00,96,43,53,0,0,0
2025-01-22 15:15,91,42,49,0,0,0
2025-01-22 15:30,124,56,68,0,0,0
2025-01-22 15:45,131,48,83,0,0,0
2025-01-22 16:00,149,51,98,0,0,0
2025-01-22 16:15,132,57,75,0,0,0
2025-01-22 16:30,111,42,69,0,0,0
2025-01-22 16:45,103,32,71,0,0,0
2025-01-22 17:00,93,29,64,0,0,0
2025-01-22 17:15,116,38,78,0,0,0
2025-01-22 17:30,126,52,74,0,0,0
2025-01-22 17:45,143,62,81,0,0,0
2025-01-22 18:00,139,40,99,0,0,0
2025-01-22 18:15,112,36,76,0,0,0
2025-01-22 18:30,83,29,54,0,0,0
2025-01-22 18:45,83,24,59,0,0,0
2025-01-22 19:00,98,23,75,0,0,0
2025-01-22 19:15,103,25,78,0,0,0
2025-01-22 19:30,73,26,47,0,0,0
2025-01-22 19:45,93,40,53,0,0,0
2025-01-22 20:00,59,17,42,0,0,0
2025-01-22 20:15,53,20,33,0,0,0
2025-01-22 20:30,42,13,29,0,0,0
2025-01-22 20:45,43,15,28,0,0,0
2025-01-22 21:00,25,7,18,0,0,0
2025-01-22 21:15,31,6,25,0,0,0
2025-01-22 21:30,38,16,22,0,0,0
2025-01-22 21:45,34,12,22,0,0,0
2025-01-22 22:00,44,3,41,0,0,0
2025-01-22 22:15,43,12,31,0,0,0
2025-01-22 22:30,40,12,28,0,0,0
2025-01-22 22:45,28,3,25,0,0,0
2025-01-22 23:00,18,5,13,0,0,0
2025-01-22 23:15,15,1,14,0,0,0
2025-01-22 23:30,14,5,9,0,0,0
2025-01-22 23:45,13,3,10,0,0,0
2025-01-23 00:00,5,1,4,0,0,0
2025-01-23 00:15,10,3,7,0,0,0
2025-01-23 00:30,8,6,2,0,0,0
2025-01-23 00:45,7,0,7,0,0,0
2025-01-23 01:00,6,0,6,0,0,0
2025-01-23 01:15,3,1,2,0,0,0
2025-01-23 01:30,2,0,2,0,0,0
2025-01-23 01:45,4,0,4,0,0,0
2025-01-23 02:00,0,0,0,0,0,0
2025-01-23 02:15,0,0,0,0,0,0
2025-01-23 02:30,0,0,0,0,0,0
2025-01-23 02:45,1,0,1,0,0,0
2025-01-23 03:00,0,0,0,0,0,0
2025-01-23 03:15,1,0,1,0,0,0
2025-01-23 03:30,3,0,3,0,0,0
2025-01-23 03:45,0,0,0,0,0,0
2025-01-23 04:00,1,1,0,0,0,0
2025-01-23 04:15,1,0,1,0,0,0
2025-01-23 04:30,0,0,0,0,0,0
2025-01-23 04:45,1,0,1,0,0,0
2025-01-23 05:00,2,2,0,0,0,0
2025-01-23 05:15,2,1,1,0,0,0
2025-01-23 05:30,6,4,2,0,0,0
2025-01-23 05:45,7,5,2,0,0,0
2025-01-23 06:00,6,3,3,0,0,0
2025-01-23 06:15,16,11,5,0,0,0
2025-01-23 06:30,24,11,13,0,0,0
2025-01-23 06:45,27,20,7,0,0,0
2025-01-23 07:00,36,20,16,0,0,0
2025-01-23 07:15,63,31,32,0,0,0
2025-01-23 07:30,168,104,64,0,0,0
2025-01-23 07:45,128,78,50,0,0,0
2025-01-23 08:00,166,82,84,0,0,0
2025-01-23 08:15,83,54,29,0,0,0
2025-01-23 08:30,82,47,35,0,0,0
2025-01-23 08:45,88,57,31,0,0,0
2025-01-23 09:00,74,49,25,0,0,0
2025-01-23 09:15,68,40,28,0,0,0
2025-01-23 09:30,65,44,21,0,0,0
2025-01-23 09:45,131,93,38,0,0,0
2025-01-23 10:00,145,85,60,0,0,0
2025-01-23 10:15,61,29,32,0,0,0
2025-01-23 10:30,46,27,19,0,0,0
2025-01-23 10:45,42,17,25,0,0,0
2025-01-23 11:00,49,28,21,0,0,0
2025-01-23 11:15,48,22,26,0,0,0
2025-01-23 11:30,80,20,60,0,0,0
2025-01-23 11:45,143,37,106,0,0,0
2025-01-23 12:00,224,53,171,0,0,0
2025-01-23 12:15,175,56,119,0,0,0
2025-01-23 12:30,167,66,101,0,0,0
2025-01-23 12:45,189,81,108,0,0,0
2025-01-23 13:00,211,66,145,0,0,0
2025-01-23 13:15,176,77,99,0,0,0
2025-01-23 13:30,166,87,79,0,0,0
2025-01-23 13:45,285,163,122,0,0,0
2025-01-23 14:00,193,88,105,0,0,0
2025-01-23 14:15,126,62,64,0,0,0
2025-01-23 14:30,95,58,37,0,0,0
2025-01-23 14:45,118,64,54,0,0,0
2025-01-23 15:00,82,34,48,0,0,0
2025-01-23 15:15,85,33,52,0,0,0
2025-01-23 15:30,107,44,63,0,0,0
2025-01-23 15:45,151,58,93,0,0,0
2025-01-23 16:00,133,45,88,0,0,0
2025-01-23 16:15,98,40,58,0,0,0
2025-01-23 16:30,100,35,65,0,0,0
2025-01-23 16:45,121,55,66,0,0,0
2025-01-23 17:00,120,37,83,0,0,0
2025-01-23 17:15,110,41,69,0,0,0
2025-01-23 17:30,102,43,59,0,0,0
2025-01-23 17:45,146,50,96,0,0,0
2025-01-23 18:00,118,36,82,0,0,0
2025-01-23 18:15,113,35,78,0,0,0
2025-01-23 18:30,114,27,87,0,0,0
2025-01-23 18:45,102,38,64,0,0,0
2025-01-23 19:00,81,17,64,0,0,0
2025-01-23 19:15,64,18,46,0,0,0
2025-01-23 19:30,64,22,42,0,0,0
2025-01-23 19:45,68,14,54,0,0,0
2025-01-23 20:00,52,22,30,0,0,0
2025-01-23 20:15,59,29,30,0,0,0
2025-01-23 20:30,38,10,28,0,0,0
2025-01-23 20:45,34,7,27,0,0,0
2025-01-23 21:00,40,12,28,0,0,0
2025-01-23 21:15,37,9,28,0,0,0
2025-01-23 21:30,23,6,17,0,0,0
2025-01-23 21:45,41,18,23,0,0,0
2025-01-23 22:00,46,20,26,0,0,0
2025-01-23 22:15,32,6,26,0,0,0
2025-01-23 22:30,38,8,30,0,0,0
2025-01-23 22:45,21,6,15,0,0,0
2025-01-23 23:00,22,4,18,0,0,0
2025-01-23 23:15,20,5,15,0,0,0
2025-01-23 23:30,4,2,2,0,0,0
2025-01-23 23:45,14,4,10,0,0,0
2025-01-24 00:00,10,0,10,0,0,0
2025-01-24 00:15,7,1,6,0,0,0
2025-01-24 00:30,4,2,2,0,0,0
2025-01-24 00:45,3,0,3,0,0,0
2025-01-24 01:00,5,2,3,0,0,0
2025-01-24 01:15,3,0,3,0,0,0
2025-01-24 01:30,2,0,2,0,0,0
2025-01-24 01:45,5,0,5,0,0,0
2025-01-24 02:00,1,0,1,0,0,0
2025-01-24 02:15,3,0,3,0,0,0
2025-01-24 02:30,1,0,1,0,0,0
2025-01-24 02:45,0,0,0,0,0,0
2025-01-24 03:00,0,0,0,0,0,0
2025-01-24 03:15,1,0,1,0,0,0
2025-01-24 03:30,2,1,1,0,0,0
2025-01-24 03:45,1,0,1,0,0,0
2025-01-24 04:00,1,1,0,0,0,0
2025-01-24 04:15,1,0,1,0,0,0
2025-01-24 04:30,1,1,0,0,0,0
2025-01-24 04:45,0,0,0,0,0,0
2025-01-24 05:00,2,2,0,0,0,0
2025-01-24 05:15,3,1,2,0,0,0
2025-01-24 05:30,9,4,5,0,0,0
2025-01-24 05:45,9,4,5,0,0,0
2025-01-24 06:00,5,2,3,0,0,0
2025-01-24 06:15,16,10,6,0,0,0
2025-01-24 06:30,20,11,9,0,0,0
2025-01-24 06:45,33,27,6,0,0,0
2025-01-24 07:00,32,23,9,0,0,0
2025-01-24 07:15,64,27,37,0,0,0
2025-01-24 07:30,144,85,59,0,0,0
2025-01-24 07:45,147,91,56,0,0,0
2025-01-24 08:00,102,70,32,0,0,0
2025-01-24 08:15,67,43,24,0,0,0
2025-01-24 08:30,55,30,25,0,0,0
2025-01-24 08:45,75,46,29,0,0,0
2025-01-24 09:00,67,46,21,0,0,0
2025-01-24 09:15,54,40,14,0,0,0
2025-01-24 09:30,67,37,30,0,0,0
2025-01-24 09:45,98,57,41,0,0,0
2025-01-24 10:00,96,46,50,0,0,0
2025-01-24 10:15,48,17,31,0,0,0
2025-01-24 10:30,56,29,27,0,0,0
2025-01-24 10:45,62,37,25,0,0,0
2025-01-24 11:00,48,19,29,0,0,0
2025-01-24 11:15,65,21,44,0,0,0
2025-01-24 11:30,79,27,52,0,0,0
2025-01-24 11:45,133,58,75,0,0,0
2025-01-24 12:00,165,51,114,0,0,0
2025-01-24 12:15,130,46,84,0,0,0
2025-01-24 12:30,157,59,98,0,0,0
2025-01-24 12:45,191,71,120,0,0,0
2025-01-24 13:00,225,62,163,0,0,0
2025-01-24 13:15,192,61,131,0,0,0
2025-01-24 13:30,145,68,77,0,0,0
2025-01-24 13:45,227,132,95,0,0,0
2025-01-24 14:00,165,81,84,0,0,0
2025-01-24 14:15,125,61,64,0,0,0
2025-01-24 14:30,101,53,48,0,0,0
2025-01-24 14:45,120,74,46,0,0,0
2025-01-24 15:00,91,36,55,0,0,0
2025-01-24 15:15,72,29,43,0,0,0
2025-01-24 15:30,69,26,43,0,0,0
2025-01-24 15:45,82,33,49,0,0,0
2025-01-24 16:00,64,25,39,0,0,0
2025-01-24 16:15,56,16,40,0,0,0
2025-01-24 16:30,64,20,44,0,0,0
2025-01-24 16:45,60,20,40,0,0,0
2025-01-24 17:00,68,27,41,0,0,0
2025-01-24 17:15,94,24,70,0,0,0
2025-01-24 17:30,73,24,49,0,0,0
2025-01-24 17:45,76,24,52,0,0,0
2025-01-24 18:00,81,18,63,0,0,0
2025-01-24 18:15,76,25,51,0,0,0
2025-01-24 18:30,63,28,35,0,0,0
2025-01-24 18:45,88,32,56,0,0,0
2025-01-24 19:00,65,26,39,0,0,0
2025-01-24 19:15,43,20,23,0,0,0
2025-01-24 19:30,47,26,21,0,0,0
2025-01-24 19:45,39,17,22,0,0,0
2025-01-24 20:00,48,23,25,0,0,0
2025-01-24 20:15,43,14,29,0,0,0
2025-01-24 20:30,24,12,12,0,0,0
2025-01-24 20:45,44,12,32,0,0,0
2025-01-24 21:00,39,14,25,0,0,0
2025-01-24 21:15,16,7,9,0,0,0
2025-01-24 21:30,23,5,18,0,0,0
2025-01-24 21:45,26,11,15,0,0,0
2025-01-24 22:00,35,15,20,0,0,0
2025-01-24 22:15,29,15,14,0,0,0
2025-01-24 22:30,34,4,30,0,0,0
2025-01-24 22:45,24,2,22,0,0,0
2025-01-24 23:00,19,2,17,0,0,0
2025-01-24 23:15,11,3,8,0,0,0
2025-01-24 23:30,25,3,22,0,0,0
2025-01-24 23:45,17,2,15,0,0,0
2025-01-25 00:00,37,8,29,0,0,0
2025-01-25 00:15,11,3,8,0,0,0
2025-01-25 00:30,12,1,11,0,0,0
2025-01-25 00:45,21,1,20,0,0,0
2025-01-25 01:00,22,4,18,0,0,0
2025-01-25 01:15,14,1,13,0,0,0
2025-01-25 01:30,7,1,6,0,0,0
2025-01-25 01:45,8,2,6,0,0,0
2025-01-25 02:00,11,2,9,0,0,0
2025-01-25 02:15,9,1,8,0,0,0
2025-01-25 02:30,7,0,7,0,0,0
2025-01-25 02:45,9,1,8,0,0,0
2025-01-25 03:00,10,1,9,0,0,0
2025-01-25 03:15,7,0,7,0,0,0
2025-01-25 03:30,3,0,3,0,0,0
2025-01-25 03:45,3,0,3,0,0,0
2025-01-25 04:00,2,1,1,0,0,0
2025-01-25 04:15,0,0,0,0,0,0
2025-01-25 04:30,2,2,0,0,0,0
2025-01-25 04:45,2,0,2,0,0,0
2025-01-25 05:00,1,1,0,0,0,0
2025-01-25 05:15,3,2,1,0,0,0
2025-01-25 05:30,3,2,1,0,0,0
2025-01-25 05:45,3,3,0,0,0,0
2025-01-25 06:00,1,0,1,0,0,0
2025-01-25 06:15,2,1,1,0,0,0
2025-01-25 06:30,2,2,0,0,0,0
2025-01-25 06:45,1,1,0,0,0,0
2025-01-25 07:00,4,2,2,0,0,0
2025-01-25 07:15,2,2,0,0,0,0
2025-01-25 07:30,8,6,2,0,0,0
2025-01-25 07:45,33,31,2,0,0,0
2025-01-25 08:00,20,16,4,0,0,0
2025-01-25 08:15,23,17,6,0,0,0
2025-01-25 08:30,20,14,6,0,0,0
2025-01-25 08:45,30,16,14,0,0,0
2025-01-25 09:00,27,19,8,0,0,0
2025-01-25 09:15,26,13,13,0,0,0
2025-01-25 09:30,51,33,18,0,0,0
2025-01-25 09:45,56,34,22,0,0,0
2025-01-25 10:00,44,21,23,0,0,0
2025-01-25 10:15,48,31,17,0,0,0
2025-01-25 10:30,36,22,14,0,0,0
2025-01-25 10:45,53,30,23,0,0,0
2025-01-25 11:00,32,18,14,0,0,0
2025-01-25 11:15,28,14,14,0,0,0
2025-01-25 11:30,30,9,21,0,0,0
2025-01-25 11:45,46,18,28,0,0,0
2025-01-25 12:00,38,19,19,0,0,0
2025-01-25 12:15,43,17,26,0,0,0
2025-01-25 12:30,40,25,15,0,0,0
2025-01-25 12:45,59,22,37,0,0,0
2025-01-25 13:00,49,21,28,0,0,0
2025-01-25 13:15,46,14,32,0,0,0
2025-01-25 13:30,41,14,27,0,0,0
2025-01-25 13:45,74,41,33,0,0,0
2025-01-25 14:00,52,27,25,0,0,0
2025-01-25 14:15,53,27,26,0,0,0
2025-01-25 14:30,59,29,30,0,0,0
2025-01-25 14:45,53,29,24,0,0,0
2025-01-25 15:00,64,31,33,0,0,0
2025-01-25 15:15,62,19,43,0,0,0
2025-01-25 15:30,44,15,29,0,0,0
2025-01-25 15:45,75,25,50,0,0,0
2025-01-25 16:00,65,24,41,0,0,0
2025-01-25 16:15,56,22,34,0,0,0
2025-01-25 16:30,47,14,33,0,0,0
2025-01-25 16:45,77,30,47,0,0,0
2025-01-25 17:00,50,13,37,0,0,0
2025-01-25 17:15,66,14,52,0,0,0
2025-01-25 17:30,47,20,27,0,0,0
2025-01-25 17:45,63,30,33,0,0,0
2025-01-25 18:00,50,14,36,0,0,0
2025-01-25 18:15,50,17,33,0,0,0
2025-01-25 18:30,30,7,23,0,0,0
2025-01-25 18:45,49,28,21,0,0,0
2025-01-25 19:00,48,20,28,0,0,0
2025-01-25 19:15,40,20,20,0,0,0
2025-01-25 19:30,33,13,20,0,0,0
2025-01-25 19:45,37,16,21,0,0,0
2025-01-25 20:00,28,4,24,0,0,0
2025-01-25 20:15,49,13,36,0,0,0
2025-01-25 20:30,21,8,13,0,0,0
2025-01-25 20:45,16,4,12,0,0,0
2025-01-25 21:00,21,7,14,0,0,0
2025-01-25 21:15,13,4,9,0,0,0
2025-01-25 21:30,22,11,11,0,0,0
2025-01-25 21:45,25,3,22,0,0,0
2025-01-25 22:00,18,4,14,0,0,0
2025-01-25 22:15,18,5,13,0,0,0
2025-01-25 22:30,29,5,24,0,0,0
2025-01-25 22:45,24,3,21,0,0,0
2025-01-25 23:00,21,7,14,0,0,0
2025-01-25 23:15,22,7,15,0,0,0
2025-01-25 23:30,19,3,16,0,0,0
2025-01-25 23:45,19,9,10,0,0,0
2025-01-26 00:00,17,6,11,0,0,0
2025-01-26 00:15,19,8,11,0,0,0
2025-01-26 00:30,14,4,10,0,0,0
2025-01-26 00:45,15,1,14,0,0,0
2025-01-26 01:00,9,4,5,0,0,0
2025-01-26 01:15,18,7,11,0,0,0
2025-01-26 01:30,12,2,10,0,0,0
2025-01-26 01:45,5,0,5,0,0,0
2025-01-26 02:00,11,6,5,0,0,0
2025-01-26 02:15,9,2,7,0,0,0
2025-01-26 02:30,7,0,7,0,0,0
2025-01-26 02:45,4,0,4,0,0,0
2025-01-26 03:00,1,0,1,0,0,0
2025-01-26 03:15,2,0,2,0,0,0
2025-01-26 03:30,3,0,3,0,0,0
2025-01-26 03:45,1,0,1,0,0,0
2025-01-26 04:00,6,0,6,0,0,0
2025-01-26 04:15,2,0,2,0,0,0
2025-01-26 04:30,2,1,1,0,0,0
2025-01-26 04:45,3,0,3,0,0,0
2025-01-26 05:00,1,1,0,0,0,0
2025-01-26 05:15,1,1,0,0,0,0
2025-01-26 05:30,0,0,0,0,0,0
2025-01-26 05:45,5,3,2,0,0,0
2025-01-26 06:00,1,0,1,0,0,0
2025-01-26 06:15,1,1,0,0,0,0
2025-01-26 06:30,1,1,0,0,0,0
2025-01-26 06:45,1,0,1,0,0,0
2025-01-26 07:00,3,0,3,0,0,0
2025-01-26 07:15,0,0,0,0,0,0
2025-01-26 07:30,3,3,0,0,0,0
2025-01-26 07:45,24,23,1,0,0,0
2025-01-26 08:00,8,8,0,0,0,0
2025-01-26 08:15,5,4,1,0,0,0
2025-01-26 08:30,12,10,2,0,0,0
2025-01-26 08:45,12,7,5,0,0,0
2025-01-26 09:00,8,3,5,0,0,0
2025-01-26 09:15,17,10,7,0,0,0
2025-01-26 09:30,18,15,3,0,0,0
2025-01-26 09:45,42,25,17,0,0,0
2025-01-26 10:00,31,15,16,0,0,0
2025-01-26 10:15,22,11,11,0,0,0
2025-01-26 10:30,12,4,8,0,0,0
2025-01-26 10:45,29,14,15,0,0,0
2025-01-26 11:00,19,8,11,0,0,0
2025-01-26 11:15,25,9,16,0,0,0
2025-01-26 11:30,21,9,12,0,0,0
2025-01-26 11:45,25,13,12,0,0,0
2025-01-26 12:00,31,14,17,0,0,0
2025-01-26 12:15,39,19,20,0,0,0
2025-01-26 12:30,20,10,10,0,0,0
2025-01-26 12:45,46,11,35,0,0,0
2025-01-26 13:00,32,12,20,0,0,0
2025-01-26 13:15,49,27,22,0,0,0
2025-01-26 13:30,32,12,20,0,0,0
2025-01-26 13:45,49,25,24,0,0,0
2025-01-26 14:00,41,18,23,0,0,0
2025-01-26 14:15,45,12,33,0,0,0
2025-01-26 14:30,47,21,26,0,0,0
2025-01-26 14:45,55,25,30,0,0,0
2025-01-26 15:00,40,18,22,0,0,0
2025-01-26 15:15,51,24,27,0,0,0
2025-01-26 15:30,38,13,25,0,0,0
2025-01-26 15:45,52,19,33,0,0,0
2025-01-26 16:00,39,7,32,0,0,0
2025-01-26 16:15,44,15,29,0,0,0
2025-01-26 16:30,36,17,19,0,0,0
2025-01-26 16:45,36,14,22,0,0,0
2025-01-26 17:00,31,9,22,0,0,0
2025-01-26 17:15,49,15,34,0,0,0
2025-01-26 17:30,49,24,25,0,0,0
2025-01-26 17:45,60,23,37,0,0,0
2025-01-26 18:00,38,14,24,0,0,0
2025-01-26 18:15,41,16,25,0,0,0
2025-01-26 18:30,42,10,32,0,0,0
2025-01-26 18:45,38,12,26,0,0,0
2025-01-26 19:00,34,10,24,0,0,0
2025-01-26 19:15,34,13,21,0,0,0
2025-01-26 19:30,27,7,20,0,0,0
2025-01-26 19:45,31,5,26,0,0,0
2025-01-26 20:00,28,9,19,0,0,0
2025-01-26 20:15,21,4,17,0,0,0
2025-01-26 20:30,21,6,15,0,0,0
2025-01-26 20:45,15,7,8,0,0,0
2025-01-26 21:00,17,4,13,0,0,0
2025-01-26 21:15,16,6,10,0,0,0
2025-01-26 21:30,24,4,20,0,0,0
2025-01-26 21:45,16,5,11,0,0,0
2025-01-26 22:00,15,0,15,0,0,0
2025-01-26 22:15,10,2,8,0,0,0
2025-01-26 22:30,5,1,4,0,0,0
2025-01-26 22:45,13,2,11,0,0,0
2025-01-26 23:00,13,4,9,0,0,0
2025-01-26 23:15,3,0,3,0,0,0
2025-01-26 23:30,7,3,4,0,0,0
2025-01-26 23:45,3,1,2,0,0,0
2025-01-27 00:00,2,1,1,0,0,0
2025-01-27 00:15,2,1,1,0,0,0
2025-01-27 00:30,0,0,0,0,0,0
2025-01-27 00:45,2,1,1,0,0,0
2025-01-27 01:00,1,0,1,0,0,0
2025-01-27 01:15,4,0,4,0,0,0
2025-01-27 01:30,1,0,1,0,0,0
2025-01-27 01:45,0,0,0,0,0,0
2025-01-27 02:00,1,0,1,0,0,0
2025-01-27 02:15,0,0,0,0,0,0
2025-01-27 02:30,0,0,0,0,0,0
2025-01-27 02:45,0,0,0,0,0,0
2025-01-27 03:00,0,0,0,0,0,0
2025-01-27 03:15,0,0,0,0,0,0
2025-01-27 03:30,2,1,1,0,0,0
2025-01-27 03:45,0,0,0,0,0,0
2025-01-27 04:00,1,1,0,0,0,0
2025-01-27 04:15,0,0,0,0,0,0
2025-01-27 04:30,0,0,0,0,0,0
2025-01-27 04:45,0,0,0,0,0,0
